Protein_code1_0,Protein_code1_1,Protein_code1_2,Protein_code1_3,Protein_code1_4,Protein_code1_5,Protein_code1_6,Protein_code1_7,Protein_code1_8,Protein_code1_9,Protein_code1_10,Protein_code1_11,Protein_code1_12,Protein_code1_13,Protein_code1_14,Protein_code1_15,Protein_code1_16,Protein_code1_17,Protein_code1_18,Protein_code1_19,Protein_code1_20,Protein_code1_21,Protein_code1_22,Protein_code1_23,Protein_code1_24,Protein_code1_25,Protein_code1_26,Protein_code1_27,Protein_code1_28,Protein_code1_29,Protein_code1_30,Protein_code1_31,Protein_code1_32,Protein_code1_33,Protein_code1_34,Protein_code1_35,Protein_code1_36,Protein_code1_37,Protein_code1_38,Protein_code1_39,Protein_code1_40,Protein_code1_41,Protein_code1_42,Protein_code1_43,Protein_code1_44,Protein_code1_45,Protein_code1_46,Protein_code1_47,Protein_code1_48,Protein_code1_49,Protein_code1_50,Protein_code1_51,Protein_code1_52,Protein_code1_53,Protein_code1_54,Protein_code1_55,Protein_code1_56,Protein_code1_57,Protein_code1_58,Protein_code1_59,Protein_code1_60,Protein_code1_61,Protein_code1_62,Protein_code1_63,Protein_code1_64,Protein_code1_65,Protein_code1_66,Protein_code1_67,Protein_code1_68,Protein_code1_69,Protein_code1_70,Protein_code1_71,Protein_code1_72,Protein_code1_73,Protein_code1_74,Protein_code1_75,Protein_code1_76,Protein_code1_77,Protein_code1_78,Protein_code1_79,Protein_code1_80,Protein_code1_81,Protein_code1_82,Protein_code1_83,Protein_code1_84,Protein_code1_85,Protein_code1_86,Protein_code1_87,Protein_code1_88,Protein_code1_89,Protein_code1_90,Protein_code1_91,Protein_code1_92,Protein_code1_93,Protein_code1_94,Protein_code1_95,Protein_code1_96,Protein_code1_97,Protein_code1_98,Protein_code1_99,Protein_code1_100,Protein_code1_101,Protein_code1_102,Protein_code1_103,Protein_code1_104,Protein_code1_105,Protein_code1_106,Protein_code1_107,Protein_code1_108,Protein_code1_109,Protein_code1_110,Protein_code1_111,Protein_code1_112,Protein_code1_113,Protein_code1_114,Protein_code1_115,Protein_code1_116,Protein_code1_117,Protein_code1_118,Protein_code1_119,Protein_code1_120,Protein_code1_121,Protein_code1_122,Protein_code1_123,Protein_code1_124,Protein_code1_125,Protein_code1_126,Protein_code1_127,Protein_code1_128,Protein_code1_129,Protein_code1_130,Protein_code1_131,Protein_code1_132,Protein_code1_133,Protein_code1_134,Protein_code1_135,Protein_code1_136,Protein_code1_137,Protein_code1_138,Protein_code1_139,Protein_code1_140,Protein_code1_141,Protein_code1_142,Protein_code1_143,Protein_code1_144,Protein_code1_145,Protein_code1_146,Protein_code1_147,Protein_code1_148,Protein_code1_149,Protein_code1_150,Protein_code1_151,Protein_code1_152,Protein_code1_153,Protein_code1_154,Protein_code1_155,Protein_code1_156,Protein_code1_157,Protein_code1_158,Protein_code1_159,Protein_code1_160,Protein_code1_161,Protein_code1_162,Protein_code1_163,Protein_code1_164,Protein_code1_165,Protein_code1_166,Protein_code1_167,Protein_code1_168,Protein_code1_169,Protein_code1_170,Protein_code1_171,Protein_code1_172,Protein_code1_173,Protein_code1_174,Protein_code1_175,Protein_code1_176,Protein_code1_177,Protein_code1_178,Protein_code1_179,Protein_code1_180,Protein_code1_181,Protein_code1_182,Protein_code1_183,Protein_code1_184,Protein_code1_185,Protein_code1_186,Protein_code1_187,Protein_code1_188,Protein_code1_189,Protein_code1_190,Protein_code1_191,Protein_code1_192,Protein_code1_193,Protein_code1_194,Protein_code1_195,Protein_code1_196,Protein_code1_197,Protein_code1_198,Protein_code1_199,Protein_code1_200,Protein_code1_201,Protein_code1_202,Protein_code1_203,Protein_code1_204,Protein_code1_205,Protein_code1_206,Protein_code1_207,Protein_code1_208,Protein_code1_209,Protein_code1_210,Protein_code1_211,Protein_code1_212,Protein_code1_213,Protein_code1_214,Protein_code1_215,Protein_code1_216,Protein_code1_217,Protein_code1_218,Protein_code1_219,Protein_code1_220,Protein_code1_221,Protein_code1_222,Protein_code1_223,Protein_code1_224,Protein_code1_225,Protein_code1_226,Protein_code1_227,Protein_code1_228,Protein_code1_229,Protein_code1_230,Protein_code1_231,Protein_code1_232,Protein_code1_233,Protein_code1_234,Protein_code1_235,Protein_code1_236,Protein_code1_237,Protein_code1_238,Protein_code1_239,Protein_code1_240,Protein_code1_241,Protein_code1_242,Protein_code1_243,Protein_code1_244,Protein_code1_245,Protein_code1_246,Protein_code1_247,Protein_code1_248,Protein_code1_249,Protein_code1_250,Protein_code1_251,Protein_code1_252,Protein_code1_253,Protein_code1_254,Protein_code1_255,Protein_code1_256,Protein_code1_257,Protein_code1_258,Protein_code1_259,Protein_code1_260,Protein_code1_261,Protein_code1_262,Protein_code1_263,Protein_code1_264,Protein_code1_265,Protein_code1_266,Protein_code1_267,Protein_code1_268,Protein_code1_269,Protein_code1_270,Protein_code1_271,Protein_code1_272,Protein_code1_273,Protein_code1_274,Protein_code1_275,Protein_code1_276,Protein_code1_277,Protein_code1_278,Protein_code1_279,Protein_code1_280,Protein_code1_281,Protein_code1_282,Protein_code1_283,Protein_code1_284,Protein_code1_285,Protein_code1_286,Protein_code1_287,Protein_code1_288,Protein_code1_289,Protein_code1_290,Protein_code1_291,Protein_code1_292,Protein_code1_293,Protein_code1_294,Protein_code1_295,Protein_code1_296,Protein_code1_297,Protein_code1_298,Protein_code1_299,Protein_code1_300,Protein_code1_301,Protein_code1_302,Protein_code1_303,Protein_code1_304,Protein_code1_305,Protein_code1_306,Protein_code1_307,Protein_code1_308,Protein_code1_309,Protein_code1_310,Protein_code1_311,Protein_code1_312,Protein_code1_313,Protein_code1_314,Protein_code1_315,Protein_code1_316,Protein_code1_317,Protein_code1_318,Protein_code1_319,Protein_code1_320,Protein_code1_321,Protein_code1_322,Protein_code1_323,Protein_code1_324,Protein_code1_325,Protein_code1_326,Protein_code1_327,Protein_code1_328,Protein_code1_329,Protein_code1_330,Protein_code1_331,Protein_code1_332,Protein_code1_333,Protein_code1_334,Protein_code1_335,Protein_code1_336,Protein_code1_337,Protein_code1_338,Protein_code1_339,Protein_code1_340,Protein_code1_341,Protein_code1_342,Protein_code1_343,Protein_code1_344,Protein_code1_345,Protein_code1_346,Protein_code1_347,Protein_code1_348,Protein_code1_349,Protein_code1_350,Protein_code1_351,Protein_code1_352,Protein_code1_353,Protein_code1_354,Protein_code1_355,Protein_code1_356,Protein_code1_357,Protein_code1_358,Protein_code1_359,Protein_code1_360,Protein_code1_361,Protein_code1_362,Protein_code1_363,Protein_code1_364,Protein_code1_365,Protein_code1_366,Protein_code1_367,Protein_code1_368,Protein_code1_369,Protein_code1_370,Protein_code1_371,Protein_code1_372,Protein_code1_373,Protein_code1_374,Protein_code1_375,Protein_code1_376,Protein_code1_377,Protein_code1_378,Protein_code1_379,Protein_code1_380,Protein_code1_381,Protein_code1_382,Protein_code1_383,Protein_code1_384,Protein_code1_385,Protein_code1_386,Protein_code1_387,Protein_code1_388,Protein_code1_389,Protein_code1_390,Protein_code1_391,Protein_code1_392,Protein_code1_393,Protein_code1_394,Protein_code1_395,Protein_code1_396,Protein_code1_397,Protein_code1_398,Protein_code1_399,Protein_code1_400,Protein_code1_401,Protein_code1_402,Protein_code1_403,Protein_code1_404,Protein_code1_405,Protein_code1_406,Protein_code1_407,Protein_code1_408,Protein_code1_409,Protein_code1_410,Protein_code1_411,Protein_code1_412,Protein_code1_413,Protein_code1_414,Protein_code1_415,Protein_code1_416,Protein_code1_417,Protein_code1_418,Protein_code1_419,Protein_code1_420,Protein_code1_421,Protein_code1_422,Protein_code1_423,Protein_code1_424,Protein_code1_425,Protein_code1_426,Protein_code1_427,Protein_code1_428,Protein_code1_429,Protein_code1_430,Protein_code1_431,Protein_code1_432,Protein_code1_433,Protein_code1_434,Protein_code1_435,Protein_code1_436,Protein_code1_437,Protein_code1_438,Protein_code1_439,Protein_code1_440,Protein_code1_441,Protein_code1_442,Protein_code1_443,Protein_code1_444,Protein_code1_445,Protein_code1_446,Protein_code1_447,Protein_code1_448,Protein_code1_449,Protein_code1_450,Protein_code1_451,Protein_code1_452,Protein_code1_453,Protein_code1_454,Protein_code1_455,Protein_code1_456,Protein_code1_457,Protein_code1_458,Protein_code1_459,Protein_code1_460,Protein_code1_461,Protein_code1_462,Protein_code1_463,Protein_code1_464,Protein_code1_465,Protein_code1_466,Protein_code1_467,Protein_code1_468,Protein_code1_469,Protein_code1_470,Protein_code1_471,Protein_code1_472,Protein_code1_473,Protein_code1_474,Protein_code1_475,Protein_code1_476,Protein_code1_477,Protein_code1_478,Protein_code1_479,Protein_code1_480,Protein_code1_481,Protein_code1_482,Protein_code1_483,Protein_code1_484,Protein_code1_485,Protein_code1_486,Protein_code1_487,Protein_code1_488,Protein_code1_489,Protein_code1_490,Protein_code1_491,Protein_code1_492,Protein_code1_493,Protein_code1_494,Protein_code1_495,Protein_code1_496,Protein_code1_497,Protein_code1_498,Protein_code1_499,Protein_code1_500,Protein_code1_501,Protein_code1_502,Protein_code1_503,Protein_code1_504,Protein_code1_505,Protein_code1_506,Protein_code1_507,Protein_code1_508,Protein_code1_509,Protein_code1_510,Protein_code1_511,Protein_code1_512,Protein_code1_513,Protein_code1_514,Protein_code1_515,Protein_code1_516,Protein_code1_517,Protein_code1_518,Protein_code1_519,Protein_code1_520,Protein_code1_521,Protein_code1_522,Protein_code1_523,Protein_code1_524,Protein_code1_525,Protein_code1_526,Protein_code1_527,Protein_code1_528,Protein_code1_529,Protein_code1_530,Protein_code1_531,Protein_code1_532,Protein_code1_533,Protein_code1_534,Protein_code1_535,Protein_code1_536,Protein_code1_537,Protein_code1_538,Protein_code1_539,Protein_code1_540,Protein_code1_541,Protein_code1_542,Protein_code1_543,Protein_code1_544,Protein_code1_545,Protein_code1_546,Protein_code1_547,Protein_code1_548,Protein_code1_549,Protein_code1_550,Protein_code1_551,Protein_code1_552,Protein_code1_553,Protein_code1_554,Protein_code1_555,Protein_code1_556,Protein_code1_557,Protein_code1_558,Protein_code1_559,Protein_code1_560,Protein_code1_561,Protein_code1_562,Protein_code1_563,Protein_code1_564,Protein_code1_565,Protein_code1_566,Protein_code1_567,Protein_code1_568,Protein_code1_569,Protein_code1_570,Protein_code1_571,Protein_code1_572,Protein_code1_573,Protein_code1_574,Protein_code1_575,Protein_code1_576,Protein_code1_577,Protein_code1_578,Protein_code1_579,Protein_code1_580,Protein_code1_581,Protein_code1_582,Protein_code1_583,Protein_code1_584,Protein_code1_585,Protein_code1_586,Protein_code1_587,Protein_code1_588,Protein_code1_589,Protein_code1_590,Protein_code1_591,Protein_code1_592,Protein_code1_593,Protein_code1_594,Protein_code1_595,Protein_code1_596,Protein_code1_597,Protein_code1_598,Protein_code1_599,Protein_code1_600,Protein_code1_601,Protein_code1_602,Protein_code1_603,Protein_code1_604,Protein_code1_605,Protein_code1_606,Protein_code1_607,Protein_code1_608,Protein_code1_609,Protein_code1_610,Protein_code1_611,Protein_code1_612,Protein_code1_613,Protein_code1_614,Protein_code1_615,Protein_code1_616,Protein_code1_617,Protein_code1_618,Protein_code1_619,Protein_code1_620,Protein_code1_621,Protein_code1_622,Protein_code1_623,Protein_code1_624,Protein_code1_625,Protein_code1_626,Protein_code1_627,Protein_code1_628,Protein_code1_629,Protein_code1_630,Protein_code1_631,Protein_code1_632,Protein_code1_633,Protein_code1_634,Protein_code1_635,Protein_code1_636,Protein_code1_637,Protein_code1_638,Protein_code1_639,Protein_code1_640,Protein_code1_641,Protein_code1_642,Protein_code1_643,Protein_code1_644,Protein_code1_645,Protein_code1_646,Protein_code1_647,Protein_code1_648,Protein_code1_649,Protein_code1_650,Protein_code1_651,Protein_code1_652,Protein_code1_653,Protein_code1_654,Protein_code1_655,Protein_code1_656,Protein_code1_657,Protein_code1_658,Protein_code1_659,Protein_code1_660,Protein_code1_661,Protein_code1_662,Protein_code1_663,Protein_code1_664,Protein_code1_665,Protein_code1_666,Protein_code1_667,Protein_code1_668,Protein_code1_669,Protein_code1_670,Protein_code1_671,Protein_code1_672,Protein_code1_673,Protein_code1_674,Protein_code1_675,Protein_code1_676,Protein_code1_677,Protein_code1_678,Protein_code1_679,Protein_code1_680,Protein_code1_681,Protein_code1_682,Protein_code1_683,Protein_code1_684,Protein_code1_685,Protein_code1_686,Protein_code1_687,Protein_code1_688,Protein_code1_689,Protein_code1_690,Protein_code1_691,Protein_code1_692,Protein_code1_693,Protein_code1_694,Protein_code1_695,Protein_code1_696,Protein_code1_697,Protein_code1_698,Protein_code1_699,Protein_code1_700,Protein_code1_701,Protein_code1_702,Protein_code1_703,Protein_code1_704,Protein_code1_705,Protein_code1_706,Protein_code1_707,Protein_code1_708,Protein_code1_709,Protein_code1_710,Protein_code1_711,Protein_code1_712,Protein_code1_713,Protein_code1_714,Protein_code1_715,Protein_code1_716,Protein_code1_717,Protein_code1_718,Protein_code1_719,Protein_code1_720,Protein_code1_721,Protein_code1_722,Protein_code1_723,Protein_code1_724,Protein_code1_725,Protein_code1_726,Protein_code1_727,Protein_code1_728,Protein_code1_729,Protein_code1_730,Protein_code1_731,Protein_code1_732,Protein_code1_733,Protein_code1_734,Protein_code1_735,Protein_code1_736,Protein_code1_737,Protein_code1_738,Protein_code1_739,Protein_code1_740,Protein_code1_741,Protein_code1_742,Protein_code1_743,Protein_code1_744,Protein_code1_745,Protein_code1_746,Protein_code1_747,Protein_code1_748,Protein_code1_749,Protein_code1_750,Protein_code1_751,Protein_code1_752,Protein_code1_753,Protein_code1_754,Protein_code1_755,Protein_code1_756,Protein_code1_757,Protein_code1_758,Protein_code1_759,Protein_code1_760,Protein_code1_761,Protein_code1_762,Protein_code1_763,Protein_code1_764,Protein_code1_765,Protein_code1_766,Protein_code1_767,Protein_code1_768,Protein_code1_769,Protein_code1_770,Protein_code1_771,Protein_code1_772,Protein_code1_773,Protein_code1_774,Protein_code1_775,Protein_code1_776,Protein_code1_777,Protein_code1_778,Protein_code1_779,Protein_code1_780,Protein_code1_781,Protein_code1_782,Protein_code1_783,Protein_code1_784,Protein_code1_785,Protein_code1_786,Protein_code1_787,Protein_code1_788,Protein_code1_789,Protein_code1_790,Protein_code1_791,Protein_code1_792,Protein_code1_793,Protein_code1_794,Protein_code1_795,Protein_code1_796,Protein_code1_797,Protein_code1_798,Protein_code1_799,Protein_code1_800,Protein_code1_801,Protein_code1_802,Protein_code1_803,Protein_code1_804,Protein_code1_805,Protein_code1_806,Protein_code1_807,Protein_code1_808,Protein_code1_809,Protein_code1_810,Protein_code1_811,Protein_code1_812,Protein_code1_813,Protein_code1_814,Protein_code1_815,Protein_code1_816,Protein_code1_817,Protein_code1_818,Protein_code1_819,Protein_code1_820,Protein_code1_821,Protein_code1_822,Protein_code1_823,Protein_code1_824,Protein_code1_825,Protein_code1_826,Protein_code1_827,Protein_code1_828,Protein_code1_829,Protein_code1_830,Protein_code1_831,Protein_code1_832,Protein_code1_833,Protein_code1_834,Protein_code1_835,Protein_code1_836,Protein_code1_837,Protein_code1_838,Protein_code1_839,Protein_code1_840,Protein_code1_841,Protein_code1_842,Protein_code1_843,Protein_code1_844,Protein_code1_845,Protein_code1_846,Protein_code1_847,Protein_code1_848,Protein_code1_849,Protein_code1_850,Protein_code1_851,Protein_code1_852,Protein_code1_853,Protein_code1_854,Protein_code1_855,Protein_code1_856,Protein_code1_857,Protein_code1_858,Protein_code1_859,Protein_code1_860,Protein_code1_861,Protein_code1_862,Protein_code1_863,Protein_code1_864,Protein_code1_865,Protein_code1_866,Protein_code1_867,Protein_code1_868,Protein_code1_869,Protein_code1_870,Protein_code1_871,Protein_code1_872,Protein_code1_873,Protein_code1_874,Protein_code1_875,Protein_code1_876,Protein_code1_877,Protein_code1_878,Protein_code1_879,Protein_code1_880,Protein_code1_881,Protein_code1_882,Protein_code1_883,Protein_code1_884,Protein_code1_885,Protein_code1_886,Protein_code1_887,Protein_code1_888,Protein_code1_889,Protein_code1_890,Protein_code1_891,Protein_code1_892,Protein_code1_893,Protein_code1_894,Protein_code1_895,Protein_code1_896,Protein_code1_897,Protein_code1_898,Protein_code1_899,Protein_code1_900,Protein_code1_901,Protein_code1_902,Protein_code1_903,Protein_code1_904,Protein_code1_905,Protein_code1_906,Protein_code1_907,Protein_code1_908,Protein_code1_909,Protein_code1_910,Protein_code1_911,Protein_code1_912,Protein_code1_913,Protein_code1_914,Protein_code1_915,Protein_code1_916,Protein_code1_917,Protein_code1_918,Protein_code1_919,Protein_code1_920,Protein_code1_921,Protein_code1_922,Protein_code1_923,Protein_code1_924,Protein_code1_925,Protein_code1_926,Protein_code1_927,Protein_code1_928,Protein_code1_929,Protein_code1_930,Protein_code1_931,Protein_code1_932,Protein_code1_933,Protein_code1_934,Protein_code1_935,Protein_code1_936,Protein_code1_937,Protein_code1_938,Protein_code1_939,Protein_code1_940,Protein_code1_941,Protein_code1_942,Protein_code1_943,Protein_code1_944,Protein_code1_945,Protein_code1_946,Protein_code1_947,Protein_code1_948,Protein_code1_949,Protein_code1_950,Protein_code1_951,Protein_code1_952,Protein_code1_953,Protein_code1_954,Protein_code1_955,Protein_code1_956,Protein_code1_957,Protein_code1_958,Protein_code1_959,Protein_code1_960,Protein_code1_961,Protein_code1_962,Protein_code1_963,Protein_code1_964,Protein_code1_965,Protein_code1_966,Protein_code1_967,Protein_code1_968,Protein_code1_969,Protein_code1_970,Protein_code1_971,Protein_code1_972,Protein_code1_973,Protein_code1_974,Protein_code1_975,Protein_code1_976,Protein_code1_977,Protein_code1_978,Protein_code1_979,Protein_code1_980,Protein_code1_981,Protein_code1_982,Protein_code1_983,Protein_code1_984,Protein_code1_985,Protein_code1_986,Protein_code1_987,Protein_code1_988,Protein_code1_989,Protein_code1_990,Protein_code1_991,Protein_code1_992,Protein_code1_993,Protein_code1_994,Protein_code1_995,Protein_code1_996,Protein_code1_997,Protein_code1_998,Protein_code1_999,Protein_code1_1000,Protein_code1_1001,Protein_code1_1002,Protein_code1_1003,Protein_code1_1004,Protein_code1_1005,Protein_code1_1006,Protein_code1_1007,Protein_code1_1008,Protein_code1_1009,Protein_code1_1010,Protein_code1_1011,Protein_code1_1012,Protein_code1_1013,Protein_code1_1014,Protein_code1_1015,Protein_code1_1016,Protein_code1_1017,Protein_code1_1018,Protein_code1_1019,Protein_code1_1020,Protein_code1_1021,Protein_code1_1022,Protein_code1_1023,Protein_code1_1024,Protein_code1_1025,Protein_code1_1026,Protein_code1_1027,Protein_code1_1028,Protein_code1_1029,Protein_code1_1030,Protein_code1_1031,Protein_code1_1032,Protein_code1_1033,Protein_code1_1034,Protein_code1_1035,Protein_code1_1036,Protein_code1_1037,Protein_code1_1038,Protein_code1_1039,Protein_code1_1040,Protein_code1_1041,Protein_code1_1042,Protein_code1_1043,Protein_code1_1044,Protein_code1_1045,Protein_code1_1046,Protein_code1_1047,Protein_code1_1048,Protein_code1_1049,Protein_code1_1050,Protein_code1_1051,Protein_code1_1052,Protein_code1_1053,Protein_code1_1054,Protein_code1_1055,Protein_code1_1056,Protein_code1_1057,Protein_code1_1058,Protein_code1_1059,Protein_code1_1060,Protein_code1_1061,Protein_code1_1062,Protein_code1_1063,Protein_code1_1064,Protein_code1_1065,Protein_code1_1066,Protein_code1_1067,Protein_code1_1068,Protein_code1_1069,Protein_code1_1070,Protein_code1_1071,Protein_code1_1072,Protein_code1_1073,Protein_code1_1074,Protein_code1_1075,Protein_code1_1076,Protein_code1_1077,Protein_code1_1078,Protein_code1_1079,Protein_code1_1080,Protein_code1_1081,Protein_code1_1082,Protein_code1_1083,Protein_code1_1084,Protein_code1_1085,Protein_code1_1086,Protein_code1_1087,Protein_code1_1088,Protein_code1_1089,Protein_code1_1090,Protein_code1_1091,Protein_code1_1092,Protein_code1_1093,Protein_code1_1094,Protein_code1_1095,Protein_code1_1096,Protein_code1_1097,Protein_code1_1098,Protein_code1_1099,Protein_code1_1100,Protein_code1_1101,Protein_code1_1102,Protein_code1_1103,Protein_code1_1104,Protein_code1_1105,Protein_code1_1106,Protein_code1_1107,Protein_code1_1108,Protein_code1_1109,Protein_code1_1110,Protein_code1_1111,Protein_code1_1112,Protein_code1_1113,Protein_code1_1114,Protein_code1_1115,Protein_code1_1116,Protein_code1_1117,Protein_code1_1118,Protein_code1_1119,Protein_code1_1120,Protein_code1_1121,Protein_code1_1122,Protein_code1_1123,Protein_code1_1124,Protein_code1_1125,Protein_code1_1126,Protein_code1_1127,Protein_code1_1128,Protein_code1_1129,Protein_code1_1130,Protein_code1_1131,Protein_code1_1132,Protein_code1_1133,Protein_code1_1134,Protein_code1_1135,Protein_code1_1136,Protein_code1_1137,Protein_code1_1138,Protein_code1_1139,Protein_code1_1140,Protein_code1_1141,Protein_code1_1142,Protein_code1_1143,Protein_code1_1144,Protein_code1_1145,Protein_code1_1146,Protein_code1_1147,Protein_code1_1148,Protein_code1_1149,Protein_code1_1150,Protein_code1_1151,Protein_code1_1152,Protein_code1_1153,Protein_code1_1154,Protein_code1_1155,Protein_code1_1156,Protein_code1_1157,Protein_code1_1158,Protein_code1_1159,Protein_code1_1160,Protein_code1_1161,Protein_code1_1162,Protein_code1_1163,Protein_code1_1164,Protein_code1_1165,Protein_code1_1166,Protein_code1_1167,Protein_code1_1168,Protein_code1_1169,Protein_code1_1170,Protein_code1_1171,Protein_code1_1172,Protein_code1_1173,Protein_code1_1174,Protein_code1_1175,Protein_code1_1176,Protein_code1_1177,Protein_code1_1178,Protein_code1_1179,Protein_code1_1180,Protein_code1_1181,Protein_code1_1182,Protein_code1_1183,Protein_code1_1184,Protein_code1_1185,Protein_code1_1186,Protein_code1_1187,Protein_code1_1188,Protein_code1_1189,Protein_code1_1190,Protein_code1_1191,Protein_code1_1192,Protein_code1_1193,Protein_code1_1194,Protein_code1_1195,Protein_code1_1196,Protein_code1_1197,Protein_code1_1198,Protein_code1_1199,Protein_code1_1200,Protein_code1_1201,Protein_code1_1202,Protein_code1_1203,Protein_code1_1204,Protein_code1_1205,Protein_code1_1206,Protein_code1_1207,Protein_code1_1208,Protein_code1_1209,Protein_code1_1210,Protein_code1_1211,Protein_code1_1212,Protein_code1_1213,Protein_code1_1214,Protein_code1_1215,Protein_code1_1216,Protein_code1_1217,Protein_code1_1218,Protein_code1_1219,Protein_code1_1220,Protein_code1_1221,Protein_code1_1222,Protein_code1_1223,Protein_code1_1224,Protein_code1_1225,Protein_code1_1226,Protein_code1_1227,Protein_code1_1228,Protein_code1_1229,Protein_code1_1230,Protein_code1_1231,Protein_code1_1232,Protein_code1_1233,Protein_code1_1234,Protein_code1_1235,Protein_code1_1236,Protein_code1_1237,Protein_code1_1238,Protein_code1_1239,Protein_code1_1240,Protein_code1_1241,Protein_code1_1242,Protein_code1_1243,Protein_code1_1244,Protein_code1_1245,Protein_code1_1246,Protein_code1_1247,Protein_code1_1248,Protein_code1_1249,Protein_code1_1250,Protein_code1_1251,Protein_code1_1252,Protein_code1_1253,Protein_code1_1254,Protein_code1_1255,Protein_code1_1256,Protein_code1_1257,Protein_code1_1258,Protein_code1_1259,Protein_code1_1260,Protein_code1_1261,Protein_code1_1262,Protein_code1_1263,Protein_code1_1264,Protein_code1_1265,Protein_code1_1266,Protein_code1_1267,Protein_code1_1268,Protein_code1_1269,Protein_code1_1270,Protein_code1_1271,Protein_code1_1272,Protein_code1_1273,Protein_code1_1274,Protein_code1_1275,Protein_code1_1276,Protein_code1_1277,Protein_code1_1278,Protein_code1_1279,Protein_code1_1280,Protein_code1_1281,Protein_code1_1282,Protein_code1_1283,Protein_code1_1284,Protein_code1_1285,Protein_code1_1286,Protein_code1_1287,Protein_code1_1288,Protein_code1_1289,Protein_code1_1290,Protein_code1_1291,Protein_code1_1292,Protein_code1_1293,Protein_code1_1294,Protein_code1_1295,Protein_code1_1296,Protein_code1_1297,Protein_code1_1298,Protein_code1_1299,Protein_code1_1300,Protein_code1_1301,Protein_code1_1302,Protein_code1_1303,Protein_code1_1304,Protein_code1_1305,Protein_code1_1306,Protein_code1_1307,Protein_code1_1308,Protein_code1_1309,Protein_code1_1310,Protein_code1_1311,Protein_code1_1312,Protein_code1_1313,Protein_code1_1314,Protein_code1_1315,Protein_code1_1316,Protein_code1_1317,Protein_code1_1318,Protein_code1_1319,Protein_code1_1320,Protein_code1_1321,Protein_code1_1322,Protein_code1_1323,Protein_code1_1324,Protein_code1_1325,Protein_code1_1326,Protein_code1_1327,Protein_code1_1328,Protein_code1_1329,Protein_code1_1330,Protein_code1_1331,Protein_code1_1332,Protein_code1_1333,Protein_code1_1334,Protein_code1_1335,Protein_code1_1336,Protein_code1_1337,Protein_code1_1338,Protein_code1_1339,Protein_code1_1340,Protein_code1_1341,Protein_code1_1342,Protein_code1_1343,Protein_code1_1344,Protein_code1_1345,Protein_code1_1346,Protein_code1_1347,Protein_code1_1348,Protein_code1_1349,Protein_code1_1350,Protein_code1_1351,Protein_code1_1352,Protein_code1_1353,Protein_code1_1354,Protein_code1_1355,Protein_code1_1356,Protein_code1_1357,Protein_code1_1358,Protein_code1_1359,Protein_code1_1360,Protein_code1_1361,Protein_code1_1362,Protein_code1_1363,Protein_code1_1364,Protein_code1_1365,Protein_code1_1366,Protein_code1_1367,Protein_code1_1368,Protein_code1_1369,Protein_code1_1370,Protein_code1_1371,Protein_code1_1372,Protein_code1_1373,Protein_code1_1374,Protein_code1_1375,Protein_code1_1376,Protein_code1_1377,Protein_code1_1378,Protein_code1_1379,Protein_code1_1380,Protein_code1_1381,Protein_code1_1382,Protein_code1_1383,Protein_code1_1384,Protein_code1_1385,Protein_code1_1386,Protein_code1_1387,Protein_code1_1388,Protein_code1_1389,Protein_code1_1390,Protein_code1_1391,Protein_code1_1392,Protein_code1_1393,Protein_code1_1394,Protein_code1_1395,Protein_code1_1396,Protein_code1_1397,Protein_code1_1398,Protein_code1_1399,Protein_code1_1400,Protein_code1_1401,Protein_code1_1402,Protein_code1_1403,Protein_code1_1404,Protein_code1_1405,Protein_code1_1406,Protein_code1_1407,Protein_code1_1408,Protein_code1_1409,Protein_code1_1410,Protein_code1_1411,Protein_code1_1412,Protein_code1_1413,Protein_code1_1414,Protein_code1_1415,Protein_code1_1416,Protein_code1_1417,Protein_code1_1418,Protein_code1_1419,Protein_code1_1420,Protein_code1_1421,Protein_code1_1422,Protein_code1_1423,Protein_code1_1424,Protein_code1_1425,Protein_code1_1426,Protein_code1_1427,Protein_code1_1428,Protein_code1_1429,Protein_code1_1430,Protein_code1_1431,Protein_code1_1432,Protein_code1_1433,Protein_code1_1434,Protein_code1_1435,Protein_code1_1436,Protein_code1_1437,Protein_code1_1438,Protein_code1_1439,Protein_code1_1440,Protein_code1_1441,Protein_code1_1442,Protein_code1_1443,Protein_code1_1444,Protein_code1_1445,Protein_code1_1446,Protein_code1_1447,Protein_code1_1448,Protein_code1_1449,Protein_code1_1450,Protein_code1_1451,Protein_code1_1452,Protein_code1_1453,Protein_code1_1454,Protein_code1_1455,Protein_code1_1456,Protein_code1_1457,Protein_code1_1458,Protein_code1_1459,Protein_code1_1460,Protein_code1_1461,Protein_code1_1462,Protein_code1_1463,Protein_code1_1464,Protein_code1_1465,Protein_code1_1466,Protein_code1_1467,Protein_code1_1468,Protein_code1_1469,Protein_code1_1470,Protein_code1_1471,Protein_code1_1472,Protein_code1_1473,Protein_code1_1474,Protein_code1_1475,Protein_code1_1476,Protein_code1_1477,Protein_code1_1478,Protein_code1_1479,Protein_code1_1480,Protein_code1_1481,Protein_code1_1482,Protein_code1_1483,Protein_code1_1484,Protein_code1_1485,Protein_code1_1486,Protein_code1_1487,Protein_code1_1488,Protein_code1_1489,Protein_code1_1490,Protein_code1_1491,Protein_code1_1492,Protein_code1_1493,Protein_code1_1494,Protein_code1_1495,Protein_code1_1496,Protein_code1_1497,Protein_code1_1498,Protein_code1_1499,Protein_code1_1500,Protein_code1_1501,Protein_code1_1502,Protein_code1_1503,Protein_code1_1504,Protein_code1_1505,Protein_code1_1506,Protein_code1_1507,Protein_code1_1508,Protein_code1_1509,Protein_code1_1510,Protein_code1_1511,Protein_code1_1512,Protein_code1_1513,Protein_code1_1514,Protein_code1_1515,Protein_code1_1516,Protein_code1_1517,Protein_code1_1518,Protein_code1_1519,Protein_code1_1520,Protein_code1_1521,Protein_code1_1522,Protein_code1_1523,Protein_code1_1524,Protein_code1_1525,Protein_code1_1526,Protein_code1_1527,Protein_code1_1528,Protein_code1_1529,Protein_code1_1530,Protein_code1_1531,Protein_code1_1532,Protein_code1_1533,Protein_code1_1534,Protein_code1_1535,Protein_code1_1536,Protein_code1_1537,Protein_code1_1538,Protein_code1_1539,Protein_code1_1540,Protein_code1_1541,Protein_code1_1542,Protein_code1_1543,Protein_code1_1544,Protein_code1_1545,Protein_code1_1546,Protein_code1_1547,Protein_code1_1548,Protein_code1_1549,Protein_code1_1550,Protein_code1_1551,Protein_code1_1552,Protein_code1_1553,Protein_code1_1554,Protein_code1_1555,Protein_code1_1556,Protein_code1_1557,Protein_code1_1558,Protein_code1_1559,Protein_code1_1560,Protein_code1_1561,Protein_code1_1562,Protein_code1_1563,Protein_code1_1564,Protein_code1_1565,Protein_code1_1566,Protein_code1_1567,Protein_code1_1568,Protein_code1_1569,Protein_code1_1570,Protein_code1_1571,Protein_code1_1572,Protein_code1_1573,Protein_code1_1574,Protein_code1_1575,Protein_code1_1576,Protein_code1_1577,Protein_code1_1578,Protein_code1_1579,Protein_code1_1580,Protein_code1_1581,Protein_code1_1582,Protein_code1_1583,Protein_code1_1584,Protein_code1_1585,Protein_code1_1586,Protein_code1_1587,Protein_code1_1588,Protein_code1_1589,Protein_code1_1590,Protein_code1_1591,Protein_code1_1592,Protein_code1_1593,Protein_code1_1594,Protein_code1_1595,Protein_code1_1596,Protein_code1_1597,Protein_code1_1598,Protein_code1_1599,Protein_code1_1600,Protein_code1_1601,Protein_code1_1602,Protein_code1_1603,Protein_code1_1604,Protein_code1_1605,Protein_code1_1606,Protein_code1_1607,Protein_code1_1608,Protein_code1_1609,Protein_code1_1610,Protein_code1_1611,Protein_code1_1612,Protein_code1_1613,Protein_code1_1614,Protein_code1_1615,Protein_code1_1616,Protein_code1_1617,Protein_code1_1618,Protein_code1_1619,Protein_code1_1620,Protein_code1_1621,Protein_code1_1622,Protein_code1_1623,Protein_code1_1624,Protein_code1_1625,Protein_code1_1626,Protein_code1_1627,Protein_code1_1628,Protein_code1_1629,Protein_code1_1630,Protein_code1_1631,Protein_code1_1632,Protein_code1_1633,Protein_code1_1634,Protein_code1_1635,Protein_code1_1636,Protein_code1_1637,Protein_code1_1638,Protein_code1_1639,Protein_code1_1640,Protein_code1_1641,Protein_code1_1642,Protein_code1_1643,Protein_code1_1644,Protein_code1_1645,Protein_code1_1646,Protein_code1_1647,Protein_code1_1648,Protein_code1_1649,Protein_code1_1650,Protein_code1_1651,Protein_code1_1652,Protein_code1_1653,Protein_code1_1654,Protein_code1_1655,Protein_code1_1656,Protein_code1_1657,Protein_code1_1658,Protein_code1_1659,Protein_code1_1660,Protein_code1_1661,Protein_code1_1662,Protein_code1_1663,Protein_code1_1664,Protein_code1_1665,Protein_code1_1666,Protein_code1_1667,Protein_code1_1668,Protein_code1_1669,Protein_code1_1670,Protein_code1_1671,Protein_code1_1672,Protein_code1_1673,Protein_code1_1674,Protein_code1_1675,Protein_code1_1676,Protein_code1_1677,Protein_code1_1678,Protein_code1_1679,Protein_code1_1680,Protein_code1_1681,Protein_code1_1682,Protein_code1_1683,Protein_code1_1684,Protein_code1_1685,Protein_code1_1686,Protein_code1_1687,Protein_code1_1688,Protein_code1_1689,Protein_code1_1690,Protein_code1_1691,Protein_code1_1692,Protein_code1_1693,Protein_code1_1694,Protein_code1_1695,Protein_code1_1696,Protein_code1_1697,Protein_code1_1698,Protein_code1_1699,Protein_code1_1700,Protein_code1_1701,Protein_code1_1702,Protein_code1_1703,Protein_code1_1704,Protein_code1_1705,Protein_code1_1706,Protein_code1_1707,Protein_code1_1708,Protein_code1_1709,Protein_code1_1710,Protein_code1_1711,Protein_code1_1712,Protein_code1_1713,Protein_code1_1714,Protein_code1_1715,Protein_code1_1716,Protein_code1_1717,Protein_code1_1718,Protein_code1_1719,Protein_code1_1720,Protein_code1_1721,Protein_code1_1722,Protein_code1_1723,Protein_code1_1724,Protein_code1_1725,Protein_code1_1726,Protein_code1_1727,Protein_code1_1728,Protein_code1_1729,Protein_code1_1730,Protein_code1_1731,Protein_code1_1732,Protein_code1_1733,Protein_code1_1734,Protein_code1_1735,Protein_code1_1736,Protein_code1_1737,Protein_code1_1738,Protein_code1_1739,Protein_code1_1740,Protein_code1_1741,Protein_code1_1742,Protein_code1_1743,Protein_code1_1744,Protein_code1_1745,Protein_code1_1746,Protein_code1_1747,Protein_code1_1748,Protein_code1_1749,Protein_code1_1750,Protein_code1_1751,Protein_code1_1752,Protein_code1_1753,Protein_code1_1754,Protein_code1_1755,Protein_code1_1756,Protein_code1_1757,Protein_code1_1758,Protein_code1_1759,Protein_code1_1760,Protein_code1_1761,Protein_code1_1762,Protein_code1_1763,Protein_code1_1764,Protein_code1_1765,Protein_code1_1766,Protein_code1_1767,Protein_code1_1768,Protein_code1_1769,Protein_code1_1770,Protein_code1_1771,Protein_code1_1772,Protein_code1_1773,Protein_code1_1774,Protein_code1_1775,Protein_code1_1776,Protein_code1_1777,Protein_code1_1778,Protein_code1_1779,Protein_code1_1780,Protein_code1_1781,Protein_code1_1782,Protein_code1_1783,Protein_code1_1784,Protein_code1_1785,Protein_code1_1786,Protein_code1_1787,Protein_code1_1788,Protein_code1_1789,Protein_code1_1790,Protein_code1_1791,Protein_code1_1792,Protein_code1_1793,Protein_code1_1794,Protein_code1_1795,Protein_code1_1796,Protein_code1_1797,Protein_code1_1798,Protein_code1_1799,Protein_code1_1800,Protein_code1_1801,Protein_code1_1802,Protein_code1_1803,Protein_code1_1804,Protein_code1_1805,Protein_code1_1806,Protein_code1_1807,Protein_code1_1808,Protein_code1_1809,Protein_code1_1810,Protein_code1_1811,Protein_code1_1812,Protein_code1_1813,Protein_code1_1814,Protein_code1_1815,Protein_code1_1816,Protein_code1_1817,Protein_code1_1818,Protein_code1_1819,Protein_code1_1820,Protein_code1_1821,Protein_code1_1822,Protein_code1_1823,Protein_code1_1824,Protein_code1_1825,Protein_code1_1826,Protein_code1_1827,Protein_code1_1828,Protein_code1_1829,Protein_code1_1830,Protein_code1_1831,Protein_code1_1832,Protein_code1_1833,Protein_code1_1834,Protein_code1_1835,Protein_code1_1836,Protein_code1_1837,Protein_code1_1838,Protein_code1_1839,Protein_code1_1840,Protein_code1_1841,Protein_code1_1842,Protein_code1_1843,Protein_code1_1844,Protein_code1_1845,Protein_code1_1846,Protein_code1_1847,Protein_code1_1848,Protein_code1_1849,Protein_code1_1850,Protein_code1_1851,Protein_code1_1852,Protein_code1_1853,Protein_code1_1854,Protein_code1_1855,Protein_code1_1856,Protein_code1_1857,Protein_code1_1858,Protein_code1_1859,Protein_code1_1860,Protein_code1_1861,Protein_code1_1862,Protein_code1_1863,Protein_code1_1864,Protein_code1_1865,Protein_code1_1866,Protein_code1_1867,Protein_code1_1868,Protein_code1_1869,Protein_code1_1870,Protein_code1_1871,Protein_code1_1872,Protein_code1_1873,Protein_code1_1874,Protein_code1_1875,Protein_code1_1876,Protein_code1_1877,Protein_code1_1878,Protein_code1_1879,Protein_code1_1880,Protein_code1_1881,Protein_code1_1882,Protein_code1_1883,Protein_code1_1884,Protein_code1_1885,Protein_code1_1886,Protein_code1_1887,Protein_code1_1888,Protein_code1_1889,Protein_code1_1890,Protein_code1_1891,Protein_code1_1892,Protein_code1_1893,Protein_code1_1894,Protein_code1_1895,Protein_code1_1896,Protein_code1_1897,Protein_code1_1898,Protein_code1_1899,Protein_code1_1900,Protein_code1_1901,Protein_code1_1902,Protein_code1_1903,Protein_code1_1904,Protein_code1_1905,Protein_code1_1906,Protein_code1_1907,Protein_code1_1908,Protein_code1_1909,Protein_code1_1910,Protein_code1_1911,Protein_code1_1912,Protein_code1_1913,Protein_code1_1914,Protein_code1_1915,Protein_code1_1916,Protein_code1_1917,Protein_code1_1918,Protein_code1_1919,Protein_code1_1920,Protein_code1_1921,Protein_code1_1922,Protein_code1_1923,Protein_code1_1924,Protein_code1_1925,Protein_code1_1926,Protein_code1_1927,Protein_code1_1928,Protein_code1_1929,Protein_code1_1930,Protein_code1_1931,Protein_code1_1932,Protein_code1_1933,Protein_code1_1934,Protein_code1_1935,Protein_code1_1936,Protein_code1_1937,Protein_code1_1938,Protein_code1_1939,Protein_code1_1940,Protein_code1_1941,Protein_code1_1942,Protein_code1_1943,Protein_code1_1944,Protein_code1_1945,Protein_code1_1946,Protein_code1_1947,Protein_code1_1948,Protein_code1_1949,Protein_code1_1950,Protein_code1_1951,Protein_code1_1952,Protein_code1_1953,Protein_code1_1954,Protein_code1_1955,Protein_code1_1956,Protein_code1_1957,Protein_code1_1958,Protein_code1_1959,Protein_code1_1960,Protein_code1_1961,Protein_code1_1962,Protein_code1_1963,Protein_code1_1964,Protein_code1_1965,Protein_code1_1966,Protein_code1_1967,Protein_code1_1968,Protein_code1_1969,Protein_code1_1970,Protein_code1_1971,Protein_code1_1972,Protein_code1_1973,Protein_code1_1974,Protein_code1_1975,Protein_code1_1976,Protein_code1_1977,Protein_code1_1978,Protein_code1_1979,Protein_code1_1980,Protein_code1_1981,Protein_code1_1982,Protein_code1_1983,Protein_code1_1984,Protein_code1_1985,Protein_code1_1986,Protein_code1_1987,Protein_code1_1988,Protein_code1_1989,Protein_code1_1990,Protein_code1_1991,Protein_code1_1992,Protein_code1_1993,Protein_code1_1994,Protein_code1_1995,Protein_code1_1996,Protein_code1_1997,Protein_code1_1998,Protein_code1_1999,Protein_code1_2000,Protein_code1_2001,Protein_code1_2002,Protein_code1_2003,Protein_code1_2004,Protein_code1_2005,Protein_code1_2006,Protein_code1_2007,Protein_code1_2008,Protein_code1_2009,Protein_code1_2010,Protein_code1_2011,Protein_code1_2012,Protein_code1_2013,Protein_code1_2014,Protein_code1_2015,Protein_code1_2016,Protein_code1_2017,Protein_code1_2018,Protein_code1_2019,Protein_code1_2020,Protein_code1_2021,Protein_code1_2022,Protein_code1_2023,Protein_code1_2024,Protein_code1_2025,Protein_code1_2026,Protein_code1_2027,Protein_code1_2028,Protein_code1_2029,Protein_code1_2030,Protein_code1_2031,Protein_code1_2032,Protein_code1_2033,Protein_code1_2034,Protein_code1_2035,Protein_code1_2036,Protein_code1_2037,Protein_code1_2038,Protein_code1_2039,Protein_code1_2040,Protein_code1_2041,Protein_code1_2042,Protein_code1_2043,Protein_code1_2044,Protein_code1_2045,Protein_code1_2046,Protein_code1_2047,Protein_code1_2048,Protein_code1_2049,Protein_code1_2050,Protein_code1_2051,Protein_code1_2052,Protein_code1_2053,Protein_code1_2054,Protein_code1_2055,Protein_code1_2056,Protein_code1_2057,Protein_code1_2058,Protein_code1_2059,Protein_code1_2060,Protein_code1_2061,Protein_code1_2062,Protein_code1_2063,Protein_code1_2064,Protein_code1_2065,Protein_code1_2066,Protein_code1_2067,Protein_code1_2068,Protein_code1_2069,Protein_code1_2070,Protein_code1_2071,Protein_code1_2072,Protein_code1_2073,Protein_code1_2074,Protein_code1_2075,Protein_code1_2076,Protein_code1_2077,Protein_code1_2078,Protein_code1_2079,Protein_code1_2080,Protein_code1_2081,Protein_code1_2082,Protein_code1_2083,Protein_code1_2084,Protein_code1_2085,Protein_code1_2086,Protein_code1_2087,Protein_code1_2088,Protein_code1_2089,Protein_code1_2090,Protein_code1_2091,Protein_code1_2092,Protein_code1_2093,Protein_code1_2094,Protein_code1_2095,Protein_code1_2096,Protein_code1_2097,Protein_code1_2098,Protein_code1_2099,Protein_code1_2100,Protein_code1_2101,Protein_code1_2102,Protein_code1_2103,Protein_code1_2104,Protein_code1_2105,Protein_code1_2106,Protein_code1_2107,Protein_code1_2108,Protein_code1_2109,Protein_code1_2110,Protein_code1_2111,Protein_code1_2112,Protein_code1_2113,Protein_code1_2114,Protein_code1_2115,Protein_code1_2116,Protein_code1_2117,Protein_code1_2118,Protein_code1_2119,Protein_code1_2120,Protein_code1_2121,Protein_code1_2122,Protein_code1_2123,Protein_code1_2124,Protein_code1_2125,Protein_code1_2126,Protein_code1_2127,Protein_code1_2128,Protein_code1_2129,Protein_code1_2130,Protein_code1_2131,Protein_code1_2132,Protein_code1_2133,Protein_code1_2134,Protein_code1_2135,Protein_code1_2136,Protein_code1_2137,Protein_code1_2138,Protein_code1_2139,Protein_code1_2140,Protein_code1_2141,Protein_code1_2142,Protein_code1_2143,Protein_code1_2144,Protein_code1_2145,Protein_code1_2146,Protein_code1_2147,Protein_code1_2148,Protein_code1_2149,Protein_code1_2150,Protein_code1_2151,Protein_code1_2152,Protein_code1_2153,Protein_code1_2154,Protein_code1_2155,Protein_code1_2156,Protein_code1_2157,Protein_code1_2158,Protein_code1_2159,Protein_code1_2160,Protein_code1_2161,Protein_code1_2162,Protein_code1_2163,Protein_code1_2164,Protein_code1_2165,Protein_code1_2166,Protein_code1_2167,Protein_code1_2168,Protein_code1_2169,Protein_code1_2170,Protein_code1_2171,Protein_code1_2172,Protein_code1_2173,Protein_code1_2174,Protein_code1_2175,Protein_code1_2176,Protein_code1_2177,Protein_code1_2178,Protein_code1_2179,Protein_code1_2180,Protein_code1_2181,Protein_code1_2182,Protein_code1_2183,Protein_code1_2184,Protein_code1_2185,Protein_code1_2186,Protein_code1_2187,Protein_code1_2188,Protein_code1_2189,Protein_code1_2190,Protein_code1_2191,Protein_code1_2192,Protein_code1_2193,Protein_code1_2194,Protein_code1_2195,Protein_code1_2196,Protein_code1_2197,Protein_code1_2198,Protein_code1_2199,Protein_code1_2200,Protein_code1_2201,Protein_code1_2202,Protein_code1_2203,Protein_code1_2204,Protein_code1_2205,Protein_code1_2206,Protein_code1_2207,Protein_code1_2208,Protein_code1_2209,Protein_code1_2210,Protein_code1_2211,Protein_code1_2212,Protein_code1_2213,Protein_code1_2214,Protein_code1_2215,Protein_code1_2216,Protein_code1_2217,Protein_code1_2218,Protein_code1_2219,Protein_code1_2220,Protein_code1_2221,Protein_code1_2222,Protein_code1_2223,Protein_code1_2224,Protein_code1_2225,Protein_code1_2226,Protein_code1_2227,Protein_code1_2228,Protein_code1_2229,Protein_code1_2230,Protein_code1_2231,Protein_code1_2232,Protein_code1_2233,Protein_code1_2234,Protein_code1_2235,Protein_code1_2236,Protein_code1_2237,Protein_code1_2238,Protein_code1_2239,Protein_code1_2240,Protein_code1_2241,Protein_code1_2242,Protein_code1_2243,Protein_code1_2244,Protein_code1_2245,Protein_code1_2246,Protein_code1_2247,Protein_code1_2248,Protein_code1_2249,Protein_code1_2250,Protein_code1_2251,Protein_code1_2252,Protein_code1_2253,Protein_code1_2254,Protein_code1_2255,Protein_code1_2256,Protein_code1_2257,Protein_code1_2258,Protein_code1_2259,Protein_code1_2260,Protein_code1_2261,Protein_code1_2262,Protein_code1_2263,Protein_code1_2264,Protein_code1_2265,Protein_code1_2266,Protein_code1_2267,Protein_code1_2268,Protein_code1_2269,Protein_code1_2270,Protein_code1_2271,Protein_code1_2272,Protein_code1_2273,Protein_code1_2274,Protein_code1_2275,Protein_code1_2276,Protein_code1_2277,Protein_code1_2278,Protein_code1_2279,Protein_code1_2280,Protein_code1_2281,Protein_code1_2282,Protein_code1_2283,Protein_code1_2284,Protein_code1_2285,Protein_code1_2286,Protein_code1_2287,Protein_code1_2288,Protein_code1_2289,Protein_code1_2290,Protein_code1_2291,Protein_code1_2292,Protein_code1_2293,Protein_code1_2294,Protein_code1_2295,Protein_code1_2296,Protein_code1_2297,Protein_code1_2298,Protein_code1_2299,Protein_code1_2300,Protein_code1_2301,Protein_code1_2302,Protein_code1_2303,Protein_code1_2304,Protein_code1_2305,Protein_code1_2306,Protein_code1_2307,Protein_code1_2308,Protein_code1_2309,Protein_code1_2310,Protein_code1_2311,Protein_code1_2312,Protein_code1_2313,Protein_code1_2314,Protein_code1_2315,Protein_code1_2316,Protein_code1_2317,Protein_code1_2318,Protein_code1_2319,Protein_code1_2320,Protein_code1_2321,Protein_code1_2322,Protein_code1_2323,Protein_code1_2324,Protein_code1_2325,Protein_code1_2326,Protein_code1_2327,Protein_code1_2328,Protein_code1_2329,Protein_code1_2330,Protein_code1_2331,Protein_code1_2332,Protein_code1_2333,Protein_code1_2334,Protein_code1_2335,Protein_code1_2336,Protein_code1_2337,Protein_code1_2338,Protein_code1_2339,Protein_code1_2340,Protein_code1_2341,Protein_code1_2342,Protein_code1_2343,Protein_code1_2344,Protein_code1_2345,Protein_code1_2346,Protein_code1_2347,Protein_code1_2348,Protein_code1_2349,Protein_code1_2350,Protein_code1_2351,Protein_code1_2352,Protein_code1_2353,Protein_code1_2354,Protein_code1_2355,Protein_code1_2356,Protein_code1_2357,Protein_code1_2358,Protein_code1_2359,Protein_code1_2360,Protein_code1_2361,Protein_code1_2362,Protein_code1_2363,Protein_code1_2364,Protein_code1_2365,Protein_code1_2366,Protein_code1_2367,Protein_code1_2368,Protein_code1_2369,Protein_code1_2370,Protein_code1_2371,Protein_code1_2372,Protein_code1_2373,Protein_code1_2374,Protein_code1_2375,Protein_code1_2376,Protein_code1_2377,Protein_code1_2378,Protein_code1_2379,Protein_code1_2380,Protein_code1_2381,Protein_code1_2382,Protein_code1_2383,Protein_code1_2384,Protein_code1_2385,Protein_code1_2386,Protein_code1_2387,Protein_code1_2388,Protein_code1_2389,Protein_code1_2390,Protein_code1_2391,Protein_code1_2392,Protein_code1_2393,Protein_code1_2394,Protein_code1_2395,Protein_code1_2396,Protein_code1_2397,Protein_code1_2398,Protein_code1_2399,Protein_code1_2400,Protein_code1_2401,Protein_code1_2402,Protein_code1_2403,Protein_code1_2404,Protein_code1_2405,Protein_code1_2406,Protein_code1_2407,Protein_code1_2408,Protein_code1_2409,Protein_code1_2410,Protein_code1_2411,Protein_code1_2412,Protein_code1_2413,Protein_code1_2414,Protein_code1_2415,Protein_code1_2416,Protein_code1_2417,Protein_code1_2418,Protein_code1_2419,Protein_code1_2420,Protein_code1_2421,Protein_code1_2422,Protein_code1_2423,Protein_code1_2424,Protein_code1_2425,Protein_code1_2426,Protein_code1_2427,Protein_code1_2428,Protein_code1_2429,Protein_code1_2430,Protein_code1_2431,Protein_code1_2432,Protein_code1_2433,Protein_code1_2434,Protein_code1_2435,Protein_code1_2436,Protein_code1_2437,Protein_code1_2438,Protein_code1_2439,Protein_code1_2440,Protein_code1_2441,Protein_code1_2442,Protein_code1_2443,Protein_code1_2444,Protein_code1_2445,Protein_code1_2446,Protein_code1_2447,Protein_code1_2448,Protein_code1_2449,Protein_code1_2450,Protein_code1_2451,Protein_code1_2452,Protein_code1_2453,Protein_code1_2454,Protein_code1_2455,Protein_code1_2456,Protein_code1_2457,Protein_code1_2458,Protein_code1_2459,Protein_code1_2460,Protein_code1_2461,Protein_code1_2462,Protein_code1_2463,Protein_code1_2464,Protein_code1_2465,Protein_code1_2466,Protein_code1_2467,Protein_code1_2468,Protein_code1_2469,Protein_code1_2470,Protein_code1_2471,Protein_code1_2472,Protein_code1_2473,Protein_code1_2474,Protein_code1_2475,Protein_code1_2476,Protein_code1_2477,Protein_code1_2478,Protein_code1_2479,Protein_code1_2480,Protein_code1_2481,Protein_code1_2482,Protein_code1_2483,Protein_code1_2484,Protein_code1_2485,Protein_code1_2486,Protein_code1_2487,Protein_code1_2488,Protein_code1_2489,Protein_code1_2490,Protein_code1_2491,Protein_code1_2492,Protein_code1_2493,Protein_code1_2494,Protein_code1_2495,Protein_code1_2496,Protein_code1_2497,Protein_code1_2498,Protein_code1_2499,Protein_code1_2500,Protein_code1_2501,Protein_code1_2502,Protein_code1_2503,Protein_code1_2504,Protein_code1_2505,Protein_code1_2506,Protein_code1_2507,Protein_code1_2508,Protein_code1_2509,Protein_code1_2510,Protein_code1_2511,Protein_code1_2512,Protein_code1_2513,Protein_code1_2514,Protein_code1_2515,Protein_code1_2516,Protein_code1_2517,Protein_code1_2518,Protein_code1_2519,Protein_code1_2520,Protein_code1_2521,Protein_code1_2522,Protein_code1_2523,Protein_code1_2524,Protein_code1_2525,Protein_code1_2526,Protein_code1_2527,Protein_code1_2528,Protein_code1_2529,Protein_code1_2530,Protein_code1_2531,Protein_code1_2532,Protein_code1_2533,Protein_code1_2534,Protein_code1_2535,Protein_code1_2536,Protein_code1_2537,Protein_code1_2538,Protein_code1_2539,Protein_code1_2540,Protein_code1_2541,Protein_code1_2542,Protein_code1_2543,Protein_code1_2544,Protein_code1_2545,Protein_code1_2546,Protein_code1_2547,Protein_code1_2548,Protein_code1_2549,Protein_code1_2550,Protein_code1_2551,Protein_code1_2552,Protein_code1_2553,ECFP_0,ECFP_1,ECFP_2,ECFP_3,ECFP_4,ECFP_5,ECFP_6,ECFP_7,ECFP_8,ECFP_9,ECFP_10,ECFP_11,ECFP_12,ECFP_13,ECFP_14,ECFP_15,ECFP_16,ECFP_17,ECFP_18,ECFP_19,ECFP_20,ECFP_21,ECFP_22,ECFP_23,ECFP_24,ECFP_25,ECFP_26,ECFP_27,ECFP_28,ECFP_29,ECFP_30,ECFP_31,ECFP_32,ECFP_33,ECFP_34,ECFP_35,ECFP_36,ECFP_37,ECFP_38,ECFP_39,ECFP_40,ECFP_41,ECFP_42,ECFP_43,ECFP_44,ECFP_45,ECFP_46,ECFP_47,ECFP_48,ECFP_49,ECFP_50,ECFP_51,ECFP_52,ECFP_53,ECFP_54,ECFP_55,ECFP_56,ECFP_57,ECFP_58,ECFP_59,ECFP_60,ECFP_61,ECFP_62,ECFP_63,ECFP_64,ECFP_65,ECFP_66,ECFP_67,ECFP_68,ECFP_69,ECFP_70,ECFP_71,ECFP_72,ECFP_73,ECFP_74,ECFP_75,ECFP_76,ECFP_77,ECFP_78,ECFP_79,ECFP_80,ECFP_81,ECFP_82,ECFP_83,ECFP_84,ECFP_85,ECFP_86,ECFP_87,ECFP_88,ECFP_89,ECFP_90,ECFP_91,ECFP_92,ECFP_93,ECFP_94,ECFP_95,ECFP_96,ECFP_97,ECFP_98,ECFP_99,ECFP_100,ECFP_101,ECFP_102,ECFP_103,ECFP_104,ECFP_105,ECFP_106,ECFP_107,ECFP_108,ECFP_109,ECFP_110,ECFP_111,ECFP_112,ECFP_113,ECFP_114,ECFP_115,ECFP_116,ECFP_117,ECFP_118,ECFP_119,ECFP_120,ECFP_121,ECFP_122,ECFP_123,ECFP_124,ECFP_125,ECFP_126,ECFP_127,ECFP_128,ECFP_129,ECFP_130,ECFP_131,ECFP_132,ECFP_133,ECFP_134,ECFP_135,ECFP_136,ECFP_137,ECFP_138,ECFP_139,ECFP_140,ECFP_141,ECFP_142,ECFP_143,ECFP_144,ECFP_145,ECFP_146,ECFP_147,ECFP_148,ECFP_149,ECFP_150,ECFP_151,ECFP_152,ECFP_153,ECFP_154,ECFP_155,ECFP_156,ECFP_157,ECFP_158,ECFP_159,ECFP_160,ECFP_161,ECFP_162,ECFP_163,ECFP_164,ECFP_165,ECFP_166,ECFP_167,ECFP_168,ECFP_169,ECFP_170,ECFP_171,ECFP_172,ECFP_173,ECFP_174,ECFP_175,ECFP_176,ECFP_177,ECFP_178,ECFP_179,ECFP_180,ECFP_181,ECFP_182,ECFP_183,ECFP_184,ECFP_185,ECFP_186,ECFP_187,ECFP_188,ECFP_189,ECFP_190,ECFP_191,ECFP_192,ECFP_193,ECFP_194,ECFP_195,ECFP_196,ECFP_197,ECFP_198,ECFP_199,ECFP_200,ECFP_201,ECFP_202,ECFP_203,ECFP_204,ECFP_205,ECFP_206,ECFP_207,ECFP_208,ECFP_209,ECFP_210,ECFP_211,ECFP_212,ECFP_213,ECFP_214,ECFP_215,ECFP_216,ECFP_217,ECFP_218,ECFP_219,ECFP_220,ECFP_221,ECFP_222,ECFP_223,ECFP_224,ECFP_225,ECFP_226,ECFP_227,ECFP_228,ECFP_229,ECFP_230,ECFP_231,ECFP_232,ECFP_233,ECFP_234,ECFP_235,ECFP_236,ECFP_237,ECFP_238,ECFP_239,ECFP_240,ECFP_241,ECFP_242,ECFP_243,ECFP_244,ECFP_245,ECFP_246,ECFP_247,ECFP_248,ECFP_249,ECFP_250,ECFP_251,ECFP_252,ECFP_253,ECFP_254,ECFP_255,ECFP_256,ECFP_257,ECFP_258,ECFP_259,ECFP_260,ECFP_261,ECFP_262,ECFP_263,ECFP_264,ECFP_265,ECFP_266,ECFP_267,ECFP_268,ECFP_269,ECFP_270,ECFP_271,ECFP_272,ECFP_273,ECFP_274,ECFP_275,ECFP_276,ECFP_277,ECFP_278,ECFP_279,ECFP_280,ECFP_281,ECFP_282,ECFP_283,ECFP_284,ECFP_285,ECFP_286,ECFP_287,ECFP_288,ECFP_289,ECFP_290,ECFP_291,ECFP_292,ECFP_293,ECFP_294,ECFP_295,ECFP_296,ECFP_297,ECFP_298,ECFP_299,ECFP_300,ECFP_301,ECFP_302,ECFP_303,ECFP_304,ECFP_305,ECFP_306,ECFP_307,ECFP_308,ECFP_309,ECFP_310,ECFP_311,ECFP_312,ECFP_313,ECFP_314,ECFP_315,ECFP_316,ECFP_317,ECFP_318,ECFP_319,ECFP_320,ECFP_321,ECFP_322,ECFP_323,ECFP_324,ECFP_325,ECFP_326,ECFP_327,ECFP_328,ECFP_329,ECFP_330,ECFP_331,ECFP_332,ECFP_333,ECFP_334,ECFP_335,ECFP_336,ECFP_337,ECFP_338,ECFP_339,ECFP_340,ECFP_341,ECFP_342,ECFP_343,ECFP_344,ECFP_345,ECFP_346,ECFP_347,ECFP_348,ECFP_349,ECFP_350,ECFP_351,ECFP_352,ECFP_353,ECFP_354,ECFP_355,ECFP_356,ECFP_357,ECFP_358,ECFP_359,ECFP_360,ECFP_361,ECFP_362,ECFP_363,ECFP_364,ECFP_365,ECFP_366,ECFP_367,ECFP_368,ECFP_369,ECFP_370,ECFP_371,ECFP_372,ECFP_373,ECFP_374,ECFP_375,ECFP_376,ECFP_377,ECFP_378,ECFP_379,ECFP_380,ECFP_381,ECFP_382,ECFP_383,ECFP_384,ECFP_385,ECFP_386,ECFP_387,ECFP_388,ECFP_389,ECFP_390,ECFP_391,ECFP_392,ECFP_393,ECFP_394,ECFP_395,ECFP_396,ECFP_397,ECFP_398,ECFP_399,ECFP_400,ECFP_401,ECFP_402,ECFP_403,ECFP_404,ECFP_405,ECFP_406,ECFP_407,ECFP_408,ECFP_409,ECFP_410,ECFP_411,ECFP_412,ECFP_413,ECFP_414,ECFP_415,ECFP_416,ECFP_417,ECFP_418,ECFP_419,ECFP_420,ECFP_421,ECFP_422,ECFP_423,ECFP_424,ECFP_425,ECFP_426,ECFP_427,ECFP_428,ECFP_429,ECFP_430,ECFP_431,ECFP_432,ECFP_433,ECFP_434,ECFP_435,ECFP_436,ECFP_437,ECFP_438,ECFP_439,ECFP_440,ECFP_441,ECFP_442,ECFP_443,ECFP_444,ECFP_445,ECFP_446,ECFP_447,ECFP_448,ECFP_449,ECFP_450,ECFP_451,ECFP_452,ECFP_453,ECFP_454,ECFP_455,ECFP_456,ECFP_457,ECFP_458,ECFP_459,ECFP_460,ECFP_461,ECFP_462,ECFP_463,ECFP_464,ECFP_465,ECFP_466,ECFP_467,ECFP_468,ECFP_469,ECFP_470,ECFP_471,ECFP_472,ECFP_473,ECFP_474,ECFP_475,ECFP_476,ECFP_477,ECFP_478,ECFP_479,ECFP_480,ECFP_481,ECFP_482,ECFP_483,ECFP_484,ECFP_485,ECFP_486,ECFP_487,ECFP_488,ECFP_489,ECFP_490,ECFP_491,ECFP_492,ECFP_493,ECFP_494,ECFP_495,ECFP_496,ECFP_497,ECFP_498,ECFP_499,ECFP_500,ECFP_501,ECFP_502,ECFP_503,ECFP_504,ECFP_505,ECFP_506,ECFP_507,ECFP_508,ECFP_509,ECFP_510,ECFP_511,ECFP_512,ECFP_513,ECFP_514,ECFP_515,ECFP_516,ECFP_517,ECFP_518,ECFP_519,ECFP_520,ECFP_521,ECFP_522,ECFP_523,ECFP_524,ECFP_525,ECFP_526,ECFP_527,ECFP_528,ECFP_529,ECFP_530,ECFP_531,ECFP_532,ECFP_533,ECFP_534,ECFP_535,ECFP_536,ECFP_537,ECFP_538,ECFP_539,ECFP_540,ECFP_541,ECFP_542,ECFP_543,ECFP_544,ECFP_545,ECFP_546,ECFP_547,ECFP_548,ECFP_549,ECFP_550,ECFP_551,ECFP_552,ECFP_553,ECFP_554,ECFP_555,ECFP_556,ECFP_557,ECFP_558,ECFP_559,ECFP_560,ECFP_561,ECFP_562,ECFP_563,ECFP_564,ECFP_565,ECFP_566,ECFP_567,ECFP_568,ECFP_569,ECFP_570,ECFP_571,ECFP_572,ECFP_573,ECFP_574,ECFP_575,ECFP_576,ECFP_577,ECFP_578,ECFP_579,ECFP_580,ECFP_581,ECFP_582,ECFP_583,ECFP_584,ECFP_585,ECFP_586,ECFP_587,ECFP_588,ECFP_589,ECFP_590,ECFP_591,ECFP_592,ECFP_593,ECFP_594,ECFP_595,ECFP_596,ECFP_597,ECFP_598,ECFP_599,ECFP_600,ECFP_601,ECFP_602,ECFP_603,ECFP_604,ECFP_605,ECFP_606,ECFP_607,ECFP_608,ECFP_609,ECFP_610,ECFP_611,ECFP_612,ECFP_613,ECFP_614,ECFP_615,ECFP_616,ECFP_617,ECFP_618,ECFP_619,ECFP_620,ECFP_621,ECFP_622,ECFP_623,ECFP_624,ECFP_625,ECFP_626,ECFP_627,ECFP_628,ECFP_629,ECFP_630,ECFP_631,ECFP_632,ECFP_633,ECFP_634,ECFP_635,ECFP_636,ECFP_637,ECFP_638,ECFP_639,ECFP_640,ECFP_641,ECFP_642,ECFP_643,ECFP_644,ECFP_645,ECFP_646,ECFP_647,ECFP_648,ECFP_649,ECFP_650,ECFP_651,ECFP_652,ECFP_653,ECFP_654,ECFP_655,ECFP_656,ECFP_657,ECFP_658,ECFP_659,ECFP_660,ECFP_661,ECFP_662,ECFP_663,ECFP_664,ECFP_665,ECFP_666,ECFP_667,ECFP_668,ECFP_669,ECFP_670,ECFP_671,ECFP_672,ECFP_673,ECFP_674,ECFP_675,ECFP_676,ECFP_677,ECFP_678,ECFP_679,ECFP_680,ECFP_681,ECFP_682,ECFP_683,ECFP_684,ECFP_685,ECFP_686,ECFP_687,ECFP_688,ECFP_689,ECFP_690,ECFP_691,ECFP_692,ECFP_693,ECFP_694,ECFP_695,ECFP_696,ECFP_697,ECFP_698,ECFP_699,ECFP_700,ECFP_701,ECFP_702,ECFP_703,ECFP_704,ECFP_705,ECFP_706,ECFP_707,ECFP_708,ECFP_709,ECFP_710,ECFP_711,ECFP_712,ECFP_713,ECFP_714,ECFP_715,ECFP_716,ECFP_717,ECFP_718,ECFP_719,ECFP_720,ECFP_721,ECFP_722,ECFP_723,ECFP_724,ECFP_725,ECFP_726,ECFP_727,ECFP_728,ECFP_729,ECFP_730,ECFP_731,ECFP_732,ECFP_733,ECFP_734,ECFP_735,ECFP_736,ECFP_737,ECFP_738,ECFP_739,ECFP_740,ECFP_741,ECFP_742,ECFP_743,ECFP_744,ECFP_745,ECFP_746,ECFP_747,ECFP_748,ECFP_749,ECFP_750,ECFP_751,ECFP_752,ECFP_753,ECFP_754,ECFP_755,ECFP_756,ECFP_757,ECFP_758,ECFP_759,ECFP_760,ECFP_761,ECFP_762,ECFP_763,ECFP_764,ECFP_765,ECFP_766,ECFP_767,ECFP_768,ECFP_769,ECFP_770,ECFP_771,ECFP_772,ECFP_773,ECFP_774,ECFP_775,ECFP_776,ECFP_777,ECFP_778,ECFP_779,ECFP_780,ECFP_781,ECFP_782,ECFP_783,ECFP_784,ECFP_785,ECFP_786,ECFP_787,ECFP_788,ECFP_789,ECFP_790,ECFP_791,ECFP_792,ECFP_793,ECFP_794,ECFP_795,ECFP_796,ECFP_797,ECFP_798,ECFP_799,ECFP_800,ECFP_801,ECFP_802,ECFP_803,ECFP_804,ECFP_805,ECFP_806,ECFP_807,ECFP_808,ECFP_809,ECFP_810,ECFP_811,ECFP_812,ECFP_813,ECFP_814,ECFP_815,ECFP_816,ECFP_817,ECFP_818,ECFP_819,ECFP_820,ECFP_821,ECFP_822,ECFP_823,ECFP_824,ECFP_825,ECFP_826,ECFP_827,ECFP_828,ECFP_829,ECFP_830,ECFP_831,ECFP_832,ECFP_833,ECFP_834,ECFP_835,ECFP_836,ECFP_837,ECFP_838,ECFP_839,ECFP_840,ECFP_841,ECFP_842,ECFP_843,ECFP_844,ECFP_845,ECFP_846,ECFP_847,ECFP_848,ECFP_849,ECFP_850,ECFP_851,ECFP_852,ECFP_853,ECFP_854,ECFP_855,ECFP_856,ECFP_857,ECFP_858,ECFP_859,ECFP_860,ECFP_861,ECFP_862,ECFP_863,ECFP_864,ECFP_865,ECFP_866,ECFP_867,ECFP_868,ECFP_869,ECFP_870,ECFP_871,ECFP_872,ECFP_873,ECFP_874,ECFP_875,ECFP_876,ECFP_877,ECFP_878,ECFP_879,ECFP_880,ECFP_881,ECFP_882,ECFP_883,ECFP_884,ECFP_885,ECFP_886,ECFP_887,ECFP_888,ECFP_889,ECFP_890,ECFP_891,ECFP_892,ECFP_893,ECFP_894,ECFP_895,ECFP_896,ECFP_897,ECFP_898,ECFP_899,ECFP_900,ECFP_901,ECFP_902,ECFP_903,ECFP_904,ECFP_905,ECFP_906,ECFP_907,ECFP_908,ECFP_909,ECFP_910,ECFP_911,ECFP_912,ECFP_913,ECFP_914,ECFP_915,ECFP_916,ECFP_917,ECFP_918,ECFP_919,ECFP_920,ECFP_921,ECFP_922,ECFP_923,ECFP_924,ECFP_925,ECFP_926,ECFP_927,ECFP_928,ECFP_929,ECFP_930,ECFP_931,ECFP_932,ECFP_933,ECFP_934,ECFP_935,ECFP_936,ECFP_937,ECFP_938,ECFP_939,ECFP_940,ECFP_941,ECFP_942,ECFP_943,ECFP_944,ECFP_945,ECFP_946,ECFP_947,ECFP_948,ECFP_949,ECFP_950,ECFP_951,ECFP_952,ECFP_953,ECFP_954,ECFP_955,ECFP_956,ECFP_957,ECFP_958,ECFP_959,ECFP_960,ECFP_961,ECFP_962,ECFP_963,ECFP_964,ECFP_965,ECFP_966,ECFP_967,ECFP_968,ECFP_969,ECFP_970,ECFP_971,ECFP_972,ECFP_973,ECFP_974,ECFP_975,ECFP_976,ECFP_977,ECFP_978,ECFP_979,ECFP_980,ECFP_981,ECFP_982,ECFP_983,ECFP_984,ECFP_985,ECFP_986,ECFP_987,ECFP_988,ECFP_989,ECFP_990,ECFP_991,ECFP_992,ECFP_993,ECFP_994,ECFP_995,ECFP_996,ECFP_997,ECFP_998,ECFP_999,ECFP_1000,ECFP_1001,ECFP_1002,ECFP_1003,ECFP_1004,ECFP_1005,ECFP_1006,ECFP_1007,ECFP_1008,ECFP_1009,ECFP_1010,ECFP_1011,ECFP_1012,ECFP_1013,ECFP_1014,ECFP_1015,ECFP_1016,ECFP_1017,ECFP_1018,ECFP_1019,ECFP_1020,ECFP_1021,ECFP_1022,ECFP_1023,padel1d2d_0,padel1d2d_1,padel1d2d_2,padel1d2d_3,padel1d2d_4,padel1d2d_5,padel1d2d_6,padel1d2d_7,padel1d2d_8,padel1d2d_9,padel1d2d_10,padel1d2d_11,padel1d2d_12,padel1d2d_13,padel1d2d_14,padel1d2d_15,padel1d2d_16,padel1d2d_17,padel1d2d_18,padel1d2d_19,padel1d2d_20,padel1d2d_21,padel1d2d_22,padel1d2d_23,padel1d2d_24,padel1d2d_25,padel1d2d_26,padel1d2d_27,padel1d2d_28,padel1d2d_29,padel1d2d_30,padel1d2d_31,padel1d2d_32,padel1d2d_33,padel1d2d_34,padel1d2d_35,padel1d2d_36,padel1d2d_37,padel1d2d_38,padel1d2d_39,padel1d2d_40,padel1d2d_41,padel1d2d_42,padel1d2d_43,padel1d2d_44,padel1d2d_45,padel1d2d_46,padel1d2d_47,padel1d2d_48,padel1d2d_49,padel1d2d_50,padel1d2d_51,padel1d2d_52,padel1d2d_53,padel1d2d_54,padel1d2d_55,padel1d2d_56,padel1d2d_57,padel1d2d_58,padel1d2d_59,padel1d2d_60,padel1d2d_61,padel1d2d_62,padel1d2d_63,padel1d2d_64,padel1d2d_65,padel1d2d_66,padel1d2d_67,padel1d2d_68,padel1d2d_69,padel1d2d_70,padel1d2d_71,padel1d2d_72,padel1d2d_73,padel1d2d_74,padel1d2d_75,padel1d2d_76,padel1d2d_77,padel1d2d_78,padel1d2d_79,padel1d2d_80,padel1d2d_81,padel1d2d_82,padel1d2d_83,padel1d2d_84,padel1d2d_85,padel1d2d_86,padel1d2d_87,padel1d2d_88,padel1d2d_89,padel1d2d_90,padel1d2d_91,padel1d2d_92,padel1d2d_93,padel1d2d_94,padel1d2d_95,padel1d2d_96,padel1d2d_97,padel1d2d_98,padel1d2d_99,padel1d2d_100,padel1d2d_101,padel1d2d_102,padel1d2d_103,padel1d2d_104,padel1d2d_105,padel1d2d_106,padel1d2d_107,padel1d2d_108,padel1d2d_109,padel1d2d_110,padel1d2d_111,padel1d2d_112,padel1d2d_113,padel1d2d_114,padel1d2d_115,padel1d2d_116,padel1d2d_117,padel1d2d_118,padel1d2d_119,padel1d2d_120,padel1d2d_121,padel1d2d_122,padel1d2d_123,padel1d2d_124,padel1d2d_125,padel1d2d_126,padel1d2d_127,padel1d2d_128,padel1d2d_129,padel1d2d_130,padel1d2d_131,padel1d2d_132,padel1d2d_133,padel1d2d_134,padel1d2d_135,padel1d2d_136,padel1d2d_137,padel1d2d_138,padel1d2d_139,padel1d2d_140,padel1d2d_141,padel1d2d_142,padel1d2d_143,padel1d2d_144,padel1d2d_145,padel1d2d_146,padel1d2d_147,padel1d2d_148,padel1d2d_149,padel1d2d_150,padel1d2d_151,padel1d2d_152,padel1d2d_153,padel1d2d_154,padel1d2d_155,padel1d2d_156,padel1d2d_157,padel1d2d_158,padel1d2d_159,padel1d2d_160,padel1d2d_161,padel1d2d_162,padel1d2d_163,padel1d2d_164,padel1d2d_165,padel1d2d_166,padel1d2d_167,padel1d2d_168,padel1d2d_169,padel1d2d_170,padel1d2d_171,padel1d2d_172,padel1d2d_173,padel1d2d_174,padel1d2d_175,padel1d2d_176,padel1d2d_177,padel1d2d_178,padel1d2d_179,padel1d2d_180,padel1d2d_181,padel1d2d_182,padel1d2d_183,padel1d2d_184,padel1d2d_185,padel1d2d_186,padel1d2d_187,padel1d2d_188,padel1d2d_189,padel1d2d_190,padel1d2d_191,padel1d2d_192,padel1d2d_193,padel1d2d_194,padel1d2d_195,padel1d2d_196,padel1d2d_197,padel1d2d_198,padel1d2d_199,padel1d2d_200,padel1d2d_201,padel1d2d_202,padel1d2d_203,padel1d2d_204,padel1d2d_205,padel1d2d_206,padel1d2d_207,padel1d2d_208,padel1d2d_209,padel1d2d_210,padel1d2d_211,padel1d2d_212,padel1d2d_213,padel1d2d_214,padel1d2d_215,padel1d2d_216,padel1d2d_217,padel1d2d_218,padel1d2d_219,padel1d2d_220,padel1d2d_221,padel1d2d_222,padel1d2d_223,padel1d2d_224,padel1d2d_225,padel1d2d_226,padel1d2d_227,padel1d2d_228,padel1d2d_229,padel1d2d_230,padel1d2d_231,padel1d2d_232,padel1d2d_233,padel1d2d_234,padel1d2d_235,padel1d2d_236,padel1d2d_237,padel1d2d_238,padel1d2d_239,padel1d2d_240,padel1d2d_241,padel1d2d_242,padel1d2d_243,padel1d2d_244,padel1d2d_245,padel1d2d_246,padel1d2d_247,padel1d2d_248,padel1d2d_249,padel1d2d_250,padel1d2d_251,padel1d2d_252,padel1d2d_253,padel1d2d_254,padel1d2d_255,padel1d2d_256,padel1d2d_257,padel1d2d_258,padel1d2d_259,padel1d2d_260,padel1d2d_261,padel1d2d_262,padel1d2d_263,padel1d2d_264,padel1d2d_265,padel1d2d_266,padel1d2d_267,padel1d2d_268,padel1d2d_269,padel1d2d_270,padel1d2d_271,padel1d2d_272,padel1d2d_273,padel1d2d_274,padel1d2d_275,padel1d2d_276,padel1d2d_277,padel1d2d_278,padel1d2d_279,padel1d2d_280,padel1d2d_281,padel1d2d_282,padel1d2d_283,padel1d2d_284,padel1d2d_285,padel1d2d_286,padel1d2d_287,padel1d2d_288,padel1d2d_289,padel1d2d_290,padel1d2d_291,padel1d2d_292,padel1d2d_293,padel1d2d_294,padel1d2d_295,padel1d2d_296,padel1d2d_297,padel1d2d_298,padel1d2d_299,padel1d2d_300,padel1d2d_301,padel1d2d_302,padel1d2d_303,padel1d2d_304,padel1d2d_305,padel1d2d_306,padel1d2d_307,padel1d2d_308,padel1d2d_309,padel1d2d_310,padel1d2d_311,padel1d2d_312,padel1d2d_313,padel1d2d_314,padel1d2d_315,padel1d2d_316,padel1d2d_317,padel1d2d_318,padel1d2d_319,padel1d2d_320,padel1d2d_321,padel1d2d_322,padel1d2d_323,padel1d2d_324,padel1d2d_325,padel1d2d_326,padel1d2d_327,padel1d2d_328,padel1d2d_329,padel1d2d_330,padel1d2d_331,padel1d2d_332,padel1d2d_333,padel1d2d_334,padel1d2d_335,padel1d2d_336,padel1d2d_337,padel1d2d_338,padel1d2d_339,padel1d2d_340,padel1d2d_341,padel1d2d_342,padel1d2d_343,padel1d2d_344,padel1d2d_345,padel1d2d_346,padel1d2d_347,padel1d2d_348,padel1d2d_349,padel1d2d_350,padel1d2d_351,padel1d2d_352,padel1d2d_353,padel1d2d_354,padel1d2d_355,padel1d2d_356,padel1d2d_357,padel1d2d_358,padel1d2d_359,padel1d2d_360,padel1d2d_361,padel1d2d_362,padel1d2d_363,padel1d2d_364,padel1d2d_365,padel1d2d_366,padel1d2d_367,padel1d2d_368,padel1d2d_369,padel1d2d_370,padel1d2d_371,padel1d2d_372,padel1d2d_373,padel1d2d_374,padel1d2d_375,padel1d2d_376,padel1d2d_377,padel1d2d_378,padel1d2d_379,padel1d2d_380,padel1d2d_381,padel1d2d_382,padel1d2d_383,padel1d2d_384,padel1d2d_385,padel1d2d_386,padel1d2d_387,padel1d2d_388,padel1d2d_389,padel1d2d_390,padel1d2d_391,padel1d2d_392,padel1d2d_393,padel1d2d_394,padel1d2d_395,padel1d2d_396,padel1d2d_397,padel1d2d_398,padel1d2d_399,padel1d2d_400,padel1d2d_401,padel1d2d_402,padel1d2d_403,padel1d2d_404,padel1d2d_405,padel1d2d_406,padel1d2d_407,padel1d2d_408,padel1d2d_409,padel1d2d_410,padel1d2d_411,padel1d2d_412,padel1d2d_413,padel1d2d_414,padel1d2d_415,padel1d2d_416,padel1d2d_417,padel1d2d_418,padel1d2d_419,padel1d2d_420,padel1d2d_421,padel1d2d_422,padel1d2d_423,padel1d2d_424,padel1d2d_425,padel1d2d_426,padel1d2d_427,padel1d2d_428,padel1d2d_429,padel1d2d_430,padel1d2d_431,padel1d2d_432,padel1d2d_433,padel1d2d_434,padel1d2d_435,padel1d2d_436,padel1d2d_437,padel1d2d_438,padel1d2d_439,padel1d2d_440,padel1d2d_441,padel1d2d_442,padel1d2d_443,padel1d2d_444,padel1d2d_445,padel1d2d_446,padel1d2d_447,padel1d2d_448,padel1d2d_449,padel1d2d_450,padel1d2d_451,padel1d2d_452,padel1d2d_453,padel1d2d_454,padel1d2d_455,padel1d2d_456,padel1d2d_457,padel1d2d_458,padel1d2d_459,padel1d2d_460,padel1d2d_461,padel1d2d_462,padel1d2d_463,padel1d2d_464,padel1d2d_465,padel1d2d_466,padel1d2d_467,padel1d2d_468,padel1d2d_469,padel1d2d_470,padel1d2d_471,padel1d2d_472,padel1d2d_473,padel1d2d_474,padel1d2d_475,padel1d2d_476,padel1d2d_477,padel1d2d_478,padel1d2d_479,padel1d2d_480,padel1d2d_481,padel1d2d_482,padel1d2d_483,padel1d2d_484,padel1d2d_485,padel1d2d_486,padel1d2d_487,padel1d2d_488,padel1d2d_489,padel1d2d_490,padel1d2d_491,padel1d2d_492,padel1d2d_493,padel1d2d_494,padel1d2d_495,padel1d2d_496,padel1d2d_497,padel1d2d_498,padel1d2d_499,padel1d2d_500,padel1d2d_501,padel1d2d_502,padel1d2d_503,padel1d2d_504,padel1d2d_505,padel1d2d_506,padel1d2d_507,padel1d2d_508,padel1d2d_509,padel1d2d_510,padel1d2d_511,padel1d2d_512,padel1d2d_513,padel1d2d_514,padel1d2d_515,padel1d2d_516,padel1d2d_517,padel1d2d_518,padel1d2d_519,padel1d2d_520,padel1d2d_521,padel1d2d_522,padel1d2d_523,padel1d2d_524,padel1d2d_525,padel1d2d_526,padel1d2d_527,padel1d2d_528,padel1d2d_529,padel1d2d_530,padel1d2d_531,padel1d2d_532,padel1d2d_533,padel1d2d_534,padel1d2d_535,padel1d2d_536,padel1d2d_537,padel1d2d_538,padel1d2d_539,padel1d2d_540,padel1d2d_541,padel1d2d_542,padel1d2d_543,padel1d2d_544,padel1d2d_545,padel1d2d_546,padel1d2d_547,padel1d2d_548,padel1d2d_549,padel1d2d_550,padel1d2d_551,padel1d2d_552,padel1d2d_553,padel1d2d_554,padel1d2d_555,padel1d2d_556,padel1d2d_557,padel1d2d_558,padel1d2d_559,padel1d2d_560,padel1d2d_561,padel1d2d_562,padel1d2d_563,padel1d2d_564,padel1d2d_565,padel1d2d_566,padel1d2d_567,padel1d2d_568,padel1d2d_569,padel1d2d_570,padel1d2d_571,padel1d2d_572,padel1d2d_573,padel1d2d_574,padel1d2d_575,padel1d2d_576,padel1d2d_577,padel1d2d_578,padel1d2d_579,padel1d2d_580,padel1d2d_581,padel1d2d_582,padel1d2d_583,padel1d2d_584,padel1d2d_585,padel1d2d_586,padel1d2d_587,padel1d2d_588,padel1d2d_589,padel1d2d_590,padel1d2d_591,padel1d2d_592,padel1d2d_593,padel1d2d_594,padel1d2d_595,padel1d2d_596,padel1d2d_597,padel1d2d_598,padel1d2d_599,padel1d2d_600,padel1d2d_601,padel1d2d_602,padel1d2d_603,padel1d2d_604,padel1d2d_605,padel1d2d_606,padel1d2d_607,padel1d2d_608,padel1d2d_609,padel1d2d_610,padel1d2d_611,padel1d2d_612,padel1d2d_613,padel1d2d_614,padel1d2d_615,padel1d2d_616,padel1d2d_617,padel1d2d_618,padel1d2d_619,padel1d2d_620,padel1d2d_621,padel1d2d_622,padel1d2d_623,padel1d2d_624,padel1d2d_625,padel1d2d_626,padel1d2d_627,padel1d2d_628,padel1d2d_629,padel1d2d_630,padel1d2d_631,padel1d2d_632,padel1d2d_633,padel1d2d_634,padel1d2d_635,padel1d2d_636,padel1d2d_637,padel1d2d_638,padel1d2d_639,padel1d2d_640,padel1d2d_641,padel1d2d_642,padel1d2d_643,padel1d2d_644,padel1d2d_645,padel1d2d_646,padel1d2d_647,padel1d2d_648,padel1d2d_649,padel1d2d_650,padel1d2d_651,padel1d2d_652,padel1d2d_653,padel1d2d_654,padel1d2d_655,padel1d2d_656,padel1d2d_657,padel1d2d_658,padel1d2d_659,padel1d2d_660,padel1d2d_661,padel1d2d_662,padel1d2d_663,padel1d2d_664,padel1d2d_665,padel1d2d_666,padel1d2d_667,padel1d2d_668,padel1d2d_669,padel1d2d_670,padel1d2d_671,padel1d2d_672,padel1d2d_673,padel1d2d_674,padel1d2d_675,padel1d2d_676,padel1d2d_677,padel1d2d_678,padel1d2d_679,padel1d2d_680,padel1d2d_681,padel1d2d_682,padel1d2d_683,padel1d2d_684,padel1d2d_685,padel1d2d_686,padel1d2d_687,padel1d2d_688,padel1d2d_689,padel1d2d_690,padel1d2d_691,padel1d2d_692,padel1d2d_693,padel1d2d_694,padel1d2d_695,padel1d2d_696,padel1d2d_697,padel1d2d_698,padel1d2d_699,padel1d2d_700,padel1d2d_701,padel1d2d_702,padel1d2d_703,padel1d2d_704,padel1d2d_705,padel1d2d_706,padel1d2d_707,padel1d2d_708,padel1d2d_709,padel1d2d_710,padel1d2d_711,padel1d2d_712,padel1d2d_713,padel1d2d_714,padel1d2d_715,padel1d2d_716,padel1d2d_717,padel1d2d_718,padel1d2d_719,padel1d2d_720,padel1d2d_721,padel1d2d_722,padel1d2d_723,padel1d2d_724,padel1d2d_725,padel1d2d_726,padel1d2d_727,padel1d2d_728,padel1d2d_729,padel1d2d_730,padel1d2d_731,padel1d2d_732,padel1d2d_733,padel1d2d_734,padel1d2d_735,padel1d2d_736,padel1d2d_737,padel1d2d_738,padel1d2d_739,padel1d2d_740,padel1d2d_741,padel1d2d_742,padel1d2d_743,padel1d2d_744,padel1d2d_745,padel1d2d_746,padel1d2d_747,padel1d2d_748,padel1d2d_749,padel1d2d_750,padel1d2d_751,padel1d2d_752,padel1d2d_753,padel1d2d_754,padel1d2d_755,padel1d2d_756,padel1d2d_757,padel1d2d_758,padel1d2d_759,padel1d2d_760,padel1d2d_761,padel1d2d_762,padel1d2d_763,padel1d2d_764,padel1d2d_765,padel1d2d_766,padel1d2d_767,padel1d2d_768,padel1d2d_769,padel1d2d_770,padel1d2d_771,padel1d2d_772,padel1d2d_773,padel1d2d_774,padel1d2d_775,padel1d2d_776,padel1d2d_777,padel1d2d_778,padel1d2d_779,padel1d2d_780,padel1d2d_781,padel1d2d_782,padel1d2d_783,padel1d2d_784,padel1d2d_785,padel1d2d_786,padel1d2d_787,padel1d2d_788,padel1d2d_789,padel1d2d_790,padel1d2d_791,padel1d2d_792,padel1d2d_793,padel1d2d_794,padel1d2d_795,padel1d2d_796,padel1d2d_797,padel1d2d_798,padel1d2d_799,padel1d2d_800,padel1d2d_801,padel1d2d_802,padel1d2d_803,padel1d2d_804,padel1d2d_805,padel1d2d_806,padel1d2d_807,padel1d2d_808,padel1d2d_809,padel1d2d_810,padel1d2d_811,padel1d2d_812,padel1d2d_813,padel1d2d_814,padel1d2d_815,padel1d2d_816,padel1d2d_817,padel1d2d_818,padel1d2d_819,padel1d2d_820,padel1d2d_821,padel1d2d_822,padel1d2d_823,padel1d2d_824,padel1d2d_825,padel1d2d_826,padel1d2d_827,padel1d2d_828,padel1d2d_829,padel1d2d_830,padel1d2d_831,padel1d2d_832,padel1d2d_833,padel1d2d_834,padel1d2d_835,padel1d2d_836,padel1d2d_837,padel1d2d_838,padel1d2d_839,padel1d2d_840,padel1d2d_841,padel1d2d_842,padel1d2d_843,padel1d2d_844,padel1d2d_845,padel1d2d_846,padel1d2d_847,padel1d2d_848,padel1d2d_849,padel1d2d_850,padel1d2d_851,padel1d2d_852,padel1d2d_853,padel1d2d_854,padel1d2d_855,padel1d2d_856,padel1d2d_857,padel1d2d_858,padel1d2d_859,padel1d2d_860,padel1d2d_861,padel1d2d_862,padel1d2d_863,padel1d2d_864,padel1d2d_865,padel1d2d_866,padel1d2d_867,padel1d2d_868,padel1d2d_869,padel1d2d_870,padel1d2d_871,padel1d2d_872,padel1d2d_873,padel1d2d_874,padel1d2d_875,padel1d2d_876,padel1d2d_877,padel1d2d_878,padel1d2d_879,padel1d2d_880,padel1d2d_881,padel1d2d_882,padel1d2d_883,padel1d2d_884,padel1d2d_885,padel1d2d_886,padel1d2d_887,padel1d2d_888,padel1d2d_889,padel1d2d_890,padel1d2d_891,padel1d2d_892,padel1d2d_893,padel1d2d_894,padel1d2d_895,padel1d2d_896,padel1d2d_897,padel1d2d_898,padel1d2d_899,padel1d2d_900,padel1d2d_901,padel1d2d_902,padel1d2d_903,padel1d2d_904,padel1d2d_905,padel1d2d_906,padel1d2d_907,padel1d2d_908,padel1d2d_909,padel1d2d_910,padel1d2d_911,padel1d2d_912,padel1d2d_913,padel1d2d_914,padel1d2d_915,padel1d2d_916,padel1d2d_917,padel1d2d_918,padel1d2d_919,padel1d2d_920,padel1d2d_921,padel1d2d_922,padel1d2d_923,padel1d2d_924,padel1d2d_925,padel1d2d_926,padel1d2d_927,padel1d2d_928,padel1d2d_929,padel1d2d_930,padel1d2d_931,padel1d2d_932,padel1d2d_933,padel1d2d_934,padel1d2d_935,padel1d2d_936,padel1d2d_937,padel1d2d_938,padel1d2d_939,padel1d2d_940,padel1d2d_941,padel1d2d_942,padel1d2d_943,padel1d2d_944,padel1d2d_945,padel1d2d_946,padel1d2d_947,padel1d2d_948,padel1d2d_949,padel1d2d_950,padel1d2d_951,padel1d2d_952,padel1d2d_953,padel1d2d_954,padel1d2d_955,padel1d2d_956,padel1d2d_957,padel1d2d_958,padel1d2d_959,padel1d2d_960,padel1d2d_961,padel1d2d_962,padel1d2d_963,padel1d2d_964,padel1d2d_965,padel1d2d_966,padel1d2d_967,padel1d2d_968,padel1d2d_969,padel1d2d_970,padel1d2d_971,padel1d2d_972,padel1d2d_973,padel1d2d_974,padel1d2d_975,padel1d2d_976,padel1d2d_977,padel1d2d_978,padel1d2d_979,padel1d2d_980,padel1d2d_981,padel1d2d_982,padel1d2d_983,padel1d2d_984,padel1d2d_985,padel1d2d_986,padel1d2d_987,padel1d2d_988,padel1d2d_989,padel1d2d_990,padel1d2d_991,padel1d2d_992,padel1d2d_993,padel1d2d_994,padel1d2d_995,padel1d2d_996,padel1d2d_997,padel1d2d_998,padel1d2d_999,padel1d2d_1000,padel1d2d_1001,padel1d2d_1002,padel1d2d_1003,padel1d2d_1004,padel1d2d_1005,padel1d2d_1006,padel1d2d_1007,padel1d2d_1008,padel1d2d_1009,padel1d2d_1010,padel1d2d_1011,padel1d2d_1012,padel1d2d_1013,padel1d2d_1014,padel1d2d_1015,padel1d2d_1016,padel1d2d_1017,padel1d2d_1018,padel1d2d_1019,padel1d2d_1020,padel1d2d_1021,padel1d2d_1022,padel1d2d_1023,padel1d2d_1024,padel1d2d_1025,padel1d2d_1026,padel1d2d_1027,padel1d2d_1028,padel1d2d_1029,padel1d2d_1030,padel1d2d_1031,padel1d2d_1032,padel1d2d_1033,padel1d2d_1034,padel1d2d_1035,padel1d2d_1036,padel1d2d_1037,padel1d2d_1038,padel1d2d_1039,padel1d2d_1040,padel1d2d_1041,padel1d2d_1042,padel1d2d_1043,padel1d2d_1044,padel1d2d_1045,padel1d2d_1046,padel1d2d_1047,padel1d2d_1048,padel1d2d_1049,padel1d2d_1050,padel1d2d_1051,padel1d2d_1052,padel1d2d_1053,padel1d2d_1054,padel1d2d_1055,padel1d2d_1056,padel1d2d_1057,padel1d2d_1058,padel1d2d_1059,padel1d2d_1060,padel1d2d_1061,padel1d2d_1062,padel1d2d_1063,padel1d2d_1064,padel1d2d_1065,padel1d2d_1066,padel1d2d_1067,padel1d2d_1068,padel1d2d_1069,padel1d2d_1070,padel1d2d_1071,padel1d2d_1072,padel1d2d_1073,padel1d2d_1074,padel1d2d_1075,padel1d2d_1076,padel1d2d_1077,padel1d2d_1078,padel1d2d_1079,padel1d2d_1080,padel1d2d_1081,padel1d2d_1082,padel1d2d_1083,padel1d2d_1084,padel1d2d_1085,padel1d2d_1086,padel1d2d_1087,padel1d2d_1088,padel1d2d_1089,padel1d2d_1090,padel1d2d_1091,padel1d2d_1092,padel1d2d_1093,padel1d2d_1094,padel1d2d_1095,padel1d2d_1096,padel1d2d_1097,padel1d2d_1098,padel1d2d_1099,padel1d2d_1100,padel1d2d_1101,padel1d2d_1102,padel1d2d_1103,padel1d2d_1104,padel1d2d_1105,padel1d2d_1106,padel1d2d_1107,padel1d2d_1108,padel1d2d_1109,padel1d2d_1110,padel1d2d_1111,padel1d2d_1112,padel1d2d_1113,padel1d2d_1114,padel1d2d_1115,padel1d2d_1116,padel1d2d_1117,padel1d2d_1118,padel1d2d_1119,padel1d2d_1120,padel1d2d_1121,padel1d2d_1122,padel1d2d_1123,padel1d2d_1124,padel1d2d_1125,padel1d2d_1126,padel1d2d_1127,padel1d2d_1128,padel1d2d_1129,padel1d2d_1130,padel1d2d_1131,padel1d2d_1132,padel1d2d_1133,padel1d2d_1134,padel1d2d_1135,padel1d2d_1136,padel1d2d_1137,padel1d2d_1138,padel1d2d_1139,padel1d2d_1140,padel1d2d_1141,padel1d2d_1142,padel1d2d_1143,padel1d2d_1144,padel1d2d_1145,padel1d2d_1146,padel1d2d_1147,padel1d2d_1148,padel1d2d_1149,padel1d2d_1150,padel1d2d_1151,padel1d2d_1152,padel1d2d_1153,padel1d2d_1154,padel1d2d_1155,padel1d2d_1156,padel1d2d_1157,padel1d2d_1158,padel1d2d_1159,padel1d2d_1160,padel1d2d_1161,padel1d2d_1162,padel1d2d_1163,padel1d2d_1164,padel1d2d_1165,padel1d2d_1166,padel1d2d_1167,padel1d2d_1168,padel1d2d_1169,padel1d2d_1170,padel1d2d_1171,padel1d2d_1172,padel1d2d_1173,padel1d2d_1174,padel1d2d_1175,padel1d2d_1176,padel1d2d_1177,padel1d2d_1178,padel1d2d_1179,padel1d2d_1180,padel1d2d_1181,padel1d2d_1182,padel1d2d_1183,padel1d2d_1184,padel1d2d_1185,padel1d2d_1186,padel1d2d_1187,padel1d2d_1188,padel1d2d_1189,padel1d2d_1190,padel1d2d_1191,padel1d2d_1192,padel1d2d_1193,padel1d2d_1194,padel1d2d_1195,padel1d2d_1196,padel1d2d_1197,padel1d2d_1198,padel1d2d_1199,padel1d2d_1200,padel1d2d_1201,padel1d2d_1202,padel1d2d_1203,padel1d2d_1204,padel1d2d_1205,padel1d2d_1206,padel1d2d_1207,padel1d2d_1208,padel1d2d_1209,padel1d2d_1210,padel1d2d_1211,padel1d2d_1212,padel1d2d_1213,padel1d2d_1214,padel1d2d_1215,padel1d2d_1216,padel1d2d_1217,padel1d2d_1218,padel1d2d_1219,padel1d2d_1220,padel1d2d_1221,padel1d2d_1222,padel1d2d_1223,padel1d2d_1224,padel1d2d_1225,padel1d2d_1226,padel1d2d_1227,padel1d2d_1228,padel1d2d_1229,padel1d2d_1230,padel1d2d_1231,padel1d2d_1232,padel1d2d_1233,padel1d2d_1234,padel1d2d_1235,padel1d2d_1236,padel1d2d_1237,padel1d2d_1238,padel1d2d_1239,padel1d2d_1240,padel1d2d_1241,padel1d2d_1242,padel1d2d_1243,padel1d2d_1244,padel1d2d_1245,padel1d2d_1246,padel1d2d_1247,padel1d2d_1248,padel1d2d_1249,padel1d2d_1250,padel1d2d_1251,padel1d2d_1252,padel1d2d_1253,padel1d2d_1254,padel1d2d_1255,padel1d2d_1256,padel1d2d_1257,padel1d2d_1258,padel1d2d_1259,padel1d2d_1260,padel1d2d_1261,padel1d2d_1262,padel1d2d_1263,padel1d2d_1264,padel1d2d_1265,padel1d2d_1266,padel1d2d_1267,padel1d2d_1268,padel1d2d_1269,padel1d2d_1270,padel1d2d_1271,padel1d2d_1272,padel1d2d_1273,padel1d2d_1274,padel1d2d_1275,padel1d2d_1276,padel1d2d_1277,padel1d2d_1278,padel1d2d_1279,padel1d2d_1280,padel1d2d_1281,padel1d2d_1282,padel1d2d_1283,padel1d2d_1284,padel1d2d_1285,padel1d2d_1286,padel1d2d_1287,padel1d2d_1288,padel1d2d_1289,padel1d2d_1290,padel1d2d_1291,padel1d2d_1292,padel1d2d_1293,padel1d2d_1294,padel1d2d_1295,padel1d2d_1296,padel1d2d_1297,padel1d2d_1298,padel1d2d_1299,padel1d2d_1300,padel1d2d_1301,padel1d2d_1302,padel1d2d_1303,padel1d2d_1304,padel1d2d_1305,padel1d2d_1306,padel1d2d_1307,padel1d2d_1308,padel1d2d_1309,padel1d2d_1310,padel1d2d_1311,padel1d2d_1312,padel1d2d_1313,padel1d2d_1314,padel1d2d_1315,padel1d2d_1316,padel1d2d_1317,padel1d2d_1318,padel1d2d_1319,padel1d2d_1320,padel1d2d_1321,padel1d2d_1322,padel1d2d_1323,padel1d2d_1324,padel1d2d_1325,padel1d2d_1326,padel1d2d_1327,padel1d2d_1328,padel1d2d_1329,padel1d2d_1330,padel1d2d_1331,padel1d2d_1332,padel1d2d_1333,padel1d2d_1334,padel1d2d_1335,padel1d2d_1336,padel1d2d_1337,padel1d2d_1338,padel1d2d_1339,padel1d2d_1340,padel1d2d_1341,padel1d2d_1342,padel1d2d_1343,padel1d2d_1344,padel1d2d_1345,padel1d2d_1346,padel1d2d_1347,padel1d2d_1348,padel1d2d_1349,padel1d2d_1350,padel1d2d_1351,padel1d2d_1352,padel1d2d_1353,padel1d2d_1354,padel1d2d_1355,padel1d2d_1356,padel1d2d_1357,padel1d2d_1358,padel1d2d_1359,padel1d2d_1360,padel1d2d_1361,padel1d2d_1362,padel1d2d_1363,padel1d2d_1364,padel1d2d_1365,padel1d2d_1366,padel1d2d_1367,padel1d2d_1368,padel1d2d_1369,padel1d2d_1370,padel1d2d_1371,padel1d2d_1372,padel1d2d_1373,padel1d2d_1374,padel1d2d_1375,padel1d2d_1376,padel1d2d_1377,padel1d2d_1378,padel1d2d_1379,padel1d2d_1380,padel1d2d_1381,padel1d2d_1382,padel1d2d_1383,padel1d2d_1384,padel1d2d_1385,padel1d2d_1386,padel1d2d_1387,padel1d2d_1388,padel1d2d_1389,padel1d2d_1390,padel1d2d_1391,padel1d2d_1392,padel1d2d_1393,padel1d2d_1394,padel1d2d_1395,padel1d2d_1396,padel1d2d_1397,padel1d2d_1398,padel1d2d_1399,padel1d2d_1400,padel1d2d_1401,padel1d2d_1402,padel1d2d_1403,padel1d2d_1404,padel1d2d_1405,padel1d2d_1406,padel1d2d_1407,padel1d2d_1408,padel1d2d_1409,padel1d2d_1410,padel1d2d_1411,padel1d2d_1412,padel1d2d_1413,padel1d2d_1414,padel1d2d_1415,padel1d2d_1416,padel1d2d_1417,padel1d2d_1418,padel1d2d_1419,padel1d2d_1420,padel1d2d_1421,padel1d2d_1422,padel1d2d_1423,padel1d2d_1424,padel1d2d_1425,padel1d2d_1426,padel1d2d_1427,padel1d2d_1428,padel1d2d_1429,padel1d2d_1430,padel1d2d_1431,padel1d2d_1432,padel1d2d_1433,padel1d2d_1434,padel1d2d_1435,padel1d2d_1436,padel1d2d_1437,padel1d2d_1438,padel1d2d_1439,padel1d2d_1440,padel1d2d_1441,padel1d2d_1442,padel1d2d_1443,AgonistP1AnagonistN1_label,ActivityValue_log_EC50
0,0,0,0,0,0,0,0,0,0,0,0,0,0,0,0,0,0,0,0,0,0,0,0,0,0,0,0,0,0,0,0,0,0,0,0,0,0,0,0,0,0,0,0,0,0,0,0,0,0,0,0,0,0,0,0,0,0,0,0,0,0,0,0,0,0,0,0,0,0,0,0,0,0,0,0,0,0,0,0,0,0,0,0,0,0,0,0,0,0,0,0,0,0,0,0,0,0,0,0,0,0,0,0,0,0,0,0,0,0,0,0,0,0,0,0,0,0,0,0,0,0,0,0,0,0,0,0,0,0,0,0,0,0,0,0,0,0,0,0,0,0,0,0,0,0,0,0,0,0,0,0,0,0,0,0,0,0,0,0,0,0,0,0,0,0,0,0,0,0,0,0,0,0,0,2,3,1,2,1,2,3,1,3,2,2,1,1,4,2,2,1,1,1,2,5,3,1,2,2,1,0,0,0,0,0,0,0,0,0,0,0,0,0,0,0,0,3,1,3,2,0,0,0,0,0,0,0,0,0,0,0,0,0,0,0,0,0,2,5,1,5,2,4,0,0,0,0,0,0,0,0,0,0,0,1,4,0,0,0,0,0,0,0,0,0,0,0,0,0,0,0,0,0,0,0,0,0,0,0,0,0,0,0,0,0,0,0,0,0,0,0,0,0,0,0,0,0,0,0,0,0,0,0,0,0,0,0,0,0,0,0,0,0,0,0,0,0,0,0,0,0,0,0,0,0,0,0,0,0,0,0,0,0,0,0,0,0,0,0,0,0,0,0,0,0,0,0,0,0,0,0,0,0,0,0,0,0,0,0,0,0,0,0,0,0,0,0,0,0,0,0,0,0,0,0,0,0,0,0,0,0,0,0,0,0,0,0,0,0,0,0,0,0,0,0,4,2,3,2,3,4,4,2,2,5,2,5,2,0,0,0,0,0,0,0,0,0,0,0,0,0,0,0,0,0,0,0,0,0,0,0,0,2,1,1,3,3,3,4,0,0,0,0,0,0,0,0,0,0,0,0,0,0,0,0,0,0,0,0,0,0,0,0,0,0,0,0,0,0,0,0,0,0,0,0,0,0,0,0,0,0,0,0,0,0,0,0,0,0,0,0,0,0,0,0,0,0,0,0,0,0,0,0,0,0,0,0,0,0,0,0,0,0,0,0,0,0,0,0,0,0,0,0,0,0,0,0,0,0,0,0,0,0,0,0,0,0,0,0,0,0,0,0,0,0,0,0,0,0,0,0,0,0,0,0,0,0,0,0,0,0,0,0,0,0,0,0,0,0,0,0,0,0,0,0,0,0,0,0,0,0,0,0,0,0,0,0,0,2,2,2,1,2,1,0,0,0,0,0,0,0,0,0,0,0,0,0,0,0,0,0,0,0,2,3,2,2,2,0,2,2,0,0,0,0,0,0,0,0,0,0,0,2,2,1,2,2,1,3,1,2,0,0,0,0,0,0,3,1,2,2,2,0,0,2,0,0,0,0,5,5,0,0,0,0,0,0,0,0,0,0,0,5,2,2,5,0,0,0,0,0,3,0,0,0,1,0,0,0,3,3,0,2,2,2,2,0,0,0,0,0,0,0,0,0,0,0,0,0,0,0,3,2,2,0,2,3,4,0,0,0,0,0,0,0,0,0,0,0,0,0,0,0,0,0,0,0,0,0,0,0,0,0,0,0,0,0,0,0,0,2,2,2,2,2,0,2,1,2,0,0,0,0,0,0,0,0,0,0,0,0,0,0,0,0,0,0,0,0,0,0,0,0,1,2,4,2,0,0,0,0,2,4,0,0,0,2,2,5,0,0,0,0,0,0,0,3,2,0,0,0,0,0,0,0,1,2,2,0,0,0,0,0,2,1,0,0,2,1,0,0,0,0,0,1,1,0,0,0,0,0,0,0,0,0,0,0,0,0,0,0,0,0,0,0,0,0,0,0,0,0,0,0,0,0,0,0,0,0,0,0,0,0,0,0,0,0,0,0,0,0,0,0,2,0,2,5,3,0,2,2,2,4,2,2,1,2,2,0,0,0,3,2,2,3,0,0,0,0,0,0,0,0,0,0,0,0,2,3,0,0,0,0,0,0,0,0,0,0,0,0,0,0,0,0,0,0,0,0,0,0,0,0,0,0,0,0,0,0,0,2,2,3,2,4,5,0,0,0,0,0,0,0,0,0,0,0,0,0,0,0,0,0,0,0,0,0,0,0,0,0,0,0,0,0,0,0,0,0,0,2,0,0,0,0,0,0,0,0,0,0,0,0,0,0,0,0,0,0,0,0,0,0,0,0,0,0,2,2,0,0,0,0,0,0,2,0,2,5,1,2,0,0,0,0,0,0,0,0,0,0,0,0,0,0,0,0,0,0,0,0,0,0,3,2,5,0,0,0,3,2,0,0,0,0,2,3,5,0,0,2,5,0,0,0,0,0,0,0,0,0,0,0,0,0,0,0,2,5,0,0,0,0,5,2,2,0,0,0,0,1,2,2,2,1,0,0,0,2,2,2,2,1,3,0,0,2,1,3,3,3,0,0,0,0,0,0,0,0,0,0,2,5,1,2,5,0,0,0,0,0,0,0,0,0,0,0,0,0,0,0,0,0,0,0,0,0,0,0,0,0,0,0,0,0,0,0,0,0,0,3,2,5,2,1,1,5,0,0,0,0,1,0,0,0,0,0,0,0,0,0,0,0,0,0,0,0,0,0,0,0,0,0,0,0,0,0,0,0,0,0,0,0,0,0,0,0,0,0,0,0,0,0,0,0,0,0,0,0,0,0,0,0,0,0,0,0,0,0,0,0,0,0,0,0,0,0,0,0,0,0,0,0,0,0,0,0,0,0,0,0,0,0,0,0,0,0,0,0,0,0,0,0,0,0,1,2,0,0,1,4,3,2,2,0,0,0,0,0,1,2,2,2,0,0,0,0,0,0,0,0,0,0,0,0,0,0,0,0,0,0,0,0,0,0,0,0,0,0,0,0,0,0,0,0,0,0,0,0,0,0,0,0,0,0,0,5,1,0,0,5,0,0,0,0,0,0,0,0,0,0,0,0,0,0,0,0,0,0,0,0,0,0,2,0,0,0,0,0,0,0,2,2,0,0,0,0,0,0,0,0,3,2,2,2,3,3,3,2,2,2,2,2,0,1,2,1,2,2,0,2,2,0,0,0,0,0,0,0,0,0,0,0,0,0,0,0,0,0,0,3,2,2,0,0,0,0,0,0,0,0,0,0,0,0,0,0,0,0,2,2,2,2,1,2,0,0,0,0,0,0,0,5,2,0,0,0,0,0,0,0,0,0,0,0,0,0,0,0,0,0,0,0,0,0,0,0,0,0,0,0,0,0,0,0,0,0,0,0,0,0,0,0,0,0,0,0,0,0,0,0,0,0,0,0,0,0,0,0,0,0,0,0,0,0,0,0,0,0,0,0,0,0,0,0,0,0,0,0,0,0,0,0,0,0,0,0,0,0,0,0,0,0,0,0,0,0,0,0,0,0,0,0,0,0,0,0,0,0,0,0,0,0,0,0,0,0,0,0,0,0,0,0,0,0,0,0,0,0,0,0,0,0,0,0,0,0,0,0,0,0,0,0,0,0,0,0,0,0,0,0,0,0,0,0,0,0,0,0,0,0,0,0,0,0,0,0,0,0,0,0,0,0,0,0,0,0,0,0,0,0,0,0,0,0,0,0,0,0,0,0,0,0,0,0,0,0,0,0,0,0,0,0,0,0,0,0,0,0,0,0,0,0,0,0,0,0,0,0,0,0,0,0,0,0,0,0,0,0,0,0,0,0,0,0,0,0,0,0,0,0,0,0,0,0,0,0,0,0,0,0,0,0,0,0,0,0,0,0,0,0,0,0,0,0,0,0,0,0,0,0,0,0,0,0,0,0,0,0,0,0,0,0,0,0,0,0,0,0,0,0,0,0,0,0,0,0,0,0,0,0,0,0,0,0,0,0,0,0,0,0,0,0,0,0,0,0,0,0,0,0,0,0,0,0,0,0,0,0,0,0,0,0,0,0,0,0,0,0,0,0,0,0,0,0,0,0,0,0,0,0,0,0,0,0,0,0,0,0,0,0,0,0,0,0,0,0,0,0,0,0,0,0,0,0,0,0,0,0,0,0,0,0,0,0,0,0,0,0,0,0,0,0,0,0,0,0,0,0,0,0,0,0,0,0,0,0,0,0,0,0,0,0,0,0,0,0,0,0,0,0,0,0,0,0,0,0,0,0,0,0,0,0,0,0,0,0,0,0,0,0,2,2,0,3,0,0,0,0,0,1,2,2,0,2,2,2,1,3,2,2,3,1,2,2,0,0,0,0,0,0,0,2,3,2,2,3,3,5,0,2,5,0,4,3,0,0,0,0,2,3,4,2,0,0,0,0,0,0,0,0,0,0,0,0,0,0,0,0,0,0,0,0,0,0,0,0,0,0,0,0,0,0,0,0,0,0,0,0,0,0,0,0,0,0,0,0,0,0,0,0,0,0,0,0,0,0,0,0,0,0,0,0,0,0,0,0,0,0,0,0,0,0,0,0,0,0,0,0,0,0,0,0,0,0,0,0,0,0,0,0,0,0,0,0,2,1,2,1,2,1,1,5,5,2,5,1,5,5,3,3,5,3,2,3,0,0,0,0,0,0,0,0,0,0,0,0,0,0,0,0,0,0,0,0,0,0,0,0,0,0,0,0,0,0,0,0,0,0,0,0,0,0,0,0,0,0,0,0,0,0,0,0,0,0,0,0,0,0,0,0,0,0,0,0,0,0,0,0,0,0,0,0,0,0,0,0,0,0,0,0,0,0,0,0,0,0,0,0,0,0,0,0,0,0,0,0,0,0,0,0,0,0,0,0,0,0,0,0,0,0,0,0,0,0,0,0,0,0,0,0,0,0,0,0,0,0,0,0,0,0,0,0,0,0,0,0,0,0,0,0,0,0,0,0,0,0,0,0,0,0,0,0,0,0,0,0,0,0,0,0,0,0,0,0,0,0,0,0,0,0,0,0,0,0,0,0,0,0,0,0,0,0,0,0,0,0,0,0,0,0,0,0,0,0,0,0,0,0,0,0,0,0,0,0,0,0,0,0,0,0,0,0,0,0,0,0,0,0,0,0,0,0,0,0,0,0,0,0,0,0,0,0,0,0,0,0,0,0,0,0,0,0,0,0,0,0,0,0,0,0,0,0,0,0,0,0,0,0,0,0,0,0,0,0,0,0,0,0,0,0,0,0,0,0,0,0,0,0,0,0,0,0,0,0,0,0,0,0,5,2,3,3,1,3,3,2,1,4,2,1,3,2,1,3,2,0,0,0,0,0,0,0,0,0,0,0,0,0,0,0,0,0,0,0,0,0,0,0,0,0,0,0,0,0,0,0,0,0,0,0,0,0,0,0,0,0,0,0,0,0,0,0,0,0,0,0,0,0,0,0,0,0,0,0,0,0,0,0,0,0,0,0,0,0,0,0,0,0,0,0,0,0,0,0,0,0,0,0,0,0,0,0,0,0,0,0,0,0,0,0,0,0,0,0,0,0,0,0,0,0,0,0,0,0,0,0,0,0,0,0,0,0,0,0,0,0,0,0,0,0,0,0,0,0,2,5,1,2,2,1,3,4,1,1,4,2,3,3,4,3,4,1,3,0,0,0,0,0,0,0,0,0,0,0,0,0,0,0,0,0,0,0,0,0,0,0,0,0,0,0,0,0,0,0,0,0,0,0,0,0,0,0,0,0,0,0,0,0,0,0,0,0,0,1,1,0,1,1,0,0,0,0,1,0,0,0,0,0,0,0,0,1,0,0,0,0,0,0,0,0,1,1,0,0,1,1,0,0,0,0,0,0,0,0,1,0,0,0,0,0,0,0,0,0,0,0,0,0,0,0,0,1,0,0,0,0,1,1,0,0,0,0,0,0,0,0,0,0,0,0,0,0,1,0,0,0,0,0,0,1,0,0,1,0,0,0,0,0,0,0,0,0,0,0,0,0,0,0,1,0,0,0,0,0,0,0,0,1,1,0,0,1,0,0,0,0,0,0,0,0,0,0,0,0,0,0,0,0,0,0,0,0,1,0,0,0,1,0,0,1,0,0,1,0,0,0,0,0,0,0,1,0,0,0,0,0,0,0,0,0,0,0,0,0,0,0,0,1,0,0,0,0,0,0,0,0,0,0,0,0,0,0,0,0,0,0,0,0,0,0,0,0,0,0,0,0,0,0,0,0,0,0,1,0,0,0,0,0,1,0,0,0,1,0,0,1,0,0,0,0,0,0,0,1,0,0,0,0,0,0,0,0,0,0,0,0,0,0,0,0,0,0,0,0,0,1,0,0,0,0,0,0,0,0,0,0,0,0,0,0,0,0,0,1,0,0,0,0,0,0,1,1,0,0,0,1,0,0,0,0,1,0,0,0,0,0,1,0,0,0,1,0,0,1,0,0,0,1,0,0,0,0,1,0,0,0,1,0,0,1,0,0,0,1,0,0,0,1,0,1,1,0,0,0,1,0,0,1,0,0,0,0,1,0,0,0,1,0,0,0,0,0,0,1,0,0,1,1,1,1,0,0,0,0,1,0,0,1,0,0,0,0,0,0,0,0,0,0,0,0,0,0,0,0,0,0,0,1,0,0,0,1,0,0,0,0,0,0,0,1,1,0,0,0,0,0,0,0,0,0,1,0,0,0,0,0,0,0,0,0,0,0,1,0,0,0,1,0,0,0,0,0,0,0,1,0,0,1,0,0,0,0,0,0,0,1,0,0,1,0,0,0,0,0,0,0,0,0,1,0,1,1,0,0,0,0,0,0,0,0,0,0,0,1,0,1,0,0,0,0,0,0,0,0,0,0,0,0,1,0,0,0,0,0,0,0,0,0,0,0,0,0,0,0,0,1,0,0,0,1,0,0,0,0,0,0,0,0,0,0,0,0,1,0,0,0,0,0,0,0,0,0,0,1,1,0,0,0,0,0,0,0,0,0,0,0,0,0,0,0,0,0,0,1,1,1,1,0,0,0,0,0,0,0,0,0,0,0,0,0,0,0,0,0,0,0,0,0,0,0,0,1,0,0,0,0,0,0,0,1,0,0,0,1,1,0,0,0,0,0,0,1,1,0,0,0,0,0,0,0,0,0,0,1,0,0,0,0,0,0,0,0,0,0,0,0,0,0,0,0,0,0,0,0,0,0,1,0,1,0,0,1,0,0,0,0,0,0,1,0,0,0,1,0,0,0,0,0,0,0,0,0,0,1,0,0,1,1,0,0,0,0,1,0,0,0,1,1,0,1,0,0,0,0,0,1,1,0,0,0,0,0,0,1,0,0,1,0,0,0,0,0,0,0,0,0,0,0,0,0,0,0,0,1,1,0,1,0,0,0,0,1,1,1,0,0,0,1,1,0,0,0,1,0,0,0,0,0,0,0,0,0,0,0,0,1,0,0,0,0,0,0,0,0,0,0,0,0,0,0,1,0,1,0,1,0,0,0,0,0,0,1,0,0,0,0,0,1,0,0,0,0,0,0,0,1,1,0,0,0,0,1,0,0,0,0,1,0,0,0,1,0,0,0,0,0,1,0,0,1,1,1,0,0,0,0,0,0,0,0,0,0,0,0,0,1,0,0,0,0,0,0,0,0,1,0,0,0,0,0,0,1,0,1,1,0,1,0,1,0,0,1,0,1,1,0,0,1,1,0,0,1,0,0,0,0,0,0,0,0,0,0,0,0,1,0,1,1,0,0,0,0,0,1,0,0,0,0,0,1,0,0,0,0,0,1,0,0,0,0,0,0,0,0,1,0,0,0,0,0,0,1,0,0,0,0,0,1,0,0,0,0,0,0,0,1,0,0,1,0,0,0,1,1,0,0,0,1,0,0,0,0,0,0,1,1,0,0,0,0,0,0,1,0,0,1,0,1,0,1,0,1,0,0,0,0,0,0,1,0,0,0,0,0,0,0,0,0,0,0,1,0,1,0,0,0,0,0,0,0,0,0,0,0,0,0,1,0,0,0,1,0,0,0,0,0,1,0,1,1,0,0,0,0,0,0,0,0,0,0,0,1,0,0,0,0,0.0,-15.648399999999995,244.8724225599999,344.3641,288.1218130000002,18.0,18.0,263.0,122.0,141.0,0.0,88.0,19.0,12.0,3.0,0.0,0.0,0.0,0.0,0.0,0.0,22721.379414999927,22717.47016000008,30808.09004600012,35026.77909500066,38245.02192600052,43009.02961900027,45101.11937700038,47192.22759800021,51239.06466300026,50662.28564378621,64647.94001493415,92218.92505123832,107549.980892148,114251.87444209257,122859.33509701936,133704.6203608209,144721.7216422291,156151.86352734905,1991.1520550000075,2053.162603999996,3688.126163999993,5234.62406599992,5747.774895999906,5900.24248999994,6575.941172999949,6932.856321999966,7657.416053999965,364.0520675837108,464.1385714800013,703.8796572660899,840.6030481780823,885.3174783836839,938.7327167891176,1039.2952921387766,1101.138769867737,1205.839396422544,43792.25831595917,40027.70499626505,75994.40292597134,113285.28678041564,124929.53997134646,125850.07493094265,141724.08033229873,148024.18327466556,164698.0951583881,1151.8158436213998,748.9999999999999,1293.6080246913589,1784.9104938271612,1977.117283950617,2496.777777777778,2410.6769547325102,2588.861111111112,3008.5679012345668,86.39307762357386,85.08415790262201,63.13133206147565,50.54369277777873,50.45517404485557,55.85588262207828,52.26085675202825,51.91664202200243,50.88288447169837,192.6322648052708,242.12711616080207,188.9732070722097,155.1947776221472,150.72806654629625,159.55757804807712,154.93003518055724,159.2098147879308,155.06639873619568,7.570920361216759,7.68974758052433,7.557635581967197,7.553570080807965,7.582816485488003,7.662652584415506,7.6198623093858044,7.626904644664429,7.604186746772557,1.3842283938544135,1.738346709662926,1.4423763468567417,1.2129914115123843,1.167965011060269,1.2191333984274255,1.2042819144134145,1.211373784232934,1.1974571960501927,166.51048789338088,149.91649811335225,155.72623550403964,163.47083229497207,164.81469653211934,163.44165575447096,164.22257280683516,162.8428858907212,163.5532226001868,4.3795279225148285,2.8052434456928834,2.650836116170817,2.575628418221012,2.608334147692108,3.2425685425685424,2.793368429585759,2.8480320254247653,2.9876543209876534,3.587431989840925,-2.390423598930095,1.0407537504201363,0.5764164056152264,-2.170056023562281,1.1535059862261827,0.6272952515183065,-0.9154907947326548,-0.1018008958698428,11031.641621809908,314.54759925762136,-1349.114479293664,195.02607410167363,1307.4662320269863,1617.858245107917,135.66164114851424,-429.4079030349562,-615.8241692188608,13094.600328384971,569.2190587068027,-3232.7667708523177,-678.9274532251435,2373.2990784629133,37.81375703248314,1178.97967882233,-264.1474597150881,-450.6747160075628,17.173820684410718,-1.4800337860745143,5.8098010570632335,1.4994190635112166,-4.696168691190836,7.399636285185838,-1.213020671658966,-4.49904751379906,3.668705638017336,65.52333751341638,4.438863965403483,-19.11421160520408,1.6200801933512283,7.43832731685166,3.527632513215828,7.754521546460546,0.687928113937801,-5.34011150647698,380.9375608228267,3.342260323660683,-76.50932169810926,56.755535751842906,-4.008302530938245,-9.608212565509618,76.31971209767039,-22.115270929525963,-25.569028538203128,458.73006931730856,-19.31221936466577,104.5505908412906,-49.59520870246506,-120.10253466385927,229.19321191128213,-31.10261240926869,-106.87153329410071,157.76912184488532,0.0136404258168856,-0.00895289737427,0.0021326921115166,0.0008317697050724,-0.0028628707434858,0.0014980597223716,0.0007268774641,-0.0010071405882647,-0.0001010932431676,41.94540540612133,1.17808089609596,-2.7645788510116063,0.2814229063516213,1.7248894881622514,2.101114604036256,0.1571977301836781,-0.472395932931745,-0.611543365659246,49.78935486077937,2.131906586916864,-6.624522071418684,-0.9796932946971768,3.131001422774292,0.0491087753668612,1.366140995159131,-0.2905912648130782,-0.4475419225497147,0.0652996984198126,-0.0055431977006536,0.0119053300349656,0.0021636638723105,-0.0061954732073757,0.0096099172534881,-0.0014055859463023,-0.0049494472098999,0.0036432032155087,0.2491381654502523,0.0166249586719231,-0.0391684664041067,0.0023377780567838,0.0098130967240787,0.0045813409262543,0.0089855406100353,0.000756796604992,-0.0053029905724696,1.448431790200862,0.0125178289275681,-0.156781396922355,0.0818983199882293,-0.0052879980619238,-0.0124781981370254,0.0884353558489807,-0.0243292309455731,-0.0253912895116217,1.7442207958833025,-0.0723304096054897,0.2142430140190381,-0.0715659577236148,-0.1584466156515294,0.297653521962704,-0.0360401070791062,-0.1175704436678775,0.1566724149403032,-0.6563502851345829,0.1563508456515036,0.0609782800213479,-0.209881332292565,0.1098249968499663,0.0532884730915216,-0.0738349815310014,-0.0074112967237814,0.0280860533994037,-0.0659089791657647,0.0067092665722704,0.0411222509703179,0.0500916508898404,0.0037476745941937,-0.0112621615730719,-0.0145795078087384,0.0428185220089331,-0.1330509722397915,-0.0196767621801203,0.0628849566645154,0.0009863308232086,0.0274384152793127,-0.0058364135391114,-0.0089887069997417,-0.0848885651050992,0.1823183004372565,0.0331343624039476,-0.0948775163944095,0.1471663343941623,-0.0215251521877767,-0.0757958662853218,0.0557920373856334,0.0667298751352602,-0.1572158417933274,0.0093834601878799,0.0393881712436313,0.0183887559658904,0.0360664958489855,0.0030376582553073,-0.0212853400557313,0.0086423323571434,-0.1082421678280157,0.0565427523355255,-0.0036508436901888,-0.0086149711856952,0.0610559340434781,-0.0167969462629643,-0.017530193470899,-0.0414686086625062,0.122830214227862,-0.041030331648679,-0.0908409164857419,0.1706512860443034,-0.0206625830652677,-0.0674057114474076,0.0898237283433842,1.7193490430343934,0.7825466427036782,0.9743239773697462,1.3142813881906132,1.0653573156518572,1.1005079439920704,1.1914793687482472,1.0858337584669011,0.929638376831834,1.1287176438848447,0.9804618597082294,1.0266061564560218,0.9730218425622882,1.0983797878378947,0.9805379728720468,1.0527089587738006,1.130502263600134,1.2532801192823269,1.0325854799408614,0.933069548469579,1.0009334642200811,0.9774145540438282,1.011194072517431,1.017044787130857,0.7918435134068669,0.5291585167042888,0.95128410197803,1.244787084880939,1.0580485906623291,1.189603974536278,1.2723916113712044,1.0646015254894727,1.135099121783648,1.366303662806406,1.0008552939690012,0.9994376608727948,0.9949989696822242,1.0363419134723149,0.9806984071829103,1.0564079994627489,1.390713734296505,1.3391709510191478,0.9971719384947572,1.0180128631506862,1.0620104113805326,0.9835462481939704,1.0535991628784784,1.061128345723906,0.6489146405390182,0.4740082528712832,0.9667758878905408,1.2440504916313393,1.0407808029814014,1.1840236045956252,1.3096598697007955,1.034249114523786,3750.8317430616735,1854.4423411688376,2620.217162663253,3755.559494818111,30.78327454768945,709.782712893384,7.5892857142816865,0.7586740179233871,0.0062186394911753,-3.36943360949236,2742.8787106241143,22.48261238216487,96.58451192057184,3751.3200605246966,1854.6101377698649,2620.4405315756994,3756.038767492081,30.787203012230144,709.782712893384,7.5747664476411956,0.7581664845819123,0.0062144793818189,-3.3775978258181243,2740.2875796883945,22.461373604003235,96.57298142957625,4600.054846287487,2241.5628391915384,3168.5626679233856,4594.438156999326,37.6593291557322,709.782712893384,-10.382365047810254,0.5605958471600544,0.0045950479275414,-7.060811587155792,2648.199476752335,21.70655308813389,96.15594999289765,3914.8479189531713,1958.653551896628,2779.435548132392,3919.7667852156096,32.129235944390246,709.782712893384,5.861002784231005,0.9797769348437524,0.0080309584823258,-0.249250278938826,2674.6292266098308,21.923190382047792,96.27710572275116,4896.185651711983,2328.6430915259825,3288.508519057501,4884.676548440555,40.03833236426682,709.782712893384,-21.560571924425403,0.3321020429760862,0.0027221478932466,-13.448218586931944,3550.4811391767216,29.102304419481325,99.73302854646884,3878.53184522785,1935.7120225337824,2754.238170963646,3883.12931965322,31.82892884961656,709.782712893384,6.096650868425513,1.1216099899052456,0.00919352450742,1.4001347579312955,5118.529004217972,41.95515577227846,104.1955929492606,4911.32671766063,2327.0396696271287,3371.569498476529,4915.527340930577,40.29120771254571,709.782712893384,11.973795995661476,1.61379540084536,0.0132278311544701,5.838783317749827,2777.236691855639,22.76423517914458,96.73638294261676,7.0,11.993142289546196,31.97408975925661,-0.3200986251973469,0.2348073669321509,4.387287540516023,11.463422455762194,126.0,267.0,253.0,235.0,94.0,14.0,14.0,0.0,0.0,32.0,178.4181870000007,3.995659902760785,3.843559813570991,3.8262308749344105,3.823295543979188,3.808421620339614,3.790490468127097,3.711898055584794,3.6841737116122255,1.9868836153147549,1.9825487534856048,1.9783594452923847,1.952306224387382,1.893466467353114,1.8899047670780824,1.886111780531718,1.8771149098757265,3.8654564400560862,3.807375395676402,3.8032449193033657,3.7069429209928906,3.615073311274606,3.604211568277696,3.5766307691186343,3.564099581821876,1.9770666165183624,1.9736634641253288,1.963029231435184,1.912065470065324,1.8944488399929813,1.88041493841129,1.869960820208933,1.8582434290357848,3.9039084788214367,3.8860913109658655,3.87088809219574,3.853890781690021,3.776196067990014,3.7521868432699454,3.7238374084637673,3.703664049767427,1.907982701701015,1.8718797924665496,1.867549651176552,1.7227278672689252,1.7211390046522037,1.7075906835533057,1.6842987907680316,1.668134836369718,3.893614997187723,3.8132180077289375,3.810134997374526,3.6933678063026,3.604921574477567,3.60229536097926,3.594467241223464,3.5780757257217264,1.973972779032188,1.9523763541811685,1.9488762145274563,1.9241673549628464,1.87974939375876,1.8639367541870293,1.856815970378357,1.852917782524016,3.921633893910465,3.921253402272753,3.9031008815242414,3.888472019064991,3.8175707824138914,3.791083227380475,3.765279039184809,3.755769354873689,1.8926218661324703,1.845892573696794,1.842091546501996,1.6818571694653384,1.666808051475852,1.6652811158074567,1.6396460882968855,1.6222243501692697,5.068237193068728,5.065045201573894,5.060965832707598,5.054147107551023,5.046351624318058,5.037462734547086,5.036529877960123,5.028220061343933,1.8891952768539968,1.845798915371464,1.797387470141904,1.7831228155932584,1.7816121642390397,1.7503580064275015,1.74103903939475,1.7331628278018778,0.0,0.0,12.0,13.0,5.0,14.0,41.0,1.0,0.0,0.0,0.0,0.1178511301977579,0.4082482904638631,0.5514378406470747,0.0,0.0,0.0912870929175276,0.1794933840437205,0.2056556173891311,7.081197857074645,0.0,1.2491620497393925,0.0,2.922330830033556,0.0,0.2433384240881239,0.0,13.108676042183957,17.95975480997619,25.218515624226,4.999384222353156,6.718860391570946,7.781390376242357,88.81798275874715,58.68579875263685,50.69811068917038,37.1160603914379,28.574339393154453,22.17124661102513,14.635027529709276,10.623140533475656,0.7280162521208783,0.4657603075606099,0.3168631918073148,0.2017177195186842,0.1310749513447452,0.0876333858143285,0.0554357103398078,0.0358889882887691,74.64095455295127,47.49077318370856,35.52750658312194,24.476455226135165,17.441467970917124,11.997115059728934,8.044805113464896,5.652521322370419,0.6118111028930432,0.3769108982834013,0.2220469161445121,0.1330242131855172,0.0800067338115464,0.0474194271135531,0.0304727466419124,0.0190963558188189,152.73892143293202,262.39075018208155,251.52156862745247,255.13999999999936,167.78551676646728,2023.3122113772536,0.5807563552582966,0.9976834607683708,0.956355774248869,0.9701140684410622,0.6379677443591912,7.693202324628341,4.956370000000002,489.6001000000017,5240.905330066061,6165.748942489778,12112.511284736102,99.28287938308284,709.782712893384,0.0769042034611676,0.0006303623234521,-31.29537585936401,8256.923386365153,67.67969988823896,110.02944937410078,9191.0,16.0,0.0,32.0,32.0,15.0,26.0,5.0,11.0,16.0,17.0,15.0,23.0,24.0,0.0,0.0,0.0,7.0,9.0,0.0,0.0,0.0,0.0,0.0,0.0,0.0,13.0,0.0,53.0,12.0,0.0,13.0,0.0,0.0,0.0,0.0,0.0,0.0,0.0,0.0,3.0,0.0,43.0,0.0,0.0,13.0,10.0,0.0,0.0,14.0,5.0,0.0,0.0,0.0,7.0,0.0,0.0,9.0,0.0,0.0,0.0,2.0,0.0,1.0,0.0,0.0,0.0,0.0,12.0,0.0,0.0,0.0,0.0,0.0,0.0,0.0,0.0,0.0,0.0,0.0,0.0,0.0,0.0,0.0,0.0,0.0,3.0,0.0,0.0,0.0,0.0,0.0,0.0,0.0,0.0,0.0,0.0,0.0,0.0,0.0,0.0,0.0,0.0,0.0,0.0,0.0,0.0,0.0,0.0,0.0,0.0,0.0,0.0,0.0,0.0,0.0,0.0,0.0,0.0,0.0,5.605516073389797,0.0,232.1615954371888,22.277588831957644,55.96720283750044,39.98371924711586,5.633256545397216,42.16614920536718,30.44574346490852,27.321512206561888,57.51794587238823,62.05862575587933,28.661532006924013,0.0,0.0,0.0,3.4014177118132967,2.2040983615765004,0.0,0.0,0.0,0.0,0.0,0.0,0.0,5.657985113845732,0.0,30.417067911739657,10.691870668034586,0.0,5.657985113845732,0.0,0.0,0.0,0.0,0.0,0.0,0.0,0.0,6.003588642925562,0.0,28.15388465611991,0.0,0.0,24.99450621969571,-10.753991253454751,0.0,0.0,-8.022645720221854,5.305728332483785,0.0,0.0,0.0,40.79026270343319,0.0,0.0,25.591968724685504,0.0,0.0,0.0,8.101778129707279,0.0,1.301307271738959,0.0,0.0,0.0,0.0,169.01971201903274,0.0,0.0,0.0,0.0,0.0,0.0,0.0,0.0,0.0,0.0,0.0,0.0,0.0,0.0,0.0,0.0,0.0,-4.541655281701575,0.0,0.0,0.0,0.0,0.0,0.0,0.0,0.0,0.0,0.0,0.0,0.0,0.0,0.0,0.0,0.0,0.0,0.0,0.0,0.0,0.0,0.0,0.0,0.0,0.0,0.0,0.0,0.0,0.0,0.0,0.0,0.0,0.0,0.2125113154908001,0.0,-1.7711548996400457,-0.9138612655494944,2.973259125980169,-0.489220880484231,-0.8195667389235093,1.461181955141183,0.282962123278816,0.6754736540144954,0.6804155896072526,-0.5291859075906556,-0.7576716535352218,0.0,0.0,0.0,0.2987801392742119,0.2125113154908001,0.0,0.0,0.0,0.0,0.0,0.0,0.0,0.3031667113580591,0.0,0.2275346212376938,0.6629526776726259,0.0,0.3031667113580591,0.0,0.0,0.0,0.0,0.0,0.0,0.0,0.0,1.8702878506716043,0.0,-0.6153650865134557,0.0,0.0,1.7636942979467742,-1.4942985281089836,0.0,0.0,-0.9138612655494944,0.6365109590338709,0.0,0.0,0.0,5.625363432388733,0.0,0.0,2.5906555381358163,0.0,0.0,0.0,4.020475602975791,0.0,1.301307271738959,0.0,0.0,0.0,0.0,12.526076759602166,0.0,0.0,0.0,0.0,0.0,0.0,0.0,0.0,0.0,0.0,0.0,0.0,0.0,0.0,0.0,0.0,0.0,-1.7711548996400457,0.0,0.0,0.0,0.0,0.0,0.0,0.0,0.0,0.0,0.0,0.0,0.0,0.0,0.0,0.0,0.0,0.0,0.0,0.0,0.0,0.0,0.0,0.0,0.0,0.0,0.0,0.0,0.0,0.0,0.0,0.0,0.0,0.0,0.5322560780040941,0.0,15.146847160162643,2.374316358592301,6.667080488844081,4.161903282488376,3.760196797207581,7.379332962503605,7.6851860765282,3.89683098739718,7.919844271215603,7.876546345253833,4.149476195181719,0.0,0.0,0.0,0.5322560780040941,0.300189506209525,0.0,0.0,0.0,0.0,0.0,0.0,0.0,0.4800729364187263,0.0,1.0311969456018897,1.0311969456018897,0.0,0.4800729364187263,0.0,0.0,0.0,0.0,0.0,0.0,0.0,0.0,2.263012941582353,0.0,1.3750262261511663,0.0,0.0,2.374316358592301,0.0,0.0,0.0,0.0,1.3814893449189274,0.0,0.0,0.0,6.588888073854044,0.0,0.0,3.018430696579783,0.0,0.0,0.0,4.081302526731488,0.0,1.301307271738959,0.0,0.0,0.0,0.0,15.146847160162643,0.0,0.0,0.0,0.0,0.0,0.0,0.0,0.0,0.0,0.0,0.0,0.0,0.0,0.0,0.0,0.0,0.0,0.0,0.0,0.0,0.0,0.0,0.0,0.0,0.0,0.0,0.0,0.0,0.0,0.0,0.0,0.0,0.0,0.0,0.0,0.0,0.0,0.0,0.0,0.0,0.0,0.0,0.0,0.0,0.0,0.0,0.0,0.0,0.0,0.0,0.0,285.94444444444446,2.343806921675774,1.0311969456018897,15.146847160162643,-0.3951628330246237,-1.7711548996400457,18.71110387497784,2.827631861442317,8.146847160162643,208.58713640779405,2.841210914441783,8.140829101475031,206.18563241972788,58.09995,0.47623,0.0,0.02377,0.55247,0.84426,0.43631,0.5363,0.75793,0.11616,0.01617,-0.09999,0.08633,0.56408,0.15021,0.0,0.14286,0.25645,0.0,113.0,0.92623,74.0,0.60656,39.0,0.31967,-35.0,-0.28689,0.0,0.0,246.36852,2.01941,404.19869,157.83017,1.29369,39.59037,0.32451,58.68561,19.09524,0.15652,2.22839,0.01827,2.65839,0.02179,0.2585551330798479,1114.34,31.0,31.0,19.0,31.0,16.0,23.0,0.6363636363636364,1.5613836912141366,3.3041952513393604,4.957549653512782,6.094162144363032,6.490126537249232,6.6861035902739765,410.64391078931794,869.0033511022518,1303.8355588738616,1602.7646439674772,1706.903279296548,1758.445244242056,0.1942280663972198,0.4110248225837939,0.61669357038131,0.7580822934626344,0.8073382187199505,0.831716751864243,6.477535298078165,4.734723737952942,3.08136933577952,1.9447568449292705,1.5487924520430705,1.3528153990183256,0.1908803232446787,0.4039403390647374,0.6060641504640158,0.7450158769859758,0.793422819964052,0.8173811611715319,16.26727702895322,31.19528650582364,39.430632658189786,44.75630156677609,47.11697006363479,48.27959024997147,406.5011112085624,213.59621828972644,125.06378027364435,76.31753117873502,61.15259144798655,55.23615559681989,112.5095742000504,68.0625,50.61436672967864,18.0,6.0,16.0,7.4,14.066900000000055,0.203581321244618,9.312596339265102,5.448813502580478,0.0,0.0,0.0,0.0,0.0,0.0,0.0,5.1270551313565305,0.0,0.0,1.3172376001024124,5.992003898881715,0.6082010230534495,5.041218498404082,1.455457082168803,0.0,5.815000000000001,11.206,11.307,10.878,8.467999999999998,72.83,160.0,184.0,218.0,253.0,264.0,296.0,335.0,364.0,389.0,2711.0,5.010635294096256,5.3867860145356445,5.646329899908116,5.956161151238746,6.310031908134031,6.272405197148409,6.445620608115097,6.684924178849973,6.842349715405215,6.942881080957511,8.636452914011365,2.077577462191073,0.4489795918367347,5.0,0.0,0.0,1.0,3.0,0.0,0.0,0.0,0.0,0.0,0.0,1.0,3.0,0.0,0.0,0.0,0.0,0.0,0.0,0.0,0.0,0.0,3.0,8.0,0.0,1.0,3.0,0.0,0.0,0.0,0.0,0.0,0.0,4.0,2.0,0.0,0.0,1.0,0.0,0.0,0.0,0.0,0.0,0.0,0.0,1.0,0.0,0.0,0.0,0.0,0.0,0.0,0.0,0.0,0.0,0.0,3.0,0.0,0.0,1.0,0.0,0.0,0.0,0.0,0.0,0.0,0.0,4.0,34.0,0.2698412698412698,44.0,0.3492063492063492,4.0,27.0,49.0,0.8148148148148148,22.5,9.99999999999998,6.743055555555556,6.28555555555553,3.753611111111102,3.079183673469371,2.800418083900225,2.249960632401113,1.9099922839506045,1.662389552086528,0.1785714285714285,0.0624999999999998,0.0396650326797385,0.0337933094384705,0.0180462072649572,0.0140601994222345,0.0117172304765699,0.0087889087203168,0.007153529153373,0.0061342787899871,0.4257776899892422,2125.949317198431,3002.066225254991,4253.942102584336,34.868377890035546,709.782712893384,0.8977008068904881,0.0073582033351679,-1.3166050092100223,2607.7724032753827,21.375183633404777,95.96827013677904,599.1099999999999,1745.4304986893935,7.930737337562887,6.35088571671474,7.13966033596492,7.9672801789422,8.778479952508487,9.6134694202868,10.438254287073526,11.27966844449652,12.113929943965942,12.960740516905023,334.64236879685814,5.53338948872752,0.0,6.794586580876499,2.3978952727983707,8.208764045819667,4.59511985013459,9.701922012375412,6.6052979209482015,11.244823772897387,11.498978658837604,1752.016923952004,6.661661307802296,243.3147992110772,1.994383600090796,92.98217500630923,30.379378329166343,53.4602637264029,125309.0,170.0,17.182999999999996,572.0,1.0,3.130011949671904
0,0,0,0,0,0,0,0,0,0,0,0,0,0,0,0,0,0,0,0,0,0,0,0,0,0,0,0,0,0,0,0,0,0,0,0,0,0,0,0,0,0,0,0,0,0,0,0,0,0,0,0,0,0,0,0,0,0,0,0,0,0,0,0,0,0,0,0,0,0,0,0,0,0,0,0,0,0,0,0,0,0,0,0,0,0,0,0,0,0,0,0,0,0,0,0,0,0,0,0,0,0,0,0,0,0,0,0,0,0,0,0,0,0,0,0,0,0,0,0,0,0,0,0,0,0,0,0,0,0,0,0,0,0,0,0,0,0,0,0,0,0,0,0,0,0,0,0,0,0,0,0,0,0,0,0,0,0,0,0,0,0,0,0,0,0,0,0,0,0,0,0,0,0,0,2,3,1,2,1,2,3,1,3,2,2,1,1,4,2,2,1,1,1,2,5,3,1,2,2,1,0,0,0,0,0,0,0,0,0,0,0,0,0,0,0,0,3,1,3,2,0,0,0,0,0,0,0,0,0,0,0,0,0,0,0,0,0,2,5,1,5,2,4,0,0,0,0,0,0,0,0,0,0,0,1,4,0,0,0,0,0,0,0,0,0,0,0,0,0,0,0,0,0,0,0,0,0,0,0,0,0,0,0,0,0,0,0,0,0,0,0,0,0,0,0,0,0,0,0,0,0,0,0,0,0,0,0,0,0,0,0,0,0,0,0,0,0,0,0,0,0,0,0,0,0,0,0,0,0,0,0,0,0,0,0,0,0,0,0,0,0,0,0,0,0,0,0,0,0,0,0,0,0,0,0,0,0,0,0,0,0,0,0,0,0,0,0,0,0,0,0,0,0,0,0,0,0,0,0,0,0,0,0,0,0,0,0,0,0,0,0,0,0,0,0,4,2,3,2,3,4,4,2,2,5,2,5,2,0,0,0,0,0,0,0,0,0,0,0,0,0,0,0,0,0,0,0,0,0,0,0,0,2,1,1,3,3,3,4,0,0,0,0,0,0,0,0,0,0,0,0,0,0,0,0,0,0,0,0,0,0,0,0,0,0,0,0,0,0,0,0,0,0,0,0,0,0,0,0,0,0,0,0,0,0,0,0,0,0,0,0,0,0,0,0,0,0,0,0,0,0,0,0,0,0,0,0,0,0,0,0,0,0,0,0,0,0,0,0,0,0,0,0,0,0,0,0,0,0,0,0,0,0,0,0,0,0,0,0,0,0,0,0,0,0,0,0,0,0,0,0,0,0,0,0,0,0,0,0,0,0,0,0,0,0,0,0,0,0,0,0,0,0,0,0,0,0,0,0,0,0,0,0,0,0,0,0,0,2,2,2,1,2,1,0,0,0,0,0,0,0,0,0,0,0,0,0,0,0,0,0,0,0,2,3,2,2,2,0,2,2,0,0,0,0,0,0,0,0,0,0,0,2,2,1,2,2,1,3,1,2,0,0,0,0,0,0,3,1,2,2,2,0,0,2,0,0,0,0,5,5,0,0,0,0,0,0,0,0,0,0,0,5,2,2,5,0,0,0,0,0,3,0,0,0,1,0,0,0,3,3,0,2,2,2,2,0,0,0,0,0,0,0,0,0,0,0,0,0,0,0,3,2,2,0,2,3,4,0,0,0,0,0,0,0,0,0,0,0,0,0,0,0,0,0,0,0,0,0,0,0,0,0,0,0,0,0,0,0,0,2,2,2,2,2,0,2,1,2,0,0,0,0,0,0,0,0,0,0,0,0,0,0,0,0,0,0,0,0,0,0,0,0,1,2,4,2,0,0,0,0,2,4,0,0,0,2,2,5,0,0,0,0,0,0,0,3,2,0,0,0,0,0,0,0,1,2,2,0,0,0,0,0,2,1,0,0,2,1,0,0,0,0,0,1,1,0,0,0,0,0,0,0,0,0,0,0,0,0,0,0,0,0,0,0,0,0,0,0,0,0,0,0,0,0,0,0,0,0,0,0,0,0,0,0,0,0,0,0,0,0,0,0,2,0,2,5,3,0,2,2,2,4,2,2,1,2,2,0,0,0,3,2,2,3,0,0,0,0,0,0,0,0,0,0,0,0,2,3,0,0,0,0,0,0,0,0,0,0,0,0,0,0,0,0,0,0,0,0,0,0,0,0,0,0,0,0,0,0,0,2,2,3,2,4,5,0,0,0,0,0,0,0,0,0,0,0,0,0,0,0,0,0,0,0,0,0,0,0,0,0,0,0,0,0,0,0,0,0,0,2,0,0,0,0,0,0,0,0,0,0,0,0,0,0,0,0,0,0,0,0,0,0,0,0,0,0,2,2,0,0,0,0,0,0,2,0,2,5,1,2,0,0,0,0,0,0,0,0,0,0,0,0,0,0,0,0,0,0,0,0,0,0,3,2,5,0,0,0,3,2,0,0,0,0,2,3,5,0,0,2,5,0,0,0,0,0,0,0,0,0,0,0,0,0,0,0,2,5,0,0,0,0,5,2,2,0,0,0,0,1,2,2,2,1,0,0,0,2,2,2,2,1,3,0,0,2,1,3,3,3,0,0,0,0,0,0,0,0,0,0,2,5,1,2,5,0,0,0,0,0,0,0,0,0,0,0,0,0,0,0,0,0,0,0,0,0,0,0,0,0,0,0,0,0,0,0,0,0,0,3,2,5,2,1,1,5,0,0,0,0,1,0,0,0,0,0,0,0,0,0,0,0,0,0,0,0,0,0,0,0,0,0,0,0,0,0,0,0,0,0,0,0,0,0,0,0,0,0,0,0,0,0,0,0,0,0,0,0,0,0,0,0,0,0,0,0,0,0,0,0,0,0,0,0,0,0,0,0,0,0,0,0,0,0,0,0,0,0,0,0,0,0,0,0,0,0,0,0,0,0,0,0,0,0,1,2,0,0,1,4,3,2,2,0,0,0,0,0,1,2,2,2,0,0,0,0,0,0,0,0,0,0,0,0,0,0,0,0,0,0,0,0,0,0,0,0,0,0,0,0,0,0,0,0,0,0,0,0,0,0,0,0,0,0,0,5,1,0,0,5,0,0,0,0,0,0,0,0,0,0,0,0,0,0,0,0,0,0,0,0,0,0,2,0,0,0,0,0,0,0,2,2,0,0,0,0,0,0,0,0,3,2,2,2,3,3,3,2,2,2,2,2,0,1,2,1,2,2,0,2,2,0,0,0,0,0,0,0,0,0,0,0,0,0,0,0,0,0,0,3,2,2,0,0,0,0,0,0,0,0,0,0,0,0,0,0,0,0,2,2,2,2,1,2,0,0,0,0,0,0,0,5,2,0,0,0,0,0,0,0,0,0,0,0,0,0,0,0,0,0,0,0,0,0,0,0,0,0,0,0,0,0,0,0,0,0,0,0,0,0,0,0,0,0,0,0,0,0,0,0,0,0,0,0,0,0,0,0,0,0,0,0,0,0,0,0,0,0,0,0,0,0,0,0,0,0,0,0,0,0,0,0,0,0,0,0,0,0,0,0,0,0,0,0,0,0,0,0,0,0,0,0,0,0,0,0,0,0,0,0,0,0,0,0,0,0,0,0,0,0,0,0,0,0,0,0,0,0,0,0,0,0,0,0,0,0,0,0,0,0,0,0,0,0,0,0,0,0,0,0,0,0,0,0,0,0,0,0,0,0,0,0,0,0,0,0,0,0,0,0,0,0,0,0,0,0,0,0,0,0,0,0,0,0,0,0,0,0,0,0,0,0,0,0,0,0,0,0,0,0,0,0,0,0,0,0,0,0,0,0,0,0,0,0,0,0,0,0,0,0,0,0,0,0,0,0,0,0,0,0,0,0,0,0,0,0,0,0,0,0,0,0,0,0,0,0,0,0,0,0,0,0,0,0,0,0,0,0,0,0,0,0,0,0,0,0,0,0,0,0,0,0,0,0,0,0,0,0,0,0,0,0,0,0,0,0,0,0,0,0,0,0,0,0,0,0,0,0,0,0,0,0,0,0,0,0,0,0,0,0,0,0,0,0,0,0,0,0,0,0,0,0,0,0,0,0,0,0,0,0,0,0,0,0,0,0,0,0,0,0,0,0,0,0,0,0,0,0,0,0,0,0,0,0,0,0,0,0,0,0,0,0,0,0,0,0,0,0,0,0,0,0,0,0,0,0,0,0,0,0,0,0,0,0,0,0,0,0,0,0,0,0,0,0,0,0,0,0,0,0,0,0,0,0,0,0,0,0,0,0,0,0,0,0,0,0,0,0,0,0,0,0,0,0,0,0,0,0,0,0,0,0,0,0,0,0,0,0,0,0,2,2,0,3,0,0,0,0,0,1,2,2,0,2,2,2,1,3,2,2,3,1,2,2,0,0,0,0,0,0,0,2,3,2,2,3,3,5,0,2,5,0,4,3,0,0,0,0,2,3,4,2,0,0,0,0,0,0,0,0,0,0,0,0,0,0,0,0,0,0,0,0,0,0,0,0,0,0,0,0,0,0,0,0,0,0,0,0,0,0,0,0,0,0,0,0,0,0,0,0,0,0,0,0,0,0,0,0,0,0,0,0,0,0,0,0,0,0,0,0,0,0,0,0,0,0,0,0,0,0,0,0,0,0,0,0,0,0,0,0,0,0,0,0,2,1,2,1,2,1,1,5,5,2,5,1,5,5,3,3,5,3,2,3,0,0,0,0,0,0,0,0,0,0,0,0,0,0,0,0,0,0,0,0,0,0,0,0,0,0,0,0,0,0,0,0,0,0,0,0,0,0,0,0,0,0,0,0,0,0,0,0,0,0,0,0,0,0,0,0,0,0,0,0,0,0,0,0,0,0,0,0,0,0,0,0,0,0,0,0,0,0,0,0,0,0,0,0,0,0,0,0,0,0,0,0,0,0,0,0,0,0,0,0,0,0,0,0,0,0,0,0,0,0,0,0,0,0,0,0,0,0,0,0,0,0,0,0,0,0,0,0,0,0,0,0,0,0,0,0,0,0,0,0,0,0,0,0,0,0,0,0,0,0,0,0,0,0,0,0,0,0,0,0,0,0,0,0,0,0,0,0,0,0,0,0,0,0,0,0,0,0,0,0,0,0,0,0,0,0,0,0,0,0,0,0,0,0,0,0,0,0,0,0,0,0,0,0,0,0,0,0,0,0,0,0,0,0,0,0,0,0,0,0,0,0,0,0,0,0,0,0,0,0,0,0,0,0,0,0,0,0,0,0,0,0,0,0,0,0,0,0,0,0,0,0,0,0,0,0,0,0,0,0,0,0,0,0,0,0,0,0,0,0,0,0,0,0,0,0,0,0,0,0,0,0,0,0,5,2,3,3,1,3,3,2,1,4,2,1,3,2,1,3,2,0,0,0,0,0,0,0,0,0,0,0,0,0,0,0,0,0,0,0,0,0,0,0,0,0,0,0,0,0,0,0,0,0,0,0,0,0,0,0,0,0,0,0,0,0,0,0,0,0,0,0,0,0,0,0,0,0,0,0,0,0,0,0,0,0,0,0,0,0,0,0,0,0,0,0,0,0,0,0,0,0,0,0,0,0,0,0,0,0,0,0,0,0,0,0,0,0,0,0,0,0,0,0,0,0,0,0,0,0,0,0,0,0,0,0,0,0,0,0,0,0,0,0,0,0,0,0,0,0,2,5,1,2,2,1,3,4,1,1,4,2,3,3,4,3,4,1,3,0,0,0,0,0,0,0,0,0,0,0,0,0,0,0,0,0,0,0,0,0,0,0,0,0,0,0,0,0,0,0,0,0,0,0,0,0,0,0,0,0,0,0,0,0,0,0,0,0,0,1,0,1,1,0,0,0,0,0,0,0,1,0,0,0,0,0,0,0,1,0,0,0,0,0,0,0,0,0,0,0,1,1,0,0,0,0,0,0,0,1,1,1,0,0,0,0,0,0,0,0,0,0,0,0,0,0,0,1,0,1,0,0,1,0,0,0,0,0,0,0,0,0,0,0,0,0,1,1,1,1,0,0,0,0,1,0,0,0,0,0,0,1,1,0,0,0,0,0,0,0,0,0,0,1,0,0,1,0,0,0,0,0,0,0,0,1,0,1,0,0,0,0,0,0,0,0,1,0,0,0,0,0,0,0,0,0,1,0,1,0,0,1,0,0,1,1,0,0,0,1,1,0,0,0,0,0,0,0,0,0,0,0,1,0,0,0,0,0,0,0,0,1,0,1,0,0,0,0,0,0,0,0,0,0,0,0,1,0,1,0,0,1,0,0,0,1,0,0,0,0,1,0,0,0,0,0,1,0,0,0,0,0,0,0,1,0,0,0,0,1,1,0,0,0,0,0,1,0,0,1,0,0,0,0,0,0,0,0,0,0,1,0,0,0,0,0,0,0,0,0,0,0,0,0,1,0,0,0,0,0,0,1,0,0,1,0,0,0,0,0,0,0,0,0,0,0,0,0,0,0,0,1,0,0,0,0,0,1,0,0,0,0,0,0,0,0,0,0,0,1,0,0,0,0,0,0,0,0,1,1,0,0,0,0,0,0,0,0,1,0,0,0,0,0,0,0,0,0,0,0,0,0,0,0,0,0,0,0,0,0,0,0,0,0,0,0,0,0,0,0,1,0,1,0,1,0,0,0,0,0,0,0,0,0,0,0,0,1,0,0,0,0,0,0,1,0,0,0,0,0,0,0,0,0,0,0,0,1,0,0,0,1,0,0,0,0,0,1,0,0,0,0,1,0,0,0,0,1,0,0,0,0,0,0,1,0,0,0,1,0,0,0,0,0,0,1,0,0,0,0,0,0,0,0,1,0,0,0,0,0,0,0,0,0,1,0,0,0,0,0,0,0,0,0,1,0,1,0,1,0,0,0,1,1,0,0,0,0,0,0,0,0,0,1,0,0,0,0,0,0,1,0,0,0,0,0,1,0,0,0,0,0,0,0,0,0,0,0,0,0,0,0,0,0,1,1,0,1,0,0,1,0,0,0,0,0,0,0,0,0,1,0,0,1,0,0,0,0,1,1,0,0,0,0,0,0,0,0,1,0,0,0,0,1,0,0,1,0,0,1,0,0,0,0,0,0,0,0,0,0,0,0,0,1,0,0,0,0,0,0,0,1,0,0,0,0,1,0,0,0,1,0,1,0,0,0,0,0,0,0,1,0,1,0,0,0,0,1,0,0,0,0,0,0,1,0,1,0,0,0,0,0,0,0,0,0,1,0,0,0,0,1,1,0,0,0,0,0,0,1,0,0,0,0,0,0,1,0,0,0,1,0,0,0,0,0,0,0,1,0,0,0,0,0,0,0,0,0,0,0,1,0,0,0,0,1,0,0,0,0,0,0,0,0,0,0,0,0,1,0,0,0,0,1,0,0,0,1,0,1,0,0,0,0,0,0,0,0,1,0,0,0,0,0,0,0,1,0,0,0,1,1,0,0,0,0,0,0,0,0,0,0,0,0,1,0,1,0,1,0,0,0,0,0,1,0,0,1,0,0,0,0,0,1,0,0,0,1,1,0,0,0,1,0,0,0,0,1,0,0,0,0,0,0,0,1,0,0,0,1,0,0,0,0,0,0,0,0,0,0,0,0,0,0,1,0,0,1,0,0,0,0,0,0,0,0,0,0,0,0,1,0,0,1,0,1,0,0,0,0,0,0,0,0,0,0,0,0,0,0,0,1,0,1,0,0,0,0,0,0,0,0,0,0,0,1,0,0,0,0,0,0,0,0,0,0,0,1,0,0,1,0,0,0,0,1,0,0,0,0,0,0,1,0,0,0,0,0,0,0,0,0,1,1,0,1,0,0,0,0,0,0,0,0,0,1,0,0,1,0,0,1,1,0,0,0,1,0,0,0,0,0,0,0,0,0,0,0,0,0,0,0,0,0,0,0,0,0,0,1,0,1,0,0,1,1,0,0,1,0,0,0,0,1,0,0,0,0,0,0,0,0,1,1,0,0,0,0,0,0,0,1,0,1,0,0,0,0,0,0,0,0,0,0,1,0,0,1,0,0,0,0,0,0,0,0,0,0,0,0,1,1,0,0,0,0,0,1,0,0,1,0,0,0,1,0,0,0,0,0,0,0,0,0,0,0,0,0,0,1,0,0,0,1,0,1,1,1,0,0,0,0,3.0,-22.25880000000001,495.4541774400007,735.4326000000002,459.0949789999999,0.0,0.0,423.0,220.0,203.0,0.0,141.0,41.0,38.0,0.0,0.0,0.0,0.0,0.0,0.0,0.0,38112.06310800001,36270.301327000096,50907.86917600013,55452.62342500009,61380.671737000215,75123.0113930002,78152.57779900012,82927.15030300007,93303.77537100008,77914.61377339017,84270.45254567808,107312.92608999556,115722.56956081856,128176.1903904645,145325.96817889874,157351.79118990057,172642.82841468282,185371.29382810064,1988.8450400000013,1893.7898839999991,2656.6825999999987,2893.9354599999974,3204.2652119999952,3920.325627999999,4078.563339999997,4329.002443999997,4869.530524000008,467.28665200000137,510.4121200000004,633.5135720000006,676.7059600000008,735.7812719999998,822.6409600000002,903.8999160000012,993.4207959999998,1059.4207160000003,33585.99564439495,32408.52166071996,45821.611807052526,49655.41916215005,53916.02163402257,65811.95702654001,69181.37021463262,72656.3767557326,81783.42163880245,,,,,,,,,,173.23665049090914,159.78106311453786,167.46009597368462,168.54900737082096,168.16622393698688,175.11191466899814,171.76390725054972,168.89439980244416,173.10533464007435,354.1573353335917,371.235473769507,353.0030463486696,351.74033301160654,351.1676449053822,338.7551705801835,345.82811250527595,351.6147218221646,343.917057194992,9.040204727272734,8.342686713656384,8.739087499999997,8.796156413373852,8.778808799999988,9.138288177156175,8.963875472527468,8.816705588594699,9.034379450834894,2.1240302363636427,2.2485115418502217,2.0839262236842124,2.056857021276598,2.0158391013698624,1.917577995337996,1.9865932219780245,2.023260276985743,1.9655300853432287,152.6636165654316,142.7688178886342,150.72898620740963,150.92832572082082,147.71512776444538,153.40782523669,152.04696750468707,147.97632740475072,151.73176556364092,,,,,,,,,,6.491321450516362,-2.9603101724568326,-0.2538360390099434,2.3423493266313424,-4.067358948704473,1.204547506230395,2.7859701742183227,-3.635281606673805,0.6529395909403386,520.1283807272719,-55.64444622314377,65.82617368594896,15.541621694213871,-251.54398729752128,158.12103663636643,39.30438313223185,-208.13978295041355,142.75724372727518,1496.51731547972,-263.80110612849325,228.21363246207,315.44602512479844,-840.4829982827926,179.91543848154072,394.1931986279313,-652.5391810309809,262.4182556376178,26.8519124363636,-2.8256981593391526,3.3651337970246566,0.6910310201651941,-12.912760469421624,8.256013221818375,1.91277687933889,-10.696422173884446,7.414641294545576,27.5156787454546,-3.920936669173538,4.017289060826435,3.250586985206605,-14.629092154958672,6.116508937272688,4.608926321900807,-11.783567418264456,6.398094219090864,422.96291690549896,-92.67426530742824,51.32396871414999,150.94796204402488,-231.7643705401262,-37.71986352272278,174.60889874387613,-162.3313984525268,19.4967640647759,,,,,,,,,,0.0295060065932561,-0.0130410139755807,-0.0008349869704274,0.0071196028165086,-0.0111434491745328,0.002807803044826,0.0061230113719084,-0.0074038321928183,0.0012113907067538,2.3642199123966905,-0.2451297190446862,0.2165334660722005,0.0472389717149357,-0.6891616090343048,0.3685805049798752,0.0863832596312787,-0.4239099449091925,0.2648557397537573,6.802351433998727,-1.1621194102576795,0.7507027383620722,0.9588025079781108,-2.3026931459802538,0.4193833064837779,0.8663586783031457,-1.3290003686985354,0.4868613277135766,0.1220541474380163,-0.0124480095125072,0.01106951906916,0.0021003982375841,-0.0353774259436208,0.0192447860648446,0.0042039052293162,-0.021784973877565,0.0137562918266151,0.1250712670247936,-0.017272848762879,0.0132147666474553,0.0098802036024516,-0.0400797045341333,0.0142575965903792,0.0101295083997819,-0.0239991189781353,0.0118703046736379,1.9225587132068127,-0.4082566753631199,0.1688288444544407,0.4588083952705923,-0.6349708781921266,-0.0879250897965566,0.3837558214151124,-0.3306138461354924,0.0361721040162818,,,,,,,,,,-0.4419782776894443,-0.0282988810359138,0.2412933378160321,-0.3776671417500367,0.0951603883077772,0.2075174542022863,-0.25092627053471,0.0410557322599781,-0.1036831293736079,0.0915877008466159,0.0199807858259039,-0.2914964066670423,0.1558994165674853,0.0365377430324191,-0.1793022479365976,0.1120266936104366,-0.1708408366626441,0.1103592993755066,0.1409516278717878,-0.3385142870553848,0.0616526962114401,0.1273616464408192,-0.1953736706480761,0.0715725043666815,-0.1019875995514928,0.0906935102289872,0.0172087412158676,-0.2898502565149362,0.1576741673167469,0.0344429527185968,-0.1784861418873806,0.1127064677060738,-0.1381040519838575,0.1056578937897521,0.078996590004106,-0.320454933315644,0.1139957796026233,0.0809898919291667,-0.191883552066182,0.0949083267165179,-0.212350693145881,0.0878146624572185,0.2386446729136835,-0.3302738552691585,-0.0457333704258624,0.199606815011132,-0.1719655393951694,0.018814564032714,0.0,0.0,0.0,0.0,0.0,0.0,0.0,0.0,1.4165996675841042,0.9402199001843226,0.7742908424530536,1.5335996537880756,1.0599392165554615,0.8730099144088247,1.3410979625089194,1.0238059775326172,0.8228303651619865,0.7354804937355348,0.8702832161220511,1.266380717543233,0.9369095240313392,0.9678125623555344,1.1783869381696896,0.9475968014244424,0.9897538328119994,0.8243282242768496,0.8152788021691477,1.300775012167087,0.9967528633140124,0.8813405236088546,1.1661703043203535,0.9565378565057728,0.8188110628045057,0.7342583716048362,0.8717497204926926,1.264866511109466,0.9359436307987586,0.9698664000216196,1.1780060070461285,0.9475801143151484,0.90632064888087,0.7702096681715895,0.8412676252120305,1.290846296345401,0.9618123530625788,0.9248613205452402,1.1794232234502249,0.9499664079791444,1.108773555119397,0.9622040229986036,0.787602934242918,1.2695570894888275,1.0780216583429238,0.817385007177092,1.102607101235074,0.9790497940316072,0.0,0.0,0.0,0.0,0.0,0.0,0.0,0.0,,,,,,,,,,,,,,,,,,,,,,,,,,,,,,,,,,,,,,,,,,,,,,,,,,,,,,,,,,,,,,,,,,,,,,,,,,,,,,,,,,,,,,,,,,,,13.0,11.993121968189463,16.034132532214674,-0.3949167530233144,0.2923622930493641,3.918118605753402,11.219431872985997,227.0,227.0,174.0,174.0,174.0,53.0,53.0,0.0,0.0,53.0,266.7990210000008,,,,,,,,,,,,,,,,,,,,,,,,,,,,,,,,,,,,,,,,,,,,,,,,,,,,,,,,,,,,,,,,,,,,,,,,,,,,,,,,,,,,,,,,,,,,,,,,,0.0,0.0,31.0,30.0,6.0,15.0,53.0,2.0,0.0,0.0,0.0,0.2357022603955158,0.865809223389071,1.028628228780252,0.0,0.0,0.1825741858350553,0.3707270383877292,0.3639940776515807,16.61262565501343,0.0,3.2710720223515564,0.0,6.388454376148965,0.0,0.6933707870625462,0.0,31.19783855659248,41.459098368705554,59.95111732465541,10.581132734460288,12.796919027128045,14.377099908880592,162.88255627480936,104.30413203319851,94.71034672441796,69.67211725584436,53.13229241846735,42.61139270759702,26.835119599657475,18.77053084529541,0.740375255794588,0.4594895684281873,0.3115471931724275,0.1951599923132895,0.1247236911231628,0.0835517504070529,0.0512120603046898,0.0322517712118477,122.20820105829064,71.24868297341646,53.35805126724664,34.90823274986418,23.34696246911496,15.250894905256962,8.926506259364787,5.5534889522226125,0.5554918229922302,0.3138708501031562,0.1755199054843639,0.0977821645654458,0.0548050762185797,0.0299037155005038,0.017035317288864,0.0095420772374958,199.2388721758597,239.25418790968703,241.141176470588,244.54800000000023,186.2550898203596,1617.4169461077886,0.9056312371629988,1.087519035953123,1.096096256684491,1.1115818181818191,0.8466140446379979,7.351895209580857,-41.70632000000004,573.5826000000008,7259.462916819838,11115.845827526213,14518.925833639682,65.99511742563487,709.782712893384,0.1265924926208388,0.0005754204210038,-45.4692055625225,8411.23528106563,38.23288764120741,198.8211197409917,27801.0,0.0,0.0,33.0,42.0,0.0,0.0,0.0,0.0,0.0,0.0,0.0,0.0,0.0,0.0,0.0,0.0,0.0,0.0,0.0,0.0,0.0,0.0,0.0,0.0,0.0,0.0,0.0,0.0,0.0,0.0,0.0,0.0,0.0,0.0,0.0,0.0,0.0,0.0,0.0,0.0,0.0,0.0,0.0,0.0,0.0,0.0,0.0,0.0,42.0,0.0,0.0,0.0,0.0,0.0,0.0,0.0,0.0,0.0,0.0,0.0,0.0,0.0,2.0,0.0,0.0,0.0,0.0,31.0,0.0,0.0,0.0,0.0,0.0,0.0,0.0,0.0,0.0,0.0,0.0,0.0,0.0,0.0,0.0,0.0,0.0,0.0,0.0,0.0,0.0,0.0,0.0,0.0,0.0,0.0,0.0,0.0,0.0,0.0,0.0,0.0,0.0,0.0,0.0,0.0,0.0,0.0,0.0,0.0,0.0,0.0,0.0,0.0,0.0,0.0,0.0,0.0,0.0,0.0,0.0,0.0,0.0,,,0.0,0.0,0.0,0.0,0.0,0.0,0.0,0.0,0.0,0.0,0.0,0.0,0.0,0.0,0.0,0.0,0.0,0.0,0.0,0.0,0.0,0.0,0.0,0.0,0.0,0.0,0.0,0.0,0.0,0.0,0.0,0.0,0.0,0.0,0.0,0.0,0.0,0.0,0.0,0.0,0.0,0.0,0.0,0.0,,0.0,0.0,0.0,0.0,0.0,0.0,0.0,0.0,0.0,0.0,0.0,0.0,0.0,,0.0,0.0,0.0,0.0,,0.0,0.0,0.0,0.0,0.0,0.0,0.0,0.0,0.0,0.0,0.0,0.0,0.0,0.0,0.0,0.0,0.0,0.0,0.0,0.0,0.0,0.0,0.0,0.0,0.0,0.0,0.0,0.0,0.0,0.0,0.0,0.0,0.0,0.0,0.0,0.0,0.0,0.0,0.0,0.0,0.0,0.0,0.0,0.0,0.0,0.0,0.0,0.0,0.0,0.0,0.0,0.0,0.0,,,0.0,0.0,0.0,0.0,0.0,0.0,0.0,0.0,0.0,0.0,0.0,0.0,0.0,0.0,0.0,0.0,0.0,0.0,0.0,0.0,0.0,0.0,0.0,0.0,0.0,0.0,0.0,0.0,0.0,0.0,0.0,0.0,0.0,0.0,0.0,0.0,0.0,0.0,0.0,0.0,0.0,0.0,0.0,0.0,,0.0,0.0,0.0,0.0,0.0,0.0,0.0,0.0,0.0,0.0,0.0,0.0,0.0,,0.0,0.0,0.0,0.0,,0.0,0.0,0.0,0.0,0.0,0.0,0.0,0.0,0.0,0.0,0.0,0.0,0.0,0.0,0.0,0.0,0.0,0.0,0.0,0.0,0.0,0.0,0.0,0.0,0.0,0.0,0.0,0.0,0.0,0.0,0.0,0.0,0.0,0.0,0.0,0.0,0.0,0.0,0.0,0.0,0.0,0.0,0.0,0.0,0.0,0.0,0.0,0.0,0.0,0.0,0.0,0.0,0.0,0.0,0.0,0.0,0.0,0.0,0.0,0.0,0.0,0.0,0.0,0.0,0.0,0.0,0.0,0.0,0.0,0.0,0.0,0.0,0.0,0.0,0.0,0.0,0.0,0.0,0.0,0.0,0.0,0.0,0.0,0.0,0.0,0.0,0.0,0.0,0.0,0.0,0.0,0.0,0.0,0.0,0.0,0.0,0.0,0.0,0.0,0.0,0.0,0.0,0.0,0.0,0.0,0.0,0.0,0.0,0.0,0.0,0.0,0.0,0.0,0.0,0.0,0.0,0.0,0.0,0.0,0.0,0.0,0.0,0.0,0.0,0.0,0.0,0.0,0.0,0.0,0.0,0.0,0.0,0.0,0.0,0.0,0.0,0.0,0.0,0.0,0.0,0.0,0.0,0.0,0.0,0.0,0.0,0.0,0.0,0.0,0.0,0.0,0.0,0.0,0.0,0.0,0.0,0.0,0.0,0.0,0.0,0.0,0.0,0.0,0.0,0.0,0.0,0.0,0.0,0.0,0.0,,,1.3365944059801975,5e-324,-0.0652430899456695,,,,0.0,,,0.0,,99.56654,0.45258,0.0,0.04742,0.90697,0.90697,0.43622,0.82162,0.90697,0.47075,0.08536,-0.38539,0.0,0.499,0.21529,0.0,0.20455,0.34952,0.0,220.25,1.00114,140.75,0.63977,79.5,0.36136,-61.25,-0.27841,0.0,0.0,465.03752,2.11381,922.26041,457.22289,2.07829,58.5545,0.26616,104.30368,45.74918,0.20795,5.61032,0.0255,6.29832,0.02863,,3349.79,79.0,79.0,51.0,79.0,46.0,55.0,0.4964539007092198,1.3006432663045344,4.416385314079147,5.497676251635998,6.082182376806083,6.527547657551905,6.854468136429682,286.1415185869976,971.6047690974124,1209.4887753599194,1338.0801228973382,1436.060484661419,1507.9829900145298,0.1671485851044652,0.5675595881273932,0.7065187131858937,0.7816349071017415,0.8388697988356039,0.8808830832632035,6.480716447220127,3.364974399445514,2.2836834618886632,1.699177336718578,1.253812055972756,0.9268915770949792,0.1599948314744889,0.5432687365999531,0.6762805822083505,0.7481818955162671,0.8029672043580784,0.8431823719437477,18.260673000366523,56.954024845464616,71.22623291054965,79.36761572378683,85.4188574732536,89.94588210276808,610.6632102331832,343.4888043936919,216.952614689482,151.66515808737657,118.85686550162356,98.85000591087808,204.7666362630752,112.618550900277,80.91635085406712,220.0,7.0,7.0,8.28,36.46690000000008,0.4525462107828008,0.0,0.0,0.0,0.0,0.0,0.0,0.0,0.0,0.0,0.0,0.0,0.0,2.488652813275511,0.0,1.0179165009103652,0.0,2.7416180692301007,0.0256410256410256,8.072000000000003,25.329000000000008,25.700000000000003,29.597,15.502,130.47599999999997,304.0,357.0,426.0,510.0,524.0,582.0,668.0,699.0,735.0,5252.0,5.638354669333745,6.035481432524756,6.282266746896006,6.548219102762372,6.910750787961936,6.807934943699926,6.951772164398911,7.212294468500341,7.293697720601438,7.332369205929062,9.1539816383068,1.7995049504950495,0.5,8.0,0.0,0.0,2.0,6.0,0.0,0.0,0.0,0.0,0.0,0.0,0.0,0.0,0.0,0.0,0.0,0.0,0.0,0.0,0.0,0.0,0.0,0.0,8.0,0.0,2.0,6.0,0.0,0.0,0.0,0.0,0.0,0.0,0.0,2.0,0.0,0.0,2.0,0.0,0.0,0.0,0.0,0.0,0.0,0.0,0.0,0.0,0.0,0.0,0.0,0.0,0.0,0.0,0.0,0.0,0.0,0.0,0.0,0.0,2.0,0.0,0.0,0.0,0.0,0.0,0.0,0.0,0.0,125.0,0.5506607929515418,146.0,0.6431718061674009,3.0,40.0,80.0,1.0,52.0,24.88888888888901,14.048611111111114,15.277777777777596,9.201666666666746,7.161632653061254,7.422831632653063,5.1960663895187365,4.230624999999946,4.2736537088052176,0.2290748898678414,0.0818713450292401,0.0427009456264775,0.0418569254185687,0.0214491064491066,0.01573985198475,0.0151177833658921,0.0096401973831516,0.0077342321755026,0.0076864275338223,0.533976459690887,6648.744446895906,10233.174160460718,13297.488893791811,60.4431313354173,709.782712893384,0.1267581959313805,0.0005761736178699,-45.4404274812584,9200.167188555317,41.818941766160535,200.79349258190348,1319.6199999999997,2928.202093355343,8.781359713524662,6.968850378341948,7.776954403322442,8.628197749459149,9.459619396895018,10.312845075359636,11.155921895611506,12.011741258569495,12.861686688180388,13.71992103914844,539.895737884888,6.12029741895095,0.0,7.421177528595393,3.044522437723423,8.875846177738598,5.2832037287379885,10.403262340115036,7.29776828253138,11.97347832606057,12.21925043579588,3078.5212726800023,7.277828067801423,435.57673503303874,1.979894250150176,211.86768221034097,95.2669655691507,116.60071664118956,707791.0,329.0,-10.10799999999998,1062.0,1.0,-0.9999999999999998
0,0,0,0,0,0,0,0,0,0,0,0,0,0,0,0,0,0,0,0,0,0,0,0,0,0,0,0,0,0,0,0,0,0,0,0,0,0,0,0,0,0,0,0,0,0,0,0,0,0,0,0,0,0,0,0,0,0,0,0,0,0,0,0,0,0,0,0,0,0,0,0,0,0,0,0,0,0,0,0,0,0,0,0,0,0,0,0,0,0,0,0,0,0,0,0,0,0,0,0,0,0,0,0,0,0,0,0,0,0,0,0,0,0,0,0,0,0,0,0,0,0,0,0,0,0,0,0,0,0,0,0,0,0,0,0,0,0,0,0,0,0,0,0,0,0,0,0,0,0,0,0,0,0,0,0,0,0,0,0,0,0,0,0,0,0,0,0,0,0,0,0,0,0,0,2,3,1,2,1,2,3,1,3,2,2,1,1,4,2,2,1,1,1,2,5,3,1,2,2,1,0,0,0,0,0,0,0,0,0,0,0,0,0,0,0,0,3,1,3,2,0,0,0,0,0,0,0,0,0,0,0,0,0,0,0,0,0,2,5,1,5,2,4,0,0,0,0,0,0,0,0,0,0,0,1,4,0,0,0,0,0,0,0,0,0,0,0,0,0,0,0,0,0,0,0,0,0,0,0,0,0,0,0,0,0,0,0,0,0,0,0,0,0,0,0,0,0,0,0,0,0,0,0,0,0,0,0,0,0,0,0,0,0,0,0,0,0,0,0,0,0,0,0,0,0,0,0,0,0,0,0,0,0,0,0,0,0,0,0,0,0,0,0,0,0,0,0,0,0,0,0,0,0,0,0,0,0,0,0,0,0,0,0,0,0,0,0,0,0,0,0,0,0,0,0,0,0,0,0,0,0,0,0,0,0,0,0,0,0,0,0,0,0,0,0,4,2,3,2,3,4,4,2,2,5,2,5,2,0,0,0,0,0,0,0,0,0,0,0,0,0,0,0,0,0,0,0,0,0,0,0,0,2,1,1,3,3,3,4,0,0,0,0,0,0,0,0,0,0,0,0,0,0,0,0,0,0,0,0,0,0,0,0,0,0,0,0,0,0,0,0,0,0,0,0,0,0,0,0,0,0,0,0,0,0,0,0,0,0,0,0,0,0,0,0,0,0,0,0,0,0,0,0,0,0,0,0,0,0,0,0,0,0,0,0,0,0,0,0,0,0,0,0,0,0,0,0,0,0,0,0,0,0,0,0,0,0,0,0,0,0,0,0,0,0,0,0,0,0,0,0,0,0,0,0,0,0,0,0,0,0,0,0,0,0,0,0,0,0,0,0,0,0,0,0,0,0,0,0,0,0,0,0,0,0,0,0,0,2,2,2,1,2,1,0,0,0,0,0,0,0,0,0,0,0,0,0,0,0,0,0,0,0,2,3,2,2,2,0,2,2,0,0,0,0,0,0,0,0,0,0,0,2,2,1,2,2,1,3,1,2,0,0,0,0,0,0,3,1,2,2,2,0,0,2,0,0,0,0,5,5,0,0,0,0,0,0,0,0,0,0,0,5,2,2,5,0,0,0,0,0,3,0,0,0,1,0,0,0,3,3,0,2,2,2,2,0,0,0,0,0,0,0,0,0,0,0,0,0,0,0,3,2,2,0,2,3,4,0,0,0,0,0,0,0,0,0,0,0,0,0,0,0,0,0,0,0,0,0,0,0,0,0,0,0,0,0,0,0,0,2,2,2,2,2,0,2,1,2,0,0,0,0,0,0,0,0,0,0,0,0,0,0,0,0,0,0,0,0,0,0,0,0,1,2,4,2,0,0,0,0,2,4,0,0,0,2,2,5,0,0,0,0,0,0,0,3,2,0,0,0,0,0,0,0,1,2,2,0,0,0,0,0,2,1,0,0,2,1,0,0,0,0,0,1,1,0,0,0,0,0,0,0,0,0,0,0,0,0,0,0,0,0,0,0,0,0,0,0,0,0,0,0,0,0,0,0,0,0,0,0,0,0,0,0,0,0,0,0,0,0,0,0,2,0,2,5,3,0,2,2,2,4,2,2,1,2,2,0,0,0,3,2,2,3,0,0,0,0,0,0,0,0,0,0,0,0,2,3,0,0,0,0,0,0,0,0,0,0,0,0,0,0,0,0,0,0,0,0,0,0,0,0,0,0,0,0,0,0,0,2,2,3,2,4,5,0,0,0,0,0,0,0,0,0,0,0,0,0,0,0,0,0,0,0,0,0,0,0,0,0,0,0,0,0,0,0,0,0,0,2,0,0,0,0,0,0,0,0,0,0,0,0,0,0,0,0,0,0,0,0,0,0,0,0,0,0,2,2,0,0,0,0,0,0,2,0,2,5,1,2,0,0,0,0,0,0,0,0,0,0,0,0,0,0,0,0,0,0,0,0,0,0,3,2,5,0,0,0,3,2,0,0,0,0,2,3,5,0,0,2,5,0,0,0,0,0,0,0,0,0,0,0,0,0,0,0,2,5,0,0,0,0,5,2,2,0,0,0,0,1,2,2,2,1,0,0,0,2,2,2,2,1,3,0,0,2,1,3,3,3,0,0,0,0,0,0,0,0,0,0,2,5,1,2,5,0,0,0,0,0,0,0,0,0,0,0,0,0,0,0,0,0,0,0,0,0,0,0,0,0,0,0,0,0,0,0,0,0,0,3,2,5,2,1,1,5,0,0,0,0,1,0,0,0,0,0,0,0,0,0,0,0,0,0,0,0,0,0,0,0,0,0,0,0,0,0,0,0,0,0,0,0,0,0,0,0,0,0,0,0,0,0,0,0,0,0,0,0,0,0,0,0,0,0,0,0,0,0,0,0,0,0,0,0,0,0,0,0,0,0,0,0,0,0,0,0,0,0,0,0,0,0,0,0,0,0,0,0,0,0,0,0,0,0,1,2,0,0,1,4,3,2,2,0,0,0,0,0,1,2,2,2,0,0,0,0,0,0,0,0,0,0,0,0,0,0,0,0,0,0,0,0,0,0,0,0,0,0,0,0,0,0,0,0,0,0,0,0,0,0,0,0,0,0,0,5,1,0,0,5,0,0,0,0,0,0,0,0,0,0,0,0,0,0,0,0,0,0,0,0,0,0,2,0,0,0,0,0,0,0,2,2,0,0,0,0,0,0,0,0,3,2,2,2,3,3,3,2,2,2,2,2,0,1,2,1,2,2,0,2,2,0,0,0,0,0,0,0,0,0,0,0,0,0,0,0,0,0,0,3,2,2,0,0,0,0,0,0,0,0,0,0,0,0,0,0,0,0,2,2,2,2,1,2,0,0,0,0,0,0,0,5,2,0,0,0,0,0,0,0,0,0,0,0,0,0,0,0,0,0,0,0,0,0,0,0,0,0,0,0,0,0,0,0,0,0,0,0,0,0,0,0,0,0,0,0,0,0,0,0,0,0,0,0,0,0,0,0,0,0,0,0,0,0,0,0,0,0,0,0,0,0,0,0,0,0,0,0,0,0,0,0,0,0,0,0,0,0,0,0,0,0,0,0,0,0,0,0,0,0,0,0,0,0,0,0,0,0,0,0,0,0,0,0,0,0,0,0,0,0,0,0,0,0,0,0,0,0,0,0,0,0,0,0,0,0,0,0,0,0,0,0,0,0,0,0,0,0,0,0,0,0,0,0,0,0,0,0,0,0,0,0,0,0,0,0,0,0,0,0,0,0,0,0,0,0,0,0,0,0,0,0,0,0,0,0,0,0,0,0,0,0,0,0,0,0,0,0,0,0,0,0,0,0,0,0,0,0,0,0,0,0,0,0,0,0,0,0,0,0,0,0,0,0,0,0,0,0,0,0,0,0,0,0,0,0,0,0,0,0,0,0,0,0,0,0,0,0,0,0,0,0,0,0,0,0,0,0,0,0,0,0,0,0,0,0,0,0,0,0,0,0,0,0,0,0,0,0,0,0,0,0,0,0,0,0,0,0,0,0,0,0,0,0,0,0,0,0,0,0,0,0,0,0,0,0,0,0,0,0,0,0,0,0,0,0,0,0,0,0,0,0,0,0,0,0,0,0,0,0,0,0,0,0,0,0,0,0,0,0,0,0,0,0,0,0,0,0,0,0,0,0,0,0,0,0,0,0,0,0,0,0,0,0,0,0,0,0,0,0,0,0,0,0,0,0,0,0,0,0,0,0,0,0,0,0,0,0,0,0,0,0,0,0,0,0,0,0,0,0,0,0,0,0,0,0,0,0,0,0,0,0,0,0,0,0,0,0,0,0,0,0,0,0,0,0,0,0,0,0,0,0,0,0,0,0,0,0,0,0,2,2,0,3,0,0,0,0,0,1,2,2,0,2,2,2,1,3,2,2,3,1,2,2,0,0,0,0,0,0,0,2,3,2,2,3,3,5,0,2,5,0,4,3,0,0,0,0,2,3,4,2,0,0,0,0,0,0,0,0,0,0,0,0,0,0,0,0,0,0,0,0,0,0,0,0,0,0,0,0,0,0,0,0,0,0,0,0,0,0,0,0,0,0,0,0,0,0,0,0,0,0,0,0,0,0,0,0,0,0,0,0,0,0,0,0,0,0,0,0,0,0,0,0,0,0,0,0,0,0,0,0,0,0,0,0,0,0,0,0,0,0,0,0,2,1,2,1,2,1,1,5,5,2,5,1,5,5,3,3,5,3,2,3,0,0,0,0,0,0,0,0,0,0,0,0,0,0,0,0,0,0,0,0,0,0,0,0,0,0,0,0,0,0,0,0,0,0,0,0,0,0,0,0,0,0,0,0,0,0,0,0,0,0,0,0,0,0,0,0,0,0,0,0,0,0,0,0,0,0,0,0,0,0,0,0,0,0,0,0,0,0,0,0,0,0,0,0,0,0,0,0,0,0,0,0,0,0,0,0,0,0,0,0,0,0,0,0,0,0,0,0,0,0,0,0,0,0,0,0,0,0,0,0,0,0,0,0,0,0,0,0,0,0,0,0,0,0,0,0,0,0,0,0,0,0,0,0,0,0,0,0,0,0,0,0,0,0,0,0,0,0,0,0,0,0,0,0,0,0,0,0,0,0,0,0,0,0,0,0,0,0,0,0,0,0,0,0,0,0,0,0,0,0,0,0,0,0,0,0,0,0,0,0,0,0,0,0,0,0,0,0,0,0,0,0,0,0,0,0,0,0,0,0,0,0,0,0,0,0,0,0,0,0,0,0,0,0,0,0,0,0,0,0,0,0,0,0,0,0,0,0,0,0,0,0,0,0,0,0,0,0,0,0,0,0,0,0,0,0,0,0,0,0,0,0,0,0,0,0,0,0,0,0,0,0,0,0,5,2,3,3,1,3,3,2,1,4,2,1,3,2,1,3,2,0,0,0,0,0,0,0,0,0,0,0,0,0,0,0,0,0,0,0,0,0,0,0,0,0,0,0,0,0,0,0,0,0,0,0,0,0,0,0,0,0,0,0,0,0,0,0,0,0,0,0,0,0,0,0,0,0,0,0,0,0,0,0,0,0,0,0,0,0,0,0,0,0,0,0,0,0,0,0,0,0,0,0,0,0,0,0,0,0,0,0,0,0,0,0,0,0,0,0,0,0,0,0,0,0,0,0,0,0,0,0,0,0,0,0,0,0,0,0,0,0,0,0,0,0,0,0,0,0,2,5,1,2,2,1,3,4,1,1,4,2,3,3,4,3,4,1,3,0,0,0,0,0,0,0,0,0,0,0,0,0,0,0,0,0,0,0,0,0,0,0,0,0,0,0,0,0,0,0,0,0,0,0,0,0,0,0,0,0,0,0,0,0,0,0,0,0,0,1,0,0,1,0,0,0,0,0,0,0,1,1,0,0,0,0,0,0,0,0,0,0,0,0,1,0,0,0,0,0,1,1,0,0,0,0,0,0,0,1,1,0,0,0,0,0,0,0,0,0,0,0,0,0,0,0,1,0,0,1,0,0,1,0,0,0,0,0,0,0,0,0,0,0,0,0,0,1,1,0,0,0,0,0,1,0,0,0,0,0,0,0,0,0,0,0,0,0,0,1,0,0,0,1,0,0,1,0,0,0,0,0,1,0,0,1,1,1,0,0,0,0,0,0,0,0,1,0,0,0,0,0,0,0,0,0,0,0,1,0,0,1,1,0,0,1,0,0,0,0,0,0,0,0,0,0,0,0,0,0,0,0,1,0,0,0,0,1,0,0,0,0,0,1,0,0,0,0,0,0,0,0,0,0,0,0,0,0,0,0,0,1,0,0,0,1,0,0,0,0,0,0,0,0,0,0,0,0,0,0,0,0,0,0,1,0,0,0,0,0,0,0,0,0,0,0,0,0,0,0,0,0,0,0,0,0,0,0,0,0,1,1,0,0,0,0,0,0,0,0,0,0,0,0,1,0,0,0,0,0,0,1,0,0,1,0,0,0,0,0,0,0,0,0,0,0,0,0,0,0,0,1,0,0,0,0,0,0,0,0,0,0,1,0,0,0,0,0,0,1,0,0,0,0,0,0,0,0,0,0,0,0,0,0,0,0,0,0,1,0,0,0,0,0,0,0,0,0,0,0,0,0,0,0,0,0,0,0,0,0,0,1,0,0,0,0,0,0,0,1,0,0,1,0,1,0,0,0,0,0,0,0,0,0,0,0,0,1,0,0,0,0,0,0,1,0,0,0,0,0,0,0,0,0,0,0,0,1,0,0,1,1,0,0,0,0,0,0,0,0,0,0,0,0,0,0,0,1,0,0,0,0,0,0,0,0,0,0,1,0,0,0,0,0,0,0,0,0,0,0,0,0,0,0,0,0,0,0,0,0,0,0,0,0,1,0,0,1,0,0,0,0,0,0,1,0,1,0,0,0,0,0,0,0,0,0,0,0,0,0,0,0,0,0,1,0,0,0,0,0,0,0,0,0,0,0,1,0,0,0,0,0,0,0,0,0,0,0,0,0,0,0,0,1,0,0,0,1,0,0,0,0,0,0,0,1,0,0,0,0,1,0,0,1,0,0,0,0,0,1,0,0,0,0,0,0,0,0,1,0,0,0,0,1,1,0,1,0,0,1,0,1,0,0,0,1,0,0,0,0,1,0,0,1,0,0,0,0,0,0,0,1,0,0,0,0,0,1,0,0,1,0,1,0,0,0,0,0,0,1,1,0,1,0,0,1,0,0,0,0,0,0,0,0,0,0,0,0,0,1,0,0,0,0,0,0,0,0,0,0,0,0,1,1,0,0,0,0,0,0,0,1,0,0,1,0,1,0,1,0,0,0,0,0,0,0,0,0,1,0,0,0,0,0,0,0,0,0,0,0,1,0,0,0,0,1,1,0,0,1,0,0,0,0,0,0,0,0,1,0,0,0,0,0,0,0,0,1,0,1,0,0,1,1,0,0,0,0,0,0,0,0,0,0,0,0,0,0,0,0,0,1,0,0,0,0,0,0,1,0,0,0,0,1,1,0,0,0,1,0,0,0,0,0,1,0,0,1,0,0,0,1,0,1,0,0,0,0,0,0,0,0,0,0,0,0,0,1,0,0,0,0,0,0,1,0,0,0,0,1,0,0,0,1,0,0,0,0,0,0,0,0,1,0,0,0,0,0,0,0,0,0,1,0,0,0,1,0,0,0,0,0,0,0,0,1,1,0,0,0,0,0,0,0,0,0,0,0,0,0,0,1,0,1,0,0,0,0,0,0,0,0,0,0,0,1,0,0,0,0,0,0,0,0,1,0,0,1,0,0,0,0,0,0,0,1,1,0,0,0,0,0,1,0,0,0,0,0,0,0,0,0,1,0,0,0,0,0,0,0,0,0,0,0,0,1,0,0,0,0,0,1,0,1,0,0,0,0,0,0,1,0,0,0,0,0,0,0,0,0,0,0,1,0,1,0,0,0,0,1,0,1,0,0,1,1,0,0,0,0,0,0,0,1,0,0,0,0,0,0,0,0,0,0,0,0,0,0,0,0,0,1,0,0,0,0,0,0,0,0,0,0,0,0,0,1,1,0,0,0,0,0,0,0,0,0,1,0,1,0,1,0,0,0,1,0,1,0,0,0,1,0,0,0,0,0,0,0,0,0,1,0,0,0,0,0,0,0,0,0,0,0,0,0,0,0,0,1,0,0,1,0,0.0,-14.803899999999986,219.1554552099996,416.8073,318.6956379999992,12.0,12.0,304.0,138.0,166.0,0.0,96.0,18.0,24.0,0.0,0.0,0.0,0.0,0.0,0.0,0.0,23692.783145999907,24716.59276000012,32836.04467700039,35820.98339600073,37563.06639600064,42177.48181700053,43664.85383400029,46544.69738100033,50037.38958900023,55390.55790860475,70229.41676416241,97543.49971772062,112115.55706793058,118191.45604946352,124308.53358147093,132540.41188315273,143326.56022580253,151546.9958199584,2343.2251920000085,2389.482383999993,4357.067155999976,5861.700143999937,6259.274543999908,6732.732363999929,6889.215887999964,7325.027467999948,7975.859179999969,378.75703820493607,485.6197832500016,707.6181318559198,842.2556202680265,889.2458642518714,919.4320784893988,982.7055878925314,1065.3603637116971,1128.4687893195833,51121.74041050504,46202.98908754274,89587.32074700698,125432.85971038442,135942.79957835795,145005.0242348372,147255.63246903202,157328.66704557178,171046.38298012852,1324.291666666667,887.5555555555554,1571.9583333333337,2121.680555555557,2242.111111111113,2845.111111111108,2646.76388888889,2760.8888888888864,3371.013888888886,77.93678666447337,80.77317895424875,58.63579406607213,47.38225316931314,45.75282143240029,48.59156891359508,49.28313073814932,48.737903016754274,48.5328706003882,182.2057825940946,229.5078979220993,174.1848209245011,148.30100141260658,143.96036059617967,143.21259629201717,149.59414433764417,150.08016777570947,146.9902966245959,7.707977605263186,7.808765960784291,7.780477064285672,7.753571619047535,7.623964121802568,7.756604105990701,7.775638699774226,7.670185830366438,7.736041881668252,1.245911309884658,1.5869927557189596,1.263603806885571,1.114094735804268,1.0831252914151903,1.059253546646773,1.1091485190660626,1.1155605902740284,1.0945381079724377,168.16361977139815,150.99016041680633,159.97735847679817,165.9164810983921,165.58197268983918,167.0564795332226,166.20274545037475,164.742059733583,165.90337825424686,4.356222587719299,2.900508351488744,2.8070684523809533,2.8064557613168737,2.730951414264449,3.2777777777777737,2.987318159016806,2.8909831297265827,3.269654596400472,5.315066481824305,-2.70223003871556,-0.1293232636644701,1.5610056049440268,-2.323745955754441,0.2721556232497251,1.8511590856376765,-1.793553242622186,0.1872503618818405,11101.212526934249,246.12483483592143,-903.1306134117408,-1666.7315095337374,693.4633316809698,2110.697664779957,-325.2667655450807,988.196298229715,337.0994267988239,14285.71813384744,-416.7027662069786,-2380.570547513426,-1196.810355372546,50.3726963860169,2231.6989165929526,680.0165453797326,680.7611613749232,-208.0135566283253,27.276067736841828,-1.8173194456369024,-0.3419641731298256,3.6731818649587984,-4.628667249826656,3.7369598566486095,2.905137503809352,-4.270776475934461,3.025525063539221,62.52513473260808,-6.516191634497554,-11.087989787585467,3.559455721000627,-8.193665832873123,7.806867052830079,9.526563086836576,-3.6284596747525306,-0.6197752402220815,399.4369163264933,-65.04687595609525,-80.0013990864788,92.6208192404158,-84.90726995272854,-12.980082228917356,108.58990398203044,-66.01150389438993,-18.083295504302463,502.4713998538065,-25.04303187038321,50.11756021083423,-52.19998340835726,-108.86674836247953,235.6287643794225,-24.21868327273854,-91.5863237366332,230.8741797355884,0.0174837713217904,-0.0088308171199854,-0.0002309343994008,0.0020648222287619,-0.0028303848425754,0.0003135433447577,0.0020893443404488,-0.001878066222641,0.0001816201376157,36.51714647017845,0.8043295256075864,-1.6127332382352513,-2.20467130890706,0.8446569204396709,2.4316793373040984,-0.3671182455362085,1.034760521706508,0.326963556545901,46.992493861340265,-1.36177374577444,-4.251018834845404,-1.5830824806515158,0.0613552940146369,2.571081701143955,0.7675130309026328,0.7128389124344745,-0.2017590267975996,0.0897239070290849,-0.0059389524367219,-0.0006106503091604,0.0048587061705804,-0.0056378407427852,0.0043052532910698,0.0032789362345478,-0.0044720172522873,0.0029345538928605,0.2056747853046318,-0.0212947439035867,-0.0197999817635454,0.0047082747632283,-0.0099801045467394,0.0089940864663941,0.0107523285404476,-0.0037994342144005,-0.0006011399032221,1.3139372247582015,-0.2125714900525988,-0.142859641225855,0.1225143111645711,-0.1034193300276839,-0.014954011784467,0.1225619683770095,-0.069121993606691,-0.0175395688693525,1.6528664468875214,-0.0818399734326248,0.0894956432336325,-0.0690475971010016,-0.1326026167630688,0.271461710114542,-0.0273348569669735,-0.0959019096718672,0.2239322790839848,-0.5050865146571333,-0.0132085003372824,0.1180993614454622,-0.1618864025662395,0.0179333931442451,0.1195019256426009,-0.1074176839810499,0.0103879268535956,0.0220260782496912,-0.0441637256501485,-0.0603735921892882,0.0231304195997202,0.0665900699357743,-0.0100533114173095,0.0283362918992462,0.0089536995124444,-0.0289785375041511,-0.0904616564379152,-0.0336879861137543,0.001305640304932,0.0547126038624464,0.016332672898087,0.0151692079704863,-0.0042934309337343,-0.066191415792858,-0.0068058818366263,0.0541517454094528,-0.0628354351639818,0.0479833461741053,0.0365447330942119,-0.0498419808093927,0.0327064880479321,-0.1035359967535467,-0.0962683964114466,0.0228918423629554,-0.0485237144259449,0.0437296504434058,0.0522783020024645,-0.0184730189885604,-0.0029227690809635,-0.1617820745520909,-0.1087263824587547,0.0932421342938335,-0.0787094908942212,-0.011381070193227,0.0932784048336586,-0.0526067701745882,-0.013348863658673,-0.0495139662292352,0.0541457196388491,-0.0417744562671858,-0.0802258506806584,0.1642369295025172,-0.0165378497569765,-0.0580215720710273,0.1354811693985724,1.5511659634915491,1.1707530718216104,1.0323875870366497,1.1221083808317187,1.1242972389375707,1.0519920327049834,1.0946342551471049,1.0707880137153851,0.97220742746729,1.0631465134286138,1.0859380237008978,0.9705539996591472,0.9677711925524136,1.0440428692241115,0.9763640647324292,1.0144552007977137,1.2740734000959426,1.1852283702024995,1.0403287842793671,1.016203850594065,0.9274967402564976,0.9829300808160704,1.0116441279640065,1.0087186030728523,0.8522401463824726,1.0394961265775498,1.038822706458678,1.0127802262450123,1.1241024151035417,1.104701200185758,1.0552110033556206,1.063174602337495,1.481274076777978,1.2510831568408458,0.9961828609305468,1.0752861573957586,0.9409850186742956,0.957939677866568,1.0634501552832762,1.0183270499671566,1.665206512691264,1.3160541051496832,0.9765230244987818,1.1291875314950754,1.0187127205620206,0.964403978225129,1.1208341538163968,1.0650254984368086,0.6792452953978261,0.6303586681214216,1.0323959712026285,1.3026374759152637,1.1152158460428667,1.2062963833370766,1.3639476994308213,1.1076882714676386,7178.676005643661,3593.6237171075404,5646.683045621207,7187.123210612601,52.080602975453615,709.782712893384,8.571428571420256,1.459618643500616,0.0105769466920334,5.21881773956232,3637.596280290179,26.35939333543608,113.147281643141,7181.4429910697545,3594.9951840903987,5648.997916462629,7189.866493150206,52.10048183442177,709.782712893384,8.54737711104326,1.459858980632471,0.0105786882654526,5.221089825773689,3633.107480759191,26.326865802602832,113.13024190574173,9928.347101108477,4956.511695163346,7908.530218128404,9914.133804151455,71.84154930544535,709.782712893384,-15.32371078178312,1.5269958216445954,0.0110651871133666,5.841571600843287,4270.848693819821,30.94817894072334,115.36203624454905,7188.154872290387,3598.3217406858257,5654.117457567243,7196.520458051631,52.14869897138864,709.782712893384,8.488609081264258,1.458601354595568,0.0105695750333012,5.209196403633238,3648.9894220941032,26.44195233401524,113.1904364186265,12242.675687039828,6103.6866759842005,9889.02354351753,12210.0186334814,88.47839589479277,709.782712893384,-35.30233507142748,1.691738916531308,0.0122589776560239,7.255445835856974,3105.0291621491806,22.5002113199216,110.96274173121589,7224.114639062331,3616.1621760308185,5717.785664830435,7232.205370713824,52.40728529502769,709.782712893384,8.209712999305793,1.5778404375092945,0.011433626358763,6.293587985475295,3305.7345667876425,23.95459831005538,111.82711301824976,6569.977477545644,3290.697383536104,5108.461138024165,6586.004052854352,47.72466704966921,709.782712893384,22.29265873014492,1.3903169077614532,0.0100747602011699,4.547537630455497,11255.326261430064,81.56033522775408,128.73463502653246,6.0,11.889999999999995,16.0187290736787,-0.3790738502367571,0.2386499324799267,4.41750285391352,11.216407040418158,140.0,306.0,292.0,280.0,114.0,14.0,14.0,0.0,0.0,26.0,222.5603620000009,3.82736819938478,3.8124943088241214,3.7914944386736655,3.737707304814213,3.707056598790136,3.669630705368397,3.629353255985632,3.595222667570677,1.986921936069694,1.9825778383286583,1.952568836973488,1.89416752087262,1.8894331649037792,1.872715671552585,1.8519996431021348,1.8350682931698803,3.807753181262305,3.8036296949192,3.707275358093323,3.6320527982498367,3.6210688274993936,3.5841325147595406,3.580490714829301,3.5457596447404978,1.9782348853754963,1.9643101088906407,1.9170841879620544,1.8971357679418963,1.8821985232486755,1.8739877436065355,1.859089229499852,1.846474439324187,3.886913951850468,3.8736204282565896,3.8544508039134286,3.795766258768205,3.7680843789389553,3.737647698934349,3.7104988478702974,3.7043154319875153,1.8721976277574808,1.867836462787697,1.7278439804513337,1.7224388964926876,1.7116288209487551,1.6892906098750216,1.672222527224382,1.659544247977485,3.8134630436465287,3.8103757296462977,3.6935939582631554,3.614545856071562,3.607874727634372,3.5983530871730016,3.572859572924074,3.537947626963443,1.9762567349129856,1.955677388404886,1.932070344606441,1.8850841015448048,1.8770964947030184,1.8652060512601465,1.8581822497622824,1.8415703954748568,3.922131923317359,3.906382700897583,3.889194477417617,3.8346078939914,3.803627654582777,3.7773892003326144,3.7642122598875294,3.7526454643312617,1.8461858192717824,1.8423553902165373,1.6884938588626166,1.6711618213859996,1.6686981715322011,1.648847743352739,1.6305788801451722,1.6058006190078715,5.097253822380589,5.086369658727365,5.083348471917795,5.080412241319349,5.074065068602055,5.0647635055793305,5.060192033769017,5.05617371525847,1.8383760994591825,1.7899261373686828,1.77467942992065,1.763352722881184,1.7285828612012666,1.7253440986716926,1.7074914766174316,1.6455048710280091,0.0,0.0,12.0,10.0,2.0,35.0,32.0,3.0,0.0,0.0,0.0,0.1178511301977579,0.3402069087198859,0.4071002733496682,0.0,0.0,0.0912870929175276,0.1554371228274861,0.1546245810811482,8.091173811718464,0.4082482904638631,2.105551421291479,0.348461712529338,3.831853891190564,0.25,0.4151391044693787,0.0549783007034309,14.693117953825768,18.30076198504345,25.323492430956176,5.228187891262641,5.997275089319871,6.516687209979587,101.2449399117838,66.32725938159035,56.3929504336271,40.12405118704782,29.39765817867297,22.11946866309178,14.321647554944674,10.31595663458696,0.7336589848679985,0.4737661384399311,0.3259708117550699,0.2100735664243341,0.1367332938542929,0.0910266200127233,0.0575166568471673,0.03724172070248,82.97266562107055,49.06070430328997,35.191378681095216,21.88793444889531,14.228756137722764,9.05923142830918,5.450999185630394,3.5219902677834454,0.6012512001526851,0.3504336021663569,0.2034183738791631,0.1145965154392424,0.0661802611056872,0.0372807877708196,0.0218915629944995,0.0127147663096875,171.77023040911672,305.5630007283304,293.05098039215864,297.78399999999937,185.6620586826349,2351.363675449113,0.5650336526615681,1.0051414497642448,0.9639834881321008,0.9795526315789452,0.6107304561928782,7.7347489323984,1.891270000000005,525.9767000000027,4295.819363888007,6697.331832811164,8591.638727776015,62.25825165055081,709.782712893384,1.2959624628636437,0.0093910323395916,3.577700144657616,4538.364546111754,32.88669960950546,116.20044351723088,18360.0,15.0,0.0,40.0,26.0,15.0,25.0,4.0,12.0,23.0,13.0,21.0,24.0,10.0,0.0,0.0,0.0,6.0,9.0,0.0,0.0,0.0,0.0,0.0,0.0,0.0,10.0,0.0,68.0,10.0,0.0,10.0,0.0,0.0,0.0,0.0,0.0,0.0,0.0,0.0,7.0,0.0,53.0,0.0,0.0,10.0,8.0,0.0,0.0,14.0,2.0,0.0,2.0,0.0,6.0,0.0,0.0,9.0,0.0,0.0,0.0,2.0,0.0,1.0,0.0,0.0,0.0,0.0,12.0,12.0,0.0,0.0,0.0,0.0,0.0,0.0,0.0,0.0,0.0,0.0,0.0,0.0,0.0,0.0,0.0,0.0,0.0,0.0,0.0,0.0,0.0,0.0,0.0,0.0,0.0,0.0,0.0,0.0,0.0,0.0,0.0,0.0,0.0,0.0,0.0,0.0,0.0,0.0,0.0,0.0,0.0,0.0,0.0,0.0,0.0,0.0,0.0,0.0,0.0,0.0,5.871602850500991,0.0,291.84202632976627,9.321912665687552,61.84966911172,46.330535736756254,9.13566689641954,50.729007539581495,47.83656837345857,21.296550113057936,91.32083665676038,73.69848503108979,12.207249600085898,0.0,0.0,0.0,3.27615809483827,2.5954447556627205,0.0,0.0,0.0,0.0,0.0,0.0,0.0,4.892930171705105,0.0,43.86043613135514,9.343410720770372,0.0,4.892930171705105,0.0,0.0,0.0,0.0,0.0,0.0,0.0,0.0,11.462608830369335,0.0,26.40600282291604,0.0,0.0,17.483692621653294,-9.99737247264562,0.0,0.0,-9.403577272768706,1.2417973168029646,0.0,-3.200040375512144,0.0,33.32793706652711,0.0,0.0,24.43155620315729,0.0,0.0,0.0,7.998195532751918,0.0,1.2513392083150423,0.0,0.0,0.0,0.0,165.9204001137652,66.91079373800159,0.0,0.0,0.0,0.0,0.0,0.0,0.0,0.0,0.0,0.0,0.0,0.0,0.0,0.0,0.0,0.0,0.0,0.0,0.0,0.0,0.0,0.0,0.0,0.0,0.0,0.0,0.0,0.0,0.0,0.0,0.0,0.0,0.0,0.0,0.0,0.0,0.0,0.0,0.0,0.0,0.0,0.0,0.0,0.0,0.0,0.0,0.0,0.0,0.0,0.0,0.2345093497774054,0.0,1.2513392083150423,-0.9949933438031536,3.0105184509361465,0.2935300256422465,1.3776574905184842,1.3469231947975948,0.2937720278186529,1.3268418722214284,0.666000656596909,0.2934507440929338,0.6852289514551692,0.0,0.0,0.0,0.532230311470616,0.2345093497774054,0.0,0.0,0.0,0.0,0.0,0.0,0.0,0.4845414777122803,0.0,0.2247444391006175,0.5296177648602834,0.0,0.4845414777122803,0.0,0.0,0.0,0.0,0.0,0.0,0.0,0.0,1.3050882292723225,0.0,-0.7182128248820696,0.0,0.0,1.727837627328958,-1.639804652509402,0.0,0.0,-0.9949933438031536,0.5938147770425,0.0,-1.6265072660598658,0.0,5.461763943894711,0.0,0.0,2.3818817145317275,0.0,0.0,0.0,3.949488343028481,0.0,1.2513392083150423,0.0,0.0,0.0,0.0,12.10684456246405,5.551675616534396,0.0,0.0,0.0,0.0,0.0,0.0,0.0,0.0,0.0,0.0,0.0,0.0,0.0,0.0,0.0,0.0,0.0,0.0,0.0,0.0,0.0,0.0,0.0,0.0,0.0,0.0,0.0,0.0,0.0,0.0,0.0,0.0,0.0,0.0,0.0,0.0,0.0,0.0,0.0,0.0,0.0,0.0,0.0,0.0,0.0,0.0,0.0,0.0,0.0,0.0,0.5654870208625775,0.0,15.06351194304564,1.7809267159787787,6.899670674012307,4.6222450775084045,4.193656896303556,7.604811170292267,7.9977616892401775,3.414291888851875,8.017257653288524,8.219122489167813,1.6714477449292269,0.0,0.0,0.0,0.5654870208625775,0.357361309001813,0.0,0.0,0.0,0.0,0.0,0.0,0.0,0.4925785664303035,0.0,1.0507386235843648,1.0507386235843648,0.0,0.4925785664303035,0.0,0.0,0.0,0.0,0.0,0.0,0.0,0.0,2.2576962546437995,0.0,1.386370994899976,0.0,0.0,1.7809267159787787,0.0,0.0,0.0,0.0916826739535157,0.6479825397604646,0.0,0.0,0.0,5.6564205120481095,0.0,0.0,2.9341681076356623,0.0,0.0,0.0,4.048707189723437,0.0,1.2513392083150423,0.0,0.0,0.0,0.0,15.06351194304564,5.643365243378103,0.0,0.0,0.0,0.0,0.0,0.0,0.0,0.0,0.0,0.0,0.0,0.0,0.0,0.0,0.0,0.0,0.0,0.0,0.0,0.0,0.0,0.0,0.0,0.0,0.0,0.0,0.0,0.0,0.0,0.0,0.0,0.0,0.0,0.0,0.0,0.0,0.0,0.0,0.0,0.0,0.0,0.0,0.0,0.0,0.0,0.0,0.0,0.0,0.0,0.0,333.83333333333337,2.419082125603865,1.0507386235843648,15.06351194304564,-0.3732499111630607,-1.639804652509402,19.448535135185534,2.973137985842736,8.06351194304564,241.05693069028752,2.973137985842736,8.06351194304564,241.05693069028752,63.19992,0.45797,0.0,0.04203,0.56579,0.88551,0.43463,0.5557,0.80818,0.13116,0.01009,-0.12106,0.07733,0.51718,0.19711,0.0,0.15665,0.1962,0.01582,119.75,0.86775,86.75,0.62862,33.0,0.23913,-53.75,-0.38949,0.0,0.0,253.26173,1.83523,428.45415,175.19242,1.26951,42.57379,0.30851,66.3271,23.75331,0.17213,2.5869,0.01875,2.8449,0.02062,0.0986842105263157,694.42,42.0,42.0,30.0,42.0,15.0,21.0,0.7291666666666666,1.5324318038511848,3.160640162392497,4.688819120403665,5.6141671174135865,5.903447467277648,6.160056240194678,465.85926837076016,960.8346093673192,1425.4010126027142,1706.7068036937303,1794.648030052405,1872.6570970191824,0.1857959834580772,0.3832041633781164,0.5684845208400772,0.6806760981183284,0.7157491936799169,0.7468611030048685,6.715495709592401,5.0872873510510885,3.55910839303992,2.6337603960299987,2.3444800461659376,2.087871273248907,0.1835527251027522,0.3785774436541818,0.5616207683115667,0.6724577700578699,0.707107401057947,0.7378436722811252,14.788759010472496,29.64770393343976,36.01801073557606,40.31491714900187,42.66610567503814,43.8571123419076,467.55417700525953,239.8686996767513,166.2585187163899,124.507197591018,108.17252445658734,97.17404457230916,132.14908163265306,84.6654415449898,68.4454921740084,93.0,6.0,16.0,7.399999999999999,15.65440000000006,1.0965214209607244,0.0,11.544463841211575,1.4446671062859966,0.0,0.0,5.018807477715313,0.0,4.472559359546459,0.0416666666666666,4.401822311098351,4.748854123996011,6.392742925793904,1.2689962970175646,4.889752950739491,0.6269858125439001,4.223435947612793,1.32917757909915,0.0,3.377,12.583,12.868,13.870999999999997,6.048,75.217,173.0,191.0,215.0,243.0,249.0,277.0,306.0,319.0,335.0,2586.0,5.081404364984463,5.3981627015177525,5.589119566336061,5.805887697593355,6.097793343830356,5.995518817436023,6.167254402038721,6.412228692505316,6.505410298210216,6.555179066612366,8.392763113038061,1.706883217324053,0.4939759036144578,3.0,0.0,0.0,1.0,2.0,0.0,0.0,0.0,0.0,0.0,0.0,0.0,0.0,0.0,0.0,0.0,0.0,0.0,0.0,0.0,0.0,0.0,0.0,3.0,0.0,1.0,2.0,0.0,0.0,0.0,0.0,0.0,0.0,0.0,1.0,0.0,0.0,1.0,0.0,0.0,0.0,0.0,0.0,0.0,0.0,0.0,0.0,0.0,0.0,0.0,0.0,0.0,0.0,0.0,0.0,0.0,0.0,0.0,0.0,1.0,0.0,0.0,0.0,0.0,0.0,0.0,0.0,0.0,96.0,0.6857142857142857,109.0,0.7785714285714286,4.0,42.0,83.0,0.9761904761904762,23.5,10.888888888888868,6.180555555555556,6.152222222222206,3.59388888888888,3.18367346938774,2.937570861678003,2.0899707105064285,1.7787422839506075,1.62137332925212,0.1678571428571428,0.0629415542710339,0.0343364197530864,0.0320428240740739,0.0168727177882107,0.0143408714837285,0.0121890907123568,0.008260753796468,0.0070029223777582,0.0062843927490392,0.4113014447158348,4109.774534810238,6491.287486908699,8219.549069620476,59.56194977985849,709.782712893384,1.4915376857549307,0.0108082440996734,5.517344765043799,3841.4209757494577,27.836383882242448,113.8996471960174,607.9500000000002,1966.2795572260973,8.10852445677817,6.440946540632921,7.2115567333138015,8.025189321890835,8.821879862683842,9.646722582719068,10.46147344147898,11.297018168695637,12.125496879139414,12.970262927751444,365.00054645830585,5.638354669333745,0.0,6.880384082186005,2.3978952727983707,8.274611946209552,4.59511985013459,9.751093661983862,6.6052979209482015,11.282140290684673,11.539771854078891,1955.2322381920048,6.431684994052647,272.96030230497195,1.9779732051084924,116.97734828222237,66.25912292126117,50.71822536096105,268228.0,180.0,6.45099999999999,626.0,1.0,2.1099158630237933
0,0,0,0,0,0,0,0,0,0,0,0,0,0,0,0,0,0,0,0,0,0,0,0,0,0,0,0,0,0,0,0,0,0,0,0,0,0,0,0,0,0,0,0,0,0,0,0,0,0,0,0,0,0,0,0,0,0,0,0,0,0,0,0,0,0,0,0,0,0,0,0,0,0,0,0,0,0,0,0,0,0,0,0,0,0,0,0,0,0,0,0,0,0,0,0,0,0,0,0,0,0,0,0,0,0,0,0,0,0,0,0,0,0,0,0,0,0,0,0,0,0,0,0,0,0,0,0,0,0,0,0,0,0,0,0,0,0,0,0,0,0,0,0,0,0,0,0,0,0,0,0,0,0,0,0,0,0,0,0,0,0,0,0,0,0,0,0,0,0,0,0,0,0,0,2,3,1,2,1,2,3,1,3,2,2,1,1,4,2,2,1,1,1,2,5,3,1,2,2,1,0,0,0,0,0,0,0,0,0,0,0,0,0,0,0,0,3,1,3,2,0,0,0,0,0,0,0,0,0,0,0,0,0,0,0,0,0,2,5,1,5,2,4,0,0,0,0,0,0,0,0,0,0,0,1,4,0,0,0,0,0,0,0,0,0,0,0,0,0,0,0,0,0,0,0,0,0,0,0,0,0,0,0,0,0,0,0,0,0,0,0,0,0,0,0,0,0,0,0,0,0,0,0,0,0,0,0,0,0,0,0,0,0,0,0,0,0,0,0,0,0,0,0,0,0,0,0,0,0,0,0,0,0,0,0,0,0,0,0,0,0,0,0,0,0,0,0,0,0,0,0,0,0,0,0,0,0,0,0,0,0,0,0,0,0,0,0,0,0,0,0,0,0,0,0,0,0,0,0,0,0,0,0,0,0,0,0,0,0,0,0,0,0,0,0,4,2,3,2,3,4,4,2,2,5,2,5,2,0,0,0,0,0,0,0,0,0,0,0,0,0,0,0,0,0,0,0,0,0,0,0,0,2,1,1,3,3,3,4,0,0,0,0,0,0,0,0,0,0,0,0,0,0,0,0,0,0,0,0,0,0,0,0,0,0,0,0,0,0,0,0,0,0,0,0,0,0,0,0,0,0,0,0,0,0,0,0,0,0,0,0,0,0,0,0,0,0,0,0,0,0,0,0,0,0,0,0,0,0,0,0,0,0,0,0,0,0,0,0,0,0,0,0,0,0,0,0,0,0,0,0,0,0,0,0,0,0,0,0,0,0,0,0,0,0,0,0,0,0,0,0,0,0,0,0,0,0,0,0,0,0,0,0,0,0,0,0,0,0,0,0,0,0,0,0,0,0,0,0,0,0,0,0,0,0,0,0,0,2,2,2,1,2,1,0,0,0,0,0,0,0,0,0,0,0,0,0,0,0,0,0,0,0,2,3,2,2,2,0,2,2,0,0,0,0,0,0,0,0,0,0,0,2,2,1,2,2,1,3,1,2,0,0,0,0,0,0,3,1,2,2,2,0,0,2,0,0,0,0,5,5,0,0,0,0,0,0,0,0,0,0,0,5,2,2,5,0,0,0,0,0,3,0,0,0,1,0,0,0,3,3,0,2,2,2,2,0,0,0,0,0,0,0,0,0,0,0,0,0,0,0,3,2,2,0,2,3,4,0,0,0,0,0,0,0,0,0,0,0,0,0,0,0,0,0,0,0,0,0,0,0,0,0,0,0,0,0,0,0,0,2,2,2,2,2,0,2,1,2,0,0,0,0,0,0,0,0,0,0,0,0,0,0,0,0,0,0,0,0,0,0,0,0,1,2,4,2,0,0,0,0,2,4,0,0,0,2,2,5,0,0,0,0,0,0,0,3,2,0,0,0,0,0,0,0,1,2,2,0,0,0,0,0,2,1,0,0,2,1,0,0,0,0,0,1,1,0,0,0,0,0,0,0,0,0,0,0,0,0,0,0,0,0,0,0,0,0,0,0,0,0,0,0,0,0,0,0,0,0,0,0,0,0,0,0,0,0,0,0,0,0,0,0,2,0,2,5,3,0,2,2,2,4,2,2,1,2,2,0,0,0,3,2,2,3,0,0,0,0,0,0,0,0,0,0,0,0,2,3,0,0,0,0,0,0,0,0,0,0,0,0,0,0,0,0,0,0,0,0,0,0,0,0,0,0,0,0,0,0,0,2,2,3,2,4,5,0,0,0,0,0,0,0,0,0,0,0,0,0,0,0,0,0,0,0,0,0,0,0,0,0,0,0,0,0,0,0,0,0,0,2,0,0,0,0,0,0,0,0,0,0,0,0,0,0,0,0,0,0,0,0,0,0,0,0,0,0,2,2,0,0,0,0,0,0,2,0,2,5,1,2,0,0,0,0,0,0,0,0,0,0,0,0,0,0,0,0,0,0,0,0,0,0,3,2,5,0,0,0,3,2,0,0,0,0,2,3,5,0,0,2,5,0,0,0,0,0,0,0,0,0,0,0,0,0,0,0,2,5,0,0,0,0,5,2,2,0,0,0,0,1,2,2,2,1,0,0,0,2,2,2,2,1,3,0,0,2,1,3,3,3,0,0,0,0,0,0,0,0,0,0,2,5,1,2,5,0,0,0,0,0,0,0,0,0,0,0,0,0,0,0,0,0,0,0,0,0,0,0,0,0,0,0,0,0,0,0,0,0,0,3,2,5,2,1,1,5,0,0,0,0,1,0,0,0,0,0,0,0,0,0,0,0,0,0,0,0,0,0,0,0,0,0,0,0,0,0,0,0,0,0,0,0,0,0,0,0,0,0,0,0,0,0,0,0,0,0,0,0,0,0,0,0,0,0,0,0,0,0,0,0,0,0,0,0,0,0,0,0,0,0,0,0,0,0,0,0,0,0,0,0,0,0,0,0,0,0,0,0,0,0,0,0,0,0,1,2,0,0,1,4,3,2,2,0,0,0,0,0,1,2,2,2,0,0,0,0,0,0,0,0,0,0,0,0,0,0,0,0,0,0,0,0,0,0,0,0,0,0,0,0,0,0,0,0,0,0,0,0,0,0,0,0,0,0,0,5,1,0,0,5,0,0,0,0,0,0,0,0,0,0,0,0,0,0,0,0,0,0,0,0,0,0,2,0,0,0,0,0,0,0,2,2,0,0,0,0,0,0,0,0,3,2,2,2,3,3,3,2,2,2,2,2,0,1,2,1,2,2,0,2,2,0,0,0,0,0,0,0,0,0,0,0,0,0,0,0,0,0,0,3,2,2,0,0,0,0,0,0,0,0,0,0,0,0,0,0,0,0,2,2,2,2,1,2,0,0,0,0,0,0,0,5,2,0,0,0,0,0,0,0,0,0,0,0,0,0,0,0,0,0,0,0,0,0,0,0,0,0,0,0,0,0,0,0,0,0,0,0,0,0,0,0,0,0,0,0,0,0,0,0,0,0,0,0,0,0,0,0,0,0,0,0,0,0,0,0,0,0,0,0,0,0,0,0,0,0,0,0,0,0,0,0,0,0,0,0,0,0,0,0,0,0,0,0,0,0,0,0,0,0,0,0,0,0,0,0,0,0,0,0,0,0,0,0,0,0,0,0,0,0,0,0,0,0,0,0,0,0,0,0,0,0,0,0,0,0,0,0,0,0,0,0,0,0,0,0,0,0,0,0,0,0,0,0,0,0,0,0,0,0,0,0,0,0,0,0,0,0,0,0,0,0,0,0,0,0,0,0,0,0,0,0,0,0,0,0,0,0,0,0,0,0,0,0,0,0,0,0,0,0,0,0,0,0,0,0,0,0,0,0,0,0,0,0,0,0,0,0,0,0,0,0,0,0,0,0,0,0,0,0,0,0,0,0,0,0,0,0,0,0,0,0,0,0,0,0,0,0,0,0,0,0,0,0,0,0,0,0,0,0,0,0,0,0,0,0,0,0,0,0,0,0,0,0,0,0,0,0,0,0,0,0,0,0,0,0,0,0,0,0,0,0,0,0,0,0,0,0,0,0,0,0,0,0,0,0,0,0,0,0,0,0,0,0,0,0,0,0,0,0,0,0,0,0,0,0,0,0,0,0,0,0,0,0,0,0,0,0,0,0,0,0,0,0,0,0,0,0,0,0,0,0,0,0,0,0,0,0,0,0,0,0,0,0,0,0,0,0,0,0,0,0,0,0,0,0,0,0,0,0,0,0,0,0,0,0,0,0,0,0,0,0,0,0,0,0,0,0,0,0,0,0,0,0,0,0,0,0,0,0,0,0,0,0,0,0,0,0,0,0,0,0,0,0,0,0,0,0,0,0,0,0,0,0,0,0,0,0,0,0,2,2,0,3,0,0,0,0,0,1,2,2,0,2,2,2,1,3,2,2,3,1,2,2,0,0,0,0,0,0,0,2,3,2,2,3,3,5,0,2,5,0,4,3,0,0,0,0,2,3,4,2,0,0,0,0,0,0,0,0,0,0,0,0,0,0,0,0,0,0,0,0,0,0,0,0,0,0,0,0,0,0,0,0,0,0,0,0,0,0,0,0,0,0,0,0,0,0,0,0,0,0,0,0,0,0,0,0,0,0,0,0,0,0,0,0,0,0,0,0,0,0,0,0,0,0,0,0,0,0,0,0,0,0,0,0,0,0,0,0,0,0,0,0,2,1,2,1,2,1,1,5,5,2,5,1,5,5,3,3,5,3,2,3,0,0,0,0,0,0,0,0,0,0,0,0,0,0,0,0,0,0,0,0,0,0,0,0,0,0,0,0,0,0,0,0,0,0,0,0,0,0,0,0,0,0,0,0,0,0,0,0,0,0,0,0,0,0,0,0,0,0,0,0,0,0,0,0,0,0,0,0,0,0,0,0,0,0,0,0,0,0,0,0,0,0,0,0,0,0,0,0,0,0,0,0,0,0,0,0,0,0,0,0,0,0,0,0,0,0,0,0,0,0,0,0,0,0,0,0,0,0,0,0,0,0,0,0,0,0,0,0,0,0,0,0,0,0,0,0,0,0,0,0,0,0,0,0,0,0,0,0,0,0,0,0,0,0,0,0,0,0,0,0,0,0,0,0,0,0,0,0,0,0,0,0,0,0,0,0,0,0,0,0,0,0,0,0,0,0,0,0,0,0,0,0,0,0,0,0,0,0,0,0,0,0,0,0,0,0,0,0,0,0,0,0,0,0,0,0,0,0,0,0,0,0,0,0,0,0,0,0,0,0,0,0,0,0,0,0,0,0,0,0,0,0,0,0,0,0,0,0,0,0,0,0,0,0,0,0,0,0,0,0,0,0,0,0,0,0,0,0,0,0,0,0,0,0,0,0,0,0,0,0,0,0,0,0,5,2,3,3,1,3,3,2,1,4,2,1,3,2,1,3,2,0,0,0,0,0,0,0,0,0,0,0,0,0,0,0,0,0,0,0,0,0,0,0,0,0,0,0,0,0,0,0,0,0,0,0,0,0,0,0,0,0,0,0,0,0,0,0,0,0,0,0,0,0,0,0,0,0,0,0,0,0,0,0,0,0,0,0,0,0,0,0,0,0,0,0,0,0,0,0,0,0,0,0,0,0,0,0,0,0,0,0,0,0,0,0,0,0,0,0,0,0,0,0,0,0,0,0,0,0,0,0,0,0,0,0,0,0,0,0,0,0,0,0,0,0,0,0,0,0,2,5,1,2,2,1,3,4,1,1,4,2,3,3,4,3,4,1,3,0,0,0,0,0,0,0,0,0,0,0,0,0,0,0,0,0,0,0,0,0,0,0,0,0,0,0,0,0,0,0,0,0,0,0,0,0,0,0,0,0,0,0,0,0,0,0,0,0,0,1,0,0,1,0,0,0,0,0,0,0,1,1,1,0,0,0,0,0,0,0,0,0,0,0,0,0,0,0,0,0,1,1,0,1,0,0,0,0,0,1,1,0,0,0,0,0,0,0,0,1,0,0,0,0,0,0,0,0,0,1,0,0,1,0,0,0,0,0,0,0,0,1,0,0,0,0,0,1,1,0,0,0,0,0,1,0,0,0,0,0,0,0,0,0,0,0,0,0,0,0,0,0,0,1,0,0,1,0,1,0,0,0,0,0,0,1,0,1,0,0,0,0,0,0,0,0,1,0,0,0,1,0,0,0,0,0,0,1,1,0,0,1,1,0,0,1,0,0,0,0,0,0,0,0,0,0,0,0,0,0,0,0,1,0,0,0,0,0,0,0,0,1,0,1,0,0,0,0,0,0,0,0,0,0,0,0,1,0,0,0,0,0,0,0,0,1,0,0,0,0,0,0,0,0,0,0,0,0,0,0,0,0,0,0,1,0,0,0,0,0,0,0,0,0,0,0,0,1,0,0,0,0,0,0,0,0,0,0,0,0,0,1,0,0,0,0,0,0,0,0,0,0,0,1,1,0,0,0,0,0,0,1,0,0,1,0,1,0,0,0,0,0,0,0,1,0,0,0,0,0,1,1,0,0,0,0,1,0,0,0,0,0,0,0,0,0,0,0,0,1,0,0,0,0,0,0,0,0,0,1,0,0,0,0,0,0,0,0,0,1,0,0,0,0,0,0,0,0,0,0,0,0,0,0,0,0,0,0,0,0,0,0,0,0,0,0,0,0,0,1,0,0,0,0,1,0,0,0,0,0,0,0,0,0,0,0,0,1,1,0,0,0,0,0,1,0,0,0,0,0,0,0,0,0,0,0,0,1,0,0,0,0,0,0,0,0,0,0,0,0,0,1,0,0,0,0,0,0,1,0,0,0,1,0,0,0,0,0,1,0,0,0,0,0,0,0,0,0,0,0,0,0,0,1,0,0,0,0,0,0,0,0,0,0,0,0,0,0,0,0,0,0,0,0,0,0,1,0,0,0,0,0,0,0,0,0,0,0,0,0,0,0,0,0,1,0,0,0,0,0,0,0,0,0,0,0,0,0,0,0,0,0,0,0,0,0,0,0,0,0,0,0,0,0,0,0,0,1,0,0,0,0,0,0,0,0,0,0,0,0,1,0,0,0,0,0,0,0,0,1,0,0,0,0,0,0,0,0,1,0,0,0,0,1,0,0,0,0,0,0,0,1,0,0,0,0,0,0,0,0,1,0,0,0,0,0,0,0,0,0,0,1,0,0,0,0,0,0,1,0,1,0,0,1,0,0,0,0,0,0,1,1,1,0,0,0,0,0,0,0,0,0,0,0,0,0,0,0,0,0,0,0,0,0,0,0,1,0,0,0,0,0,0,0,0,0,0,0,0,0,0,1,0,0,0,0,0,0,0,0,0,0,0,0,0,0,0,0,1,0,1,0,0,0,0,0,0,0,0,0,1,0,0,1,0,1,0,0,0,0,0,0,0,0,0,0,0,0,1,0,1,0,0,0,0,0,0,1,0,0,0,0,1,0,0,0,1,0,0,0,0,0,0,0,0,0,0,0,0,0,0,0,0,0,0,0,0,1,1,0,0,0,0,1,1,1,0,0,1,0,0,0,0,0,1,0,0,1,0,0,0,0,0,0,0,0,0,0,0,0,0,0,0,0,0,0,0,1,0,0,0,0,0,0,0,0,0,0,0,0,0,0,0,0,0,0,0,1,0,1,0,0,0,1,1,0,0,0,0,0,0,0,0,0,0,0,1,0,0,0,0,0,0,0,0,1,0,0,0,0,0,0,0,0,0,0,0,0,0,0,0,1,0,1,0,0,0,0,0,0,0,0,0,1,0,1,0,0,0,0,0,0,0,0,0,0,0,1,0,0,1,0,0,0,0,1,0,0,0,0,0,0,1,1,0,0,0,0,0,0,0,0,1,1,0,0,0,0,0,0,0,0,0,0,0,1,0,0,1,0,0,1,0,1,0,1,0,0,0,0,1,0,0,0,0,0,1,0,0,0,0,0,0,0,1,0,0,0,0,1,0,1,0,0,1,1,0,0,0,0,0,0,0,1,0,0,0,0,0,0,0,0,0,0,0,1,0,0,0,0,0,1,0,0,0,0,0,0,0,0,0,0,0,0,0,1,0,0,0,0,0,0,0,0,0,0,1,0,1,0,1,0,0,0,0,0,0,0,0,0,1,0,0,0,0,0,0,0,0,0,0,0,0,0,0,0,0,0,0,0,0,0,1,0,0,0,1,1,0,0,0,0,0.0,-12.6088,158.98183744000002,286.1606,225.5908510000013,12.0,12.0,207.0,100.0,107.0,0.0,67.0,19.0,12.0,2.0,0.0,0.0,0.0,0.0,0.0,0.0,18629.443097999952,18064.939013000043,25292.27378100007,28824.592049000057,31415.18249200008,35064.18825800054,35738.031726000525,38369.156518000425,42328.59723600031,40114.806159632,50732.0469796242,73019.21558760393,86409.83249474071,91780.44386057508,97581.2632492552,106172.4200190445,116739.53967804804,127565.17635507528,1595.6295940000057,1636.5074479999969,2902.692439999995,4216.345819999987,4627.99780999996,4774.25248199995,5181.961611999936,5637.199235999941,6182.79085999995,281.95832881884434,355.5572757200008,537.979660813962,651.505668540184,681.3577633728049,714.0468545511621,781.4671809763117,862.8876545287435,952.8823360685706,34735.046862044685,31921.33324140757,59488.97890130465,90613.16915357632,99609.93830895764,101241.6825549399,110096.06262181413,119656.1247537712,131834.30307293177,1062.8873647309867,639.7623456790121,1117.9794238683126,1570.5606995884768,1766.1306584362153,2267.2098765432106,2138.311728395064,2241.700617283951,2622.4783950617298,89.99730965217368,86.02351910952402,66.73423161213738,52.50381065391632,52.44604756594336,57.29442525817082,53.74140109173011,52.70488532692366,52.64750900000038,193.79133410450245,241.5811760934486,192.6628379620157,157.39495900681368,153.22277773050934,159.4465085772144,159.65777446472856,160.35651054676927,158.66315467049165,7.708355526570076,7.792892609523794,7.658819102902361,7.680047030965367,7.726206694490751,7.801066147058742,7.792423476691632,7.743405543955963,7.690038383084515,1.362117530525818,1.693129884380956,1.4194714005645437,1.1867134217489692,1.1374920924420784,1.1667432263907878,1.1751386180094914,1.185285239737285,1.1851770349111574,167.80215875383905,152.0063487686075,156.96300501663495,165.0513099336545,166.29372004834332,165.4275858740848,165.55798890498363,164.3628087277077,163.9730137723032,5.134721568748728,3.0464873603762483,2.949813783293701,2.860766301618355,2.9484652060704764,3.704591301541194,3.215506358488818,3.079259089675757,3.261789048584241,3.5237897421606443,-2.426355158669708,1.1178355917949607,0.5871023880100279,-2.2508471536805934,1.2468998820242363,0.6360268933688513,-1.0777388535386587,0.1270331963886769,8683.79765086957,-300.2590032155198,-521.6845748336694,-511.0999072192992,228.13365853685096,1062.9956729073624,-1524.5041846389695,-1585.8585033384206,-563.2390905368959,9990.707144021746,359.481950576465,-2494.903194475364,-802.0611573651631,1025.0047300565434,408.1279029319836,-50.565932238541016,24.51857585982525,-1212.6488530747663,16.27931827053139,-1.919015404886823,5.530809011925599,0.0293403259820242,-6.9520863190737145,5.6083230938881234,-4.563045719339687,-7.335250690564178,2.845779915424061,49.07442885824263,0.7936542694282919,-14.676559892900674,-2.173002138758457,0.9445265787396196,-0.5865491651174994,2.412691334564204,1.863903229779038,-6.747501858609386,302.1585012050525,-10.107333920668305,-68.2021710747819,38.012786632496095,-31.41919066179524,-26.870911191063083,58.03500530720508,17.471217010202125,-33.067250836026,439.7170249910368,-24.982889636166924,91.58760265705396,-70.97983169499932,-163.2705044732537,191.85965422136093,-124.49777295681052,-178.46331576751174,117.3519331205324,0.0170231388510176,-0.0115540721841414,0.0029494342791423,0.0010694032568488,-0.0037576747139909,0.0020374181078827,0.0009564314185997,-0.0014804105131025,0.0001580014880456,41.95071328922498,-1.4298047772167608,-1.376476450748468,-0.9309652226216742,0.3808575267727061,1.7369210341623569,-2.2924874956976984,-2.178377065025303,-0.700546132508577,48.26428571991182,1.711818812268881,-6.582858032916526,-1.4609492848181478,1.7111932054366334,0.6668756583855941,-0.0760389958474301,0.0336793624448149,-1.5082697177546849,0.0786440496160936,-0.0091381685946991,0.0145931636198564,5.344321672499867e-05,-0.0116061541219928,0.0091639266240002,-0.006861722886225,-0.01007589380572,0.0035395272579901,0.2370745355470658,0.0037793060448966,-0.0387244324350941,-0.0039581095423651,0.0015768390296153,-0.0009584136684926,0.0036281072700213,0.0025603066343118,-0.0083924152470265,1.4597029043722345,-0.0481301615269919,-0.1799529579809549,0.0692400485109218,-0.0524527390013276,-0.043906717632456,0.0872706846724888,0.0239989244645633,-0.0411284214378432,2.124236835705492,-0.1189661411246044,0.2416559436861581,-0.129289310919853,-0.2725717937783868,0.3134961670283675,-0.1872146961756549,-0.2451419172630655,0.1459601158215577,-0.6787274829430642,0.173260307922946,0.0628205682987153,-0.2207392389192871,0.1196852193777968,0.0561841988701515,-0.0869646030652013,0.0092815719491222,-0.0340829670131975,-0.0328117531937654,-0.0221918806529755,0.0090786901320824,0.0414038498508316,-0.0546471636821136,-0.0519270566392209,-0.0166992662956344,0.0354676089521543,-0.1363919083174314,-0.0302697794658426,0.0354546468452275,0.0138171662221548,-0.0015754712768091,0.0006978112685695,-0.0312502235401866,-0.1161965671822312,0.185559666511249,0.0006795583007981,-0.1475782869606675,0.1165240939236285,-0.0872503758354391,-0.1281202310270922,0.0450069302797677,0.0159414254937824,-0.1633428590115544,-0.0166956334354152,0.0066512374514484,-0.0040426681266338,0.0153036565553076,0.0107995851532674,-0.0353999016708417,-0.0329725736537401,-0.1232805370476029,0.0474343431827995,-0.0359338457464299,-0.0300792150929772,0.0597866075425949,0.0164409650708233,-0.0281758851850275,-0.0560041795363622,0.1137612998815645,-0.0608638870895551,-0.1283151620369399,0.1475806095435919,-0.0881326851266459,-0.1154023473948704,0.0687117902148053,1.7335702883944617,0.7516434580934657,0.9664024633631272,1.326784126758614,1.0432679855426847,1.1004088968259609,1.1494124756709243,0.9833492181698296,0.9525384348067812,0.9425802119375436,0.951855223486013,0.961166390439195,0.9078488990573528,0.998140547054254,0.9807332535810692,0.9242962288258896,1.1153510395390436,1.2390289431067338,1.0305836100624377,0.9426884029621144,0.9656228923644216,0.9796844934643152,0.9947577791682918,1.0383010331661788,0.81201890347937,0.519512901432931,0.978753975705192,1.2946377157072186,1.0918689411855584,1.2962665733661107,1.2945352038667413,0.992428638636516,1.192161129228959,1.2810480083180706,0.9776927848282172,0.944605051557556,0.9438378720598736,0.919175465985371,0.9405488157569268,0.9908870865234292,1.4620447214927588,1.36435411917679,1.0040155533531456,1.0393806200460485,1.054327516643078,0.9695219470226268,1.007041422243629,1.063266293033004,0.6560003357828963,0.4838883371436195,0.9792120147117084,1.274341553687271,1.078431071866685,1.3058075452342224,1.3224565262452774,0.9700451619102068,2742.302830177844,1374.633557946065,1955.6432218483983,2749.1278301778434,27.49127830177844,709.782712893384,6.9642857142853245,0.1130227232454894,0.0011302272324548,-21.801663898177665,3193.1121167665747,31.931121167665747,80.68751305398223,2742.8562559634884,1374.9028318543487,1956.0527788082072,2749.6666755537944,27.49666675553792,709.782712893384,6.949407745208873,0.1130259972798375,0.0011302599727983,-21.80137422307217,3193.565855265453,31.93565855265453,80.68893394447217,3461.804438181478,1725.632247129249,2488.6901129947146,3452.740086407716,34.52740086407715,709.782712893384,-10.539943922979774,0.1151613493311512,0.0011516134933115,-21.614210962943773,3832.213277283201,38.32213277283201,82.51197794453027,2753.5141924211707,1379.6519195506214,1961.7647931934675,2759.18804616764,27.591880461676407,709.782712893384,5.78964668007211,0.1133261052078394,0.0011332610520783,-21.77485729651803,3194.3917981591867,31.943917981591863,80.69151988177217,3779.953643542168,1878.9844668433536,2720.573424569907,3761.04679306647,37.61046793066472,709.782712893384,-21.98470985545987,0.1170146164875362,0.0011701461648753,-21.4545642474324,4115.613621846599,41.15613621846599,83.2254322030437,2631.381409670954,1318.7824805173236,1867.59954133934,2637.441290007374,26.37441290007375,709.782712893384,6.183551363693141,0.1141505974897114,0.0011415059748971,-21.70236671769384,3080.39089993406,30.8039089993406,80.32811783477527,2710.3134118462094,1357.86004318028,1920.2826238264984,2720.301895280729,27.203018952807284,709.782712893384,16.13022657809438,0.1459441798052705,0.0014594417980527,-19.245310604814748,2505.5114809735537,25.05511480973554,78.26248176697624,7.0,11.99841384293782,31.97343418464832,-0.3200791184334143,0.2324699272033526,4.388939360142062,12.013199287450618,103.0,210.0,196.0,184.0,77.0,14.0,14.0,0.0,0.0,26.0,138.9691490000004,3.8678692332819993,3.816502898777642,3.801728989562114,3.751600869596064,3.730105201035455,3.718219352952648,3.686891433766804,3.617236937216872,1.9869958680349653,1.982678043790732,1.967067835887224,1.8898819673309264,1.886152813349525,1.877148116147721,1.8651285049363544,1.8449901306534675,3.8114402884764207,3.804853009479751,3.798888431091816,3.616849528505144,3.612092745459905,3.560264533621749,3.5522325319068724,3.537374655222585,1.977589230035374,1.9635954725215417,1.9311645165907927,1.9110953061120293,1.8768161146845432,1.8678569010739856,1.856623135770671,1.8483232415183968,3.933390624878363,3.8786293680511945,3.865499012665345,3.7829268958072095,3.754667652698844,3.722959922886405,3.706493903374684,3.690206823855394,1.871920364153348,1.8675815655527508,1.7771932025230726,1.7227648820617292,1.7064443138215026,1.681223669677207,1.6658560215403595,1.659465310434305,3.814374364649012,3.8107704578629535,3.8006229086893626,3.604669940935559,3.601800836481302,3.563092948859554,3.5535161070444,3.538969622151265,1.974912288151144,1.9535242872410552,1.9263222803837847,1.9093421397732253,1.86757996988232,1.8619491501619023,1.846597078237252,1.841160162827112,3.9748904840433608,3.909594320428998,3.8943251642611583,3.8244772011003305,3.793086500525902,3.7649668409953887,3.754606357076824,3.74226894830044,1.8459206803220345,1.8421135500866288,1.7319575716719295,1.6820140479797148,1.6638921223168586,1.6363527917615617,1.617781080440342,1.612089088871538,5.087297495956905,5.08423172879689,5.080053919198518,5.0733565729084535,5.065717809501218,5.056956440612453,5.056040941922653,5.047876648825029,1.9080014489965191,1.7919499022272134,1.7775318647308165,1.745095489884014,1.735877063709263,1.7291937389852134,1.725842633033034,1.7048987477060784,0.0,0.0,12.0,10.0,2.0,8.0,31.0,2.0,0.0,0.0,0.0,0.0785674201318386,0.4892904320016789,0.6727019822146036,0.0,0.0,0.0608580619450184,0.2944077217706972,0.3917501153321062,6.746603199156629,0.0,1.3379523280312364,0.0,2.82410186777836,0.0,0.3166011704240083,0.0,12.875111460066936,17.752586983415082,25.397396248403545,4.946085482534787,6.618483716661186,7.818555442014457,73.68428330345338,47.70183416724304,42.18232654006282,31.197816402588188,23.93015020146456,18.96466267284331,12.124765801065667,8.89255904614178,0.7368428330345338,0.4631246035654664,0.3124616780745394,0.1962126817772842,0.1246361989659612,0.0820981068088455,0.0501023380209325,0.0318729714915476,59.25894274360183,35.69221892502297,26.53970606115621,17.924623990908387,12.424894962454294,8.467531911101442,5.144556277524011,3.4758616593195546,0.5925894274360183,0.3465263973303201,0.1965904152678237,0.1127334842195496,0.0647129945961161,0.0366559822991404,0.021258497014562,0.0124582855172743,121.34079401587644,208.22068463219148,200.17647058823613,203.2439999999995,131.47356347305404,1598.657497604794,0.5861874107047171,1.0058970272086545,0.9670360897982422,0.9818550724637656,0.6351379877925316,7.722983080216396,-1.8915299999999884,390.5961000000001,1903.1152381911184,2813.735970482346,3806.2304763822367,38.062304763822354,709.782712893384,0.3023506737811198,0.0030235067378111,-11.96167763784764,1546.5212682955364,15.465212682955364,73.43763344565662,6228.0,18.0,0.0,29.0,26.0,15.0,26.0,7.0,12.0,16.0,17.0,15.0,19.0,20.0,0.0,0.0,2.0,7.0,9.0,0.0,0.0,0.0,0.0,0.0,0.0,0.0,10.0,0.0,41.0,12.0,0.0,10.0,0.0,0.0,0.0,0.0,0.0,0.0,0.0,0.0,2.0,0.0,27.0,0.0,0.0,10.0,12.0,0.0,0.0,14.0,2.0,0.0,0.0,0.0,7.0,0.0,0.0,9.0,0.0,0.0,0.0,2.0,0.0,1.0,0.0,0.0,0.0,0.0,12.0,0.0,0.0,0.0,0.0,0.0,0.0,0.0,0.0,0.0,0.0,0.0,0.0,0.0,0.0,0.0,2.0,0.0,0.0,0.0,0.0,0.0,0.0,0.0,0.0,0.0,0.0,0.0,0.0,0.0,0.0,0.0,0.0,0.0,0.0,0.0,0.0,0.0,0.0,0.0,0.0,0.0,0.0,0.0,0.0,0.0,0.0,0.0,0.0,0.0,0.0,0.0,6.80154082452067,0.0,231.4874162841718,11.424938567595284,58.141144966108286,47.001711713637576,19.4762519571666,47.99960504738248,30.242624798187027,27.89092016334856,57.70120591756607,66.02730180467776,35.73834016930297,0.0,0.0,0.7886472220363119,3.6107642836303415,2.402129318854016,0.0,0.0,0.0,0.0,0.0,0.0,0.0,4.738488176296082,0.0,27.89509741458539,10.533236737739166,0.0,4.738488176296082,0.0,0.0,0.0,0.0,0.0,0.0,0.0,0.0,3.7285764944597406,0.0,7.764822875028891,0.0,0.0,17.92815194296168,-11.107432177780742,0.0,0.0,-7.890386223550252,1.387172848183856,0.0,0.0,0.0,39.45762485486984,0.0,0.0,25.15830643956509,0.0,0.0,0.0,8.133761405269698,0.0,1.4836138185078998,0.0,0.0,0.0,0.0,165.387871171229,0.0,0.0,0.0,0.0,0.0,0.0,0.0,0.0,0.0,0.0,0.0,0.0,0.0,0.0,0.0,0.728410378415811,0.0,0.0,0.0,0.0,0.0,0.0,0.0,0.0,0.0,0.0,0.0,0.0,0.0,0.0,0.0,0.0,0.0,0.0,0.0,0.0,0.0,0.0,0.0,0.0,0.0,0.0,0.0,0.0,0.0,0.0,0.0,0.0,0.0,0.0,0.0,0.1899131383735715,0.0,1.4836138185078998,-0.9106491910756048,2.883439291142881,0.2817577564072336,1.04710779088114,1.4611578669000178,0.3167251487509017,0.7274883093245507,0.767722072833287,0.330175488549133,0.6292484529864588,0.0,0.0,0.370333665542763,0.4139822407444639,0.1899131383735715,0.0,0.0,0.0,0.0,0.0,0.0,0.0,0.4680942036500968,0.0,0.4398822916725762,0.6407762565645447,0.0,0.4680942036500968,0.0,0.0,0.0,0.0,0.0,0.0,0.0,0.0,1.8642882472298703,0.0,-0.6062076258550828,0.0,0.0,1.765414792544066,-1.4786648274926943,0.0,0.0,-0.9106491910756048,0.641092674253577,0.0,0.0,0.0,5.367755150093266,0.0,0.0,2.586106373128732,0.0,0.0,0.0,4.020082688643378,0.0,1.4836138185078998,0.0,0.0,0.0,0.0,11.594264284652468,0.0,0.0,0.0,0.0,0.0,0.0,0.0,0.0,0.0,0.0,0.0,0.0,0.0,0.0,0.0,0.289849305072543,0.0,0.0,0.0,0.0,0.0,0.0,0.0,0.0,0.0,0.0,0.0,0.0,0.0,0.0,0.0,0.0,0.0,0.0,0.0,0.0,0.0,0.0,0.0,0.0,0.0,0.0,0.0,0.0,0.0,0.0,0.0,0.0,0.0,0.0,0.0,0.555176252702529,0.0,15.647599737936348,1.822914983690063,6.70756089872973,5.033812455527002,4.850037927839107,7.389792629344004,7.818220125000802,4.3433380817333775,8.097125785573914,8.159276770822832,5.602265456713995,0.0,0.0,0.4183135564935489,0.555176252702529,0.3608858647639837,0.0,0.0,0.0,0.0,0.0,0.0,0.0,0.4789315613492763,0.0,1.0288864371476771,1.0288864371476771,0.0,0.4789315613492763,0.0,0.0,0.0,0.0,0.0,0.0,0.0,0.0,1.8642882472298703,0.0,0.813609311655208,0.0,0.0,1.822914983690063,0.0,0.0,0.0,0.0,0.7460801739302789,0.0,0.0,0.0,5.867548554800833,0.0,0.0,2.9345929467232605,0.0,0.0,0.0,4.113678716626319,0.0,1.4836138185078998,0.0,0.0,0.0,0.0,15.647599737936348,0.0,0.0,0.0,0.0,0.0,0.0,0.0,0.0,0.0,0.0,0.0,0.0,0.0,0.0,0.0,0.438561073343268,0.0,0.0,0.0,0.0,0.0,0.0,0.0,0.0,0.0,0.0,0.0,0.0,0.0,0.0,0.0,0.0,0.0,0.0,0.0,0.0,0.0,0.0,0.0,0.0,0.0,0.0,0.0,0.0,0.0,0.0,0.0,0.0,0.0,0.0,0.0,252.16049382716045,2.5216049382716044,1.0288864371476771,15.647599737936348,-0.5068480955550103,-1.4786648274926943,7.608306260847102,2.811998160826028,8.647599737936348,195.2751277418672,2.8257418496944533,8.640089166452714,196.87317124487004,46.76662,0.46767,0.0,0.03233,0.57697,0.87333,0.43605,0.5618,0.75867,0.14092,0.01518,-0.12574,0.11467,0.5355,0.17879,0.0,0.20242,0.30791,0.0,95.5,0.955,62.5,0.625,33.0,0.33,-29.5,-0.295,0.0,0.0,181.72724,1.81727,316.01606,134.28882,1.34289,30.12294,0.30123,47.70165,17.5787,0.17579,2.21235,0.02212,2.55635,0.02556,0.1642512077294686,709.33,31.0,31.0,19.0,31.0,16.0,23.0,0.6119402985074627,1.637954995810072,3.4957466071952767,5.087841518548584,6.183403955451257,6.54244994055976,6.598177508450044,339.0566841326849,723.6195476894222,1053.1831943395568,1279.96461877841,1354.2871376958703,1365.822744249159,0.2129015107010033,0.4543774008465372,0.6613180144003682,0.8037193004433321,0.8503881239679523,0.8576315973368077,6.055531961689253,4.1977403503040485,2.605645438950741,1.5100830020480682,1.151037016939565,1.0953094490492816,0.2087766328392588,0.4455740284540272,0.6485052540390579,0.788147574631995,0.8339122091898178,0.8410153432870403,17.122736020016024,32.43205883830519,40.42756542814416,45.855083169379405,48.17956906997403,48.56542066225002,331.4026094744806,170.8620821716541,100.20701626157408,59.82191372237132,48.78369641821976,48.926236526703725,92.38382505419926,52.169876543209874,36.84933349155492,43.0,6.0,6.0,5.2,11.18210000000004,0.4999999999999999,6.002788069309665,5.331939211255762,0.0,0.0,0.0,0.0,0.0,0.0,0.0,4.853625558992495,0.0,0.0,1.2226184447224364,5.715117732261408,0.6082010230534495,4.876233785766026,1.455457082168803,0.0,3.709000000000001,10.467,10.628,13.591,7.396999999999999,59.055,135.0,159.0,192.0,231.0,242.0,279.0,325.0,349.0,378.0,2493.0,4.820281565605037,5.209486152841421,5.453182077108952,5.730911142044453,6.072756474181951,5.985509350069308,6.171439603020813,6.434947722403667,6.557133406756482,6.607494424323496,8.370605506573394,1.7317488969113517,0.5,4.0,0.0,0.0,1.0,3.0,0.0,0.0,0.0,0.0,0.0,0.0,0.0,1.0,0.0,0.0,0.0,0.0,0.0,1.0,0.0,0.0,0.0,0.0,5.0,0.0,1.0,3.0,0.0,0.0,1.0,0.0,0.0,0.0,0.0,1.0,0.0,0.0,1.0,0.0,0.0,0.0,0.0,0.0,0.0,0.0,0.0,0.0,0.0,0.0,0.0,0.0,0.0,1.0,0.0,0.0,0.0,0.0,0.0,0.0,1.0,0.0,0.0,0.0,1.0,0.0,0.0,0.0,0.0,56.0,0.5436893203883495,67.0,0.6504854368932039,3.0,21.0,42.0,1.0,21.0,9.99999999999998,6.666666666666665,6.254444444444419,3.4030555555555475,2.9308390022675592,2.7118764172335585,1.958719135802473,1.710648148148139,1.6343413937353373,0.203883495145631,0.0740740740740739,0.0459770114942528,0.0398372257607924,0.0192263025737601,0.0159284728384106,0.0135593820861677,0.0089849501642315,0.0075358949257627,0.0069843649304928,0.4864784818867514,1515.2717989637267,2152.985831612064,3030.543597927453,30.30543597927454,709.782712893384,0.0992367136170548,0.0009923671361705,-23.10247236214174,3483.0331467367027,34.830331467367024,81.55658787040988,600.8099999999998,1394.8716322917833,7.643856189774725,6.1675164908883415,6.970730078143525,7.816416983691801,8.646641258603124,9.500693872983122,10.347435922459988,11.20942561515135,12.068160241703623,12.93746169494698,288.6644821585719,5.332718793265369,0.0,6.616065185132817,2.3978952727983707,8.059908334578276,4.844187086458591,9.583488878607804,7.065613363597717,11.156778952815396,11.40846454455524,1433.7788018640024,6.926467641855084,198.34855139572792,1.98348551395728,88.61369625888258,30.35917315424312,53.42559760771659,72169.0,145.0,3.904999999999995,476.0,1.0,3.130011949671904
0,0,0,0,0,0,0,0,0,0,0,0,0,0,0,0,0,0,0,0,0,0,0,0,0,0,0,0,0,0,0,0,0,0,0,0,0,0,0,0,0,0,0,0,0,0,0,0,0,0,0,0,0,0,0,0,0,0,0,0,0,0,0,0,0,0,0,0,0,0,0,0,0,0,0,0,0,0,0,0,0,0,0,0,0,0,0,0,0,0,0,0,0,0,0,0,0,0,0,0,0,0,0,0,0,0,0,0,0,0,0,0,0,0,0,0,0,0,0,0,0,0,0,0,0,0,0,0,0,0,0,0,0,0,0,0,0,0,0,0,0,0,0,0,0,0,0,0,0,0,0,0,0,0,0,0,0,0,0,0,0,0,0,0,0,0,0,0,0,0,0,0,0,0,0,2,3,1,2,1,2,3,1,3,2,2,1,1,4,2,2,1,1,1,2,5,3,1,2,2,1,0,0,0,0,0,0,0,0,0,0,0,0,0,0,0,0,3,1,3,2,0,0,0,0,0,0,0,0,0,0,0,0,0,0,0,0,0,2,5,1,5,2,4,0,0,0,0,0,0,0,0,0,0,0,1,4,0,0,0,0,0,0,0,0,0,0,0,0,0,0,0,0,0,0,0,0,0,0,0,0,0,0,0,0,0,0,0,0,0,0,0,0,0,0,0,0,0,0,0,0,0,0,0,0,0,0,0,0,0,0,0,0,0,0,0,0,0,0,0,0,0,0,0,0,0,0,0,0,0,0,0,0,0,0,0,0,0,0,0,0,0,0,0,0,0,0,0,0,0,0,0,0,0,0,0,0,0,0,0,0,0,0,0,0,0,0,0,0,0,0,0,0,0,0,0,0,0,0,0,0,0,0,0,0,0,0,0,0,0,0,0,0,0,0,0,4,2,3,2,3,4,4,2,2,5,2,5,2,0,0,0,0,0,0,0,0,0,0,0,0,0,0,0,0,0,0,0,0,0,0,0,0,2,1,1,3,3,3,4,0,0,0,0,0,0,0,0,0,0,0,0,0,0,0,0,0,0,0,0,0,0,0,0,0,0,0,0,0,0,0,0,0,0,0,0,0,0,0,0,0,0,0,0,0,0,0,0,0,0,0,0,0,0,0,0,0,0,0,0,0,0,0,0,0,0,0,0,0,0,0,0,0,0,0,0,0,0,0,0,0,0,0,0,0,0,0,0,0,0,0,0,0,0,0,0,0,0,0,0,0,0,0,0,0,0,0,0,0,0,0,0,0,0,0,0,0,0,0,0,0,0,0,0,0,0,0,0,0,0,0,0,0,0,0,0,0,0,0,0,0,0,0,0,0,0,0,0,0,2,2,2,1,2,1,0,0,0,0,0,0,0,0,0,0,0,0,0,0,0,0,0,0,0,2,3,2,2,2,0,2,2,0,0,0,0,0,0,0,0,0,0,0,2,2,1,2,2,1,3,1,2,0,0,0,0,0,0,3,1,2,2,2,0,0,2,0,0,0,0,5,5,0,0,0,0,0,0,0,0,0,0,0,5,2,2,5,0,0,0,0,0,3,0,0,0,1,0,0,0,3,3,0,2,2,2,2,0,0,0,0,0,0,0,0,0,0,0,0,0,0,0,3,2,2,0,2,3,4,0,0,0,0,0,0,0,0,0,0,0,0,0,0,0,0,0,0,0,0,0,0,0,0,0,0,0,0,0,0,0,0,2,2,2,2,2,0,2,1,2,0,0,0,0,0,0,0,0,0,0,0,0,0,0,0,0,0,0,0,0,0,0,0,0,1,2,4,2,0,0,0,0,2,4,0,0,0,2,2,5,0,0,0,0,0,0,0,3,2,0,0,0,0,0,0,0,1,2,2,0,0,0,0,0,2,1,0,0,2,1,0,0,0,0,0,1,1,0,0,0,0,0,0,0,0,0,0,0,0,0,0,0,0,0,0,0,0,0,0,0,0,0,0,0,0,0,0,0,0,0,0,0,0,0,0,0,0,0,0,0,0,0,0,0,2,0,2,5,3,0,2,2,2,4,2,2,1,2,2,0,0,0,3,2,2,3,0,0,0,0,0,0,0,0,0,0,0,0,2,3,0,0,0,0,0,0,0,0,0,0,0,0,0,0,0,0,0,0,0,0,0,0,0,0,0,0,0,0,0,0,0,2,2,3,2,4,5,0,0,0,0,0,0,0,0,0,0,0,0,0,0,0,0,0,0,0,0,0,0,0,0,0,0,0,0,0,0,0,0,0,0,2,0,0,0,0,0,0,0,0,0,0,0,0,0,0,0,0,0,0,0,0,0,0,0,0,0,0,2,2,0,0,0,0,0,0,2,0,2,5,1,2,0,0,0,0,0,0,0,0,0,0,0,0,0,0,0,0,0,0,0,0,0,0,3,2,5,0,0,0,3,2,0,0,0,0,2,3,5,0,0,2,5,0,0,0,0,0,0,0,0,0,0,0,0,0,0,0,2,5,0,0,0,0,5,2,2,0,0,0,0,1,2,2,2,1,0,0,0,2,2,2,2,1,3,0,0,2,1,3,3,3,0,0,0,0,0,0,0,0,0,0,2,5,1,2,5,0,0,0,0,0,0,0,0,0,0,0,0,0,0,0,0,0,0,0,0,0,0,0,0,0,0,0,0,0,0,0,0,0,0,3,2,5,2,1,1,5,0,0,0,0,1,0,0,0,0,0,0,0,0,0,0,0,0,0,0,0,0,0,0,0,0,0,0,0,0,0,0,0,0,0,0,0,0,0,0,0,0,0,0,0,0,0,0,0,0,0,0,0,0,0,0,0,0,0,0,0,0,0,0,0,0,0,0,0,0,0,0,0,0,0,0,0,0,0,0,0,0,0,0,0,0,0,0,0,0,0,0,0,0,0,0,0,0,0,1,2,0,0,1,4,3,2,2,0,0,0,0,0,1,2,2,2,0,0,0,0,0,0,0,0,0,0,0,0,0,0,0,0,0,0,0,0,0,0,0,0,0,0,0,0,0,0,0,0,0,0,0,0,0,0,0,0,0,0,0,5,1,0,0,5,0,0,0,0,0,0,0,0,0,0,0,0,0,0,0,0,0,0,0,0,0,0,2,0,0,0,0,0,0,0,2,2,0,0,0,0,0,0,0,0,3,2,2,2,3,3,3,2,2,2,2,2,0,1,2,1,2,2,0,2,2,0,0,0,0,0,0,0,0,0,0,0,0,0,0,0,0,0,0,3,2,2,0,0,0,0,0,0,0,0,0,0,0,0,0,0,0,0,2,2,2,2,1,2,0,0,0,0,0,0,0,5,2,0,0,0,0,0,0,0,0,0,0,0,0,0,0,0,0,0,0,0,0,0,0,0,0,0,0,0,0,0,0,0,0,0,0,0,0,0,0,0,0,0,0,0,0,0,0,0,0,0,0,0,0,0,0,0,0,0,0,0,0,0,0,0,0,0,0,0,0,0,0,0,0,0,0,0,0,0,0,0,0,0,0,0,0,0,0,0,0,0,0,0,0,0,0,0,0,0,0,0,0,0,0,0,0,0,0,0,0,0,0,0,0,0,0,0,0,0,0,0,0,0,0,0,0,0,0,0,0,0,0,0,0,0,0,0,0,0,0,0,0,0,0,0,0,0,0,0,0,0,0,0,0,0,0,0,0,0,0,0,0,0,0,0,0,0,0,0,0,0,0,0,0,0,0,0,0,0,0,0,0,0,0,0,0,0,0,0,0,0,0,0,0,0,0,0,0,0,0,0,0,0,0,0,0,0,0,0,0,0,0,0,0,0,0,0,0,0,0,0,0,0,0,0,0,0,0,0,0,0,0,0,0,0,0,0,0,0,0,0,0,0,0,0,0,0,0,0,0,0,0,0,0,0,0,0,0,0,0,0,0,0,0,0,0,0,0,0,0,0,0,0,0,0,0,0,0,0,0,0,0,0,0,0,0,0,0,0,0,0,0,0,0,0,0,0,0,0,0,0,0,0,0,0,0,0,0,0,0,0,0,0,0,0,0,0,0,0,0,0,0,0,0,0,0,0,0,0,0,0,0,0,0,0,0,0,0,0,0,0,0,0,0,0,0,0,0,0,0,0,0,0,0,0,0,0,0,0,0,0,0,0,0,0,0,0,0,0,0,0,0,0,0,0,0,0,0,0,0,0,0,0,0,0,0,0,0,0,0,0,0,0,0,0,0,0,0,0,0,0,0,0,0,0,0,0,0,0,0,0,0,0,0,0,0,0,0,0,0,0,0,0,0,0,0,0,0,0,0,0,0,0,0,0,0,0,0,0,2,2,0,3,0,0,0,0,0,1,2,2,0,2,2,2,1,3,2,2,3,1,2,2,0,0,0,0,0,0,0,2,3,2,2,3,3,5,0,2,5,0,4,3,0,0,0,0,2,3,4,2,0,0,0,0,0,0,0,0,0,0,0,0,0,0,0,0,0,0,0,0,0,0,0,0,0,0,0,0,0,0,0,0,0,0,0,0,0,0,0,0,0,0,0,0,0,0,0,0,0,0,0,0,0,0,0,0,0,0,0,0,0,0,0,0,0,0,0,0,0,0,0,0,0,0,0,0,0,0,0,0,0,0,0,0,0,0,0,0,0,0,0,0,2,1,2,1,2,1,1,5,5,2,5,1,5,5,3,3,5,3,2,3,0,0,0,0,0,0,0,0,0,0,0,0,0,0,0,0,0,0,0,0,0,0,0,0,0,0,0,0,0,0,0,0,0,0,0,0,0,0,0,0,0,0,0,0,0,0,0,0,0,0,0,0,0,0,0,0,0,0,0,0,0,0,0,0,0,0,0,0,0,0,0,0,0,0,0,0,0,0,0,0,0,0,0,0,0,0,0,0,0,0,0,0,0,0,0,0,0,0,0,0,0,0,0,0,0,0,0,0,0,0,0,0,0,0,0,0,0,0,0,0,0,0,0,0,0,0,0,0,0,0,0,0,0,0,0,0,0,0,0,0,0,0,0,0,0,0,0,0,0,0,0,0,0,0,0,0,0,0,0,0,0,0,0,0,0,0,0,0,0,0,0,0,0,0,0,0,0,0,0,0,0,0,0,0,0,0,0,0,0,0,0,0,0,0,0,0,0,0,0,0,0,0,0,0,0,0,0,0,0,0,0,0,0,0,0,0,0,0,0,0,0,0,0,0,0,0,0,0,0,0,0,0,0,0,0,0,0,0,0,0,0,0,0,0,0,0,0,0,0,0,0,0,0,0,0,0,0,0,0,0,0,0,0,0,0,0,0,0,0,0,0,0,0,0,0,0,0,0,0,0,0,0,0,0,5,2,3,3,1,3,3,2,1,4,2,1,3,2,1,3,2,0,0,0,0,0,0,0,0,0,0,0,0,0,0,0,0,0,0,0,0,0,0,0,0,0,0,0,0,0,0,0,0,0,0,0,0,0,0,0,0,0,0,0,0,0,0,0,0,0,0,0,0,0,0,0,0,0,0,0,0,0,0,0,0,0,0,0,0,0,0,0,0,0,0,0,0,0,0,0,0,0,0,0,0,0,0,0,0,0,0,0,0,0,0,0,0,0,0,0,0,0,0,0,0,0,0,0,0,0,0,0,0,0,0,0,0,0,0,0,0,0,0,0,0,0,0,0,0,0,2,5,1,2,2,1,3,4,1,1,4,2,3,3,4,3,4,1,3,0,0,0,0,0,0,0,0,0,0,0,0,0,0,0,0,0,0,0,0,0,0,0,0,0,0,0,0,0,0,0,0,0,0,0,0,0,0,0,0,0,0,0,0,0,0,0,0,0,0,1,0,0,1,0,0,0,0,0,0,0,1,0,0,0,0,0,0,1,0,0,0,0,0,0,1,0,0,0,0,1,1,1,0,0,0,0,0,0,0,1,1,1,0,0,0,0,0,0,0,0,0,0,0,0,0,0,1,0,0,0,0,0,1,0,0,0,0,0,0,0,0,0,0,0,0,0,0,1,1,0,0,0,0,0,1,0,0,0,0,0,0,0,0,0,0,0,0,0,0,0,0,0,0,1,0,0,1,0,0,0,0,0,1,0,0,1,0,1,0,0,0,0,0,0,0,0,1,0,0,0,0,0,0,0,0,0,1,0,1,0,0,1,1,0,0,1,0,0,0,0,0,0,0,0,0,0,0,0,0,0,0,0,1,0,1,0,0,1,0,0,0,0,0,1,0,0,0,0,0,0,0,0,0,0,0,0,1,0,0,0,0,1,0,0,0,1,0,0,0,0,0,0,0,0,0,0,0,0,0,0,0,0,0,0,1,0,0,0,0,0,0,0,0,0,0,0,0,0,0,0,0,0,0,0,0,0,0,0,0,0,1,0,0,0,0,0,0,0,0,0,0,0,0,0,1,0,0,0,0,0,0,0,0,0,1,0,0,0,0,0,0,0,0,0,0,0,0,0,0,0,0,1,0,0,0,0,0,0,0,0,0,0,1,0,0,0,0,0,0,1,0,0,0,0,0,0,0,0,0,0,0,0,0,0,0,0,0,0,1,0,0,0,0,0,0,0,0,0,0,0,0,0,0,0,0,0,0,0,1,0,0,0,0,0,0,0,0,0,0,1,0,0,1,0,1,0,0,0,0,1,0,0,1,0,0,0,0,1,0,0,0,0,0,0,1,0,1,0,0,0,0,0,0,0,0,0,0,1,0,0,1,1,0,0,0,0,0,0,0,0,0,1,0,0,0,0,0,1,0,0,0,0,0,0,0,0,0,0,1,0,0,0,0,0,0,0,0,0,0,0,0,0,0,0,0,1,0,0,0,0,0,0,0,0,1,0,0,1,0,0,0,0,0,0,1,0,1,0,0,0,0,0,0,0,0,0,0,0,0,0,0,0,0,0,1,0,0,0,0,0,0,0,0,0,0,0,1,0,0,0,0,0,0,1,0,0,0,0,0,0,0,0,0,0,0,0,0,1,0,1,0,1,0,0,0,0,0,0,0,0,1,0,0,1,0,0,0,0,0,1,0,0,0,0,0,0,0,0,0,0,0,0,0,1,0,0,1,0,0,0,0,1,0,0,0,0,0,0,0,0,1,0,0,0,0,0,0,0,0,0,0,1,0,0,0,0,0,1,0,0,1,0,1,0,0,0,0,0,0,1,1,0,1,0,0,1,0,0,0,0,0,0,0,0,0,0,0,0,0,1,0,0,0,0,0,0,1,0,0,0,0,0,1,0,0,0,1,0,0,0,0,0,0,0,1,0,1,0,0,0,1,0,0,0,0,0,0,0,1,0,0,0,0,0,0,0,0,0,0,0,1,0,0,0,0,1,0,0,0,0,0,0,0,0,1,0,0,0,1,0,0,0,0,0,0,0,0,1,0,0,0,0,0,0,0,0,0,0,1,0,0,0,0,0,0,0,0,0,0,0,0,0,0,0,0,0,0,0,1,0,0,0,0,1,1,0,0,0,1,0,0,0,0,0,1,0,0,1,1,0,0,1,0,0,0,0,0,0,0,0,0,0,0,0,0,0,0,1,0,0,0,1,0,0,0,0,0,0,0,1,0,0,0,0,0,0,0,0,0,0,0,0,1,0,0,0,0,0,0,0,0,0,1,0,0,0,1,0,0,0,0,0,0,0,0,1,1,0,0,0,0,0,0,0,0,0,0,0,0,0,0,1,0,1,0,0,1,0,0,0,0,0,0,0,0,1,0,0,0,0,1,0,0,0,0,1,0,1,0,0,1,0,0,0,0,1,0,0,0,0,0,0,1,0,0,0,0,0,0,0,0,0,1,0,0,0,0,0,0,1,0,0,0,0,0,1,0,0,0,0,0,1,0,0,0,0,0,0,0,0,1,0,0,0,0,0,0,0,0,0,0,0,1,0,1,0,0,0,0,1,0,1,0,0,1,1,0,0,0,0,0,0,0,1,0,0,1,0,0,0,0,0,0,0,0,0,0,0,0,0,0,1,0,0,0,0,1,0,0,1,0,0,0,1,0,0,0,0,0,0,0,0,0,1,1,0,1,0,1,0,1,0,0,0,0,0,0,0,0,0,1,0,0,0,0,0,0,0,0,0,0,0,0,0,0,0,0,0,1,0,0,0,0,0,0,0,0,1,0,0,0,0,0.0,-14.588399999999991,212.8214145599998,273.45449999999994,240.53878100000148,18.0,18.0,223.0,106.0,117.0,0.0,75.0,19.0,12.0,0.0,0.0,0.0,0.0,0.0,0.0,0.0,17738.029505999944,18571.47076500007,25914.032514000075,28767.833266000063,31353.026093000048,36230.10987900037,37594.91600900033,40434.91514600033,44025.487397000186,42620.22434440265,54097.44707956015,77157.75020739695,90371.3309498996,95727.24346247232,102885.14755511716,112434.11644588433,123011.02143510156,132080.6215693874,1705.6506640000064,1749.6509959999962,3109.0405039999937,4421.406535999972,4902.287947999942,5041.011203999931,5541.380459999928,5987.291239999944,6461.4298679999565,291.8956578673345,376.9140240700012,565.1607525873006,679.8998272609747,708.0346718585748,749.0038676771035,828.880492263176,902.9877387771186,977.237439136758,37383.91861660696,34198.257202747314,64334.64654923132,95286.80758729194,106364.55969992538,106924.33642266224,119054.49300150598,127691.54437948868,137894.88908828076,1092.5069444444448,683.458333333333,1181.875000000001,1636.8750000000005,1884.597222222225,2477.1944444444434,2287.7777777777783,2416.8888888888896,2895.944444444441,79.54273321076208,82.17464940265518,63.51478557352959,49.68537697063914,49.0657685336464,55.99707863833134,52.36060725487511,52.10684941494888,52.536381142005,191.1220822618953,239.3692348653104,189.11213286126704,156.08174602746047,149.80789274252317,159.0187752011084,156.59347694412858,158.51935751946075,157.6141068847105,7.648657686098684,7.741818566371664,7.620197313725475,7.63628071848009,7.671812125195527,7.791361984543943,7.717800083565359,7.715581494845288,7.710536835322144,1.3089491384185403,1.667761168451333,1.3851979230080895,1.1742656774800944,1.108035480216862,1.1576566733803764,1.1544296549626407,1.1636439932694826,1.1661544619770383,167.6408906574303,151.31972213605007,157.68295722850812,164.57134298323305,166.45471001553267,165.26172553734506,165.81405710516154,164.5509592519184,164.55237361370018,4.899134280019932,3.0241519174041285,2.8967524509803937,2.8270725388601043,2.949291427577817,3.8287394813669913,3.186320024760137,3.1145475372279505,3.455780959957567,3.389858347000964,-2.2869705801887736,1.033071755313162,0.6889635469197832,-2.365674467225192,1.0040651606593505,1.2157481725836383,-1.675878257016076,0.4513640586018177,7956.951291094132,24.279089514406245,281.77853616849,-586.4219078992207,1142.400257335536,1402.5410609823712,832.9962619792958,104.56884490099402,419.9660659286207,10683.974786724775,215.7994133691867,-1880.97352296371,-1244.976594128878,2086.929196691916,167.32288007936978,1196.5713606398976,830.4325285875442,-603.3647205442052,16.473051874439403,-1.4774597651268926,5.801643637796886,1.4659481107604,-5.243799891330813,8.489168041424925,1.8930974984417923,-5.649865643789013,5.085511126546177,46.7961326589656,0.1944780554032713,-10.81121223701848,-5.013225126573466,4.850731673954949,-0.9882207041807964,5.42211627114041,2.010021248829214,-3.3803077538072284,315.6325662056128,-25.97422921637237,-56.77170892910003,37.90145547945371,-23.679476538433388,-44.031012307071634,84.75764745877271,-14.305316415764295,-32.500527906579265,440.7062157448924,-23.11544236428104,94.31572037107806,-54.73132922104477,-120.879052939153,278.97400633656514,8.43690650548227,-138.28688254226896,183.3353741166004,0.0152011585067307,-0.0101193388503928,0.0025320386159636,0.001189919770155,-0.0037021509659236,0.001551878146305,0.0016932425802,-0.0021596369291444,0.0005386205949902,35.681395924188934,0.1074295996212665,0.6906336670796324,-1.0128184937810376,1.7877938299460658,2.1677605270206666,1.1601619247622503,0.1347536661095283,0.5011528233038433,47.91020083733084,0.954864660925605,-4.61022922295027,-2.1502186427096337,3.265929885276864,0.2586134158877431,1.666533928467824,1.070145011066423,-0.7200056331076434,0.0738701877777551,-0.006537432589057,0.0142197147985217,0.0025318620220386,-0.0082062596108463,0.0131208161382147,0.002636626042398,-0.0072807546956043,0.0060686290292913,0.2098481285155408,0.000860522369041,-0.0264980692083786,-0.0086584199077261,0.0075911293802111,-0.0015273890327369,0.0075516939709476,0.0025902335680788,-0.0040337801358081,1.4153926735677704,-0.1149302177715591,-0.1391463454144608,0.0654601994463794,-0.0370570837847157,-0.0680541148486424,0.1180468627559508,-0.018434686102789,-0.0387834461892354,1.976261057151984,-0.1022807184260223,0.2311659813016619,-0.0945273388964503,-0.1891690969313818,0.4311808444150929,0.0117505661636243,-0.178204745544161,0.218777296081862,-0.6656952393406173,0.1665687924273992,0.0782782292302387,-0.2435440012209844,0.1020894654586939,0.1113890483709066,-0.1420705486485245,0.0354328648538034,0.0030108014789981,0.0193555674936877,-0.0283850580266797,0.0501043690595662,0.0607532432763122,0.0325144769343443,0.0037765805574376,0.0140452134879651,0.0199302996906159,-0.0962264641428523,-0.0448801842849762,0.0681677352254408,0.0053978779334658,0.0347845322987936,0.0223364751631887,-0.015028232412389,-0.0884989301601002,0.1924959882504024,0.0342744765947531,-0.1110902768453165,0.1776199104527773,0.035692694464654,-0.098561475402082,0.082152614090401,0.0041006911766539,-0.1262726019804186,-0.0412604104166932,0.0361743963785171,-0.0072785449340989,0.0359864728094936,0.0123433722587955,-0.0192223784140606,-0.0812002350427993,-0.0983093582530109,0.0462487906492933,-0.0261814862241064,-0.0480814378366809,0.0834021999410177,-0.0130244323339055,-0.0274011918483894,-0.0517546596669877,0.1169713790923949,-0.0478314029183345,-0.0957207026100063,0.2181801047258773,0.0059458572647068,-0.0901726747583511,0.1107026297412068,1.7282690437822663,0.7886452351485521,0.9870615651301732,1.3921442994647983,1.1258452182758465,1.0762555641831308,1.2885838887050998,1.0766591044448766,0.9536160040098458,0.9375653332002226,1.0259494423926518,0.9740412929746486,0.980810356247513,0.9929675310479652,1.0239048952991647,1.006299834245734,1.1540318132261904,1.200008614967801,1.0577038364439375,0.9122298135095708,0.9796234128852124,0.953249398735015,0.9774652393482534,1.017440972565011,0.7831320693864358,0.5296518239055912,0.9514494361192328,1.2907794789104563,1.1050708547169228,1.1335569398621692,1.316804253932059,1.0732189199116189,1.2748318496224185,1.286661930011784,1.0671814087697238,0.947215736682278,1.0072081135282345,0.9611437007307788,1.0061879685121642,1.0385842861882424,1.5232674425619228,1.3380021759484224,1.0232541651351694,1.022319716829767,1.0930637084720851,0.9573038801178436,1.0479773334884843,1.0764270763400234,0.6429208913231259,0.4808702037181423,0.9691933501705008,1.29099013898657,1.0899026244551218,1.1444702322303653,1.3511220594271558,1.0563689878761655,3237.9151631121704,1621.7230790446638,2360.476952724724,3243.41381540327,30.59824354154027,709.782712893384,5.714285714279413,0.6764434483157565,0.0063815419652429,-4.143608151352647,3384.170700988292,31.926138688568795,86.14476012788842,3238.5666233798784,1622.0412610519147,2360.9693115652644,3244.0502688017173,30.60424781888414,709.782712893384,5.698690340343774,0.6762432324761893,0.0063796531365678,-4.146746036784724,3391.3043766394567,31.99343751546657,86.1670809213316,4075.380092718086,2032.1584704922536,2998.639329957691,4065.753870479478,38.35616858942903,709.782712893384,-10.855101673323588,0.4912553754668355,0.0046344846742154,-7.534386438383501,2366.898688736753,22.32923291261088,82.3549595547336,3242.523868513888,1623.995567309234,2364.01560660072,3247.9577111187828,30.641110482252657,709.782712893384,5.646934471753411,0.6750387733803258,0.0063682903149087,-4.165642565772759,3436.8013973392417,32.42265469187964,86.30834280943246,4450.987004111494,2213.8882946658096,3279.225978537512,4430.745204802372,41.799483064173344,709.782712893384,-22.83298571751993,0.4369621182223587,0.0041222841341731,-8.775833000520617,2315.1091775123405,21.84065261804095,82.12044853899998,3095.753441287329,1550.9032388006942,2249.5349915763004,3101.870893552723,29.26293295804457,709.782712893384,6.3573523542320345,0.7226368427498993,0.0068173287051877,-3.443393837118184,2748.705931099244,25.93118802923815,83.94018639962097,3371.97824103941,1688.4697433679198,2443.248043998208,3381.877778503608,31.904507344373656,709.782712893384,15.75752380951917,0.7980472058898154,0.0075287472253756,-2.391227797134281,2654.508831914764,25.042536150139284,83.57055814316323,6.0,11.993151339112874,16.00626315050288,-0.2949427869662733,0.2427400358980863,4.30825298292942,11.2166299153735,109.0,226.0,212.0,194.0,77.0,14.0,14.0,0.0,0.0,32.0,148.6412190000006,3.831714239067248,3.82533110314213,3.810612808570213,3.790226029052888,3.705276800887852,3.699124087000455,3.665438438926178,3.593782624351054,1.9869194150438128,1.982575933500655,1.95397649859705,1.9037402018320848,1.8948301875811864,1.889305121669886,1.86839959307373,1.8498225964748696,3.8077682266788777,3.803644164814806,3.758392866321192,3.706746305149885,3.6209615764793432,3.5980955189100063,3.580771991294047,3.57605098983173,1.978528304271134,1.964801097047335,1.942663780348894,1.9061933705333969,1.8967555665595528,1.8783535529507065,1.865267262261242,1.851566094339092,3.887214327511474,3.875864564947413,3.865425214583424,3.853641875777298,3.767061978349141,3.7610125457381343,3.732781141795043,3.702807637514377,1.87220800353246,1.867845787223062,1.8112382500021704,1.7224310569965438,1.7195567145686337,1.7072763791403305,1.6799925676938137,1.66761029553771,3.813467210435886,3.810379576005836,3.7483393570705736,3.693214446065494,3.609121110966779,3.597224008124526,3.58270857107536,3.568199980989116,1.9776110813126,1.9610268445714607,1.948977934399408,1.9186381613779249,1.875050197379353,1.86768786972351,1.861713089114897,1.8500470561930915,3.9221888658967257,3.9091401049277086,3.896993654888217,3.888344947721017,3.806506115945412,3.799266583096193,3.774295191339508,3.760360671794845,1.8461921223805744,1.8423609911695693,1.7828911854339289,1.6790169984688528,1.66776422228928,1.6658893364016942,1.6380823473336037,1.6231741802630384,4.999386072853201,4.986393461961904,4.9816029756109765,4.975517928531909,4.969487005822511,4.964584869248038,4.956559549666937,4.947526064475652,1.8647778893489024,1.818567391314724,1.804058664567577,1.7960689350003838,1.7541980482729385,1.7512249714132089,1.73272210046565,1.690892660153403,0.0,0.0,14.0,12.0,3.0,11.0,31.0,2.0,0.0,0.0,0.0,0.1178511301977579,0.4422689813358517,0.4660258384485471,0.0,0.0,0.0912870929175276,0.1802823225774837,0.1670471809561471,7.375436357472727,0.2041241452319315,1.6498936224315872,0.1443375672974064,3.272824421403869,0.125,0.3385471908701584,0.0255155181539914,13.570357747398146,18.50874081273816,26.408937586896467,4.777269666271298,5.930219924289946,6.5048505882781535,77.97933023337998,50.57644239446054,44.849249695045856,32.50445872368236,24.984743962472216,19.391350794103914,12.134073535891035,8.624544300529083,0.7356540588054715,0.4640040586647756,0.31583978658483,0.1981979190468436,0.1281268921152421,0.0854244528374621,0.0523020411029786,0.0331713242328041,62.514058435972,37.248978118148734,28.02324552390262,17.938807412911856,12.24354107041191,7.916111866876905,4.767397076158413,3.104029877040255,0.5897552682638868,0.3417337442031994,0.1973467994641029,0.1093829720299503,0.0627873901046764,0.0348727395016603,0.020549125328269,0.0119385764501548,129.6758235294119,223.5061908230143,214.7803921568638,218.09199999999944,139.9932820359283,1721.6196592814422,0.5815059351094704,1.0022699140045483,0.9631407720038736,0.977991031390132,0.627772565183535,7.720267530410054,1.9445699999999857,409.450500000001,1969.444850316258,2827.989318820682,3938.889700632516,37.15933679841996,709.782712893384,0.2556709709415894,0.0024119902919017,-14.456957667853455,2708.2795343939465,25.549806928244777,83.78312985355285,7643.0,14.0,0.0,28.0,31.0,14.0,23.0,3.0,13.0,24.0,11.0,17.0,25.0,7.0,0.0,0.0,0.0,6.0,8.0,0.0,0.0,0.0,0.0,0.0,0.0,0.0,14.0,0.0,41.0,10.0,0.0,14.0,0.0,0.0,0.0,0.0,0.0,0.0,0.0,0.0,5.0,0.0,30.0,0.0,0.0,14.0,8.0,0.0,0.0,14.0,3.0,0.0,1.0,0.0,6.0,0.0,0.0,8.0,0.0,0.0,0.0,2.0,1.0,2.0,0.0,0.0,0.0,0.0,12.0,0.0,0.0,0.0,0.0,0.0,0.0,0.0,0.0,0.0,0.0,0.0,0.0,0.0,0.0,0.0,0.0,0.0,0.0,0.0,0.0,0.0,0.0,0.0,0.0,0.0,0.0,0.0,0.0,0.0,0.0,0.0,0.0,0.0,0.0,0.0,0.0,0.0,0.0,0.0,0.0,0.0,0.0,0.0,0.0,0.0,0.0,0.0,0.0,0.0,0.0,0.0,5.5398990115316895,0.0,224.8244426186103,14.618704325633978,57.5166712704881,38.88492518692544,7.895283298990799,59.83357249902154,49.259653562661214,18.401342778142407,71.19092758506851,74.63138245106934,7.7755947769437315,0.0,0.0,0.0,3.330026297217052,2.209872714314637,0.0,0.0,0.0,0.0,0.0,0.0,0.0,7.3358189218406356,0.0,24.51543420513916,9.831843919599232,0.0,7.3358189218406356,0.0,0.0,0.0,0.0,0.0,0.0,0.0,0.0,8.672717682167555,0.0,15.71721570723934,0.0,0.0,23.266719085988868,-9.837934091804645,0.0,0.0,-9.987346187166269,1.3393314268113776,0.0,-1.7540361800659974,0.0,33.026302030072614,0.0,0.0,21.81538729426875,0.0,0.0,0.0,7.964169517085821,4.044720421133631,2.328925911230208,0.0,0.0,0.0,0.0,167.65382738303873,0.0,0.0,0.0,0.0,0.0,0.0,0.0,0.0,0.0,0.0,0.0,0.0,0.0,0.0,0.0,0.0,0.0,0.0,0.0,0.0,0.0,0.0,0.0,0.0,0.0,0.0,0.0,0.0,0.0,0.0,0.0,0.0,0.0,0.0,0.0,0.0,0.0,0.0,0.0,0.0,0.0,0.0,0.0,0.0,0.0,0.0,0.0,0.0,0.0,0.0,0.0,0.229457416336733,0.0,1.066233147668127,-1.06294921018345,3.0058096995064503,0.2980870465392686,1.3815024526475654,3.039774331943328,0.2681498525401481,1.3306317213507055,0.6733590680338316,0.2446551032765108,0.6977769234405813,0.0,0.0,0.0,0.5332722951023119,0.229457416336733,0.0,0.0,0.0,0.0,0.0,0.0,0.0,0.4837354163297515,0.0,0.2370343286727352,0.846483960911476,0.0,0.4837354163297515,0.0,0.0,0.0,0.0,0.0,0.0,0.0,0.0,1.407855549654321,0.0,-0.6308021976252429,0.0,0.0,1.3200248129116323,-1.517083506891028,0.0,0.0,-1.06294921018345,0.1282578740900131,0.0,-1.7540361800659974,0.0,5.302358243946998,0.0,0.0,2.361647498345784,0.0,0.0,0.0,3.924678835010172,4.044720421133631,1.066233147668127,0.0,0.0,0.0,0.0,11.764169827187372,0.0,0.0,0.0,0.0,0.0,0.0,0.0,0.0,0.0,0.0,0.0,0.0,0.0,0.0,0.0,0.0,0.0,0.0,0.0,0.0,0.0,0.0,0.0,0.0,0.0,0.0,0.0,0.0,0.0,0.0,0.0,0.0,0.0,0.0,0.0,0.0,0.0,0.0,0.0,0.0,0.0,0.0,0.0,0.0,0.0,0.0,0.0,0.0,0.0,0.0,0.0,0.5849740291958216,0.0,14.983368915340176,1.7693560356871565,7.008595766189623,4.666021102251188,4.490030062005971,7.86101635594398,8.021267659871684,3.4542200552072937,8.211435357230142,8.378830152448854,1.5069803079315396,0.0,0.0,0.0,0.5849740291958216,0.3816699459429231,0.0,0.0,0.0,0.0,0.0,0.0,0.0,0.674580263684599,0.0,1.0479456348213738,1.0479456348213738,0.0,0.674580263684599,0.0,0.0,0.0,0.0,0.0,0.0,0.0,0.0,2.228418180321084,0.0,1.324898992323886,0.0,0.0,1.7693560356871565,0.0,0.0,0.0,0.0,0.6164497678517269,0.0,0.0,0.0,5.6365382696840935,0.0,0.0,2.876509598580152,0.0,0.0,0.0,4.039490682075649,4.044720421133631,1.2626927635620806,0.0,0.0,0.0,0.0,14.983368915340176,0.0,0.0,0.0,0.0,0.0,0.0,0.0,0.0,0.0,0.0,0.0,0.0,0.0,0.0,0.0,0.0,0.0,0.0,0.0,0.0,0.0,0.0,0.0,0.0,0.0,0.0,0.0,0.0,0.0,0.0,0.0,0.0,0.0,0.0,0.0,0.0,0.0,0.0,0.0,0.0,0.0,0.0,0.0,0.0,0.0,0.0,0.0,0.0,0.0,0.0,0.0,264.25,2.4929245283018866,1.0479456348213738,14.983368915340176,-0.3556710131309895,-1.7540361800659974,15.344282260915993,3.0040361800659974,7.983368915340175,195.7423546551496,3.0040361800659974,7.983368915340175,195.7423546551496,49.09996,0.46321,0.0,0.03679,0.56547,0.85849,0.4359,0.54564,0.76984,0.12957,0.01983,-0.10975,0.08865,0.53956,0.17473,0.0,0.18126,0.27088,0.01018,105.0,0.99057,66.0,0.62264,39.0,0.36792,-27.0,-0.25472,0.0,0.0,185.92011,1.75396,337.51161,151.5915,1.43011,30.73251,0.28993,50.57627,19.84376,0.18721,2.33773,0.02205,2.68173,0.0253,0.1973094170403587,751.31,31.0,31.0,19.0,31.0,14.0,20.0,0.5866666666666667,1.5465310804470698,3.420957726178822,4.935415198250879,5.949123122004461,6.286000169503261,6.497442346274312,344.87643093969655,762.8735729378773,1100.597589209946,1326.6544562069948,1401.7780377992271,1448.9296432191716,0.1982503429460579,0.4385337294500819,0.6326725456765956,0.7626201077218332,0.8058044905264685,0.832909334773119,6.254368819473235,4.379942173741483,2.865484701669426,1.851776777915844,1.514899730417044,1.303457553645993,0.1942877770188263,0.429768454250868,0.6200268844619002,0.7473770952287727,0.7896983220794396,0.8162614031660439,14.704477627425002,30.879124664374864,38.80631103670888,43.31508283220942,45.70864486857921,46.72838260727522,357.0894977856961,180.9877003571173,108.28197797910424,70.12257433880525,57.78442901112691,52.39817427121632,98.36293241309654,56.32215830192422,41.42058298631767,61.0,9.0,16.0,6.300000000000001,11.853300000000043,0.9177444289624632,15.380315798672829,10.145478879384576,1.1089894977593462,0.0,0.0,3.867294459074547,0.0,2.8486988427033126,0.0,5.351060278993651,0.0,0.0,1.3817958275440818,4.885638714653033,0.7840415961000883,4.981907802812701,2.435503606590593,0.0555555555555555,3.0090000000000003,10.477,10.569000000000004,12.312,6.481000000000001,61.24099999999999,142.0,164.0,195.0,227.0,232.0,260.0,294.0,310.0,325.0,2364.0,4.890349128221754,5.290789100127245,5.561642707495079,5.866113886573653,6.224187073202515,6.108552897081687,6.301129772193438,6.521173257875474,6.641671606082852,6.71447388195184,8.478725194900695,2.0348191624365484,0.4893617021276595,4.0,0.0,0.0,1.0,3.0,0.0,0.0,0.0,0.0,0.0,0.0,0.0,0.0,0.0,0.0,0.0,0.0,0.0,0.0,0.0,0.0,0.0,0.0,4.0,0.0,1.0,3.0,0.0,0.0,0.0,0.0,0.0,0.0,0.0,2.0,0.0,0.0,1.0,1.0,0.0,0.0,0.0,0.0,0.0,0.0,0.0,0.0,0.0,0.0,0.0,0.0,0.0,0.0,0.0,0.0,0.0,0.0,0.0,0.0,1.0,1.0,0.0,0.0,0.0,0.0,0.0,0.0,0.0,61.0,0.5596330275229358,72.0,0.6605504587155964,4.0,24.0,47.0,0.9583333333333334,22.0,10.222222222222204,6.618055555555556,6.183333333333313,3.7744444444444354,3.222857142857125,2.975765306122448,2.2456774376417274,1.798742283950607,1.6543291500867292,0.2018348623853211,0.0719874804381845,0.0441203703703703,0.0374747474747473,0.0201841948900771,0.0163596809282087,0.0139054453557123,0.0098064516927586,0.0077867631339853,0.0071307290952014,0.4802410124036269,1782.6568726413448,2591.499603957981,3565.31374528269,33.63503533285555,709.782712893384,0.5844473497446991,0.0055136542428745,-5.693138943260671,2880.0190280840898,27.16999083098198,84.43485310886717,501.2899999999999,1477.412085081122,7.727920454563199,6.220590170099739,7.016609683894219,7.858254182186029,8.679822114864455,9.52857589747142,10.364797248830204,11.219748322236468,12.06557418198988,12.925537946095474,300.87950974766784,5.389071729816501,0.0,6.668228248417403,2.3978952727983707,8.106212902619962,4.59511985013459,9.62397204275074,6.6052979209482015,11.190638145031071,11.438643631549668,1475.912910184003,6.618443543426023,210.0973219382528,1.9820502069646488,84.64212353848828,30.38474724224696,54.2573762962413,89820.0,150.0,9.323999999999996,502.0,1.0,1.680335513414563
0,0,0,0,0,0,0,0,0,0,0,0,0,0,0,0,0,0,0,0,0,0,0,0,0,0,0,0,0,0,0,0,0,0,0,0,0,0,0,0,0,0,0,0,0,0,0,0,0,0,0,0,0,0,0,0,0,0,0,0,0,0,0,0,0,0,0,0,0,0,0,0,0,0,0,0,0,0,0,0,0,0,0,0,0,0,0,0,0,0,0,0,0,0,0,0,0,0,0,0,0,0,0,0,0,0,0,0,0,0,0,0,0,0,0,0,0,0,0,0,0,0,0,0,0,0,0,0,0,0,0,0,0,0,0,0,0,0,0,0,0,0,0,0,0,0,0,0,0,0,0,0,0,0,0,0,0,0,0,0,0,0,0,0,0,0,0,0,0,0,0,0,0,0,0,2,3,1,2,1,2,3,1,3,2,2,1,1,4,2,2,1,1,1,2,5,3,1,2,2,1,0,0,0,0,0,0,0,0,0,0,0,0,0,0,0,0,3,1,3,2,0,0,0,0,0,0,0,0,0,0,0,0,0,0,0,0,0,2,5,1,5,2,4,0,0,0,0,0,0,0,0,0,0,0,1,4,0,0,0,0,0,0,0,0,0,0,0,0,0,0,0,0,0,0,0,0,0,0,0,0,0,0,0,0,0,0,0,0,0,0,0,0,0,0,0,0,0,0,0,0,0,0,0,0,0,0,0,0,0,0,0,0,0,0,0,0,0,0,0,0,0,0,0,0,0,0,0,0,0,0,0,0,0,0,0,0,0,0,0,0,0,0,0,0,0,0,0,0,0,0,0,0,0,0,0,0,0,0,0,0,0,0,0,0,0,0,0,0,0,0,0,0,0,0,0,0,0,0,0,0,0,0,0,0,0,0,0,0,0,0,0,0,0,0,0,4,2,3,2,3,4,4,2,2,5,2,5,2,0,0,0,0,0,0,0,0,0,0,0,0,0,0,0,0,0,0,0,0,0,0,0,0,2,1,1,3,3,3,4,0,0,0,0,0,0,0,0,0,0,0,0,0,0,0,0,0,0,0,0,0,0,0,0,0,0,0,0,0,0,0,0,0,0,0,0,0,0,0,0,0,0,0,0,0,0,0,0,0,0,0,0,0,0,0,0,0,0,0,0,0,0,0,0,0,0,0,0,0,0,0,0,0,0,0,0,0,0,0,0,0,0,0,0,0,0,0,0,0,0,0,0,0,0,0,0,0,0,0,0,0,0,0,0,0,0,0,0,0,0,0,0,0,0,0,0,0,0,0,0,0,0,0,0,0,0,0,0,0,0,0,0,0,0,0,0,0,0,0,0,0,0,0,0,0,0,0,0,0,2,2,2,1,2,1,0,0,0,0,0,0,0,0,0,0,0,0,0,0,0,0,0,0,0,2,3,2,2,2,0,2,2,0,0,0,0,0,0,0,0,0,0,0,2,2,1,2,2,1,3,1,2,0,0,0,0,0,0,3,1,2,2,2,0,0,2,0,0,0,0,5,5,0,0,0,0,0,0,0,0,0,0,0,5,2,2,5,0,0,0,0,0,3,0,0,0,1,0,0,0,3,3,0,2,2,2,2,0,0,0,0,0,0,0,0,0,0,0,0,0,0,0,3,2,2,0,2,3,4,0,0,0,0,0,0,0,0,0,0,0,0,0,0,0,0,0,0,0,0,0,0,0,0,0,0,0,0,0,0,0,0,2,2,2,2,2,0,2,1,2,0,0,0,0,0,0,0,0,0,0,0,0,0,0,0,0,0,0,0,0,0,0,0,0,1,2,4,2,0,0,0,0,2,4,0,0,0,2,2,5,0,0,0,0,0,0,0,3,2,0,0,0,0,0,0,0,1,2,2,0,0,0,0,0,2,1,0,0,2,1,0,0,0,0,0,1,1,0,0,0,0,0,0,0,0,0,0,0,0,0,0,0,0,0,0,0,0,0,0,0,0,0,0,0,0,0,0,0,0,0,0,0,0,0,0,0,0,0,0,0,0,0,0,0,2,0,2,5,3,0,2,2,2,4,2,2,1,2,2,0,0,0,3,2,2,3,0,0,0,0,0,0,0,0,0,0,0,0,2,3,0,0,0,0,0,0,0,0,0,0,0,0,0,0,0,0,0,0,0,0,0,0,0,0,0,0,0,0,0,0,0,2,2,3,2,4,5,0,0,0,0,0,0,0,0,0,0,0,0,0,0,0,0,0,0,0,0,0,0,0,0,0,0,0,0,0,0,0,0,0,0,2,0,0,0,0,0,0,0,0,0,0,0,0,0,0,0,0,0,0,0,0,0,0,0,0,0,0,2,2,0,0,0,0,0,0,2,0,2,5,1,2,0,0,0,0,0,0,0,0,0,0,0,0,0,0,0,0,0,0,0,0,0,0,3,2,5,0,0,0,3,2,0,0,0,0,2,3,5,0,0,2,5,0,0,0,0,0,0,0,0,0,0,0,0,0,0,0,2,5,0,0,0,0,5,2,2,0,0,0,0,1,2,2,2,1,0,0,0,2,2,2,2,1,3,0,0,2,1,3,3,3,0,0,0,0,0,0,0,0,0,0,2,5,1,2,5,0,0,0,0,0,0,0,0,0,0,0,0,0,0,0,0,0,0,0,0,0,0,0,0,0,0,0,0,0,0,0,0,0,0,3,2,5,2,1,1,5,0,0,0,0,1,0,0,0,0,0,0,0,0,0,0,0,0,0,0,0,0,0,0,0,0,0,0,0,0,0,0,0,0,0,0,0,0,0,0,0,0,0,0,0,0,0,0,0,0,0,0,0,0,0,0,0,0,0,0,0,0,0,0,0,0,0,0,0,0,0,0,0,0,0,0,0,0,0,0,0,0,0,0,0,0,0,0,0,0,0,0,0,0,0,0,0,0,0,1,2,0,0,1,4,3,2,2,0,0,0,0,0,1,2,2,2,0,0,0,0,0,0,0,0,0,0,0,0,0,0,0,0,0,0,0,0,0,0,0,0,0,0,0,0,0,0,0,0,0,0,0,0,0,0,0,0,0,0,0,5,1,0,0,5,0,0,0,0,0,0,0,0,0,0,0,0,0,0,0,0,0,0,0,0,0,0,2,0,0,0,0,0,0,0,2,2,0,0,0,0,0,0,0,0,3,2,2,2,3,3,3,2,2,2,2,2,0,1,2,1,2,2,0,2,2,0,0,0,0,0,0,0,0,0,0,0,0,0,0,0,0,0,0,3,2,2,0,0,0,0,0,0,0,0,0,0,0,0,0,0,0,0,2,2,2,2,1,2,0,0,0,0,0,0,0,5,2,0,0,0,0,0,0,0,0,0,0,0,0,0,0,0,0,0,0,0,0,0,0,0,0,0,0,0,0,0,0,0,0,0,0,0,0,0,0,0,0,0,0,0,0,0,0,0,0,0,0,0,0,0,0,0,0,0,0,0,0,0,0,0,0,0,0,0,0,0,0,0,0,0,0,0,0,0,0,0,0,0,0,0,0,0,0,0,0,0,0,0,0,0,0,0,0,0,0,0,0,0,0,0,0,0,0,0,0,0,0,0,0,0,0,0,0,0,0,0,0,0,0,0,0,0,0,0,0,0,0,0,0,0,0,0,0,0,0,0,0,0,0,0,0,0,0,0,0,0,0,0,0,0,0,0,0,0,0,0,0,0,0,0,0,0,0,0,0,0,0,0,0,0,0,0,0,0,0,0,0,0,0,0,0,0,0,0,0,0,0,0,0,0,0,0,0,0,0,0,0,0,0,0,0,0,0,0,0,0,0,0,0,0,0,0,0,0,0,0,0,0,0,0,0,0,0,0,0,0,0,0,0,0,0,0,0,0,0,0,0,0,0,0,0,0,0,0,0,0,0,0,0,0,0,0,0,0,0,0,0,0,0,0,0,0,0,0,0,0,0,0,0,0,0,0,0,0,0,0,0,0,0,0,0,0,0,0,0,0,0,0,0,0,0,0,0,0,0,0,0,0,0,0,0,0,0,0,0,0,0,0,0,0,0,0,0,0,0,0,0,0,0,0,0,0,0,0,0,0,0,0,0,0,0,0,0,0,0,0,0,0,0,0,0,0,0,0,0,0,0,0,0,0,0,0,0,0,0,0,0,0,0,0,0,0,0,0,0,0,0,0,0,0,0,0,0,0,0,0,0,0,0,0,0,0,0,0,0,0,0,0,0,0,0,0,0,0,0,0,0,0,0,0,0,0,0,0,0,0,0,0,0,0,0,0,0,0,0,0,0,0,0,0,0,0,0,0,0,0,0,0,0,0,0,0,0,0,2,2,0,3,0,0,0,0,0,1,2,2,0,2,2,2,1,3,2,2,3,1,2,2,0,0,0,0,0,0,0,2,3,2,2,3,3,5,0,2,5,0,4,3,0,0,0,0,2,3,4,2,0,0,0,0,0,0,0,0,0,0,0,0,0,0,0,0,0,0,0,0,0,0,0,0,0,0,0,0,0,0,0,0,0,0,0,0,0,0,0,0,0,0,0,0,0,0,0,0,0,0,0,0,0,0,0,0,0,0,0,0,0,0,0,0,0,0,0,0,0,0,0,0,0,0,0,0,0,0,0,0,0,0,0,0,0,0,0,0,0,0,0,0,2,1,2,1,2,1,1,5,5,2,5,1,5,5,3,3,5,3,2,3,0,0,0,0,0,0,0,0,0,0,0,0,0,0,0,0,0,0,0,0,0,0,0,0,0,0,0,0,0,0,0,0,0,0,0,0,0,0,0,0,0,0,0,0,0,0,0,0,0,0,0,0,0,0,0,0,0,0,0,0,0,0,0,0,0,0,0,0,0,0,0,0,0,0,0,0,0,0,0,0,0,0,0,0,0,0,0,0,0,0,0,0,0,0,0,0,0,0,0,0,0,0,0,0,0,0,0,0,0,0,0,0,0,0,0,0,0,0,0,0,0,0,0,0,0,0,0,0,0,0,0,0,0,0,0,0,0,0,0,0,0,0,0,0,0,0,0,0,0,0,0,0,0,0,0,0,0,0,0,0,0,0,0,0,0,0,0,0,0,0,0,0,0,0,0,0,0,0,0,0,0,0,0,0,0,0,0,0,0,0,0,0,0,0,0,0,0,0,0,0,0,0,0,0,0,0,0,0,0,0,0,0,0,0,0,0,0,0,0,0,0,0,0,0,0,0,0,0,0,0,0,0,0,0,0,0,0,0,0,0,0,0,0,0,0,0,0,0,0,0,0,0,0,0,0,0,0,0,0,0,0,0,0,0,0,0,0,0,0,0,0,0,0,0,0,0,0,0,0,0,0,0,0,0,5,2,3,3,1,3,3,2,1,4,2,1,3,2,1,3,2,0,0,0,0,0,0,0,0,0,0,0,0,0,0,0,0,0,0,0,0,0,0,0,0,0,0,0,0,0,0,0,0,0,0,0,0,0,0,0,0,0,0,0,0,0,0,0,0,0,0,0,0,0,0,0,0,0,0,0,0,0,0,0,0,0,0,0,0,0,0,0,0,0,0,0,0,0,0,0,0,0,0,0,0,0,0,0,0,0,0,0,0,0,0,0,0,0,0,0,0,0,0,0,0,0,0,0,0,0,0,0,0,0,0,0,0,0,0,0,0,0,0,0,0,0,0,0,0,0,2,5,1,2,2,1,3,4,1,1,4,2,3,3,4,3,4,1,3,0,0,0,0,0,0,0,0,0,0,0,0,0,0,0,0,0,0,0,0,0,0,0,0,0,0,0,0,0,0,0,0,0,0,0,0,0,0,0,0,0,0,0,0,0,0,0,0,0,0,1,0,1,1,0,0,0,0,0,0,0,1,0,0,0,0,0,0,0,1,0,0,0,0,0,0,0,0,0,0,0,1,1,0,0,0,0,0,0,0,1,1,1,0,0,0,0,0,0,0,0,0,0,0,0,0,0,0,1,0,1,0,0,1,0,0,0,0,0,0,0,0,0,0,0,0,0,1,1,1,1,0,0,0,0,1,0,0,0,0,0,0,1,1,0,0,0,0,0,0,0,0,0,0,1,0,0,1,0,0,0,0,0,0,0,0,1,0,1,0,0,0,0,0,0,0,0,1,0,0,0,0,0,0,0,0,0,1,0,1,0,0,1,0,0,1,1,0,0,0,1,1,0,0,0,0,0,0,0,0,0,0,0,1,0,0,0,0,0,0,0,0,1,0,1,0,0,0,0,0,0,0,0,0,0,0,0,1,0,1,0,0,1,0,0,0,1,0,0,0,0,1,0,0,0,0,0,1,0,0,0,0,0,0,0,1,0,0,0,0,1,1,0,0,0,0,0,1,0,0,1,0,0,0,0,0,0,0,0,0,0,1,0,0,0,0,0,0,0,0,0,0,0,0,0,1,0,0,0,0,0,0,1,0,0,1,0,0,0,0,0,0,0,0,0,0,0,0,0,0,0,0,1,0,0,0,0,0,1,0,0,0,0,0,0,0,0,0,0,0,1,0,0,0,0,0,0,0,0,1,1,0,0,0,0,0,0,0,0,1,0,0,0,0,0,0,0,0,0,0,0,0,0,0,0,0,0,0,0,0,0,0,0,0,0,0,0,0,0,0,0,1,0,1,0,1,0,0,0,0,0,0,0,0,0,0,0,0,1,0,0,0,0,0,0,1,0,0,0,0,0,0,0,0,0,0,0,0,1,0,0,0,1,0,0,0,0,0,1,0,0,0,0,1,0,0,0,0,1,0,0,0,0,0,0,1,0,0,0,1,0,0,0,0,0,0,1,0,0,0,0,0,0,0,0,1,0,0,0,0,0,0,0,0,0,1,0,0,0,0,0,0,0,0,0,1,0,1,0,1,0,0,0,1,1,0,0,0,0,0,0,0,0,0,1,0,0,0,0,0,0,1,0,0,0,0,0,1,0,0,0,0,0,0,0,0,0,0,0,0,0,0,0,0,0,1,1,0,1,0,0,1,0,0,0,0,0,0,0,0,0,1,0,0,1,0,0,0,0,1,1,0,0,0,0,0,0,0,0,1,0,0,0,0,1,0,0,1,0,0,1,0,0,0,0,0,0,0,0,0,0,0,0,0,1,0,0,0,0,0,0,0,1,0,0,0,0,1,0,0,0,1,0,1,0,0,0,0,0,0,0,1,0,1,0,0,0,0,1,0,0,0,0,0,0,1,0,1,0,0,0,0,0,0,0,0,0,1,0,0,0,0,1,1,0,0,0,0,0,0,1,0,0,0,0,0,0,1,0,0,0,1,0,0,0,0,0,0,0,1,0,0,0,0,0,0,0,0,0,0,0,1,0,0,0,0,1,0,0,0,0,0,0,0,0,0,0,0,0,1,0,0,0,0,1,0,0,0,1,0,1,0,0,0,0,0,0,0,0,1,0,0,0,0,0,0,0,1,0,0,0,1,1,0,0,0,0,0,0,0,0,0,0,0,0,1,0,1,0,1,0,0,0,0,0,1,0,0,1,0,0,0,0,0,1,0,0,0,1,1,0,0,0,1,0,0,0,0,1,0,0,0,0,0,0,0,1,0,0,0,1,0,0,0,0,0,0,0,0,0,0,0,0,0,0,1,0,0,1,0,0,0,0,0,0,0,0,0,0,0,0,1,0,0,1,0,1,0,0,0,0,0,0,0,0,0,0,0,0,0,0,0,1,0,1,0,0,0,0,0,0,0,0,0,0,0,1,0,0,0,0,0,0,0,0,0,0,0,1,0,0,1,0,0,0,0,1,0,0,0,0,0,0,1,0,0,0,0,0,0,0,0,0,1,1,0,1,0,0,0,0,0,0,0,0,0,1,0,0,1,0,0,1,1,0,0,0,1,0,0,0,0,0,0,0,0,0,0,0,0,0,0,0,0,0,0,0,0,0,0,1,0,1,0,0,1,1,0,0,1,0,0,0,0,1,0,0,0,0,0,0,0,0,1,1,0,0,0,0,0,0,0,1,0,1,0,0,0,0,0,0,0,0,0,0,1,0,0,1,0,0,0,0,0,0,0,0,0,0,0,0,1,1,0,0,0,0,0,1,0,0,1,0,0,0,1,0,0,0,0,0,0,0,0,0,0,0,0,0,0,1,0,0,0,1,0,1,1,1,0,0,0,0,3.0,-22.25880000000001,495.4541774400007,735.4326000000002,459.0949789999999,0.0,0.0,423.0,220.0,203.0,0.0,141.0,41.0,38.0,0.0,0.0,0.0,0.0,0.0,0.0,0.0,38112.06310800001,36270.301327000096,50907.86917600013,55452.62342500009,61380.671737000215,75123.0113930002,78152.57779900012,82927.15030300007,93303.77537100008,77914.61377339017,84270.45254567808,107312.92608999556,115722.56956081856,128176.1903904645,145325.96817889874,157351.79118990057,172642.82841468282,185371.29382810064,1988.8450400000013,1893.7898839999991,2656.6825999999987,2893.9354599999974,3204.2652119999952,3920.325627999999,4078.563339999997,4329.002443999997,4869.530524000008,467.28665200000137,510.4121200000004,633.5135720000006,676.7059600000008,735.7812719999998,822.6409600000002,903.8999160000012,993.4207959999998,1059.4207160000003,33585.99564439495,32408.52166071996,45821.611807052526,49655.41916215005,53916.02163402257,65811.95702654001,69181.37021463262,72656.3767557326,81783.42163880245,,,,,,,,,,173.23665049090914,159.78106311453786,167.46009597368462,168.54900737082096,168.16622393698688,175.11191466899814,171.76390725054972,168.89439980244416,173.10533464007435,354.1573353335917,371.235473769507,353.0030463486696,351.74033301160654,351.1676449053822,338.7551705801835,345.82811250527595,351.6147218221646,343.917057194992,9.040204727272734,8.342686713656384,8.739087499999997,8.796156413373852,8.778808799999988,9.138288177156175,8.963875472527468,8.816705588594699,9.034379450834894,2.1240302363636427,2.2485115418502217,2.0839262236842124,2.056857021276598,2.0158391013698624,1.917577995337996,1.9865932219780245,2.023260276985743,1.9655300853432287,152.6636165654316,142.7688178886342,150.72898620740963,150.92832572082082,147.71512776444538,153.40782523669,152.04696750468707,147.97632740475072,151.73176556364092,,,,,,,,,,6.491321450516362,-2.9603101724568326,-0.2538360390099434,2.3423493266313424,-4.067358948704473,1.204547506230395,2.7859701742183227,-3.635281606673805,0.6529395909403386,520.1283807272719,-55.64444622314377,65.82617368594896,15.541621694213871,-251.54398729752128,158.12103663636643,39.30438313223185,-208.13978295041355,142.75724372727518,1496.51731547972,-263.80110612849325,228.21363246207,315.44602512479844,-840.4829982827926,179.91543848154072,394.1931986279313,-652.5391810309809,262.4182556376178,26.8519124363636,-2.8256981593391526,3.3651337970246566,0.6910310201651941,-12.912760469421624,8.256013221818375,1.91277687933889,-10.696422173884446,7.414641294545576,27.5156787454546,-3.920936669173538,4.017289060826435,3.250586985206605,-14.629092154958672,6.116508937272688,4.608926321900807,-11.783567418264456,6.398094219090864,422.96291690549896,-92.67426530742824,51.32396871414999,150.94796204402488,-231.7643705401262,-37.71986352272278,174.60889874387613,-162.3313984525268,19.4967640647759,,,,,,,,,,0.0295060065932561,-0.0130410139755807,-0.0008349869704274,0.0071196028165086,-0.0111434491745328,0.002807803044826,0.0061230113719084,-0.0074038321928183,0.0012113907067538,2.3642199123966905,-0.2451297190446862,0.2165334660722005,0.0472389717149357,-0.6891616090343048,0.3685805049798752,0.0863832596312787,-0.4239099449091925,0.2648557397537573,6.802351433998727,-1.1621194102576795,0.7507027383620722,0.9588025079781108,-2.3026931459802538,0.4193833064837779,0.8663586783031457,-1.3290003686985354,0.4868613277135766,0.1220541474380163,-0.0124480095125072,0.01106951906916,0.0021003982375841,-0.0353774259436208,0.0192447860648446,0.0042039052293162,-0.021784973877565,0.0137562918266151,0.1250712670247936,-0.017272848762879,0.0132147666474553,0.0098802036024516,-0.0400797045341333,0.0142575965903792,0.0101295083997819,-0.0239991189781353,0.0118703046736379,1.9225587132068127,-0.4082566753631199,0.1688288444544407,0.4588083952705923,-0.6349708781921266,-0.0879250897965566,0.3837558214151124,-0.3306138461354924,0.0361721040162818,,,,,,,,,,-0.4419782776894443,-0.0282988810359138,0.2412933378160321,-0.3776671417500367,0.0951603883077772,0.2075174542022863,-0.25092627053471,0.0410557322599781,-0.1036831293736079,0.0915877008466159,0.0199807858259039,-0.2914964066670423,0.1558994165674853,0.0365377430324191,-0.1793022479365976,0.1120266936104366,-0.1708408366626441,0.1103592993755066,0.1409516278717878,-0.3385142870553848,0.0616526962114401,0.1273616464408192,-0.1953736706480761,0.0715725043666815,-0.1019875995514928,0.0906935102289872,0.0172087412158676,-0.2898502565149362,0.1576741673167469,0.0344429527185968,-0.1784861418873806,0.1127064677060738,-0.1381040519838575,0.1056578937897521,0.078996590004106,-0.320454933315644,0.1139957796026233,0.0809898919291667,-0.191883552066182,0.0949083267165179,-0.212350693145881,0.0878146624572185,0.2386446729136835,-0.3302738552691585,-0.0457333704258624,0.199606815011132,-0.1719655393951694,0.018814564032714,0.0,0.0,0.0,0.0,0.0,0.0,0.0,0.0,1.4165996675841042,0.9402199001843226,0.7742908424530536,1.5335996537880756,1.0599392165554615,0.8730099144088247,1.3410979625089194,1.0238059775326172,0.8228303651619865,0.7354804937355348,0.8702832161220511,1.266380717543233,0.9369095240313392,0.9678125623555344,1.1783869381696896,0.9475968014244424,0.9897538328119994,0.8243282242768496,0.8152788021691477,1.300775012167087,0.9967528633140124,0.8813405236088546,1.1661703043203535,0.9565378565057728,0.8188110628045057,0.7342583716048362,0.8717497204926926,1.264866511109466,0.9359436307987586,0.9698664000216196,1.1780060070461285,0.9475801143151484,0.90632064888087,0.7702096681715895,0.8412676252120305,1.290846296345401,0.9618123530625788,0.9248613205452402,1.1794232234502249,0.9499664079791444,1.108773555119397,0.9622040229986036,0.787602934242918,1.2695570894888275,1.0780216583429238,0.817385007177092,1.102607101235074,0.9790497940316072,0.0,0.0,0.0,0.0,0.0,0.0,0.0,0.0,,,,,,,,,,,,,,,,,,,,,,,,,,,,,,,,,,,,,,,,,,,,,,,,,,,,,,,,,,,,,,,,,,,,,,,,,,,,,,,,,,,,,,,,,,,,13.0,11.993121968189463,16.034132532214674,-0.3949167530233144,0.2923622930493641,3.918118605753402,11.219431872985997,227.0,227.0,174.0,174.0,174.0,53.0,53.0,0.0,0.0,53.0,266.7990210000008,,,,,,,,,,,,,,,,,,,,,,,,,,,,,,,,,,,,,,,,,,,,,,,,,,,,,,,,,,,,,,,,,,,,,,,,,,,,,,,,,,,,,,,,,,,,,,,,,0.0,0.0,31.0,30.0,6.0,15.0,53.0,2.0,0.0,0.0,0.0,0.2357022603955158,0.865809223389071,1.028628228780252,0.0,0.0,0.1825741858350553,0.3707270383877292,0.3639940776515807,16.61262565501343,0.0,3.2710720223515564,0.0,6.388454376148965,0.0,0.6933707870625462,0.0,31.19783855659248,41.459098368705554,59.95111732465541,10.581132734460288,12.796919027128045,14.377099908880592,162.88255627480936,104.30413203319851,94.71034672441796,69.67211725584436,53.13229241846735,42.61139270759702,26.835119599657475,18.77053084529541,0.740375255794588,0.4594895684281873,0.3115471931724275,0.1951599923132895,0.1247236911231628,0.0835517504070529,0.0512120603046898,0.0322517712118477,122.20820105829064,71.24868297341646,53.35805126724664,34.90823274986418,23.34696246911496,15.250894905256962,8.926506259364787,5.5534889522226125,0.5554918229922302,0.3138708501031562,0.1755199054843639,0.0977821645654458,0.0548050762185797,0.0299037155005038,0.017035317288864,0.0095420772374958,199.2388721758597,239.25418790968703,241.141176470588,244.54800000000023,186.2550898203596,1617.4169461077886,0.9056312371629988,1.087519035953123,1.096096256684491,1.1115818181818191,0.8466140446379979,7.351895209580857,-41.70632000000004,573.5826000000008,7259.462916819838,11115.845827526213,14518.925833639682,65.99511742563487,709.782712893384,0.1265924926208388,0.0005754204210038,-45.4692055625225,8411.23528106563,38.23288764120741,198.8211197409917,27801.0,0.0,0.0,33.0,42.0,0.0,0.0,0.0,0.0,0.0,0.0,0.0,0.0,0.0,0.0,0.0,0.0,0.0,0.0,0.0,0.0,0.0,0.0,0.0,0.0,0.0,0.0,0.0,0.0,0.0,0.0,0.0,0.0,0.0,0.0,0.0,0.0,0.0,0.0,0.0,0.0,0.0,0.0,0.0,0.0,0.0,0.0,0.0,0.0,42.0,0.0,0.0,0.0,0.0,0.0,0.0,0.0,0.0,0.0,0.0,0.0,0.0,0.0,2.0,0.0,0.0,0.0,0.0,31.0,0.0,0.0,0.0,0.0,0.0,0.0,0.0,0.0,0.0,0.0,0.0,0.0,0.0,0.0,0.0,0.0,0.0,0.0,0.0,0.0,0.0,0.0,0.0,0.0,0.0,0.0,0.0,0.0,0.0,0.0,0.0,0.0,0.0,0.0,0.0,0.0,0.0,0.0,0.0,0.0,0.0,0.0,0.0,0.0,0.0,0.0,0.0,0.0,0.0,0.0,0.0,0.0,0.0,,,0.0,0.0,0.0,0.0,0.0,0.0,0.0,0.0,0.0,0.0,0.0,0.0,0.0,0.0,0.0,0.0,0.0,0.0,0.0,0.0,0.0,0.0,0.0,0.0,0.0,0.0,0.0,0.0,0.0,0.0,0.0,0.0,0.0,0.0,0.0,0.0,0.0,0.0,0.0,0.0,0.0,0.0,0.0,0.0,,0.0,0.0,0.0,0.0,0.0,0.0,0.0,0.0,0.0,0.0,0.0,0.0,0.0,,0.0,0.0,0.0,0.0,,0.0,0.0,0.0,0.0,0.0,0.0,0.0,0.0,0.0,0.0,0.0,0.0,0.0,0.0,0.0,0.0,0.0,0.0,0.0,0.0,0.0,0.0,0.0,0.0,0.0,0.0,0.0,0.0,0.0,0.0,0.0,0.0,0.0,0.0,0.0,0.0,0.0,0.0,0.0,0.0,0.0,0.0,0.0,0.0,0.0,0.0,0.0,0.0,0.0,0.0,0.0,0.0,0.0,,,0.0,0.0,0.0,0.0,0.0,0.0,0.0,0.0,0.0,0.0,0.0,0.0,0.0,0.0,0.0,0.0,0.0,0.0,0.0,0.0,0.0,0.0,0.0,0.0,0.0,0.0,0.0,0.0,0.0,0.0,0.0,0.0,0.0,0.0,0.0,0.0,0.0,0.0,0.0,0.0,0.0,0.0,0.0,0.0,,0.0,0.0,0.0,0.0,0.0,0.0,0.0,0.0,0.0,0.0,0.0,0.0,0.0,,0.0,0.0,0.0,0.0,,0.0,0.0,0.0,0.0,0.0,0.0,0.0,0.0,0.0,0.0,0.0,0.0,0.0,0.0,0.0,0.0,0.0,0.0,0.0,0.0,0.0,0.0,0.0,0.0,0.0,0.0,0.0,0.0,0.0,0.0,0.0,0.0,0.0,0.0,0.0,0.0,0.0,0.0,0.0,0.0,0.0,0.0,0.0,0.0,0.0,0.0,0.0,0.0,0.0,0.0,0.0,0.0,0.0,0.0,0.0,0.0,0.0,0.0,0.0,0.0,0.0,0.0,0.0,0.0,0.0,0.0,0.0,0.0,0.0,0.0,0.0,0.0,0.0,0.0,0.0,0.0,0.0,0.0,0.0,0.0,0.0,0.0,0.0,0.0,0.0,0.0,0.0,0.0,0.0,0.0,0.0,0.0,0.0,0.0,0.0,0.0,0.0,0.0,0.0,0.0,0.0,0.0,0.0,0.0,0.0,0.0,0.0,0.0,0.0,0.0,0.0,0.0,0.0,0.0,0.0,0.0,0.0,0.0,0.0,0.0,0.0,0.0,0.0,0.0,0.0,0.0,0.0,0.0,0.0,0.0,0.0,0.0,0.0,0.0,0.0,0.0,0.0,0.0,0.0,0.0,0.0,0.0,0.0,0.0,0.0,0.0,0.0,0.0,0.0,0.0,0.0,0.0,0.0,0.0,0.0,0.0,0.0,0.0,0.0,0.0,0.0,0.0,0.0,0.0,0.0,0.0,0.0,0.0,0.0,0.0,,,1.3365944059801975,5e-324,-0.0652430899456695,,,,0.0,,,0.0,,99.56654,0.45258,0.0,0.04742,0.90697,0.90697,0.43622,0.82162,0.90697,0.47075,0.08536,-0.38539,0.0,0.499,0.21529,0.0,0.20455,0.34952,0.0,220.25,1.00114,140.75,0.63977,79.5,0.36136,-61.25,-0.27841,0.0,0.0,465.03752,2.11381,922.26041,457.22289,2.07829,58.5545,0.26616,104.30368,45.74918,0.20795,5.61032,0.0255,6.29832,0.02863,,3349.79,79.0,79.0,51.0,79.0,46.0,55.0,0.4964539007092198,1.3006432663045344,4.416385314079147,5.497676251635998,6.082182376806083,6.527547657551905,6.854468136429682,286.1415185869976,971.6047690974124,1209.4887753599194,1338.0801228973382,1436.060484661419,1507.9829900145298,0.1671485851044652,0.5675595881273932,0.7065187131858937,0.7816349071017415,0.8388697988356039,0.8808830832632035,6.480716447220127,3.364974399445514,2.2836834618886632,1.699177336718578,1.253812055972756,0.9268915770949792,0.1599948314744889,0.5432687365999531,0.6762805822083505,0.7481818955162671,0.8029672043580784,0.8431823719437477,18.260673000366523,56.954024845464616,71.22623291054965,79.36761572378683,85.4188574732536,89.94588210276808,610.6632102331832,343.4888043936919,216.952614689482,151.66515808737657,118.85686550162356,98.85000591087808,204.7666362630752,112.618550900277,80.91635085406712,220.0,7.0,7.0,8.28,36.46690000000008,0.4525462107828008,0.0,0.0,0.0,0.0,0.0,0.0,0.0,0.0,0.0,0.0,0.0,0.0,2.488652813275511,0.0,1.0179165009103652,0.0,2.7416180692301007,0.0256410256410256,8.072000000000003,25.329000000000008,25.700000000000003,29.597,15.502,130.47599999999997,304.0,357.0,426.0,510.0,524.0,582.0,668.0,699.0,735.0,5252.0,5.638354669333745,6.035481432524756,6.282266746896006,6.548219102762372,6.910750787961936,6.807934943699926,6.951772164398911,7.212294468500341,7.293697720601438,7.332369205929062,9.1539816383068,1.7995049504950495,0.5,8.0,0.0,0.0,2.0,6.0,0.0,0.0,0.0,0.0,0.0,0.0,0.0,0.0,0.0,0.0,0.0,0.0,0.0,0.0,0.0,0.0,0.0,0.0,8.0,0.0,2.0,6.0,0.0,0.0,0.0,0.0,0.0,0.0,0.0,2.0,0.0,0.0,2.0,0.0,0.0,0.0,0.0,0.0,0.0,0.0,0.0,0.0,0.0,0.0,0.0,0.0,0.0,0.0,0.0,0.0,0.0,0.0,0.0,0.0,2.0,0.0,0.0,0.0,0.0,0.0,0.0,0.0,0.0,125.0,0.5506607929515418,146.0,0.6431718061674009,3.0,40.0,80.0,1.0,52.0,24.88888888888901,14.048611111111114,15.277777777777596,9.201666666666746,7.161632653061254,7.422831632653063,5.1960663895187365,4.230624999999946,4.2736537088052176,0.2290748898678414,0.0818713450292401,0.0427009456264775,0.0418569254185687,0.0214491064491066,0.01573985198475,0.0151177833658921,0.0096401973831516,0.0077342321755026,0.0076864275338223,0.533976459690887,6648.744446895906,10233.174160460718,13297.488893791811,60.4431313354173,709.782712893384,0.1267581959313805,0.0005761736178699,-45.4404274812584,9200.167188555317,41.818941766160535,200.79349258190348,1319.6199999999997,2928.202093355343,8.781359713524662,6.968850378341948,7.776954403322442,8.628197749459149,9.459619396895018,10.312845075359636,11.155921895611506,12.011741258569495,12.861686688180388,13.71992103914844,539.895737884888,6.12029741895095,0.0,7.421177528595393,3.044522437723423,8.875846177738598,5.2832037287379885,10.403262340115036,7.29776828253138,11.97347832606057,12.21925043579588,3078.5212726800023,7.277828067801423,435.57673503303874,1.979894250150176,211.86768221034097,95.2669655691507,116.60071664118956,707791.0,329.0,-10.10799999999998,1062.0,1.0,-0.3979400086720375
0,0,0,0,0,0,0,0,0,0,0,0,0,0,0,0,0,0,0,0,0,0,0,0,0,0,0,0,0,0,0,0,0,0,0,0,0,0,0,0,0,0,0,0,0,0,0,0,0,0,0,0,0,0,0,0,0,0,0,0,0,0,0,0,0,0,0,0,0,0,0,0,0,0,0,0,0,0,0,0,0,0,0,0,0,0,0,0,0,0,0,0,0,0,0,0,0,0,0,0,0,0,0,0,0,0,0,0,0,0,0,0,0,0,0,0,0,0,0,0,0,0,0,0,0,0,0,0,0,0,0,0,0,0,0,0,0,0,0,0,0,0,0,0,0,0,0,0,0,0,0,0,0,0,0,0,0,0,0,0,0,0,0,0,0,0,0,0,0,0,0,0,0,0,0,2,3,1,2,1,2,3,1,3,2,2,1,1,4,2,2,1,1,1,2,5,3,1,2,2,1,0,0,0,0,0,0,0,0,0,0,0,0,0,0,0,0,3,1,3,2,0,0,0,0,0,0,0,0,0,0,0,0,0,0,0,0,0,2,5,1,5,2,4,0,0,0,0,0,0,0,0,0,0,0,1,4,0,0,0,0,0,0,0,0,0,0,0,0,0,0,0,0,0,0,0,0,0,0,0,0,0,0,0,0,0,0,0,0,0,0,0,0,0,0,0,0,0,0,0,0,0,0,0,0,0,0,0,0,0,0,0,0,0,0,0,0,0,0,0,0,0,0,0,0,0,0,0,0,0,0,0,0,0,0,0,0,0,0,0,0,0,0,0,0,0,0,0,0,0,0,0,0,0,0,0,0,0,0,0,0,0,0,0,0,0,0,0,0,0,0,0,0,0,0,0,0,0,0,0,0,0,0,0,0,0,0,0,0,0,0,0,0,0,0,0,4,2,3,2,3,4,4,2,2,5,2,5,2,0,0,0,0,0,0,0,0,0,0,0,0,0,0,0,0,0,0,0,0,0,0,0,0,2,1,1,3,3,3,4,0,0,0,0,0,0,0,0,0,0,0,0,0,0,0,0,0,0,0,0,0,0,0,0,0,0,0,0,0,0,0,0,0,0,0,0,0,0,0,0,0,0,0,0,0,0,0,0,0,0,0,0,0,0,0,0,0,0,0,0,0,0,0,0,0,0,0,0,0,0,0,0,0,0,0,0,0,0,0,0,0,0,0,0,0,0,0,0,0,0,0,0,0,0,0,0,0,0,0,0,0,0,0,0,0,0,0,0,0,0,0,0,0,0,0,0,0,0,0,0,0,0,0,0,0,0,0,0,0,0,0,0,0,0,0,0,0,0,0,0,0,0,0,0,0,0,0,0,0,2,2,2,1,2,1,0,0,0,0,0,0,0,0,0,0,0,0,0,0,0,0,0,0,0,2,3,2,2,2,0,2,2,0,0,0,0,0,0,0,0,0,0,0,2,2,1,2,2,1,3,1,2,0,0,0,0,0,0,3,1,2,2,2,0,0,2,0,0,0,0,5,5,0,0,0,0,0,0,0,0,0,0,0,5,2,2,5,0,0,0,0,0,3,0,0,0,1,0,0,0,3,3,0,2,2,2,2,0,0,0,0,0,0,0,0,0,0,0,0,0,0,0,3,2,2,0,2,3,4,0,0,0,0,0,0,0,0,0,0,0,0,0,0,0,0,0,0,0,0,0,0,0,0,0,0,0,0,0,0,0,0,2,2,2,2,2,0,2,1,2,0,0,0,0,0,0,0,0,0,0,0,0,0,0,0,0,0,0,0,0,0,0,0,0,1,2,4,2,0,0,0,0,2,4,0,0,0,2,2,5,0,0,0,0,0,0,0,3,2,0,0,0,0,0,0,0,1,2,2,0,0,0,0,0,2,1,0,0,2,1,0,0,0,0,0,1,1,0,0,0,0,0,0,0,0,0,0,0,0,0,0,0,0,0,0,0,0,0,0,0,0,0,0,0,0,0,0,0,0,0,0,0,0,0,0,0,0,0,0,0,0,0,0,0,2,0,2,5,3,0,2,2,2,4,2,2,1,2,2,0,0,0,3,2,2,3,0,0,0,0,0,0,0,0,0,0,0,0,2,3,0,0,0,0,0,0,0,0,0,0,0,0,0,0,0,0,0,0,0,0,0,0,0,0,0,0,0,0,0,0,0,2,2,3,2,4,5,0,0,0,0,0,0,0,0,0,0,0,0,0,0,0,0,0,0,0,0,0,0,0,0,0,0,0,0,0,0,0,0,0,0,2,0,0,0,0,0,0,0,0,0,0,0,0,0,0,0,0,0,0,0,0,0,0,0,0,0,0,2,2,0,0,0,0,0,0,2,0,2,5,1,2,0,0,0,0,0,0,0,0,0,0,0,0,0,0,0,0,0,0,0,0,0,0,3,2,5,0,0,0,3,2,0,0,0,0,2,3,5,0,0,2,5,0,0,0,0,0,0,0,0,0,0,0,0,0,0,0,2,5,0,0,0,0,5,2,2,0,0,0,0,1,2,2,2,1,0,0,0,2,2,2,2,1,3,0,0,2,1,3,3,3,0,0,0,0,0,0,0,0,0,0,2,5,1,2,5,0,0,0,0,0,0,0,0,0,0,0,0,0,0,0,0,0,0,0,0,0,0,0,0,0,0,0,0,0,0,0,0,0,0,3,2,5,2,1,1,5,0,0,0,0,1,0,0,0,0,0,0,0,0,0,0,0,0,0,0,0,0,0,0,0,0,0,0,0,0,0,0,0,0,0,0,0,0,0,0,0,0,0,0,0,0,0,0,0,0,0,0,0,0,0,0,0,0,0,0,0,0,0,0,0,0,0,0,0,0,0,0,0,0,0,0,0,0,0,0,0,0,0,0,0,0,0,0,0,0,0,0,0,0,0,0,0,0,0,1,2,0,0,1,4,3,2,2,0,0,0,0,0,1,2,2,2,0,0,0,0,0,0,0,0,0,0,0,0,0,0,0,0,0,0,0,0,0,0,0,0,0,0,0,0,0,0,0,0,0,0,0,0,0,0,0,0,0,0,0,5,1,0,0,5,0,0,0,0,0,0,0,0,0,0,0,0,0,0,0,0,0,0,0,0,0,0,2,0,0,0,0,0,0,0,2,2,0,0,0,0,0,0,0,0,3,2,2,2,3,3,3,2,2,2,2,2,0,1,2,1,2,2,0,2,2,0,0,0,0,0,0,0,0,0,0,0,0,0,0,0,0,0,0,3,2,2,0,0,0,0,0,0,0,0,0,0,0,0,0,0,0,0,2,2,2,2,1,2,0,0,0,0,0,0,0,5,2,0,0,0,0,0,0,0,0,0,0,0,0,0,0,0,0,0,0,0,0,0,0,0,0,0,0,0,0,0,0,0,0,0,0,0,0,0,0,0,0,0,0,0,0,0,0,0,0,0,0,0,0,0,0,0,0,0,0,0,0,0,0,0,0,0,0,0,0,0,0,0,0,0,0,0,0,0,0,0,0,0,0,0,0,0,0,0,0,0,0,0,0,0,0,0,0,0,0,0,0,0,0,0,0,0,0,0,0,0,0,0,0,0,0,0,0,0,0,0,0,0,0,0,0,0,0,0,0,0,0,0,0,0,0,0,0,0,0,0,0,0,0,0,0,0,0,0,0,0,0,0,0,0,0,0,0,0,0,0,0,0,0,0,0,0,0,0,0,0,0,0,0,0,0,0,0,0,0,0,0,0,0,0,0,0,0,0,0,0,0,0,0,0,0,0,0,0,0,0,0,0,0,0,0,0,0,0,0,0,0,0,0,0,0,0,0,0,0,0,0,0,0,0,0,0,0,0,0,0,0,0,0,0,0,0,0,0,0,0,0,0,0,0,0,0,0,0,0,0,0,0,0,0,0,0,0,0,0,0,0,0,0,0,0,0,0,0,0,0,0,0,0,0,0,0,0,0,0,0,0,0,0,0,0,0,0,0,0,0,0,0,0,0,0,0,0,0,0,0,0,0,0,0,0,0,0,0,0,0,0,0,0,0,0,0,0,0,0,0,0,0,0,0,0,0,0,0,0,0,0,0,0,0,0,0,0,0,0,0,0,0,0,0,0,0,0,0,0,0,0,0,0,0,0,0,0,0,0,0,0,0,0,0,0,0,0,0,0,0,0,0,0,0,0,0,0,0,0,0,0,0,0,0,0,0,0,0,0,0,0,0,0,0,0,0,0,0,0,0,0,0,0,0,0,0,0,0,0,0,0,0,0,0,0,0,0,0,0,0,0,0,0,0,0,0,0,0,0,0,0,0,0,0,0,0,0,0,2,2,0,3,0,0,0,0,0,1,2,2,0,2,2,2,1,3,2,2,3,1,2,2,0,0,0,0,0,0,0,2,3,2,2,3,3,5,0,2,5,0,4,3,0,0,0,0,2,3,4,2,0,0,0,0,0,0,0,0,0,0,0,0,0,0,0,0,0,0,0,0,0,0,0,0,0,0,0,0,0,0,0,0,0,0,0,0,0,0,0,0,0,0,0,0,0,0,0,0,0,0,0,0,0,0,0,0,0,0,0,0,0,0,0,0,0,0,0,0,0,0,0,0,0,0,0,0,0,0,0,0,0,0,0,0,0,0,0,0,0,0,0,0,2,1,2,1,2,1,1,5,5,2,5,1,5,5,3,3,5,3,2,3,0,0,0,0,0,0,0,0,0,0,0,0,0,0,0,0,0,0,0,0,0,0,0,0,0,0,0,0,0,0,0,0,0,0,0,0,0,0,0,0,0,0,0,0,0,0,0,0,0,0,0,0,0,0,0,0,0,0,0,0,0,0,0,0,0,0,0,0,0,0,0,0,0,0,0,0,0,0,0,0,0,0,0,0,0,0,0,0,0,0,0,0,0,0,0,0,0,0,0,0,0,0,0,0,0,0,0,0,0,0,0,0,0,0,0,0,0,0,0,0,0,0,0,0,0,0,0,0,0,0,0,0,0,0,0,0,0,0,0,0,0,0,0,0,0,0,0,0,0,0,0,0,0,0,0,0,0,0,0,0,0,0,0,0,0,0,0,0,0,0,0,0,0,0,0,0,0,0,0,0,0,0,0,0,0,0,0,0,0,0,0,0,0,0,0,0,0,0,0,0,0,0,0,0,0,0,0,0,0,0,0,0,0,0,0,0,0,0,0,0,0,0,0,0,0,0,0,0,0,0,0,0,0,0,0,0,0,0,0,0,0,0,0,0,0,0,0,0,0,0,0,0,0,0,0,0,0,0,0,0,0,0,0,0,0,0,0,0,0,0,0,0,0,0,0,0,0,0,0,0,0,0,0,0,5,2,3,3,1,3,3,2,1,4,2,1,3,2,1,3,2,0,0,0,0,0,0,0,0,0,0,0,0,0,0,0,0,0,0,0,0,0,0,0,0,0,0,0,0,0,0,0,0,0,0,0,0,0,0,0,0,0,0,0,0,0,0,0,0,0,0,0,0,0,0,0,0,0,0,0,0,0,0,0,0,0,0,0,0,0,0,0,0,0,0,0,0,0,0,0,0,0,0,0,0,0,0,0,0,0,0,0,0,0,0,0,0,0,0,0,0,0,0,0,0,0,0,0,0,0,0,0,0,0,0,0,0,0,0,0,0,0,0,0,0,0,0,0,0,0,2,5,1,2,2,1,3,4,1,1,4,2,3,3,4,3,4,1,3,0,0,0,0,0,0,0,0,0,0,0,0,0,0,0,0,0,0,0,0,0,0,0,0,0,0,0,0,0,0,0,0,0,0,0,0,0,0,0,0,0,0,0,0,0,0,0,0,0,0,1,1,0,1,1,0,0,0,0,1,0,0,0,0,0,0,0,0,1,0,0,0,0,0,0,0,0,1,1,0,0,1,1,0,0,0,0,0,0,0,0,1,0,0,0,0,0,0,0,0,0,0,0,0,0,0,0,0,1,0,0,0,0,1,1,0,0,0,0,0,0,0,0,0,0,0,0,0,0,1,0,0,0,0,1,0,0,0,0,1,0,0,0,0,0,0,0,0,0,0,0,0,0,0,0,1,0,0,0,0,0,0,0,0,1,1,0,0,1,0,0,0,0,0,0,0,0,0,0,0,0,0,0,0,0,0,0,0,0,1,0,0,0,1,0,0,1,0,0,1,0,0,0,0,0,0,0,1,0,0,0,0,0,0,0,0,0,0,0,0,0,0,0,0,1,1,0,0,0,0,0,0,0,0,0,0,0,0,0,0,0,0,0,0,0,0,0,0,0,0,1,0,0,1,0,0,0,0,0,1,0,1,0,0,0,1,0,0,0,1,0,0,1,0,0,0,0,0,0,0,1,0,0,0,0,0,0,0,0,0,0,0,0,0,0,0,0,0,0,0,0,0,1,0,0,0,0,0,0,0,0,0,0,0,0,0,0,0,0,0,1,0,0,0,0,0,0,1,1,0,0,0,1,0,0,0,0,1,0,0,0,0,0,1,0,0,0,1,0,0,1,0,0,0,1,0,0,0,0,1,0,0,0,1,0,0,1,0,0,0,1,0,0,0,1,0,1,1,0,0,0,1,0,0,1,0,0,0,0,0,0,0,0,1,0,0,0,0,0,0,1,0,0,1,1,1,1,0,0,0,0,1,0,0,1,1,0,0,0,0,0,0,0,0,0,0,0,0,0,0,0,0,0,0,1,0,0,0,1,0,0,1,0,0,0,0,1,1,0,0,0,0,0,0,0,0,0,1,0,0,0,1,0,0,0,0,0,0,0,1,0,0,0,1,0,0,0,0,0,0,0,1,0,0,1,0,0,0,0,0,0,0,1,0,0,0,0,0,0,0,0,0,0,0,0,0,0,1,0,0,0,0,0,0,0,0,0,0,0,0,1,0,1,0,0,0,0,0,0,0,0,0,0,0,0,1,0,0,0,0,0,0,0,0,0,0,0,0,0,0,1,0,1,0,0,0,0,0,0,0,0,0,0,0,0,0,0,0,0,1,0,0,0,0,0,0,0,0,0,0,1,1,0,0,0,0,0,0,0,0,0,0,0,0,0,0,0,0,0,0,1,0,1,1,0,0,0,0,0,0,0,0,0,0,0,0,0,0,0,0,0,0,0,0,0,0,0,0,1,0,0,0,0,0,0,0,1,0,0,0,1,1,0,0,0,0,0,0,1,1,0,0,0,0,0,0,0,0,0,0,1,0,0,0,0,0,0,0,0,0,0,0,0,1,0,0,0,1,0,0,0,0,0,0,0,1,0,0,1,0,0,0,1,0,0,1,0,0,0,1,0,0,0,0,0,0,0,0,0,0,1,0,0,1,1,0,0,1,0,1,0,0,0,0,1,0,1,0,0,0,0,0,1,1,0,0,0,0,0,0,1,0,0,1,0,0,0,0,0,0,0,0,0,0,0,0,0,0,0,0,1,1,0,1,0,0,0,0,1,1,1,0,0,0,1,1,0,0,0,1,0,0,0,0,0,0,0,0,0,0,0,0,1,0,0,0,0,0,0,0,0,0,0,0,0,0,0,1,0,0,0,1,0,0,0,0,0,0,1,0,0,0,0,0,1,0,0,0,0,0,0,0,1,1,0,0,0,0,1,0,0,0,0,1,0,0,0,1,0,0,0,0,0,1,0,0,1,1,1,0,0,0,0,0,0,0,0,0,0,0,0,0,1,0,0,0,0,0,0,0,0,1,0,0,0,0,0,0,1,0,1,1,0,1,0,1,0,0,1,0,1,1,0,0,1,1,0,0,1,0,0,0,0,0,0,0,0,0,0,0,0,0,0,1,1,0,0,0,0,0,1,0,0,0,0,0,1,0,0,0,0,0,1,0,0,0,0,0,0,0,0,1,0,0,0,0,0,0,1,0,0,0,0,0,1,0,0,0,0,0,1,1,1,0,0,1,0,0,0,1,1,0,0,0,1,0,0,0,0,0,0,1,1,0,0,0,0,0,0,1,0,0,1,0,1,0,1,0,1,0,0,0,0,0,0,1,0,0,0,0,0,0,0,0,0,0,0,1,0,1,0,0,0,0,0,0,0,0,0,0,0,0,0,1,0,0,0,1,0,0,0,0,0,1,0,1,1,0,0,0,0,0,0,0,0,0,0,0,1,0,0,0,0,0.0,-15.009999999999996,225.3000999999999,343.4063,298.2553989999998,24.0,24.0,270.0,127.0,143.0,0.0,93.0,19.0,12.0,3.0,0.0,0.0,0.0,0.0,0.0,0.0,23444.732147999926,23607.26906200008,32153.87942300012,36917.86308300057,39979.76477600041,45363.03646100025,47815.876337000336,50179.55907600012,55056.77470600015,52842.03764139473,67418.51465817117,96458.43988803343,113474.6589963957,120548.9923042917,129252.3866242004,140617.0661723557,153376.8320012728,167434.4909644688,2042.291563000008,2112.640963999996,3777.742871999993,5362.832241999927,5969.154327999919,6146.823953999942,6793.686420999954,7177.568185999979,7983.318801999979,378.8857933934089,483.0990601000014,732.9893216012408,881.8385707738364,933.1934925736828,984.3443286130027,1084.0654240904744,1158.836017287491,1284.378523260543,44796.06540045766,41094.716228230856,77563.12466960872,115398.14704539668,129378.181009478,131221.31921460654,145818.50349102984,152410.46925436697,170873.99922716315,1173.1213991769555,775.9444444444445,1333.2469135802478,1837.43827160494,2047.3117283950623,2586.7222222222194,2538.454732510287,2722.5555555555525,3151.429012345674,86.83234128888861,85.84461477090937,64.30775884600024,51.996990257747285,50.73574210152336,56.421687140547576,53.72570374943858,53.43936003833879,52.43502352952395,195.71125052368416,245.1582351206225,192.9168797760669,159.8234633752052,152.9809547008778,160.7616749057219,157.9967035644446,163.34060916003492,159.46141996616078,7.564042825925955,7.682330778181804,7.555485743999985,7.553284847887219,7.575068944162333,7.645303425373062,7.633355529213431,7.643842583599551,7.603160763809504,1.4032807162718846,1.756723854909096,1.4659786432024815,1.2420261560194878,1.184255701235638,1.224308866434083,1.2180510383039038,1.2341171643104267,1.2232176412005171,165.91135333502837,149.4353317390213,155.12624933921742,162.53260147238967,164.18550889527666,163.21059603806785,163.8410151584605,162.31146885449093,162.73714212110775,4.344894071025761,2.821616161616161,2.666493827160496,2.587941227612591,2.5981113304505867,3.217316196793805,2.852196328663244,2.89942018696012,3.0013609641387373,3.591637230968304,-2.3895804092642887,1.038500427273071,0.594301220102148,-2.2463323518513736,1.2086173182670654,0.6860011578720868,-0.9993796442039162,-0.0925336835580659,11237.606003466655,332.5441985876307,-1339.0658753457103,76.59411929134339,966.9710559121,2433.6481555659075,403.500302891365,-713.7561529451766,-484.5819357481286,13544.695553429234,652.892871572375,-3079.5412111398177,-799.5816218832178,1916.453862282887,720.3311025892351,1556.4635606001143,-217.79854116838948,-366.4517507170524,17.217360329629663,-1.4635707616596267,5.79190771550076,1.5316997072703604,-4.753046321289281,8.305428448066284,-1.3689974272972232,-5.288795213044853,3.9205721144036754,67.65044319566944,4.893635817624784,-18.324558324189503,1.131996483853984,5.610405919290757,4.444196062986232,8.52478559983592,1.7208552102680637,-6.036624356740751,394.5099393246167,8.231060499740078,-67.98530647362507,53.91224211084713,-11.396502767818705,-13.51664814977155,73.17013780456965,-12.70256967680373,-26.98401704163571,460.0623685413827,-20.06170976646516,102.3150773086761,-53.74678318007008,-120.29329489068756,251.85465528628376,-29.64586106453899,-119.88581110603418,164.8008941726357,0.0133023601146974,-0.0086893833064155,0.0020770008545461,0.0008370439719748,-0.0028506755734154,0.0015032553709789,0.0007707878178338,-0.0010643020705047,-8.812731767434849e-05,41.62076297580244,1.209251631227748,-2.678131750691421,0.1078790412554132,1.2271206293300765,3.026925566624263,0.4533711268442303,-0.7601236985571636,-0.4615066054744082,50.16553908677494,2.374155896626818,-6.159082422279636,-1.126171298427067,2.432048048582344,0.8959342072005412,1.7488354613484434,-0.2319473281878482,-0.3490016673495737,0.0637680012208506,-0.005322075496944,0.0115838154310015,0.0021573235313667,-0.0060317846716869,0.0103301348856545,-0.0015381993565137,-0.0056323697689508,0.0037338782041939,0.2505571970209979,0.0177950393368173,-0.036649116648379,0.0015943612448647,0.007119804466105,0.0055276070435152,0.0095784107863324,0.0018326466563025,-0.0057491660540388,1.4611479234245064,0.0299311290899639,-0.1359706129472501,0.0759327353673903,-0.0144625669642369,-0.0168117514300641,0.0822136379826625,-0.0135277632340827,-0.0256990638491768,1.7039346983014174,-0.0729516718780551,0.2046301546173521,-0.075699694619817,-0.1526564655973192,0.3132520588137857,-0.033309956252291,-0.1276739202407179,0.1569532325453673,-0.6532211751518386,0.1561377707893593,0.0629244709027256,-0.2142984815353039,0.1130066663372036,0.0579436890286997,-0.0800085143784962,-0.0066249385007235,0.0290540476619995,-0.0643460513265563,0.002591952514617,0.0294833766032473,0.072726335372181,0.0108929076362154,-0.0182630890019744,-0.0110883744669149,0.0473264304509928,-0.1227751666662213,-0.0224491018920189,0.0484804527740737,0.0178595550553295,0.0348612911011153,-0.0046236387051803,-0.0069570002376707,-0.0834599704405335,0.1816556142458153,0.0338308162411292,-0.0945895207032874,0.1619955885064949,-0.0241218060322514,-0.0883259575510923,0.0585541044522042,0.0710218646616089,-0.146270460733593,0.0063632626155661,0.0284158848788061,0.022061258304434,0.0382284400536687,0.0073142846347731,-0.0229455235067823,0.0204846673017294,-0.0930573905402914,0.051967863178032,-0.0098980854247398,-0.0115058517762269,0.0562664714945339,-0.0092583119184658,-0.0175882697687074,-0.0428136547432114,0.1200927211713803,-0.0444264059504621,-0.0895905610405705,0.1838404130898055,-0.0195488455546426,-0.0749288809999531,0.0921122345250833,1.7125235036157214,0.7840315143193423,0.9739791862397248,1.3142962118234411,1.065888463154466,1.1333478928649474,1.2311848392376143,1.098030150542193,0.9202628477544476,1.1219230575350048,0.9834736238101126,1.0329488652882208,0.9450013777992922,1.0919827004687312,0.9906178075609796,1.0442179203160835,1.1057503002830529,1.2320331941460896,1.036070226602643,0.9466979897420904,0.977814879395124,0.9628382677789924,1.0036836841206866,1.0142653598438789,0.7887000100756234,0.5303984340900668,0.9504765592183742,1.2383185064442348,1.0341110559066005,1.2385884385826602,1.3287280687539562,1.0642661967282236,1.1104971174331586,1.3420987031264309,1.0060418076647584,1.0063966145455028,0.9821878537149464,1.0247647183709718,0.9719931749979628,1.0553640826102588,1.3521931264825366,1.3106948271045231,1.0058745966340157,1.0254227412643913,1.054592254498524,0.9851018706935464,1.0476755783418068,1.0641363118993237,0.6490130429207418,0.4780671598371765,0.970505692487162,1.2293485989453456,1.009657874537312,1.2345193571364617,1.3631735494940742,1.0318424015107632,3915.996355158978,1936.040281221745,2739.874763872961,3920.717249422192,30.871789365529068,709.782712893384,7.589285714280095,0.867066534277965,0.0068272955454957,-1.8115224671305168,2657.382823629325,20.92427420180571,100.14073211001109,3916.5111235155455,1936.2197349810308,2740.1170148096044,3921.222986108962,30.87577154416505,709.782712893384,7.574766447641423,0.866564495434384,0.0068233424837353,-1.818878004015164,2658.322163018294,20.931670574947194,100.14522054960436,4803.2396945134105,2340.771572126004,3316.7257367700954,4797.762383818895,37.77765656550309,709.782712893384,-10.382365047812527,0.6751787739993439,0.0053163682992074,-4.988277714647332,2856.4571612137133,22.49178867097412,101.05818474000236,4082.580516015183,2041.8366500736224,2901.705514600775,4087.348829204073,32.18384904885096,709.782712893384,5.861002784235552,1.0892973719213856,0.0085771446607983,1.0862675185027684,3314.5315234601067,26.098673413071705,102.94710896960856,5113.225844467472,2434.1644153809925,3447.040049227543,5102.33179981441,40.17584094342059,709.782712893384,-21.56057192441904,0.4499201428178936,0.0035426782899046,-10.143301689104248,3042.047328590548,23.953128571579114,101.85763259468736,4040.341197770712,2016.3156848870856,2872.46230958514,4044.901684640793,31.84961956410073,709.782712893384,6.096650868423467,1.2312407061519253,0.0096948087098576,2.641884037692886,2681.973221437029,21.11789938139393,100.2577126063712,5211.671506783141,2472.838758301233,3586.741159577968,5215.524903109683,41.067125221336056,709.782712893384,11.531814302775729,1.7331395811893298,0.0136467683558214,6.984168792471842,2900.779294898325,22.84078184959311,101.25373071862462,7.0,11.99313944390416,31.97409051980342,-0.3201029966546263,0.2354461284876453,4.389235472040339,11.66890008097598,132.0,275.0,261.0,237.0,94.0,14.0,14.0,0.0,0.0,38.0,180.6046010000007,3.995659902781684,3.905683659318904,3.843559765473578,3.8233208307571735,3.818410105792999,3.803147976444701,3.7252151165172935,3.691371778451529,2.033811111444083,1.9866931029014767,1.982366880525673,1.978359430177112,1.952306224288128,1.8934662238917068,1.88976716089939,1.8852728243990533,3.879809621959754,3.865456439922448,3.807055636192354,3.803013074339047,3.6245471290637945,3.614536186522271,3.576809124327708,3.5749265190838506,2.038219646228196,1.975593759450322,1.9736529838341688,1.9618474233713632,1.900759558934942,1.8944417973049965,1.8761828737423136,1.8581106869700927,3.955906323293883,3.9039084233552894,3.879722081755013,3.866355539612027,3.787059734510924,3.757219188850152,3.7256096604679736,3.720474083112088,1.935830289929001,1.9079827013881765,1.8716769561347624,1.8673911268165568,1.7211442839688798,1.7112031844364337,1.7072671627898488,1.6736449875796522,3.893614997232166,3.881318129613306,3.813039625352772,3.8099976182471047,3.610483524887465,3.60491709497906,3.6019259153415413,3.580953551624697,2.037600488608158,1.970803442141248,1.949609699450575,1.948798894843406,1.9101870465853168,1.8675959430360207,1.8568652549851496,1.8538440890996413,3.985704433255803,3.92127225422807,3.910433056946799,3.8949966219528016,3.827541757223696,3.79505677051024,3.7671478765533,3.7641044926980713,1.910785137091474,1.8926218659733385,1.8457323800132623,1.8419657540420904,1.669924337660179,1.6667994848106895,1.6649273751649367,1.6290676586737094,5.025625525230068,5.022204620160857,5.018248806743965,5.011059033415572,5.003064925524663,4.993923442011,4.9928056896707576,4.9842684687892245,1.9083772004319275,1.900645140995943,1.8560261499648767,1.808596758297027,1.794285613511184,1.791760144934261,1.760376862191178,1.751425317576072,0.0,0.0,12.0,17.0,7.0,14.0,40.0,1.0,0.0,0.0,0.0,0.0,0.4110544158647976,0.549243714834368,0.0,0.0,0.0,0.1482589301223657,0.2052183283799452,7.414531190407981,0.0,1.3324953830727255,0.0,3.126454975265488,0.0,0.2850050907547905,0.0,13.972917663634176,19.291112949112406,27.980311832052987,5.446180809647669,7.262463017977195,8.796892501127537,92.09400364068604,61.15212524782562,53.04322791132637,39.25747192949618,30.410294155829018,24.44093741659505,16.408438597296858,12.158928174018428,0.7251496349660319,0.463273676119891,0.3138652539131737,0.1992765072563258,0.1283134774507553,0.0845707177044811,0.0532741512899248,0.0343472547288656,77.24324884852321,49.025230234084745,36.79261961686925,25.472215385634385,18.12723474359371,12.85705666342989,8.590850694880912,6.043118836576644,0.6082145578623874,0.3714032593491269,0.2177078083838417,0.1293005857138801,0.0764862225468089,0.0444880853405878,0.0278923723859769,0.0170709571654707,158.2807492367176,269.2785870356868,258.247058823531,261.8999999999993,173.58407125748525,2073.3112449101886,0.5862249971730282,0.9973281001321732,0.9564705882353,0.9699999999999976,0.6429039676203158,7.678930536704402,5.579370000000007,508.5931000000018,5942.675505781081,6956.937821134972,13805.225994835124,108.70256688846558,709.782712893384,0.0891613285607344,0.0007020577052026,-30.69980994537857,16988.623005150657,133.76868507992643,123.70179938292088,9716.0,16.0,0.0,32.0,38.0,15.0,26.0,5.0,11.0,16.0,17.0,15.0,23.0,24.0,0.0,0.0,0.0,7.0,9.0,0.0,0.0,0.0,0.0,0.0,0.0,0.0,17.0,0.0,51.0,12.0,0.0,17.0,0.0,0.0,0.0,0.0,0.0,0.0,0.0,0.0,3.0,0.0,42.0,0.0,0.0,17.0,10.0,0.0,0.0,14.0,7.0,0.0,0.0,0.0,7.0,0.0,0.0,9.0,0.0,0.0,0.0,2.0,0.0,1.0,0.0,0.0,0.0,0.0,12.0,0.0,0.0,0.0,0.0,0.0,0.0,0.0,0.0,0.0,0.0,0.0,0.0,0.0,0.0,0.0,0.0,0.0,3.0,0.0,0.0,0.0,0.0,0.0,0.0,0.0,0.0,0.0,0.0,0.0,0.0,0.0,0.0,0.0,0.0,0.0,0.0,0.0,0.0,0.0,0.0,0.0,0.0,0.0,0.0,0.0,0.0,0.0,0.0,0.0,0.0,0.0,5.509124152728366,0.0,235.0852825578202,30.579981435372183,55.398667659053615,39.21280206767866,5.518422487523874,41.68547090333515,29.974956500555,26.69796194285195,57.596627882973976,62.561189681476506,28.329640503204843,0.0,0.0,0.0,3.372293752366095,2.13683040036227,0.0,0.0,0.0,0.0,0.0,0.0,0.0,7.6047299058327,0.0,29.66166555812774,10.917931750109137,0.0,7.6047299058327,0.0,0.0,0.0,0.0,0.0,0.0,0.0,0.0,6.004932963111182,0.0,27.077344785880943,0.0,0.0,32.15263555884062,-11.15371431288489,0.0,0.0,-8.234537511290249,6.661883387821809,0.0,0.0,0.0,41.1105709968086,0.0,0.0,25.7973427339401,0.0,0.0,0.0,8.183950348478177,0.0,1.303622086553774,0.0,0.0,0.0,0.0,171.44465844794863,0.0,0.0,0.0,0.0,0.0,0.0,0.0,0.0,0.0,0.0,0.0,0.0,0.0,0.0,0.0,0.0,0.0,-4.570911707430881,0.0,0.0,0.0,0.0,0.0,0.0,0.0,0.0,0.0,0.0,0.0,0.0,0.0,0.0,0.0,0.0,0.0,0.0,0.0,0.0,0.0,0.0,0.0,0.0,0.0,0.0,0.0,0.0,0.0,0.0,0.0,0.0,0.0,0.2047270863970479,0.0,-1.7838882241373997,-0.9231989442802796,2.973559020914202,-0.4895638794397149,-0.8221668948338794,1.4563949904617763,0.2733207806644466,0.6727849646716123,0.6742732538412869,-0.5305921241855767,-0.7585925162375781,0.0,0.0,0.0,0.2974357456965359,0.2047270863970479,0.0,0.0,0.0,0.0,0.0,0.0,0.0,0.3035365338432663,0.0,0.2282931549494256,0.6678950746310208,0.0,0.3035365338432663,0.0,0.0,0.0,0.0,0.0,0.0,0.0,0.0,1.8709189920170315,0.0,-0.6324444193795018,0.0,0.0,1.764509277127138,-1.5220050546538937,0.0,0.0,-0.9231989442802796,0.6254874552131642,0.0,0.0,0.0,5.679144102776546,0.0,0.0,2.6186445082239027,0.0,0.0,0.0,4.057898731517801,0.0,1.303622086553774,0.0,0.0,0.0,0.0,12.659305966801154,0.0,0.0,0.0,0.0,0.0,0.0,0.0,0.0,0.0,0.0,0.0,0.0,0.0,0.0,0.0,0.0,0.0,-1.7838882241373997,0.0,0.0,0.0,0.0,0.0,0.0,0.0,0.0,0.0,0.0,0.0,0.0,0.0,0.0,0.0,0.0,0.0,0.0,0.0,0.0,0.0,0.0,0.0,0.0,0.0,0.0,0.0,0.0,0.0,0.0,0.0,0.0,0.0,0.527371477714274,0.0,15.709424163186076,2.374527057639657,6.676156894549051,4.077613613002896,3.682045236395045,7.393387774455802,7.755091715583947,3.8395966814453337,8.125395124660981,8.053785396974002,4.152076929930743,0.0,0.0,0.0,0.527371477714274,0.2908568010008728,0.0,0.0,0.0,0.0,0.0,0.0,0.0,0.4864523986441787,0.0,1.065864835879382,1.065864835879382,0.0,0.4864523986441787,0.0,0.0,0.0,0.0,0.0,0.0,0.0,0.0,2.2630949790771195,0.0,1.3736216517422073,0.0,0.0,2.374527057639657,0.0,0.0,0.0,0.0,1.3793899167956354,0.0,0.0,0.0,6.603069652455728,0.0,0.0,3.023142933964804,0.0,0.0,0.0,4.126051616960376,0.0,1.303622086553774,0.0,0.0,0.0,0.0,15.709424163186076,0.0,0.0,0.0,0.0,0.0,0.0,0.0,0.0,0.0,0.0,0.0,0.0,0.0,0.0,0.0,0.0,0.0,0.0,0.0,0.0,0.0,0.0,0.0,0.0,0.0,0.0,0.0,0.0,0.0,0.0,0.0,0.0,0.0,0.0,0.0,0.0,0.0,0.0,0.0,0.0,0.0,0.0,0.0,0.0,0.0,0.0,0.0,0.0,0.0,0.0,0.0,295.7777777777778,2.3289588801399828,1.065864835879382,15.709424163186076,-0.4971597151107914,-1.7838882241373997,20.44788567476348,2.855338387987227,8.709424163186076,214.65429970743787,2.868917440986693,8.703406104498466,212.2511753945357,60.59995,0.47716,0.0,0.02284,0.55333,0.83858,0.43693,0.53265,0.756,0.11641,0.02068,-0.09573,0.08258,0.56901,0.14528,0.0,0.13696,0.26238,0.0,122.0,0.96063,77.0,0.6063,45.0,0.35433,-32.0,-0.25197,0.0,0.0,256.23182,2.01757,431.32703,175.09521,1.3787,40.10095,0.31576,61.15192,21.05097,0.16576,2.26208,0.01781,2.77808,0.02187,0.2703703703703703,1422.34,31.0,31.0,19.0,31.0,16.0,23.0,0.5913978494623656,1.5564880753523047,3.3782602076025245,5.037016418529967,6.123219114767877,6.544974569666325,6.756277310221265,420.2517803451223,912.1302560526816,1359.994433003091,1653.2691609873268,1767.1431338099076,1824.1948737597413,0.1927106118308112,0.4182663534915991,0.623638902981663,0.7581229311467391,0.8103409680488628,0.8365026078703904,6.520327521698527,4.698555389448307,3.039799178520865,1.953596482282955,1.5318410273845071,1.3205382868295663,0.1890405601008829,0.4103007353057654,0.6117620944707345,0.7436849593686404,0.7949085367812453,0.8205719447172916,16.11747240739412,31.65599185962149,39.931561722337165,45.331547476236,47.9219178217145,49.14088737152948,423.4473934375761,217.85077145997408,127.05041694832204,78.10153210126325,61.46925692686367,55.07747894703886,115.71694214876032,68.9314099646371,49.92079156896596,18.0,6.0,16.0,7.950000000000001,14.533800000000056,0.203581321244618,9.70723209824985,5.744740378592567,0.0,0.0,0.0,0.0,0.0,0.0,0.0,5.1270551313565305,0.0,0.0,1.3172376001024124,5.992003898881715,0.6082010230534495,5.041218498404082,1.455457082168803,0.0,5.815000000000001,11.25,11.355,11.28,9.099999999999998,75.455,169.0,197.0,237.0,289.0,308.0,354.0,406.0,454.0,484.0,3157.0,5.068904202220232,5.468060141135132,5.762051382780177,6.107022887742255,6.516008147702169,6.524112815384445,6.747769902033834,7.016777831191647,7.23793544052257,7.317710292363153,8.923133186747613,2.3764847956921127,0.4489795918367347,6.0,0.0,0.0,0.0,5.0,0.0,0.0,0.0,0.0,0.0,0.0,1.0,6.0,0.0,0.0,0.0,0.0,0.0,0.0,1.0,0.0,0.0,5.0,12.0,0.0,0.0,5.0,0.0,0.0,0.0,1.0,0.0,0.0,6.0,2.0,0.0,0.0,0.0,1.0,0.0,0.0,0.0,0.0,0.0,0.0,1.0,0.0,0.0,0.0,0.0,0.0,0.0,0.0,1.0,0.0,0.0,5.0,0.0,0.0,0.0,1.0,0.0,0.0,0.0,1.0,0.0,0.0,6.0,34.0,0.2575757575757575,44.0,0.3333333333333333,4.0,27.0,49.0,0.8148148148148148,23.5,10.444444444444422,7.0625,6.94222222222219,4.284722222222219,3.32326530612243,3.038194444444444,2.5089443184681333,2.057499999999985,1.813284358738912,0.178030303030303,0.0618014464168309,0.038804945054945,0.0354195011337866,0.0193005505505505,0.014141554494138,0.0118217682663207,0.0089926319658356,0.0070221843003412,0.0060644961830732,0.4270445994833274,2218.541020103112,3136.673148521294,4439.126010948336,34.953748117703455,709.782712893384,1.0034886354740136,0.007901485318693,0.0442285666259178,3015.0608625630507,23.740636713094887,101.74446625342932,599.1099999999999,1800.7445870155273,7.988684686772166,6.401917196727186,7.19668657083435,8.029758520440822,8.848365694942547,9.690232448972248,10.523606946562516,11.373169022579944,12.217096657207485,13.073183637360067,346.35401669562714,5.579729825986222,0.0,6.846943139585379,0.0,8.273591798199632,0.0,9.783633624060649,0.0,11.347047960592208,11.587142002659071,1814.032574016004,6.718639163022237,254.2609006576252,2.0020543358868124,93.13380138414672,30.41768076695388,53.57358764897813,135976.0,182.0,19.421999999999983,602.0,1.0,3.900000965153469
0,0,0,0,0,0,0,0,0,0,0,0,0,0,0,0,0,0,0,0,0,0,0,0,0,0,0,0,0,0,0,0,0,0,0,0,0,0,0,0,0,0,0,0,0,0,0,0,0,0,0,0,0,0,0,0,0,0,0,0,0,0,0,0,0,0,0,0,0,0,0,0,0,0,0,0,0,0,0,0,0,0,0,0,0,0,0,0,0,0,0,0,0,0,0,0,0,0,0,0,0,0,0,0,0,0,0,0,0,0,0,0,0,0,0,0,0,0,0,0,0,0,0,0,0,0,0,0,0,0,0,0,0,0,0,0,0,0,0,0,0,0,0,0,0,0,0,0,0,0,0,0,0,0,0,0,0,0,0,0,0,0,0,0,0,0,0,0,0,0,0,0,0,0,0,2,3,1,2,1,2,3,1,3,2,2,1,1,4,2,2,1,1,1,2,5,3,1,2,2,1,0,0,0,0,0,0,0,0,0,0,0,0,0,0,0,0,3,1,3,2,0,0,0,0,0,0,0,0,0,0,0,0,0,0,0,0,0,2,5,1,5,2,4,0,0,0,0,0,0,0,0,0,0,0,1,4,0,0,0,0,0,0,0,0,0,0,0,0,0,0,0,0,0,0,0,0,0,0,0,0,0,0,0,0,0,0,0,0,0,0,0,0,0,0,0,0,0,0,0,0,0,0,0,0,0,0,0,0,0,0,0,0,0,0,0,0,0,0,0,0,0,0,0,0,0,0,0,0,0,0,0,0,0,0,0,0,0,0,0,0,0,0,0,0,0,0,0,0,0,0,0,0,0,0,0,0,0,0,0,0,0,0,0,0,0,0,0,0,0,0,0,0,0,0,0,0,0,0,0,0,0,0,0,0,0,0,0,0,0,0,0,0,0,0,0,4,2,3,2,3,4,4,2,2,5,2,5,2,0,0,0,0,0,0,0,0,0,0,0,0,0,0,0,0,0,0,0,0,0,0,0,0,2,1,1,3,3,3,4,0,0,0,0,0,0,0,0,0,0,0,0,0,0,0,0,0,0,0,0,0,0,0,0,0,0,0,0,0,0,0,0,0,0,0,0,0,0,0,0,0,0,0,0,0,0,0,0,0,0,0,0,0,0,0,0,0,0,0,0,0,0,0,0,0,0,0,0,0,0,0,0,0,0,0,0,0,0,0,0,0,0,0,0,0,0,0,0,0,0,0,0,0,0,0,0,0,0,0,0,0,0,0,0,0,0,0,0,0,0,0,0,0,0,0,0,0,0,0,0,0,0,0,0,0,0,0,0,0,0,0,0,0,0,0,0,0,0,0,0,0,0,0,0,0,0,0,0,0,2,2,2,1,2,1,0,0,0,0,0,0,0,0,0,0,0,0,0,0,0,0,0,0,0,2,3,2,2,2,0,2,2,0,0,0,0,0,0,0,0,0,0,0,2,2,1,2,2,1,3,1,2,0,0,0,0,0,0,3,1,2,2,2,0,0,2,0,0,0,0,5,5,0,0,0,0,0,0,0,0,0,0,0,5,2,2,5,0,0,0,0,0,3,0,0,0,1,0,0,0,3,3,0,2,2,2,2,0,0,0,0,0,0,0,0,0,0,0,0,0,0,0,3,2,2,0,2,3,4,0,0,0,0,0,0,0,0,0,0,0,0,0,0,0,0,0,0,0,0,0,0,0,0,0,0,0,0,0,0,0,0,2,2,2,2,2,0,2,1,2,0,0,0,0,0,0,0,0,0,0,0,0,0,0,0,0,0,0,0,0,0,0,0,0,1,2,4,2,0,0,0,0,2,4,0,0,0,2,2,5,0,0,0,0,0,0,0,3,2,0,0,0,0,0,0,0,1,2,2,0,0,0,0,0,2,1,0,0,2,1,0,0,0,0,0,1,1,0,0,0,0,0,0,0,0,0,0,0,0,0,0,0,0,0,0,0,0,0,0,0,0,0,0,0,0,0,0,0,0,0,0,0,0,0,0,0,0,0,0,0,0,0,0,0,2,0,2,5,3,0,2,2,2,4,2,2,1,2,2,0,0,0,3,2,2,3,0,0,0,0,0,0,0,0,0,0,0,0,2,3,0,0,0,0,0,0,0,0,0,0,0,0,0,0,0,0,0,0,0,0,0,0,0,0,0,0,0,0,0,0,0,2,2,3,2,4,5,0,0,0,0,0,0,0,0,0,0,0,0,0,0,0,0,0,0,0,0,0,0,0,0,0,0,0,0,0,0,0,0,0,0,2,0,0,0,0,0,0,0,0,0,0,0,0,0,0,0,0,0,0,0,0,0,0,0,0,0,0,2,2,0,0,0,0,0,0,2,0,2,5,1,2,0,0,0,0,0,0,0,0,0,0,0,0,0,0,0,0,0,0,0,0,0,0,3,2,5,0,0,0,3,2,0,0,0,0,2,3,5,0,0,2,5,0,0,0,0,0,0,0,0,0,0,0,0,0,0,0,2,5,0,0,0,0,5,2,2,0,0,0,0,1,2,2,2,1,0,0,0,2,2,2,2,1,3,0,0,2,1,3,3,3,0,0,0,0,0,0,0,0,0,0,2,5,1,2,5,0,0,0,0,0,0,0,0,0,0,0,0,0,0,0,0,0,0,0,0,0,0,0,0,0,0,0,0,0,0,0,0,0,0,3,2,5,2,1,1,5,0,0,0,0,1,0,0,0,0,0,0,0,0,0,0,0,0,0,0,0,0,0,0,0,0,0,0,0,0,0,0,0,0,0,0,0,0,0,0,0,0,0,0,0,0,0,0,0,0,0,0,0,0,0,0,0,0,0,0,0,0,0,0,0,0,0,0,0,0,0,0,0,0,0,0,0,0,0,0,0,0,0,0,0,0,0,0,0,0,0,0,0,0,0,0,0,0,0,1,2,0,0,1,4,3,2,2,0,0,0,0,0,1,2,2,2,0,0,0,0,0,0,0,0,0,0,0,0,0,0,0,0,0,0,0,0,0,0,0,0,0,0,0,0,0,0,0,0,0,0,0,0,0,0,0,0,0,0,0,5,1,0,0,5,0,0,0,0,0,0,0,0,0,0,0,0,0,0,0,0,0,0,0,0,0,0,2,0,0,0,0,0,0,0,2,2,0,0,0,0,0,0,0,0,3,2,2,2,3,3,3,2,2,2,2,2,0,1,2,1,2,2,0,2,2,0,0,0,0,0,0,0,0,0,0,0,0,0,0,0,0,0,0,3,2,2,0,0,0,0,0,0,0,0,0,0,0,0,0,0,0,0,2,2,2,2,1,2,0,0,0,0,0,0,0,5,2,0,0,0,0,0,0,0,0,0,0,0,0,0,0,0,0,0,0,0,0,0,0,0,0,0,0,0,0,0,0,0,0,0,0,0,0,0,0,0,0,0,0,0,0,0,0,0,0,0,0,0,0,0,0,0,0,0,0,0,0,0,0,0,0,0,0,0,0,0,0,0,0,0,0,0,0,0,0,0,0,0,0,0,0,0,0,0,0,0,0,0,0,0,0,0,0,0,0,0,0,0,0,0,0,0,0,0,0,0,0,0,0,0,0,0,0,0,0,0,0,0,0,0,0,0,0,0,0,0,0,0,0,0,0,0,0,0,0,0,0,0,0,0,0,0,0,0,0,0,0,0,0,0,0,0,0,0,0,0,0,0,0,0,0,0,0,0,0,0,0,0,0,0,0,0,0,0,0,0,0,0,0,0,0,0,0,0,0,0,0,0,0,0,0,0,0,0,0,0,0,0,0,0,0,0,0,0,0,0,0,0,0,0,0,0,0,0,0,0,0,0,0,0,0,0,0,0,0,0,0,0,0,0,0,0,0,0,0,0,0,0,0,0,0,0,0,0,0,0,0,0,0,0,0,0,0,0,0,0,0,0,0,0,0,0,0,0,0,0,0,0,0,0,0,0,0,0,0,0,0,0,0,0,0,0,0,0,0,0,0,0,0,0,0,0,0,0,0,0,0,0,0,0,0,0,0,0,0,0,0,0,0,0,0,0,0,0,0,0,0,0,0,0,0,0,0,0,0,0,0,0,0,0,0,0,0,0,0,0,0,0,0,0,0,0,0,0,0,0,0,0,0,0,0,0,0,0,0,0,0,0,0,0,0,0,0,0,0,0,0,0,0,0,0,0,0,0,0,0,0,0,0,0,0,0,0,0,0,0,0,0,0,0,0,0,0,0,0,0,0,0,0,0,0,0,0,0,0,0,0,0,0,0,0,0,0,0,0,0,0,0,0,0,0,0,0,0,0,0,0,0,0,0,0,0,0,0,2,2,0,3,0,0,0,0,0,1,2,2,0,2,2,2,1,3,2,2,3,1,2,2,0,0,0,0,0,0,0,2,3,2,2,3,3,5,0,2,5,0,4,3,0,0,0,0,2,3,4,2,0,0,0,0,0,0,0,0,0,0,0,0,0,0,0,0,0,0,0,0,0,0,0,0,0,0,0,0,0,0,0,0,0,0,0,0,0,0,0,0,0,0,0,0,0,0,0,0,0,0,0,0,0,0,0,0,0,0,0,0,0,0,0,0,0,0,0,0,0,0,0,0,0,0,0,0,0,0,0,0,0,0,0,0,0,0,0,0,0,0,0,0,2,1,2,1,2,1,1,5,5,2,5,1,5,5,3,3,5,3,2,3,0,0,0,0,0,0,0,0,0,0,0,0,0,0,0,0,0,0,0,0,0,0,0,0,0,0,0,0,0,0,0,0,0,0,0,0,0,0,0,0,0,0,0,0,0,0,0,0,0,0,0,0,0,0,0,0,0,0,0,0,0,0,0,0,0,0,0,0,0,0,0,0,0,0,0,0,0,0,0,0,0,0,0,0,0,0,0,0,0,0,0,0,0,0,0,0,0,0,0,0,0,0,0,0,0,0,0,0,0,0,0,0,0,0,0,0,0,0,0,0,0,0,0,0,0,0,0,0,0,0,0,0,0,0,0,0,0,0,0,0,0,0,0,0,0,0,0,0,0,0,0,0,0,0,0,0,0,0,0,0,0,0,0,0,0,0,0,0,0,0,0,0,0,0,0,0,0,0,0,0,0,0,0,0,0,0,0,0,0,0,0,0,0,0,0,0,0,0,0,0,0,0,0,0,0,0,0,0,0,0,0,0,0,0,0,0,0,0,0,0,0,0,0,0,0,0,0,0,0,0,0,0,0,0,0,0,0,0,0,0,0,0,0,0,0,0,0,0,0,0,0,0,0,0,0,0,0,0,0,0,0,0,0,0,0,0,0,0,0,0,0,0,0,0,0,0,0,0,0,0,0,0,0,0,5,2,3,3,1,3,3,2,1,4,2,1,3,2,1,3,2,0,0,0,0,0,0,0,0,0,0,0,0,0,0,0,0,0,0,0,0,0,0,0,0,0,0,0,0,0,0,0,0,0,0,0,0,0,0,0,0,0,0,0,0,0,0,0,0,0,0,0,0,0,0,0,0,0,0,0,0,0,0,0,0,0,0,0,0,0,0,0,0,0,0,0,0,0,0,0,0,0,0,0,0,0,0,0,0,0,0,0,0,0,0,0,0,0,0,0,0,0,0,0,0,0,0,0,0,0,0,0,0,0,0,0,0,0,0,0,0,0,0,0,0,0,0,0,0,0,2,5,1,2,2,1,3,4,1,1,4,2,3,3,4,3,4,1,3,0,0,0,0,0,0,0,0,0,0,0,0,0,0,0,0,0,0,0,0,0,0,0,0,0,0,0,0,0,0,0,0,0,0,0,0,0,0,0,0,0,0,0,0,0,0,0,0,0,0,1,0,0,1,0,0,0,0,0,0,0,0,0,0,0,0,0,0,1,0,0,0,0,0,0,0,0,0,0,0,0,1,0,0,0,0,0,0,0,0,1,1,1,0,0,0,0,0,0,0,0,0,0,0,0,0,0,0,0,0,0,0,1,1,0,1,0,0,0,0,0,0,0,0,0,0,1,0,1,1,0,0,0,0,0,1,0,1,0,0,0,0,0,0,0,0,0,0,0,0,0,0,0,0,1,0,0,1,0,1,0,0,0,0,0,0,1,0,0,0,0,0,0,0,0,0,0,1,0,0,0,0,0,0,0,0,0,1,0,1,0,0,1,1,0,0,1,0,0,0,0,0,0,0,0,0,0,0,0,1,0,0,0,1,0,0,0,0,0,0,0,0,0,0,1,0,0,0,0,0,0,0,0,0,0,0,0,1,0,0,0,0,1,0,0,0,1,0,0,0,0,0,1,0,0,0,1,0,0,0,0,0,0,0,0,1,0,0,1,0,0,0,0,0,0,0,0,0,0,0,0,0,0,0,0,0,0,0,0,0,0,1,0,0,0,0,0,0,0,0,0,0,0,0,0,1,0,0,0,0,0,0,0,0,0,1,0,0,0,0,0,0,0,0,0,0,0,0,0,0,0,0,0,0,0,0,0,0,0,0,0,0,0,0,0,0,0,0,0,0,1,0,0,0,0,0,0,0,0,1,0,0,0,0,0,0,0,0,0,0,0,1,0,0,0,0,0,0,0,0,0,0,0,0,0,0,0,0,0,0,0,0,0,0,1,0,0,0,0,0,1,0,0,1,0,1,0,0,0,0,0,0,1,0,0,0,0,0,1,0,0,0,0,0,0,1,0,1,1,0,0,0,0,0,0,0,0,0,1,0,0,0,1,0,0,0,0,0,0,0,0,0,0,0,0,0,0,0,1,0,0,0,0,0,0,0,0,0,0,1,0,0,0,0,0,0,0,0,0,0,0,0,0,0,0,0,1,1,0,0,0,0,0,0,0,1,0,0,0,0,0,0,0,0,0,1,0,0,0,0,0,0,0,0,0,0,0,0,0,0,0,0,0,0,0,0,0,0,0,0,0,0,0,0,0,0,0,1,0,0,0,0,0,0,0,0,0,0,0,0,0,0,0,0,0,0,0,0,1,0,1,0,0,0,0,0,0,0,0,0,0,0,0,0,1,0,0,0,0,0,1,0,0,0,0,0,0,0,0,1,0,0,0,0,1,0,0,1,0,0,0,0,1,0,0,0,0,0,0,0,0,1,0,0,0,0,0,0,0,0,0,0,1,0,0,0,0,0,1,0,0,1,0,1,0,0,0,0,1,0,0,1,0,1,0,0,0,1,0,0,0,0,0,0,0,0,0,0,0,0,0,0,0,0,0,0,0,1,0,0,0,0,0,1,0,0,0,0,0,0,0,0,0,0,0,0,0,1,0,0,0,1,0,0,1,0,0,0,0,1,0,0,0,0,0,0,0,0,0,0,0,1,0,0,0,0,0,0,0,0,0,0,0,0,0,0,0,0,0,0,0,0,0,0,0,0,0,0,1,0,0,0,0,0,0,0,1,0,0,1,0,0,0,0,0,0,0,0,0,0,0,0,0,1,0,1,0,0,0,1,0,0,0,0,1,1,0,0,0,1,0,0,0,0,0,1,0,0,1,0,0,0,0,0,0,0,0,0,0,0,0,0,0,0,0,0,0,0,0,0,0,0,0,0,0,0,0,0,0,0,1,0,1,0,0,0,0,0,0,0,0,0,0,0,0,0,0,0,0,0,0,0,0,0,0,0,0,1,0,0,0,0,0,0,0,0,1,0,0,0,0,0,0,0,0,0,0,0,0,0,0,0,0,0,1,0,0,0,0,0,1,1,0,0,0,0,1,0,0,0,0,1,0,0,0,0,0,0,1,0,0,0,0,0,0,0,1,0,0,0,0,0,0,1,0,0,0,0,0,0,0,0,0,1,1,0,0,0,0,0,0,0,0,0,0,0,1,0,0,0,0,1,1,0,1,0,0,0,0,0,0,1,0,0,0,0,0,0,0,0,0,0,0,0,0,1,0,0,0,0,1,0,1,0,0,1,1,0,0,0,0,0,0,0,1,0,0,0,0,0,0,0,0,0,0,0,0,0,0,0,1,0,1,0,0,0,0,0,0,0,0,0,0,0,0,1,0,0,0,0,0,0,0,0,0,0,0,1,0,1,0,1,0,0,0,0,0,0,0,0,0,1,0,0,0,0,0,0,0,0,0,0,0,0,0,0,0,0,0,1,0,0,0,0,0,0,0,0,1,0,0,0,0,0.0,-8.8448,78.23048703999999,156.7954,157.35113100000058,22.0,23.0,141.0,74.0,67.0,0.0,51.0,15.0,8.0,0.0,0.0,0.0,0.0,0.0,0.0,0.0,12416.231201999972,13080.527634000016,18534.475068000043,20128.32502800004,21397.56734600001,24510.42208400005,25341.04236200004,27698.53287700005,30650.072762000083,29062.811680128136,36720.61191546428,52802.28305094976,61282.70035201928,63776.793256116754,67625.88227316967,73281.73352573584,80643.92511657359,87639.14987078845,1094.5416720000037,1135.484407999999,1945.6086079999973,2744.314631999997,2995.5452479999967,3173.066271999997,3431.0830239999964,3732.397195999997,4040.166511999995,195.31859662488367,250.28646460000027,376.02954163698126,447.5949823706969,460.457326506828,483.8266533159221,528.6311306081673,579.1553179977511,632.2297147692028,23508.206074784623,22039.9774096721,39317.63156654373,57829.01966872711,63356.99303722443,66592.17092729946,72444.08385012348,78710.12736103346,84958.13820232255,765.0833333333334,483.0277777777778,824.0277777777774,1092.277777777777,1232.8333333333337,1637.916666666668,1504.1944444444453,1576.222222222224,1934.6666666666663,88.05837731914873,90.21053540689668,73.54950423809541,56.859675220339085,55.57809700259745,60.66936159405952,57.72447007289303,57.705276827083445,59.1700246370658,206.1192317739584,253.24559941699505,209.53286924980063,173.11497274581717,165.6540084574461,167.3907977058655,166.92877796295178,168.00817732619498,169.1875480131051,7.762706893617048,7.830926951724129,7.720669079365069,7.752301220338974,7.780637007792199,7.854124435643556,7.815678870159445,7.775827491666661,7.799549250965241,1.3852382739353457,1.726113548965519,1.4921807207816715,1.2643926055669406,1.1959930558618908,1.1975907260295102,1.2041711403375108,1.2065735791619816,1.2205206848826309,166.72486577861437,151.99984420463517,156.02234748628464,163.3588126235229,164.563618278505,164.83210625569174,165.02069214151135,163.97943200215303,164.01184981143348,5.42612293144208,3.331226053639848,3.269951499118164,3.0855304456999346,3.2021645021645027,4.054249174917495,3.4264110351809687,3.2837962962963,3.7348777348777342,2.4637928342108566,-1.7381647197510524,1.0165005236211848,0.1529894237935557,-1.568466947366501,0.8258662262164468,0.6695384000757435,-1.0725870491291665,0.403999067549948,5063.614027276586,-23.45629731282054,-1.4291213454144582,-1266.4016495455028,-722.8626241665963,627.5954023847848,-245.1059590810364,317.0023228669048,132.42448607604797,6724.011612824352,451.1415962468883,-1216.7345007499157,-960.65322106623,-175.01621639020897,-51.68777952389669,76.21478145856977,851.3895904437977,-421.93959991599775,11.099928000000029,-1.4846559999999644,3.744992000000008,-1.290383999999957,-5.316615999999933,4.814416000000104,-0.2427199999999085,-4.092483999999923,2.9924480000000915,29.815311912832264,2.069831395802629,-5.985235176279446,-1.2266972066937676,-1.5788533279901804,-0.8592241214405031,1.8291910215970817,1.9060163297271668,-1.9829986737382568,213.6761202088801,-0.5366157441925803,-11.470043996158266,49.399038089812464,-27.93864583344738,-21.213029361748,50.90107497199013,-17.987323639131617,-6.2507972063828525,298.4716312056731,-25.830755495196424,61.06252200593531,-85.96305517831107,-126.909536743623,168.2314018409544,-41.58543332830361,-101.59432372616897,117.91745888033772,0.0174737080440486,-0.0119873428948348,0.004033732236592,0.0004321735135411,-0.0040739401230298,0.0020442233322189,0.0015251444193069,-0.0022345563523524,0.0007799209798261,35.91215622181976,-0.1617675676746244,-0.0056711164500573,-3.5774057896765616,-1.8775652575755748,1.5534539662989724,-0.5583279250137503,0.6604215059727184,0.2556457260155366,47.68802562286774,3.111321353426816,-4.828311510912364,-2.7137096640288987,-0.4545875750395038,-0.1279400483264769,0.1736099805434391,1.7737283134245785,-0.8145552121930458,0.0787228936170214,-0.0102390068965514,0.0148610793650793,-0.0036451525423727,-0.013809392207792,0.0119168712871289,-0.0005528929384963,-0.0085260083333331,0.0057769266409268,0.2114561128569664,0.0142746992813974,-0.0237509332392041,-0.0034652463465925,-0.0041009177350394,-0.0021267923798032,0.004166722144868,0.0039708673535982,-0.0038281827678344,1.515433476658724,-0.0037007982358108,-0.0455160476038026,0.1395453053384533,-0.0725679112557074,-0.0525074984201683,0.1159477789794763,-0.0374735909148575,-0.0120671760740981,2.1168200794728587,-0.1781431413461822,0.242311595261648,-0.2428334892042685,-0.3296351603730467,0.4164143609924614,-0.094727638561056,-0.2116548410961853,0.227639882008374,-0.6860216998370654,0.2308458071076592,0.0247327878233785,-0.2331468577110292,0.1169885251067342,0.087282242295812,-0.1278810626067143,0.0446339710987553,-0.0045045350848729,-0.0001579163449565,-0.0996154552118755,-0.0522821644564686,0.0432570508076347,-0.0155470454507133,0.0183899151555665,0.0071186403967637,0.0652432411027486,-0.1012478803189757,-0.056905473199704,-0.0095325308419041,-0.0026828547975181,0.0036405361361865,0.037194417052444,-0.0170809170971935,-0.1300639042355729,0.1887770975159649,-0.0463035893993688,-0.1754177415654112,0.1513774550145893,-0.0070232801805551,-0.108304051611864,0.0733830576532279,0.0675066759174428,-0.1123208637400319,-0.0163875439672748,-0.0193937062382934,-0.0100578429777617,0.0197049027742533,0.01877868319789,-0.0181039115687515,-0.0024420723791654,-0.0300350020669715,0.0920827654184644,-0.0478859101197286,-0.0346485010585476,0.0765112957878703,-0.0247279682625729,-0.0079628543647486,-0.0841560145208677,0.1144696224357384,-0.1147161686338218,-0.1557218601474784,0.1967169364229382,-0.0447499716577922,-0.0999871661973712,0.107538606712887,1.7207261946281351,0.7019191402993046,1.0149668840474035,1.3412328084681102,1.0360858455096755,1.0498718643311982,1.1967148297899652,1.0246048148309423,0.8726061960662764,0.9010768360480028,1.0776220382886448,1.0590063974116088,0.9728535522313132,1.0258458307493166,0.9883359424546476,0.9929167461086336,0.9951051325719183,1.1556098659429184,1.0510472070629304,0.9891869700933326,0.9725641911349012,0.9700276484473588,0.9504817227936248,1.00106179142171,0.824608393234932,0.5276158347853942,1.0439408174183185,1.3259565778673874,1.069605689209317,1.1799000378173845,1.274097919073576,1.0531378757226573,1.095549722349747,1.2318432698014488,1.0297458500372625,1.0122000256690862,0.995016208852733,0.966773930287504,0.98653145936571,1.0194123776863089,1.3570363362512805,1.240992447631448,0.969093512759215,1.053589598048542,1.0426065369564372,0.9345880761268112,1.0206198253229943,1.0303449410203347,0.6896116092650502,0.4931760967682753,1.0584315847908816,1.3218013398008417,1.0489426388610656,1.2207217007349167,1.3054993277414104,1.0248155817783595,1475.2564835305898,739.6080255195282,1049.154834035678,1479.1754024495076,19.98885678985821,709.782712893384,4.1428571428559735,0.1599416913309972,0.0021613742071756,-13.563800099190216,1387.596072813655,18.75129828126561,53.54142782819336,1475.5496361931707,739.7492364911853,1049.3716158077518,1479.4579322972456,19.9926747607736,709.782712893384,4.131627310021713,0.1600513738066905,0.0021628564027931,-13.558727174553132,1387.6186019872716,18.751602729557725,53.54154797449144,1850.086324944849,920.9483758806186,1328.688310395184,1843.83029975038,24.916625672302423,709.782712893384,-7.981825248116479,0.2641161174679629,0.00356913672254,-9.852111608956676,1440.1792752564195,19.461882098059725,53.81666932329848,1477.30157716575,740.6069065742627,1050.701843649976,1481.1722965021063,20.01584184462305,709.782712893384,4.091903298432499,0.1606883164240359,0.0021714637354599,-13.529336477312617,1387.7212366617084,18.75298968461768,53.54209529239508,2021.424397522752,1002.3083452407192,1452.605300600457,2008.565567875069,27.142777944257706,709.782712893384,-16.431081387442077,0.2978151347561725,0.0040245288480563,-8.963489302255097,1472.1538207703309,19.893970550950417,53.97916525810077,1413.1317914344306,708.7956482361847,1000.9872210448518,1417.6381050671655,19.15727169009683,708.7956482361847,4.763817268891216,0.1364827769828652,0.0018443618511198,-14.737520677180854,1387.1384949167475,18.745114796172267,53.5389871792699,1583.7915593078494,793.7813119115536,1128.2244521027878,1590.678191955776,21.49565124264562,709.782712893384,11.647992530343572,0.2185896038138554,0.0029539135650521,-11.2521385417912,1826.478649703312,24.68214391490962,55.57507416166578,6.0,11.993178982300488,16.002080122907746,-0.2948993907017503,0.2402130875206385,4.308265243421535,11.233500886637795,78.0,145.0,135.0,112.0,45.0,10.0,10.0,0.0,0.0,33.0,86.18886900000007,3.99521005652178,3.8230692925143273,3.791224532762489,3.77935261405084,3.70086590665266,3.6578247974237854,3.5853661583584286,3.536669691465017,2.1164225633881046,1.98403542853468,1.933293692794378,1.8687132252868008,1.8507603323191344,1.7715883320659491,1.753001024229187,1.7319765495704744,4.001118506877208,3.8054286639844905,3.7476237476351466,3.706696165875816,3.5997142087591976,3.5678873812731724,3.5058177165891364,3.4633221347031333,2.097992623472592,1.96965633613332,1.936725298002718,1.9061815904832573,1.8695739319465523,1.8072100100831097,1.792057272530734,1.7326677383665197,4.036071582861792,3.882846029323029,3.854214987406368,3.838896391706177,3.7643986006112136,3.71668274550222,3.664374366157479,3.629399800728946,2.0416059496567023,1.8695581256148324,1.816275381580052,1.7175253663901957,1.6842206004260831,1.6339042161661752,1.5879991670766431,1.521354240004365,4.006328580126013,3.811692334427265,3.747527824686368,3.6931570354948495,3.5845615376340336,3.5554366142983667,3.500821480045668,3.4591287565769844,2.086566755921889,1.9643633872807376,1.930631503330491,1.91850192898988,1.873058945085878,1.817717889337186,1.7980452366633195,1.742878867168849,4.053663160556978,3.919319414268337,3.890440097874561,3.875900297526533,3.805557469266232,3.754305024331464,3.716196256431593,3.69330184113481,2.025814808399182,1.843886988445641,1.782903615067319,1.6768625269763304,1.6420312877947862,1.596867680387742,1.5456662499407927,1.4695443442109202,4.91135713892303,4.893863666441157,4.884576650532628,4.876211948137444,4.868141182465116,4.8534014240809045,4.841907376168457,4.832660803348064,1.985668710063302,1.834548113749484,1.7754433813223671,1.7716482353244845,1.7555902662880507,1.6484131739429664,1.6341973211831562,1.6038232734139002,0.0,0.0,10.0,14.0,5.0,3.0,17.0,0.0,0.0,0.0,0.0,0.1178511301977579,0.4915816237971964,0.6692889708448326,0.0,0.0,0.0912870929175276,0.2000413466165167,0.2263754678917315,5.033217099970044,0.0,0.9301264560105432,0.0,1.8741261914658127,0.0,0.2053932739830005,0.0,9.606723565052484,13.466600165962925,19.47954948274339,3.399777037624047,4.401385382834156,4.973089736131082,53.57176360726052,35.46334564442609,31.88164108978351,23.959542406190952,18.999155116185644,15.406882510040068,9.538434130532568,6.969632854529382,0.7239427514494665,0.4546582774926422,0.3065542412479183,0.1916763392495276,0.1233711371180886,0.082832701666882,0.0507363517581519,0.0322668187709693,41.120143179631896,24.371912185540207,17.961513639869562,12.2264874772452,8.485539836863715,5.61889344492726,3.2873535798150395,2.1405253142584955,0.5556776105355662,0.3124604126351308,0.1727068619218227,0.0978118998179616,0.0551009080315825,0.0302091045426196,0.0174859232968885,0.0099098394178634,86.2390777529006,142.3350327749454,137.47843137254893,139.57999999999967,91.47373113772464,1085.225677245507,0.6116246649141887,1.0094683175528043,0.9750243359755244,0.989929078014182,0.6487498662249974,7.696636008833384,-1.4350299999999918,282.4448999999995,1082.5862568383232,1510.4768111382368,2165.172513676646,29.259088022657373,709.782712893384,0.0803179095476904,0.0010853771560498,-18.66104360944569,3096.4328069046687,41.84368657979282,59.48124455133725,3139.0,11.0,0.0,20.0,31.0,11.0,15.0,3.0,9.0,13.0,11.0,14.0,14.0,7.0,0.0,0.0,0.0,6.0,5.0,0.0,0.0,0.0,0.0,0.0,0.0,0.0,16.0,0.0,20.0,8.0,0.0,16.0,0.0,0.0,0.0,0.0,0.0,0.0,0.0,0.0,0.0,0.0,14.0,0.0,0.0,16.0,6.0,0.0,0.0,10.0,3.0,2.0,0.0,0.0,6.0,0.0,0.0,5.0,0.0,0.0,0.0,2.0,1.0,1.0,0.0,0.0,0.0,0.0,8.0,0.0,0.0,0.0,0.0,0.0,0.0,0.0,0.0,0.0,0.0,0.0,0.0,0.0,0.0,0.0,0.0,0.0,0.0,0.0,0.0,0.0,0.0,0.0,0.0,0.0,0.0,0.0,0.0,0.0,0.0,0.0,0.0,0.0,0.0,0.0,0.0,0.0,0.0,0.0,0.0,0.0,0.0,0.0,0.0,0.0,0.0,0.0,0.0,0.0,0.0,0.0,4.876987839919954,0.0,156.75962393983778,27.181417723726973,47.17727512813773,29.73871845475871,7.997537163722291,45.32928978605149,30.588966220005744,18.962103942681072,61.35867888942165,56.01091046898409,8.307844176120929,0.0,0.0,0.0,3.37570055890027,1.5012872810196836,0.0,0.0,0.0,0.0,0.0,0.0,0.0,8.017448479959537,0.0,16.094427353902827,7.546066262163756,0.0,8.017448479959537,0.0,0.0,0.0,0.0,0.0,0.0,0.0,0.0,0.0,0.0,1.0836447285895572,0.0,0.0,29.29955965806996,-7.589719430151435,0.0,0.0,-6.310522843323273,2.272382680656252,1.919998228324042,0.0,0.0,32.77871292049896,0.0,0.0,13.657111344647062,0.0,0.0,0.0,7.942711412754104,4.122321625243031,1.3054935434477248,0.0,0.0,0.0,0.0,109.018306131244,0.0,0.0,0.0,0.0,0.0,0.0,0.0,0.0,0.0,0.0,0.0,0.0,0.0,0.0,0.0,0.0,0.0,0.0,0.0,0.0,0.0,0.0,0.0,0.0,0.0,0.0,0.0,0.0,0.0,0.0,0.0,0.0,0.0,0.0,0.0,0.0,0.0,0.0,0.0,0.0,0.0,0.0,0.0,0.0,0.0,0.0,0.0,0.0,0.0,0.0,0.0,0.2546877554013647,0.0,1.3054935434477248,-1.0332826482300332,3.032676744173572,0.332493220271675,1.4005782948229433,3.055362752818977,0.3444441203874682,1.4227418794643685,0.7087332363428493,0.3769544957104016,0.7299326822108924,0.0,0.0,0.0,0.5428852864879977,0.2546877554013647,0.0,0.0,0.0,0.0,0.0,0.0,0.0,0.4754457147679912,0.0,0.6045987096115,0.7508599282589212,0.0,0.4754457147679912,0.0,0.0,0.0,0.0,0.0,0.0,0.0,0.0,0.0,0.0,-0.594512292134052,0.0,0.0,1.6321347728958926,-1.474420209015858,0.0,0.0,-1.0332826482300332,0.6806613271897587,0.932319442645676,0.0,0.0,5.2661019346025295,0.0,0.0,2.3678906502166246,0.0,0.0,0.0,3.914387222114143,4.122321625243031,1.3054935434477248,0.0,0.0,0.0,0.0,11.64827932776432,0.0,0.0,0.0,0.0,0.0,0.0,0.0,0.0,0.0,0.0,0.0,0.0,0.0,0.0,0.0,0.0,0.0,0.0,0.0,0.0,0.0,0.0,0.0,0.0,0.0,0.0,0.0,0.0,0.0,0.0,0.0,0.0,0.0,0.0,0.0,0.0,0.0,0.0,0.0,0.0,0.0,0.0,0.0,0.0,0.0,0.0,0.0,0.0,0.0,0.0,0.0,0.5914877423477357,0.0,14.728896195840353,1.9637526382555583,7.021836285495942,4.720248269898398,4.543070090874788,7.870311948732583,8.02350591056532,3.5409829546474114,8.206128432253118,8.365858991096793,1.5640177886130608,0.0,0.0,0.0,0.5914877423477357,0.3900207028900936,0.0,0.0,0.0,0.0,0.0,0.0,0.0,0.5933981627038486,0.0,1.0315516588627722,1.0315516588627722,0.0,0.5933981627038486,0.0,0.0,0.0,0.0,0.0,0.0,0.0,0.0,0.0,0.0,0.3764413315384753,0.0,0.0,1.9637526382555583,0.0,0.0,0.0,0.0,0.8352927250005973,0.987678785678366,0.0,0.0,5.586220182522149,0.0,0.0,2.892623202485803,0.0,0.0,0.0,4.028324190639961,4.122321625243031,1.3054935434477248,0.0,0.0,0.0,0.0,14.728896195840353,0.0,0.0,0.0,0.0,0.0,0.0,0.0,0.0,0.0,0.0,0.0,0.0,0.0,0.0,0.0,0.0,0.0,0.0,0.0,0.0,0.0,0.0,0.0,0.0,0.0,0.0,0.0,0.0,0.0,0.0,0.0,0.0,0.0,0.0,0.0,0.0,0.0,0.0,0.0,0.0,0.0,0.0,0.0,0.0,0.0,0.0,0.0,0.0,0.0,0.0,0.0,189.5,2.560810810810811,1.0315516588627722,14.728896195840353,-0.2986866349393617,-1.474420209015858,8.042794004428785,2.807753542349192,7.7288961958403535,132.30254556834112,2.807753542349192,7.7288961958403535,132.30254556834112,34.16664,0.46171,0.0,0.03829,0.59598,0.86396,0.43832,0.55603,0.75861,0.15766,0.03995,-0.11772,0.10536,0.53441,0.17988,0.0,0.14829,0.31902,0.0,84.25,1.13851,47.25,0.63851,37.0,0.5,-10.25,-0.13851,0.0,0.0,100.46812,1.35768,207.01445,106.54633,1.43982,18.2817,0.24705,35.46321,17.18151,0.23218,1.45079,0.01961,1.88079,0.02542,0.2907801418439716,682.23,23.0,23.0,15.0,23.0,11.0,17.0,0.392156862745098,1.619515698956632,3.64829555611091,4.904340651624925,5.932183756955335,6.316856316937795,6.501253480058363,228.35171355288512,514.4096734116383,691.5120318791145,836.4379097307022,890.6767406882291,916.6767406882292,0.2268371805201031,0.5109978731205752,0.6869256077242349,0.8308902708518513,0.884769365068775,0.9105969211740496,5.520035653442162,3.491255796287884,2.2352107007738686,1.2073675954434586,0.822695035460999,0.6382978723404307,0.2194650576779392,0.4943906349063993,0.66460078446572,0.8038866503208871,0.8560146942898711,0.8810028645595238,15.45438195315785,32.425269948249486,40.18717213898701,46.294271051746406,48.31203122684858,49.12154080540176,247.69951168832995,124.61562825977946,76.16714274995846,46.215134980131474,38.864692205178216,36.28081419044408,64.81689677843524,34.98816568047337,23.556096,25.0,10.0,5.0,4.540000000000001,7.815100000000026,0.0,0.0,0.0,0.0,0.0,0.0,0.0,0.0,0.0,0.0,2.956345235381536,0.0,0.0,1.3817958275440818,4.514239497908367,0.6577802604914673,3.057555284591747,1.2966566299547644,0.0,2.5250000000000004,7.979000000000001,8.07,9.592,6.182,43.49700000000001,104.0,125.0,154.0,186.0,188.0,216.0,253.0,278.0,292.0,1948.0,4.61015772749913,5.090678001769792,5.458521118088372,5.878435816809977,6.3513219217380135,6.382714513806493,6.682265226786804,7.042525162173009,7.322832892735144,7.174502951111696,8.831621216607004,3.5145682270277208,0.5,5.0,0.0,0.0,1.0,4.0,0.0,0.0,0.0,0.0,0.0,0.0,0.0,1.0,0.0,0.0,0.0,0.0,0.0,0.0,1.0,0.0,0.0,0.0,6.0,0.0,1.0,4.0,0.0,0.0,0.0,1.0,0.0,0.0,0.0,2.0,0.0,0.0,1.0,1.0,0.0,0.0,0.0,0.0,0.0,0.0,0.0,0.0,0.0,0.0,0.0,0.0,0.0,0.0,0.0,0.0,0.0,0.0,0.0,0.0,1.0,1.0,0.0,0.0,0.0,0.0,0.0,0.0,0.0,34.0,0.4358974358974359,40.0,0.5128205128205128,3.0,13.0,26.0,1.0,15.5,7.3333333333333215,4.243055555555556,4.667777777777771,2.3786111111111063,2.1412244897959107,2.005279195011336,1.447491496598642,1.214367283950615,1.149992857871644,0.1987179487179487,0.0705128205128204,0.0392875514403292,0.0409454191033137,0.0185828993055555,0.0159792872372829,0.0134582496309485,0.0089351326950533,0.0072283766901822,0.0066473575599517,0.4593271603573886,839.4728391465176,1181.491707117268,1678.9456782930354,22.688455112068045,709.782712893384,0.1090975857579377,0.0014742916994315,-16.39479261171139,1335.1694880912855,18.042830920152507,53.25642004909294,393.6799999999999,965.1769651261876,7.209453365628951,5.899897353582492,6.71295620067707,7.564757012905729,8.399984990510696,9.255600503381046,10.102625255383492,10.961920001569505,11.81640952576446,12.67902504786799,235.39317589164247,5.056245805348308,0.0,6.35088571671474,2.3978952727983707,7.810758116529357,4.59511985013459,9.35018926709258,6.6052979209482015,10.935906618469438,11.181235773725405,1017.5297041040018,7.216522724141857,148.55032564152802,2.007436832993622,62.10434741594842,20.221202700358223,41.88314471559019,29948.0,108.0,3.9449999999999976,364.0,1.0,0.3424226808222062
0,0,0,0,0,0,0,0,0,0,0,0,0,0,0,0,0,0,0,0,0,0,0,0,0,0,0,0,0,0,0,0,0,0,0,0,0,0,0,0,0,0,0,0,0,0,0,0,0,0,0,0,0,0,0,0,0,0,0,0,0,0,0,0,0,0,0,0,0,0,0,0,0,0,0,0,0,0,0,0,0,0,0,0,0,0,0,0,0,0,0,0,0,0,0,0,0,0,0,0,0,0,0,0,0,0,0,0,0,0,0,0,0,0,0,0,0,0,0,0,0,0,0,0,0,0,0,0,0,0,0,0,0,0,0,0,0,0,0,0,0,0,0,0,0,0,0,0,0,0,0,0,0,0,0,0,0,0,0,0,0,0,0,0,0,0,0,0,0,0,0,0,0,0,0,2,3,1,2,1,2,3,1,3,2,2,1,1,4,2,2,1,1,1,2,5,3,1,2,2,1,0,0,0,0,0,0,0,0,0,0,0,0,0,0,0,0,3,1,3,2,0,0,0,0,0,0,0,0,0,0,0,0,0,0,0,0,0,2,5,1,5,2,4,0,0,0,0,0,0,0,0,0,0,0,1,4,0,0,0,0,0,0,0,0,0,0,0,0,0,0,0,0,0,0,0,0,0,0,0,0,0,0,0,0,0,0,0,0,0,0,0,0,0,0,0,0,0,0,0,0,0,0,0,0,0,0,0,0,0,0,0,0,0,0,0,0,0,0,0,0,0,0,0,0,0,0,0,0,0,0,0,0,0,0,0,0,0,0,0,0,0,0,0,0,0,0,0,0,0,0,0,0,0,0,0,0,0,0,0,0,0,0,0,0,0,0,0,0,0,0,0,0,0,0,0,0,0,0,0,0,0,0,0,0,0,0,0,0,0,0,0,0,0,0,0,4,2,3,2,3,4,4,2,2,5,2,5,2,0,0,0,0,0,0,0,0,0,0,0,0,0,0,0,0,0,0,0,0,0,0,0,0,2,1,1,3,3,3,4,0,0,0,0,0,0,0,0,0,0,0,0,0,0,0,0,0,0,0,0,0,0,0,0,0,0,0,0,0,0,0,0,0,0,0,0,0,0,0,0,0,0,0,0,0,0,0,0,0,0,0,0,0,0,0,0,0,0,0,0,0,0,0,0,0,0,0,0,0,0,0,0,0,0,0,0,0,0,0,0,0,0,0,0,0,0,0,0,0,0,0,0,0,0,0,0,0,0,0,0,0,0,0,0,0,0,0,0,0,0,0,0,0,0,0,0,0,0,0,0,0,0,0,0,0,0,0,0,0,0,0,0,0,0,0,0,0,0,0,0,0,0,0,0,0,0,0,0,0,2,2,2,1,2,1,0,0,0,0,0,0,0,0,0,0,0,0,0,0,0,0,0,0,0,2,3,2,2,2,0,2,2,0,0,0,0,0,0,0,0,0,0,0,2,2,1,2,2,1,3,1,2,0,0,0,0,0,0,3,1,2,2,2,0,0,2,0,0,0,0,5,5,0,0,0,0,0,0,0,0,0,0,0,5,2,2,5,0,0,0,0,0,3,0,0,0,1,0,0,0,3,3,0,2,2,2,2,0,0,0,0,0,0,0,0,0,0,0,0,0,0,0,3,2,2,0,2,3,4,0,0,0,0,0,0,0,0,0,0,0,0,0,0,0,0,0,0,0,0,0,0,0,0,0,0,0,0,0,0,0,0,2,2,2,2,2,0,2,1,2,0,0,0,0,0,0,0,0,0,0,0,0,0,0,0,0,0,0,0,0,0,0,0,0,1,2,4,2,0,0,0,0,2,4,0,0,0,2,2,5,0,0,0,0,0,0,0,3,2,0,0,0,0,0,0,0,1,2,2,0,0,0,0,0,2,1,0,0,2,1,0,0,0,0,0,1,1,0,0,0,0,0,0,0,0,0,0,0,0,0,0,0,0,0,0,0,0,0,0,0,0,0,0,0,0,0,0,0,0,0,0,0,0,0,0,0,0,0,0,0,0,0,0,0,2,0,2,5,3,0,2,2,2,4,2,2,1,2,2,0,0,0,3,2,2,3,0,0,0,0,0,0,0,0,0,0,0,0,2,3,0,0,0,0,0,0,0,0,0,0,0,0,0,0,0,0,0,0,0,0,0,0,0,0,0,0,0,0,0,0,0,2,2,3,2,4,5,0,0,0,0,0,0,0,0,0,0,0,0,0,0,0,0,0,0,0,0,0,0,0,0,0,0,0,0,0,0,0,0,0,0,2,0,0,0,0,0,0,0,0,0,0,0,0,0,0,0,0,0,0,0,0,0,0,0,0,0,0,2,2,0,0,0,0,0,0,2,0,2,5,1,2,0,0,0,0,0,0,0,0,0,0,0,0,0,0,0,0,0,0,0,0,0,0,3,2,5,0,0,0,3,2,0,0,0,0,2,3,5,0,0,2,5,0,0,0,0,0,0,0,0,0,0,0,0,0,0,0,2,5,0,0,0,0,5,2,2,0,0,0,0,1,2,2,2,1,0,0,0,2,2,2,2,1,3,0,0,2,1,3,3,3,0,0,0,0,0,0,0,0,0,0,2,5,1,2,5,0,0,0,0,0,0,0,0,0,0,0,0,0,0,0,0,0,0,0,0,0,0,0,0,0,0,0,0,0,0,0,0,0,0,3,2,5,2,1,1,5,0,0,0,0,1,0,0,0,0,0,0,0,0,0,0,0,0,0,0,0,0,0,0,0,0,0,0,0,0,0,0,0,0,0,0,0,0,0,0,0,0,0,0,0,0,0,0,0,0,0,0,0,0,0,0,0,0,0,0,0,0,0,0,0,0,0,0,0,0,0,0,0,0,0,0,0,0,0,0,0,0,0,0,0,0,0,0,0,0,0,0,0,0,0,0,0,0,0,1,2,0,0,1,4,3,2,2,0,0,0,0,0,1,2,2,2,0,0,0,0,0,0,0,0,0,0,0,0,0,0,0,0,0,0,0,0,0,0,0,0,0,0,0,0,0,0,0,0,0,0,0,0,0,0,0,0,0,0,0,5,1,0,0,5,0,0,0,0,0,0,0,0,0,0,0,0,0,0,0,0,0,0,0,0,0,0,2,0,0,0,0,0,0,0,2,2,0,0,0,0,0,0,0,0,3,2,2,2,3,3,3,2,2,2,2,2,0,1,2,1,2,2,0,2,2,0,0,0,0,0,0,0,0,0,0,0,0,0,0,0,0,0,0,3,2,2,0,0,0,0,0,0,0,0,0,0,0,0,0,0,0,0,2,2,2,2,1,2,0,0,0,0,0,0,0,5,2,0,0,0,0,0,0,0,0,0,0,0,0,0,0,0,0,0,0,0,0,0,0,0,0,0,0,0,0,0,0,0,0,0,0,0,0,0,0,0,0,0,0,0,0,0,0,0,0,0,0,0,0,0,0,0,0,0,0,0,0,0,0,0,0,0,0,0,0,0,0,0,0,0,0,0,0,0,0,0,0,0,0,0,0,0,0,0,0,0,0,0,0,0,0,0,0,0,0,0,0,0,0,0,0,0,0,0,0,0,0,0,0,0,0,0,0,0,0,0,0,0,0,0,0,0,0,0,0,0,0,0,0,0,0,0,0,0,0,0,0,0,0,0,0,0,0,0,0,0,0,0,0,0,0,0,0,0,0,0,0,0,0,0,0,0,0,0,0,0,0,0,0,0,0,0,0,0,0,0,0,0,0,0,0,0,0,0,0,0,0,0,0,0,0,0,0,0,0,0,0,0,0,0,0,0,0,0,0,0,0,0,0,0,0,0,0,0,0,0,0,0,0,0,0,0,0,0,0,0,0,0,0,0,0,0,0,0,0,0,0,0,0,0,0,0,0,0,0,0,0,0,0,0,0,0,0,0,0,0,0,0,0,0,0,0,0,0,0,0,0,0,0,0,0,0,0,0,0,0,0,0,0,0,0,0,0,0,0,0,0,0,0,0,0,0,0,0,0,0,0,0,0,0,0,0,0,0,0,0,0,0,0,0,0,0,0,0,0,0,0,0,0,0,0,0,0,0,0,0,0,0,0,0,0,0,0,0,0,0,0,0,0,0,0,0,0,0,0,0,0,0,0,0,0,0,0,0,0,0,0,0,0,0,0,0,0,0,0,0,0,0,0,0,0,0,0,0,0,0,0,0,0,0,0,0,0,0,0,0,0,0,0,0,0,0,0,0,0,0,0,0,0,0,0,0,0,0,0,0,0,0,0,0,0,0,0,0,0,0,0,0,0,0,0,0,0,0,0,0,0,0,0,0,0,0,0,0,2,2,0,3,0,0,0,0,0,1,2,2,0,2,2,2,1,3,2,2,3,1,2,2,0,0,0,0,0,0,0,2,3,2,2,3,3,5,0,2,5,0,4,3,0,0,0,0,2,3,4,2,0,0,0,0,0,0,0,0,0,0,0,0,0,0,0,0,0,0,0,0,0,0,0,0,0,0,0,0,0,0,0,0,0,0,0,0,0,0,0,0,0,0,0,0,0,0,0,0,0,0,0,0,0,0,0,0,0,0,0,0,0,0,0,0,0,0,0,0,0,0,0,0,0,0,0,0,0,0,0,0,0,0,0,0,0,0,0,0,0,0,0,0,2,1,2,1,2,1,1,5,5,2,5,1,5,5,3,3,5,3,2,3,0,0,0,0,0,0,0,0,0,0,0,0,0,0,0,0,0,0,0,0,0,0,0,0,0,0,0,0,0,0,0,0,0,0,0,0,0,0,0,0,0,0,0,0,0,0,0,0,0,0,0,0,0,0,0,0,0,0,0,0,0,0,0,0,0,0,0,0,0,0,0,0,0,0,0,0,0,0,0,0,0,0,0,0,0,0,0,0,0,0,0,0,0,0,0,0,0,0,0,0,0,0,0,0,0,0,0,0,0,0,0,0,0,0,0,0,0,0,0,0,0,0,0,0,0,0,0,0,0,0,0,0,0,0,0,0,0,0,0,0,0,0,0,0,0,0,0,0,0,0,0,0,0,0,0,0,0,0,0,0,0,0,0,0,0,0,0,0,0,0,0,0,0,0,0,0,0,0,0,0,0,0,0,0,0,0,0,0,0,0,0,0,0,0,0,0,0,0,0,0,0,0,0,0,0,0,0,0,0,0,0,0,0,0,0,0,0,0,0,0,0,0,0,0,0,0,0,0,0,0,0,0,0,0,0,0,0,0,0,0,0,0,0,0,0,0,0,0,0,0,0,0,0,0,0,0,0,0,0,0,0,0,0,0,0,0,0,0,0,0,0,0,0,0,0,0,0,0,0,0,0,0,0,0,5,2,3,3,1,3,3,2,1,4,2,1,3,2,1,3,2,0,0,0,0,0,0,0,0,0,0,0,0,0,0,0,0,0,0,0,0,0,0,0,0,0,0,0,0,0,0,0,0,0,0,0,0,0,0,0,0,0,0,0,0,0,0,0,0,0,0,0,0,0,0,0,0,0,0,0,0,0,0,0,0,0,0,0,0,0,0,0,0,0,0,0,0,0,0,0,0,0,0,0,0,0,0,0,0,0,0,0,0,0,0,0,0,0,0,0,0,0,0,0,0,0,0,0,0,0,0,0,0,0,0,0,0,0,0,0,0,0,0,0,0,0,0,0,0,0,2,5,1,2,2,1,3,4,1,1,4,2,3,3,4,3,4,1,3,0,0,0,0,0,0,0,0,0,0,0,0,0,0,0,0,0,0,0,0,0,0,0,0,0,0,0,0,0,0,0,0,0,0,0,0,0,0,0,0,0,0,0,0,0,0,0,0,0,0,1,0,0,1,0,0,0,0,0,0,0,1,0,0,0,0,0,0,0,0,1,0,0,0,0,0,0,0,0,0,0,1,1,0,0,0,0,0,0,0,1,1,1,0,0,0,0,0,0,0,0,0,1,0,0,0,0,0,1,0,0,0,0,1,0,1,0,0,0,0,0,0,0,0,0,0,0,0,1,1,0,0,0,0,0,1,0,0,0,0,0,0,0,0,0,0,0,0,0,0,0,0,0,1,1,0,0,1,0,0,0,0,0,0,0,0,1,0,0,0,0,0,0,0,0,0,0,1,0,0,0,0,0,0,0,0,0,1,0,1,0,0,1,1,0,0,1,0,0,0,0,0,0,0,0,0,0,0,0,1,0,0,0,1,0,0,0,0,0,0,0,0,0,0,1,0,0,0,0,0,0,0,0,0,0,0,0,1,0,0,0,0,1,0,0,0,1,0,0,0,0,0,0,0,0,0,0,0,0,0,0,0,0,0,0,1,0,0,1,0,0,0,0,0,0,0,0,0,0,0,0,0,0,0,0,0,0,0,0,0,0,1,0,0,0,0,0,0,0,0,0,0,0,0,0,1,0,0,0,0,0,0,0,0,0,1,0,0,0,0,0,0,0,0,0,0,0,0,0,0,0,0,1,0,0,0,0,0,0,0,0,0,0,0,0,0,0,0,0,0,1,0,0,0,0,0,0,0,0,0,0,0,0,0,0,0,0,0,0,0,0,0,0,0,0,0,0,0,0,0,0,0,0,0,0,0,0,0,0,0,0,0,0,0,0,0,0,0,0,0,1,0,0,1,0,1,0,0,0,0,0,0,0,0,0,0,0,0,1,0,0,0,0,0,0,1,0,0,1,0,0,0,0,0,0,0,0,0,1,0,0,0,1,0,0,0,0,0,0,0,0,0,0,0,0,0,0,0,1,0,0,0,0,0,0,0,0,0,0,1,0,0,0,0,0,0,0,0,0,0,0,0,0,0,0,0,0,0,0,0,0,0,0,0,0,1,0,0,0,0,0,0,0,0,0,1,0,1,0,0,0,0,0,0,0,0,0,0,0,0,0,0,0,0,0,0,0,0,0,0,0,0,0,0,0,0,0,1,0,0,0,0,0,0,0,0,0,0,0,0,0,0,0,0,0,0,0,0,1,0,0,0,0,0,0,0,0,0,1,0,0,1,0,0,1,0,0,0,0,0,1,0,0,0,0,0,0,0,0,1,0,0,0,0,1,0,0,1,0,0,0,0,1,0,0,0,0,0,0,0,0,1,0,0,0,0,0,0,0,0,0,0,1,0,0,0,0,0,0,0,0,1,0,1,0,0,0,0,0,0,0,1,0,1,0,0,0,0,0,0,0,0,0,0,0,0,0,0,0,0,0,0,0,0,0,0,0,1,0,0,0,0,0,1,0,0,0,0,0,0,0,0,0,0,0,0,0,1,0,0,0,1,0,0,0,0,0,0,0,1,0,0,0,0,0,0,0,0,0,0,0,1,0,0,0,0,0,0,0,0,0,0,0,0,0,0,0,0,0,1,0,0,0,0,0,0,0,0,1,0,0,0,0,0,0,0,1,0,0,1,0,0,0,0,0,0,0,0,0,0,0,0,0,0,0,0,0,0,0,1,0,0,0,0,1,1,0,0,0,1,0,0,0,0,0,1,0,0,1,0,0,0,0,0,0,0,0,0,0,0,0,0,0,0,0,0,0,0,1,0,0,0,0,0,0,0,0,0,0,0,1,0,0,0,0,0,0,0,0,0,0,0,0,0,0,0,0,0,0,0,0,0,0,0,0,0,0,1,0,0,0,0,0,0,0,0,1,0,0,0,0,0,0,0,0,0,0,0,0,0,0,0,1,0,1,0,0,0,0,0,0,0,0,0,0,0,1,0,0,0,1,0,0,0,0,0,0,0,1,0,0,0,0,0,0,0,1,0,0,0,0,0,0,1,0,0,0,0,0,0,0,0,0,1,1,0,0,0,0,0,0,0,0,0,0,0,1,0,0,0,0,0,1,0,1,0,0,0,0,0,0,1,0,0,0,0,0,0,0,0,0,0,0,0,0,1,0,0,0,0,1,0,1,0,0,1,1,0,0,0,0,0,0,0,1,0,0,0,0,0,0,0,0,0,0,0,0,0,0,0,0,0,1,0,0,0,0,0,0,0,0,0,0,0,0,0,0,0,0,0,0,0,0,0,0,0,0,1,0,1,0,1,0,0,0,0,0,0,0,0,0,1,0,0,0,0,0,0,0,0,0,0,0,0,0,0,0,0,0,0,0,0,0,0,0,0,0,0,1,0,0,0,0,0.0,-8.078699999999998,65.26539368999997,170.6496,146.3579240000003,12.0,12.0,135.0,67.0,68.0,0.0,45.0,14.0,8.0,0.0,0.0,0.0,0.0,0.0,0.0,0.0,11355.46649099997,11746.309721000009,16576.844767000046,18004.22839800003,19759.546820000003,22932.25622200004,23240.15667700004,24958.736336000056,27393.906546000067,26309.479840841417,33228.709457325414,47399.409869856856,55199.06659496609,58413.79481865577,62862.69506471945,68331.65620872025,74479.20554494548,80048.7664546246,1045.8154040000036,1072.2769799999987,1861.7569399999973,2639.848399999997,2903.881463999998,3050.383415999997,3335.3321719999967,3602.2932559999977,3905.709439999996,177.81980952973265,228.20370891000016,341.7648301560752,407.93421025979086,423.8017865447138,449.94848219707296,496.1321929581672,541.8603410317517,588.0514675265432,22721.11752745888,20978.222812295,38156.67810071375,56279.54533407474,62255.15725344361,64275.59999474131,70796.90328006995,76456.43986576257,83234.5992971613,734.5277777777778,446.41666666666674,769.3055555555551,1032.1111111111104,1174.7222222222226,1592.3055555555566,1454.2500000000005,1490.6111111111122,1813.3888888888887,84.11456659999978,85.73948701459861,68.49935854132251,52.79832374780067,52.83301288770054,59.25647602583989,54.55435839671371,53.79038003448288,54.35298917857156,194.88503585808456,242.5453245060249,195.8653300407308,161.87409558641082,156.1866171621812,162.4359045599986,160.40294884676115,160.51552919169285,158.8269175686996,7.746780770370397,7.826839270072983,7.693210495867758,7.741490909090901,7.764388941176465,7.882127689922473,7.829418244131448,7.763563051724133,7.749423492063484,1.317183774294316,1.6657205029927018,1.4122513642813026,1.1962880066269526,1.1331598570714274,1.1626575767366227,1.1646295609346649,1.1678024591201543,1.166768784774887,168.3045742774732,153.12571395835764,157.67222355666837,165.0426549386356,166.45763971508987,166.086821691838,166.1899138029811,164.7768100555228,165.14801447849464,5.4409465020576135,3.2585158150851585,3.178948576675848,3.026718800912348,3.1409685086155683,4.114484639678441,3.4137323943661984,3.212523946360156,3.597993827160493,2.409320145860523,-1.7223409625872528,1.031592561904234,0.1158109255522942,-1.5366337779497945,0.9175912644238524,0.5236575089549813,-1.0381315799609914,0.5167642686384349,4905.616634400005,-56.74130945779063,218.327079208876,-1119.79610381778,94.43329779555631,583.1102587866617,-692.5534364400046,-211.3751777377844,272.6891099066616,6355.917129826898,321.67001106460646,-1166.864043386289,-1090.0109171184738,702.0050332895845,-9.083333232041396,-52.19132027293747,302.89870527194336,-516.2646050604176,10.948714548148113,-1.4362002155280946,4.101554602578888,-0.9965973993964012,-4.721445044499218,4.46715770271616,-1.7203772556377652,-4.38474182474611,3.9101563832099338,27.80836335795581,1.352508375952111,-6.493472774050145,-2.759047116846578,0.820220347232122,-0.6896739699021717,2.2849996515660727,0.8016467043131791,-2.678830687226474,195.62819406506625,-5.418607520730182,-22.1265672341928,32.95385928385707,-28.33511086753333,-15.489622897774826,54.30988644158136,-16.273151118305613,-10.795004488220563,297.7275720164613,-25.583824112178043,68.92847584209726,-80.04334857491254,-113.06502667276264,164.3056515775044,-66.71276634659363,-114.258510897728,132.5824965706448,0.0178468158952631,-0.0125718318437025,0.0042627791814224,0.000339621482558,-0.0041086464651064,0.0023710368589763,0.0012292429787675,-0.0022373525430193,0.0010253259298381,36.33790099555559,-0.4141701420276688,0.9021780132598182,-3.2838595419876246,0.2524954486512201,1.506744854745896,-1.6257122921126868,-0.4555499520210869,0.5410498212433762,47.0808676283474,2.3479562851431126,-4.821752245397889,-3.196512953426609,1.8770188055871244,-0.0234711453024325,-0.1225148363214494,0.6527989337757399,-1.024334533850035,0.0811015892455415,-0.0104832132520298,0.0169485727379292,-0.0029225730187577,-0.0126241846109604,0.0115430431594732,-0.0040384442620604,-0.0094498746222976,0.0077582467920832,0.2059878767255986,0.0098723239120592,-0.0268325321241741,-0.0080910472634797,0.0021931025327062,-0.0017821032814009,0.0053638489473381,0.0017276868627439,-0.0053151402524334,1.4490977338153057,-0.0395518797133589,-0.0914320960090611,0.0966388835303726,-0.0757623285228164,-0.0400248653689272,0.1274879963417402,-0.0350714463756586,-0.0214186596988503,2.205389422344158,-0.1867432416947302,0.2848284125706498,-0.2347312274924121,-0.302312905542146,0.4245624071770139,-0.1566027379028019,-0.246246790727862,0.2630605090687397,-0.704429962043782,0.2388537656486876,0.0190298081490373,-0.2302173390042596,0.1328548953993344,0.0688774393136326,-0.1253642417868619,0.0574514768267601,-0.0113977453479859,0.024827466324215,-0.0903700943648139,0.0069485424786121,0.0414648291030949,-0.0447387506590301,-0.0125364960424325,0.0148894076548216,0.0498707097685134,-0.1024142605752386,-0.0678940961466476,0.0398679739805171,-0.0004985283085203,-0.0026022212948276,0.0138654822364125,-0.0217569170971115,-0.129260269121128,0.2089795390644704,-0.0360359525127115,-0.155658905434513,0.1423281993220354,-0.049794884411374,-0.1165189820594932,0.0956608478854155,0.0479267230139488,-0.1302626763803115,-0.0392792400800265,0.0106467553701118,-0.0086514959507784,0.0260396341406223,0.0083873230318569,-0.0258031702492564,-0.0272941422723942,-0.063095879508645,0.0666890032847775,-0.0522824146052199,-0.0276205423795304,0.0879775003208922,-0.0242022643174795,-0.0147806867673842,-0.0846758580605853,0.1291510740392956,-0.1064352740219961,-0.1370791491422004,0.1925113101910759,-0.0710091090109362,-0.1116568295072898,0.1192807521445018,1.7578626528582908,0.6894002551122644,1.025891739675566,1.3392989962128372,1.0616578905627607,1.0829294154876925,1.1700753933160226,0.9580912265805344,0.9237258188487816,0.9006683350452248,1.078763589079409,1.0070778361122663,0.9860444533401472,1.0646386757069672,1.0206065284198211,0.9828497491094534,1.0799613400327766,1.1977737669526491,1.0723595650084206,0.9422333360269968,0.9751869430103512,0.9827019151715564,0.9875759715283812,1.023572180879268,0.8300233102257578,0.5040562366449799,1.0362098804984667,1.304312853303388,1.1052520480900927,1.250236149897605,1.271866222676569,0.970902991360488,1.1961984887359736,1.2961539564496265,1.0626719667176685,0.980495241766446,1.000854560782516,0.9702877619566505,1.016429842828375,1.045438750357173,1.4616314833634694,1.3104496662012592,1.0073869125640074,1.057366950916042,1.0633573868078183,0.9428349934014056,1.0425013195820785,1.050064982541377,0.6976084937070904,0.4778181641350054,1.0468773847971031,1.292096191520952,1.067847999363793,1.2759340210234025,1.3074267917948246,0.9400642501519416,1290.6711824329468,647.3355912164732,918.6181647886938,1294.5517794478717,19.321668349968235,647.3355912164732,3.999999999999545,0.0058435107847495,8.721657887685921e-05,-34.45423745666762,3337.322634838681,49.81078559460718,54.35659185978498,1290.9404500728092,647.4647886021746,918.814980624054,1294.8104987825122,19.32552983257481,647.4647886021746,3.989127131540158,0.0059180366704663,8.832890552934913e-05,-34.369328541582405,3337.30702493812,49.81055261101672,54.35656052131705,1633.630184360731,812.9838418704288,1171.9979829643935,1627.1113405497945,24.2852438888029,709.782712893384,-7.662500619873299,0.0748106627485504,0.0011165770559485,-17.37172552211287,3457.659766893857,51.60686219244563,54.59392671745556,1292.5429010729436,648.2472706891323,920.0203105081896,1296.3765819661655,19.348904208450225,648.2472706891323,3.951640305320893,0.0063395256819002,9.461978629701816e-05,-33.908373890310976,3338.2293416136195,49.82431853154656,54.35841191465112,1790.9255939759746,887.5063472033578,1284.4848027854875,1777.4382678311065,26.52892937061353,709.782712893384,-15.912899569258911,0.0973684269219108,0.0014532601033121,-15.605996974640732,3448.013867515087,51.4628935450013,54.57520947963338,1234.0288114463883,619.2836895649104,875.030225544039,1238.4318994974797,18.484058201454925,619.2836895649104,4.538567683432348,0.0093755882311566,0.0001399341527038,-31.28662796173005,3276.9049246030468,48.90902872541861,54.23418605677932,1339.8547664287607,672.212382832868,953.2606766684356,1346.7415363300354,20.100619945224413,672.212382832868,11.509576719577126,0.0437373915591185,0.000652796888942,-20.967997734345023,1424.8576024302015,21.26653137955525,48.654241969256,6.0,11.993189990907004,16.00206349847275,-0.294895291227966,0.2400560000393959,4.308264573740255,11.17359070650085,69.0,137.0,127.0,115.0,47.0,10.0,10.0,0.0,0.0,22.0,85.96207600000007,3.824300641694757,3.794246062652154,3.788304740179382,3.7014950313913615,3.674393600796561,3.588986916668031,3.537491238705331,3.4889555019302505,1.986510659598164,1.982138700043262,1.889108557574272,1.8683942109872549,1.8498104873465115,1.7530022395709544,1.7319767974443177,1.6798874218498108,3.8060521031963086,3.798000336719164,3.706743072241773,3.607292819837494,3.5920068418127107,3.510511802283016,3.463835543996972,3.386126048480081,1.973664397545622,1.955556535363836,1.9061932849045755,1.8764280406226816,1.8617702476584328,1.7923878488760452,1.7330044447574633,1.7082970644323838,3.884392530464839,3.859241274687337,3.8528229270793104,3.765231176551951,3.744401357097719,3.670460630563788,3.630373772966902,3.566118779480597,1.8705134435587991,1.8638193950277624,1.7189178468459088,1.702041162132061,1.674785813727142,1.5882148373286418,1.5214485848310586,1.4967064131421417,3.812188740583729,3.806143417581555,3.6932107394675655,3.598494214932749,3.579947218000837,3.5053786539833163,3.459377598601699,3.3782565316613806,1.9692911424352053,1.939566026941416,1.918614801519939,1.8745403547650976,1.8580976645873155,1.7989772583736874,1.742961247412234,1.713590071425216,3.920552566741019,3.893265614289724,3.883620560980949,3.806054863151578,3.784705640183323,3.722883156284556,3.69369508873874,3.627633999286155,1.844651098160688,1.838423551687364,1.6782357643587773,1.6593005611620355,1.6298803090807674,1.5460788730964574,1.4700362833251734,1.4454594668954366,4.981475422273145,4.964442792403861,4.955892887768106,4.948424476754108,4.940513243444536,4.926563025696148,4.915812524577635,4.907106746475351,1.820745821539592,1.8015443857743736,1.7586735752506355,1.7558981952680013,1.7373508068765,1.6313334337399683,1.584854397462123,1.497319566120295,0.0,0.0,8.0,10.0,2.0,5.0,17.0,1.0,0.0,0.0,0.0,0.1178511301977579,0.3402069087198859,0.4071002733496682,0.0,0.0,0.0912870929175276,0.1554371228274861,0.1546245810811482,4.904007911868642,0.0,0.84679312267721,0.0,1.9978566850652515,0.0,0.1776154962052228,0.0,8.541203041505835,11.728636438253025,17.001817633790647,3.0852479286041814,3.958903352852075,4.381450173227224,49.46731560057545,31.83522310668885,28.791793645383432,20.44932848020385,15.99184543752873,12.676706496240634,7.600072787407697,5.369498339282295,0.7383181432921709,0.4613800450244761,0.3163933367624553,0.1947555093352747,0.1259200428151868,0.0856534222718961,0.0517011754245421,0.0325424141774684,38.286178238183815,22.416192370060187,16.82976063632606,10.799923710275383,7.476390285630149,4.7970238610492,2.772585396725461,1.783867431138242,0.5714354960922957,0.3248723531892781,0.1849424245750116,0.1028564162883369,0.0588692148474814,0.0324123233854675,0.0188611251477922,0.0108113177644741,79.75202808874428,136.11580480699212,131.14901960784297,133.2319999999997,85.21432574850309,1044.209235928141,0.590755763620328,1.0082652207925342,0.9714742193173552,0.9869037037037014,0.6312172277666895,7.73488322909734,-2.179829999999995,256.4528999999996,871.9156459729663,1248.4891243831648,1743.831291945933,26.027332715610928,709.782712893384,0.0639387567524439,0.0009543098022752,-18.423858182725475,1129.7857289390718,16.862473566254803,47.09954793123236,2726.0,11.0,0.0,20.0,22.0,11.0,15.0,3.0,9.0,13.0,11.0,14.0,14.0,7.0,0.0,0.0,0.0,6.0,5.0,0.0,0.0,0.0,0.0,0.0,0.0,0.0,10.0,0.0,23.0,8.0,0.0,10.0,0.0,0.0,0.0,0.0,0.0,0.0,0.0,0.0,2.0,0.0,14.0,0.0,0.0,10.0,7.0,0.0,0.0,10.0,2.0,0.0,0.0,0.0,6.0,0.0,0.0,5.0,0.0,0.0,0.0,2.0,0.0,1.0,0.0,0.0,0.0,0.0,8.0,0.0,0.0,0.0,0.0,0.0,0.0,0.0,0.0,0.0,0.0,0.0,0.0,0.0,0.0,0.0,0.0,0.0,0.0,0.0,0.0,0.0,0.0,0.0,0.0,0.0,0.0,0.0,0.0,0.0,0.0,0.0,0.0,0.0,0.0,0.0,0.0,0.0,0.0,0.0,0.0,0.0,0.0,0.0,0.0,0.0,0.0,0.0,0.0,0.0,0.0,0.0,4.871433606693169,0.0,154.7673620237178,13.97980965613048,46.54487036263054,29.190549929713548,7.977283472140128,44.889234209371445,30.15736027803899,18.91185056370718,60.846628330706224,55.25558012362288,8.229567888225485,0.0,0.0,0.0,3.380256687426508,1.4911769192666615,0.0,0.0,0.0,0.0,0.0,0.0,0.0,4.694418890274564,0.0,16.739360776693786,7.271256891378784,0.0,4.694418890274564,0.0,0.0,0.0,0.0,0.0,0.0,0.0,0.0,3.8153908605565823,0.0,1.6534435374512544,0.0,0.0,18.40126799644513,-7.287981875703595,0.0,0.0,-6.090237671020843,1.6687793307061938,0.0,0.0,0.0,32.604407536165105,0.0,0.0,13.5301898364829,0.0,0.0,0.0,7.905309131180815,0.0,1.308481547524484,0.0,0.0,0.0,0.0,107.32428310354528,0.0,0.0,0.0,0.0,0.0,0.0,0.0,0.0,0.0,0.0,0.0,0.0,0.0,0.0,0.0,0.0,0.0,0.0,0.0,0.0,0.0,0.0,0.0,0.0,0.0,0.0,0.0,0.0,0.0,0.0,0.0,0.0,0.0,0.0,0.0,0.0,0.0,0.0,0.0,0.0,0.0,0.0,0.0,0.0,0.0,0.0,0.0,0.0,0.0,0.0,0.0,0.2557338295815444,0.0,1.308481547524484,-1.027339669802685,3.016081991013478,0.3346229970852218,1.3978931370845231,3.045716970366413,0.3423545186063781,1.4182365536368111,0.711623454281765,0.3636370014850074,0.7324453041380475,0.0,0.0,0.0,0.5438544056109047,0.2557338295815444,0.0,0.0,0.0,0.0,0.0,0.0,0.0,0.4531340192859103,0.0,0.4161526911017381,0.6926599469731718,0.0,0.4531340192859103,0.0,0.0,0.0,0.0,0.0,0.0,0.0,0.0,1.9076954302782911,0.0,-0.5862052789992296,0.0,0.0,1.7822940468557134,-1.4627184091849752,0.0,0.0,-1.027339669802685,0.7044769907737788,0.0,0.0,0.0,5.243263798016553,0.0,0.0,2.360782759439214,0.0,0.0,0.0,3.9014179228816994,0.0,1.308481547524484,0.0,0.0,0.0,0.0,11.589644499679745,0.0,0.0,0.0,0.0,0.0,0.0,0.0,0.0,0.0,0.0,0.0,0.0,0.0,0.0,0.0,0.0,0.0,0.0,0.0,0.0,0.0,0.0,0.0,0.0,0.0,0.0,0.0,0.0,0.0,0.0,0.0,0.0,0.0,0.0,0.0,0.0,0.0,0.0,0.0,0.0,0.0,0.0,0.0,0.0,0.0,0.0,0.0,0.0,0.0,0.0,0.0,0.5921312037269292,0.0,14.557716499676268,1.910249711041412,6.993090010373336,4.705521677916096,4.529983390829676,7.830701939018827,7.982350744471462,3.535167461247001,8.14825866356796,8.306057249502132,1.5439371115519098,0.0,0.0,0.0,0.5921312037269292,0.3908647405841355,0.0,0.0,0.0,0.0,0.0,0.0,0.0,0.481533590064193,0.0,0.989219446172064,0.989219446172064,0.0,0.481533590064193,0.0,0.0,0.0,0.0,0.0,0.0,0.0,0.0,1.9076954302782911,0.0,0.4645455471787609,0.0,0.0,1.910249711041412,0.0,0.0,0.0,0.0,0.964302339932415,0.0,0.0,0.0,5.545752613009638,0.0,0.0,2.8478189381874914,0.0,0.0,0.0,4.003891208299115,0.0,1.308481547524484,0.0,0.0,0.0,0.0,14.557716499676268,0.0,0.0,0.0,0.0,0.0,0.0,0.0,0.0,0.0,0.0,0.0,0.0,0.0,0.0,0.0,0.0,0.0,0.0,0.0,0.0,0.0,0.0,0.0,0.0,0.0,0.0,0.0,0.0,0.0,0.0,0.0,0.0,0.0,0.0,0.0,0.0,0.0,0.0,0.0,0.0,0.0,0.0,0.0,0.0,0.0,0.0,0.0,0.0,0.0,0.0,0.0,174.83333333333331,2.609452736318408,0.989219446172064,14.557716499676268,-0.2713445578158941,-1.4627184091849752,6.042274848330193,2.7960517425183085,7.557716499676267,126.00681369586982,2.7960517425183085,7.557716499676267,126.00681369586982,30.76664,0.4592,0.0,0.0408,0.58543,0.87512,0.43604,0.56213,0.75873,0.14939,0.0233,-0.12609,0.11639,0.52473,0.18956,0.0,0.19718,0.32178,0.0,69.25,1.03358,42.25,0.6306,27.0,0.40299,-15.25,-0.22761,0.0,0.0,96.31505,1.43754,183.29877,86.98372,1.29826,17.92272,0.2675,31.83509,13.91237,0.20765,1.57891,0.02357,1.83691,0.02742,0.2222222222222222,339.22,22.0,22.0,14.0,22.0,11.0,17.0,0.5111111111111111,1.607305734468128,3.492624950192769,4.804221664958124,5.662787056387271,5.998965411833599,6.147113559981748,216.9862741531973,471.5043682760239,648.5699247693468,764.4762526122815,809.860330597536,829.860330597536,0.227122737963944,0.4935305862213329,0.6788677193963086,0.8001885846435169,0.8476927693768915,0.8686270647695661,5.469509862582703,3.5841906468580627,2.2725939320927075,1.414028540663561,1.0778501852172324,0.9297020370690836,0.2214716602319247,0.4812509715474883,0.6619767014099182,0.7802789625042625,0.8266011879017685,0.8470146136906792,15.454101559383934,30.979854128456928,37.3397777650858,42.45498238687345,44.49631677940517,45.1341653012422,225.22289746936485,115.55648888801343,75.39247787457795,49.595985610925545,41.90591739199442,39.84328550585408,61.30056710775048,33.673469387755105,24.52027210884354,28.0,6.0,5.0,3.99,7.302100000000027,0.4999999999999999,4.769990377670933,4.280562152730178,0.0,0.0,0.0,0.0,23.342445338279784,0.0,0.0,2.956345235381536,0.0,0.0,1.3817958275440818,4.400838930060492,0.6577802604914673,2.629663801114865,1.2881044326194475,0.0,2.5250000000000004,7.579000000000001,7.682,8.612,4.829000000000001,39.088,91.0,105.0,127.0,148.0,147.0,165.0,189.0,201.0,212.0,1521.0,4.454347296253507,4.875197323201151,5.126935749792416,5.434813111136574,5.791106302827876,5.610844478996932,5.772997543677674,6.040701040229256,6.160019908137788,6.177295563538212,7.996422445116849,1.9522107166337936,0.5,3.0,0.0,0.0,1.0,2.0,0.0,0.0,0.0,0.0,0.0,0.0,0.0,0.0,0.0,0.0,0.0,0.0,0.0,0.0,0.0,0.0,0.0,0.0,3.0,0.0,1.0,2.0,0.0,0.0,0.0,0.0,0.0,0.0,0.0,1.0,0.0,0.0,1.0,0.0,0.0,0.0,0.0,0.0,0.0,0.0,0.0,0.0,0.0,0.0,0.0,0.0,0.0,0.0,0.0,0.0,0.0,0.0,0.0,0.0,1.0,0.0,0.0,0.0,0.0,0.0,0.0,0.0,0.0,34.0,0.4927536231884058,42.0,0.6086956521739131,3.0,13.0,26.0,1.0,15.0,6.666666666666657,4.055555555555556,4.312222222222224,2.2883333333333287,1.9395918367346885,1.8715986394557809,1.3121929327286486,1.141867283950616,1.1047933884297498,0.217391304347826,0.0732600732600731,0.043144208037825,0.0414636752136752,0.0193926553672315,0.0160296846011131,0.0141787775716347,0.0092407953009059,0.0078749467858663,0.0075670780029434,0.4904036435291344,725.8706418645068,1025.2806015579504,1451.7412837290135,21.667780354164385,709.782712893384,0.0016958232465324,2.531079472436445e-05,-42.74323266476256,4497.566883037725,67.1278639259362,56.35565530705005,380.79,910.0995080684204,7.066089190457772,5.771441123130016,6.569481420414296,7.415175109613295,8.23880116587155,9.088285725968875,9.925884849978166,10.779268741072071,11.625888011828158,12.482980635438503,217.89720678331497,4.934473933130692,0.0,6.220590170099739,2.3978952727983707,7.661527081358517,4.59511985013459,9.178540059426386,6.6052979209482015,10.74157887681483,10.995444409537397,932.5344551360016,6.907662630637049,132.63695231462532,1.9796560046959,59.02747679214499,20.195813147616903,38.83166364452817,23401.0,94.0,2.900999999999997,320.0,1.0,0.9542425094393248
