Protein_name,ChEMBL ID,Smiles,Protein_code1_0,Protein_code1_1,Protein_code1_2,Protein_code1_3,Protein_code1_4,Protein_code1_5,Protein_code1_6,Protein_code1_7,Protein_code1_8,Protein_code1_9,Protein_code1_10,Protein_code1_11,Protein_code1_12,Protein_code1_13,Protein_code1_14,Protein_code1_15,Protein_code1_16,Protein_code1_17,Protein_code1_18,Protein_code1_19,Protein_code1_20,Protein_code1_21,Protein_code1_22,Protein_code1_23,Protein_code1_24,Protein_code1_25,Protein_code1_26,Protein_code1_27,Protein_code1_28,Protein_code1_29,Protein_code1_30,Protein_code1_31,Protein_code1_32,Protein_code1_33,Protein_code1_34,Protein_code1_35,Protein_code1_36,Protein_code1_37,Protein_code1_38,Protein_code1_39,Protein_code1_40,Protein_code1_41,Protein_code1_42,Protein_code1_43,Protein_code1_44,Protein_code1_45,Protein_code1_46,Protein_code1_47,Protein_code1_48,Protein_code1_49,Protein_code1_50,Protein_code1_51,Protein_code1_52,Protein_code1_53,Protein_code1_54,Protein_code1_55,Protein_code1_56,Protein_code1_57,Protein_code1_58,Protein_code1_59,Protein_code1_60,Protein_code1_61,Protein_code1_62,Protein_code1_63,Protein_code1_64,Protein_code1_65,Protein_code1_66,Protein_code1_67,Protein_code1_68,Protein_code1_69,Protein_code1_70,Protein_code1_71,Protein_code1_72,Protein_code1_73,Protein_code1_74,Protein_code1_75,Protein_code1_76,Protein_code1_77,Protein_code1_78,Protein_code1_79,Protein_code1_80,Protein_code1_81,Protein_code1_82,Protein_code1_83,Protein_code1_84,Protein_code1_85,Protein_code1_86,Protein_code1_87,Protein_code1_88,Protein_code1_89,Protein_code1_90,Protein_code1_91,Protein_code1_92,Protein_code1_93,Protein_code1_94,Protein_code1_95,Protein_code1_96,Protein_code1_97,Protein_code1_98,Protein_code1_99,Protein_code1_100,Protein_code1_101,Protein_code1_102,Protein_code1_103,Protein_code1_104,Protein_code1_105,Protein_code1_106,Protein_code1_107,Protein_code1_108,Protein_code1_109,Protein_code1_110,Protein_code1_111,Protein_code1_112,Protein_code1_113,Protein_code1_114,Protein_code1_115,Protein_code1_116,Protein_code1_117,Protein_code1_118,Protein_code1_119,Protein_code1_120,Protein_code1_121,Protein_code1_122,Protein_code1_123,Protein_code1_124,Protein_code1_125,Protein_code1_126,Protein_code1_127,Protein_code1_128,Protein_code1_129,Protein_code1_130,Protein_code1_131,Protein_code1_132,Protein_code1_133,Protein_code1_134,Protein_code1_135,Protein_code1_136,Protein_code1_137,Protein_code1_138,Protein_code1_139,Protein_code1_140,Protein_code1_141,Protein_code1_142,Protein_code1_143,Protein_code1_144,Protein_code1_145,Protein_code1_146,Protein_code1_147,Protein_code1_148,Protein_code1_149,Protein_code1_150,Protein_code1_151,Protein_code1_152,Protein_code1_153,Protein_code1_154,Protein_code1_155,Protein_code1_156,Protein_code1_157,Protein_code1_158,Protein_code1_159,Protein_code1_160,Protein_code1_161,Protein_code1_162,Protein_code1_163,Protein_code1_164,Protein_code1_165,Protein_code1_166,Protein_code1_167,Protein_code1_168,Protein_code1_169,Protein_code1_170,Protein_code1_171,Protein_code1_172,Protein_code1_173,Protein_code1_174,Protein_code1_175,Protein_code1_176,Protein_code1_177,Protein_code1_178,Protein_code1_179,Protein_code1_180,Protein_code1_181,Protein_code1_182,Protein_code1_183,Protein_code1_184,Protein_code1_185,Protein_code1_186,Protein_code1_187,Protein_code1_188,Protein_code1_189,Protein_code1_190,Protein_code1_191,Protein_code1_192,Protein_code1_193,Protein_code1_194,Protein_code1_195,Protein_code1_196,Protein_code1_197,Protein_code1_198,Protein_code1_199,Protein_code1_200,Protein_code1_201,Protein_code1_202,Protein_code1_203,Protein_code1_204,Protein_code1_205,Protein_code1_206,Protein_code1_207,Protein_code1_208,Protein_code1_209,Protein_code1_210,Protein_code1_211,Protein_code1_212,Protein_code1_213,Protein_code1_214,Protein_code1_215,Protein_code1_216,Protein_code1_217,Protein_code1_218,Protein_code1_219,Protein_code1_220,Protein_code1_221,Protein_code1_222,Protein_code1_223,Protein_code1_224,Protein_code1_225,Protein_code1_226,Protein_code1_227,Protein_code1_228,Protein_code1_229,Protein_code1_230,Protein_code1_231,Protein_code1_232,Protein_code1_233,Protein_code1_234,Protein_code1_235,Protein_code1_236,Protein_code1_237,Protein_code1_238,Protein_code1_239,Protein_code1_240,Protein_code1_241,Protein_code1_242,Protein_code1_243,Protein_code1_244,Protein_code1_245,Protein_code1_246,Protein_code1_247,Protein_code1_248,Protein_code1_249,Protein_code1_250,Protein_code1_251,Protein_code1_252,Protein_code1_253,Protein_code1_254,Protein_code1_255,Protein_code1_256,Protein_code1_257,Protein_code1_258,Protein_code1_259,Protein_code1_260,Protein_code1_261,Protein_code1_262,Protein_code1_263,Protein_code1_264,Protein_code1_265,Protein_code1_266,Protein_code1_267,Protein_code1_268,Protein_code1_269,Protein_code1_270,Protein_code1_271,Protein_code1_272,Protein_code1_273,Protein_code1_274,Protein_code1_275,Protein_code1_276,Protein_code1_277,Protein_code1_278,Protein_code1_279,Protein_code1_280,Protein_code1_281,Protein_code1_282,Protein_code1_283,Protein_code1_284,Protein_code1_285,Protein_code1_286,Protein_code1_287,Protein_code1_288,Protein_code1_289,Protein_code1_290,Protein_code1_291,Protein_code1_292,Protein_code1_293,Protein_code1_294,Protein_code1_295,Protein_code1_296,Protein_code1_297,Protein_code1_298,Protein_code1_299,Protein_code1_300,Protein_code1_301,Protein_code1_302,Protein_code1_303,Protein_code1_304,Protein_code1_305,Protein_code1_306,Protein_code1_307,Protein_code1_308,Protein_code1_309,Protein_code1_310,Protein_code1_311,Protein_code1_312,Protein_code1_313,Protein_code1_314,Protein_code1_315,Protein_code1_316,Protein_code1_317,Protein_code1_318,Protein_code1_319,Protein_code1_320,Protein_code1_321,Protein_code1_322,Protein_code1_323,Protein_code1_324,Protein_code1_325,Protein_code1_326,Protein_code1_327,Protein_code1_328,Protein_code1_329,Protein_code1_330,Protein_code1_331,Protein_code1_332,Protein_code1_333,Protein_code1_334,Protein_code1_335,Protein_code1_336,Protein_code1_337,Protein_code1_338,Protein_code1_339,Protein_code1_340,Protein_code1_341,Protein_code1_342,Protein_code1_343,Protein_code1_344,Protein_code1_345,Protein_code1_346,Protein_code1_347,Protein_code1_348,Protein_code1_349,Protein_code1_350,Protein_code1_351,Protein_code1_352,Protein_code1_353,Protein_code1_354,Protein_code1_355,Protein_code1_356,Protein_code1_357,Protein_code1_358,Protein_code1_359,Protein_code1_360,Protein_code1_361,Protein_code1_362,Protein_code1_363,Protein_code1_364,Protein_code1_365,Protein_code1_366,Protein_code1_367,Protein_code1_368,Protein_code1_369,Protein_code1_370,Protein_code1_371,Protein_code1_372,Protein_code1_373,Protein_code1_374,Protein_code1_375,Protein_code1_376,Protein_code1_377,Protein_code1_378,Protein_code1_379,Protein_code1_380,Protein_code1_381,Protein_code1_382,Protein_code1_383,Protein_code1_384,Protein_code1_385,Protein_code1_386,Protein_code1_387,Protein_code1_388,Protein_code1_389,Protein_code1_390,Protein_code1_391,Protein_code1_392,Protein_code1_393,Protein_code1_394,Protein_code1_395,Protein_code1_396,Protein_code1_397,Protein_code1_398,Protein_code1_399,Protein_code1_400,Protein_code1_401,Protein_code1_402,Protein_code1_403,Protein_code1_404,Protein_code1_405,Protein_code1_406,Protein_code1_407,Protein_code1_408,Protein_code1_409,Protein_code1_410,Protein_code1_411,Protein_code1_412,Protein_code1_413,Protein_code1_414,Protein_code1_415,Protein_code1_416,Protein_code1_417,Protein_code1_418,Protein_code1_419,Protein_code1_420,Protein_code1_421,Protein_code1_422,Protein_code1_423,Protein_code1_424,Protein_code1_425,Protein_code1_426,Protein_code1_427,Protein_code1_428,Protein_code1_429,Protein_code1_430,Protein_code1_431,Protein_code1_432,Protein_code1_433,Protein_code1_434,Protein_code1_435,Protein_code1_436,Protein_code1_437,Protein_code1_438,Protein_code1_439,Protein_code1_440,Protein_code1_441,Protein_code1_442,Protein_code1_443,Protein_code1_444,Protein_code1_445,Protein_code1_446,Protein_code1_447,Protein_code1_448,Protein_code1_449,Protein_code1_450,Protein_code1_451,Protein_code1_452,Protein_code1_453,Protein_code1_454,Protein_code1_455,Protein_code1_456,Protein_code1_457,Protein_code1_458,Protein_code1_459,Protein_code1_460,Protein_code1_461,Protein_code1_462,Protein_code1_463,Protein_code1_464,Protein_code1_465,Protein_code1_466,Protein_code1_467,Protein_code1_468,Protein_code1_469,Protein_code1_470,Protein_code1_471,Protein_code1_472,Protein_code1_473,Protein_code1_474,Protein_code1_475,Protein_code1_476,Protein_code1_477,Protein_code1_478,Protein_code1_479,Protein_code1_480,Protein_code1_481,Protein_code1_482,Protein_code1_483,Protein_code1_484,Protein_code1_485,Protein_code1_486,Protein_code1_487,Protein_code1_488,Protein_code1_489,Protein_code1_490,Protein_code1_491,Protein_code1_492,Protein_code1_493,Protein_code1_494,Protein_code1_495,Protein_code1_496,Protein_code1_497,Protein_code1_498,Protein_code1_499,Protein_code1_500,Protein_code1_501,Protein_code1_502,Protein_code1_503,Protein_code1_504,Protein_code1_505,Protein_code1_506,Protein_code1_507,Protein_code1_508,Protein_code1_509,Protein_code1_510,Protein_code1_511,Protein_code1_512,Protein_code1_513,Protein_code1_514,Protein_code1_515,Protein_code1_516,Protein_code1_517,Protein_code1_518,Protein_code1_519,Protein_code1_520,Protein_code1_521,Protein_code1_522,Protein_code1_523,Protein_code1_524,Protein_code1_525,Protein_code1_526,Protein_code1_527,Protein_code1_528,Protein_code1_529,Protein_code1_530,Protein_code1_531,Protein_code1_532,Protein_code1_533,Protein_code1_534,Protein_code1_535,Protein_code1_536,Protein_code1_537,Protein_code1_538,Protein_code1_539,Protein_code1_540,Protein_code1_541,Protein_code1_542,Protein_code1_543,Protein_code1_544,Protein_code1_545,Protein_code1_546,Protein_code1_547,Protein_code1_548,Protein_code1_549,Protein_code1_550,Protein_code1_551,Protein_code1_552,Protein_code1_553,Protein_code1_554,Protein_code1_555,Protein_code1_556,Protein_code1_557,Protein_code1_558,Protein_code1_559,Protein_code1_560,Protein_code1_561,Protein_code1_562,Protein_code1_563,Protein_code1_564,Protein_code1_565,Protein_code1_566,Protein_code1_567,Protein_code1_568,Protein_code1_569,Protein_code1_570,Protein_code1_571,Protein_code1_572,Protein_code1_573,Protein_code1_574,Protein_code1_575,Protein_code1_576,Protein_code1_577,Protein_code1_578,Protein_code1_579,Protein_code1_580,Protein_code1_581,Protein_code1_582,Protein_code1_583,Protein_code1_584,Protein_code1_585,Protein_code1_586,Protein_code1_587,Protein_code1_588,Protein_code1_589,Protein_code1_590,Protein_code1_591,Protein_code1_592,Protein_code1_593,Protein_code1_594,Protein_code1_595,Protein_code1_596,Protein_code1_597,Protein_code1_598,Protein_code1_599,Protein_code1_600,Protein_code1_601,Protein_code1_602,Protein_code1_603,Protein_code1_604,Protein_code1_605,Protein_code1_606,Protein_code1_607,Protein_code1_608,Protein_code1_609,Protein_code1_610,Protein_code1_611,Protein_code1_612,Protein_code1_613,Protein_code1_614,Protein_code1_615,Protein_code1_616,Protein_code1_617,Protein_code1_618,Protein_code1_619,Protein_code1_620,Protein_code1_621,Protein_code1_622,Protein_code1_623,Protein_code1_624,Protein_code1_625,Protein_code1_626,Protein_code1_627,Protein_code1_628,Protein_code1_629,Protein_code1_630,Protein_code1_631,Protein_code1_632,Protein_code1_633,Protein_code1_634,Protein_code1_635,Protein_code1_636,Protein_code1_637,Protein_code1_638,Protein_code1_639,Protein_code1_640,Protein_code1_641,Protein_code1_642,Protein_code1_643,Protein_code1_644,Protein_code1_645,Protein_code1_646,Protein_code1_647,Protein_code1_648,Protein_code1_649,Protein_code1_650,Protein_code1_651,Protein_code1_652,Protein_code1_653,Protein_code1_654,Protein_code1_655,Protein_code1_656,Protein_code1_657,Protein_code1_658,Protein_code1_659,Protein_code1_660,Protein_code1_661,Protein_code1_662,Protein_code1_663,Protein_code1_664,Protein_code1_665,Protein_code1_666,Protein_code1_667,Protein_code1_668,Protein_code1_669,Protein_code1_670,Protein_code1_671,Protein_code1_672,Protein_code1_673,Protein_code1_674,Protein_code1_675,Protein_code1_676,Protein_code1_677,Protein_code1_678,Protein_code1_679,Protein_code1_680,Protein_code1_681,Protein_code1_682,Protein_code1_683,Protein_code1_684,Protein_code1_685,Protein_code1_686,Protein_code1_687,Protein_code1_688,Protein_code1_689,Protein_code1_690,Protein_code1_691,Protein_code1_692,Protein_code1_693,Protein_code1_694,Protein_code1_695,Protein_code1_696,Protein_code1_697,Protein_code1_698,Protein_code1_699,Protein_code1_700,Protein_code1_701,Protein_code1_702,Protein_code1_703,Protein_code1_704,Protein_code1_705,Protein_code1_706,Protein_code1_707,Protein_code1_708,Protein_code1_709,Protein_code1_710,Protein_code1_711,Protein_code1_712,Protein_code1_713,Protein_code1_714,Protein_code1_715,Protein_code1_716,Protein_code1_717,Protein_code1_718,Protein_code1_719,Protein_code1_720,Protein_code1_721,Protein_code1_722,Protein_code1_723,Protein_code1_724,Protein_code1_725,Protein_code1_726,Protein_code1_727,Protein_code1_728,Protein_code1_729,Protein_code1_730,Protein_code1_731,Protein_code1_732,Protein_code1_733,Protein_code1_734,Protein_code1_735,Protein_code1_736,Protein_code1_737,Protein_code1_738,Protein_code1_739,Protein_code1_740,Protein_code1_741,Protein_code1_742,Protein_code1_743,Protein_code1_744,Protein_code1_745,Protein_code1_746,Protein_code1_747,Protein_code1_748,Protein_code1_749,Protein_code1_750,Protein_code1_751,Protein_code1_752,Protein_code1_753,Protein_code1_754,Protein_code1_755,Protein_code1_756,Protein_code1_757,Protein_code1_758,Protein_code1_759,Protein_code1_760,Protein_code1_761,Protein_code1_762,Protein_code1_763,Protein_code1_764,Protein_code1_765,Protein_code1_766,Protein_code1_767,Protein_code1_768,Protein_code1_769,Protein_code1_770,Protein_code1_771,Protein_code1_772,Protein_code1_773,Protein_code1_774,Protein_code1_775,Protein_code1_776,Protein_code1_777,Protein_code1_778,Protein_code1_779,Protein_code1_780,Protein_code1_781,Protein_code1_782,Protein_code1_783,Protein_code1_784,Protein_code1_785,Protein_code1_786,Protein_code1_787,Protein_code1_788,Protein_code1_789,Protein_code1_790,Protein_code1_791,Protein_code1_792,Protein_code1_793,Protein_code1_794,Protein_code1_795,Protein_code1_796,Protein_code1_797,Protein_code1_798,Protein_code1_799,Protein_code1_800,Protein_code1_801,Protein_code1_802,Protein_code1_803,Protein_code1_804,Protein_code1_805,Protein_code1_806,Protein_code1_807,Protein_code1_808,Protein_code1_809,Protein_code1_810,Protein_code1_811,Protein_code1_812,Protein_code1_813,Protein_code1_814,Protein_code1_815,Protein_code1_816,Protein_code1_817,Protein_code1_818,Protein_code1_819,Protein_code1_820,Protein_code1_821,Protein_code1_822,Protein_code1_823,Protein_code1_824,Protein_code1_825,Protein_code1_826,Protein_code1_827,Protein_code1_828,Protein_code1_829,Protein_code1_830,Protein_code1_831,Protein_code1_832,Protein_code1_833,Protein_code1_834,Protein_code1_835,Protein_code1_836,Protein_code1_837,Protein_code1_838,Protein_code1_839,Protein_code1_840,Protein_code1_841,Protein_code1_842,Protein_code1_843,Protein_code1_844,Protein_code1_845,Protein_code1_846,Protein_code1_847,Protein_code1_848,Protein_code1_849,Protein_code1_850,Protein_code1_851,Protein_code1_852,Protein_code1_853,Protein_code1_854,Protein_code1_855,Protein_code1_856,Protein_code1_857,Protein_code1_858,Protein_code1_859,Protein_code1_860,Protein_code1_861,Protein_code1_862,Protein_code1_863,Protein_code1_864,Protein_code1_865,Protein_code1_866,Protein_code1_867,Protein_code1_868,Protein_code1_869,Protein_code1_870,Protein_code1_871,Protein_code1_872,Protein_code1_873,Protein_code1_874,Protein_code1_875,Protein_code1_876,Protein_code1_877,Protein_code1_878,Protein_code1_879,Protein_code1_880,Protein_code1_881,Protein_code1_882,Protein_code1_883,Protein_code1_884,Protein_code1_885,Protein_code1_886,Protein_code1_887,Protein_code1_888,Protein_code1_889,Protein_code1_890,Protein_code1_891,Protein_code1_892,Protein_code1_893,Protein_code1_894,Protein_code1_895,Protein_code1_896,Protein_code1_897,Protein_code1_898,Protein_code1_899,Protein_code1_900,Protein_code1_901,Protein_code1_902,Protein_code1_903,Protein_code1_904,Protein_code1_905,Protein_code1_906,Protein_code1_907,Protein_code1_908,Protein_code1_909,Protein_code1_910,Protein_code1_911,Protein_code1_912,Protein_code1_913,Protein_code1_914,Protein_code1_915,Protein_code1_916,Protein_code1_917,Protein_code1_918,Protein_code1_919,Protein_code1_920,Protein_code1_921,Protein_code1_922,Protein_code1_923,Protein_code1_924,Protein_code1_925,Protein_code1_926,Protein_code1_927,Protein_code1_928,Protein_code1_929,Protein_code1_930,Protein_code1_931,Protein_code1_932,Protein_code1_933,Protein_code1_934,Protein_code1_935,Protein_code1_936,Protein_code1_937,Protein_code1_938,Protein_code1_939,Protein_code1_940,Protein_code1_941,Protein_code1_942,Protein_code1_943,Protein_code1_944,Protein_code1_945,Protein_code1_946,Protein_code1_947,Protein_code1_948,Protein_code1_949,Protein_code1_950,Protein_code1_951,Protein_code1_952,Protein_code1_953,Protein_code1_954,Protein_code1_955,Protein_code1_956,Protein_code1_957,Protein_code1_958,Protein_code1_959,Protein_code1_960,Protein_code1_961,Protein_code1_962,Protein_code1_963,Protein_code1_964,Protein_code1_965,Protein_code1_966,Protein_code1_967,Protein_code1_968,Protein_code1_969,Protein_code1_970,Protein_code1_971,Protein_code1_972,Protein_code1_973,Protein_code1_974,Protein_code1_975,Protein_code1_976,Protein_code1_977,Protein_code1_978,Protein_code1_979,Protein_code1_980,Protein_code1_981,Protein_code1_982,Protein_code1_983,Protein_code1_984,Protein_code1_985,Protein_code1_986,Protein_code1_987,Protein_code1_988,Protein_code1_989,Protein_code1_990,Protein_code1_991,Protein_code1_992,Protein_code1_993,Protein_code1_994,Protein_code1_995,Protein_code1_996,Protein_code1_997,Protein_code1_998,Protein_code1_999,Protein_code1_1000,Protein_code1_1001,Protein_code1_1002,Protein_code1_1003,Protein_code1_1004,Protein_code1_1005,Protein_code1_1006,Protein_code1_1007,Protein_code1_1008,Protein_code1_1009,Protein_code1_1010,Protein_code1_1011,Protein_code1_1012,Protein_code1_1013,Protein_code1_1014,Protein_code1_1015,Protein_code1_1016,Protein_code1_1017,Protein_code1_1018,Protein_code1_1019,Protein_code1_1020,Protein_code1_1021,Protein_code1_1022,Protein_code1_1023,Protein_code1_1024,Protein_code1_1025,Protein_code1_1026,Protein_code1_1027,Protein_code1_1028,Protein_code1_1029,Protein_code1_1030,Protein_code1_1031,Protein_code1_1032,Protein_code1_1033,Protein_code1_1034,Protein_code1_1035,Protein_code1_1036,Protein_code1_1037,Protein_code1_1038,Protein_code1_1039,Protein_code1_1040,Protein_code1_1041,Protein_code1_1042,Protein_code1_1043,Protein_code1_1044,Protein_code1_1045,Protein_code1_1046,Protein_code1_1047,Protein_code1_1048,Protein_code1_1049,Protein_code1_1050,Protein_code1_1051,Protein_code1_1052,Protein_code1_1053,Protein_code1_1054,Protein_code1_1055,Protein_code1_1056,Protein_code1_1057,Protein_code1_1058,Protein_code1_1059,Protein_code1_1060,Protein_code1_1061,Protein_code1_1062,Protein_code1_1063,Protein_code1_1064,Protein_code1_1065,Protein_code1_1066,Protein_code1_1067,Protein_code1_1068,Protein_code1_1069,Protein_code1_1070,Protein_code1_1071,Protein_code1_1072,Protein_code1_1073,Protein_code1_1074,Protein_code1_1075,Protein_code1_1076,Protein_code1_1077,Protein_code1_1078,Protein_code1_1079,Protein_code1_1080,Protein_code1_1081,Protein_code1_1082,Protein_code1_1083,Protein_code1_1084,Protein_code1_1085,Protein_code1_1086,Protein_code1_1087,Protein_code1_1088,Protein_code1_1089,Protein_code1_1090,Protein_code1_1091,Protein_code1_1092,Protein_code1_1093,Protein_code1_1094,Protein_code1_1095,Protein_code1_1096,Protein_code1_1097,Protein_code1_1098,Protein_code1_1099,Protein_code1_1100,Protein_code1_1101,Protein_code1_1102,Protein_code1_1103,Protein_code1_1104,Protein_code1_1105,Protein_code1_1106,Protein_code1_1107,Protein_code1_1108,Protein_code1_1109,Protein_code1_1110,Protein_code1_1111,Protein_code1_1112,Protein_code1_1113,Protein_code1_1114,Protein_code1_1115,Protein_code1_1116,Protein_code1_1117,Protein_code1_1118,Protein_code1_1119,Protein_code1_1120,Protein_code1_1121,Protein_code1_1122,Protein_code1_1123,Protein_code1_1124,Protein_code1_1125,Protein_code1_1126,Protein_code1_1127,Protein_code1_1128,Protein_code1_1129,Protein_code1_1130,Protein_code1_1131,Protein_code1_1132,Protein_code1_1133,Protein_code1_1134,Protein_code1_1135,Protein_code1_1136,Protein_code1_1137,Protein_code1_1138,Protein_code1_1139,Protein_code1_1140,Protein_code1_1141,Protein_code1_1142,Protein_code1_1143,Protein_code1_1144,Protein_code1_1145,Protein_code1_1146,Protein_code1_1147,Protein_code1_1148,Protein_code1_1149,Protein_code1_1150,Protein_code1_1151,Protein_code1_1152,Protein_code1_1153,Protein_code1_1154,Protein_code1_1155,Protein_code1_1156,Protein_code1_1157,Protein_code1_1158,Protein_code1_1159,Protein_code1_1160,Protein_code1_1161,Protein_code1_1162,Protein_code1_1163,Protein_code1_1164,Protein_code1_1165,Protein_code1_1166,Protein_code1_1167,Protein_code1_1168,Protein_code1_1169,Protein_code1_1170,Protein_code1_1171,Protein_code1_1172,Protein_code1_1173,Protein_code1_1174,Protein_code1_1175,Protein_code1_1176,Protein_code1_1177,Protein_code1_1178,Protein_code1_1179,Protein_code1_1180,Protein_code1_1181,Protein_code1_1182,Protein_code1_1183,Protein_code1_1184,Protein_code1_1185,Protein_code1_1186,Protein_code1_1187,Protein_code1_1188,Protein_code1_1189,Protein_code1_1190,Protein_code1_1191,Protein_code1_1192,Protein_code1_1193,Protein_code1_1194,Protein_code1_1195,Protein_code1_1196,Protein_code1_1197,Protein_code1_1198,Protein_code1_1199,Protein_code1_1200,Protein_code1_1201,Protein_code1_1202,Protein_code1_1203,Protein_code1_1204,Protein_code1_1205,Protein_code1_1206,Protein_code1_1207,Protein_code1_1208,Protein_code1_1209,Protein_code1_1210,Protein_code1_1211,Protein_code1_1212,Protein_code1_1213,Protein_code1_1214,Protein_code1_1215,Protein_code1_1216,Protein_code1_1217,Protein_code1_1218,Protein_code1_1219,Protein_code1_1220,Protein_code1_1221,Protein_code1_1222,Protein_code1_1223,Protein_code1_1224,Protein_code1_1225,Protein_code1_1226,Protein_code1_1227,Protein_code1_1228,Protein_code1_1229,Protein_code1_1230,Protein_code1_1231,Protein_code1_1232,Protein_code1_1233,Protein_code1_1234,Protein_code1_1235,Protein_code1_1236,Protein_code1_1237,Protein_code1_1238,Protein_code1_1239,Protein_code1_1240,Protein_code1_1241,Protein_code1_1242,Protein_code1_1243,Protein_code1_1244,Protein_code1_1245,Protein_code1_1246,Protein_code1_1247,Protein_code1_1248,Protein_code1_1249,Protein_code1_1250,Protein_code1_1251,Protein_code1_1252,Protein_code1_1253,Protein_code1_1254,Protein_code1_1255,Protein_code1_1256,Protein_code1_1257,Protein_code1_1258,Protein_code1_1259,Protein_code1_1260,Protein_code1_1261,Protein_code1_1262,Protein_code1_1263,Protein_code1_1264,Protein_code1_1265,Protein_code1_1266,Protein_code1_1267,Protein_code1_1268,Protein_code1_1269,Protein_code1_1270,Protein_code1_1271,Protein_code1_1272,Protein_code1_1273,Protein_code1_1274,Protein_code1_1275,Protein_code1_1276,Protein_code1_1277,Protein_code1_1278,Protein_code1_1279,Protein_code1_1280,Protein_code1_1281,Protein_code1_1282,Protein_code1_1283,Protein_code1_1284,Protein_code1_1285,Protein_code1_1286,Protein_code1_1287,Protein_code1_1288,Protein_code1_1289,Protein_code1_1290,Protein_code1_1291,Protein_code1_1292,Protein_code1_1293,Protein_code1_1294,Protein_code1_1295,Protein_code1_1296,Protein_code1_1297,Protein_code1_1298,Protein_code1_1299,Protein_code1_1300,Protein_code1_1301,Protein_code1_1302,Protein_code1_1303,Protein_code1_1304,Protein_code1_1305,Protein_code1_1306,Protein_code1_1307,Protein_code1_1308,Protein_code1_1309,Protein_code1_1310,Protein_code1_1311,Protein_code1_1312,Protein_code1_1313,Protein_code1_1314,Protein_code1_1315,Protein_code1_1316,Protein_code1_1317,Protein_code1_1318,Protein_code1_1319,Protein_code1_1320,Protein_code1_1321,Protein_code1_1322,Protein_code1_1323,Protein_code1_1324,Protein_code1_1325,Protein_code1_1326,Protein_code1_1327,Protein_code1_1328,Protein_code1_1329,Protein_code1_1330,Protein_code1_1331,Protein_code1_1332,Protein_code1_1333,Protein_code1_1334,Protein_code1_1335,Protein_code1_1336,Protein_code1_1337,Protein_code1_1338,Protein_code1_1339,Protein_code1_1340,Protein_code1_1341,Protein_code1_1342,Protein_code1_1343,Protein_code1_1344,Protein_code1_1345,Protein_code1_1346,Protein_code1_1347,Protein_code1_1348,Protein_code1_1349,Protein_code1_1350,Protein_code1_1351,Protein_code1_1352,Protein_code1_1353,Protein_code1_1354,Protein_code1_1355,Protein_code1_1356,Protein_code1_1357,Protein_code1_1358,Protein_code1_1359,Protein_code1_1360,Protein_code1_1361,Protein_code1_1362,Protein_code1_1363,Protein_code1_1364,Protein_code1_1365,Protein_code1_1366,Protein_code1_1367,Protein_code1_1368,Protein_code1_1369,Protein_code1_1370,Protein_code1_1371,Protein_code1_1372,Protein_code1_1373,Protein_code1_1374,Protein_code1_1375,Protein_code1_1376,Protein_code1_1377,Protein_code1_1378,Protein_code1_1379,Protein_code1_1380,Protein_code1_1381,Protein_code1_1382,Protein_code1_1383,Protein_code1_1384,Protein_code1_1385,Protein_code1_1386,Protein_code1_1387,Protein_code1_1388,Protein_code1_1389,Protein_code1_1390,Protein_code1_1391,Protein_code1_1392,Protein_code1_1393,Protein_code1_1394,Protein_code1_1395,Protein_code1_1396,Protein_code1_1397,Protein_code1_1398,Protein_code1_1399,Protein_code1_1400,Protein_code1_1401,Protein_code1_1402,Protein_code1_1403,Protein_code1_1404,Protein_code1_1405,Protein_code1_1406,Protein_code1_1407,Protein_code1_1408,Protein_code1_1409,Protein_code1_1410,Protein_code1_1411,Protein_code1_1412,Protein_code1_1413,Protein_code1_1414,Protein_code1_1415,Protein_code1_1416,Protein_code1_1417,Protein_code1_1418,Protein_code1_1419,Protein_code1_1420,Protein_code1_1421,Protein_code1_1422,Protein_code1_1423,Protein_code1_1424,Protein_code1_1425,Protein_code1_1426,Protein_code1_1427,Protein_code1_1428,Protein_code1_1429,Protein_code1_1430,Protein_code1_1431,Protein_code1_1432,Protein_code1_1433,Protein_code1_1434,Protein_code1_1435,Protein_code1_1436,Protein_code1_1437,Protein_code1_1438,Protein_code1_1439,Protein_code1_1440,Protein_code1_1441,Protein_code1_1442,Protein_code1_1443,Protein_code1_1444,Protein_code1_1445,Protein_code1_1446,Protein_code1_1447,Protein_code1_1448,Protein_code1_1449,Protein_code1_1450,Protein_code1_1451,Protein_code1_1452,Protein_code1_1453,Protein_code1_1454,Protein_code1_1455,Protein_code1_1456,Protein_code1_1457,Protein_code1_1458,Protein_code1_1459,Protein_code1_1460,Protein_code1_1461,Protein_code1_1462,Protein_code1_1463,Protein_code1_1464,Protein_code1_1465,Protein_code1_1466,Protein_code1_1467,Protein_code1_1468,Protein_code1_1469,Protein_code1_1470,Protein_code1_1471,Protein_code1_1472,Protein_code1_1473,Protein_code1_1474,Protein_code1_1475,Protein_code1_1476,Protein_code1_1477,Protein_code1_1478,Protein_code1_1479,Protein_code1_1480,Protein_code1_1481,Protein_code1_1482,Protein_code1_1483,Protein_code1_1484,Protein_code1_1485,Protein_code1_1486,Protein_code1_1487,Protein_code1_1488,Protein_code1_1489,Protein_code1_1490,Protein_code1_1491,Protein_code1_1492,Protein_code1_1493,Protein_code1_1494,Protein_code1_1495,Protein_code1_1496,Protein_code1_1497,Protein_code1_1498,Protein_code1_1499,Protein_code1_1500,Protein_code1_1501,Protein_code1_1502,Protein_code1_1503,Protein_code1_1504,Protein_code1_1505,Protein_code1_1506,Protein_code1_1507,Protein_code1_1508,Protein_code1_1509,Protein_code1_1510,Protein_code1_1511,Protein_code1_1512,Protein_code1_1513,Protein_code1_1514,Protein_code1_1515,Protein_code1_1516,Protein_code1_1517,Protein_code1_1518,Protein_code1_1519,Protein_code1_1520,Protein_code1_1521,Protein_code1_1522,Protein_code1_1523,Protein_code1_1524,Protein_code1_1525,Protein_code1_1526,Protein_code1_1527,Protein_code1_1528,Protein_code1_1529,Protein_code1_1530,Protein_code1_1531,Protein_code1_1532,Protein_code1_1533,Protein_code1_1534,Protein_code1_1535,Protein_code1_1536,Protein_code1_1537,Protein_code1_1538,Protein_code1_1539,Protein_code1_1540,Protein_code1_1541,Protein_code1_1542,Protein_code1_1543,Protein_code1_1544,Protein_code1_1545,Protein_code1_1546,Protein_code1_1547,Protein_code1_1548,Protein_code1_1549,Protein_code1_1550,Protein_code1_1551,Protein_code1_1552,Protein_code1_1553,Protein_code1_1554,Protein_code1_1555,Protein_code1_1556,Protein_code1_1557,Protein_code1_1558,Protein_code1_1559,Protein_code1_1560,Protein_code1_1561,Protein_code1_1562,Protein_code1_1563,Protein_code1_1564,Protein_code1_1565,Protein_code1_1566,Protein_code1_1567,Protein_code1_1568,Protein_code1_1569,Protein_code1_1570,Protein_code1_1571,Protein_code1_1572,Protein_code1_1573,Protein_code1_1574,Protein_code1_1575,Protein_code1_1576,Protein_code1_1577,Protein_code1_1578,Protein_code1_1579,Protein_code1_1580,Protein_code1_1581,Protein_code1_1582,Protein_code1_1583,Protein_code1_1584,Protein_code1_1585,Protein_code1_1586,Protein_code1_1587,Protein_code1_1588,Protein_code1_1589,Protein_code1_1590,Protein_code1_1591,Protein_code1_1592,Protein_code1_1593,Protein_code1_1594,Protein_code1_1595,Protein_code1_1596,Protein_code1_1597,Protein_code1_1598,Protein_code1_1599,Protein_code1_1600,Protein_code1_1601,Protein_code1_1602,Protein_code1_1603,Protein_code1_1604,Protein_code1_1605,Protein_code1_1606,Protein_code1_1607,Protein_code1_1608,Protein_code1_1609,Protein_code1_1610,Protein_code1_1611,Protein_code1_1612,Protein_code1_1613,Protein_code1_1614,Protein_code1_1615,Protein_code1_1616,Protein_code1_1617,Protein_code1_1618,Protein_code1_1619,Protein_code1_1620,Protein_code1_1621,Protein_code1_1622,Protein_code1_1623,Protein_code1_1624,Protein_code1_1625,Protein_code1_1626,Protein_code1_1627,Protein_code1_1628,Protein_code1_1629,Protein_code1_1630,Protein_code1_1631,Protein_code1_1632,Protein_code1_1633,Protein_code1_1634,Protein_code1_1635,Protein_code1_1636,Protein_code1_1637,Protein_code1_1638,Protein_code1_1639,Protein_code1_1640,Protein_code1_1641,Protein_code1_1642,Protein_code1_1643,Protein_code1_1644,Protein_code1_1645,Protein_code1_1646,Protein_code1_1647,Protein_code1_1648,Protein_code1_1649,Protein_code1_1650,Protein_code1_1651,Protein_code1_1652,Protein_code1_1653,Protein_code1_1654,Protein_code1_1655,Protein_code1_1656,Protein_code1_1657,Protein_code1_1658,Protein_code1_1659,Protein_code1_1660,Protein_code1_1661,Protein_code1_1662,Protein_code1_1663,Protein_code1_1664,Protein_code1_1665,Protein_code1_1666,Protein_code1_1667,Protein_code1_1668,Protein_code1_1669,Protein_code1_1670,Protein_code1_1671,Protein_code1_1672,Protein_code1_1673,Protein_code1_1674,Protein_code1_1675,Protein_code1_1676,Protein_code1_1677,Protein_code1_1678,Protein_code1_1679,Protein_code1_1680,Protein_code1_1681,Protein_code1_1682,Protein_code1_1683,Protein_code1_1684,Protein_code1_1685,Protein_code1_1686,Protein_code1_1687,Protein_code1_1688,Protein_code1_1689,Protein_code1_1690,Protein_code1_1691,Protein_code1_1692,Protein_code1_1693,Protein_code1_1694,Protein_code1_1695,Protein_code1_1696,Protein_code1_1697,Protein_code1_1698,Protein_code1_1699,Protein_code1_1700,Protein_code1_1701,Protein_code1_1702,Protein_code1_1703,Protein_code1_1704,Protein_code1_1705,Protein_code1_1706,Protein_code1_1707,Protein_code1_1708,Protein_code1_1709,Protein_code1_1710,Protein_code1_1711,Protein_code1_1712,Protein_code1_1713,Protein_code1_1714,Protein_code1_1715,Protein_code1_1716,Protein_code1_1717,Protein_code1_1718,Protein_code1_1719,Protein_code1_1720,Protein_code1_1721,Protein_code1_1722,Protein_code1_1723,Protein_code1_1724,Protein_code1_1725,Protein_code1_1726,Protein_code1_1727,Protein_code1_1728,Protein_code1_1729,Protein_code1_1730,Protein_code1_1731,Protein_code1_1732,Protein_code1_1733,Protein_code1_1734,Protein_code1_1735,Protein_code1_1736,Protein_code1_1737,Protein_code1_1738,Protein_code1_1739,Protein_code1_1740,Protein_code1_1741,Protein_code1_1742,Protein_code1_1743,Protein_code1_1744,Protein_code1_1745,Protein_code1_1746,Protein_code1_1747,Protein_code1_1748,Protein_code1_1749,Protein_code1_1750,Protein_code1_1751,Protein_code1_1752,Protein_code1_1753,Protein_code1_1754,Protein_code1_1755,Protein_code1_1756,Protein_code1_1757,Protein_code1_1758,Protein_code1_1759,Protein_code1_1760,Protein_code1_1761,Protein_code1_1762,Protein_code1_1763,Protein_code1_1764,Protein_code1_1765,Protein_code1_1766,Protein_code1_1767,Protein_code1_1768,Protein_code1_1769,Protein_code1_1770,Protein_code1_1771,Protein_code1_1772,Protein_code1_1773,Protein_code1_1774,Protein_code1_1775,Protein_code1_1776,Protein_code1_1777,Protein_code1_1778,Protein_code1_1779,Protein_code1_1780,Protein_code1_1781,Protein_code1_1782,Protein_code1_1783,Protein_code1_1784,Protein_code1_1785,Protein_code1_1786,Protein_code1_1787,Protein_code1_1788,Protein_code1_1789,Protein_code1_1790,Protein_code1_1791,Protein_code1_1792,Protein_code1_1793,Protein_code1_1794,Protein_code1_1795,Protein_code1_1796,Protein_code1_1797,Protein_code1_1798,Protein_code1_1799,Protein_code1_1800,Protein_code1_1801,Protein_code1_1802,Protein_code1_1803,Protein_code1_1804,Protein_code1_1805,Protein_code1_1806,Protein_code1_1807,Protein_code1_1808,Protein_code1_1809,Protein_code1_1810,Protein_code1_1811,Protein_code1_1812,Protein_code1_1813,Protein_code1_1814,Protein_code1_1815,Protein_code1_1816,Protein_code1_1817,Protein_code1_1818,Protein_code1_1819,Protein_code1_1820,Protein_code1_1821,Protein_code1_1822,Protein_code1_1823,Protein_code1_1824,Protein_code1_1825,Protein_code1_1826,Protein_code1_1827,Protein_code1_1828,Protein_code1_1829,Protein_code1_1830,Protein_code1_1831,Protein_code1_1832,Protein_code1_1833,Protein_code1_1834,Protein_code1_1835,Protein_code1_1836,Protein_code1_1837,Protein_code1_1838,Protein_code1_1839,Protein_code1_1840,Protein_code1_1841,Protein_code1_1842,Protein_code1_1843,Protein_code1_1844,Protein_code1_1845,Protein_code1_1846,Protein_code1_1847,Protein_code1_1848,Protein_code1_1849,Protein_code1_1850,Protein_code1_1851,Protein_code1_1852,Protein_code1_1853,Protein_code1_1854,Protein_code1_1855,Protein_code1_1856,Protein_code1_1857,Protein_code1_1858,Protein_code1_1859,Protein_code1_1860,Protein_code1_1861,Protein_code1_1862,Protein_code1_1863,Protein_code1_1864,Protein_code1_1865,Protein_code1_1866,Protein_code1_1867,Protein_code1_1868,Protein_code1_1869,Protein_code1_1870,Protein_code1_1871,Protein_code1_1872,Protein_code1_1873,Protein_code1_1874,Protein_code1_1875,Protein_code1_1876,Protein_code1_1877,Protein_code1_1878,Protein_code1_1879,Protein_code1_1880,Protein_code1_1881,Protein_code1_1882,Protein_code1_1883,Protein_code1_1884,Protein_code1_1885,Protein_code1_1886,Protein_code1_1887,Protein_code1_1888,Protein_code1_1889,Protein_code1_1890,Protein_code1_1891,Protein_code1_1892,Protein_code1_1893,Protein_code1_1894,Protein_code1_1895,Protein_code1_1896,Protein_code1_1897,Protein_code1_1898,Protein_code1_1899,Protein_code1_1900,Protein_code1_1901,Protein_code1_1902,Protein_code1_1903,Protein_code1_1904,Protein_code1_1905,Protein_code1_1906,Protein_code1_1907,Protein_code1_1908,Protein_code1_1909,Protein_code1_1910,Protein_code1_1911,Protein_code1_1912,Protein_code1_1913,Protein_code1_1914,Protein_code1_1915,Protein_code1_1916,Protein_code1_1917,Protein_code1_1918,Protein_code1_1919,Protein_code1_1920,Protein_code1_1921,Protein_code1_1922,Protein_code1_1923,Protein_code1_1924,Protein_code1_1925,Protein_code1_1926,Protein_code1_1927,Protein_code1_1928,Protein_code1_1929,Protein_code1_1930,Protein_code1_1931,Protein_code1_1932,Protein_code1_1933,Protein_code1_1934,Protein_code1_1935,Protein_code1_1936,Protein_code1_1937,Protein_code1_1938,Protein_code1_1939,Protein_code1_1940,Protein_code1_1941,Protein_code1_1942,Protein_code1_1943,Protein_code1_1944,Protein_code1_1945,Protein_code1_1946,Protein_code1_1947,Protein_code1_1948,Protein_code1_1949,Protein_code1_1950,Protein_code1_1951,Protein_code1_1952,Protein_code1_1953,Protein_code1_1954,Protein_code1_1955,Protein_code1_1956,Protein_code1_1957,Protein_code1_1958,Protein_code1_1959,Protein_code1_1960,Protein_code1_1961,Protein_code1_1962,Protein_code1_1963,Protein_code1_1964,Protein_code1_1965,Protein_code1_1966,Protein_code1_1967,Protein_code1_1968,Protein_code1_1969,Protein_code1_1970,Protein_code1_1971,Protein_code1_1972,Protein_code1_1973,Protein_code1_1974,Protein_code1_1975,Protein_code1_1976,Protein_code1_1977,Protein_code1_1978,Protein_code1_1979,Protein_code1_1980,Protein_code1_1981,Protein_code1_1982,Protein_code1_1983,Protein_code1_1984,Protein_code1_1985,Protein_code1_1986,Protein_code1_1987,Protein_code1_1988,Protein_code1_1989,Protein_code1_1990,Protein_code1_1991,Protein_code1_1992,Protein_code1_1993,Protein_code1_1994,Protein_code1_1995,Protein_code1_1996,Protein_code1_1997,Protein_code1_1998,Protein_code1_1999,Protein_code1_2000,Protein_code1_2001,Protein_code1_2002,Protein_code1_2003,Protein_code1_2004,Protein_code1_2005,Protein_code1_2006,Protein_code1_2007,Protein_code1_2008,Protein_code1_2009,Protein_code1_2010,Protein_code1_2011,Protein_code1_2012,Protein_code1_2013,Protein_code1_2014,Protein_code1_2015,Protein_code1_2016,Protein_code1_2017,Protein_code1_2018,Protein_code1_2019,Protein_code1_2020,Protein_code1_2021,Protein_code1_2022,Protein_code1_2023,Protein_code1_2024,Protein_code1_2025,Protein_code1_2026,Protein_code1_2027,Protein_code1_2028,Protein_code1_2029,Protein_code1_2030,Protein_code1_2031,Protein_code1_2032,Protein_code1_2033,Protein_code1_2034,Protein_code1_2035,Protein_code1_2036,Protein_code1_2037,Protein_code1_2038,Protein_code1_2039,Protein_code1_2040,Protein_code1_2041,Protein_code1_2042,Protein_code1_2043,Protein_code1_2044,Protein_code1_2045,Protein_code1_2046,Protein_code1_2047,Protein_code1_2048,Protein_code1_2049,Protein_code1_2050,Protein_code1_2051,Protein_code1_2052,Protein_code1_2053,Protein_code1_2054,Protein_code1_2055,Protein_code1_2056,Protein_code1_2057,Protein_code1_2058,Protein_code1_2059,Protein_code1_2060,Protein_code1_2061,Protein_code1_2062,Protein_code1_2063,Protein_code1_2064,Protein_code1_2065,Protein_code1_2066,Protein_code1_2067,Protein_code1_2068,Protein_code1_2069,Protein_code1_2070,Protein_code1_2071,Protein_code1_2072,Protein_code1_2073,Protein_code1_2074,Protein_code1_2075,Protein_code1_2076,Protein_code1_2077,Protein_code1_2078,Protein_code1_2079,Protein_code1_2080,Protein_code1_2081,Protein_code1_2082,Protein_code1_2083,Protein_code1_2084,Protein_code1_2085,Protein_code1_2086,Protein_code1_2087,Protein_code1_2088,Protein_code1_2089,Protein_code1_2090,Protein_code1_2091,Protein_code1_2092,Protein_code1_2093,Protein_code1_2094,Protein_code1_2095,Protein_code1_2096,Protein_code1_2097,Protein_code1_2098,Protein_code1_2099,Protein_code1_2100,Protein_code1_2101,Protein_code1_2102,Protein_code1_2103,Protein_code1_2104,Protein_code1_2105,Protein_code1_2106,Protein_code1_2107,Protein_code1_2108,Protein_code1_2109,Protein_code1_2110,Protein_code1_2111,Protein_code1_2112,Protein_code1_2113,Protein_code1_2114,Protein_code1_2115,Protein_code1_2116,Protein_code1_2117,Protein_code1_2118,Protein_code1_2119,Protein_code1_2120,Protein_code1_2121,Protein_code1_2122,Protein_code1_2123,Protein_code1_2124,Protein_code1_2125,Protein_code1_2126,Protein_code1_2127,Protein_code1_2128,Protein_code1_2129,Protein_code1_2130,Protein_code1_2131,Protein_code1_2132,Protein_code1_2133,Protein_code1_2134,Protein_code1_2135,Protein_code1_2136,Protein_code1_2137,Protein_code1_2138,Protein_code1_2139,Protein_code1_2140,Protein_code1_2141,Protein_code1_2142,Protein_code1_2143,Protein_code1_2144,Protein_code1_2145,Protein_code1_2146,Protein_code1_2147,Protein_code1_2148,Protein_code1_2149,Protein_code1_2150,Protein_code1_2151,Protein_code1_2152,Protein_code1_2153,Protein_code1_2154,Protein_code1_2155,Protein_code1_2156,Protein_code1_2157,Protein_code1_2158,Protein_code1_2159,Protein_code1_2160,Protein_code1_2161,Protein_code1_2162,Protein_code1_2163,Protein_code1_2164,Protein_code1_2165,Protein_code1_2166,Protein_code1_2167,Protein_code1_2168,Protein_code1_2169,Protein_code1_2170,Protein_code1_2171,Protein_code1_2172,Protein_code1_2173,Protein_code1_2174,Protein_code1_2175,Protein_code1_2176,Protein_code1_2177,Protein_code1_2178,Protein_code1_2179,Protein_code1_2180,Protein_code1_2181,Protein_code1_2182,Protein_code1_2183,Protein_code1_2184,Protein_code1_2185,Protein_code1_2186,Protein_code1_2187,Protein_code1_2188,Protein_code1_2189,Protein_code1_2190,Protein_code1_2191,Protein_code1_2192,Protein_code1_2193,Protein_code1_2194,Protein_code1_2195,Protein_code1_2196,Protein_code1_2197,Protein_code1_2198,Protein_code1_2199,Protein_code1_2200,Protein_code1_2201,Protein_code1_2202,Protein_code1_2203,Protein_code1_2204,Protein_code1_2205,Protein_code1_2206,Protein_code1_2207,Protein_code1_2208,Protein_code1_2209,Protein_code1_2210,Protein_code1_2211,Protein_code1_2212,Protein_code1_2213,Protein_code1_2214,Protein_code1_2215,Protein_code1_2216,Protein_code1_2217,Protein_code1_2218,Protein_code1_2219,Protein_code1_2220,Protein_code1_2221,Protein_code1_2222,Protein_code1_2223,Protein_code1_2224,Protein_code1_2225,Protein_code1_2226,Protein_code1_2227,Protein_code1_2228,Protein_code1_2229,Protein_code1_2230,Protein_code1_2231,Protein_code1_2232,Protein_code1_2233,Protein_code1_2234,Protein_code1_2235,Protein_code1_2236,Protein_code1_2237,Protein_code1_2238,Protein_code1_2239,Protein_code1_2240,Protein_code1_2241,Protein_code1_2242,Protein_code1_2243,Protein_code1_2244,Protein_code1_2245,Protein_code1_2246,Protein_code1_2247,Protein_code1_2248,Protein_code1_2249,Protein_code1_2250,Protein_code1_2251,Protein_code1_2252,Protein_code1_2253,Protein_code1_2254,Protein_code1_2255,Protein_code1_2256,Protein_code1_2257,Protein_code1_2258,Protein_code1_2259,Protein_code1_2260,Protein_code1_2261,Protein_code1_2262,Protein_code1_2263,Protein_code1_2264,Protein_code1_2265,Protein_code1_2266,Protein_code1_2267,Protein_code1_2268,Protein_code1_2269,Protein_code1_2270,Protein_code1_2271,Protein_code1_2272,Protein_code1_2273,Protein_code1_2274,Protein_code1_2275,Protein_code1_2276,Protein_code1_2277,Protein_code1_2278,Protein_code1_2279,Protein_code1_2280,Protein_code1_2281,Protein_code1_2282,Protein_code1_2283,Protein_code1_2284,Protein_code1_2285,Protein_code1_2286,Protein_code1_2287,Protein_code1_2288,Protein_code1_2289,Protein_code1_2290,Protein_code1_2291,Protein_code1_2292,Protein_code1_2293,Protein_code1_2294,Protein_code1_2295,Protein_code1_2296,Protein_code1_2297,Protein_code1_2298,Protein_code1_2299,Protein_code1_2300,Protein_code1_2301,Protein_code1_2302,Protein_code1_2303,Protein_code1_2304,Protein_code1_2305,Protein_code1_2306,Protein_code1_2307,Protein_code1_2308,Protein_code1_2309,Protein_code1_2310,Protein_code1_2311,Protein_code1_2312,Protein_code1_2313,Protein_code1_2314,Protein_code1_2315,Protein_code1_2316,Protein_code1_2317,Protein_code1_2318,Protein_code1_2319,Protein_code1_2320,Protein_code1_2321,Protein_code1_2322,Protein_code1_2323,Protein_code1_2324,Protein_code1_2325,Protein_code1_2326,Protein_code1_2327,Protein_code1_2328,Protein_code1_2329,Protein_code1_2330,Protein_code1_2331,Protein_code1_2332,Protein_code1_2333,Protein_code1_2334,Protein_code1_2335,Protein_code1_2336,Protein_code1_2337,Protein_code1_2338,Protein_code1_2339,Protein_code1_2340,Protein_code1_2341,Protein_code1_2342,Protein_code1_2343,Protein_code1_2344,Protein_code1_2345,Protein_code1_2346,Protein_code1_2347,Protein_code1_2348,Protein_code1_2349,Protein_code1_2350,Protein_code1_2351,Protein_code1_2352,Protein_code1_2353,Protein_code1_2354,Protein_code1_2355,Protein_code1_2356,Protein_code1_2357,Protein_code1_2358,Protein_code1_2359,Protein_code1_2360,Protein_code1_2361,Protein_code1_2362,Protein_code1_2363,Protein_code1_2364,Protein_code1_2365,Protein_code1_2366,Protein_code1_2367,Protein_code1_2368,Protein_code1_2369,Protein_code1_2370,Protein_code1_2371,Protein_code1_2372,Protein_code1_2373,Protein_code1_2374,Protein_code1_2375,Protein_code1_2376,Protein_code1_2377,Protein_code1_2378,Protein_code1_2379,Protein_code1_2380,Protein_code1_2381,Protein_code1_2382,Protein_code1_2383,Protein_code1_2384,Protein_code1_2385,Protein_code1_2386,Protein_code1_2387,Protein_code1_2388,Protein_code1_2389,Protein_code1_2390,Protein_code1_2391,Protein_code1_2392,Protein_code1_2393,Protein_code1_2394,Protein_code1_2395,Protein_code1_2396,Protein_code1_2397,Protein_code1_2398,Protein_code1_2399,Protein_code1_2400,Protein_code1_2401,Protein_code1_2402,Protein_code1_2403,Protein_code1_2404,Protein_code1_2405,Protein_code1_2406,Protein_code1_2407,Protein_code1_2408,Protein_code1_2409,Protein_code1_2410,Protein_code1_2411,Protein_code1_2412,Protein_code1_2413,Protein_code1_2414,Protein_code1_2415,Protein_code1_2416,Protein_code1_2417,Protein_code1_2418,Protein_code1_2419,Protein_code1_2420,Protein_code1_2421,Protein_code1_2422,Protein_code1_2423,Protein_code1_2424,Protein_code1_2425,Protein_code1_2426,Protein_code1_2427,Protein_code1_2428,Protein_code1_2429,Protein_code1_2430,Protein_code1_2431,Protein_code1_2432,Protein_code1_2433,Protein_code1_2434,Protein_code1_2435,Protein_code1_2436,Protein_code1_2437,Protein_code1_2438,Protein_code1_2439,Protein_code1_2440,Protein_code1_2441,Protein_code1_2442,Protein_code1_2443,Protein_code1_2444,Protein_code1_2445,Protein_code1_2446,Protein_code1_2447,Protein_code1_2448,Protein_code1_2449,Protein_code1_2450,Protein_code1_2451,Protein_code1_2452,Protein_code1_2453,Protein_code1_2454,Protein_code1_2455,Protein_code1_2456,Protein_code1_2457,Protein_code1_2458,Protein_code1_2459,Protein_code1_2460,Protein_code1_2461,Protein_code1_2462,Protein_code1_2463,Protein_code1_2464,Protein_code1_2465,Protein_code1_2466,Protein_code1_2467,Protein_code1_2468,Protein_code1_2469,Protein_code1_2470,Protein_code1_2471,Protein_code1_2472,Protein_code1_2473,Protein_code1_2474,Protein_code1_2475,Protein_code1_2476,Protein_code1_2477,Protein_code1_2478,Protein_code1_2479,Protein_code1_2480,Protein_code1_2481,Protein_code1_2482,Protein_code1_2483,Protein_code1_2484,Protein_code1_2485,Protein_code1_2486,Protein_code1_2487,Protein_code1_2488,Protein_code1_2489,Protein_code1_2490,Protein_code1_2491,Protein_code1_2492,Protein_code1_2493,Protein_code1_2494,Protein_code1_2495,Protein_code1_2496,Protein_code1_2497,Protein_code1_2498,Protein_code1_2499,Protein_code1_2500,Protein_code1_2501,Protein_code1_2502,Protein_code1_2503,Protein_code1_2504,Protein_code1_2505,Protein_code1_2506,Protein_code1_2507,Protein_code1_2508,Protein_code1_2509,Protein_code1_2510,Protein_code1_2511,Protein_code1_2512,Protein_code1_2513,Protein_code1_2514,Protein_code1_2515,Protein_code1_2516,Protein_code1_2517,Protein_code1_2518,Protein_code1_2519,Protein_code1_2520,Protein_code1_2521,Protein_code1_2522,Protein_code1_2523,Protein_code1_2524,Protein_code1_2525,Protein_code1_2526,Protein_code1_2527,Protein_code1_2528,Protein_code1_2529,Protein_code1_2530,Protein_code1_2531,Protein_code1_2532,Protein_code1_2533,Protein_code1_2534,Protein_code1_2535,Protein_code1_2536,Protein_code1_2537,Protein_code1_2538,Protein_code1_2539,Protein_code1_2540,Protein_code1_2541,Protein_code1_2542,Protein_code1_2543,Protein_code1_2544,Protein_code1_2545,Protein_code1_2546,Protein_code1_2547,Protein_code1_2548,Protein_code1_2549,Protein_code1_2550,Protein_code1_2551,Protein_code1_2552,Protein_code1_2553,Mol2Vec_0,Mol2Vec_1,Mol2Vec_2,Mol2Vec_3,Mol2Vec_4,Mol2Vec_5,Mol2Vec_6,Mol2Vec_7,Mol2Vec_8,Mol2Vec_9,Mol2Vec_10,Mol2Vec_11,Mol2Vec_12,Mol2Vec_13,Mol2Vec_14,Mol2Vec_15,Mol2Vec_16,Mol2Vec_17,Mol2Vec_18,Mol2Vec_19,Mol2Vec_20,Mol2Vec_21,Mol2Vec_22,Mol2Vec_23,Mol2Vec_24,Mol2Vec_25,Mol2Vec_26,Mol2Vec_27,Mol2Vec_28,Mol2Vec_29,Mol2Vec_30,Mol2Vec_31,Mol2Vec_32,Mol2Vec_33,Mol2Vec_34,Mol2Vec_35,Mol2Vec_36,Mol2Vec_37,Mol2Vec_38,Mol2Vec_39,Mol2Vec_40,Mol2Vec_41,Mol2Vec_42,Mol2Vec_43,Mol2Vec_44,Mol2Vec_45,Mol2Vec_46,Mol2Vec_47,Mol2Vec_48,Mol2Vec_49,Mol2Vec_50,Mol2Vec_51,Mol2Vec_52,Mol2Vec_53,Mol2Vec_54,Mol2Vec_55,Mol2Vec_56,Mol2Vec_57,Mol2Vec_58,Mol2Vec_59,Mol2Vec_60,Mol2Vec_61,Mol2Vec_62,Mol2Vec_63,Mol2Vec_64,Mol2Vec_65,Mol2Vec_66,Mol2Vec_67,Mol2Vec_68,Mol2Vec_69,Mol2Vec_70,Mol2Vec_71,Mol2Vec_72,Mol2Vec_73,Mol2Vec_74,Mol2Vec_75,Mol2Vec_76,Mol2Vec_77,Mol2Vec_78,Mol2Vec_79,Mol2Vec_80,Mol2Vec_81,Mol2Vec_82,Mol2Vec_83,Mol2Vec_84,Mol2Vec_85,Mol2Vec_86,Mol2Vec_87,Mol2Vec_88,Mol2Vec_89,Mol2Vec_90,Mol2Vec_91,Mol2Vec_92,Mol2Vec_93,Mol2Vec_94,Mol2Vec_95,Mol2Vec_96,Mol2Vec_97,Mol2Vec_98,Mol2Vec_99,Mol2Vec_100,Mol2Vec_101,Mol2Vec_102,Mol2Vec_103,Mol2Vec_104,Mol2Vec_105,Mol2Vec_106,Mol2Vec_107,Mol2Vec_108,Mol2Vec_109,Mol2Vec_110,Mol2Vec_111,Mol2Vec_112,Mol2Vec_113,Mol2Vec_114,Mol2Vec_115,Mol2Vec_116,Mol2Vec_117,Mol2Vec_118,Mol2Vec_119,Mol2Vec_120,Mol2Vec_121,Mol2Vec_122,Mol2Vec_123,Mol2Vec_124,Mol2Vec_125,Mol2Vec_126,Mol2Vec_127,Mol2Vec_128,Mol2Vec_129,Mol2Vec_130,Mol2Vec_131,Mol2Vec_132,Mol2Vec_133,Mol2Vec_134,Mol2Vec_135,Mol2Vec_136,Mol2Vec_137,Mol2Vec_138,Mol2Vec_139,Mol2Vec_140,Mol2Vec_141,Mol2Vec_142,Mol2Vec_143,Mol2Vec_144,Mol2Vec_145,Mol2Vec_146,Mol2Vec_147,Mol2Vec_148,Mol2Vec_149,Mol2Vec_150,Mol2Vec_151,Mol2Vec_152,Mol2Vec_153,Mol2Vec_154,Mol2Vec_155,Mol2Vec_156,Mol2Vec_157,Mol2Vec_158,Mol2Vec_159,Mol2Vec_160,Mol2Vec_161,Mol2Vec_162,Mol2Vec_163,Mol2Vec_164,Mol2Vec_165,Mol2Vec_166,Mol2Vec_167,Mol2Vec_168,Mol2Vec_169,Mol2Vec_170,Mol2Vec_171,Mol2Vec_172,Mol2Vec_173,Mol2Vec_174,Mol2Vec_175,Mol2Vec_176,Mol2Vec_177,Mol2Vec_178,Mol2Vec_179,Mol2Vec_180,Mol2Vec_181,Mol2Vec_182,Mol2Vec_183,Mol2Vec_184,Mol2Vec_185,Mol2Vec_186,Mol2Vec_187,Mol2Vec_188,Mol2Vec_189,Mol2Vec_190,Mol2Vec_191,Mol2Vec_192,Mol2Vec_193,Mol2Vec_194,Mol2Vec_195,Mol2Vec_196,Mol2Vec_197,Mol2Vec_198,Mol2Vec_199,Mol2Vec_200,Mol2Vec_201,Mol2Vec_202,Mol2Vec_203,Mol2Vec_204,Mol2Vec_205,Mol2Vec_206,Mol2Vec_207,Mol2Vec_208,Mol2Vec_209,Mol2Vec_210,Mol2Vec_211,Mol2Vec_212,Mol2Vec_213,Mol2Vec_214,Mol2Vec_215,Mol2Vec_216,Mol2Vec_217,Mol2Vec_218,Mol2Vec_219,Mol2Vec_220,Mol2Vec_221,Mol2Vec_222,Mol2Vec_223,Mol2Vec_224,Mol2Vec_225,Mol2Vec_226,Mol2Vec_227,Mol2Vec_228,Mol2Vec_229,Mol2Vec_230,Mol2Vec_231,Mol2Vec_232,Mol2Vec_233,Mol2Vec_234,Mol2Vec_235,Mol2Vec_236,Mol2Vec_237,Mol2Vec_238,Mol2Vec_239,Mol2Vec_240,Mol2Vec_241,Mol2Vec_242,Mol2Vec_243,Mol2Vec_244,Mol2Vec_245,Mol2Vec_246,Mol2Vec_247,Mol2Vec_248,Mol2Vec_249,Mol2Vec_250,Mol2Vec_251,Mol2Vec_252,Mol2Vec_253,Mol2Vec_254,Mol2Vec_255,Mol2Vec_256,Mol2Vec_257,Mol2Vec_258,Mol2Vec_259,Mol2Vec_260,Mol2Vec_261,Mol2Vec_262,Mol2Vec_263,Mol2Vec_264,Mol2Vec_265,Mol2Vec_266,Mol2Vec_267,Mol2Vec_268,Mol2Vec_269,Mol2Vec_270,Mol2Vec_271,Mol2Vec_272,Mol2Vec_273,Mol2Vec_274,Mol2Vec_275,Mol2Vec_276,Mol2Vec_277,Mol2Vec_278,Mol2Vec_279,Mol2Vec_280,Mol2Vec_281,Mol2Vec_282,Mol2Vec_283,Mol2Vec_284,Mol2Vec_285,Mol2Vec_286,Mol2Vec_287,Mol2Vec_288,Mol2Vec_289,Mol2Vec_290,Mol2Vec_291,Mol2Vec_292,Mol2Vec_293,Mol2Vec_294,Mol2Vec_295,Mol2Vec_296,Mol2Vec_297,Mol2Vec_298,Mol2Vec_299,AgonistP1AnagonistN1_label,ActivityValue_log_EC50
OXYR_HUMAN,CHEMBL3353929,CCC(C)C1NC(=O)C(Cc2ccc(O)cc2)NC(=O)CCSSCC(C(=O)N(CC(=O)NC(CC(C)C)C(=O)NCC(N)=O)C2CC2)NC(=O)C(CC(N)=O)NC(=O)C(CCC(N)=O)NC1=O,0,0,0,0,0,0,0,0,0,0,0,0,0,0,0,0,0,0,0,0,0,0,0,0,0,0,0,0,0,0,0,0,0,0,0,0,0,0,0,0,0,0,0,0,0,0,0,0,0,0,0,0,0,0,0,0,0,0,0,0,0,0,0,0,0,0,0,0,0,0,0,0,0,0,0,0,0,0,0,0,0,0,0,0,0,0,0,0,0,0,0,0,0,0,0,0,0,0,0,0,0,0,0,0,0,0,0,0,0,0,0,0,0,0,0,0,0,0,0,0,0,0,0,0,0,0,0,0,0,0,0,0,0,0,0,0,0,0,0,0,0,0,0,0,0,0,0,0,0,0,0,0,0,0,0,0,0,0,0,0,0,0,0,0,0,0,0,0,0,0,0,0,0,0,0,0,0,0,0,0,0,0,0,0,0,2,4,1,2,2,2,2,3,2,3,2,4,2,2,3,2,0,0,0,0,0,0,0,0,0,0,0,0,0,0,0,0,3,2,2,1,0,0,0,0,0,0,0,0,0,0,0,0,0,0,0,0,0,1,1,2,4,1,3,0,0,0,0,0,0,0,0,0,0,0,5,3,0,0,0,0,0,0,0,0,0,0,0,0,0,0,0,0,0,0,0,0,0,0,0,0,0,0,0,0,0,0,0,0,0,0,0,0,0,0,0,0,0,0,0,0,0,0,0,0,0,0,0,0,0,0,0,0,0,0,0,0,0,0,0,0,0,0,0,0,0,0,0,0,0,0,0,0,0,0,0,0,0,0,0,0,0,0,0,0,0,0,0,0,0,0,0,0,0,0,0,0,0,0,0,0,0,0,0,0,0,0,0,0,0,0,0,0,0,0,0,0,0,0,0,0,0,0,0,0,0,0,0,0,0,0,0,0,0,0,0,0,0,0,0,0,0,0,0,0,0,0,0,0,0,0,0,0,0,0,0,0,0,0,0,0,0,0,0,0,0,0,0,0,0,0,0,0,2,1,1,1,5,5,3,0,0,0,0,0,0,0,0,0,0,0,0,0,0,0,0,0,0,0,0,0,0,0,0,0,0,0,0,0,0,0,0,0,0,0,0,0,0,0,0,0,0,0,0,0,0,0,0,0,0,0,0,0,0,0,0,0,0,0,0,0,0,0,0,0,0,0,0,0,0,0,0,0,0,0,0,0,0,0,0,0,0,0,0,0,0,0,0,0,0,0,0,0,0,0,0,0,0,0,0,0,0,0,0,0,0,0,0,0,0,0,0,0,0,0,0,0,0,0,0,0,0,0,0,0,0,0,0,0,0,0,0,0,0,0,0,0,0,0,0,0,0,0,0,0,0,0,0,0,4,2,2,2,5,2,4,2,0,0,0,0,0,0,0,0,0,0,0,0,0,0,0,0,0,2,2,2,1,2,0,2,2,0,0,0,0,0,0,0,0,0,0,0,2,2,2,2,3,1,3,2,1,0,0,0,0,0,0,2,2,2,2,2,0,0,5,0,0,0,0,3,3,0,0,0,0,0,0,0,0,0,0,0,5,3,5,5,0,0,0,0,0,3,0,0,0,0,0,0,0,5,2,2,2,2,2,5,0,0,0,0,0,0,0,0,0,0,0,0,0,0,0,5,2,3,0,2,2,4,0,0,0,0,0,0,0,0,0,0,0,0,0,0,0,0,0,0,0,0,0,0,0,0,0,0,0,0,0,0,0,0,2,2,2,2,2,2,3,2,2,0,0,0,0,0,0,0,0,0,0,0,0,0,0,0,0,0,0,0,0,0,0,0,0,1,3,2,2,0,0,0,0,0,0,0,0,0,0,0,0,0,0,0,0,0,0,0,0,0,0,0,0,0,0,0,0,0,2,4,2,3,2,5,2,2,1,0,1,4,2,0,0,0,0,0,2,1,0,0,0,0,0,0,0,0,0,0,0,0,0,0,0,0,0,0,0,0,0,0,0,0,0,0,0,0,0,0,0,0,0,0,0,0,0,0,0,0,0,0,0,0,0,0,0,5,0,2,2,5,0,2,2,3,2,2,1,2,2,2,0,0,0,3,3,2,2,0,0,0,0,0,0,0,0,0,0,0,0,2,2,0,0,0,0,0,0,0,0,0,0,0,0,0,0,0,0,0,0,0,0,0,0,0,0,0,0,0,0,0,0,0,2,2,3,2,4,5,0,0,0,0,0,0,0,0,0,0,0,0,0,0,0,0,0,0,0,0,0,0,0,0,0,0,0,0,0,0,0,0,0,0,1,0,0,0,0,0,0,0,0,0,0,0,0,0,0,0,0,0,0,0,0,0,0,0,0,0,0,2,2,0,0,0,0,0,0,2,0,1,3,1,2,0,0,0,0,0,0,0,0,0,0,0,0,0,0,0,0,0,0,0,0,0,0,0,0,0,0,0,0,5,3,0,0,0,0,2,5,5,0,0,5,3,0,0,0,0,0,0,0,0,0,0,0,0,0,0,0,4,5,0,0,0,0,2,2,2,0,0,0,0,2,2,3,2,2,0,0,0,1,1,2,2,2,3,0,0,2,1,3,2,5,0,0,0,0,0,0,0,0,0,0,0,0,2,2,3,0,0,0,0,0,0,0,0,0,0,0,0,0,0,0,0,0,0,0,0,0,0,0,0,0,0,0,0,0,0,0,0,0,0,0,0,0,0,0,2,5,0,0,0,0,4,0,0,0,0,0,0,0,0,0,0,0,0,0,0,0,0,0,0,0,0,0,0,0,0,0,0,0,0,0,0,0,0,0,0,0,0,0,0,0,0,0,0,0,0,0,0,0,0,0,0,0,0,0,0,0,0,0,0,0,0,0,0,0,0,0,0,0,0,0,0,0,0,0,0,0,0,0,0,0,0,0,0,0,0,0,0,0,0,0,0,0,0,0,2,2,0,0,4,1,2,2,4,0,0,0,0,0,1,2,2,2,0,0,0,0,0,0,0,0,0,0,0,0,0,0,0,0,0,0,0,0,0,0,0,0,0,0,0,0,0,0,0,0,0,0,0,0,0,0,0,0,0,0,0,2,2,0,0,0,0,0,0,0,0,0,0,0,0,0,0,0,0,3,1,2,1,1,0,0,0,0,5,0,0,0,0,0,0,0,2,2,0,0,0,0,0,0,0,0,2,3,2,2,0,0,0,3,2,2,2,2,0,2,2,1,2,2,0,2,2,0,0,0,0,0,0,0,0,0,0,0,0,0,0,0,0,0,0,2,2,1,0,0,0,0,0,0,0,0,0,0,0,0,0,0,0,0,2,1,2,2,3,2,0,0,0,0,0,0,0,5,2,0,0,0,0,0,0,0,0,0,0,0,0,0,0,0,0,2,3,0,0,0,0,0,0,0,0,0,0,0,0,0,0,0,0,0,0,0,0,0,0,0,0,0,0,0,0,0,0,0,0,0,0,0,0,0,0,0,0,0,0,0,3,2,5,2,0,0,0,0,0,0,0,0,0,0,0,0,0,0,0,0,0,0,0,0,0,0,0,0,0,0,0,0,0,0,0,0,0,0,0,0,0,0,0,0,0,0,0,0,0,0,0,0,0,0,0,0,0,0,0,0,0,0,0,0,0,0,0,0,0,0,0,0,0,0,0,0,0,0,0,0,0,0,0,0,0,0,0,0,0,0,0,0,0,0,0,0,0,0,0,0,0,0,0,0,0,0,0,0,0,0,0,0,0,0,0,0,0,0,0,0,0,0,0,0,0,0,0,0,0,0,0,0,0,0,0,0,0,0,0,0,0,0,0,5,3,2,2,2,2,2,2,4,2,1,4,1,2,2,2,1,4,1,1,5,2,2,2,2,5,2,3,3,2,5,2,2,3,5,0,0,0,0,0,0,0,0,0,0,0,0,0,0,0,0,0,0,0,0,0,0,0,2,5,2,5,3,2,0,0,0,0,0,0,0,0,5,0,0,0,2,3,2,2,2,2,0,0,0,0,0,2,2,2,2,2,0,0,0,1,2,3,1,2,2,2,0,0,0,0,0,2,3,2,2,3,2,2,4,2,0,0,0,0,0,0,0,0,3,2,1,5,4,2,0,0,0,0,3,0,0,0,0,0,0,0,0,0,0,0,0,0,0,0,0,0,2,0,0,2,0,0,0,0,0,0,0,0,0,0,0,0,0,0,0,0,0,0,0,0,0,0,0,0,0,0,0,0,0,0,0,0,0,0,0,0,0,0,0,0,0,0,0,0,0,0,0,0,0,0,0,0,0,0,0,0,0,0,0,0,0,0,0,0,0,0,0,0,0,0,0,0,0,0,0,0,0,2,2,0,2,0,0,0,0,0,2,2,2,0,2,3,2,3,3,1,1,3,1,2,2,0,0,0,0,0,0,0,2,2,2,2,3,1,5,2,2,5,0,4,2,0,0,0,0,2,3,5,2,0,0,0,0,0,0,0,0,0,0,0,0,0,0,0,0,0,0,0,0,0,0,0,0,0,0,0,0,0,0,0,0,0,0,0,0,0,0,0,0,0,0,0,0,0,0,0,0,0,0,0,0,0,0,0,0,0,0,0,0,0,0,0,0,0,0,0,0,0,0,0,0,0,0,0,0,0,0,0,0,0,0,0,0,0,0,0,0,0,0,0,0,0,0,0,0,2,1,1,3,2,3,2,2,5,1,5,5,2,1,4,3,0,0,0,0,0,0,0,0,0,0,0,0,0,0,0,0,0,0,0,0,0,0,0,0,0,0,0,0,0,0,0,0,0,0,0,0,0,0,0,0,0,0,0,0,0,0,0,0,0,0,0,0,0,0,0,0,0,0,0,0,0,0,0,0,0,0,0,0,0,0,0,0,0,0,0,0,0,0,0,0,0,0,0,0,0,0,0,0,0,0,0,0,0,0,0,0,0,0,0,0,0,0,0,0,0,0,0,0,0,0,0,0,0,0,0,0,0,0,0,0,0,0,0,0,0,0,0,0,0,0,0,0,0,0,0,0,0,0,0,0,0,0,0,0,0,0,0,0,0,0,0,0,0,0,0,0,0,0,0,0,0,0,0,0,0,0,0,0,0,0,0,0,0,0,0,0,0,0,0,0,0,0,0,0,0,0,0,0,0,0,0,0,0,0,0,0,0,0,0,0,0,0,0,0,0,0,0,0,0,0,0,0,0,0,0,0,0,0,0,0,0,0,0,0,0,0,0,0,0,0,0,0,0,0,0,0,0,0,0,0,0,0,0,0,0,0,0,0,0,0,0,0,0,0,0,0,0,0,0,0,0,0,0,0,0,0,0,0,0,0,0,0,0,0,0,0,0,0,0,0,0,0,0,0,3,2,3,5,5,3,3,3,3,3,2,2,2,3,5,5,3,0,0,0,0,0,0,0,0,0,0,0,0,0,0,0,0,0,0,0,0,0,0,0,0,0,0,0,0,0,0,0,0,0,0,0,0,0,0,0,0,0,0,0,0,0,0,0,0,0,0,0,0,0,0,0,0,0,0,0,0,0,0,0,0,0,0,0,0,0,0,0,0,0,0,0,0,0,0,0,0,0,0,0,0,0,0,0,0,0,0,0,0,0,0,0,0,0,0,0,0,0,0,0,0,0,0,0,0,0,0,0,0,0,0,0,0,0,0,0,0,0,0,0,0,0,0,0,0,0,3,3,3,5,3,1,3,3,1,3,3,2,0,0,0,0,0,0,0,0,0,0,0,0,0,0,0,0,0,0,0,0,0,0,0,0,0,0,0,0,0,0,0,0,0,0,0,0,0,0,0,0,0,0,0,0,0,0,0,0,0,0,0,0,0,0,0,0,1.4418374300003052,-4.469403266906738,-5.1269636154174805,5.505238056182861,5.347695350646973,-17.469633102416992,-28.731407165527344,-5.452071666717529,24.531686782836918,-4.357601642608643,3.6637656688690186,21.898292541503903,0.799980640411377,13.18584442138672,-32.016624450683594,1.258364200592041,23.07329559326172,-28.583274841308597,-29.746213912963867,34.50353240966797,7.423059463500977,17.18529510498047,56.61870956420898,15.718585014343262,-16.214670181274414,6.482692241668701,-16.3494873046875,-35.53153610229492,2.18510365486145,-13.263017654418944,19.560752868652344,-10.157835960388184,-15.874079704284668,0.57948899269104,-2.6779985427856445,9.63039493560791,4.577175617218018,-3.0802090167999268,19.62124252319336,19.818967819213867,2.9873833656311035,1.777282953262329,-6.435164928436279,-10.48289966583252,-25.325538635253903,18.92998695373535,11.289795875549316,40.161869049072266,-9.068252563476562,-0.1996088325977325,10.081517219543455,-25.337146759033203,0.5307974815368652,-19.67890930175781,-33.160545349121094,-21.73874855041504,-14.573225021362305,14.95212745666504,5.422541618347168,9.812118530273438,1.6197160482406616,-17.236875534057617,-17.553264617919922,13.820878982543944,-41.44506072998047,4.975141525268555,19.31130027770996,11.030800819396973,-18.915298461914062,-1.1528544425964355,-7.260390758514404,12.527074813842772,14.221235275268556,-31.23042297363281,-2.3593599796295166,5.149135112762451,-26.80554580688477,0.5806746482849121,7.674450874328613,1.304259181022644,17.789247512817383,1.7390650510787964,-9.63973617553711,-39.49253082275391,17.332481384277344,-12.07082176208496,-9.649910926818848,4.225369930267334,8.11604118347168,-2.816021203994751,6.194581031799316,14.724405288696287,15.600231170654297,7.202023983001709,5.360739231109619,-4.568319797515869,18.86481285095215,10.11153507232666,17.434804916381836,-9.362359046936035,-6.489645004272461,-19.806581497192383,-23.65809631347656,-10.693255424499512,10.66786003112793,-29.79247093200684,-15.576852798461914,12.315363883972168,7.876885414123535,-18.984804153442383,-20.73702621459961,16.164356231689453,8.795587539672852,-12.448053359985352,-4.754148960113525,-9.01733112335205,17.048362731933594,22.2182559967041,-4.079363822937012,5.655933856964111,-12.774166107177734,14.925910949707031,-1.9168617725372317,32.37071228027344,0.7807013988494873,-34.8137092590332,-30.56497001647949,3.553386688232422,-14.519688606262209,0.3963916897773742,1.1987340450286863,-4.951000690460205,14.284690856933594,39.40302658081055,7.036216735839844,30.561487197875977,-2.380476236343384,-7.326457500457764,16.94634246826172,-13.233820915222168,25.136550903320312,-1.193450927734375,-9.94590950012207,-5.39179277420044,14.266589164733888,3.447964668273926,6.290070056915283,6.451573371887207,13.217673301696776,33.881072998046875,-3.5200653076171875,16.182920455932617,16.105783462524414,-22.42738914489746,-5.060496330261231,0.6532188653945923,-16.420642852783203,-3.7721240520477295,0.1758470684289932,-18.456737518310547,8.230313301086426,12.858749389648438,-12.184645652770996,6.266042232513428,16.274555206298828,-24.77657699584961,11.664576530456545,-9.846294403076172,3.437617063522339,16.74709129333496,-13.024426460266112,-20.07607650756836,35.069236755371094,-7.664328098297119,14.325411796569824,-3.3053739070892334,13.009016036987305,-3.384536027908325,-12.741103172302246,22.122920989990234,-13.125049591064451,23.07941436767578,-0.7071651220321655,28.96076202392578,10.73149871826172,-10.974557876586914,2.319463968276977,4.060283660888672,-6.625746726989746,-18.79893684387207,3.2978262901306152,-7.868063926696777,-16.3424129486084,6.046335697174072,13.04812717437744,4.631044864654541,0.8321341276168823,-27.659910202026367,-8.249323844909668,-9.48577880859375,-1.4214229583740234,-6.044204711914063,9.398354530334473,-6.562171459197998,-4.507073402404785,-6.817047595977783,32.739356994628906,27.230154037475582,26.42929077148437,-15.289894104003906,30.867938995361328,-0.2795873880386352,32.31618881225586,-15.25843334197998,13.15274429321289,-0.9438120722770692,13.816061973571776,10.1333646774292,-9.600481033325195,14.868919372558594,11.04603672027588,-21.198017120361328,-8.717309951782227,1.258342146873474,7.360738754272461,-13.98131275177002,-3.3478033542633057,-2.744860887527466,12.117566108703612,-26.02018547058105,6.681612014770508,-4.54124927520752,-20.5097713470459,-22.45181655883789,3.6717162132263184,-26.1881160736084,-5.579702377319336,-8.67711067199707,-6.957045555114746,28.873538970947266,18.70628547668457,-27.9222412109375,19.765289306640625,-6.443371772766113,-3.2747037410736084,23.231992721557617,-41.716739654541016,-15.004894256591797,3.569266557693481,13.042527198791504,-45.33535385131836,10.568614959716797,10.8765287399292,-6.820560932159424,-24.580541610717773,18.52849006652832,3.6546151638031006,-16.11754035949707,32.296051025390625,-25.03721046447754,-8.400634765625,8.442848205566406,2.5533647537231445,16.912260055541992,-3.513875961303711,-23.270421981811523,-10.569771766662598,1.6293222904205322,6.498827934265137,-18.9614200592041,2.710855007171631,11.351378440856934,-12.935206413269045,4.217843055725098,-0.4572920799255371,-21.722003936767575,-10.311297416687012,-9.232973098754885,-11.805973052978516,20.89781188964844,-13.585623741149902,-19.17709350585937,-22.87778854370117,-13.19705867767334,-11.330812454223633,13.632859230041504,0.5556195974349976,-1.8516162633895876,-10.704571723937988,-9.89769172668457,7.775832653045654,31.623573303222656,11.030363082885742,10.926473617553713,-28.287612915039062,-19.972187042236328,-16.066133499145508,-23.324146270751957,-42.717193603515625,-1.2590646743774414,1.0,-0.9999999999999998
OXYR_HUMAN,CHEMBL1093744,CCN(C(=O)N1CC(Oc2cc(F)cc(F)c2C)C1)c1ccc(OC)nc1,0,0,0,0,0,0,0,0,0,0,0,0,0,0,0,0,0,0,0,0,0,0,0,0,0,0,0,0,0,0,0,0,0,0,0,0,0,0,0,0,0,0,0,0,0,0,0,0,0,0,0,0,0,0,0,0,0,0,0,0,0,0,0,0,0,0,0,0,0,0,0,0,0,0,0,0,0,0,0,0,0,0,0,0,0,0,0,0,0,0,0,0,0,0,0,0,0,0,0,0,0,0,0,0,0,0,0,0,0,0,0,0,0,0,0,0,0,0,0,0,0,0,0,0,0,0,0,0,0,0,0,0,0,0,0,0,0,0,0,0,0,0,0,0,0,0,0,0,0,0,0,0,0,0,0,0,0,0,0,0,0,0,0,0,0,0,0,0,0,0,0,0,0,0,0,0,0,0,0,0,0,0,0,0,0,2,4,1,2,2,2,2,3,2,3,2,4,2,2,3,2,0,0,0,0,0,0,0,0,0,0,0,0,0,0,0,0,3,2,2,1,0,0,0,0,0,0,0,0,0,0,0,0,0,0,0,0,0,1,1,2,4,1,3,0,0,0,0,0,0,0,0,0,0,0,5,3,0,0,0,0,0,0,0,0,0,0,0,0,0,0,0,0,0,0,0,0,0,0,0,0,0,0,0,0,0,0,0,0,0,0,0,0,0,0,0,0,0,0,0,0,0,0,0,0,0,0,0,0,0,0,0,0,0,0,0,0,0,0,0,0,0,0,0,0,0,0,0,0,0,0,0,0,0,0,0,0,0,0,0,0,0,0,0,0,0,0,0,0,0,0,0,0,0,0,0,0,0,0,0,0,0,0,0,0,0,0,0,0,0,0,0,0,0,0,0,0,0,0,0,0,0,0,0,0,0,0,0,0,0,0,0,0,0,0,0,0,0,0,0,0,0,0,0,0,0,0,0,0,0,0,0,0,0,0,0,0,0,0,0,0,0,0,0,0,0,0,0,0,0,0,0,0,2,1,1,1,5,5,3,0,0,0,0,0,0,0,0,0,0,0,0,0,0,0,0,0,0,0,0,0,0,0,0,0,0,0,0,0,0,0,0,0,0,0,0,0,0,0,0,0,0,0,0,0,0,0,0,0,0,0,0,0,0,0,0,0,0,0,0,0,0,0,0,0,0,0,0,0,0,0,0,0,0,0,0,0,0,0,0,0,0,0,0,0,0,0,0,0,0,0,0,0,0,0,0,0,0,0,0,0,0,0,0,0,0,0,0,0,0,0,0,0,0,0,0,0,0,0,0,0,0,0,0,0,0,0,0,0,0,0,0,0,0,0,0,0,0,0,0,0,0,0,0,0,0,0,0,0,4,2,2,2,5,2,4,2,0,0,0,0,0,0,0,0,0,0,0,0,0,0,0,0,0,2,2,2,1,2,0,2,2,0,0,0,0,0,0,0,0,0,0,0,2,2,2,2,3,1,3,2,1,0,0,0,0,0,0,2,2,2,2,2,0,0,5,0,0,0,0,3,3,0,0,0,0,0,0,0,0,0,0,0,5,3,5,5,0,0,0,0,0,3,0,0,0,0,0,0,0,5,2,2,2,2,2,5,0,0,0,0,0,0,0,0,0,0,0,0,0,0,0,5,2,3,0,2,2,4,0,0,0,0,0,0,0,0,0,0,0,0,0,0,0,0,0,0,0,0,0,0,0,0,0,0,0,0,0,0,0,0,2,2,2,2,2,2,3,2,2,0,0,0,0,0,0,0,0,0,0,0,0,0,0,0,0,0,0,0,0,0,0,0,0,1,3,2,2,0,0,0,0,0,0,0,0,0,0,0,0,0,0,0,0,0,0,0,0,0,0,0,0,0,0,0,0,0,2,4,2,3,2,5,2,2,1,0,1,4,2,0,0,0,0,0,2,1,0,0,0,0,0,0,0,0,0,0,0,0,0,0,0,0,0,0,0,0,0,0,0,0,0,0,0,0,0,0,0,0,0,0,0,0,0,0,0,0,0,0,0,0,0,0,0,5,0,2,2,5,0,2,2,3,2,2,1,2,2,2,0,0,0,3,3,2,2,0,0,0,0,0,0,0,0,0,0,0,0,2,2,0,0,0,0,0,0,0,0,0,0,0,0,0,0,0,0,0,0,0,0,0,0,0,0,0,0,0,0,0,0,0,2,2,3,2,4,5,0,0,0,0,0,0,0,0,0,0,0,0,0,0,0,0,0,0,0,0,0,0,0,0,0,0,0,0,0,0,0,0,0,0,1,0,0,0,0,0,0,0,0,0,0,0,0,0,0,0,0,0,0,0,0,0,0,0,0,0,0,2,2,0,0,0,0,0,0,2,0,1,3,1,2,0,0,0,0,0,0,0,0,0,0,0,0,0,0,0,0,0,0,0,0,0,0,0,0,0,0,0,0,5,3,0,0,0,0,2,5,5,0,0,5,3,0,0,0,0,0,0,0,0,0,0,0,0,0,0,0,4,5,0,0,0,0,2,2,2,0,0,0,0,2,2,3,2,2,0,0,0,1,1,2,2,2,3,0,0,2,1,3,2,5,0,0,0,0,0,0,0,0,0,0,0,0,2,2,3,0,0,0,0,0,0,0,0,0,0,0,0,0,0,0,0,0,0,0,0,0,0,0,0,0,0,0,0,0,0,0,0,0,0,0,0,0,0,0,2,5,0,0,0,0,4,0,0,0,0,0,0,0,0,0,0,0,0,0,0,0,0,0,0,0,0,0,0,0,0,0,0,0,0,0,0,0,0,0,0,0,0,0,0,0,0,0,0,0,0,0,0,0,0,0,0,0,0,0,0,0,0,0,0,0,0,0,0,0,0,0,0,0,0,0,0,0,0,0,0,0,0,0,0,0,0,0,0,0,0,0,0,0,0,0,0,0,0,0,2,2,0,0,4,1,2,2,4,0,0,0,0,0,1,2,2,2,0,0,0,0,0,0,0,0,0,0,0,0,0,0,0,0,0,0,0,0,0,0,0,0,0,0,0,0,0,0,0,0,0,0,0,0,0,0,0,0,0,0,0,2,2,0,0,0,0,0,0,0,0,0,0,0,0,0,0,0,0,3,1,2,1,1,0,0,0,0,5,0,0,0,0,0,0,0,2,2,0,0,0,0,0,0,0,0,2,3,2,2,0,0,0,3,2,2,2,2,0,2,2,1,2,2,0,2,2,0,0,0,0,0,0,0,0,0,0,0,0,0,0,0,0,0,0,2,2,1,0,0,0,0,0,0,0,0,0,0,0,0,0,0,0,0,2,1,2,2,3,2,0,0,0,0,0,0,0,5,2,0,0,0,0,0,0,0,0,0,0,0,0,0,0,0,0,2,3,0,0,0,0,0,0,0,0,0,0,0,0,0,0,0,0,0,0,0,0,0,0,0,0,0,0,0,0,0,0,0,0,0,0,0,0,0,0,0,0,0,0,0,3,2,5,2,0,0,0,0,0,0,0,0,0,0,0,0,0,0,0,0,0,0,0,0,0,0,0,0,0,0,0,0,0,0,0,0,0,0,0,0,0,0,0,0,0,0,0,0,0,0,0,0,0,0,0,0,0,0,0,0,0,0,0,0,0,0,0,0,0,0,0,0,0,0,0,0,0,0,0,0,0,0,0,0,0,0,0,0,0,0,0,0,0,0,0,0,0,0,0,0,0,0,0,0,0,0,0,0,0,0,0,0,0,0,0,0,0,0,0,0,0,0,0,0,0,0,0,0,0,0,0,0,0,0,0,0,0,0,0,0,0,0,0,5,3,2,2,2,2,2,2,4,2,1,4,1,2,2,2,1,4,1,1,5,2,2,2,2,5,2,3,3,2,5,2,2,3,5,0,0,0,0,0,0,0,0,0,0,0,0,0,0,0,0,0,0,0,0,0,0,0,2,5,2,5,3,2,0,0,0,0,0,0,0,0,5,0,0,0,2,3,2,2,2,2,0,0,0,0,0,2,2,2,2,2,0,0,0,1,2,3,1,2,2,2,0,0,0,0,0,2,3,2,2,3,2,2,4,2,0,0,0,0,0,0,0,0,3,2,1,5,4,2,0,0,0,0,3,0,0,0,0,0,0,0,0,0,0,0,0,0,0,0,0,0,2,0,0,2,0,0,0,0,0,0,0,0,0,0,0,0,0,0,0,0,0,0,0,0,0,0,0,0,0,0,0,0,0,0,0,0,0,0,0,0,0,0,0,0,0,0,0,0,0,0,0,0,0,0,0,0,0,0,0,0,0,0,0,0,0,0,0,0,0,0,0,0,0,0,0,0,0,0,0,0,0,2,2,0,2,0,0,0,0,0,2,2,2,0,2,3,2,3,3,1,1,3,1,2,2,0,0,0,0,0,0,0,2,2,2,2,3,1,5,2,2,5,0,4,2,0,0,0,0,2,3,5,2,0,0,0,0,0,0,0,0,0,0,0,0,0,0,0,0,0,0,0,0,0,0,0,0,0,0,0,0,0,0,0,0,0,0,0,0,0,0,0,0,0,0,0,0,0,0,0,0,0,0,0,0,0,0,0,0,0,0,0,0,0,0,0,0,0,0,0,0,0,0,0,0,0,0,0,0,0,0,0,0,0,0,0,0,0,0,0,0,0,0,0,0,0,0,0,0,2,1,1,3,2,3,2,2,5,1,5,5,2,1,4,3,0,0,0,0,0,0,0,0,0,0,0,0,0,0,0,0,0,0,0,0,0,0,0,0,0,0,0,0,0,0,0,0,0,0,0,0,0,0,0,0,0,0,0,0,0,0,0,0,0,0,0,0,0,0,0,0,0,0,0,0,0,0,0,0,0,0,0,0,0,0,0,0,0,0,0,0,0,0,0,0,0,0,0,0,0,0,0,0,0,0,0,0,0,0,0,0,0,0,0,0,0,0,0,0,0,0,0,0,0,0,0,0,0,0,0,0,0,0,0,0,0,0,0,0,0,0,0,0,0,0,0,0,0,0,0,0,0,0,0,0,0,0,0,0,0,0,0,0,0,0,0,0,0,0,0,0,0,0,0,0,0,0,0,0,0,0,0,0,0,0,0,0,0,0,0,0,0,0,0,0,0,0,0,0,0,0,0,0,0,0,0,0,0,0,0,0,0,0,0,0,0,0,0,0,0,0,0,0,0,0,0,0,0,0,0,0,0,0,0,0,0,0,0,0,0,0,0,0,0,0,0,0,0,0,0,0,0,0,0,0,0,0,0,0,0,0,0,0,0,0,0,0,0,0,0,0,0,0,0,0,0,0,0,0,0,0,0,0,0,0,0,0,0,0,0,0,0,0,0,0,0,0,0,0,3,2,3,5,5,3,3,3,3,3,2,2,2,3,5,5,3,0,0,0,0,0,0,0,0,0,0,0,0,0,0,0,0,0,0,0,0,0,0,0,0,0,0,0,0,0,0,0,0,0,0,0,0,0,0,0,0,0,0,0,0,0,0,0,0,0,0,0,0,0,0,0,0,0,0,0,0,0,0,0,0,0,0,0,0,0,0,0,0,0,0,0,0,0,0,0,0,0,0,0,0,0,0,0,0,0,0,0,0,0,0,0,0,0,0,0,0,0,0,0,0,0,0,0,0,0,0,0,0,0,0,0,0,0,0,0,0,0,0,0,0,0,0,0,0,0,3,3,3,5,3,1,3,3,1,3,3,2,0,0,0,0,0,0,0,0,0,0,0,0,0,0,0,0,0,0,0,0,0,0,0,0,0,0,0,0,0,0,0,0,0,0,0,0,0,0,0,0,0,0,0,0,0,0,0,0,0,0,0,0,0,0,0,0,2.584335803985596,-5.3613715171813965,-3.3956611156463623,4.97253942489624,-0.1180064976215362,-0.7409809827804565,-10.455894470214844,0.507834255695343,8.781785011291504,2.506723403930664,-2.2353675365448,1.424164652824402,-4.916549205780029,2.4454503059387207,-7.001794338226318,-4.528610706329346,5.669989585876465,-6.027597904205322,-3.0203394889831543,7.118087291717529,5.046933650970459,5.9632248878479,16.202322006225586,6.69957160949707,-7.943099021911621,-0.7402796745300293,-2.7266619205474854,-8.493996620178223,1.539062261581421,1.0369524955749512,8.479828834533691,-8.96823501586914,-5.82726001739502,-5.285938739776611,2.6147007942199707,-0.3336511850357055,0.0894618034362793,-1.3971710205078125,7.756001949310303,2.340065717697144,-3.9715518951416016,-0.3452926874160766,-3.523566484451294,-0.5968425869941711,-12.203571319580078,5.458766460418701,-1.8860528469085691,9.16491985321045,-7.0486578941345215,8.566825866699219,5.092968463897705,-4.524231433868408,0.6859465837478638,-9.852068901062012,-7.4321370124816895,-7.247537136077881,-4.734829902648926,-0.2940475940704345,4.267154216766357,7.854701519012451,1.0665570497512815,-8.303350448608398,-3.2531609535217285,1.2209028005599976,-16.88910484313965,-2.138073205947876,9.42030906677246,-1.4126362800598145,-3.0118985176086426,-0.5022680759429932,-6.880823612213135,-0.0683152601122856,10.030261993408203,-5.386965751647949,-2.854345798492432,6.530880451202393,-9.98975658416748,2.41245174407959,-3.7826433181762695,1.8487234115600584,6.7914652824401855,-3.607205629348755,-1.5147676467895508,-12.267987251281738,2.304091453552246,-2.465987205505371,-5.401113986968994,7.829105854034424,2.5245227813720703,-0.7993463277816772,6.536445617675781,2.515658140182495,4.448324680328369,5.941181659698486,2.299013376235962,-1.0298298597335815,4.560425758361816,5.985003471374512,4.72821855545044,3.427929639816284,-7.359531402587891,-4.743190765380859,-5.476360321044922,-11.040484428405762,3.734273195266724,-5.454260349273682,-1.6155859231948853,2.824395179748535,1.6795116662979126,-6.5699076652526855,-10.155037879943848,3.94513750076294,4.083169460296631,-0.2831426560878753,3.9664692878723145,-5.02617883682251,5.76036548614502,9.501267433166504,-3.69465708732605,6.043636798858643,-9.563780784606934,1.3722779750823977,-4.953693389892578,6.58576774597168,5.167383193969727,-9.54041862487793,-7.371827125549316,-1.3361876010894775,-5.226883888244629,1.9233587980270384,-2.540365934371948,3.3529951572418213,9.122200012207031,8.502256393432617,-1.6910133361816406,15.934066772460938,10.847617149353027,-1.012694239616394,8.852822303771973,-3.0349113941192627,7.052714347839356,-1.5027010440826416,-4.813830852508545,-1.5166265964508057,8.543978691101074,6.930487155914307,1.8918765783309937,3.61321234703064,-0.4071328043937683,7.0757155418396,7.765773296356201,2.353126049041748,8.64870548248291,-1.231536030769348,-1.3767406940460205,4.112059593200684,-8.137328147888184,-3.107672691345215,-0.369592010974884,-4.265716552734375,-2.3315157890319824,-4.361509799957275,-5.39725923538208,1.19778311252594,0.7391372919082642,-7.661522388458252,0.7697268724441528,-1.4723715782165527,0.3209608793258667,5.536663055419922,-7.648661136627197,-5.036919593811035,11.041913986206056,-1.220911979675293,3.7007267475128174,3.780215263366699,5.74385404586792,-1.9915364980697632,-0.3778890371322632,11.902894020080566,-0.0865318998694419,6.795886039733887,-4.265197277069092,10.27214241027832,6.530995845794678,-3.864932060241699,-3.834030866622925,-4.499534606933594,-5.347659111022949,-2.268095016479492,-0.864638090133667,0.5826782584190369,1.424612283706665,0.6631485819816589,-0.6116496324539185,-1.436484456062317,-4.551919937133789,-10.197375297546388,-2.4167821407318115,4.490493297576904,5.196132183074951,3.857707500457764,4.83267879486084,3.5737996101379395,6.2620062828063965,-3.85732650756836,11.258500099182127,5.3970160484313965,12.119478225708008,-3.561117887496948,12.76283359527588,-3.075599193572998,6.795444011688232,-5.812917232513428,3.381823778152466,0.6686356663703918,3.2624223232269287,4.577065467834473,-7.672187805175781,4.972653865814209,1.1671676635742188,-8.211456298828125,-3.730801820755005,0.487217515707016,3.764031648635864,-3.8144822120666495,-3.5241119861602783,-0.2907094955444336,3.5939507484436035,-6.002520561218262,3.832365036010742,-1.8756098747253416,-5.218414783477783,-11.899365425109863,-4.398473262786865,-6.959805011749268,-5.313418388366699,0.9023945331573486,-6.1586456298828125,8.555126190185547,4.886551856994629,-2.663792848587036,5.949598789215088,2.81777572631836,-4.885092735290527,3.348205327987671,-11.22919750213623,-6.386489868164063,-1.2661025524139404,-3.247055530548096,-14.16479206085205,2.188422203063965,-1.038538932800293,-0.3674250841140747,-14.022733688354492,0.8816471695899963,4.6232428550720215,-6.365320682525635,4.723715782165527,-6.712618350982666,3.3038017749786377,6.742417335510254,5.904056072235107,9.531807899475098,4.798183917999268,-3.861797332763672,-9.240723609924316,6.065871715545654,-0.7359626889228821,-3.939808368682861,-2.956882953643799,3.516704797744751,-2.8974294662475586,3.69622015953064,-2.8064844608306885,-4.113437652587891,-2.4148826599121094,-0.5491955280303955,-0.6811122894287109,0.4950743317604065,-4.8988037109375,-6.270975589752197,-14.179884910583496,-6.273554801940918,1.386595606803894,3.111093759536743,-0.6290382146835327,-2.235567331314087,-3.865351915359497,1.0632319450378418,0.3004000782966614,10.420642852783203,9.7612886428833,-1.139852523803711,-8.927987098693848,-5.995131015777588,-6.25192928314209,-4.8029465675354,-13.497397422790527,-3.6265575885772714,-1.0,1.564666064252089
OXYR_HUMAN,CHEMBL1643588,CCCNCc1ccc(-c2nc(CN(C3CCCC3)S(=O)(=O)c3ccc(OC)cc3)cs2)cc1,0,0,0,0,0,0,0,0,0,0,0,0,0,0,0,0,0,0,0,0,0,0,0,0,0,0,0,0,0,0,0,0,0,0,0,0,0,0,0,0,0,0,0,0,0,0,0,0,0,0,0,0,0,0,0,0,0,0,0,0,0,0,0,0,0,0,0,0,0,0,0,0,0,0,0,0,0,0,0,0,0,0,0,0,0,0,0,0,0,0,0,0,0,0,0,0,0,0,0,0,0,0,0,0,0,0,0,0,0,0,0,0,0,0,0,0,0,0,0,0,0,0,0,0,0,0,0,0,0,0,0,0,0,0,0,0,0,0,0,0,0,0,0,0,0,0,0,0,0,0,0,0,0,0,0,0,0,0,0,0,0,0,0,0,0,0,0,0,0,0,0,0,0,0,0,0,0,0,0,0,0,0,0,0,0,2,4,1,2,2,2,2,3,2,3,2,4,2,2,3,2,0,0,0,0,0,0,0,0,0,0,0,0,0,0,0,0,3,2,2,1,0,0,0,0,0,0,0,0,0,0,0,0,0,0,0,0,0,1,1,2,4,1,3,0,0,0,0,0,0,0,0,0,0,0,5,3,0,0,0,0,0,0,0,0,0,0,0,0,0,0,0,0,0,0,0,0,0,0,0,0,0,0,0,0,0,0,0,0,0,0,0,0,0,0,0,0,0,0,0,0,0,0,0,0,0,0,0,0,0,0,0,0,0,0,0,0,0,0,0,0,0,0,0,0,0,0,0,0,0,0,0,0,0,0,0,0,0,0,0,0,0,0,0,0,0,0,0,0,0,0,0,0,0,0,0,0,0,0,0,0,0,0,0,0,0,0,0,0,0,0,0,0,0,0,0,0,0,0,0,0,0,0,0,0,0,0,0,0,0,0,0,0,0,0,0,0,0,0,0,0,0,0,0,0,0,0,0,0,0,0,0,0,0,0,0,0,0,0,0,0,0,0,0,0,0,0,0,0,0,0,0,0,2,1,1,1,5,5,3,0,0,0,0,0,0,0,0,0,0,0,0,0,0,0,0,0,0,0,0,0,0,0,0,0,0,0,0,0,0,0,0,0,0,0,0,0,0,0,0,0,0,0,0,0,0,0,0,0,0,0,0,0,0,0,0,0,0,0,0,0,0,0,0,0,0,0,0,0,0,0,0,0,0,0,0,0,0,0,0,0,0,0,0,0,0,0,0,0,0,0,0,0,0,0,0,0,0,0,0,0,0,0,0,0,0,0,0,0,0,0,0,0,0,0,0,0,0,0,0,0,0,0,0,0,0,0,0,0,0,0,0,0,0,0,0,0,0,0,0,0,0,0,0,0,0,0,0,0,4,2,2,2,5,2,4,2,0,0,0,0,0,0,0,0,0,0,0,0,0,0,0,0,0,2,2,2,1,2,0,2,2,0,0,0,0,0,0,0,0,0,0,0,2,2,2,2,3,1,3,2,1,0,0,0,0,0,0,2,2,2,2,2,0,0,5,0,0,0,0,3,3,0,0,0,0,0,0,0,0,0,0,0,5,3,5,5,0,0,0,0,0,3,0,0,0,0,0,0,0,5,2,2,2,2,2,5,0,0,0,0,0,0,0,0,0,0,0,0,0,0,0,5,2,3,0,2,2,4,0,0,0,0,0,0,0,0,0,0,0,0,0,0,0,0,0,0,0,0,0,0,0,0,0,0,0,0,0,0,0,0,2,2,2,2,2,2,3,2,2,0,0,0,0,0,0,0,0,0,0,0,0,0,0,0,0,0,0,0,0,0,0,0,0,1,3,2,2,0,0,0,0,0,0,0,0,0,0,0,0,0,0,0,0,0,0,0,0,0,0,0,0,0,0,0,0,0,2,4,2,3,2,5,2,2,1,0,1,4,2,0,0,0,0,0,2,1,0,0,0,0,0,0,0,0,0,0,0,0,0,0,0,0,0,0,0,0,0,0,0,0,0,0,0,0,0,0,0,0,0,0,0,0,0,0,0,0,0,0,0,0,0,0,0,5,0,2,2,5,0,2,2,3,2,2,1,2,2,2,0,0,0,3,3,2,2,0,0,0,0,0,0,0,0,0,0,0,0,2,2,0,0,0,0,0,0,0,0,0,0,0,0,0,0,0,0,0,0,0,0,0,0,0,0,0,0,0,0,0,0,0,2,2,3,2,4,5,0,0,0,0,0,0,0,0,0,0,0,0,0,0,0,0,0,0,0,0,0,0,0,0,0,0,0,0,0,0,0,0,0,0,1,0,0,0,0,0,0,0,0,0,0,0,0,0,0,0,0,0,0,0,0,0,0,0,0,0,0,2,2,0,0,0,0,0,0,2,0,1,3,1,2,0,0,0,0,0,0,0,0,0,0,0,0,0,0,0,0,0,0,0,0,0,0,0,0,0,0,0,0,5,3,0,0,0,0,2,5,5,0,0,5,3,0,0,0,0,0,0,0,0,0,0,0,0,0,0,0,4,5,0,0,0,0,2,2,2,0,0,0,0,2,2,3,2,2,0,0,0,1,1,2,2,2,3,0,0,2,1,3,2,5,0,0,0,0,0,0,0,0,0,0,0,0,2,2,3,0,0,0,0,0,0,0,0,0,0,0,0,0,0,0,0,0,0,0,0,0,0,0,0,0,0,0,0,0,0,0,0,0,0,0,0,0,0,0,2,5,0,0,0,0,4,0,0,0,0,0,0,0,0,0,0,0,0,0,0,0,0,0,0,0,0,0,0,0,0,0,0,0,0,0,0,0,0,0,0,0,0,0,0,0,0,0,0,0,0,0,0,0,0,0,0,0,0,0,0,0,0,0,0,0,0,0,0,0,0,0,0,0,0,0,0,0,0,0,0,0,0,0,0,0,0,0,0,0,0,0,0,0,0,0,0,0,0,0,2,2,0,0,4,1,2,2,4,0,0,0,0,0,1,2,2,2,0,0,0,0,0,0,0,0,0,0,0,0,0,0,0,0,0,0,0,0,0,0,0,0,0,0,0,0,0,0,0,0,0,0,0,0,0,0,0,0,0,0,0,2,2,0,0,0,0,0,0,0,0,0,0,0,0,0,0,0,0,3,1,2,1,1,0,0,0,0,5,0,0,0,0,0,0,0,2,2,0,0,0,0,0,0,0,0,2,3,2,2,0,0,0,3,2,2,2,2,0,2,2,1,2,2,0,2,2,0,0,0,0,0,0,0,0,0,0,0,0,0,0,0,0,0,0,2,2,1,0,0,0,0,0,0,0,0,0,0,0,0,0,0,0,0,2,1,2,2,3,2,0,0,0,0,0,0,0,5,2,0,0,0,0,0,0,0,0,0,0,0,0,0,0,0,0,2,3,0,0,0,0,0,0,0,0,0,0,0,0,0,0,0,0,0,0,0,0,0,0,0,0,0,0,0,0,0,0,0,0,0,0,0,0,0,0,0,0,0,0,0,3,2,5,2,0,0,0,0,0,0,0,0,0,0,0,0,0,0,0,0,0,0,0,0,0,0,0,0,0,0,0,0,0,0,0,0,0,0,0,0,0,0,0,0,0,0,0,0,0,0,0,0,0,0,0,0,0,0,0,0,0,0,0,0,0,0,0,0,0,0,0,0,0,0,0,0,0,0,0,0,0,0,0,0,0,0,0,0,0,0,0,0,0,0,0,0,0,0,0,0,0,0,0,0,0,0,0,0,0,0,0,0,0,0,0,0,0,0,0,0,0,0,0,0,0,0,0,0,0,0,0,0,0,0,0,0,0,0,0,0,0,0,0,5,3,2,2,2,2,2,2,4,2,1,4,1,2,2,2,1,4,1,1,5,2,2,2,2,5,2,3,3,2,5,2,2,3,5,0,0,0,0,0,0,0,0,0,0,0,0,0,0,0,0,0,0,0,0,0,0,0,2,5,2,5,3,2,0,0,0,0,0,0,0,0,5,0,0,0,2,3,2,2,2,2,0,0,0,0,0,2,2,2,2,2,0,0,0,1,2,3,1,2,2,2,0,0,0,0,0,2,3,2,2,3,2,2,4,2,0,0,0,0,0,0,0,0,3,2,1,5,4,2,0,0,0,0,3,0,0,0,0,0,0,0,0,0,0,0,0,0,0,0,0,0,2,0,0,2,0,0,0,0,0,0,0,0,0,0,0,0,0,0,0,0,0,0,0,0,0,0,0,0,0,0,0,0,0,0,0,0,0,0,0,0,0,0,0,0,0,0,0,0,0,0,0,0,0,0,0,0,0,0,0,0,0,0,0,0,0,0,0,0,0,0,0,0,0,0,0,0,0,0,0,0,0,2,2,0,2,0,0,0,0,0,2,2,2,0,2,3,2,3,3,1,1,3,1,2,2,0,0,0,0,0,0,0,2,2,2,2,3,1,5,2,2,5,0,4,2,0,0,0,0,2,3,5,2,0,0,0,0,0,0,0,0,0,0,0,0,0,0,0,0,0,0,0,0,0,0,0,0,0,0,0,0,0,0,0,0,0,0,0,0,0,0,0,0,0,0,0,0,0,0,0,0,0,0,0,0,0,0,0,0,0,0,0,0,0,0,0,0,0,0,0,0,0,0,0,0,0,0,0,0,0,0,0,0,0,0,0,0,0,0,0,0,0,0,0,0,0,0,0,0,2,1,1,3,2,3,2,2,5,1,5,5,2,1,4,3,0,0,0,0,0,0,0,0,0,0,0,0,0,0,0,0,0,0,0,0,0,0,0,0,0,0,0,0,0,0,0,0,0,0,0,0,0,0,0,0,0,0,0,0,0,0,0,0,0,0,0,0,0,0,0,0,0,0,0,0,0,0,0,0,0,0,0,0,0,0,0,0,0,0,0,0,0,0,0,0,0,0,0,0,0,0,0,0,0,0,0,0,0,0,0,0,0,0,0,0,0,0,0,0,0,0,0,0,0,0,0,0,0,0,0,0,0,0,0,0,0,0,0,0,0,0,0,0,0,0,0,0,0,0,0,0,0,0,0,0,0,0,0,0,0,0,0,0,0,0,0,0,0,0,0,0,0,0,0,0,0,0,0,0,0,0,0,0,0,0,0,0,0,0,0,0,0,0,0,0,0,0,0,0,0,0,0,0,0,0,0,0,0,0,0,0,0,0,0,0,0,0,0,0,0,0,0,0,0,0,0,0,0,0,0,0,0,0,0,0,0,0,0,0,0,0,0,0,0,0,0,0,0,0,0,0,0,0,0,0,0,0,0,0,0,0,0,0,0,0,0,0,0,0,0,0,0,0,0,0,0,0,0,0,0,0,0,0,0,0,0,0,0,0,0,0,0,0,0,0,0,0,0,0,3,2,3,5,5,3,3,3,3,3,2,2,2,3,5,5,3,0,0,0,0,0,0,0,0,0,0,0,0,0,0,0,0,0,0,0,0,0,0,0,0,0,0,0,0,0,0,0,0,0,0,0,0,0,0,0,0,0,0,0,0,0,0,0,0,0,0,0,0,0,0,0,0,0,0,0,0,0,0,0,0,0,0,0,0,0,0,0,0,0,0,0,0,0,0,0,0,0,0,0,0,0,0,0,0,0,0,0,0,0,0,0,0,0,0,0,0,0,0,0,0,0,0,0,0,0,0,0,0,0,0,0,0,0,0,0,0,0,0,0,0,0,0,0,0,0,3,3,3,5,3,1,3,3,1,3,3,2,0,0,0,0,0,0,0,0,0,0,0,0,0,0,0,0,0,0,0,0,0,0,0,0,0,0,0,0,0,0,0,0,0,0,0,0,0,0,0,0,0,0,0,0,0,0,0,0,0,0,0,0,0,0,0,0,1.215846300125122,-4.585982799530029,-2.97579026222229,7.201843738555908,1.6334781646728516,0.8926972150802612,-15.00791072845459,-1.0280003547668457,11.418045043945312,3.2475926876068115,-3.603513240814209,-0.4197387397289276,-9.1639404296875,2.408156394958496,-7.334639072418213,-0.8684984445571899,6.35474967956543,-5.373209476470947,-5.320682525634766,8.098284721374512,1.915433883666992,10.076776504516602,19.65742874145508,10.223803520202637,-10.884077072143556,-1.6627439260482788,-0.9031124114990234,-12.572072982788086,2.32930326461792,0.5070321559906006,12.363489151000977,-9.653379440307615,-9.18247890472412,-7.26408576965332,5.061555862426758,-1.692413568496704,-1.440159797668457,0.7647208571434021,11.624829292297363,8.603567123413086,-1.0309878587722778,-2.2685279846191406,-7.054623126983643,-2.473175287246704,-14.43901824951172,4.46199369430542,1.5370404720306396,10.291948318481444,-9.47382926940918,7.157317161560059,7.5402021408081055,-10.75356101989746,-1.69317626953125,-11.399399757385254,-8.861432075500488,-7.350922107696533,-2.8226706981658936,1.4211435317993164,5.06926155090332,6.169769287109375,-0.2884234189987182,-10.288219451904297,-4.34231424331665,3.2330188751220703,-17.14875030517578,-1.2927637100219729,11.885287284851074,0.100858561694622,-3.7724318504333496,1.4121971130371094,-7.6819071769714355,0.7686496376991272,10.933428764343262,-9.190862655639648,-3.7319397926330566,8.382495880126953,-9.891423225402832,2.8777072429656982,-0.95246559381485,6.159154891967773,9.15586280822754,-1.667347073554993,-5.676701068878174,-16.00678062438965,0.8306213021278381,-1.342771053314209,-9.064811706542969,7.519328117370605,4.371092796325684,-5.807799816131592,4.164973735809326,3.628628969192505,5.445973873138428,7.732852458953857,4.507118701934815,-1.51339590549469,2.602037191390991,5.890315532684326,8.798710823059082,3.662383317947388,-5.894473075866699,-6.955351829528809,-7.139374732971191,-13.136487007141112,3.1921932697296143,-7.617733001708984,-3.8821558952331534,3.904755353927612,-1.813706398010254,-7.378809928894043,-17.77153968811035,6.272750854492188,4.756866931915283,-0.1824793070554733,0.6015063524246216,-6.5672526359558105,9.600289344787598,12.127302169799805,-1.7407249212265017,6.91225528717041,-11.375994682312012,0.099456787109375,-7.619531154632568,6.791831016540527,5.031129360198975,-11.477532386779783,-11.982732772827148,-3.6263232231140137,-7.03962516784668,-2.3076171875,-0.9427896738052368,5.368095397949219,12.930665016174316,12.863441467285156,-1.9506511688232424,16.51020622253418,13.950641632080078,-0.989824652671814,13.608119010925291,-3.5209357738494877,9.390154838562012,-1.756397724151611,-2.425133228302002,1.2547277212142944,12.185894966125488,7.795261383056641,3.293262481689453,2.355146646499634,0.4433268010616302,10.87143611907959,5.917507171630859,3.979563474655152,9.224245071411133,-4.209051132202148,-2.616311550140381,4.798288345336914,-8.015168190002441,-7.159395217895508,3.188293218612671,-7.240638732910156,-3.8871803283691406,-3.1793837547302246,-8.557511329650879,1.0203639268875122,-1.6608171463012695,-6.168989181518555,1.2347735166549685,-2.561298370361328,-2.136461973190308,7.903285503387451,-7.640896797180176,-5.57952880859375,16.004789352416992,-5.57916784286499,2.102031707763672,3.0260932445526123,6.384481430053711,-3.8146562576293945,-5.393224239349365,16.234561920166016,-3.909933567047119,12.932169914245604,-2.7200183868408203,10.030375480651855,11.773683547973633,-3.8826308250427246,-5.429828643798828,-2.3158295154571533,-7.750797271728516,-4.309737205505371,-0.7825902700424194,-2.2210564613342285,-3.1656203269958496,0.7806054353713989,0.7598505020141602,-0.9748283624649048,-6.270605087280273,-13.806260108947754,-2.059046506881714,0.555586040019989,4.862049579620361,4.13925313949585,4.785650730133057,3.10554313659668,4.082913398742676,-5.368014335632324,14.914617538452148,7.431365966796875,13.388419151306152,-4.383921146392822,14.966874122619627,-3.2544753551483154,8.164484977722168,-7.941935539245605,4.942278861999512,0.4570194780826568,1.8841458559036253,5.157067775726318,-7.749285697937012,5.474887371063232,1.4986426830291748,-9.567469596862791,-2.4593629837036133,0.6778078079223633,5.701906681060791,-7.564011573791504,-0.967012345790863,0.0025528073310852,5.601852416992188,-8.395170211791992,4.217525005340576,-0.3664504885673523,-7.626580238342285,-14.223803520202637,-1.9505809545516968,-4.05920934677124,-7.321774005889893,-0.0379652306437492,-5.665533542633057,11.259207725524902,9.184762954711914,-4.388267993927002,6.659500598907471,1.8023037910461424,-4.180199146270752,3.83647346496582,-15.126614570617676,-8.80705451965332,-0.485767513513565,-4.9633893966674805,-19.41991806030273,3.5508291721343994,0.6576141119003296,-1.6779041290283203,-15.18374729156494,2.2470703125,4.021477699279785,-9.690661430358888,10.643250465393066,-8.650155067443848,-0.8914024829864502,7.298248767852783,7.177905559539795,14.40645980834961,4.18147611618042,-7.065576553344727,-9.685518264770508,8.151556015014648,3.2889087200164795,-6.743678092956543,-5.121543884277344,2.820197820663452,-2.5861153602600098,4.0472493171691895,-0.955588698387146,-7.004266262054443,-0.5967856049537659,-2.014164686203003,-0.5203844904899597,0.9692270755767822,-7.673871994018555,-8.360621452331543,-18.654428482055664,-7.913756847381592,-2.558446884155273,2.674093723297119,-0.3382936418056488,-1.7873762845993042,-6.480551719665527,-1.7859816551208496,0.6835629343986511,15.914711952209473,11.762948036193848,-1.114940166473389,-10.767411231994627,-5.328179836273193,-7.878167152404785,-5.158297538757324,-14.65817928314209,-3.0240588188171387,-1.0,3.800001827817969
OXYR_HUMAN,CHEMBL1817706,CCCNCCCC(NC(=O)C1CCCN1C(=O)C1CSSCC(N)C(=O)NC(Cc2ccccc2)C(=O)NC(C(C)CC)C(=O)NC(CCC(N)=O)C(=O)NC(CC(N)=O)C(=O)N1)C(=O)NCC(N)=O,0,0,0,0,0,0,0,0,0,0,0,0,0,0,0,0,0,0,0,0,0,0,0,0,0,0,0,0,0,0,0,0,0,0,0,0,0,0,0,0,0,0,0,0,0,0,0,0,0,0,0,0,0,0,0,0,0,0,0,0,0,0,0,0,0,0,0,0,0,0,0,0,0,0,0,0,0,0,0,0,0,0,0,0,0,0,0,0,0,0,0,0,0,0,0,0,0,0,0,0,0,0,0,0,0,0,0,0,0,0,0,0,0,0,0,0,0,0,0,0,0,0,0,0,0,0,0,0,0,0,0,0,0,0,0,0,0,0,0,0,0,0,0,0,0,0,0,0,0,0,0,0,0,0,0,0,0,0,0,0,0,0,0,0,0,0,0,0,0,0,0,0,0,0,0,0,0,0,0,0,0,0,0,0,0,2,4,1,2,2,2,2,3,2,3,2,4,2,2,3,2,0,0,0,0,0,0,0,0,0,0,0,0,0,0,0,0,3,2,2,1,0,0,0,0,0,0,0,0,0,0,0,0,0,0,0,0,0,1,1,2,4,1,3,0,0,0,0,0,0,0,0,0,0,0,5,3,0,0,0,0,0,0,0,0,0,0,0,0,0,0,0,0,0,0,0,0,0,0,0,0,0,0,0,0,0,0,0,0,0,0,0,0,0,0,0,0,0,0,0,0,0,0,0,0,0,0,0,0,0,0,0,0,0,0,0,0,0,0,0,0,0,0,0,0,0,0,0,0,0,0,0,0,0,0,0,0,0,0,0,0,0,0,0,0,0,0,0,0,0,0,0,0,0,0,0,0,0,0,0,0,0,0,0,0,0,0,0,0,0,0,0,0,0,0,0,0,0,0,0,0,0,0,0,0,0,0,0,0,0,0,0,0,0,0,0,0,0,0,0,0,0,0,0,0,0,0,0,0,0,0,0,0,0,0,0,0,0,0,0,0,0,0,0,0,0,0,0,0,0,0,0,0,2,1,1,1,5,5,3,0,0,0,0,0,0,0,0,0,0,0,0,0,0,0,0,0,0,0,0,0,0,0,0,0,0,0,0,0,0,0,0,0,0,0,0,0,0,0,0,0,0,0,0,0,0,0,0,0,0,0,0,0,0,0,0,0,0,0,0,0,0,0,0,0,0,0,0,0,0,0,0,0,0,0,0,0,0,0,0,0,0,0,0,0,0,0,0,0,0,0,0,0,0,0,0,0,0,0,0,0,0,0,0,0,0,0,0,0,0,0,0,0,0,0,0,0,0,0,0,0,0,0,0,0,0,0,0,0,0,0,0,0,0,0,0,0,0,0,0,0,0,0,0,0,0,0,0,0,4,2,2,2,5,2,4,2,0,0,0,0,0,0,0,0,0,0,0,0,0,0,0,0,0,2,2,2,1,2,0,2,2,0,0,0,0,0,0,0,0,0,0,0,2,2,2,2,3,1,3,2,1,0,0,0,0,0,0,2,2,2,2,2,0,0,5,0,0,0,0,3,3,0,0,0,0,0,0,0,0,0,0,0,5,3,5,5,0,0,0,0,0,3,0,0,0,0,0,0,0,5,2,2,2,2,2,5,0,0,0,0,0,0,0,0,0,0,0,0,0,0,0,5,2,3,0,2,2,4,0,0,0,0,0,0,0,0,0,0,0,0,0,0,0,0,0,0,0,0,0,0,0,0,0,0,0,0,0,0,0,0,2,2,2,2,2,2,3,2,2,0,0,0,0,0,0,0,0,0,0,0,0,0,0,0,0,0,0,0,0,0,0,0,0,1,3,2,2,0,0,0,0,0,0,0,0,0,0,0,0,0,0,0,0,0,0,0,0,0,0,0,0,0,0,0,0,0,2,4,2,3,2,5,2,2,1,0,1,4,2,0,0,0,0,0,2,1,0,0,0,0,0,0,0,0,0,0,0,0,0,0,0,0,0,0,0,0,0,0,0,0,0,0,0,0,0,0,0,0,0,0,0,0,0,0,0,0,0,0,0,0,0,0,0,5,0,2,2,5,0,2,2,3,2,2,1,2,2,2,0,0,0,3,3,2,2,0,0,0,0,0,0,0,0,0,0,0,0,2,2,0,0,0,0,0,0,0,0,0,0,0,0,0,0,0,0,0,0,0,0,0,0,0,0,0,0,0,0,0,0,0,2,2,3,2,4,5,0,0,0,0,0,0,0,0,0,0,0,0,0,0,0,0,0,0,0,0,0,0,0,0,0,0,0,0,0,0,0,0,0,0,1,0,0,0,0,0,0,0,0,0,0,0,0,0,0,0,0,0,0,0,0,0,0,0,0,0,0,2,2,0,0,0,0,0,0,2,0,1,3,1,2,0,0,0,0,0,0,0,0,0,0,0,0,0,0,0,0,0,0,0,0,0,0,0,0,0,0,0,0,5,3,0,0,0,0,2,5,5,0,0,5,3,0,0,0,0,0,0,0,0,0,0,0,0,0,0,0,4,5,0,0,0,0,2,2,2,0,0,0,0,2,2,3,2,2,0,0,0,1,1,2,2,2,3,0,0,2,1,3,2,5,0,0,0,0,0,0,0,0,0,0,0,0,2,2,3,0,0,0,0,0,0,0,0,0,0,0,0,0,0,0,0,0,0,0,0,0,0,0,0,0,0,0,0,0,0,0,0,0,0,0,0,0,0,0,2,5,0,0,0,0,4,0,0,0,0,0,0,0,0,0,0,0,0,0,0,0,0,0,0,0,0,0,0,0,0,0,0,0,0,0,0,0,0,0,0,0,0,0,0,0,0,0,0,0,0,0,0,0,0,0,0,0,0,0,0,0,0,0,0,0,0,0,0,0,0,0,0,0,0,0,0,0,0,0,0,0,0,0,0,0,0,0,0,0,0,0,0,0,0,0,0,0,0,0,2,2,0,0,4,1,2,2,4,0,0,0,0,0,1,2,2,2,0,0,0,0,0,0,0,0,0,0,0,0,0,0,0,0,0,0,0,0,0,0,0,0,0,0,0,0,0,0,0,0,0,0,0,0,0,0,0,0,0,0,0,2,2,0,0,0,0,0,0,0,0,0,0,0,0,0,0,0,0,3,1,2,1,1,0,0,0,0,5,0,0,0,0,0,0,0,2,2,0,0,0,0,0,0,0,0,2,3,2,2,0,0,0,3,2,2,2,2,0,2,2,1,2,2,0,2,2,0,0,0,0,0,0,0,0,0,0,0,0,0,0,0,0,0,0,2,2,1,0,0,0,0,0,0,0,0,0,0,0,0,0,0,0,0,2,1,2,2,3,2,0,0,0,0,0,0,0,5,2,0,0,0,0,0,0,0,0,0,0,0,0,0,0,0,0,2,3,0,0,0,0,0,0,0,0,0,0,0,0,0,0,0,0,0,0,0,0,0,0,0,0,0,0,0,0,0,0,0,0,0,0,0,0,0,0,0,0,0,0,0,3,2,5,2,0,0,0,0,0,0,0,0,0,0,0,0,0,0,0,0,0,0,0,0,0,0,0,0,0,0,0,0,0,0,0,0,0,0,0,0,0,0,0,0,0,0,0,0,0,0,0,0,0,0,0,0,0,0,0,0,0,0,0,0,0,0,0,0,0,0,0,0,0,0,0,0,0,0,0,0,0,0,0,0,0,0,0,0,0,0,0,0,0,0,0,0,0,0,0,0,0,0,0,0,0,0,0,0,0,0,0,0,0,0,0,0,0,0,0,0,0,0,0,0,0,0,0,0,0,0,0,0,0,0,0,0,0,0,0,0,0,0,0,5,3,2,2,2,2,2,2,4,2,1,4,1,2,2,2,1,4,1,1,5,2,2,2,2,5,2,3,3,2,5,2,2,3,5,0,0,0,0,0,0,0,0,0,0,0,0,0,0,0,0,0,0,0,0,0,0,0,2,5,2,5,3,2,0,0,0,0,0,0,0,0,5,0,0,0,2,3,2,2,2,2,0,0,0,0,0,2,2,2,2,2,0,0,0,1,2,3,1,2,2,2,0,0,0,0,0,2,3,2,2,3,2,2,4,2,0,0,0,0,0,0,0,0,3,2,1,5,4,2,0,0,0,0,3,0,0,0,0,0,0,0,0,0,0,0,0,0,0,0,0,0,2,0,0,2,0,0,0,0,0,0,0,0,0,0,0,0,0,0,0,0,0,0,0,0,0,0,0,0,0,0,0,0,0,0,0,0,0,0,0,0,0,0,0,0,0,0,0,0,0,0,0,0,0,0,0,0,0,0,0,0,0,0,0,0,0,0,0,0,0,0,0,0,0,0,0,0,0,0,0,0,0,2,2,0,2,0,0,0,0,0,2,2,2,0,2,3,2,3,3,1,1,3,1,2,2,0,0,0,0,0,0,0,2,2,2,2,3,1,5,2,2,5,0,4,2,0,0,0,0,2,3,5,2,0,0,0,0,0,0,0,0,0,0,0,0,0,0,0,0,0,0,0,0,0,0,0,0,0,0,0,0,0,0,0,0,0,0,0,0,0,0,0,0,0,0,0,0,0,0,0,0,0,0,0,0,0,0,0,0,0,0,0,0,0,0,0,0,0,0,0,0,0,0,0,0,0,0,0,0,0,0,0,0,0,0,0,0,0,0,0,0,0,0,0,0,0,0,0,0,2,1,1,3,2,3,2,2,5,1,5,5,2,1,4,3,0,0,0,0,0,0,0,0,0,0,0,0,0,0,0,0,0,0,0,0,0,0,0,0,0,0,0,0,0,0,0,0,0,0,0,0,0,0,0,0,0,0,0,0,0,0,0,0,0,0,0,0,0,0,0,0,0,0,0,0,0,0,0,0,0,0,0,0,0,0,0,0,0,0,0,0,0,0,0,0,0,0,0,0,0,0,0,0,0,0,0,0,0,0,0,0,0,0,0,0,0,0,0,0,0,0,0,0,0,0,0,0,0,0,0,0,0,0,0,0,0,0,0,0,0,0,0,0,0,0,0,0,0,0,0,0,0,0,0,0,0,0,0,0,0,0,0,0,0,0,0,0,0,0,0,0,0,0,0,0,0,0,0,0,0,0,0,0,0,0,0,0,0,0,0,0,0,0,0,0,0,0,0,0,0,0,0,0,0,0,0,0,0,0,0,0,0,0,0,0,0,0,0,0,0,0,0,0,0,0,0,0,0,0,0,0,0,0,0,0,0,0,0,0,0,0,0,0,0,0,0,0,0,0,0,0,0,0,0,0,0,0,0,0,0,0,0,0,0,0,0,0,0,0,0,0,0,0,0,0,0,0,0,0,0,0,0,0,0,0,0,0,0,0,0,0,0,0,0,0,0,0,0,0,3,2,3,5,5,3,3,3,3,3,2,2,2,3,5,5,3,0,0,0,0,0,0,0,0,0,0,0,0,0,0,0,0,0,0,0,0,0,0,0,0,0,0,0,0,0,0,0,0,0,0,0,0,0,0,0,0,0,0,0,0,0,0,0,0,0,0,0,0,0,0,0,0,0,0,0,0,0,0,0,0,0,0,0,0,0,0,0,0,0,0,0,0,0,0,0,0,0,0,0,0,0,0,0,0,0,0,0,0,0,0,0,0,0,0,0,0,0,0,0,0,0,0,0,0,0,0,0,0,0,0,0,0,0,0,0,0,0,0,0,0,0,0,0,0,0,3,3,3,5,3,1,3,3,1,3,3,2,0,0,0,0,0,0,0,0,0,0,0,0,0,0,0,0,0,0,0,0,0,0,0,0,0,0,0,0,0,0,0,0,0,0,0,0,0,0,0,0,0,0,0,0,0,0,0,0,0,0,0,0,0,0,0,0,0.4918861091136932,-8.436190605163574,-3.316622734069824,6.971996784210205,5.034870147705078,-18.607053756713867,-32.324317932128906,-5.683609008789063,23.950824737548828,-4.0515313148498535,4.874124050140381,22.38750267028809,-1.3652716875076294,16.982799530029297,-35.338741302490234,1.5378401279449463,22.94028854370117,-31.224931716918945,-31.20549964904785,37.08562088012695,6.241202354431152,14.744478225708008,57.84025955200195,17.838581085205078,-20.02969741821289,5.243940353393555,-19.026779174804688,-40.61334609985352,0.9558699131011964,-15.114084243774414,19.64155387878418,-12.580395698547363,-15.709904670715332,0.5797598958015442,-1.877946257591248,10.198226928710938,4.215757846832275,-1.9855031967163088,21.400053024291992,25.143218994140625,5.015503883361816,3.703941822052002,-4.800076961517334,-11.691381454467772,-25.666807174682617,21.13690757751465,13.550094604492188,44.11437225341797,-8.409600257873535,0.6309004426002502,8.486015319824219,-24.4256534576416,-0.5980381965637207,-18.66544342041016,-32.09693908691406,-23.13443756103516,-17.015514373779297,15.985391616821287,4.416730880737305,8.67462158203125,1.5819242000579834,-19.665403366088867,-16.582029342651367,13.456012725830078,-42.20638275146485,3.253790616989136,19.020998001098636,8.672078132629395,-19.28730010986328,-3.0783345699310303,-6.125640869140625,12.878966331481934,13.109841346740724,-31.76096534729004,-0.3285912573337555,4.987884998321533,-27.63487243652344,1.428429126739502,11.022159576416016,1.8949700593948364,21.60221290588379,1.4812663793563845,-10.74733066558838,-43.43522644042969,20.80662727355957,-13.639253616333008,-9.706682205200195,6.530974864959717,8.195136070251465,-3.150088310241699,6.648439884185791,13.97207260131836,15.969300270080566,6.969834804534912,5.834757328033447,-6.692564487457275,19.874217987060547,8.07398509979248,17.50960350036621,-8.003073692321777,-4.446479797363281,-18.76631546020508,-23.500444412231445,-11.329761505126951,12.56121826171875,-31.645862579345703,-17.311264038085938,11.240964889526367,6.510684967041016,-20.03802299499512,-19.708641052246094,16.255645751953125,8.127043724060059,-12.295536041259766,-5.323730945587158,-8.588013648986816,19.370847702026367,22.088132858276367,-1.8258192539215088,4.484155654907227,-13.116393089294434,17.1648006439209,1.1250367164611816,33.4688835144043,-2.7180678844451904,-34.13547897338867,-31.760107040405277,3.785679340362549,-15.310942649841309,0.3980420231819153,1.3642596006393433,-2.8876919746398926,15.198590278625488,40.99737548828125,7.5373969078063965,30.93770408630371,-4.059318542480469,-10.074869155883787,19.651918411254883,-14.565302848815918,23.80311584472656,-1.866701602935791,-9.567450523376465,-3.1005406379699707,15.002967834472656,1.6132574081420898,5.886209011077881,7.107179164886475,13.00468921661377,37.90794372558594,-4.14936113357544,20.185943603515625,16.244503021240234,-24.16029930114746,-6.932205677032471,1.708337664604187,-17.619773864746094,-3.6059606075286874,0.8176558017730713,-19.04192924499512,8.575636863708496,14.46058464050293,-12.45971393585205,5.507323265075684,16.72228240966797,-24.25248908996582,13.817177772521973,-10.10348415374756,2.173755407333374,19.765893936157227,-15.51152515411377,-21.271615982055664,36.74864959716797,-7.759535312652588,12.83346462249756,-3.026539802551269,14.150628089904783,-3.402799367904663,-13.783894538879396,23.99465751647949,-13.69154453277588,25.149133682250977,-3.274631977081299,31.49477767944336,12.634416580200195,-11.298457145690918,2.445847749710083,2.529378890991211,-7.927723884582519,-18.49872398376465,2.6385269165039062,-9.67125129699707,-20.268945693969727,2.7192652225494385,14.08949851989746,6.5815277099609375,2.5499396324157715,-27.65379905700684,-9.137001037597656,-9.351816177368164,1.3570271730422974,-7.571856498718262,7.166785717010498,-7.495067119598389,-7.192670822143555,-4.126057147979736,33.471073150634766,30.34202003479004,27.517963409423828,-17.094993591308594,29.234161376953125,-2.3561902046203613,36.04594421386719,-15.735281944274902,12.102420806884766,-2.4482312202453613,13.079656600952148,10.907305717468262,-8.641077041625977,16.382232666015625,8.861333847045898,-21.551877975463867,-11.503832817077637,0.1665339022874832,10.177570343017578,-13.134039878845217,-3.1484203338623047,-2.7246086597442627,13.205778121948242,-28.450115203857425,7.21452522277832,-0.9353896975517272,-20.54266357421875,-24.50282859802246,6.449761390686035,-25.106407165527344,-7.019169330596924,-8.571525573730469,-6.271381855010986,30.082284927368164,18.24747085571289,-31.63930320739746,20.316030502319336,-9.37303352355957,-2.8239939212799072,24.12778091430664,-45.46085357666016,-16.723651885986328,3.2309131622314453,12.161914825439451,-47.65734100341797,9.87992000579834,10.5744047164917,-9.075602531433104,-26.44014549255371,21.808305740356445,3.6898467540740967,-18.90245819091797,34.058292388916016,-26.01850128173828,-11.566202163696287,8.198601722717285,7.09838342666626,18.595996856689453,-4.180600643157959,-26.750919342041016,-11.19572639465332,1.87715744972229,7.926881313323975,-21.90450859069824,1.6880075931549072,9.086678504943848,-12.460406303405762,3.7440602779388423,-3.2946290969848637,-22.288719177246094,-9.828051567077637,-9.89863395690918,-13.427327156066896,21.61546516418457,-14.443711280822754,-19.19315719604492,-26.45570945739746,-16.002735137939453,-12.988693237304688,13.170772552490234,1.0781495571136477,-3.284242630004883,-10.4381103515625,-10.82993984222412,9.11709213256836,32.2855339050293,12.237932205200195,10.960896492004396,-29.479158401489254,-18.66927528381348,-16.090967178344727,-23.00343894958496,-44.56441879272461,-4.8555169105529785,1.0,1.5051499783199058
OXYR_HUMAN,CHEMBL590097,COCc1nnc(N2CCC(Oc3ccccc3C)C2)n1-c1ccc(OC)nc1,0,0,0,0,0,0,0,0,0,0,0,0,0,0,0,0,0,0,0,0,0,0,0,0,0,0,0,0,0,0,0,0,0,0,0,0,0,0,0,0,0,0,0,0,0,0,0,0,0,0,0,0,0,0,0,0,0,0,0,0,0,0,0,0,0,0,0,0,0,0,0,0,0,0,0,0,0,0,0,0,0,0,0,0,0,0,0,0,0,0,0,0,0,0,0,0,0,0,0,0,0,0,0,0,0,0,0,0,0,0,0,0,0,0,0,0,0,0,0,0,0,0,0,0,0,0,0,0,0,0,0,0,0,0,0,0,0,0,0,0,0,0,0,0,0,0,0,0,0,0,0,0,0,0,0,0,0,0,0,0,0,0,0,0,0,0,0,0,0,0,0,0,0,0,0,0,0,0,0,0,0,0,0,0,0,2,4,1,2,2,2,2,3,2,3,2,4,2,2,3,2,0,0,0,0,0,0,0,0,0,0,0,0,0,0,0,0,3,2,2,1,0,0,0,0,0,0,0,0,0,0,0,0,0,0,0,0,0,1,1,2,4,1,3,0,0,0,0,0,0,0,0,0,0,0,5,3,0,0,0,0,0,0,0,0,0,0,0,0,0,0,0,0,0,0,0,0,0,0,0,0,0,0,0,0,0,0,0,0,0,0,0,0,0,0,0,0,0,0,0,0,0,0,0,0,0,0,0,0,0,0,0,0,0,0,0,0,0,0,0,0,0,0,0,0,0,0,0,0,0,0,0,0,0,0,0,0,0,0,0,0,0,0,0,0,0,0,0,0,0,0,0,0,0,0,0,0,0,0,0,0,0,0,0,0,0,0,0,0,0,0,0,0,0,0,0,0,0,0,0,0,0,0,0,0,0,0,0,0,0,0,0,0,0,0,0,0,0,0,0,0,0,0,0,0,0,0,0,0,0,0,0,0,0,0,0,0,0,0,0,0,0,0,0,0,0,0,0,0,0,0,0,0,2,1,1,1,5,5,3,0,0,0,0,0,0,0,0,0,0,0,0,0,0,0,0,0,0,0,0,0,0,0,0,0,0,0,0,0,0,0,0,0,0,0,0,0,0,0,0,0,0,0,0,0,0,0,0,0,0,0,0,0,0,0,0,0,0,0,0,0,0,0,0,0,0,0,0,0,0,0,0,0,0,0,0,0,0,0,0,0,0,0,0,0,0,0,0,0,0,0,0,0,0,0,0,0,0,0,0,0,0,0,0,0,0,0,0,0,0,0,0,0,0,0,0,0,0,0,0,0,0,0,0,0,0,0,0,0,0,0,0,0,0,0,0,0,0,0,0,0,0,0,0,0,0,0,0,0,4,2,2,2,5,2,4,2,0,0,0,0,0,0,0,0,0,0,0,0,0,0,0,0,0,2,2,2,1,2,0,2,2,0,0,0,0,0,0,0,0,0,0,0,2,2,2,2,3,1,3,2,1,0,0,0,0,0,0,2,2,2,2,2,0,0,5,0,0,0,0,3,3,0,0,0,0,0,0,0,0,0,0,0,5,3,5,5,0,0,0,0,0,3,0,0,0,0,0,0,0,5,2,2,2,2,2,5,0,0,0,0,0,0,0,0,0,0,0,0,0,0,0,5,2,3,0,2,2,4,0,0,0,0,0,0,0,0,0,0,0,0,0,0,0,0,0,0,0,0,0,0,0,0,0,0,0,0,0,0,0,0,2,2,2,2,2,2,3,2,2,0,0,0,0,0,0,0,0,0,0,0,0,0,0,0,0,0,0,0,0,0,0,0,0,1,3,2,2,0,0,0,0,0,0,0,0,0,0,0,0,0,0,0,0,0,0,0,0,0,0,0,0,0,0,0,0,0,2,4,2,3,2,5,2,2,1,0,1,4,2,0,0,0,0,0,2,1,0,0,0,0,0,0,0,0,0,0,0,0,0,0,0,0,0,0,0,0,0,0,0,0,0,0,0,0,0,0,0,0,0,0,0,0,0,0,0,0,0,0,0,0,0,0,0,5,0,2,2,5,0,2,2,3,2,2,1,2,2,2,0,0,0,3,3,2,2,0,0,0,0,0,0,0,0,0,0,0,0,2,2,0,0,0,0,0,0,0,0,0,0,0,0,0,0,0,0,0,0,0,0,0,0,0,0,0,0,0,0,0,0,0,2,2,3,2,4,5,0,0,0,0,0,0,0,0,0,0,0,0,0,0,0,0,0,0,0,0,0,0,0,0,0,0,0,0,0,0,0,0,0,0,1,0,0,0,0,0,0,0,0,0,0,0,0,0,0,0,0,0,0,0,0,0,0,0,0,0,0,2,2,0,0,0,0,0,0,2,0,1,3,1,2,0,0,0,0,0,0,0,0,0,0,0,0,0,0,0,0,0,0,0,0,0,0,0,0,0,0,0,0,5,3,0,0,0,0,2,5,5,0,0,5,3,0,0,0,0,0,0,0,0,0,0,0,0,0,0,0,4,5,0,0,0,0,2,2,2,0,0,0,0,2,2,3,2,2,0,0,0,1,1,2,2,2,3,0,0,2,1,3,2,5,0,0,0,0,0,0,0,0,0,0,0,0,2,2,3,0,0,0,0,0,0,0,0,0,0,0,0,0,0,0,0,0,0,0,0,0,0,0,0,0,0,0,0,0,0,0,0,0,0,0,0,0,0,0,2,5,0,0,0,0,4,0,0,0,0,0,0,0,0,0,0,0,0,0,0,0,0,0,0,0,0,0,0,0,0,0,0,0,0,0,0,0,0,0,0,0,0,0,0,0,0,0,0,0,0,0,0,0,0,0,0,0,0,0,0,0,0,0,0,0,0,0,0,0,0,0,0,0,0,0,0,0,0,0,0,0,0,0,0,0,0,0,0,0,0,0,0,0,0,0,0,0,0,0,2,2,0,0,4,1,2,2,4,0,0,0,0,0,1,2,2,2,0,0,0,0,0,0,0,0,0,0,0,0,0,0,0,0,0,0,0,0,0,0,0,0,0,0,0,0,0,0,0,0,0,0,0,0,0,0,0,0,0,0,0,2,2,0,0,0,0,0,0,0,0,0,0,0,0,0,0,0,0,3,1,2,1,1,0,0,0,0,5,0,0,0,0,0,0,0,2,2,0,0,0,0,0,0,0,0,2,3,2,2,0,0,0,3,2,2,2,2,0,2,2,1,2,2,0,2,2,0,0,0,0,0,0,0,0,0,0,0,0,0,0,0,0,0,0,2,2,1,0,0,0,0,0,0,0,0,0,0,0,0,0,0,0,0,2,1,2,2,3,2,0,0,0,0,0,0,0,5,2,0,0,0,0,0,0,0,0,0,0,0,0,0,0,0,0,2,3,0,0,0,0,0,0,0,0,0,0,0,0,0,0,0,0,0,0,0,0,0,0,0,0,0,0,0,0,0,0,0,0,0,0,0,0,0,0,0,0,0,0,0,3,2,5,2,0,0,0,0,0,0,0,0,0,0,0,0,0,0,0,0,0,0,0,0,0,0,0,0,0,0,0,0,0,0,0,0,0,0,0,0,0,0,0,0,0,0,0,0,0,0,0,0,0,0,0,0,0,0,0,0,0,0,0,0,0,0,0,0,0,0,0,0,0,0,0,0,0,0,0,0,0,0,0,0,0,0,0,0,0,0,0,0,0,0,0,0,0,0,0,0,0,0,0,0,0,0,0,0,0,0,0,0,0,0,0,0,0,0,0,0,0,0,0,0,0,0,0,0,0,0,0,0,0,0,0,0,0,0,0,0,0,0,0,5,3,2,2,2,2,2,2,4,2,1,4,1,2,2,2,1,4,1,1,5,2,2,2,2,5,2,3,3,2,5,2,2,3,5,0,0,0,0,0,0,0,0,0,0,0,0,0,0,0,0,0,0,0,0,0,0,0,2,5,2,5,3,2,0,0,0,0,0,0,0,0,5,0,0,0,2,3,2,2,2,2,0,0,0,0,0,2,2,2,2,2,0,0,0,1,2,3,1,2,2,2,0,0,0,0,0,2,3,2,2,3,2,2,4,2,0,0,0,0,0,0,0,0,3,2,1,5,4,2,0,0,0,0,3,0,0,0,0,0,0,0,0,0,0,0,0,0,0,0,0,0,2,0,0,2,0,0,0,0,0,0,0,0,0,0,0,0,0,0,0,0,0,0,0,0,0,0,0,0,0,0,0,0,0,0,0,0,0,0,0,0,0,0,0,0,0,0,0,0,0,0,0,0,0,0,0,0,0,0,0,0,0,0,0,0,0,0,0,0,0,0,0,0,0,0,0,0,0,0,0,0,0,2,2,0,2,0,0,0,0,0,2,2,2,0,2,3,2,3,3,1,1,3,1,2,2,0,0,0,0,0,0,0,2,2,2,2,3,1,5,2,2,5,0,4,2,0,0,0,0,2,3,5,2,0,0,0,0,0,0,0,0,0,0,0,0,0,0,0,0,0,0,0,0,0,0,0,0,0,0,0,0,0,0,0,0,0,0,0,0,0,0,0,0,0,0,0,0,0,0,0,0,0,0,0,0,0,0,0,0,0,0,0,0,0,0,0,0,0,0,0,0,0,0,0,0,0,0,0,0,0,0,0,0,0,0,0,0,0,0,0,0,0,0,0,0,0,0,0,0,2,1,1,3,2,3,2,2,5,1,5,5,2,1,4,3,0,0,0,0,0,0,0,0,0,0,0,0,0,0,0,0,0,0,0,0,0,0,0,0,0,0,0,0,0,0,0,0,0,0,0,0,0,0,0,0,0,0,0,0,0,0,0,0,0,0,0,0,0,0,0,0,0,0,0,0,0,0,0,0,0,0,0,0,0,0,0,0,0,0,0,0,0,0,0,0,0,0,0,0,0,0,0,0,0,0,0,0,0,0,0,0,0,0,0,0,0,0,0,0,0,0,0,0,0,0,0,0,0,0,0,0,0,0,0,0,0,0,0,0,0,0,0,0,0,0,0,0,0,0,0,0,0,0,0,0,0,0,0,0,0,0,0,0,0,0,0,0,0,0,0,0,0,0,0,0,0,0,0,0,0,0,0,0,0,0,0,0,0,0,0,0,0,0,0,0,0,0,0,0,0,0,0,0,0,0,0,0,0,0,0,0,0,0,0,0,0,0,0,0,0,0,0,0,0,0,0,0,0,0,0,0,0,0,0,0,0,0,0,0,0,0,0,0,0,0,0,0,0,0,0,0,0,0,0,0,0,0,0,0,0,0,0,0,0,0,0,0,0,0,0,0,0,0,0,0,0,0,0,0,0,0,0,0,0,0,0,0,0,0,0,0,0,0,0,0,0,0,0,0,3,2,3,5,5,3,3,3,3,3,2,2,2,3,5,5,3,0,0,0,0,0,0,0,0,0,0,0,0,0,0,0,0,0,0,0,0,0,0,0,0,0,0,0,0,0,0,0,0,0,0,0,0,0,0,0,0,0,0,0,0,0,0,0,0,0,0,0,0,0,0,0,0,0,0,0,0,0,0,0,0,0,0,0,0,0,0,0,0,0,0,0,0,0,0,0,0,0,0,0,0,0,0,0,0,0,0,0,0,0,0,0,0,0,0,0,0,0,0,0,0,0,0,0,0,0,0,0,0,0,0,0,0,0,0,0,0,0,0,0,0,0,0,0,0,0,3,3,3,5,3,1,3,3,1,3,3,2,0,0,0,0,0,0,0,0,0,0,0,0,0,0,0,0,0,0,0,0,0,0,0,0,0,0,0,0,0,0,0,0,0,0,0,0,0,0,0,0,0,0,0,0,0,0,0,0,0,0,0,0,0,0,0,0,2.293423652648926,-6.986406326293945,-3.060595989227295,10.44686794281006,1.4575464725494385,-1.0750869512557983,-11.149782180786133,-0.9402992129325868,7.410909175872803,1.6034014225006104,-2.6604020595550537,1.2348805665969849,-6.866232395172119,1.2133766412734983,-6.433526515960693,-1.8414655923843384,5.321561336517334,-6.088676452636719,-2.3860764503479004,7.934774875640869,5.947328090667725,5.639673709869385,12.868507385253906,9.383176803588867,-8.900574684143066,-2.430056095123291,-2.132431983947754,-9.896740913391112,1.6675173044204712,-1.0070480108261108,11.390244483947754,-10.66761589050293,-7.087440490722656,-6.703939437866211,2.579266309738159,1.0418323278427124,-1.9853605031967163,-0.8440123200416565,9.68380069732666,3.4321296215057373,-2.1627886295318604,0.0990517064929008,-7.034942626953125,-0.620385468006134,-10.075737953186035,4.684783935546875,-0.6397655010223389,6.703670978546143,-7.585626602172852,9.627366065979004,5.571033477783203,-4.878013610839844,-1.4915882349014282,-9.751993179321287,-6.845527172088623,-6.722408771514893,-6.234799385070801,0.1795020103454589,3.028064250946045,5.039083003997803,2.838655471801758,-10.439081192016602,-3.2046890258789062,-0.2387486547231674,-19.16315460205078,-2.675302505493164,9.33704948425293,-2.2830770015716557,-1.5128886699676514,1.4528546333312988,-7.391894817352295,0.7891019582748413,9.747536659240724,-6.131040573120117,0.6854154467582703,7.043901920318604,-8.129692077636719,2.010067939758301,-3.54172420501709,3.7484092712402335,6.889990329742432,-1.6742966175079346,-3.413968086242676,-8.750802993774414,4.319468021392822,-1.398526906967163,-8.843910217285156,8.55726432800293,4.02702522277832,-0.6312628984451294,6.398595333099365,0.1153229549527168,4.146677017211914,3.868617296218872,4.608463287353516,-0.2336690127849578,2.8698360919952397,8.5722017288208,6.2703633308410645,5.998573780059815,-8.351445198059082,-6.892634868621826,-5.641510009765625,-13.688745498657228,5.064397811889648,-4.506214141845703,-1.999714016914368,3.756057739257813,-1.3550333976745603,-6.075392246246338,-11.07142162322998,5.697878837585449,3.216819524765014,-0.7987959980964661,2.517909526824951,-5.533195018768311,10.698409080505373,10.278284072875977,-3.0286967754364014,5.90958309173584,-10.449284553527832,-0.1031493246555328,-3.1330325603485107,4.380089282989502,5.0166015625,-10.08106517791748,-6.4954609870910645,-2.4762110710144043,-7.325501918792725,0.9493077397346495,-1.7771214246749878,5.376857757568359,9.981379508972168,8.716615676879883,-0.0238000750541687,15.278505325317385,12.358226776123049,-2.1848175525665283,10.45627784729004,-4.773317813873291,6.711735248565674,-2.3580448627471924,-4.336984157562256,-2.852656602859497,9.753360748291016,7.843352317810059,-0.7130526900291443,2.1457414627075195,-1.032856822013855,6.735011577606201,8.883807182312012,2.982609510421753,8.323709487915039,-2.833495616912842,-2.1026339530944824,3.8796114921569824,-7.03438663482666,-5.679813861846924,0.2461872547864914,-5.022552490234375,-5.305729389190674,-5.192279815673828,-4.71124267578125,-3.124275684356689,-0.827811062335968,-10.450757026672363,1.5777182579040527,-2.2689452171325684,-0.7781572341918945,6.410015106201172,-9.144824981689451,-6.035618782043457,11.53449821472168,-0.5134231448173523,2.941350221633911,3.339151620864868,5.7385783195495605,-2.017127513885498,-1.1392226219177246,11.291897773742676,-0.4793960750102997,6.15599536895752,-4.2047529220581055,11.500046730041504,6.976742267608643,-2.6069695949554443,-3.779299259185791,-4.544787883758545,-5.033019065856934,-0.1469703614711761,-1.7146157026290894,-1.8598897457122805,0.8501492738723755,1.530093789100647,-1.7458676099777222,1.7928460836410522,-5.859668254852295,-11.505675315856934,-1.4878560304641724,1.403278112411499,5.812231540679932,4.544215202331543,4.593691825866699,3.854835033416748,6.372336387634277,-1.686445951461792,12.883716583251951,6.270225524902344,11.09400463104248,-2.4869701862335205,9.887703895568848,-5.196661949157715,7.683325290679932,-7.879055023193359,3.606104850769043,-0.7090927362442017,0.5406537055969238,6.370251178741455,-8.289544105529785,4.278210639953613,1.9428422451019287,-9.723756790161133,-4.601929187774658,-0.3516420423984527,5.205557823181152,-3.131429433822632,-4.45217752456665,-0.335161805152893,4.281435489654541,-5.030572891235352,4.59547758102417,-0.0011099427938461,-5.462424755096436,-11.992486000061035,-1.5333812236785889,-7.071795463562012,-6.123991012573242,0.8706357479095459,-5.519729137420654,10.014299392700195,7.054451942443848,-0.7571746110916138,4.605414867401123,1.855743408203125,-5.605579376220703,4.68815279006958,-15.00718116760254,-9.834709167480469,-0.1918362379074096,-3.9216136932373047,-15.190446853637695,5.641088008880615,-0.8464941382408142,-0.1548502147197723,-15.258009910583496,1.1813390254974363,3.889052152633667,-7.480242252349853,4.637112617492676,-5.492569923400879,1.5812572240829468,6.5799431800842285,6.009474277496338,11.542136192321776,5.209045886993408,-4.489288806915283,-9.295802116394045,8.991869926452637,-0.6565847396850586,-4.094673156738281,-4.2317423820495605,1.928214192390442,-3.666640043258667,0.1121421530842781,-1.1299148797988892,-5.9833760261535645,-0.6763771176338196,-1.650360941886902,0.0973613709211349,0.37505704164505,-8.03951644897461,-5.999712467193604,-14.802103996276855,-8.026835441589355,-1.0952483415603638,5.439325332641602,0.4969319403171539,-0.6666771173477173,-4.938569068908691,0.4068382978439331,-0.6057358980178833,12.331531524658203,9.28359317779541,-3.861706733703613,-9.475104331970217,-4.812965393066406,-4.6762776374816895,-4.284665584564209,-12.058463096618652,-2.59571385383606,-1.0,1.45484486000851
OXYR_HUMAN,CHEMBL2035009,CC(C)CC1C(=O)NC(C2Cc3ccccc3C2)C(=O)N1C(C(=O)NC(C)C)c1ccccc1Cl,0,0,0,0,0,0,0,0,0,0,0,0,0,0,0,0,0,0,0,0,0,0,0,0,0,0,0,0,0,0,0,0,0,0,0,0,0,0,0,0,0,0,0,0,0,0,0,0,0,0,0,0,0,0,0,0,0,0,0,0,0,0,0,0,0,0,0,0,0,0,0,0,0,0,0,0,0,0,0,0,0,0,0,0,0,0,0,0,0,0,0,0,0,0,0,0,0,0,0,0,0,0,0,0,0,0,0,0,0,0,0,0,0,0,0,0,0,0,0,0,0,0,0,0,0,0,0,0,0,0,0,0,0,0,0,0,0,0,0,0,0,0,0,0,0,0,0,0,0,0,0,0,0,0,0,0,0,0,0,0,0,0,0,0,0,0,0,0,0,0,0,0,0,0,0,0,0,0,0,0,0,0,0,0,0,2,4,1,2,2,2,2,3,2,3,2,4,2,2,3,2,0,0,0,0,0,0,0,0,0,0,0,0,0,0,0,0,3,2,2,1,0,0,0,0,0,0,0,0,0,0,0,0,0,0,0,0,0,1,1,2,4,1,3,0,0,0,0,0,0,0,0,0,0,0,5,3,0,0,0,0,0,0,0,0,0,0,0,0,0,0,0,0,0,0,0,0,0,0,0,0,0,0,0,0,0,0,0,0,0,0,0,0,0,0,0,0,0,0,0,0,0,0,0,0,0,0,0,0,0,0,0,0,0,0,0,0,0,0,0,0,0,0,0,0,0,0,0,0,0,0,0,0,0,0,0,0,0,0,0,0,0,0,0,0,0,0,0,0,0,0,0,0,0,0,0,0,0,0,0,0,0,0,0,0,0,0,0,0,0,0,0,0,0,0,0,0,0,0,0,0,0,0,0,0,0,0,0,0,0,0,0,0,0,0,0,0,0,0,0,0,0,0,0,0,0,0,0,0,0,0,0,0,0,0,0,0,0,0,0,0,0,0,0,0,0,0,0,0,0,0,0,0,2,1,1,1,5,5,3,0,0,0,0,0,0,0,0,0,0,0,0,0,0,0,0,0,0,0,0,0,0,0,0,0,0,0,0,0,0,0,0,0,0,0,0,0,0,0,0,0,0,0,0,0,0,0,0,0,0,0,0,0,0,0,0,0,0,0,0,0,0,0,0,0,0,0,0,0,0,0,0,0,0,0,0,0,0,0,0,0,0,0,0,0,0,0,0,0,0,0,0,0,0,0,0,0,0,0,0,0,0,0,0,0,0,0,0,0,0,0,0,0,0,0,0,0,0,0,0,0,0,0,0,0,0,0,0,0,0,0,0,0,0,0,0,0,0,0,0,0,0,0,0,0,0,0,0,0,4,2,2,2,5,2,4,2,0,0,0,0,0,0,0,0,0,0,0,0,0,0,0,0,0,2,2,2,1,2,0,2,2,0,0,0,0,0,0,0,0,0,0,0,2,2,2,2,3,1,3,2,1,0,0,0,0,0,0,2,2,2,2,2,0,0,5,0,0,0,0,3,3,0,0,0,0,0,0,0,0,0,0,0,5,3,5,5,0,0,0,0,0,3,0,0,0,0,0,0,0,5,2,2,2,2,2,5,0,0,0,0,0,0,0,0,0,0,0,0,0,0,0,5,2,3,0,2,2,4,0,0,0,0,0,0,0,0,0,0,0,0,0,0,0,0,0,0,0,0,0,0,0,0,0,0,0,0,0,0,0,0,2,2,2,2,2,2,3,2,2,0,0,0,0,0,0,0,0,0,0,0,0,0,0,0,0,0,0,0,0,0,0,0,0,1,3,2,2,0,0,0,0,0,0,0,0,0,0,0,0,0,0,0,0,0,0,0,0,0,0,0,0,0,0,0,0,0,2,4,2,3,2,5,2,2,1,0,1,4,2,0,0,0,0,0,2,1,0,0,0,0,0,0,0,0,0,0,0,0,0,0,0,0,0,0,0,0,0,0,0,0,0,0,0,0,0,0,0,0,0,0,0,0,0,0,0,0,0,0,0,0,0,0,0,5,0,2,2,5,0,2,2,3,2,2,1,2,2,2,0,0,0,3,3,2,2,0,0,0,0,0,0,0,0,0,0,0,0,2,2,0,0,0,0,0,0,0,0,0,0,0,0,0,0,0,0,0,0,0,0,0,0,0,0,0,0,0,0,0,0,0,2,2,3,2,4,5,0,0,0,0,0,0,0,0,0,0,0,0,0,0,0,0,0,0,0,0,0,0,0,0,0,0,0,0,0,0,0,0,0,0,1,0,0,0,0,0,0,0,0,0,0,0,0,0,0,0,0,0,0,0,0,0,0,0,0,0,0,2,2,0,0,0,0,0,0,2,0,1,3,1,2,0,0,0,0,0,0,0,0,0,0,0,0,0,0,0,0,0,0,0,0,0,0,0,0,0,0,0,0,5,3,0,0,0,0,2,5,5,0,0,5,3,0,0,0,0,0,0,0,0,0,0,0,0,0,0,0,4,5,0,0,0,0,2,2,2,0,0,0,0,2,2,3,2,2,0,0,0,1,1,2,2,2,3,0,0,2,1,3,2,5,0,0,0,0,0,0,0,0,0,0,0,0,2,2,3,0,0,0,0,0,0,0,0,0,0,0,0,0,0,0,0,0,0,0,0,0,0,0,0,0,0,0,0,0,0,0,0,0,0,0,0,0,0,0,2,5,0,0,0,0,4,0,0,0,0,0,0,0,0,0,0,0,0,0,0,0,0,0,0,0,0,0,0,0,0,0,0,0,0,0,0,0,0,0,0,0,0,0,0,0,0,0,0,0,0,0,0,0,0,0,0,0,0,0,0,0,0,0,0,0,0,0,0,0,0,0,0,0,0,0,0,0,0,0,0,0,0,0,0,0,0,0,0,0,0,0,0,0,0,0,0,0,0,0,2,2,0,0,4,1,2,2,4,0,0,0,0,0,1,2,2,2,0,0,0,0,0,0,0,0,0,0,0,0,0,0,0,0,0,0,0,0,0,0,0,0,0,0,0,0,0,0,0,0,0,0,0,0,0,0,0,0,0,0,0,2,2,0,0,0,0,0,0,0,0,0,0,0,0,0,0,0,0,3,1,2,1,1,0,0,0,0,5,0,0,0,0,0,0,0,2,2,0,0,0,0,0,0,0,0,2,3,2,2,0,0,0,3,2,2,2,2,0,2,2,1,2,2,0,2,2,0,0,0,0,0,0,0,0,0,0,0,0,0,0,0,0,0,0,2,2,1,0,0,0,0,0,0,0,0,0,0,0,0,0,0,0,0,2,1,2,2,3,2,0,0,0,0,0,0,0,5,2,0,0,0,0,0,0,0,0,0,0,0,0,0,0,0,0,2,3,0,0,0,0,0,0,0,0,0,0,0,0,0,0,0,0,0,0,0,0,0,0,0,0,0,0,0,0,0,0,0,0,0,0,0,0,0,0,0,0,0,0,0,3,2,5,2,0,0,0,0,0,0,0,0,0,0,0,0,0,0,0,0,0,0,0,0,0,0,0,0,0,0,0,0,0,0,0,0,0,0,0,0,0,0,0,0,0,0,0,0,0,0,0,0,0,0,0,0,0,0,0,0,0,0,0,0,0,0,0,0,0,0,0,0,0,0,0,0,0,0,0,0,0,0,0,0,0,0,0,0,0,0,0,0,0,0,0,0,0,0,0,0,0,0,0,0,0,0,0,0,0,0,0,0,0,0,0,0,0,0,0,0,0,0,0,0,0,0,0,0,0,0,0,0,0,0,0,0,0,0,0,0,0,0,0,5,3,2,2,2,2,2,2,4,2,1,4,1,2,2,2,1,4,1,1,5,2,2,2,2,5,2,3,3,2,5,2,2,3,5,0,0,0,0,0,0,0,0,0,0,0,0,0,0,0,0,0,0,0,0,0,0,0,2,5,2,5,3,2,0,0,0,0,0,0,0,0,5,0,0,0,2,3,2,2,2,2,0,0,0,0,0,2,2,2,2,2,0,0,0,1,2,3,1,2,2,2,0,0,0,0,0,2,3,2,2,3,2,2,4,2,0,0,0,0,0,0,0,0,3,2,1,5,4,2,0,0,0,0,3,0,0,0,0,0,0,0,0,0,0,0,0,0,0,0,0,0,2,0,0,2,0,0,0,0,0,0,0,0,0,0,0,0,0,0,0,0,0,0,0,0,0,0,0,0,0,0,0,0,0,0,0,0,0,0,0,0,0,0,0,0,0,0,0,0,0,0,0,0,0,0,0,0,0,0,0,0,0,0,0,0,0,0,0,0,0,0,0,0,0,0,0,0,0,0,0,0,0,2,2,0,2,0,0,0,0,0,2,2,2,0,2,3,2,3,3,1,1,3,1,2,2,0,0,0,0,0,0,0,2,2,2,2,3,1,5,2,2,5,0,4,2,0,0,0,0,2,3,5,2,0,0,0,0,0,0,0,0,0,0,0,0,0,0,0,0,0,0,0,0,0,0,0,0,0,0,0,0,0,0,0,0,0,0,0,0,0,0,0,0,0,0,0,0,0,0,0,0,0,0,0,0,0,0,0,0,0,0,0,0,0,0,0,0,0,0,0,0,0,0,0,0,0,0,0,0,0,0,0,0,0,0,0,0,0,0,0,0,0,0,0,0,0,0,0,0,2,1,1,3,2,3,2,2,5,1,5,5,2,1,4,3,0,0,0,0,0,0,0,0,0,0,0,0,0,0,0,0,0,0,0,0,0,0,0,0,0,0,0,0,0,0,0,0,0,0,0,0,0,0,0,0,0,0,0,0,0,0,0,0,0,0,0,0,0,0,0,0,0,0,0,0,0,0,0,0,0,0,0,0,0,0,0,0,0,0,0,0,0,0,0,0,0,0,0,0,0,0,0,0,0,0,0,0,0,0,0,0,0,0,0,0,0,0,0,0,0,0,0,0,0,0,0,0,0,0,0,0,0,0,0,0,0,0,0,0,0,0,0,0,0,0,0,0,0,0,0,0,0,0,0,0,0,0,0,0,0,0,0,0,0,0,0,0,0,0,0,0,0,0,0,0,0,0,0,0,0,0,0,0,0,0,0,0,0,0,0,0,0,0,0,0,0,0,0,0,0,0,0,0,0,0,0,0,0,0,0,0,0,0,0,0,0,0,0,0,0,0,0,0,0,0,0,0,0,0,0,0,0,0,0,0,0,0,0,0,0,0,0,0,0,0,0,0,0,0,0,0,0,0,0,0,0,0,0,0,0,0,0,0,0,0,0,0,0,0,0,0,0,0,0,0,0,0,0,0,0,0,0,0,0,0,0,0,0,0,0,0,0,0,0,0,0,0,0,0,3,2,3,5,5,3,3,3,3,3,2,2,2,3,5,5,3,0,0,0,0,0,0,0,0,0,0,0,0,0,0,0,0,0,0,0,0,0,0,0,0,0,0,0,0,0,0,0,0,0,0,0,0,0,0,0,0,0,0,0,0,0,0,0,0,0,0,0,0,0,0,0,0,0,0,0,0,0,0,0,0,0,0,0,0,0,0,0,0,0,0,0,0,0,0,0,0,0,0,0,0,0,0,0,0,0,0,0,0,0,0,0,0,0,0,0,0,0,0,0,0,0,0,0,0,0,0,0,0,0,0,0,0,0,0,0,0,0,0,0,0,0,0,0,0,0,3,3,3,5,3,1,3,3,1,3,3,2,0,0,0,0,0,0,0,0,0,0,0,0,0,0,0,0,0,0,0,0,0,0,0,0,0,0,0,0,0,0,0,0,0,0,0,0,0,0,0,0,0,0,0,0,0,0,0,0,0,0,0,0,0,0,0,0,1.532424807548523,-5.132807731628418,-3.1690001487731934,7.298054695129394,0.0464334487915039,-3.509418249130249,-13.789809226989746,-1.546015381813049,14.106579780578612,0.2506672739982605,1.3642051219940186,3.786432981491089,-4.423149585723877,2.1899733543396,-10.214310646057127,-3.5405478477478027,9.869307518005373,-7.530967712402344,-8.730932235717773,11.868813514709473,4.384538173675537,11.131458282470703,20.27675437927246,8.498910903930664,-8.753133773803711,5.568790912628174,-2.8639180660247803,-17.16192626953125,-1.0606430768966677,-4.0024285316467285,12.752023696899414,-6.772432804107666,-9.089634895324709,-3.278520345687866,2.08193302154541,3.718911409378052,4.811913967132568,-0.1561886817216873,11.8101224899292,4.515027046203613,-2.618827104568481,-1.021310806274414,-5.685393333435059,-5.389348983764648,-11.350491523742676,9.519140243530272,-1.3933889865875244,14.08958911895752,-5.824867248535156,-0.3313392996788025,4.093806266784668,-13.950156211853027,-2.1264827251434326,-10.753076553344728,-12.375741004943848,-7.613222122192383,-7.04082727432251,3.3215582370758057,4.842568397521973,6.075808525085449,1.3890336751937866,-8.354537010192871,-9.592097282409668,4.125503540039063,-19.625932693481445,2.468510150909424,12.008204460144045,2.4663279056549072,-6.709536552429199,1.8475500345230105,-6.539913177490234,3.408433198928833,8.096599578857422,-10.932031631469728,-3.095616817474365,5.432501792907715,-10.79701805114746,0.6779341697692871,1.4536272287368774,5.082027435302734,6.599364757537842,-0.9547507762908936,-4.087728977203369,-13.131526947021484,5.22346305847168,-2.867604732513428,-10.515280723571776,3.5414552688598637,5.0348405838012695,-2.858757495880127,2.4581031799316406,6.970948219299316,2.803310871124268,3.741102457046509,7.722445964813232,-0.9674413800239564,10.167067527770996,4.489562034606934,11.819539070129396,-3.879544734954834,-8.65341567993164,-12.823062896728516,-10.658369064331056,-14.07815647125244,6.530889511108398,-14.005985260009766,-4.855957984924316,7.9184417724609375,3.5751795768737797,-7.831470012664795,-15.9780912399292,5.447388648986816,6.191832542419434,-4.803850173950195,-0.5298389196395874,-3.381808042526245,12.20932388305664,11.370125770568848,-1.7663545608520508,6.9568047523498535,-8.47305965423584,3.659799814224243,-3.061201810836792,13.101346969604492,5.69270658493042,-16.262630462646484,-14.607503890991213,-2.388934850692749,-6.383706569671631,-1.1480584144592283,-1.1506179571151731,1.0699549913406372,10.885764122009276,18.06161117553711,0.6940976977348328,18.079896926879883,8.91894817352295,-3.1528239250183105,11.02069854736328,-6.624924182891846,10.22166347503662,-1.836939811706543,-5.69941520690918,-2.1934618949890137,8.170598983764648,5.870989799499512,4.933481216430664,-1.2327651977539062,4.25377082824707,12.677098274230955,2.987747430801392,4.470366954803467,10.2979154586792,-8.79027271270752,-0.8154635429382324,-0.132822647690773,-6.596795558929443,-4.659719944000244,-0.4086684584617615,-6.715727806091309,-1.7117458581924438,0.7982044219970703,-5.145451545715332,1.01744282245636,5.944983959197998,-12.07242488861084,3.050767421722412,-1.6492104530334473,-0.0566642917692661,8.06647777557373,-8.460680961608887,-11.10977840423584,17.22833824157715,0.6205768585205078,2.815911769866944,-1.0924071073532104,6.934776306152344,-4.1753129959106445,-6.10340690612793,11.572843551635742,-3.629168748855591,10.773966789245604,-0.9142965078353882,15.536104202270508,7.595589160919189,-3.886956453323364,-0.819098711013794,-0.6956493854522705,-4.465043067932129,-6.632297039031982,-0.9093422889709472,-0.7812904715538025,-5.500945091247559,-0.3954193592071533,3.919893503189087,0.5648735165596008,-3.5400757789611816,-15.994431495666504,-0.9575908184051514,-2.3065638542175293,0.5731548070907593,-0.2842164039611816,7.813418865203857,-2.88346791267395,3.787874937057495,1.840299129486084,15.295804023742676,9.217555046081545,9.830121994018556,-2.3065576553344727,16.60006332397461,-1.9674584865570068,12.212265014648438,-9.474841117858888,3.9057891368865967,-3.1043074131011963,5.377966403961182,6.631476879119873,-7.798046588897705,5.074169158935547,4.7392897605896,-13.148934364318848,-5.851059913635254,0.9873539209365844,3.678258895874024,-7.872390747070312,-3.682939767837525,-1.6572813987731934,7.714558601379394,-12.476694107055664,2.594396114349365,-3.322596549987793,-7.025856018066406,-16.214231491088867,-2.0735867023468018,-10.579800605773926,-2.290036916732788,-3.1413321495056152,-4.439560890197754,13.504257202148438,6.774841785430908,-6.000540733337402,5.343613624572754,-1.717050075531006,-2.830319404602051,7.894855499267578,-18.28826332092285,-8.186767578125,-2.1565675735473637,-0.3891019523143768,-23.01845359802246,6.445374011993408,3.19104552268982,-1.944894909858704,-14.152425765991213,4.842134475708008,4.702253818511963,-8.616445541381836,14.026285171508787,-12.168108940124512,0.8826664686203003,5.880375385284424,-0.6045251488685608,9.925274848937988,0.4670961797237396,-10.550176620483398,-6.348738670349121,5.420383453369141,2.859193563461304,-10.595629692077637,-2.198066473007202,8.918863296508789,-7.980649948120117,0.7345197200775146,1.195420265197754,-7.692903995513916,-4.84729528427124,-3.5159013271331787,-2.505080223083496,5.399344444274902,-11.093734741210938,-9.259685516357422,-15.666077613830566,-11.266498565673828,-2.933083295822144,8.293123245239258,-1.9829261302948,-3.2425808906555176,-9.511496543884276,-1.2520017623901367,0.1706361919641494,15.30172634124756,8.423190116882324,1.8103108406066892,-12.019564628601074,-6.642999649047852,-6.122573852539063,-7.192431449890137,-16.729829788208008,0.8019709587097168,-1.0,0.6020599913279623
OXYR_HUMAN,CHEMBL3354586,CCCCCN(CC(=O)NC(CC(C)C)C(=O)NCC(N)=O)C(=O)C1CCSCCC(=O)NC(Cc2ccc(O)cc2)C(=O)NC(C(C)CC)C(=O)NC(CCC(N)=O)C(=O)NC(CC(N)=O)C(=O)N1,0,0,0,0,0,0,0,0,0,0,0,0,0,0,0,0,0,0,0,0,0,0,0,0,0,0,0,0,0,0,0,0,0,0,0,0,0,0,0,0,0,0,0,0,0,0,0,0,0,0,0,0,0,0,0,0,0,0,0,0,0,0,0,0,0,0,0,0,0,0,0,0,0,0,0,0,0,0,0,0,0,0,0,0,0,0,0,0,0,0,0,0,0,0,0,0,0,0,0,0,0,0,0,0,0,0,0,0,0,0,0,0,0,0,0,0,0,0,0,0,0,0,0,0,0,0,0,0,0,0,0,0,0,0,0,0,0,0,0,0,0,0,0,0,0,0,0,0,0,0,0,0,0,0,0,0,0,0,0,0,0,0,0,0,0,0,0,0,0,0,0,0,0,0,0,0,0,0,0,0,0,0,0,0,0,2,4,1,2,2,2,2,3,2,3,2,4,2,2,3,2,0,0,0,0,0,0,0,0,0,0,0,0,0,0,0,0,3,2,2,1,0,0,0,0,0,0,0,0,0,0,0,0,0,0,0,0,0,1,1,2,4,1,3,0,0,0,0,0,0,0,0,0,0,0,5,3,0,0,0,0,0,0,0,0,0,0,0,0,0,0,0,0,0,0,0,0,0,0,0,0,0,0,0,0,0,0,0,0,0,0,0,0,0,0,0,0,0,0,0,0,0,0,0,0,0,0,0,0,0,0,0,0,0,0,0,0,0,0,0,0,0,0,0,0,0,0,0,0,0,0,0,0,0,0,0,0,0,0,0,0,0,0,0,0,0,0,0,0,0,0,0,0,0,0,0,0,0,0,0,0,0,0,0,0,0,0,0,0,0,0,0,0,0,0,0,0,0,0,0,0,0,0,0,0,0,0,0,0,0,0,0,0,0,0,0,0,0,0,0,0,0,0,0,0,0,0,0,0,0,0,0,0,0,0,0,0,0,0,0,0,0,0,0,0,0,0,0,0,0,0,0,0,2,1,1,1,5,5,3,0,0,0,0,0,0,0,0,0,0,0,0,0,0,0,0,0,0,0,0,0,0,0,0,0,0,0,0,0,0,0,0,0,0,0,0,0,0,0,0,0,0,0,0,0,0,0,0,0,0,0,0,0,0,0,0,0,0,0,0,0,0,0,0,0,0,0,0,0,0,0,0,0,0,0,0,0,0,0,0,0,0,0,0,0,0,0,0,0,0,0,0,0,0,0,0,0,0,0,0,0,0,0,0,0,0,0,0,0,0,0,0,0,0,0,0,0,0,0,0,0,0,0,0,0,0,0,0,0,0,0,0,0,0,0,0,0,0,0,0,0,0,0,0,0,0,0,0,0,4,2,2,2,5,2,4,2,0,0,0,0,0,0,0,0,0,0,0,0,0,0,0,0,0,2,2,2,1,2,0,2,2,0,0,0,0,0,0,0,0,0,0,0,2,2,2,2,3,1,3,2,1,0,0,0,0,0,0,2,2,2,2,2,0,0,5,0,0,0,0,3,3,0,0,0,0,0,0,0,0,0,0,0,5,3,5,5,0,0,0,0,0,3,0,0,0,0,0,0,0,5,2,2,2,2,2,5,0,0,0,0,0,0,0,0,0,0,0,0,0,0,0,5,2,3,0,2,2,4,0,0,0,0,0,0,0,0,0,0,0,0,0,0,0,0,0,0,0,0,0,0,0,0,0,0,0,0,0,0,0,0,2,2,2,2,2,2,3,2,2,0,0,0,0,0,0,0,0,0,0,0,0,0,0,0,0,0,0,0,0,0,0,0,0,1,3,2,2,0,0,0,0,0,0,0,0,0,0,0,0,0,0,0,0,0,0,0,0,0,0,0,0,0,0,0,0,0,2,4,2,3,2,5,2,2,1,0,1,4,2,0,0,0,0,0,2,1,0,0,0,0,0,0,0,0,0,0,0,0,0,0,0,0,0,0,0,0,0,0,0,0,0,0,0,0,0,0,0,0,0,0,0,0,0,0,0,0,0,0,0,0,0,0,0,5,0,2,2,5,0,2,2,3,2,2,1,2,2,2,0,0,0,3,3,2,2,0,0,0,0,0,0,0,0,0,0,0,0,2,2,0,0,0,0,0,0,0,0,0,0,0,0,0,0,0,0,0,0,0,0,0,0,0,0,0,0,0,0,0,0,0,2,2,3,2,4,5,0,0,0,0,0,0,0,0,0,0,0,0,0,0,0,0,0,0,0,0,0,0,0,0,0,0,0,0,0,0,0,0,0,0,1,0,0,0,0,0,0,0,0,0,0,0,0,0,0,0,0,0,0,0,0,0,0,0,0,0,0,2,2,0,0,0,0,0,0,2,0,1,3,1,2,0,0,0,0,0,0,0,0,0,0,0,0,0,0,0,0,0,0,0,0,0,0,0,0,0,0,0,0,5,3,0,0,0,0,2,5,5,0,0,5,3,0,0,0,0,0,0,0,0,0,0,0,0,0,0,0,4,5,0,0,0,0,2,2,2,0,0,0,0,2,2,3,2,2,0,0,0,1,1,2,2,2,3,0,0,2,1,3,2,5,0,0,0,0,0,0,0,0,0,0,0,0,2,2,3,0,0,0,0,0,0,0,0,0,0,0,0,0,0,0,0,0,0,0,0,0,0,0,0,0,0,0,0,0,0,0,0,0,0,0,0,0,0,0,2,5,0,0,0,0,4,0,0,0,0,0,0,0,0,0,0,0,0,0,0,0,0,0,0,0,0,0,0,0,0,0,0,0,0,0,0,0,0,0,0,0,0,0,0,0,0,0,0,0,0,0,0,0,0,0,0,0,0,0,0,0,0,0,0,0,0,0,0,0,0,0,0,0,0,0,0,0,0,0,0,0,0,0,0,0,0,0,0,0,0,0,0,0,0,0,0,0,0,0,2,2,0,0,4,1,2,2,4,0,0,0,0,0,1,2,2,2,0,0,0,0,0,0,0,0,0,0,0,0,0,0,0,0,0,0,0,0,0,0,0,0,0,0,0,0,0,0,0,0,0,0,0,0,0,0,0,0,0,0,0,2,2,0,0,0,0,0,0,0,0,0,0,0,0,0,0,0,0,3,1,2,1,1,0,0,0,0,5,0,0,0,0,0,0,0,2,2,0,0,0,0,0,0,0,0,2,3,2,2,0,0,0,3,2,2,2,2,0,2,2,1,2,2,0,2,2,0,0,0,0,0,0,0,0,0,0,0,0,0,0,0,0,0,0,2,2,1,0,0,0,0,0,0,0,0,0,0,0,0,0,0,0,0,2,1,2,2,3,2,0,0,0,0,0,0,0,5,2,0,0,0,0,0,0,0,0,0,0,0,0,0,0,0,0,2,3,0,0,0,0,0,0,0,0,0,0,0,0,0,0,0,0,0,0,0,0,0,0,0,0,0,0,0,0,0,0,0,0,0,0,0,0,0,0,0,0,0,0,0,3,2,5,2,0,0,0,0,0,0,0,0,0,0,0,0,0,0,0,0,0,0,0,0,0,0,0,0,0,0,0,0,0,0,0,0,0,0,0,0,0,0,0,0,0,0,0,0,0,0,0,0,0,0,0,0,0,0,0,0,0,0,0,0,0,0,0,0,0,0,0,0,0,0,0,0,0,0,0,0,0,0,0,0,0,0,0,0,0,0,0,0,0,0,0,0,0,0,0,0,0,0,0,0,0,0,0,0,0,0,0,0,0,0,0,0,0,0,0,0,0,0,0,0,0,0,0,0,0,0,0,0,0,0,0,0,0,0,0,0,0,0,0,5,3,2,2,2,2,2,2,4,2,1,4,1,2,2,2,1,4,1,1,5,2,2,2,2,5,2,3,3,2,5,2,2,3,5,0,0,0,0,0,0,0,0,0,0,0,0,0,0,0,0,0,0,0,0,0,0,0,2,5,2,5,3,2,0,0,0,0,0,0,0,0,5,0,0,0,2,3,2,2,2,2,0,0,0,0,0,2,2,2,2,2,0,0,0,1,2,3,1,2,2,2,0,0,0,0,0,2,3,2,2,3,2,2,4,2,0,0,0,0,0,0,0,0,3,2,1,5,4,2,0,0,0,0,3,0,0,0,0,0,0,0,0,0,0,0,0,0,0,0,0,0,2,0,0,2,0,0,0,0,0,0,0,0,0,0,0,0,0,0,0,0,0,0,0,0,0,0,0,0,0,0,0,0,0,0,0,0,0,0,0,0,0,0,0,0,0,0,0,0,0,0,0,0,0,0,0,0,0,0,0,0,0,0,0,0,0,0,0,0,0,0,0,0,0,0,0,0,0,0,0,0,0,2,2,0,2,0,0,0,0,0,2,2,2,0,2,3,2,3,3,1,1,3,1,2,2,0,0,0,0,0,0,0,2,2,2,2,3,1,5,2,2,5,0,4,2,0,0,0,0,2,3,5,2,0,0,0,0,0,0,0,0,0,0,0,0,0,0,0,0,0,0,0,0,0,0,0,0,0,0,0,0,0,0,0,0,0,0,0,0,0,0,0,0,0,0,0,0,0,0,0,0,0,0,0,0,0,0,0,0,0,0,0,0,0,0,0,0,0,0,0,0,0,0,0,0,0,0,0,0,0,0,0,0,0,0,0,0,0,0,0,0,0,0,0,0,0,0,0,0,2,1,1,3,2,3,2,2,5,1,5,5,2,1,4,3,0,0,0,0,0,0,0,0,0,0,0,0,0,0,0,0,0,0,0,0,0,0,0,0,0,0,0,0,0,0,0,0,0,0,0,0,0,0,0,0,0,0,0,0,0,0,0,0,0,0,0,0,0,0,0,0,0,0,0,0,0,0,0,0,0,0,0,0,0,0,0,0,0,0,0,0,0,0,0,0,0,0,0,0,0,0,0,0,0,0,0,0,0,0,0,0,0,0,0,0,0,0,0,0,0,0,0,0,0,0,0,0,0,0,0,0,0,0,0,0,0,0,0,0,0,0,0,0,0,0,0,0,0,0,0,0,0,0,0,0,0,0,0,0,0,0,0,0,0,0,0,0,0,0,0,0,0,0,0,0,0,0,0,0,0,0,0,0,0,0,0,0,0,0,0,0,0,0,0,0,0,0,0,0,0,0,0,0,0,0,0,0,0,0,0,0,0,0,0,0,0,0,0,0,0,0,0,0,0,0,0,0,0,0,0,0,0,0,0,0,0,0,0,0,0,0,0,0,0,0,0,0,0,0,0,0,0,0,0,0,0,0,0,0,0,0,0,0,0,0,0,0,0,0,0,0,0,0,0,0,0,0,0,0,0,0,0,0,0,0,0,0,0,0,0,0,0,0,0,0,0,0,0,0,3,2,3,5,5,3,3,3,3,3,2,2,2,3,5,5,3,0,0,0,0,0,0,0,0,0,0,0,0,0,0,0,0,0,0,0,0,0,0,0,0,0,0,0,0,0,0,0,0,0,0,0,0,0,0,0,0,0,0,0,0,0,0,0,0,0,0,0,0,0,0,0,0,0,0,0,0,0,0,0,0,0,0,0,0,0,0,0,0,0,0,0,0,0,0,0,0,0,0,0,0,0,0,0,0,0,0,0,0,0,0,0,0,0,0,0,0,0,0,0,0,0,0,0,0,0,0,0,0,0,0,0,0,0,0,0,0,0,0,0,0,0,0,0,0,0,3,3,3,5,3,1,3,3,1,3,3,2,0,0,0,0,0,0,0,0,0,0,0,0,0,0,0,0,0,0,0,0,0,0,0,0,0,0,0,0,0,0,0,0,0,0,0,0,0,0,0,0,0,0,0,0,0,0,0,0,0,0,0,0,0,0,0,0,0.4476698935031891,-4.762896060943604,-5.002665042877197,4.843077659606934,7.430943489074707,-15.324968338012695,-30.527551651000977,-6.312512397766113,25.318363189697266,-6.117983818054199,3.4990346431732178,21.598407745361328,0.0643174648284912,14.900742530822754,-33.20646667480469,-0.3163233995437622,24.252769470214844,-29.505067825317383,-29.62315559387207,34.18233871459961,6.019656658172607,16.678295135498047,57.93722915649414,17.556901931762695,-16.876392364501953,5.61525297164917,-17.44997787475586,-37.45815658569336,3.36914324760437,-12.494000434875488,19.08091735839844,-8.955440521240234,-15.654223442077637,-2.317366600036621,-2.1174874305725098,7.706199645996094,2.38974928855896,-0.910139799118042,20.199047088623047,19.30373191833496,2.4933724403381348,1.1668133735656738,-5.36485481262207,-12.614896774291992,-26.301172256469727,17.48949432373047,12.209197998046877,40.32643127441406,-8.968057632446289,2.4258477687835693,9.590944290161133,-26.92965507507324,1.5740262269973757,-20.80564308166504,-33.33910369873047,-23.415552139282227,-12.71356201171875,14.234359741210938,3.776024580001831,8.784757614135742,1.7114088535308838,-15.296278953552246,-17.263805389404297,11.051783561706545,-41.39605712890625,2.600738286972046,18.734447479248047,9.889965057373049,-19.90736198425293,-3.375937938690185,-6.53526782989502,10.951455116271973,14.96201515197754,-32.46012115478516,-5.249094486236572,6.118659496307373,-29.122764587402344,2.266475915908813,7.757242202758789,1.0846551656723022,19.803302764892575,0.9506608247756958,-9.720271110534668,-40.24515151977539,15.840368270874023,-9.57673454284668,-11.668712615966797,4.996923923492432,6.789143085479736,-1.8178634643554688,9.465166091918944,14.537385940551758,16.028507232666016,9.54258918762207,3.747804880142212,-4.715706825256348,20.867101669311523,8.0530424118042,18.127561569213867,-8.266640663146973,-7.566780090332031,-20.16216087341309,-25.682144165039062,-12.4364595413208,11.313494682312012,-31.12913703918457,-17.262025833129883,11.705283164978027,7.038523674011231,-19.98966789245605,-20.82931900024414,16.95154571533203,12.10395622253418,-14.030202865600586,-1.7922241687774658,-10.673860549926758,16.70076560974121,22.808500289916992,-1.9171117544174197,7.56294584274292,-15.456453323364258,14.12529754638672,-2.920379161834717,31.421689987182617,0.9972785711288452,-35.96531295776367,-32.21865463256836,2.650215148925781,-14.753540992736816,1.5454353094100952,-0.720708966255188,-3.307056665420532,14.025712966918944,41.40963363647461,7.26656436920166,31.232221603393555,-2.3415956497192383,-8.325550079345703,17.76303482055664,-13.181936264038086,25.8758487701416,0.6542602181434631,-7.828466415405273,-2.375797986984253,16.4166259765625,4.275142669677734,7.851381778717041,6.243027687072754,14.625271797180176,33.645408630371094,-3.4618265628814697,17.871723175048828,15.39126682281494,-23.431934356689453,-4.786644458770752,1.3362252712249756,-17.11524200439453,-6.784398555755615,0.5243377685546875,-19.355886459350582,5.734808921813965,15.347413063049316,-11.97854232788086,6.691172122955322,15.935425758361816,-23.89809799194336,10.925392150878906,-9.97289752960205,4.948978424072266,19.03446578979492,-14.362138748168944,-20.108301162719727,37.35333633422852,-8.70911979675293,12.10797882080078,-1.9645676612854004,12.48655891418457,-5.497677803039551,-14.866888046264648,23.231298446655277,-15.473397254943848,25.228893280029297,0.7157799601554871,30.24297332763672,10.04230785369873,-12.78647804260254,3.3769102096557617,4.271170616149902,-8.59366512298584,-16.241762161254883,3.917285203933716,-7.976104259490967,-17.136083602905273,3.9583215713500977,12.239893913269045,7.959754467010498,-0.6018956899642944,-25.652246475219727,-7.853350639343262,-9.994795799255373,0.962287425994873,-6.874399185180664,11.295982360839844,-6.536154270172119,-7.507138252258301,-4.3421478271484375,32.797157287597656,27.21373176574707,26.03440284729004,-16.982606887817383,34.004764556884766,-3.217395067214966,34.49949645996094,-13.238545417785645,14.145787239074709,-0.2610920965671539,16.932767868041992,9.672659873962402,-11.101278305053713,15.61513328552246,11.27484893798828,-20.31347274780273,-10.512389183044434,1.946967959403992,7.748404026031494,-13.591187477111816,-2.903934955596924,-0.9196147918701172,15.476067543029783,-26.92260360717773,5.563743591308594,-3.4890804290771484,-20.964393615722656,-23.34074592590332,4.149015426635742,-26.503074645996094,-6.376805782318115,-8.790267944335938,-7.006271362304688,29.308292388916016,16.559476852416992,-27.67475128173828,18.82167053222656,-5.787055015563965,-3.722382068634033,23.754234313964844,-43.13129425048828,-14.528260231018066,1.5905934572219849,11.605393409729004,-47.27717590332031,9.06826114654541,10.29592990875244,-7.969811916351318,-24.7949275970459,16.083786010742188,2.5408053398132324,-17.89335823059082,32.26273727416992,-26.29694557189941,-11.512739181518556,10.80782699584961,1.545748591423035,18.16781234741211,-3.960748195648194,-24.88204765319824,-13.7312593460083,0.9933053851127625,8.085304260253906,-20.373703002929688,0.0515690371394157,11.080910682678224,-14.63593864440918,4.863706111907959,-1.1410530805587769,-21.06551742553711,-8.825220108032227,-9.81813907623291,-11.653186798095703,20.270151138305664,-14.24563980102539,-16.089879989624023,-25.769702911376957,-14.808619499206545,-10.771321296691896,11.777859687805176,2.1297051906585693,-0.2173365354537964,-11.470663070678713,-9.74879550933838,6.7337646484375,30.44376945495605,14.962427139282228,11.786884307861328,-27.926122665405277,-19.04173851013184,-14.015546798706056,-24.18709754943848,-41.98206329345703,-4.675367832183838,1.0,-0.5228787452803376
OXYR_HUMAN,CHEMBL572709,COc1ccc(S(=O)(=O)N2c3ccccc3CCC2CCS(=O)(=O)N2CCC(NCC3CCCCC3)CC2)c(OC)c1,0,0,0,0,0,0,0,0,0,0,0,0,0,0,0,0,0,0,0,0,0,0,0,0,0,0,0,0,0,0,0,0,0,0,0,0,0,0,0,0,0,0,0,0,0,0,0,0,0,0,0,0,0,0,0,0,0,0,0,0,0,0,0,0,0,0,0,0,0,0,0,0,0,0,0,0,0,0,0,0,0,0,0,0,0,0,0,0,0,0,0,0,0,0,0,0,0,0,0,0,0,0,0,0,0,0,0,0,0,0,0,0,0,0,0,0,0,0,0,0,0,0,0,0,0,0,0,0,0,0,0,0,0,0,0,0,0,0,0,0,0,0,0,0,0,0,0,0,0,0,0,0,0,0,0,0,0,0,0,0,0,0,0,0,0,0,0,0,0,0,0,0,0,0,0,0,0,0,0,0,0,0,0,0,0,2,4,1,2,2,2,2,3,2,3,2,4,2,2,3,2,0,0,0,0,0,0,0,0,0,0,0,0,0,0,0,0,3,2,2,1,0,0,0,0,0,0,0,0,0,0,0,0,0,0,0,0,0,1,1,2,4,1,3,0,0,0,0,0,0,0,0,0,0,0,5,3,0,0,0,0,0,0,0,0,0,0,0,0,0,0,0,0,0,0,0,0,0,0,0,0,0,0,0,0,0,0,0,0,0,0,0,0,0,0,0,0,0,0,0,0,0,0,0,0,0,0,0,0,0,0,0,0,0,0,0,0,0,0,0,0,0,0,0,0,0,0,0,0,0,0,0,0,0,0,0,0,0,0,0,0,0,0,0,0,0,0,0,0,0,0,0,0,0,0,0,0,0,0,0,0,0,0,0,0,0,0,0,0,0,0,0,0,0,0,0,0,0,0,0,0,0,0,0,0,0,0,0,0,0,0,0,0,0,0,0,0,0,0,0,0,0,0,0,0,0,0,0,0,0,0,0,0,0,0,0,0,0,0,0,0,0,0,0,0,0,0,0,0,0,0,0,0,2,1,1,1,5,5,3,0,0,0,0,0,0,0,0,0,0,0,0,0,0,0,0,0,0,0,0,0,0,0,0,0,0,0,0,0,0,0,0,0,0,0,0,0,0,0,0,0,0,0,0,0,0,0,0,0,0,0,0,0,0,0,0,0,0,0,0,0,0,0,0,0,0,0,0,0,0,0,0,0,0,0,0,0,0,0,0,0,0,0,0,0,0,0,0,0,0,0,0,0,0,0,0,0,0,0,0,0,0,0,0,0,0,0,0,0,0,0,0,0,0,0,0,0,0,0,0,0,0,0,0,0,0,0,0,0,0,0,0,0,0,0,0,0,0,0,0,0,0,0,0,0,0,0,0,0,4,2,2,2,5,2,4,2,0,0,0,0,0,0,0,0,0,0,0,0,0,0,0,0,0,2,2,2,1,2,0,2,2,0,0,0,0,0,0,0,0,0,0,0,2,2,2,2,3,1,3,2,1,0,0,0,0,0,0,2,2,2,2,2,0,0,5,0,0,0,0,3,3,0,0,0,0,0,0,0,0,0,0,0,5,3,5,5,0,0,0,0,0,3,0,0,0,0,0,0,0,5,2,2,2,2,2,5,0,0,0,0,0,0,0,0,0,0,0,0,0,0,0,5,2,3,0,2,2,4,0,0,0,0,0,0,0,0,0,0,0,0,0,0,0,0,0,0,0,0,0,0,0,0,0,0,0,0,0,0,0,0,2,2,2,2,2,2,3,2,2,0,0,0,0,0,0,0,0,0,0,0,0,0,0,0,0,0,0,0,0,0,0,0,0,1,3,2,2,0,0,0,0,0,0,0,0,0,0,0,0,0,0,0,0,0,0,0,0,0,0,0,0,0,0,0,0,0,2,4,2,3,2,5,2,2,1,0,1,4,2,0,0,0,0,0,2,1,0,0,0,0,0,0,0,0,0,0,0,0,0,0,0,0,0,0,0,0,0,0,0,0,0,0,0,0,0,0,0,0,0,0,0,0,0,0,0,0,0,0,0,0,0,0,0,5,0,2,2,5,0,2,2,3,2,2,1,2,2,2,0,0,0,3,3,2,2,0,0,0,0,0,0,0,0,0,0,0,0,2,2,0,0,0,0,0,0,0,0,0,0,0,0,0,0,0,0,0,0,0,0,0,0,0,0,0,0,0,0,0,0,0,2,2,3,2,4,5,0,0,0,0,0,0,0,0,0,0,0,0,0,0,0,0,0,0,0,0,0,0,0,0,0,0,0,0,0,0,0,0,0,0,1,0,0,0,0,0,0,0,0,0,0,0,0,0,0,0,0,0,0,0,0,0,0,0,0,0,0,2,2,0,0,0,0,0,0,2,0,1,3,1,2,0,0,0,0,0,0,0,0,0,0,0,0,0,0,0,0,0,0,0,0,0,0,0,0,0,0,0,0,5,3,0,0,0,0,2,5,5,0,0,5,3,0,0,0,0,0,0,0,0,0,0,0,0,0,0,0,4,5,0,0,0,0,2,2,2,0,0,0,0,2,2,3,2,2,0,0,0,1,1,2,2,2,3,0,0,2,1,3,2,5,0,0,0,0,0,0,0,0,0,0,0,0,2,2,3,0,0,0,0,0,0,0,0,0,0,0,0,0,0,0,0,0,0,0,0,0,0,0,0,0,0,0,0,0,0,0,0,0,0,0,0,0,0,0,2,5,0,0,0,0,4,0,0,0,0,0,0,0,0,0,0,0,0,0,0,0,0,0,0,0,0,0,0,0,0,0,0,0,0,0,0,0,0,0,0,0,0,0,0,0,0,0,0,0,0,0,0,0,0,0,0,0,0,0,0,0,0,0,0,0,0,0,0,0,0,0,0,0,0,0,0,0,0,0,0,0,0,0,0,0,0,0,0,0,0,0,0,0,0,0,0,0,0,0,2,2,0,0,4,1,2,2,4,0,0,0,0,0,1,2,2,2,0,0,0,0,0,0,0,0,0,0,0,0,0,0,0,0,0,0,0,0,0,0,0,0,0,0,0,0,0,0,0,0,0,0,0,0,0,0,0,0,0,0,0,2,2,0,0,0,0,0,0,0,0,0,0,0,0,0,0,0,0,3,1,2,1,1,0,0,0,0,5,0,0,0,0,0,0,0,2,2,0,0,0,0,0,0,0,0,2,3,2,2,0,0,0,3,2,2,2,2,0,2,2,1,2,2,0,2,2,0,0,0,0,0,0,0,0,0,0,0,0,0,0,0,0,0,0,2,2,1,0,0,0,0,0,0,0,0,0,0,0,0,0,0,0,0,2,1,2,2,3,2,0,0,0,0,0,0,0,5,2,0,0,0,0,0,0,0,0,0,0,0,0,0,0,0,0,2,3,0,0,0,0,0,0,0,0,0,0,0,0,0,0,0,0,0,0,0,0,0,0,0,0,0,0,0,0,0,0,0,0,0,0,0,0,0,0,0,0,0,0,0,3,2,5,2,0,0,0,0,0,0,0,0,0,0,0,0,0,0,0,0,0,0,0,0,0,0,0,0,0,0,0,0,0,0,0,0,0,0,0,0,0,0,0,0,0,0,0,0,0,0,0,0,0,0,0,0,0,0,0,0,0,0,0,0,0,0,0,0,0,0,0,0,0,0,0,0,0,0,0,0,0,0,0,0,0,0,0,0,0,0,0,0,0,0,0,0,0,0,0,0,0,0,0,0,0,0,0,0,0,0,0,0,0,0,0,0,0,0,0,0,0,0,0,0,0,0,0,0,0,0,0,0,0,0,0,0,0,0,0,0,0,0,0,5,3,2,2,2,2,2,2,4,2,1,4,1,2,2,2,1,4,1,1,5,2,2,2,2,5,2,3,3,2,5,2,2,3,5,0,0,0,0,0,0,0,0,0,0,0,0,0,0,0,0,0,0,0,0,0,0,0,2,5,2,5,3,2,0,0,0,0,0,0,0,0,5,0,0,0,2,3,2,2,2,2,0,0,0,0,0,2,2,2,2,2,0,0,0,1,2,3,1,2,2,2,0,0,0,0,0,2,3,2,2,3,2,2,4,2,0,0,0,0,0,0,0,0,3,2,1,5,4,2,0,0,0,0,3,0,0,0,0,0,0,0,0,0,0,0,0,0,0,0,0,0,2,0,0,2,0,0,0,0,0,0,0,0,0,0,0,0,0,0,0,0,0,0,0,0,0,0,0,0,0,0,0,0,0,0,0,0,0,0,0,0,0,0,0,0,0,0,0,0,0,0,0,0,0,0,0,0,0,0,0,0,0,0,0,0,0,0,0,0,0,0,0,0,0,0,0,0,0,0,0,0,0,2,2,0,2,0,0,0,0,0,2,2,2,0,2,3,2,3,3,1,1,3,1,2,2,0,0,0,0,0,0,0,2,2,2,2,3,1,5,2,2,5,0,4,2,0,0,0,0,2,3,5,2,0,0,0,0,0,0,0,0,0,0,0,0,0,0,0,0,0,0,0,0,0,0,0,0,0,0,0,0,0,0,0,0,0,0,0,0,0,0,0,0,0,0,0,0,0,0,0,0,0,0,0,0,0,0,0,0,0,0,0,0,0,0,0,0,0,0,0,0,0,0,0,0,0,0,0,0,0,0,0,0,0,0,0,0,0,0,0,0,0,0,0,0,0,0,0,0,2,1,1,3,2,3,2,2,5,1,5,5,2,1,4,3,0,0,0,0,0,0,0,0,0,0,0,0,0,0,0,0,0,0,0,0,0,0,0,0,0,0,0,0,0,0,0,0,0,0,0,0,0,0,0,0,0,0,0,0,0,0,0,0,0,0,0,0,0,0,0,0,0,0,0,0,0,0,0,0,0,0,0,0,0,0,0,0,0,0,0,0,0,0,0,0,0,0,0,0,0,0,0,0,0,0,0,0,0,0,0,0,0,0,0,0,0,0,0,0,0,0,0,0,0,0,0,0,0,0,0,0,0,0,0,0,0,0,0,0,0,0,0,0,0,0,0,0,0,0,0,0,0,0,0,0,0,0,0,0,0,0,0,0,0,0,0,0,0,0,0,0,0,0,0,0,0,0,0,0,0,0,0,0,0,0,0,0,0,0,0,0,0,0,0,0,0,0,0,0,0,0,0,0,0,0,0,0,0,0,0,0,0,0,0,0,0,0,0,0,0,0,0,0,0,0,0,0,0,0,0,0,0,0,0,0,0,0,0,0,0,0,0,0,0,0,0,0,0,0,0,0,0,0,0,0,0,0,0,0,0,0,0,0,0,0,0,0,0,0,0,0,0,0,0,0,0,0,0,0,0,0,0,0,0,0,0,0,0,0,0,0,0,0,0,0,0,0,0,0,3,2,3,5,5,3,3,3,3,3,2,2,2,3,5,5,3,0,0,0,0,0,0,0,0,0,0,0,0,0,0,0,0,0,0,0,0,0,0,0,0,0,0,0,0,0,0,0,0,0,0,0,0,0,0,0,0,0,0,0,0,0,0,0,0,0,0,0,0,0,0,0,0,0,0,0,0,0,0,0,0,0,0,0,0,0,0,0,0,0,0,0,0,0,0,0,0,0,0,0,0,0,0,0,0,0,0,0,0,0,0,0,0,0,0,0,0,0,0,0,0,0,0,0,0,0,0,0,0,0,0,0,0,0,0,0,0,0,0,0,0,0,0,0,0,0,3,3,3,5,3,1,3,3,1,3,3,2,0,0,0,0,0,0,0,0,0,0,0,0,0,0,0,0,0,0,0,0,0,0,0,0,0,0,0,0,0,0,0,0,0,0,0,0,0,0,0,0,0,0,0,0,0,0,0,0,0,0,0,0,0,0,0,0,3.610491991043091,-9.48972511291504,-3.6933846473693848,6.625633239746094,-2.1565096378326416,-3.194918394088745,-16.502883911132812,3.1734797954559326,9.846007347106934,6.08096170425415,1.867065668106079,-2.1304409503936768,-12.164405822753906,5.304221630096436,-5.053067207336426,-5.668378829956055,6.564924716949463,-9.188905715942385,-10.581133842468262,9.07093620300293,1.4727842807769775,12.627345085144045,20.301572799682617,14.00318717956543,-16.382469177246094,-4.538309097290039,-3.5410523414611816,-12.65785026550293,3.022202014923096,-4.1592278480529785,11.378644943237305,-10.10780429840088,-12.69035530090332,-5.725772380828857,5.7822771072387695,-2.1499717235565186,-3.4020674228668213,0.4164789021015167,15.694655418395996,10.031693458557127,-4.400522232055664,-1.025391697883606,-3.5534937381744385,-5.088176250457764,-12.123645782470703,11.073233604431152,-0.6319732666015625,7.876210689544678,-11.227838516235352,8.373467445373535,4.765280246734619,-12.609935760498049,-1.3610013723373413,-8.36888313293457,-14.47925853729248,-12.401745796203612,-4.7521586418151855,3.308088779449463,7.331280708312988,11.040570259094238,-1.3802365064620972,-10.96749782562256,-4.563013553619385,4.68906831741333,-21.16277885437012,-2.1932826042175293,12.28890609741211,-1.2819424867630005,-4.279918670654297,2.0058181285858154,-10.87058448791504,3.5806400775909424,11.733518600463867,-9.869566917419434,0.942245364189148,7.496277332305908,-13.382472038269045,3.1269893646240234,2.11234450340271,6.56003999710083,10.191888809204102,-1.6446421146392822,-0.1685971617698669,-18.449125289916992,8.600442886352539,-3.457270383834839,-10.807193756103516,11.676321983337402,5.21273136138916,-6.547177314758301,3.474450826644897,7.539238452911377,2.2112021446228027,6.45563554763794,7.225761413574219,-4.392771244049072,2.5432467460632324,12.760187149047852,12.192594528198242,4.765486717224121,-8.226420402526855,-9.469404220581056,-8.531475067138672,-15.90997314453125,7.48141622543335,-10.742250442504885,-6.1081061363220215,4.592433929443359,-4.359807014465332,-10.59453010559082,-17.263978958129883,8.572741508483887,-0.294399082660675,-1.961418986320496,-3.1094958782196045,-2.936361789703369,11.970976829528809,11.47221851348877,-1.5259582996368408,7.973724365234375,-10.513609886169434,3.136420965194702,-1.7922577857971191,11.367061614990234,6.905328750610352,-17.473918914794922,-12.859888076782228,-3.730764865875244,-10.91030502319336,-4.390117645263672,0.6120520830154419,9.794897079467772,14.812572479248049,12.298751831054688,1.5464086532592771,24.78939819335937,9.028461456298828,-4.983355522155762,17.292591094970703,-7.744776248931885,9.611754417419434,-6.590909957885742,-6.739199638366699,-2.1631321907043457,12.597251892089844,8.915060997009277,1.924850821495056,7.079220294952393,-4.46488618850708,14.28320598602295,5.303873538970947,4.873821258544922,9.711761474609377,-2.6449079513549805,-5.520002841949463,6.735926151275635,-7.245800018310547,-5.853180408477783,-0.5936610698699951,-8.542831420898438,-4.925419807434082,-6.502191543579102,-12.55094051361084,1.4614382982254028,-0.4503886699676513,-3.763967275619507,5.275878429412842,-4.286166667938232,-1.557340145111084,13.01389980316162,-9.868610382080078,-7.612936019897461,22.77945899963379,-4.946976184844971,5.685120105743408,-1.0599446296691897,10.661565780639648,0.6753003597259521,-3.4096100330352783,18.80252265930176,0.4296003580093384,18.691280364990234,-7.287533283233643,14.272366523742676,14.279423713684082,-6.456481456756592,-6.171156883239746,-5.16257381439209,-8.171651840209961,-5.13302755355835,-0.0508328080177307,-1.5018349885940552,-5.5016069412231445,-2.2408435344696045,-0.4696829319000244,-1.652790665626526,-7.332901954650879,-18.02156639099121,-3.5027549266815186,0.4827638864517212,8.598409652709961,5.3341240882873535,7.291738986968994,2.874832391738892,5.405575275421143,-3.2437126636505127,16.887420654296875,11.06267547607422,13.685739517211914,-5.43362283706665,17.126436233520508,-3.3905375003814697,17.069597244262695,-9.59246063232422,6.192855358123779,-5.786859035491943,-0.0207826495170593,7.244430065155029,-5.67729377746582,6.260388851165772,3.00138783454895,-11.577466011047363,-4.817676544189453,0.4482698440551758,7.812844753265381,-10.496651649475098,-3.125890016555786,-5.868941783905029,4.095516204833984,-8.810275077819824,3.90561842918396,2.3700966835021973,-7.28753662109375,-19.77533721923828,-2.41662335395813,-4.088374614715576,-7.279159069061279,0.6450443267822266,-11.25428581237793,13.279393196105955,15.087803840637209,-3.132371187210083,11.012879371643066,5.079849720001221,-6.112917900085449,6.380039691925049,-19.68246841430664,-11.7389497756958,-2.061882972717285,-2.680905342102051,-24.41476821899414,7.566353797912598,4.453610897064209,-2.5098836421966557,-18.74790954589844,2.952874660491944,4.815659046173096,-10.689459800720217,15.5599365234375,-8.415823936462402,0.9751414060592652,9.570050239562988,8.80518913269043,22.31037330627441,6.80148983001709,-7.631889820098877,-4.59083890914917,10.924395561218262,2.5419368743896484,-11.363917350769045,-3.563292980194092,2.237513303756714,-6.54421329498291,-1.0965255498886108,-4.598062515258789,-10.937646865844728,0.0978335961699485,0.261561244726181,-2.9205007553100586,-0.9869121313095092,-8.776698112487793,-10.48082160949707,-21.787681579589844,-11.852045059204102,-2.585855007171631,6.626977443695068,-1.706820368766785,-6.575095653533936,-8.324951171875,0.3425231277942657,2.1728999614715576,24.15450859069824,9.255212783813477,-3.936542510986328,-19.26092338562012,-8.581070899963379,-14.455739974975586,-6.067854881286621,-18.839574813842773,-2.921863079071045,-1.0,2.49996186559619
OXYR_HUMAN,CHEMBL198780,COc1ccc(S(=O)(=O)N(CC(=O)Nc2cccc(Cl)c2C)c2ccc(C)cc2)cc1OC,0,0,0,0,0,0,0,0,0,0,0,0,0,0,0,0,0,0,0,0,0,0,0,0,0,0,0,0,0,0,0,0,0,0,0,0,0,0,0,0,0,0,0,0,0,0,0,0,0,0,0,0,0,0,0,0,0,0,0,0,0,0,0,0,0,0,0,0,0,0,0,0,0,0,0,0,0,0,0,0,0,0,0,0,0,0,0,0,0,0,0,0,0,0,0,0,0,0,0,0,0,0,0,0,0,0,0,0,0,0,0,0,0,0,0,0,0,0,0,0,0,0,0,0,0,0,0,0,0,0,0,0,0,0,0,0,0,0,0,0,0,0,0,0,0,0,0,0,0,0,0,0,0,0,0,0,0,0,0,0,0,0,0,0,0,0,0,0,0,0,0,0,0,0,0,0,0,0,0,0,0,0,0,0,0,2,4,1,2,2,2,2,3,2,3,2,4,2,2,3,2,0,0,0,0,0,0,0,0,0,0,0,0,0,0,0,0,3,2,2,1,0,0,0,0,0,0,0,0,0,0,0,0,0,0,0,0,0,1,1,2,4,1,3,0,0,0,0,0,0,0,0,0,0,0,5,3,0,0,0,0,0,0,0,0,0,0,0,0,0,0,0,0,0,0,0,0,0,0,0,0,0,0,0,0,0,0,0,0,0,0,0,0,0,0,0,0,0,0,0,0,0,0,0,0,0,0,0,0,0,0,0,0,0,0,0,0,0,0,0,0,0,0,0,0,0,0,0,0,0,0,0,0,0,0,0,0,0,0,0,0,0,0,0,0,0,0,0,0,0,0,0,0,0,0,0,0,0,0,0,0,0,0,0,0,0,0,0,0,0,0,0,0,0,0,0,0,0,0,0,0,0,0,0,0,0,0,0,0,0,0,0,0,0,0,0,0,0,0,0,0,0,0,0,0,0,0,0,0,0,0,0,0,0,0,0,0,0,0,0,0,0,0,0,0,0,0,0,0,0,0,0,0,2,1,1,1,5,5,3,0,0,0,0,0,0,0,0,0,0,0,0,0,0,0,0,0,0,0,0,0,0,0,0,0,0,0,0,0,0,0,0,0,0,0,0,0,0,0,0,0,0,0,0,0,0,0,0,0,0,0,0,0,0,0,0,0,0,0,0,0,0,0,0,0,0,0,0,0,0,0,0,0,0,0,0,0,0,0,0,0,0,0,0,0,0,0,0,0,0,0,0,0,0,0,0,0,0,0,0,0,0,0,0,0,0,0,0,0,0,0,0,0,0,0,0,0,0,0,0,0,0,0,0,0,0,0,0,0,0,0,0,0,0,0,0,0,0,0,0,0,0,0,0,0,0,0,0,0,4,2,2,2,5,2,4,2,0,0,0,0,0,0,0,0,0,0,0,0,0,0,0,0,0,2,2,2,1,2,0,2,2,0,0,0,0,0,0,0,0,0,0,0,2,2,2,2,3,1,3,2,1,0,0,0,0,0,0,2,2,2,2,2,0,0,5,0,0,0,0,3,3,0,0,0,0,0,0,0,0,0,0,0,5,3,5,5,0,0,0,0,0,3,0,0,0,0,0,0,0,5,2,2,2,2,2,5,0,0,0,0,0,0,0,0,0,0,0,0,0,0,0,5,2,3,0,2,2,4,0,0,0,0,0,0,0,0,0,0,0,0,0,0,0,0,0,0,0,0,0,0,0,0,0,0,0,0,0,0,0,0,2,2,2,2,2,2,3,2,2,0,0,0,0,0,0,0,0,0,0,0,0,0,0,0,0,0,0,0,0,0,0,0,0,1,3,2,2,0,0,0,0,0,0,0,0,0,0,0,0,0,0,0,0,0,0,0,0,0,0,0,0,0,0,0,0,0,2,4,2,3,2,5,2,2,1,0,1,4,2,0,0,0,0,0,2,1,0,0,0,0,0,0,0,0,0,0,0,0,0,0,0,0,0,0,0,0,0,0,0,0,0,0,0,0,0,0,0,0,0,0,0,0,0,0,0,0,0,0,0,0,0,0,0,5,0,2,2,5,0,2,2,3,2,2,1,2,2,2,0,0,0,3,3,2,2,0,0,0,0,0,0,0,0,0,0,0,0,2,2,0,0,0,0,0,0,0,0,0,0,0,0,0,0,0,0,0,0,0,0,0,0,0,0,0,0,0,0,0,0,0,2,2,3,2,4,5,0,0,0,0,0,0,0,0,0,0,0,0,0,0,0,0,0,0,0,0,0,0,0,0,0,0,0,0,0,0,0,0,0,0,1,0,0,0,0,0,0,0,0,0,0,0,0,0,0,0,0,0,0,0,0,0,0,0,0,0,0,2,2,0,0,0,0,0,0,2,0,1,3,1,2,0,0,0,0,0,0,0,0,0,0,0,0,0,0,0,0,0,0,0,0,0,0,0,0,0,0,0,0,5,3,0,0,0,0,2,5,5,0,0,5,3,0,0,0,0,0,0,0,0,0,0,0,0,0,0,0,4,5,0,0,0,0,2,2,2,0,0,0,0,2,2,3,2,2,0,0,0,1,1,2,2,2,3,0,0,2,1,3,2,5,0,0,0,0,0,0,0,0,0,0,0,0,2,2,3,0,0,0,0,0,0,0,0,0,0,0,0,0,0,0,0,0,0,0,0,0,0,0,0,0,0,0,0,0,0,0,0,0,0,0,0,0,0,0,2,5,0,0,0,0,4,0,0,0,0,0,0,0,0,0,0,0,0,0,0,0,0,0,0,0,0,0,0,0,0,0,0,0,0,0,0,0,0,0,0,0,0,0,0,0,0,0,0,0,0,0,0,0,0,0,0,0,0,0,0,0,0,0,0,0,0,0,0,0,0,0,0,0,0,0,0,0,0,0,0,0,0,0,0,0,0,0,0,0,0,0,0,0,0,0,0,0,0,0,2,2,0,0,4,1,2,2,4,0,0,0,0,0,1,2,2,2,0,0,0,0,0,0,0,0,0,0,0,0,0,0,0,0,0,0,0,0,0,0,0,0,0,0,0,0,0,0,0,0,0,0,0,0,0,0,0,0,0,0,0,2,2,0,0,0,0,0,0,0,0,0,0,0,0,0,0,0,0,3,1,2,1,1,0,0,0,0,5,0,0,0,0,0,0,0,2,2,0,0,0,0,0,0,0,0,2,3,2,2,0,0,0,3,2,2,2,2,0,2,2,1,2,2,0,2,2,0,0,0,0,0,0,0,0,0,0,0,0,0,0,0,0,0,0,2,2,1,0,0,0,0,0,0,0,0,0,0,0,0,0,0,0,0,2,1,2,2,3,2,0,0,0,0,0,0,0,5,2,0,0,0,0,0,0,0,0,0,0,0,0,0,0,0,0,2,3,0,0,0,0,0,0,0,0,0,0,0,0,0,0,0,0,0,0,0,0,0,0,0,0,0,0,0,0,0,0,0,0,0,0,0,0,0,0,0,0,0,0,0,3,2,5,2,0,0,0,0,0,0,0,0,0,0,0,0,0,0,0,0,0,0,0,0,0,0,0,0,0,0,0,0,0,0,0,0,0,0,0,0,0,0,0,0,0,0,0,0,0,0,0,0,0,0,0,0,0,0,0,0,0,0,0,0,0,0,0,0,0,0,0,0,0,0,0,0,0,0,0,0,0,0,0,0,0,0,0,0,0,0,0,0,0,0,0,0,0,0,0,0,0,0,0,0,0,0,0,0,0,0,0,0,0,0,0,0,0,0,0,0,0,0,0,0,0,0,0,0,0,0,0,0,0,0,0,0,0,0,0,0,0,0,0,5,3,2,2,2,2,2,2,4,2,1,4,1,2,2,2,1,4,1,1,5,2,2,2,2,5,2,3,3,2,5,2,2,3,5,0,0,0,0,0,0,0,0,0,0,0,0,0,0,0,0,0,0,0,0,0,0,0,2,5,2,5,3,2,0,0,0,0,0,0,0,0,5,0,0,0,2,3,2,2,2,2,0,0,0,0,0,2,2,2,2,2,0,0,0,1,2,3,1,2,2,2,0,0,0,0,0,2,3,2,2,3,2,2,4,2,0,0,0,0,0,0,0,0,3,2,1,5,4,2,0,0,0,0,3,0,0,0,0,0,0,0,0,0,0,0,0,0,0,0,0,0,2,0,0,2,0,0,0,0,0,0,0,0,0,0,0,0,0,0,0,0,0,0,0,0,0,0,0,0,0,0,0,0,0,0,0,0,0,0,0,0,0,0,0,0,0,0,0,0,0,0,0,0,0,0,0,0,0,0,0,0,0,0,0,0,0,0,0,0,0,0,0,0,0,0,0,0,0,0,0,0,0,2,2,0,2,0,0,0,0,0,2,2,2,0,2,3,2,3,3,1,1,3,1,2,2,0,0,0,0,0,0,0,2,2,2,2,3,1,5,2,2,5,0,4,2,0,0,0,0,2,3,5,2,0,0,0,0,0,0,0,0,0,0,0,0,0,0,0,0,0,0,0,0,0,0,0,0,0,0,0,0,0,0,0,0,0,0,0,0,0,0,0,0,0,0,0,0,0,0,0,0,0,0,0,0,0,0,0,0,0,0,0,0,0,0,0,0,0,0,0,0,0,0,0,0,0,0,0,0,0,0,0,0,0,0,0,0,0,0,0,0,0,0,0,0,0,0,0,0,2,1,1,3,2,3,2,2,5,1,5,5,2,1,4,3,0,0,0,0,0,0,0,0,0,0,0,0,0,0,0,0,0,0,0,0,0,0,0,0,0,0,0,0,0,0,0,0,0,0,0,0,0,0,0,0,0,0,0,0,0,0,0,0,0,0,0,0,0,0,0,0,0,0,0,0,0,0,0,0,0,0,0,0,0,0,0,0,0,0,0,0,0,0,0,0,0,0,0,0,0,0,0,0,0,0,0,0,0,0,0,0,0,0,0,0,0,0,0,0,0,0,0,0,0,0,0,0,0,0,0,0,0,0,0,0,0,0,0,0,0,0,0,0,0,0,0,0,0,0,0,0,0,0,0,0,0,0,0,0,0,0,0,0,0,0,0,0,0,0,0,0,0,0,0,0,0,0,0,0,0,0,0,0,0,0,0,0,0,0,0,0,0,0,0,0,0,0,0,0,0,0,0,0,0,0,0,0,0,0,0,0,0,0,0,0,0,0,0,0,0,0,0,0,0,0,0,0,0,0,0,0,0,0,0,0,0,0,0,0,0,0,0,0,0,0,0,0,0,0,0,0,0,0,0,0,0,0,0,0,0,0,0,0,0,0,0,0,0,0,0,0,0,0,0,0,0,0,0,0,0,0,0,0,0,0,0,0,0,0,0,0,0,0,0,0,0,0,0,0,3,2,3,5,5,3,3,3,3,3,2,2,2,3,5,5,3,0,0,0,0,0,0,0,0,0,0,0,0,0,0,0,0,0,0,0,0,0,0,0,0,0,0,0,0,0,0,0,0,0,0,0,0,0,0,0,0,0,0,0,0,0,0,0,0,0,0,0,0,0,0,0,0,0,0,0,0,0,0,0,0,0,0,0,0,0,0,0,0,0,0,0,0,0,0,0,0,0,0,0,0,0,0,0,0,0,0,0,0,0,0,0,0,0,0,0,0,0,0,0,0,0,0,0,0,0,0,0,0,0,0,0,0,0,0,0,0,0,0,0,0,0,0,0,0,0,3,3,3,5,3,1,3,3,1,3,3,2,0,0,0,0,0,0,0,0,0,0,0,0,0,0,0,0,0,0,0,0,0,0,0,0,0,0,0,0,0,0,0,0,0,0,0,0,0,0,0,0,0,0,0,0,0,0,0,0,0,0,0,0,0,0,0,0,1.1348015069961548,-3.933889389038086,-3.7565841674804688,7.111752033233643,0.5227838158607483,-1.0263384580612185,-12.617237091064451,0.9727612137794496,12.07784366607666,6.159896373748779,-5.245909214019775,0.9816407561302184,-12.26930332183838,-0.3074069619178772,-4.844249248504639,-2.2026615142822266,5.922366619110107,-4.335799694061279,-2.192662477493286,8.232422828674316,1.8989428281784055,8.520232200622559,20.63282585144043,6.893747806549072,-11.37819480895996,-1.0895047187805176,2.473444938659668,-10.238340377807615,2.7677369117736816,1.0049026012420654,14.191564559936523,-11.642333984375,-5.702327728271484,-9.866972923278809,2.9854178428649902,-2.6245598793029785,0.6715768575668335,1.0809742212295532,10.6587495803833,5.553042888641357,-1.4777122735977173,-2.148261547088623,-7.026736259460449,0.1688518673181533,-13.814247131347656,4.875415325164795,0.6766413450241089,8.285770416259766,-9.770691871643066,4.9758124351501465,7.5499091148376465,-8.963099479675293,-2.7060775756835938,-13.092683792114258,-7.812947750091553,-8.386784553527832,-2.623991012573242,-3.695642709732056,6.81233024597168,5.474343776702881,-3.190484046936035,-9.936030387878418,-2.514495611190796,3.717691659927368,-19.38875961303711,0.9068848490715028,11.473029136657717,2.7723610401153564,-3.751140594482422,1.7246458530426023,-9.827730178833008,0.455291748046875,11.36447048187256,-7.718245506286621,-5.424172878265381,8.916077613830566,-9.805380821228027,5.312673091888428,-2.67108154296875,3.882876873016357,7.071126937866211,-2.991936206817627,-7.638031005859375,-11.81790828704834,1.6361316442489624,-2.740034341812134,-10.202309608459473,4.887371063232422,4.601465702056885,-0.4559384286403656,7.63076639175415,3.4022059440612797,4.469619274139404,10.250795364379885,0.5374478101730347,-0.9126309752464294,6.331634998321533,4.3018951416015625,8.545573234558105,4.508718490600586,-6.55725622177124,-8.035699844360352,-8.136363983154297,-14.16136074066162,3.784963607788086,-9.466028213500977,-3.167534112930298,3.5262322425842285,2.435183048248291,-7.599586009979248,-15.80892848968506,4.106404781341553,6.995727062225342,-1.3532971143722534,5.126866340637207,-5.6493730545043945,9.554863929748535,11.841575622558594,-3.855690717697144,8.130241394042969,-12.026784896850586,1.2318456172943115,-6.5895538330078125,7.099278926849365,6.632882595062256,-10.555960655212402,-10.857057571411133,-1.1965785026550293,-5.067262172698975,0.3988708853721618,-1.4137455224990845,2.08669114112854,11.356152534484863,15.57646942138672,-1.942437767982483,17.479963302612305,15.01937484741211,1.1429616212844849,14.299715995788574,-3.710900068283081,12.923782348632812,-1.532131314277649,-3.15116548538208,-1.5802488327026367,13.697338104248049,11.835508346557615,3.3545403480529785,1.9389183521270752,2.381643056869507,8.651543617248535,6.876720905303955,0.6892764568328857,8.743934631347656,-0.974524736404419,-2.2544162273406982,4.957955837249756,-9.163233757019045,-6.900526523590088,4.270351409912109,-9.256975173950195,-3.1665267944335938,-2.626084327697754,-6.8662824630737305,3.740366220474243,0.6218632459640503,-10.08486270904541,0.7344171404838562,-3.261307716369629,0.5632697939872742,7.841076374053955,-8.629417419433594,-3.7291018962860103,14.186095237731934,-2.815723657608032,-0.5834158062934875,3.5917210578918457,5.674295425415039,-2.835853338241577,-3.6005663871765137,13.05685806274414,-2.8325695991516118,10.681249618530272,-2.6366758346557617,8.791966438293457,10.76554012298584,-4.253806114196777,-3.978055000305176,-2.469179153442383,-7.404804706573486,-5.352921485900879,-2.259889602661133,-0.4566972553730011,-1.475144863128662,-0.3547059297561645,1.7503002882003784,1.5520530939102173,-6.655313014984131,-11.302452087402344,-0.7467896938323975,0.5148523449897766,4.3490376472473145,3.844138860702514,7.45902681350708,0.8654006123542786,6.884350299835205,-3.3799521923065186,14.554930686950684,5.586078643798828,15.091947555541992,-2.863513708114624,16.03135871887207,-1.3573273420333862,6.964856147766113,-4.65423059463501,4.750650405883789,2.752225160598755,3.160782814025879,6.150803565979004,-9.317251205444336,6.179618835449219,2.1029865741729736,-9.542698860168455,-2.302631139755249,-0.435799241065979,3.667182922363281,-3.100618839263916,-3.5809288024902344,2.6013901233673096,8.730518341064453,-9.688663482666016,3.999424934387207,-3.359732389450073,-9.397388458251951,-14.53859519958496,-3.6788506507873535,-5.587410926818848,-5.465478897094727,-2.8692426681518555,-7.387025833129883,12.096487998962402,5.436343669891357,0.1200875043869018,4.801459789276123,3.0516579151153564,-4.1086530685424805,2.754811286926269,-15.122321128845217,-7.53947114944458,-1.367917537689209,-6.066349506378174,-18.16191291809082,5.092120170593262,-1.4566110372543335,0.5798150300979614,-15.019073486328123,-1.2282770872116089,5.97081995010376,-10.543896675109863,7.212344646453857,-8.036482810974121,-0.4279827773571014,9.44642734527588,7.504878997802734,13.742609024047852,2.9921882152557373,-3.667548179626465,-8.606281280517578,8.194037437438965,1.7900136709213257,-4.947238445281982,-2.899833917617798,7.324329376220703,-3.082549333572388,6.994983673095703,0.5679929852485657,-5.687571048736572,-1.1667461395263672,-5.324977874755859,1.43169105052948,0.2729803323745727,-9.22495460510254,-7.051149368286133,-21.11564445495605,-7.321334362030029,0.9555845856666564,2.9013466835021973,1.689854621887207,-2.478190660476685,-8.497188568115234,0.0826928615570068,-0.2747902870178222,13.076214790344238,14.635034561157228,-0.4966842532157898,-10.359827041625977,-3.98195219039917,-7.20699405670166,-4.525998592376709,-14.250531196594238,-5.04503059387207,-1.0,2.792391689498254
OXYR_HUMAN,CHEMBL3342791,O=S(=O)(Nc1ccnn1-c1ccc(F)cc1)c1ccc(Cl)cc1,0,0,0,0,0,0,0,0,0,0,0,0,0,0,0,0,0,0,0,0,0,0,0,0,0,0,0,0,0,0,0,0,0,0,0,0,0,0,0,0,0,0,0,0,0,0,0,0,0,0,0,0,0,0,0,0,0,0,0,0,0,0,0,0,0,0,0,0,0,0,0,0,0,0,0,0,0,0,0,0,0,0,0,0,0,0,0,0,0,0,0,0,0,0,0,0,0,0,0,0,0,0,0,0,0,0,0,0,0,0,0,0,0,0,0,0,0,0,0,0,0,0,0,0,0,0,0,0,0,0,0,0,0,0,0,0,0,0,0,0,0,0,0,0,0,0,0,0,0,0,0,0,0,0,0,0,0,0,0,0,0,0,0,0,0,0,0,0,0,0,0,0,0,0,0,0,0,0,0,0,0,0,0,0,0,2,4,1,2,2,2,2,3,2,3,2,4,2,2,3,2,0,0,0,0,0,0,0,0,0,0,0,0,0,0,0,0,3,2,2,1,0,0,0,0,0,0,0,0,0,0,0,0,0,0,0,0,0,1,1,2,4,1,3,0,0,0,0,0,0,0,0,0,0,0,5,3,0,0,0,0,0,0,0,0,0,0,0,0,0,0,0,0,0,0,0,0,0,0,0,0,0,0,0,0,0,0,0,0,0,0,0,0,0,0,0,0,0,0,0,0,0,0,0,0,0,0,0,0,0,0,0,0,0,0,0,0,0,0,0,0,0,0,0,0,0,0,0,0,0,0,0,0,0,0,0,0,0,0,0,0,0,0,0,0,0,0,0,0,0,0,0,0,0,0,0,0,0,0,0,0,0,0,0,0,0,0,0,0,0,0,0,0,0,0,0,0,0,0,0,0,0,0,0,0,0,0,0,0,0,0,0,0,0,0,0,0,0,0,0,0,0,0,0,0,0,0,0,0,0,0,0,0,0,0,0,0,0,0,0,0,0,0,0,0,0,0,0,0,0,0,0,0,2,1,1,1,5,5,3,0,0,0,0,0,0,0,0,0,0,0,0,0,0,0,0,0,0,0,0,0,0,0,0,0,0,0,0,0,0,0,0,0,0,0,0,0,0,0,0,0,0,0,0,0,0,0,0,0,0,0,0,0,0,0,0,0,0,0,0,0,0,0,0,0,0,0,0,0,0,0,0,0,0,0,0,0,0,0,0,0,0,0,0,0,0,0,0,0,0,0,0,0,0,0,0,0,0,0,0,0,0,0,0,0,0,0,0,0,0,0,0,0,0,0,0,0,0,0,0,0,0,0,0,0,0,0,0,0,0,0,0,0,0,0,0,0,0,0,0,0,0,0,0,0,0,0,0,0,4,2,2,2,5,2,4,2,0,0,0,0,0,0,0,0,0,0,0,0,0,0,0,0,0,2,2,2,1,2,0,2,2,0,0,0,0,0,0,0,0,0,0,0,2,2,2,2,3,1,3,2,1,0,0,0,0,0,0,2,2,2,2,2,0,0,5,0,0,0,0,3,3,0,0,0,0,0,0,0,0,0,0,0,5,3,5,5,0,0,0,0,0,3,0,0,0,0,0,0,0,5,2,2,2,2,2,5,0,0,0,0,0,0,0,0,0,0,0,0,0,0,0,5,2,3,0,2,2,4,0,0,0,0,0,0,0,0,0,0,0,0,0,0,0,0,0,0,0,0,0,0,0,0,0,0,0,0,0,0,0,0,2,2,2,2,2,2,3,2,2,0,0,0,0,0,0,0,0,0,0,0,0,0,0,0,0,0,0,0,0,0,0,0,0,1,3,2,2,0,0,0,0,0,0,0,0,0,0,0,0,0,0,0,0,0,0,0,0,0,0,0,0,0,0,0,0,0,2,4,2,3,2,5,2,2,1,0,1,4,2,0,0,0,0,0,2,1,0,0,0,0,0,0,0,0,0,0,0,0,0,0,0,0,0,0,0,0,0,0,0,0,0,0,0,0,0,0,0,0,0,0,0,0,0,0,0,0,0,0,0,0,0,0,0,5,0,2,2,5,0,2,2,3,2,2,1,2,2,2,0,0,0,3,3,2,2,0,0,0,0,0,0,0,0,0,0,0,0,2,2,0,0,0,0,0,0,0,0,0,0,0,0,0,0,0,0,0,0,0,0,0,0,0,0,0,0,0,0,0,0,0,2,2,3,2,4,5,0,0,0,0,0,0,0,0,0,0,0,0,0,0,0,0,0,0,0,0,0,0,0,0,0,0,0,0,0,0,0,0,0,0,1,0,0,0,0,0,0,0,0,0,0,0,0,0,0,0,0,0,0,0,0,0,0,0,0,0,0,2,2,0,0,0,0,0,0,2,0,1,3,1,2,0,0,0,0,0,0,0,0,0,0,0,0,0,0,0,0,0,0,0,0,0,0,0,0,0,0,0,0,5,3,0,0,0,0,2,5,5,0,0,5,3,0,0,0,0,0,0,0,0,0,0,0,0,0,0,0,4,5,0,0,0,0,2,2,2,0,0,0,0,2,2,3,2,2,0,0,0,1,1,2,2,2,3,0,0,2,1,3,2,5,0,0,0,0,0,0,0,0,0,0,0,0,2,2,3,0,0,0,0,0,0,0,0,0,0,0,0,0,0,0,0,0,0,0,0,0,0,0,0,0,0,0,0,0,0,0,0,0,0,0,0,0,0,0,2,5,0,0,0,0,4,0,0,0,0,0,0,0,0,0,0,0,0,0,0,0,0,0,0,0,0,0,0,0,0,0,0,0,0,0,0,0,0,0,0,0,0,0,0,0,0,0,0,0,0,0,0,0,0,0,0,0,0,0,0,0,0,0,0,0,0,0,0,0,0,0,0,0,0,0,0,0,0,0,0,0,0,0,0,0,0,0,0,0,0,0,0,0,0,0,0,0,0,0,2,2,0,0,4,1,2,2,4,0,0,0,0,0,1,2,2,2,0,0,0,0,0,0,0,0,0,0,0,0,0,0,0,0,0,0,0,0,0,0,0,0,0,0,0,0,0,0,0,0,0,0,0,0,0,0,0,0,0,0,0,2,2,0,0,0,0,0,0,0,0,0,0,0,0,0,0,0,0,3,1,2,1,1,0,0,0,0,5,0,0,0,0,0,0,0,2,2,0,0,0,0,0,0,0,0,2,3,2,2,0,0,0,3,2,2,2,2,0,2,2,1,2,2,0,2,2,0,0,0,0,0,0,0,0,0,0,0,0,0,0,0,0,0,0,2,2,1,0,0,0,0,0,0,0,0,0,0,0,0,0,0,0,0,2,1,2,2,3,2,0,0,0,0,0,0,0,5,2,0,0,0,0,0,0,0,0,0,0,0,0,0,0,0,0,2,3,0,0,0,0,0,0,0,0,0,0,0,0,0,0,0,0,0,0,0,0,0,0,0,0,0,0,0,0,0,0,0,0,0,0,0,0,0,0,0,0,0,0,0,3,2,5,2,0,0,0,0,0,0,0,0,0,0,0,0,0,0,0,0,0,0,0,0,0,0,0,0,0,0,0,0,0,0,0,0,0,0,0,0,0,0,0,0,0,0,0,0,0,0,0,0,0,0,0,0,0,0,0,0,0,0,0,0,0,0,0,0,0,0,0,0,0,0,0,0,0,0,0,0,0,0,0,0,0,0,0,0,0,0,0,0,0,0,0,0,0,0,0,0,0,0,0,0,0,0,0,0,0,0,0,0,0,0,0,0,0,0,0,0,0,0,0,0,0,0,0,0,0,0,0,0,0,0,0,0,0,0,0,0,0,0,0,5,3,2,2,2,2,2,2,4,2,1,4,1,2,2,2,1,4,1,1,5,2,2,2,2,5,2,3,3,2,5,2,2,3,5,0,0,0,0,0,0,0,0,0,0,0,0,0,0,0,0,0,0,0,0,0,0,0,2,5,2,5,3,2,0,0,0,0,0,0,0,0,5,0,0,0,2,3,2,2,2,2,0,0,0,0,0,2,2,2,2,2,0,0,0,1,2,3,1,2,2,2,0,0,0,0,0,2,3,2,2,3,2,2,4,2,0,0,0,0,0,0,0,0,3,2,1,5,4,2,0,0,0,0,3,0,0,0,0,0,0,0,0,0,0,0,0,0,0,0,0,0,2,0,0,2,0,0,0,0,0,0,0,0,0,0,0,0,0,0,0,0,0,0,0,0,0,0,0,0,0,0,0,0,0,0,0,0,0,0,0,0,0,0,0,0,0,0,0,0,0,0,0,0,0,0,0,0,0,0,0,0,0,0,0,0,0,0,0,0,0,0,0,0,0,0,0,0,0,0,0,0,0,2,2,0,2,0,0,0,0,0,2,2,2,0,2,3,2,3,3,1,1,3,1,2,2,0,0,0,0,0,0,0,2,2,2,2,3,1,5,2,2,5,0,4,2,0,0,0,0,2,3,5,2,0,0,0,0,0,0,0,0,0,0,0,0,0,0,0,0,0,0,0,0,0,0,0,0,0,0,0,0,0,0,0,0,0,0,0,0,0,0,0,0,0,0,0,0,0,0,0,0,0,0,0,0,0,0,0,0,0,0,0,0,0,0,0,0,0,0,0,0,0,0,0,0,0,0,0,0,0,0,0,0,0,0,0,0,0,0,0,0,0,0,0,0,0,0,0,0,2,1,1,3,2,3,2,2,5,1,5,5,2,1,4,3,0,0,0,0,0,0,0,0,0,0,0,0,0,0,0,0,0,0,0,0,0,0,0,0,0,0,0,0,0,0,0,0,0,0,0,0,0,0,0,0,0,0,0,0,0,0,0,0,0,0,0,0,0,0,0,0,0,0,0,0,0,0,0,0,0,0,0,0,0,0,0,0,0,0,0,0,0,0,0,0,0,0,0,0,0,0,0,0,0,0,0,0,0,0,0,0,0,0,0,0,0,0,0,0,0,0,0,0,0,0,0,0,0,0,0,0,0,0,0,0,0,0,0,0,0,0,0,0,0,0,0,0,0,0,0,0,0,0,0,0,0,0,0,0,0,0,0,0,0,0,0,0,0,0,0,0,0,0,0,0,0,0,0,0,0,0,0,0,0,0,0,0,0,0,0,0,0,0,0,0,0,0,0,0,0,0,0,0,0,0,0,0,0,0,0,0,0,0,0,0,0,0,0,0,0,0,0,0,0,0,0,0,0,0,0,0,0,0,0,0,0,0,0,0,0,0,0,0,0,0,0,0,0,0,0,0,0,0,0,0,0,0,0,0,0,0,0,0,0,0,0,0,0,0,0,0,0,0,0,0,0,0,0,0,0,0,0,0,0,0,0,0,0,0,0,0,0,0,0,0,0,0,0,0,3,2,3,5,5,3,3,3,3,3,2,2,2,3,5,5,3,0,0,0,0,0,0,0,0,0,0,0,0,0,0,0,0,0,0,0,0,0,0,0,0,0,0,0,0,0,0,0,0,0,0,0,0,0,0,0,0,0,0,0,0,0,0,0,0,0,0,0,0,0,0,0,0,0,0,0,0,0,0,0,0,0,0,0,0,0,0,0,0,0,0,0,0,0,0,0,0,0,0,0,0,0,0,0,0,0,0,0,0,0,0,0,0,0,0,0,0,0,0,0,0,0,0,0,0,0,0,0,0,0,0,0,0,0,0,0,0,0,0,0,0,0,0,0,0,0,3,3,3,5,3,1,3,3,1,3,3,2,0,0,0,0,0,0,0,0,0,0,0,0,0,0,0,0,0,0,0,0,0,0,0,0,0,0,0,0,0,0,0,0,0,0,0,0,0,0,0,0,0,0,0,0,0,0,0,0,0,0,0,0,0,0,0,0,3.0280940532684326,-3.8700435161590576,-3.066037178039551,8.291810035705566,-1.2742300033569336,0.7100323438644409,-9.816560745239258,-0.0987100079655647,10.697259902954102,6.687944412231445,-6.193113803863525,-4.095206260681152,-11.80307960510254,0.5224826335906982,-4.537374019622803,-0.5938910841941833,2.6449427604675293,-0.8225517868995667,-3.838579893112183,5.492334365844727,1.2763453722000122,5.315617084503174,11.951459884643556,6.405348300933838,-10.309052467346191,-0.4904037117958069,1.8165977001190183,-7.415738582611084,0.3128052353858948,1.6174564361572266,11.644145965576172,-6.326444625854492,-3.9701504707336426,-4.6853461265563965,4.158015727996826,0.2656751871109009,1.718924880027771,-0.0989223197102546,8.37087345123291,2.197470188140869,-1.4570295810699463,-2.147449016571045,-5.42179536819458,-1.3368241786956787,-11.520672798156738,5.7880144119262695,-2.938382863998413,3.5023772716522217,-6.58879280090332,3.703036785125733,6.146236419677734,-5.868959426879883,-5.574588775634766,-7.493927955627441,-4.26732063293457,-6.368771076202393,-2.3142669200897217,0.5466135144233704,4.516477584838867,5.082996368408203,-0.6193220019340515,-8.498044967651367,-1.4313230514526367,3.0805180072784424,-10.763774871826172,-0.9343181848526,8.994223594665527,1.307603359222412,-0.2665222585201263,2.187655448913574,-5.071018218994141,0.2902015149593353,7.695189476013184,-4.753275871276856,-0.7902756929397583,5.456913471221924,-2.571531057357788,3.326822519302368,-1.0673030614852903,3.020108938217163,5.349566459655762,0.822398841381073,-6.272561550140381,-8.67161750793457,2.7736711502075195,-4.094951152801514,-6.015890121459961,2.56533432006836,4.241816520690918,-2.744310140609741,3.146228790283203,1.3062528371810913,2.932440996170044,5.937582969665527,1.097056269645691,-1.2344367504119873,0.9391459822654724,3.6738009452819824,5.559561729431152,2.827960252761841,-5.148688316345215,-6.797417640686035,-3.499941349029541,-10.140767097473145,3.2694525718688965,-4.56894588470459,-1.4863518476486206,2.2869808673858643,0.6863237619400024,-3.7664313316345215,-13.624640464782717,0.2150052934885025,2.301976442337036,0.1878555864095688,0.5345607399940491,-4.590401649475098,7.337098598480225,6.394827842712402,-3.791705369949341,3.862766742706299,-8.73294448852539,0.8656607270240784,-4.711851119995117,5.680700778961182,3.752629041671753,-4.511229991912842,-7.793139934539795,0.0677040889859199,-1.9089092016220093,-1.358372688293457,-1.769906997680664,-0.5431683659553528,8.303442001342773,8.7720947265625,-3.4062340259552,13.78414249420166,12.834592819213867,1.6345651149749756,9.547221183776855,-0.857560932636261,4.715943813323975,-2.9611592292785645,-1.832944631576538,0.0857100933790206,6.1021223068237305,5.911389350891113,2.1514577865600586,0.5579477548599243,-0.2127534449100494,7.451125144958496,7.745694637298584,-0.9514354467391968,8.018917083740234,-2.2684688568115234,-0.8967872262001038,3.434536933898926,-5.3736572265625,-3.6481337547302246,2.76666259765625,-5.559329509735107,-3.334822416305542,-3.229731798171997,-6.708622932434082,0.3116131424903869,1.0069125890731812,-7.018949508666992,1.4379189014434814,-1.7858465909957886,0.2178675532341003,3.531238317489624,-7.048089981079102,-4.30603551864624,9.201780319213867,-1.6840541362762451,0.9597963094711304,0.0181089434772729,6.615603446960449,-2.554492950439453,-5.6798930168151855,8.106010437011719,-1.8713988065719604,7.827158451080322,-4.668421745300293,6.172894477844238,9.10009765625,-1.4811969995498655,-4.183993339538574,-3.614330053329468,-4.236745357513428,-5.359632968902588,-2.8133809566497803,0.4412234723567962,-2.3703267574310303,-0.0966761857271194,2.7422220706939697,-0.9131405353546144,-5.846523761749268,-8.222126960754395,-1.1399632692337036,-0.6934019327163696,4.603315830230713,1.749025821685791,6.663125038146973,1.0028910636901855,5.506915092468262,-2.1027095317840576,8.24699878692627,4.63179874420166,7.690582275390625,-0.1559880375862121,9.945677757263184,1.498851656913757,3.298060178756714,-5.3601484298706055,0.4032523036003113,1.2359371185302734,-1.9939615726470947,6.008023738861084,-6.346962928771973,3.694764852523804,0.3588299751281738,-5.883456230163574,-0.128715768456459,-0.344133198261261,2.095232963562012,-4.2655205726623535,-2.603602647781372,3.6878182888031006,4.382850646972656,-7.498360633850098,4.618366718292236,-3.1168837547302246,-4.441143989562988,-10.975114822387695,-3.79935622215271,-1.9266295433044436,-3.0273940563201904,-2.585031270980835,-5.16389274597168,7.979028701782227,1.488714337348938,2.09612250328064,1.483282208442688,0.0614486299455165,-4.694134712219238,1.7606656551361084,-10.807679176330566,-6.628951549530029,-0.4959683716297149,-8.522061347961426,-14.145781517028809,1.042882800102234,-1.4686651229858398,-0.9072531461715698,-11.06080722808838,0.5291946530342102,3.865777969360352,-7.363085269927978,5.694742202758789,-4.22014856338501,0.1304587721824646,5.295247554779053,6.740119457244873,8.912565231323242,3.334735631942749,-2.58732271194458,-4.890830039978027,4.799623966217041,-0.950628399848938,-5.645026683807373,-3.983041286468506,3.437184333801269,-1.0771143436431885,4.7272539138793945,-0.6469517946243286,-4.275849342346191,-2.121140718460083,-1.4031333923339844,0.8100258111953735,-1.9260262250900269,-6.418582439422607,-5.89620304107666,-15.902369499206545,-5.20632791519165,-1.3355705738067627,0.8229262232780457,-0.0975140556693077,-3.397346019744873,-5.834144592285156,-0.5809320211410522,-2.9688727855682373,9.851530075073242,11.665882110595703,-0.8401890397071838,-7.217545509338379,-1.508267521858215,-4.114707946777344,-2.077237367630005,-8.891777038574219,-2.828285217285156,1.0,3.390935107103379
OXYR_HUMAN,CHEMBL1819548,CCC(C)C1NC(=O)C(Cc2cccs2)NC(=O)C(N)CSSCC(C(=O)N2CCCC2C(=O)NC(CCN)C(=O)NCC(N)=O)NC(=O)C(CC(N)=O)NC(=O)C(CCC(N)=O)NC1=O,0,0,0,0,0,0,0,0,0,0,0,0,0,0,0,0,0,0,0,0,0,0,0,0,0,0,0,0,0,0,0,0,0,0,0,0,0,0,0,0,0,0,0,0,0,0,0,0,0,0,0,0,0,0,0,0,0,0,0,0,0,0,0,0,0,0,0,0,0,0,0,0,0,0,0,0,0,0,0,0,0,0,0,0,0,0,0,0,0,0,0,0,0,0,0,0,0,0,0,0,0,0,0,0,0,0,0,0,0,0,0,0,0,0,0,0,0,0,0,0,0,0,0,0,0,0,0,0,0,0,0,0,0,0,0,0,0,0,0,0,0,0,0,0,0,0,0,0,0,0,0,0,0,0,0,0,0,0,0,0,0,0,0,0,0,0,0,0,0,0,0,0,0,0,0,0,0,0,0,0,0,0,0,0,0,2,4,1,2,2,2,2,3,2,3,2,4,2,2,3,2,0,0,0,0,0,0,0,0,0,0,0,0,0,0,0,0,3,2,2,1,0,0,0,0,0,0,0,0,0,0,0,0,0,0,0,0,0,1,1,2,4,1,3,0,0,0,0,0,0,0,0,0,0,0,5,3,0,0,0,0,0,0,0,0,0,0,0,0,0,0,0,0,0,0,0,0,0,0,0,0,0,0,0,0,0,0,0,0,0,0,0,0,0,0,0,0,0,0,0,0,0,0,0,0,0,0,0,0,0,0,0,0,0,0,0,0,0,0,0,0,0,0,0,0,0,0,0,0,0,0,0,0,0,0,0,0,0,0,0,0,0,0,0,0,0,0,0,0,0,0,0,0,0,0,0,0,0,0,0,0,0,0,0,0,0,0,0,0,0,0,0,0,0,0,0,0,0,0,0,0,0,0,0,0,0,0,0,0,0,0,0,0,0,0,0,0,0,0,0,0,0,0,0,0,0,0,0,0,0,0,0,0,0,0,0,0,0,0,0,0,0,0,0,0,0,0,0,0,0,0,0,0,2,1,1,1,5,5,3,0,0,0,0,0,0,0,0,0,0,0,0,0,0,0,0,0,0,0,0,0,0,0,0,0,0,0,0,0,0,0,0,0,0,0,0,0,0,0,0,0,0,0,0,0,0,0,0,0,0,0,0,0,0,0,0,0,0,0,0,0,0,0,0,0,0,0,0,0,0,0,0,0,0,0,0,0,0,0,0,0,0,0,0,0,0,0,0,0,0,0,0,0,0,0,0,0,0,0,0,0,0,0,0,0,0,0,0,0,0,0,0,0,0,0,0,0,0,0,0,0,0,0,0,0,0,0,0,0,0,0,0,0,0,0,0,0,0,0,0,0,0,0,0,0,0,0,0,0,4,2,2,2,5,2,4,2,0,0,0,0,0,0,0,0,0,0,0,0,0,0,0,0,0,2,2,2,1,2,0,2,2,0,0,0,0,0,0,0,0,0,0,0,2,2,2,2,3,1,3,2,1,0,0,0,0,0,0,2,2,2,2,2,0,0,5,0,0,0,0,3,3,0,0,0,0,0,0,0,0,0,0,0,5,3,5,5,0,0,0,0,0,3,0,0,0,0,0,0,0,5,2,2,2,2,2,5,0,0,0,0,0,0,0,0,0,0,0,0,0,0,0,5,2,3,0,2,2,4,0,0,0,0,0,0,0,0,0,0,0,0,0,0,0,0,0,0,0,0,0,0,0,0,0,0,0,0,0,0,0,0,2,2,2,2,2,2,3,2,2,0,0,0,0,0,0,0,0,0,0,0,0,0,0,0,0,0,0,0,0,0,0,0,0,1,3,2,2,0,0,0,0,0,0,0,0,0,0,0,0,0,0,0,0,0,0,0,0,0,0,0,0,0,0,0,0,0,2,4,2,3,2,5,2,2,1,0,1,4,2,0,0,0,0,0,2,1,0,0,0,0,0,0,0,0,0,0,0,0,0,0,0,0,0,0,0,0,0,0,0,0,0,0,0,0,0,0,0,0,0,0,0,0,0,0,0,0,0,0,0,0,0,0,0,5,0,2,2,5,0,2,2,3,2,2,1,2,2,2,0,0,0,3,3,2,2,0,0,0,0,0,0,0,0,0,0,0,0,2,2,0,0,0,0,0,0,0,0,0,0,0,0,0,0,0,0,0,0,0,0,0,0,0,0,0,0,0,0,0,0,0,2,2,3,2,4,5,0,0,0,0,0,0,0,0,0,0,0,0,0,0,0,0,0,0,0,0,0,0,0,0,0,0,0,0,0,0,0,0,0,0,1,0,0,0,0,0,0,0,0,0,0,0,0,0,0,0,0,0,0,0,0,0,0,0,0,0,0,2,2,0,0,0,0,0,0,2,0,1,3,1,2,0,0,0,0,0,0,0,0,0,0,0,0,0,0,0,0,0,0,0,0,0,0,0,0,0,0,0,0,5,3,0,0,0,0,2,5,5,0,0,5,3,0,0,0,0,0,0,0,0,0,0,0,0,0,0,0,4,5,0,0,0,0,2,2,2,0,0,0,0,2,2,3,2,2,0,0,0,1,1,2,2,2,3,0,0,2,1,3,2,5,0,0,0,0,0,0,0,0,0,0,0,0,2,2,3,0,0,0,0,0,0,0,0,0,0,0,0,0,0,0,0,0,0,0,0,0,0,0,0,0,0,0,0,0,0,0,0,0,0,0,0,0,0,0,2,5,0,0,0,0,4,0,0,0,0,0,0,0,0,0,0,0,0,0,0,0,0,0,0,0,0,0,0,0,0,0,0,0,0,0,0,0,0,0,0,0,0,0,0,0,0,0,0,0,0,0,0,0,0,0,0,0,0,0,0,0,0,0,0,0,0,0,0,0,0,0,0,0,0,0,0,0,0,0,0,0,0,0,0,0,0,0,0,0,0,0,0,0,0,0,0,0,0,0,2,2,0,0,4,1,2,2,4,0,0,0,0,0,1,2,2,2,0,0,0,0,0,0,0,0,0,0,0,0,0,0,0,0,0,0,0,0,0,0,0,0,0,0,0,0,0,0,0,0,0,0,0,0,0,0,0,0,0,0,0,2,2,0,0,0,0,0,0,0,0,0,0,0,0,0,0,0,0,3,1,2,1,1,0,0,0,0,5,0,0,0,0,0,0,0,2,2,0,0,0,0,0,0,0,0,2,3,2,2,0,0,0,3,2,2,2,2,0,2,2,1,2,2,0,2,2,0,0,0,0,0,0,0,0,0,0,0,0,0,0,0,0,0,0,2,2,1,0,0,0,0,0,0,0,0,0,0,0,0,0,0,0,0,2,1,2,2,3,2,0,0,0,0,0,0,0,5,2,0,0,0,0,0,0,0,0,0,0,0,0,0,0,0,0,2,3,0,0,0,0,0,0,0,0,0,0,0,0,0,0,0,0,0,0,0,0,0,0,0,0,0,0,0,0,0,0,0,0,0,0,0,0,0,0,0,0,0,0,0,3,2,5,2,0,0,0,0,0,0,0,0,0,0,0,0,0,0,0,0,0,0,0,0,0,0,0,0,0,0,0,0,0,0,0,0,0,0,0,0,0,0,0,0,0,0,0,0,0,0,0,0,0,0,0,0,0,0,0,0,0,0,0,0,0,0,0,0,0,0,0,0,0,0,0,0,0,0,0,0,0,0,0,0,0,0,0,0,0,0,0,0,0,0,0,0,0,0,0,0,0,0,0,0,0,0,0,0,0,0,0,0,0,0,0,0,0,0,0,0,0,0,0,0,0,0,0,0,0,0,0,0,0,0,0,0,0,0,0,0,0,0,0,5,3,2,2,2,2,2,2,4,2,1,4,1,2,2,2,1,4,1,1,5,2,2,2,2,5,2,3,3,2,5,2,2,3,5,0,0,0,0,0,0,0,0,0,0,0,0,0,0,0,0,0,0,0,0,0,0,0,2,5,2,5,3,2,0,0,0,0,0,0,0,0,5,0,0,0,2,3,2,2,2,2,0,0,0,0,0,2,2,2,2,2,0,0,0,1,2,3,1,2,2,2,0,0,0,0,0,2,3,2,2,3,2,2,4,2,0,0,0,0,0,0,0,0,3,2,1,5,4,2,0,0,0,0,3,0,0,0,0,0,0,0,0,0,0,0,0,0,0,0,0,0,2,0,0,2,0,0,0,0,0,0,0,0,0,0,0,0,0,0,0,0,0,0,0,0,0,0,0,0,0,0,0,0,0,0,0,0,0,0,0,0,0,0,0,0,0,0,0,0,0,0,0,0,0,0,0,0,0,0,0,0,0,0,0,0,0,0,0,0,0,0,0,0,0,0,0,0,0,0,0,0,0,2,2,0,2,0,0,0,0,0,2,2,2,0,2,3,2,3,3,1,1,3,1,2,2,0,0,0,0,0,0,0,2,2,2,2,3,1,5,2,2,5,0,4,2,0,0,0,0,2,3,5,2,0,0,0,0,0,0,0,0,0,0,0,0,0,0,0,0,0,0,0,0,0,0,0,0,0,0,0,0,0,0,0,0,0,0,0,0,0,0,0,0,0,0,0,0,0,0,0,0,0,0,0,0,0,0,0,0,0,0,0,0,0,0,0,0,0,0,0,0,0,0,0,0,0,0,0,0,0,0,0,0,0,0,0,0,0,0,0,0,0,0,0,0,0,0,0,0,2,1,1,3,2,3,2,2,5,1,5,5,2,1,4,3,0,0,0,0,0,0,0,0,0,0,0,0,0,0,0,0,0,0,0,0,0,0,0,0,0,0,0,0,0,0,0,0,0,0,0,0,0,0,0,0,0,0,0,0,0,0,0,0,0,0,0,0,0,0,0,0,0,0,0,0,0,0,0,0,0,0,0,0,0,0,0,0,0,0,0,0,0,0,0,0,0,0,0,0,0,0,0,0,0,0,0,0,0,0,0,0,0,0,0,0,0,0,0,0,0,0,0,0,0,0,0,0,0,0,0,0,0,0,0,0,0,0,0,0,0,0,0,0,0,0,0,0,0,0,0,0,0,0,0,0,0,0,0,0,0,0,0,0,0,0,0,0,0,0,0,0,0,0,0,0,0,0,0,0,0,0,0,0,0,0,0,0,0,0,0,0,0,0,0,0,0,0,0,0,0,0,0,0,0,0,0,0,0,0,0,0,0,0,0,0,0,0,0,0,0,0,0,0,0,0,0,0,0,0,0,0,0,0,0,0,0,0,0,0,0,0,0,0,0,0,0,0,0,0,0,0,0,0,0,0,0,0,0,0,0,0,0,0,0,0,0,0,0,0,0,0,0,0,0,0,0,0,0,0,0,0,0,0,0,0,0,0,0,0,0,0,0,0,0,0,0,0,0,0,3,2,3,5,5,3,3,3,3,3,2,2,2,3,5,5,3,0,0,0,0,0,0,0,0,0,0,0,0,0,0,0,0,0,0,0,0,0,0,0,0,0,0,0,0,0,0,0,0,0,0,0,0,0,0,0,0,0,0,0,0,0,0,0,0,0,0,0,0,0,0,0,0,0,0,0,0,0,0,0,0,0,0,0,0,0,0,0,0,0,0,0,0,0,0,0,0,0,0,0,0,0,0,0,0,0,0,0,0,0,0,0,0,0,0,0,0,0,0,0,0,0,0,0,0,0,0,0,0,0,0,0,0,0,0,0,0,0,0,0,0,0,0,0,0,0,3,3,3,5,3,1,3,3,1,3,3,2,0,0,0,0,0,0,0,0,0,0,0,0,0,0,0,0,0,0,0,0,0,0,0,0,0,0,0,0,0,0,0,0,0,0,0,0,0,0,0,0,0,0,0,0,0,0,0,0,0,0,0,0,0,0,0,0,0.1681706607341766,-7.271637439727783,-2.5450031757354736,6.052822589874268,4.141726493835449,-19.04127311706543,-28.8825740814209,-3.985383272171021,22.36738395690918,-3.611809968948364,5.300162315368652,20.659385681152344,0.397435188293457,15.375152587890623,-33.46150588989258,2.4949991703033447,22.17570686340332,-29.37458610534668,-31.126514434814453,35.88298034667969,7.519203186035156,13.05123233795166,54.49586486816406,17.021522521972656,-18.68000602722168,6.016330242156982,-19.57956886291504,-36.29155731201172,-0.0138406455516815,-14.517393112182615,17.46187973022461,-11.16341495513916,-16.120967864990234,3.4393625259399414,-2.0293214321136475,12.60866928100586,4.4612555503845215,-3.0093796253204346,19.6096134185791,24.267641067504883,6.000888824462891,3.1393609046936035,-3.3222734928131104,-9.700408935546877,-23.408117294311523,20.899206161499023,12.303744316101074,42.51295471191406,-8.216573715209961,-0.962716281414032,9.41114616394043,-22.50976181030273,0.2931431829929352,-17.906192779541016,-31.047992706298828,-22.08312225341797,-16.83727264404297,15.07225227355957,4.244374752044678,8.24509048461914,1.1931227445602417,-19.45539283752441,-15.423282623291016,13.77596378326416,-41.212059020996094,4.133931636810303,18.680532455444336,9.187514305114746,-17.08357810974121,-3.080261468887329,-5.964619159698486,14.234798431396484,12.354670524597168,-30.108848571777344,0.4287853837013244,4.774410724639893,-24.710901260375977,1.185118317604065,11.073172569274902,1.2404993772506714,19.89229965209961,3.884289741516113,-9.98699188232422,-41.36063766479492,21.90439224243164,-15.070062637329102,-7.520687580108643,6.192460536956787,7.657347679138184,-1.269567370414734,3.988121271133423,12.88904094696045,14.487503051757812,5.125329494476318,5.863772392272949,-6.630048751831055,17.362354278564453,8.018998146057129,16.646484375,-10.166119575500488,-4.39944314956665,-18.236053466796875,-22.595775604248047,-8.102715492248535,12.772907257080078,-29.28494071960449,-15.291242599487305,10.67778778076172,6.37086296081543,-18.96134757995605,-19.502178192138672,13.4173583984375,5.294854164123535,-10.668512344360352,-7.67840576171875,-8.849349975585938,17.40117073059082,20.102554321289062,-2.8579647541046143,1.8158873319625852,-10.592031478881836,17.57591438293457,0.653828501701355,33.021053314208984,-3.3709962368011475,-32.4732666015625,-27.81650733947754,5.536611557006836,-13.974796295166016,0.6025515198707581,2.4384212493896484,-6.153762340545654,12.88376235961914,36.08424377441406,7.486498832702637,28.394758224487305,-5.460428237915039,-9.73605728149414,17.02873420715332,-14.525907516479492,22.74078750610352,-2.870041608810425,-11.28911304473877,-5.400302410125732,12.75584888458252,-0.7799533605575562,3.674737453460693,7.4427313804626465,11.715060234069824,36.65655517578125,-4.643875598907471,18.185991287231445,15.473889350891112,-22.77821350097656,-6.62767505645752,-0.9143446683883668,-15.830293655395508,-0.2425682544708252,1.4777065515518188,-17.41303253173828,10.2937593460083,12.994129180908203,-12.655545234680176,4.418348789215088,17.176286697387695,-24.248401641845703,13.66570281982422,-8.722023963928223,1.588240623474121,16.624881744384766,-12.769171714782717,-20.74706268310547,33.03086853027344,-5.597631931304932,15.17483901977539,-3.511631727218628,12.982050895690918,-2.394030809402466,-10.517696380615234,21.33776092529297,-11.929492950439451,22.649459838867188,-3.664811134338379,28.680294036865234,10.898638725280762,-9.578149795532228,2.113276243209839,2.823715209960937,-6.889768600463867,-19.013164520263672,3.206876754760742,-9.208024978637695,-20.692445755004883,4.475218296051025,13.841819763183594,5.206706523895264,4.023744106292725,-27.1705322265625,-9.614530563354492,-8.852816581726074,-1.4837357997894287,-8.066085815429688,5.116235733032227,-6.21265983581543,-6.662436485290527,-5.789344310760498,31.42072868347168,29.231061935424805,25.90743827819824,-15.709677696228027,26.16917610168457,-0.2899953126907348,32.18445587158203,-15.717659950256348,11.021918296813965,-2.338850736618042,12.200798988342283,10.163130760192873,-8.580387115478516,16.200307846069336,8.73619556427002,-20.29346466064453,-8.100601196289062,0.4162893891334533,9.065016746520996,-11.288336753845217,-3.7456536293029785,-3.968506813049317,9.327939987182615,-26.445375442504883,8.153079986572266,-1.6339330673217771,-19.94451332092285,-22.48761749267578,7.666017055511475,-25.220985412597656,-5.281482219696045,-9.548198699951172,-7.279988288879394,27.77402114868164,16.9720401763916,-29.79076385498047,20.621124267578125,-8.582191467285156,-2.330774068832397,24.077072143554688,-41.50504302978516,-15.857337951660156,2.90605902671814,13.681200981140137,-44.444332122802734,9.88282299041748,12.887442588806152,-7.023125171661377,-25.105632781982425,23.356523513793945,4.192295074462891,-16.995622634887695,32.64423370361328,-23.61297416687012,-11.292853355407717,5.175197124481201,6.133581161499023,15.51633071899414,-5.049927234649658,-27.312162399291992,-8.60180377960205,1.3169151544570925,5.074276924133301,-19.85289764404297,2.246983528137207,8.463833808898926,-11.40359115600586,2.9610595703125,-2.39864444732666,-20.21807289123535,-11.240374565124512,-9.284518241882324,-12.161575317382812,21.835214614868164,-12.381111145019531,-20.34775924682617,-22.887813568115234,-15.226241111755373,-12.307014465332031,12.773408889770508,1.8466836214065552,-4.1073527336120605,-9.51867389678955,-9.64649486541748,10.035552978515623,32.240760803222656,8.476198196411133,10.444120407104492,-29.440082550048828,-18.17882537841797,-16.20517349243164,-21.985597610473636,-42.10519409179688,-2.7107951641082764,1.0,1.469822015978163
OXYR_HUMAN,CHEMBL592494,COc1ccc(-n2c(C)nnc2N2CCC(Oc3ccc(F)cc3C)CC2)cn1,0,0,0,0,0,0,0,0,0,0,0,0,0,0,0,0,0,0,0,0,0,0,0,0,0,0,0,0,0,0,0,0,0,0,0,0,0,0,0,0,0,0,0,0,0,0,0,0,0,0,0,0,0,0,0,0,0,0,0,0,0,0,0,0,0,0,0,0,0,0,0,0,0,0,0,0,0,0,0,0,0,0,0,0,0,0,0,0,0,0,0,0,0,0,0,0,0,0,0,0,0,0,0,0,0,0,0,0,0,0,0,0,0,0,0,0,0,0,0,0,0,0,0,0,0,0,0,0,0,0,0,0,0,0,0,0,0,0,0,0,0,0,0,0,0,0,0,0,0,0,0,0,0,0,0,0,0,0,0,0,0,0,0,0,0,0,0,0,0,0,0,0,0,0,0,0,0,0,0,0,0,0,0,0,0,2,4,1,2,2,2,2,3,2,3,2,4,2,2,3,2,0,0,0,0,0,0,0,0,0,0,0,0,0,0,0,0,3,2,2,1,0,0,0,0,0,0,0,0,0,0,0,0,0,0,0,0,0,1,1,2,4,1,3,0,0,0,0,0,0,0,0,0,0,0,5,3,0,0,0,0,0,0,0,0,0,0,0,0,0,0,0,0,0,0,0,0,0,0,0,0,0,0,0,0,0,0,0,0,0,0,0,0,0,0,0,0,0,0,0,0,0,0,0,0,0,0,0,0,0,0,0,0,0,0,0,0,0,0,0,0,0,0,0,0,0,0,0,0,0,0,0,0,0,0,0,0,0,0,0,0,0,0,0,0,0,0,0,0,0,0,0,0,0,0,0,0,0,0,0,0,0,0,0,0,0,0,0,0,0,0,0,0,0,0,0,0,0,0,0,0,0,0,0,0,0,0,0,0,0,0,0,0,0,0,0,0,0,0,0,0,0,0,0,0,0,0,0,0,0,0,0,0,0,0,0,0,0,0,0,0,0,0,0,0,0,0,0,0,0,0,0,0,2,1,1,1,5,5,3,0,0,0,0,0,0,0,0,0,0,0,0,0,0,0,0,0,0,0,0,0,0,0,0,0,0,0,0,0,0,0,0,0,0,0,0,0,0,0,0,0,0,0,0,0,0,0,0,0,0,0,0,0,0,0,0,0,0,0,0,0,0,0,0,0,0,0,0,0,0,0,0,0,0,0,0,0,0,0,0,0,0,0,0,0,0,0,0,0,0,0,0,0,0,0,0,0,0,0,0,0,0,0,0,0,0,0,0,0,0,0,0,0,0,0,0,0,0,0,0,0,0,0,0,0,0,0,0,0,0,0,0,0,0,0,0,0,0,0,0,0,0,0,0,0,0,0,0,0,4,2,2,2,5,2,4,2,0,0,0,0,0,0,0,0,0,0,0,0,0,0,0,0,0,2,2,2,1,2,0,2,2,0,0,0,0,0,0,0,0,0,0,0,2,2,2,2,3,1,3,2,1,0,0,0,0,0,0,2,2,2,2,2,0,0,5,0,0,0,0,3,3,0,0,0,0,0,0,0,0,0,0,0,5,3,5,5,0,0,0,0,0,3,0,0,0,0,0,0,0,5,2,2,2,2,2,5,0,0,0,0,0,0,0,0,0,0,0,0,0,0,0,5,2,3,0,2,2,4,0,0,0,0,0,0,0,0,0,0,0,0,0,0,0,0,0,0,0,0,0,0,0,0,0,0,0,0,0,0,0,0,2,2,2,2,2,2,3,2,2,0,0,0,0,0,0,0,0,0,0,0,0,0,0,0,0,0,0,0,0,0,0,0,0,1,3,2,2,0,0,0,0,0,0,0,0,0,0,0,0,0,0,0,0,0,0,0,0,0,0,0,0,0,0,0,0,0,2,4,2,3,2,5,2,2,1,0,1,4,2,0,0,0,0,0,2,1,0,0,0,0,0,0,0,0,0,0,0,0,0,0,0,0,0,0,0,0,0,0,0,0,0,0,0,0,0,0,0,0,0,0,0,0,0,0,0,0,0,0,0,0,0,0,0,5,0,2,2,5,0,2,2,3,2,2,1,2,2,2,0,0,0,3,3,2,2,0,0,0,0,0,0,0,0,0,0,0,0,2,2,0,0,0,0,0,0,0,0,0,0,0,0,0,0,0,0,0,0,0,0,0,0,0,0,0,0,0,0,0,0,0,2,2,3,2,4,5,0,0,0,0,0,0,0,0,0,0,0,0,0,0,0,0,0,0,0,0,0,0,0,0,0,0,0,0,0,0,0,0,0,0,1,0,0,0,0,0,0,0,0,0,0,0,0,0,0,0,0,0,0,0,0,0,0,0,0,0,0,2,2,0,0,0,0,0,0,2,0,1,3,1,2,0,0,0,0,0,0,0,0,0,0,0,0,0,0,0,0,0,0,0,0,0,0,0,0,0,0,0,0,5,3,0,0,0,0,2,5,5,0,0,5,3,0,0,0,0,0,0,0,0,0,0,0,0,0,0,0,4,5,0,0,0,0,2,2,2,0,0,0,0,2,2,3,2,2,0,0,0,1,1,2,2,2,3,0,0,2,1,3,2,5,0,0,0,0,0,0,0,0,0,0,0,0,2,2,3,0,0,0,0,0,0,0,0,0,0,0,0,0,0,0,0,0,0,0,0,0,0,0,0,0,0,0,0,0,0,0,0,0,0,0,0,0,0,0,2,5,0,0,0,0,4,0,0,0,0,0,0,0,0,0,0,0,0,0,0,0,0,0,0,0,0,0,0,0,0,0,0,0,0,0,0,0,0,0,0,0,0,0,0,0,0,0,0,0,0,0,0,0,0,0,0,0,0,0,0,0,0,0,0,0,0,0,0,0,0,0,0,0,0,0,0,0,0,0,0,0,0,0,0,0,0,0,0,0,0,0,0,0,0,0,0,0,0,0,2,2,0,0,4,1,2,2,4,0,0,0,0,0,1,2,2,2,0,0,0,0,0,0,0,0,0,0,0,0,0,0,0,0,0,0,0,0,0,0,0,0,0,0,0,0,0,0,0,0,0,0,0,0,0,0,0,0,0,0,0,2,2,0,0,0,0,0,0,0,0,0,0,0,0,0,0,0,0,3,1,2,1,1,0,0,0,0,5,0,0,0,0,0,0,0,2,2,0,0,0,0,0,0,0,0,2,3,2,2,0,0,0,3,2,2,2,2,0,2,2,1,2,2,0,2,2,0,0,0,0,0,0,0,0,0,0,0,0,0,0,0,0,0,0,2,2,1,0,0,0,0,0,0,0,0,0,0,0,0,0,0,0,0,2,1,2,2,3,2,0,0,0,0,0,0,0,5,2,0,0,0,0,0,0,0,0,0,0,0,0,0,0,0,0,2,3,0,0,0,0,0,0,0,0,0,0,0,0,0,0,0,0,0,0,0,0,0,0,0,0,0,0,0,0,0,0,0,0,0,0,0,0,0,0,0,0,0,0,0,3,2,5,2,0,0,0,0,0,0,0,0,0,0,0,0,0,0,0,0,0,0,0,0,0,0,0,0,0,0,0,0,0,0,0,0,0,0,0,0,0,0,0,0,0,0,0,0,0,0,0,0,0,0,0,0,0,0,0,0,0,0,0,0,0,0,0,0,0,0,0,0,0,0,0,0,0,0,0,0,0,0,0,0,0,0,0,0,0,0,0,0,0,0,0,0,0,0,0,0,0,0,0,0,0,0,0,0,0,0,0,0,0,0,0,0,0,0,0,0,0,0,0,0,0,0,0,0,0,0,0,0,0,0,0,0,0,0,0,0,0,0,0,5,3,2,2,2,2,2,2,4,2,1,4,1,2,2,2,1,4,1,1,5,2,2,2,2,5,2,3,3,2,5,2,2,3,5,0,0,0,0,0,0,0,0,0,0,0,0,0,0,0,0,0,0,0,0,0,0,0,2,5,2,5,3,2,0,0,0,0,0,0,0,0,5,0,0,0,2,3,2,2,2,2,0,0,0,0,0,2,2,2,2,2,0,0,0,1,2,3,1,2,2,2,0,0,0,0,0,2,3,2,2,3,2,2,4,2,0,0,0,0,0,0,0,0,3,2,1,5,4,2,0,0,0,0,3,0,0,0,0,0,0,0,0,0,0,0,0,0,0,0,0,0,2,0,0,2,0,0,0,0,0,0,0,0,0,0,0,0,0,0,0,0,0,0,0,0,0,0,0,0,0,0,0,0,0,0,0,0,0,0,0,0,0,0,0,0,0,0,0,0,0,0,0,0,0,0,0,0,0,0,0,0,0,0,0,0,0,0,0,0,0,0,0,0,0,0,0,0,0,0,0,0,0,2,2,0,2,0,0,0,0,0,2,2,2,0,2,3,2,3,3,1,1,3,1,2,2,0,0,0,0,0,0,0,2,2,2,2,3,1,5,2,2,5,0,4,2,0,0,0,0,2,3,5,2,0,0,0,0,0,0,0,0,0,0,0,0,0,0,0,0,0,0,0,0,0,0,0,0,0,0,0,0,0,0,0,0,0,0,0,0,0,0,0,0,0,0,0,0,0,0,0,0,0,0,0,0,0,0,0,0,0,0,0,0,0,0,0,0,0,0,0,0,0,0,0,0,0,0,0,0,0,0,0,0,0,0,0,0,0,0,0,0,0,0,0,0,0,0,0,0,2,1,1,3,2,3,2,2,5,1,5,5,2,1,4,3,0,0,0,0,0,0,0,0,0,0,0,0,0,0,0,0,0,0,0,0,0,0,0,0,0,0,0,0,0,0,0,0,0,0,0,0,0,0,0,0,0,0,0,0,0,0,0,0,0,0,0,0,0,0,0,0,0,0,0,0,0,0,0,0,0,0,0,0,0,0,0,0,0,0,0,0,0,0,0,0,0,0,0,0,0,0,0,0,0,0,0,0,0,0,0,0,0,0,0,0,0,0,0,0,0,0,0,0,0,0,0,0,0,0,0,0,0,0,0,0,0,0,0,0,0,0,0,0,0,0,0,0,0,0,0,0,0,0,0,0,0,0,0,0,0,0,0,0,0,0,0,0,0,0,0,0,0,0,0,0,0,0,0,0,0,0,0,0,0,0,0,0,0,0,0,0,0,0,0,0,0,0,0,0,0,0,0,0,0,0,0,0,0,0,0,0,0,0,0,0,0,0,0,0,0,0,0,0,0,0,0,0,0,0,0,0,0,0,0,0,0,0,0,0,0,0,0,0,0,0,0,0,0,0,0,0,0,0,0,0,0,0,0,0,0,0,0,0,0,0,0,0,0,0,0,0,0,0,0,0,0,0,0,0,0,0,0,0,0,0,0,0,0,0,0,0,0,0,0,0,0,0,0,0,3,2,3,5,5,3,3,3,3,3,2,2,2,3,5,5,3,0,0,0,0,0,0,0,0,0,0,0,0,0,0,0,0,0,0,0,0,0,0,0,0,0,0,0,0,0,0,0,0,0,0,0,0,0,0,0,0,0,0,0,0,0,0,0,0,0,0,0,0,0,0,0,0,0,0,0,0,0,0,0,0,0,0,0,0,0,0,0,0,0,0,0,0,0,0,0,0,0,0,0,0,0,0,0,0,0,0,0,0,0,0,0,0,0,0,0,0,0,0,0,0,0,0,0,0,0,0,0,0,0,0,0,0,0,0,0,0,0,0,0,0,0,0,0,0,0,3,3,3,5,3,1,3,3,1,3,3,2,0,0,0,0,0,0,0,0,0,0,0,0,0,0,0,0,0,0,0,0,0,0,0,0,0,0,0,0,0,0,0,0,0,0,0,0,0,0,0,0,0,0,0,0,0,0,0,0,0,0,0,0,0,0,0,0,3.3660402297973637,-6.395303726196289,-3.1167337894439697,10.573803901672363,0.370858371257782,-1.3315532207489014,-11.56007957458496,-0.4700884819030761,7.480388164520264,2.0199897289276123,-1.6025950908660889,0.0847382396459579,-8.175573348999023,3.0219757556915283,-5.948689937591553,-3.0287327766418457,4.898609161376953,-5.182917594909668,-3.331118583679199,7.342161655426025,4.998631954193115,5.269647598266602,12.868728637695312,9.08166790008545,-9.63864517211914,-2.19990611076355,-2.398198127746582,-10.189193725585938,2.252923488616944,-1.3363302946090698,12.003761291503906,-10.845207214355469,-6.798752784729004,-5.050642967224121,4.931842803955078,1.0292856693267822,-1.6269044876098633,-1.9901078939437864,10.612688064575195,2.672741413116455,-3.1450395584106445,0.5695291757583618,-6.034270763397217,-0.7194122076034546,-11.149087905883787,4.313745975494385,-1.8431698083877563,5.526641368865967,-7.885576725006103,9.398534774780272,5.660026550292969,-5.456428527832031,-0.4823635816574096,-9.30684757232666,-8.066449165344238,-6.589999198913574,-6.65285062789917,1.1281960010528564,3.993096590042114,6.047342777252197,1.7415064573287964,-10.482312202453612,-3.2597641944885254,-0.005354156717658,-19.740392684936523,-3.4065988063812256,8.981793403625488,-2.525698661804199,-2.012580633163452,1.3335803747177124,-7.170383453369141,1.137529969215393,9.177490234375,-6.218732833862305,0.0800432339310646,7.040689468383789,-8.10059928894043,1.2768442630767822,-2.9647512435913086,2.8708646297454834,5.974392414093018,0.1786251068115234,-3.8102567195892334,-9.10048770904541,4.722203731536865,-3.259428739547729,-8.108770370483398,8.634683609008789,4.305799961090088,-1.062609314918518,5.691300392150879,0.361084520816803,4.433642864227295,3.605598211288452,4.935122013092041,-0.2841919064521789,1.917794108390808,9.607906341552734,5.317178726196289,5.486047267913818,-8.98587703704834,-6.45611572265625,-4.773643493652344,-13.80496597290039,6.116465091705322,-3.940144300460816,-1.391298532485962,4.124906063079834,-2.019195079803467,-6.420627593994141,-11.431787490844728,5.432016849517822,2.2451303005218506,-0.7239246368408203,1.6826952695846558,-5.7494282722473145,9.608878135681152,10.26023006439209,-3.572443962097168,5.742121696472168,-10.44667148590088,0.3807905614376068,-3.0777909755706787,5.311577796936035,4.986011505126953,-10.113924026489258,-6.810149192810059,-2.164048194885254,-7.464485645294189,1.156088948249817,-2.4321274757385254,4.363818168640137,10.495857238769531,7.563368320465088,-2.10149884223938,16.38724136352539,11.775327682495115,-1.040514349937439,10.172823905944824,-4.249984264373779,7.025566577911377,-2.6709513664245605,-6.557548999786377,-1.8377686738967896,8.014063835144043,7.242695331573486,-0.5164294242858887,2.984555244445801,-1.2121577262878418,6.147014141082764,9.640314102172852,1.9457497596740725,8.426636695861816,-1.4303606748580933,-1.5031335353851318,3.151484966278076,-5.835162162780762,-5.032383918762207,0.0031046420335769,-4.45519495010376,-5.257529258728027,-6.330389976501465,-4.69209623336792,-1.6571282148361206,0.195945918560028,-9.581027030944824,1.8515467643737795,-1.5004215240478516,-1.2909773588180542,5.503684043884277,-9.302082061767578,-6.692584991455078,11.176589012145996,-0.196352943778038,4.327865123748779,3.392728090286255,6.451150894165039,-1.6017473936080933,-0.3010192513465881,11.177538871765137,-0.0961410552263259,6.400018215179443,-5.31959867477417,11.157654762268066,7.9932332038879395,-1.8764439821243288,-3.932301998138428,-6.222427368164063,-5.013102054595947,-2.219974994659424,-1.4580501317977903,0.1736407428979873,0.6763738393783569,1.2131707668304443,-1.8121235370635984,0.9560418128967284,-6.395341873168945,-12.489575386047363,-2.0792951583862305,1.990723729133606,6.474330425262451,4.850265502929688,5.176369667053223,4.425133228302002,7.8261566162109375,-2.5677270889282227,11.48819065093994,5.909641742706299,10.28391456604004,-1.941050171852112,10.267227172851562,-3.867128133773804,7.156798839569092,-9.351326942443848,1.8604731559753416,-1.0819908380508425,-0.3789383769035339,6.543894767761231,-9.123482704162598,4.4763946533203125,2.055227279663086,-8.262396812438965,-3.0295772552490234,0.1827133744955063,5.246030330657959,-3.356210231781006,-4.748349666595459,-0.9118732213974,3.335264205932617,-4.673038482666016,5.096804141998291,-0.365665078163147,-5.111801624298096,-12.43076992034912,-2.8148882389068604,-7.568658828735352,-4.608536720275879,0.6050817370414734,-5.720026969909668,9.451967239379885,6.815735340118408,0.0013828836381435,5.428055286407471,2.1961684226989746,-6.065531730651856,4.148550987243652,-14.6979341506958,-9.788762092590332,-1.31003999710083,-4.911694526672363,-15.929024696350098,5.138625144958496,-0.4887224435806274,1.0751683712005615,-15.86668300628662,1.2748150825500488,2.8780229091644287,-6.526227474212647,4.974343299865723,-6.162438869476318,3.042107343673706,5.9297051429748535,7.793103218078613,12.408856391906738,6.486886501312256,-3.2126057147979736,-8.362645149230957,8.851346969604492,-1.7261165380477903,-3.815531015396118,-3.473700761795044,2.700881242752075,-3.95735502243042,1.0700668096542358,-1.0182915925979614,-5.676851749420166,-1.6088206768035889,-0.7867589592933655,-0.6316452026367188,-0.4300540089607239,-6.60154390335083,-5.892072677612305,-14.246492385864258,-8.071457862854004,-0.8769551515579224,4.8144402503967285,-0.3864579200744629,-0.9892501831054688,-4.726982116699219,1.6205918788909912,-1.8116443157196045,12.380525588989258,9.279451370239258,-4.09330940246582,-10.055720329284668,-5.531525135040283,-6.167236328125,-3.9996087551116943,-13.261509895324709,-1.871780514717102,-1.0,0.6232492903979004
OXYR_HUMAN,CHEMBL515660,COc1ccc(S(=O)(=O)N(Cc2ccc(-c3ccccc3C#N)cn2)c2ccc(OC)nc2)cc1,0,0,0,0,0,0,0,0,0,0,0,0,0,0,0,0,0,0,0,0,0,0,0,0,0,0,0,0,0,0,0,0,0,0,0,0,0,0,0,0,0,0,0,0,0,0,0,0,0,0,0,0,0,0,0,0,0,0,0,0,0,0,0,0,0,0,0,0,0,0,0,0,0,0,0,0,0,0,0,0,0,0,0,0,0,0,0,0,0,0,0,0,0,0,0,0,0,0,0,0,0,0,0,0,0,0,0,0,0,0,0,0,0,0,0,0,0,0,0,0,0,0,0,0,0,0,0,0,0,0,0,0,0,0,0,0,0,0,0,0,0,0,0,0,0,0,0,0,0,0,0,0,0,0,0,0,0,0,0,0,0,0,0,0,0,0,0,0,0,0,0,0,0,0,0,0,0,0,0,0,0,0,0,0,0,2,4,1,2,2,2,2,3,2,3,2,4,2,2,3,2,0,0,0,0,0,0,0,0,0,0,0,0,0,0,0,0,3,2,2,1,0,0,0,0,0,0,0,0,0,0,0,0,0,0,0,0,0,1,1,2,4,1,3,0,0,0,0,0,0,0,0,0,0,0,5,3,0,0,0,0,0,0,0,0,0,0,0,0,0,0,0,0,0,0,0,0,0,0,0,0,0,0,0,0,0,0,0,0,0,0,0,0,0,0,0,0,0,0,0,0,0,0,0,0,0,0,0,0,0,0,0,0,0,0,0,0,0,0,0,0,0,0,0,0,0,0,0,0,0,0,0,0,0,0,0,0,0,0,0,0,0,0,0,0,0,0,0,0,0,0,0,0,0,0,0,0,0,0,0,0,0,0,0,0,0,0,0,0,0,0,0,0,0,0,0,0,0,0,0,0,0,0,0,0,0,0,0,0,0,0,0,0,0,0,0,0,0,0,0,0,0,0,0,0,0,0,0,0,0,0,0,0,0,0,0,0,0,0,0,0,0,0,0,0,0,0,0,0,0,0,0,0,2,1,1,1,5,5,3,0,0,0,0,0,0,0,0,0,0,0,0,0,0,0,0,0,0,0,0,0,0,0,0,0,0,0,0,0,0,0,0,0,0,0,0,0,0,0,0,0,0,0,0,0,0,0,0,0,0,0,0,0,0,0,0,0,0,0,0,0,0,0,0,0,0,0,0,0,0,0,0,0,0,0,0,0,0,0,0,0,0,0,0,0,0,0,0,0,0,0,0,0,0,0,0,0,0,0,0,0,0,0,0,0,0,0,0,0,0,0,0,0,0,0,0,0,0,0,0,0,0,0,0,0,0,0,0,0,0,0,0,0,0,0,0,0,0,0,0,0,0,0,0,0,0,0,0,0,4,2,2,2,5,2,4,2,0,0,0,0,0,0,0,0,0,0,0,0,0,0,0,0,0,2,2,2,1,2,0,2,2,0,0,0,0,0,0,0,0,0,0,0,2,2,2,2,3,1,3,2,1,0,0,0,0,0,0,2,2,2,2,2,0,0,5,0,0,0,0,3,3,0,0,0,0,0,0,0,0,0,0,0,5,3,5,5,0,0,0,0,0,3,0,0,0,0,0,0,0,5,2,2,2,2,2,5,0,0,0,0,0,0,0,0,0,0,0,0,0,0,0,5,2,3,0,2,2,4,0,0,0,0,0,0,0,0,0,0,0,0,0,0,0,0,0,0,0,0,0,0,0,0,0,0,0,0,0,0,0,0,2,2,2,2,2,2,3,2,2,0,0,0,0,0,0,0,0,0,0,0,0,0,0,0,0,0,0,0,0,0,0,0,0,1,3,2,2,0,0,0,0,0,0,0,0,0,0,0,0,0,0,0,0,0,0,0,0,0,0,0,0,0,0,0,0,0,2,4,2,3,2,5,2,2,1,0,1,4,2,0,0,0,0,0,2,1,0,0,0,0,0,0,0,0,0,0,0,0,0,0,0,0,0,0,0,0,0,0,0,0,0,0,0,0,0,0,0,0,0,0,0,0,0,0,0,0,0,0,0,0,0,0,0,5,0,2,2,5,0,2,2,3,2,2,1,2,2,2,0,0,0,3,3,2,2,0,0,0,0,0,0,0,0,0,0,0,0,2,2,0,0,0,0,0,0,0,0,0,0,0,0,0,0,0,0,0,0,0,0,0,0,0,0,0,0,0,0,0,0,0,2,2,3,2,4,5,0,0,0,0,0,0,0,0,0,0,0,0,0,0,0,0,0,0,0,0,0,0,0,0,0,0,0,0,0,0,0,0,0,0,1,0,0,0,0,0,0,0,0,0,0,0,0,0,0,0,0,0,0,0,0,0,0,0,0,0,0,2,2,0,0,0,0,0,0,2,0,1,3,1,2,0,0,0,0,0,0,0,0,0,0,0,0,0,0,0,0,0,0,0,0,0,0,0,0,0,0,0,0,5,3,0,0,0,0,2,5,5,0,0,5,3,0,0,0,0,0,0,0,0,0,0,0,0,0,0,0,4,5,0,0,0,0,2,2,2,0,0,0,0,2,2,3,2,2,0,0,0,1,1,2,2,2,3,0,0,2,1,3,2,5,0,0,0,0,0,0,0,0,0,0,0,0,2,2,3,0,0,0,0,0,0,0,0,0,0,0,0,0,0,0,0,0,0,0,0,0,0,0,0,0,0,0,0,0,0,0,0,0,0,0,0,0,0,0,2,5,0,0,0,0,4,0,0,0,0,0,0,0,0,0,0,0,0,0,0,0,0,0,0,0,0,0,0,0,0,0,0,0,0,0,0,0,0,0,0,0,0,0,0,0,0,0,0,0,0,0,0,0,0,0,0,0,0,0,0,0,0,0,0,0,0,0,0,0,0,0,0,0,0,0,0,0,0,0,0,0,0,0,0,0,0,0,0,0,0,0,0,0,0,0,0,0,0,0,2,2,0,0,4,1,2,2,4,0,0,0,0,0,1,2,2,2,0,0,0,0,0,0,0,0,0,0,0,0,0,0,0,0,0,0,0,0,0,0,0,0,0,0,0,0,0,0,0,0,0,0,0,0,0,0,0,0,0,0,0,2,2,0,0,0,0,0,0,0,0,0,0,0,0,0,0,0,0,3,1,2,1,1,0,0,0,0,5,0,0,0,0,0,0,0,2,2,0,0,0,0,0,0,0,0,2,3,2,2,0,0,0,3,2,2,2,2,0,2,2,1,2,2,0,2,2,0,0,0,0,0,0,0,0,0,0,0,0,0,0,0,0,0,0,2,2,1,0,0,0,0,0,0,0,0,0,0,0,0,0,0,0,0,2,1,2,2,3,2,0,0,0,0,0,0,0,5,2,0,0,0,0,0,0,0,0,0,0,0,0,0,0,0,0,2,3,0,0,0,0,0,0,0,0,0,0,0,0,0,0,0,0,0,0,0,0,0,0,0,0,0,0,0,0,0,0,0,0,0,0,0,0,0,0,0,0,0,0,0,3,2,5,2,0,0,0,0,0,0,0,0,0,0,0,0,0,0,0,0,0,0,0,0,0,0,0,0,0,0,0,0,0,0,0,0,0,0,0,0,0,0,0,0,0,0,0,0,0,0,0,0,0,0,0,0,0,0,0,0,0,0,0,0,0,0,0,0,0,0,0,0,0,0,0,0,0,0,0,0,0,0,0,0,0,0,0,0,0,0,0,0,0,0,0,0,0,0,0,0,0,0,0,0,0,0,0,0,0,0,0,0,0,0,0,0,0,0,0,0,0,0,0,0,0,0,0,0,0,0,0,0,0,0,0,0,0,0,0,0,0,0,0,5,3,2,2,2,2,2,2,4,2,1,4,1,2,2,2,1,4,1,1,5,2,2,2,2,5,2,3,3,2,5,2,2,3,5,0,0,0,0,0,0,0,0,0,0,0,0,0,0,0,0,0,0,0,0,0,0,0,2,5,2,5,3,2,0,0,0,0,0,0,0,0,5,0,0,0,2,3,2,2,2,2,0,0,0,0,0,2,2,2,2,2,0,0,0,1,2,3,1,2,2,2,0,0,0,0,0,2,3,2,2,3,2,2,4,2,0,0,0,0,0,0,0,0,3,2,1,5,4,2,0,0,0,0,3,0,0,0,0,0,0,0,0,0,0,0,0,0,0,0,0,0,2,0,0,2,0,0,0,0,0,0,0,0,0,0,0,0,0,0,0,0,0,0,0,0,0,0,0,0,0,0,0,0,0,0,0,0,0,0,0,0,0,0,0,0,0,0,0,0,0,0,0,0,0,0,0,0,0,0,0,0,0,0,0,0,0,0,0,0,0,0,0,0,0,0,0,0,0,0,0,0,0,2,2,0,2,0,0,0,0,0,2,2,2,0,2,3,2,3,3,1,1,3,1,2,2,0,0,0,0,0,0,0,2,2,2,2,3,1,5,2,2,5,0,4,2,0,0,0,0,2,3,5,2,0,0,0,0,0,0,0,0,0,0,0,0,0,0,0,0,0,0,0,0,0,0,0,0,0,0,0,0,0,0,0,0,0,0,0,0,0,0,0,0,0,0,0,0,0,0,0,0,0,0,0,0,0,0,0,0,0,0,0,0,0,0,0,0,0,0,0,0,0,0,0,0,0,0,0,0,0,0,0,0,0,0,0,0,0,0,0,0,0,0,0,0,0,0,0,0,2,1,1,3,2,3,2,2,5,1,5,5,2,1,4,3,0,0,0,0,0,0,0,0,0,0,0,0,0,0,0,0,0,0,0,0,0,0,0,0,0,0,0,0,0,0,0,0,0,0,0,0,0,0,0,0,0,0,0,0,0,0,0,0,0,0,0,0,0,0,0,0,0,0,0,0,0,0,0,0,0,0,0,0,0,0,0,0,0,0,0,0,0,0,0,0,0,0,0,0,0,0,0,0,0,0,0,0,0,0,0,0,0,0,0,0,0,0,0,0,0,0,0,0,0,0,0,0,0,0,0,0,0,0,0,0,0,0,0,0,0,0,0,0,0,0,0,0,0,0,0,0,0,0,0,0,0,0,0,0,0,0,0,0,0,0,0,0,0,0,0,0,0,0,0,0,0,0,0,0,0,0,0,0,0,0,0,0,0,0,0,0,0,0,0,0,0,0,0,0,0,0,0,0,0,0,0,0,0,0,0,0,0,0,0,0,0,0,0,0,0,0,0,0,0,0,0,0,0,0,0,0,0,0,0,0,0,0,0,0,0,0,0,0,0,0,0,0,0,0,0,0,0,0,0,0,0,0,0,0,0,0,0,0,0,0,0,0,0,0,0,0,0,0,0,0,0,0,0,0,0,0,0,0,0,0,0,0,0,0,0,0,0,0,0,0,0,0,0,0,3,2,3,5,5,3,3,3,3,3,2,2,2,3,5,5,3,0,0,0,0,0,0,0,0,0,0,0,0,0,0,0,0,0,0,0,0,0,0,0,0,0,0,0,0,0,0,0,0,0,0,0,0,0,0,0,0,0,0,0,0,0,0,0,0,0,0,0,0,0,0,0,0,0,0,0,0,0,0,0,0,0,0,0,0,0,0,0,0,0,0,0,0,0,0,0,0,0,0,0,0,0,0,0,0,0,0,0,0,0,0,0,0,0,0,0,0,0,0,0,0,0,0,0,0,0,0,0,0,0,0,0,0,0,0,0,0,0,0,0,0,0,0,0,0,0,3,3,3,5,3,1,3,3,1,3,3,2,0,0,0,0,0,0,0,0,0,0,0,0,0,0,0,0,0,0,0,0,0,0,0,0,0,0,0,0,0,0,0,0,0,0,0,0,0,0,0,0,0,0,0,0,0,0,0,0,0,0,0,0,0,0,0,0,3.561187744140625,-4.036364555358887,-4.950154781341553,10.4614839553833,1.4585540294647217,-0.7780057191848755,-15.509830474853516,-0.2831914126873016,12.403244972229004,6.975727081298828,-9.269691467285156,-2.435983180999756,-11.43361759185791,-0.9878883361816406,-5.945327281951904,0.1202050521969795,6.686307907104492,-3.647054433822632,-4.736740112304688,9.808514595031738,2.04899263381958,9.121838569641112,20.13898658752441,8.669157981872559,-12.78786849975586,-1.622456431388855,1.4466958045959473,-9.987269401550291,2.396257162094116,3.144342422485352,16.722055435180664,-9.964784622192385,-6.04631233215332,-10.233441352844238,4.163663387298584,-1.093890905380249,0.6942177414894104,0.5523633360862732,12.307894706726074,4.078304767608643,-0.7306742668151855,-3.5970420837402344,-9.357609748840332,1.119901180267334,-17.104496002197266,4.413058280944824,-1.4952709674835205,9.067484855651855,-8.622568130493164,6.983419895172119,11.05770492553711,-10.567741394042969,-4.222009181976318,-14.516387939453123,-5.99093770980835,-8.01037883758545,-2.702177047729492,-1.857438445091248,6.587270736694336,7.532932281494141,1.013310432434082,-12.709673881530762,-1.2361091375350952,2.156808376312256,-18.626583099365234,-1.2916826009750366,13.224502563476562,-0.6581099033355713,0.1660583317279815,3.416743040084839,-10.564742088317873,0.1763345897197723,12.046513557434082,-4.649689674377441,-4.859570503234863,9.13182258605957,-8.472789764404297,4.68842077255249,-2.860425472259521,6.010673522949219,8.440826416015625,-2.541587829589844,-7.761959552764893,-13.252906799316406,0.3457361459732055,-0.0492418073117733,-11.600881576538086,7.103715896606445,5.336456775665283,-2.6082894802093506,7.871530532836914,0.2379651069641113,4.775294780731201,11.062355041503906,2.839777946472168,0.1480502039194107,3.3164565563201904,6.60672664642334,7.77141809463501,4.140632629394531,-9.833012580871582,-8.320599555969238,-6.208444595336914,-16.57981300354004,3.83874773979187,-6.594539165496826,-1.4129875898361206,3.2458510398864746,2.187652826309204,-6.13038444519043,-19.7368221282959,2.955011367797852,7.251286506652832,1.5502564907073977,2.054227590560913,-7.171501636505127,12.236529350280762,12.312484741210938,-3.9384219646453857,7.648834705352783,-14.148844718933104,1.5104320049285889,-7.846753120422363,6.85912036895752,5.16534423828125,-7.589193344116211,-11.52199649810791,-2.501037359237671,-4.824766159057617,0.95046865940094,-1.269946813583374,2.883394479751587,12.979009628295898,13.166483879089355,-4.680639266967773,16.380361557006836,19.59452438354492,2.0575921535491943,14.061446189880373,-4.555823802947998,9.598917961120604,-3.947826623916626,-3.0360426902771,-0.8699677586555481,12.00528621673584,11.851751327514648,1.923575520515442,1.5902972221374512,0.6774691343307495,11.331212043762209,9.57862377166748,1.3403693437576294,13.219240188598633,-2.503594398498535,-1.6246668100357056,4.78996467590332,-7.635777473449707,-6.331389427185059,7.0503668785095215,-9.013636589050291,-5.288328170776367,-5.162463188171387,-9.18478012084961,0.6693554520606995,-0.0929254814982414,-11.247478485107422,0.8437899351119995,-2.324784755706787,1.554188251495361,4.508547782897949,-8.30117416381836,-6.496253490447998,14.826021194458008,-2.794955015182495,0.3454589247703552,4.1310343742370605,7.385462760925293,-5.309574604034424,-5.392059803009033,12.547679901123049,-4.22541618347168,11.00318431854248,-5.266533374786377,9.369691848754885,11.859782218933104,-2.734494924545288,-6.266056060791016,-4.927618026733398,-6.84512996673584,-4.413601875305176,-4.25314998626709,-1.4835022687911987,-0.4677399396896362,1.7858158349990845,1.6367363929748535,-0.8476135730743408,-7.772279262542725,-13.145119667053224,-1.633184552192688,2.608787298202514,4.365222454071045,4.755227088928223,6.364680290222168,2.565117597579956,8.800835609436035,-3.4737138748168945,16.214784622192383,8.314760208129883,14.837923049926758,-2.070159673690796,16.933881759643555,-3.047962188720703,5.489712238311768,-7.995297908782959,3.997710466384888,1.648727297782898,-0.1090525612235069,8.21923828125,-8.340043067932129,5.178914546966553,0.1209479048848152,-9.852322578430176,-4.002935409545898,-1.3946661949157717,4.048822402954102,-6.721320152282715,-3.247485876083374,2.954553842544556,9.250615119934082,-9.649258613586426,5.090469837188721,-4.705906867980957,-7.87901496887207,-16.083166122436523,-0.94255393743515,-4.499463081359863,-3.856103181838989,-1.260195016860962,-8.301187515258789,11.848871231079102,4.833349227905273,1.3725955486297607,4.139318466186523,1.1281288862228394,-5.426171779632568,3.650930166244507,-15.813583374023438,-8.775671005249023,-0.3973589241504669,-8.931739807128906,-19.92734146118164,4.625552654266357,-3.826064348220825,1.2589428424835205,-17.844951629638672,1.0449732542037964,6.474961280822754,-9.916876792907717,5.688104629516602,-6.638454914093018,0.3956673145294189,9.747563362121582,9.08279037475586,13.64084243774414,4.52896785736084,-5.411220550537109,-10.379430770874023,9.181740760803224,-0.6963933706283569,-8.80875015258789,-4.3011088371276855,5.458528995513916,-3.8894002437591553,4.6146240234375,1.312684178352356,-6.416536331176758,-3.869809627532959,-3.302208185195923,2.368027925491333,1.9787497520446775,-9.816637992858888,-9.48961067199707,-20.365625381469727,-5.751404285430908,-1.4879056215286257,0.3462220430374145,1.248220682144165,-3.4935286045074463,-7.24399471282959,-1.3019216060638428,-1.628020167350769,14.08633804321289,16.032875061035156,-0.0563315451145172,-11.411978721618652,-5.359160423278809,-6.765270709991455,-2.4822566509246826,-14.702601432800291,-1.9979712963104248,-1.0,0.7993405494535816
OXYR_HUMAN,CHEMBL3353933,CCC(C)C1NC(=O)C(Cc2ccc(OC)cc2)NC(=O)CCCSCC(C(=O)N2CC(OC)CC2C(=O)NC(CC(C)C)C(=O)NCC(N)=O)NC(=O)C(CC(N)=O)NC(=O)C(CCC(N)=O)NC1=O,0,0,0,0,0,0,0,0,0,0,0,0,0,0,0,0,0,0,0,0,0,0,0,0,0,0,0,0,0,0,0,0,0,0,0,0,0,0,0,0,0,0,0,0,0,0,0,0,0,0,0,0,0,0,0,0,0,0,0,0,0,0,0,0,0,0,0,0,0,0,0,0,0,0,0,0,0,0,0,0,0,0,0,0,0,0,0,0,0,0,0,0,0,0,0,0,0,0,0,0,0,0,0,0,0,0,0,0,0,0,0,0,0,0,0,0,0,0,0,0,0,0,0,0,0,0,0,0,0,0,0,0,0,0,0,0,0,0,0,0,0,0,0,0,0,0,0,0,0,0,0,0,0,0,0,0,0,0,0,0,0,0,0,0,0,0,0,0,0,0,0,0,0,0,0,0,0,0,0,0,0,0,0,0,0,2,4,1,2,2,2,2,3,2,3,2,4,2,2,3,2,0,0,0,0,0,0,0,0,0,0,0,0,0,0,0,0,3,2,2,1,0,0,0,0,0,0,0,0,0,0,0,0,0,0,0,0,0,1,1,2,4,1,3,0,0,0,0,0,0,0,0,0,0,0,5,3,0,0,0,0,0,0,0,0,0,0,0,0,0,0,0,0,0,0,0,0,0,0,0,0,0,0,0,0,0,0,0,0,0,0,0,0,0,0,0,0,0,0,0,0,0,0,0,0,0,0,0,0,0,0,0,0,0,0,0,0,0,0,0,0,0,0,0,0,0,0,0,0,0,0,0,0,0,0,0,0,0,0,0,0,0,0,0,0,0,0,0,0,0,0,0,0,0,0,0,0,0,0,0,0,0,0,0,0,0,0,0,0,0,0,0,0,0,0,0,0,0,0,0,0,0,0,0,0,0,0,0,0,0,0,0,0,0,0,0,0,0,0,0,0,0,0,0,0,0,0,0,0,0,0,0,0,0,0,0,0,0,0,0,0,0,0,0,0,0,0,0,0,0,0,0,0,2,1,1,1,5,5,3,0,0,0,0,0,0,0,0,0,0,0,0,0,0,0,0,0,0,0,0,0,0,0,0,0,0,0,0,0,0,0,0,0,0,0,0,0,0,0,0,0,0,0,0,0,0,0,0,0,0,0,0,0,0,0,0,0,0,0,0,0,0,0,0,0,0,0,0,0,0,0,0,0,0,0,0,0,0,0,0,0,0,0,0,0,0,0,0,0,0,0,0,0,0,0,0,0,0,0,0,0,0,0,0,0,0,0,0,0,0,0,0,0,0,0,0,0,0,0,0,0,0,0,0,0,0,0,0,0,0,0,0,0,0,0,0,0,0,0,0,0,0,0,0,0,0,0,0,0,4,2,2,2,5,2,4,2,0,0,0,0,0,0,0,0,0,0,0,0,0,0,0,0,0,2,2,2,1,2,0,2,2,0,0,0,0,0,0,0,0,0,0,0,2,2,2,2,3,1,3,2,1,0,0,0,0,0,0,2,2,2,2,2,0,0,5,0,0,0,0,3,3,0,0,0,0,0,0,0,0,0,0,0,5,3,5,5,0,0,0,0,0,3,0,0,0,0,0,0,0,5,2,2,2,2,2,5,0,0,0,0,0,0,0,0,0,0,0,0,0,0,0,5,2,3,0,2,2,4,0,0,0,0,0,0,0,0,0,0,0,0,0,0,0,0,0,0,0,0,0,0,0,0,0,0,0,0,0,0,0,0,2,2,2,2,2,2,3,2,2,0,0,0,0,0,0,0,0,0,0,0,0,0,0,0,0,0,0,0,0,0,0,0,0,1,3,2,2,0,0,0,0,0,0,0,0,0,0,0,0,0,0,0,0,0,0,0,0,0,0,0,0,0,0,0,0,0,2,4,2,3,2,5,2,2,1,0,1,4,2,0,0,0,0,0,2,1,0,0,0,0,0,0,0,0,0,0,0,0,0,0,0,0,0,0,0,0,0,0,0,0,0,0,0,0,0,0,0,0,0,0,0,0,0,0,0,0,0,0,0,0,0,0,0,5,0,2,2,5,0,2,2,3,2,2,1,2,2,2,0,0,0,3,3,2,2,0,0,0,0,0,0,0,0,0,0,0,0,2,2,0,0,0,0,0,0,0,0,0,0,0,0,0,0,0,0,0,0,0,0,0,0,0,0,0,0,0,0,0,0,0,2,2,3,2,4,5,0,0,0,0,0,0,0,0,0,0,0,0,0,0,0,0,0,0,0,0,0,0,0,0,0,0,0,0,0,0,0,0,0,0,1,0,0,0,0,0,0,0,0,0,0,0,0,0,0,0,0,0,0,0,0,0,0,0,0,0,0,2,2,0,0,0,0,0,0,2,0,1,3,1,2,0,0,0,0,0,0,0,0,0,0,0,0,0,0,0,0,0,0,0,0,0,0,0,0,0,0,0,0,5,3,0,0,0,0,2,5,5,0,0,5,3,0,0,0,0,0,0,0,0,0,0,0,0,0,0,0,4,5,0,0,0,0,2,2,2,0,0,0,0,2,2,3,2,2,0,0,0,1,1,2,2,2,3,0,0,2,1,3,2,5,0,0,0,0,0,0,0,0,0,0,0,0,2,2,3,0,0,0,0,0,0,0,0,0,0,0,0,0,0,0,0,0,0,0,0,0,0,0,0,0,0,0,0,0,0,0,0,0,0,0,0,0,0,0,2,5,0,0,0,0,4,0,0,0,0,0,0,0,0,0,0,0,0,0,0,0,0,0,0,0,0,0,0,0,0,0,0,0,0,0,0,0,0,0,0,0,0,0,0,0,0,0,0,0,0,0,0,0,0,0,0,0,0,0,0,0,0,0,0,0,0,0,0,0,0,0,0,0,0,0,0,0,0,0,0,0,0,0,0,0,0,0,0,0,0,0,0,0,0,0,0,0,0,0,2,2,0,0,4,1,2,2,4,0,0,0,0,0,1,2,2,2,0,0,0,0,0,0,0,0,0,0,0,0,0,0,0,0,0,0,0,0,0,0,0,0,0,0,0,0,0,0,0,0,0,0,0,0,0,0,0,0,0,0,0,2,2,0,0,0,0,0,0,0,0,0,0,0,0,0,0,0,0,3,1,2,1,1,0,0,0,0,5,0,0,0,0,0,0,0,2,2,0,0,0,0,0,0,0,0,2,3,2,2,0,0,0,3,2,2,2,2,0,2,2,1,2,2,0,2,2,0,0,0,0,0,0,0,0,0,0,0,0,0,0,0,0,0,0,2,2,1,0,0,0,0,0,0,0,0,0,0,0,0,0,0,0,0,2,1,2,2,3,2,0,0,0,0,0,0,0,5,2,0,0,0,0,0,0,0,0,0,0,0,0,0,0,0,0,2,3,0,0,0,0,0,0,0,0,0,0,0,0,0,0,0,0,0,0,0,0,0,0,0,0,0,0,0,0,0,0,0,0,0,0,0,0,0,0,0,0,0,0,0,3,2,5,2,0,0,0,0,0,0,0,0,0,0,0,0,0,0,0,0,0,0,0,0,0,0,0,0,0,0,0,0,0,0,0,0,0,0,0,0,0,0,0,0,0,0,0,0,0,0,0,0,0,0,0,0,0,0,0,0,0,0,0,0,0,0,0,0,0,0,0,0,0,0,0,0,0,0,0,0,0,0,0,0,0,0,0,0,0,0,0,0,0,0,0,0,0,0,0,0,0,0,0,0,0,0,0,0,0,0,0,0,0,0,0,0,0,0,0,0,0,0,0,0,0,0,0,0,0,0,0,0,0,0,0,0,0,0,0,0,0,0,0,5,3,2,2,2,2,2,2,4,2,1,4,1,2,2,2,1,4,1,1,5,2,2,2,2,5,2,3,3,2,5,2,2,3,5,0,0,0,0,0,0,0,0,0,0,0,0,0,0,0,0,0,0,0,0,0,0,0,2,5,2,5,3,2,0,0,0,0,0,0,0,0,5,0,0,0,2,3,2,2,2,2,0,0,0,0,0,2,2,2,2,2,0,0,0,1,2,3,1,2,2,2,0,0,0,0,0,2,3,2,2,3,2,2,4,2,0,0,0,0,0,0,0,0,3,2,1,5,4,2,0,0,0,0,3,0,0,0,0,0,0,0,0,0,0,0,0,0,0,0,0,0,2,0,0,2,0,0,0,0,0,0,0,0,0,0,0,0,0,0,0,0,0,0,0,0,0,0,0,0,0,0,0,0,0,0,0,0,0,0,0,0,0,0,0,0,0,0,0,0,0,0,0,0,0,0,0,0,0,0,0,0,0,0,0,0,0,0,0,0,0,0,0,0,0,0,0,0,0,0,0,0,0,2,2,0,2,0,0,0,0,0,2,2,2,0,2,3,2,3,3,1,1,3,1,2,2,0,0,0,0,0,0,0,2,2,2,2,3,1,5,2,2,5,0,4,2,0,0,0,0,2,3,5,2,0,0,0,0,0,0,0,0,0,0,0,0,0,0,0,0,0,0,0,0,0,0,0,0,0,0,0,0,0,0,0,0,0,0,0,0,0,0,0,0,0,0,0,0,0,0,0,0,0,0,0,0,0,0,0,0,0,0,0,0,0,0,0,0,0,0,0,0,0,0,0,0,0,0,0,0,0,0,0,0,0,0,0,0,0,0,0,0,0,0,0,0,0,0,0,0,2,1,1,3,2,3,2,2,5,1,5,5,2,1,4,3,0,0,0,0,0,0,0,0,0,0,0,0,0,0,0,0,0,0,0,0,0,0,0,0,0,0,0,0,0,0,0,0,0,0,0,0,0,0,0,0,0,0,0,0,0,0,0,0,0,0,0,0,0,0,0,0,0,0,0,0,0,0,0,0,0,0,0,0,0,0,0,0,0,0,0,0,0,0,0,0,0,0,0,0,0,0,0,0,0,0,0,0,0,0,0,0,0,0,0,0,0,0,0,0,0,0,0,0,0,0,0,0,0,0,0,0,0,0,0,0,0,0,0,0,0,0,0,0,0,0,0,0,0,0,0,0,0,0,0,0,0,0,0,0,0,0,0,0,0,0,0,0,0,0,0,0,0,0,0,0,0,0,0,0,0,0,0,0,0,0,0,0,0,0,0,0,0,0,0,0,0,0,0,0,0,0,0,0,0,0,0,0,0,0,0,0,0,0,0,0,0,0,0,0,0,0,0,0,0,0,0,0,0,0,0,0,0,0,0,0,0,0,0,0,0,0,0,0,0,0,0,0,0,0,0,0,0,0,0,0,0,0,0,0,0,0,0,0,0,0,0,0,0,0,0,0,0,0,0,0,0,0,0,0,0,0,0,0,0,0,0,0,0,0,0,0,0,0,0,0,0,0,0,0,3,2,3,5,5,3,3,3,3,3,2,2,2,3,5,5,3,0,0,0,0,0,0,0,0,0,0,0,0,0,0,0,0,0,0,0,0,0,0,0,0,0,0,0,0,0,0,0,0,0,0,0,0,0,0,0,0,0,0,0,0,0,0,0,0,0,0,0,0,0,0,0,0,0,0,0,0,0,0,0,0,0,0,0,0,0,0,0,0,0,0,0,0,0,0,0,0,0,0,0,0,0,0,0,0,0,0,0,0,0,0,0,0,0,0,0,0,0,0,0,0,0,0,0,0,0,0,0,0,0,0,0,0,0,0,0,0,0,0,0,0,0,0,0,0,0,3,3,3,5,3,1,3,3,1,3,3,2,0,0,0,0,0,0,0,0,0,0,0,0,0,0,0,0,0,0,0,0,0,0,0,0,0,0,0,0,0,0,0,0,0,0,0,0,0,0,0,0,0,0,0,0,0,0,0,0,0,0,0,0,0,0,0,0,0.6813168525695801,-10.238944053649902,-5.764899253845215,6.938595294952393,3.900544166564941,-19.59515190124512,-29.415128707885746,-5.0509934425354,25.17815589904785,-3.954608917236328,5.43767786026001,20.79603576660156,-0.1168110966682434,14.416629791259766,-31.12185478210449,-2.967540740966797,23.3780460357666,-27.952735900878903,-28.055179595947266,34.903778076171875,10.34308910369873,17.03118324279785,55.20710754394531,16.7004451751709,-19.31252098083496,5.862791538238525,-16.506999969482422,-36.67239761352539,2.656951665878296,-14.297472953796388,18.656641006469727,-11.095314979553224,-17.879575729370117,0.2923908531665802,-3.217185735702514,9.770780563354492,3.8653550148010254,-3.867877960205078,21.622520446777344,22.01116752624512,2.367096424102783,2.212512969970703,-4.814815521240234,-11.509827613830566,-24.45359230041504,20.03599166870117,10.55691623687744,38.88518524169922,-10.782208442687988,2.9711391925811768,8.735650062561035,-25.014911651611328,-0.1958744525909423,-19.207727432250977,-33.332130432128906,-24.94597053527832,-15.64741325378418,12.089786529541016,5.923945903778076,9.427298545837402,1.4876288175582886,-18.436092376708984,-17.39004135131836,11.67182159423828,-44.83657836914063,2.813220739364624,21.375415802001957,7.738672256469727,-16.256622314453125,-0.9284780621528624,-9.968722343444824,12.58876895904541,15.273003578186035,-29.063798904418945,-1.0355703830718994,6.150485992431641,-29.81747436523437,1.5844192504882812,7.208989143371582,2.312544584274292,21.06053924560547,-1.5854016542434692,-7.190258026123047,-38.29175567626953,19.8516845703125,-11.57253074645996,-12.897433280944824,6.791441440582275,7.674957752227783,-0.654913604259491,7.243437767028809,14.72916030883789,14.618240356445312,5.835827827453613,8.035703659057617,-2.9670522212982178,20.77200126647949,11.356000900268556,20.12638282775879,-6.881608486175537,-10.391816139221191,-20.17298698425293,-24.913375854492188,-13.980620384216309,12.994808197021484,-28.61986923217773,-17.312469482421875,12.805377960205078,9.029629707336426,-19.92703628540039,-20.064910888671875,15.4608154296875,10.184743881225586,-13.877906799316406,-3.146498680114746,-8.204379081726074,20.59994888305664,23.358137130737305,-3.280632734298706,6.662212371826172,-14.05735206604004,15.77944564819336,0.1434951424598693,32.38713836669922,0.504063606262207,-35.00239944458008,-27.037168502807617,3.482494354248047,-16.429201126098633,0.6539576053619385,1.8516494035720823,-2.665735244750977,13.582109451293944,40.65315246582031,7.455389976501465,33.439796447753906,-0.6948727369308472,-9.307413101196287,20.89052963256836,-14.719271659851074,24.67967987060547,-2.379841089248657,-11.208247184753418,-6.789563655853272,17.215164184570312,6.302251815795898,4.9206390380859375,8.921154022216797,10.488757133483888,33.78612518310547,-3.1023154258728027,17.2926082611084,17.363073348999023,-22.58525276184082,-6.179524421691895,1.1328903436660769,-18.344425201416016,-3.4994232654571533,-0.5677630305290222,-18.694419860839844,6.197800636291504,11.758214950561523,-12.02462387084961,6.165952205657959,16.089984893798828,-25.24488067626953,12.080965995788574,-8.173666954040527,0.892686665058136,18.40544891357422,-15.598882675170898,-23.420713424682617,35.376739501953125,-4.02535343170166,13.014678955078123,-2.4039738178253174,13.81734561920166,-2.7355997562408447,-10.2365140914917,21.76031875610352,-11.70654582977295,23.43721580505371,-1.6754194498062134,31.68589782714844,10.07985782623291,-10.893394470214844,3.861063718795776,1.6830955743789673,-6.728912353515625,-17.45494270324707,2.3911662101745605,-8.16502571105957,-18.43133544921875,3.961716890335083,8.559362411499023,7.41693639755249,0.2651290893554687,-27.281810760498047,-8.446488380432129,-8.343979835510254,0.4107988476753235,-4.754125118255615,9.857499122619627,-6.095882892608643,-1.5096832513809204,-2.5244855880737305,32.749237060546875,28.85518455505371,27.785789489746094,-14.93172836303711,30.69979286193848,-1.315121054649353,35.83903121948242,-15.231817245483398,15.95541286468506,-3.670521259307861,12.968241691589355,11.06101894378662,-10.811004638671877,14.8359956741333,12.61411952972412,-23.196001052856445,-11.165064811706545,-0.0678657963871955,7.916337966918945,-13.783604621887209,-5.134612083435059,-3.4071922302246094,12.209739685058594,-26.11711311340332,7.462498664855957,-4.6004133224487305,-19.75479888916016,-25.888935089111328,4.154460430145264,-25.63438606262207,-6.391605377197266,-6.474688053131104,-10.177130699157717,29.976791381835938,19.1654109954834,-26.415958404541016,19.961994171142575,-6.298446178436279,-2.7616255283355717,23.53737449645996,-43.630149841308594,-14.68802261352539,1.4213722944259644,12.17758083343506,-46.12827682495117,12.34158706665039,11.518174171447754,-6.510556697845459,-25.862852096557617,18.18501091003418,5.087705135345459,-17.567873001098633,31.53483390808105,-25.83733940124512,-7.096840858459473,10.124866485595703,2.6090073585510254,19.1381950378418,-4.375659465789795,-23.70693016052246,-11.300801277160645,5.515453338623047,5.634426116943359,-21.20445251464844,2.375229597091675,11.70387077331543,-13.823637008666992,1.619347095489502,-1.470776081085205,-21.88825035095215,-10.203707695007324,-8.983532905578613,-10.548593521118164,19.746450424194336,-14.892827987670898,-19.51720428466797,-25.54150009155273,-16.310344696044922,-10.191780090332031,14.53374195098877,1.3927520513534546,-4.112672805786133,-13.38530445098877,-9.054408073425291,8.693574905395508,33.46295928955078,10.493953704833984,8.836174964904785,-29.623046875,-21.68976211547852,-15.973369598388672,-22.86254501342773,-43.17323303222656,-1.920980215072632,1.0,0.0
OXYR_HUMAN,CHEMBL1817708,CCC(C)C1NC(=O)C(Cc2ccccc2)NC(=O)C(N)CSSCC(C(=O)N2CCCC2C(=O)NC(CCCNCCC(C)C)C(=O)NCC(N)=O)NC(=O)C(CC(N)=O)NC(=O)C(CCC(N)=O)NC1=O,0,0,0,0,0,0,0,0,0,0,0,0,0,0,0,0,0,0,0,0,0,0,0,0,0,0,0,0,0,0,0,0,0,0,0,0,0,0,0,0,0,0,0,0,0,0,0,0,0,0,0,0,0,0,0,0,0,0,0,0,0,0,0,0,0,0,0,0,0,0,0,0,0,0,0,0,0,0,0,0,0,0,0,0,0,0,0,0,0,0,0,0,0,0,0,0,0,0,0,0,0,0,0,0,0,0,0,0,0,0,0,0,0,0,0,0,0,0,0,0,0,0,0,0,0,0,0,0,0,0,0,0,0,0,0,0,0,0,0,0,0,0,0,0,0,0,0,0,0,0,0,0,0,0,0,0,0,0,0,0,0,0,0,0,0,0,0,0,0,0,0,0,0,0,0,0,0,0,0,0,0,0,0,0,0,2,4,1,2,2,2,2,3,2,3,2,4,2,2,3,2,0,0,0,0,0,0,0,0,0,0,0,0,0,0,0,0,3,2,2,1,0,0,0,0,0,0,0,0,0,0,0,0,0,0,0,0,0,1,1,2,4,1,3,0,0,0,0,0,0,0,0,0,0,0,5,3,0,0,0,0,0,0,0,0,0,0,0,0,0,0,0,0,0,0,0,0,0,0,0,0,0,0,0,0,0,0,0,0,0,0,0,0,0,0,0,0,0,0,0,0,0,0,0,0,0,0,0,0,0,0,0,0,0,0,0,0,0,0,0,0,0,0,0,0,0,0,0,0,0,0,0,0,0,0,0,0,0,0,0,0,0,0,0,0,0,0,0,0,0,0,0,0,0,0,0,0,0,0,0,0,0,0,0,0,0,0,0,0,0,0,0,0,0,0,0,0,0,0,0,0,0,0,0,0,0,0,0,0,0,0,0,0,0,0,0,0,0,0,0,0,0,0,0,0,0,0,0,0,0,0,0,0,0,0,0,0,0,0,0,0,0,0,0,0,0,0,0,0,0,0,0,0,2,1,1,1,5,5,3,0,0,0,0,0,0,0,0,0,0,0,0,0,0,0,0,0,0,0,0,0,0,0,0,0,0,0,0,0,0,0,0,0,0,0,0,0,0,0,0,0,0,0,0,0,0,0,0,0,0,0,0,0,0,0,0,0,0,0,0,0,0,0,0,0,0,0,0,0,0,0,0,0,0,0,0,0,0,0,0,0,0,0,0,0,0,0,0,0,0,0,0,0,0,0,0,0,0,0,0,0,0,0,0,0,0,0,0,0,0,0,0,0,0,0,0,0,0,0,0,0,0,0,0,0,0,0,0,0,0,0,0,0,0,0,0,0,0,0,0,0,0,0,0,0,0,0,0,0,4,2,2,2,5,2,4,2,0,0,0,0,0,0,0,0,0,0,0,0,0,0,0,0,0,2,2,2,1,2,0,2,2,0,0,0,0,0,0,0,0,0,0,0,2,2,2,2,3,1,3,2,1,0,0,0,0,0,0,2,2,2,2,2,0,0,5,0,0,0,0,3,3,0,0,0,0,0,0,0,0,0,0,0,5,3,5,5,0,0,0,0,0,3,0,0,0,0,0,0,0,5,2,2,2,2,2,5,0,0,0,0,0,0,0,0,0,0,0,0,0,0,0,5,2,3,0,2,2,4,0,0,0,0,0,0,0,0,0,0,0,0,0,0,0,0,0,0,0,0,0,0,0,0,0,0,0,0,0,0,0,0,2,2,2,2,2,2,3,2,2,0,0,0,0,0,0,0,0,0,0,0,0,0,0,0,0,0,0,0,0,0,0,0,0,1,3,2,2,0,0,0,0,0,0,0,0,0,0,0,0,0,0,0,0,0,0,0,0,0,0,0,0,0,0,0,0,0,2,4,2,3,2,5,2,2,1,0,1,4,2,0,0,0,0,0,2,1,0,0,0,0,0,0,0,0,0,0,0,0,0,0,0,0,0,0,0,0,0,0,0,0,0,0,0,0,0,0,0,0,0,0,0,0,0,0,0,0,0,0,0,0,0,0,0,5,0,2,2,5,0,2,2,3,2,2,1,2,2,2,0,0,0,3,3,2,2,0,0,0,0,0,0,0,0,0,0,0,0,2,2,0,0,0,0,0,0,0,0,0,0,0,0,0,0,0,0,0,0,0,0,0,0,0,0,0,0,0,0,0,0,0,2,2,3,2,4,5,0,0,0,0,0,0,0,0,0,0,0,0,0,0,0,0,0,0,0,0,0,0,0,0,0,0,0,0,0,0,0,0,0,0,1,0,0,0,0,0,0,0,0,0,0,0,0,0,0,0,0,0,0,0,0,0,0,0,0,0,0,2,2,0,0,0,0,0,0,2,0,1,3,1,2,0,0,0,0,0,0,0,0,0,0,0,0,0,0,0,0,0,0,0,0,0,0,0,0,0,0,0,0,5,3,0,0,0,0,2,5,5,0,0,5,3,0,0,0,0,0,0,0,0,0,0,0,0,0,0,0,4,5,0,0,0,0,2,2,2,0,0,0,0,2,2,3,2,2,0,0,0,1,1,2,2,2,3,0,0,2,1,3,2,5,0,0,0,0,0,0,0,0,0,0,0,0,2,2,3,0,0,0,0,0,0,0,0,0,0,0,0,0,0,0,0,0,0,0,0,0,0,0,0,0,0,0,0,0,0,0,0,0,0,0,0,0,0,0,2,5,0,0,0,0,4,0,0,0,0,0,0,0,0,0,0,0,0,0,0,0,0,0,0,0,0,0,0,0,0,0,0,0,0,0,0,0,0,0,0,0,0,0,0,0,0,0,0,0,0,0,0,0,0,0,0,0,0,0,0,0,0,0,0,0,0,0,0,0,0,0,0,0,0,0,0,0,0,0,0,0,0,0,0,0,0,0,0,0,0,0,0,0,0,0,0,0,0,0,2,2,0,0,4,1,2,2,4,0,0,0,0,0,1,2,2,2,0,0,0,0,0,0,0,0,0,0,0,0,0,0,0,0,0,0,0,0,0,0,0,0,0,0,0,0,0,0,0,0,0,0,0,0,0,0,0,0,0,0,0,2,2,0,0,0,0,0,0,0,0,0,0,0,0,0,0,0,0,3,1,2,1,1,0,0,0,0,5,0,0,0,0,0,0,0,2,2,0,0,0,0,0,0,0,0,2,3,2,2,0,0,0,3,2,2,2,2,0,2,2,1,2,2,0,2,2,0,0,0,0,0,0,0,0,0,0,0,0,0,0,0,0,0,0,2,2,1,0,0,0,0,0,0,0,0,0,0,0,0,0,0,0,0,2,1,2,2,3,2,0,0,0,0,0,0,0,5,2,0,0,0,0,0,0,0,0,0,0,0,0,0,0,0,0,2,3,0,0,0,0,0,0,0,0,0,0,0,0,0,0,0,0,0,0,0,0,0,0,0,0,0,0,0,0,0,0,0,0,0,0,0,0,0,0,0,0,0,0,0,3,2,5,2,0,0,0,0,0,0,0,0,0,0,0,0,0,0,0,0,0,0,0,0,0,0,0,0,0,0,0,0,0,0,0,0,0,0,0,0,0,0,0,0,0,0,0,0,0,0,0,0,0,0,0,0,0,0,0,0,0,0,0,0,0,0,0,0,0,0,0,0,0,0,0,0,0,0,0,0,0,0,0,0,0,0,0,0,0,0,0,0,0,0,0,0,0,0,0,0,0,0,0,0,0,0,0,0,0,0,0,0,0,0,0,0,0,0,0,0,0,0,0,0,0,0,0,0,0,0,0,0,0,0,0,0,0,0,0,0,0,0,0,5,3,2,2,2,2,2,2,4,2,1,4,1,2,2,2,1,4,1,1,5,2,2,2,2,5,2,3,3,2,5,2,2,3,5,0,0,0,0,0,0,0,0,0,0,0,0,0,0,0,0,0,0,0,0,0,0,0,2,5,2,5,3,2,0,0,0,0,0,0,0,0,5,0,0,0,2,3,2,2,2,2,0,0,0,0,0,2,2,2,2,2,0,0,0,1,2,3,1,2,2,2,0,0,0,0,0,2,3,2,2,3,2,2,4,2,0,0,0,0,0,0,0,0,3,2,1,5,4,2,0,0,0,0,3,0,0,0,0,0,0,0,0,0,0,0,0,0,0,0,0,0,2,0,0,2,0,0,0,0,0,0,0,0,0,0,0,0,0,0,0,0,0,0,0,0,0,0,0,0,0,0,0,0,0,0,0,0,0,0,0,0,0,0,0,0,0,0,0,0,0,0,0,0,0,0,0,0,0,0,0,0,0,0,0,0,0,0,0,0,0,0,0,0,0,0,0,0,0,0,0,0,0,2,2,0,2,0,0,0,0,0,2,2,2,0,2,3,2,3,3,1,1,3,1,2,2,0,0,0,0,0,0,0,2,2,2,2,3,1,5,2,2,5,0,4,2,0,0,0,0,2,3,5,2,0,0,0,0,0,0,0,0,0,0,0,0,0,0,0,0,0,0,0,0,0,0,0,0,0,0,0,0,0,0,0,0,0,0,0,0,0,0,0,0,0,0,0,0,0,0,0,0,0,0,0,0,0,0,0,0,0,0,0,0,0,0,0,0,0,0,0,0,0,0,0,0,0,0,0,0,0,0,0,0,0,0,0,0,0,0,0,0,0,0,0,0,0,0,0,0,2,1,1,3,2,3,2,2,5,1,5,5,2,1,4,3,0,0,0,0,0,0,0,0,0,0,0,0,0,0,0,0,0,0,0,0,0,0,0,0,0,0,0,0,0,0,0,0,0,0,0,0,0,0,0,0,0,0,0,0,0,0,0,0,0,0,0,0,0,0,0,0,0,0,0,0,0,0,0,0,0,0,0,0,0,0,0,0,0,0,0,0,0,0,0,0,0,0,0,0,0,0,0,0,0,0,0,0,0,0,0,0,0,0,0,0,0,0,0,0,0,0,0,0,0,0,0,0,0,0,0,0,0,0,0,0,0,0,0,0,0,0,0,0,0,0,0,0,0,0,0,0,0,0,0,0,0,0,0,0,0,0,0,0,0,0,0,0,0,0,0,0,0,0,0,0,0,0,0,0,0,0,0,0,0,0,0,0,0,0,0,0,0,0,0,0,0,0,0,0,0,0,0,0,0,0,0,0,0,0,0,0,0,0,0,0,0,0,0,0,0,0,0,0,0,0,0,0,0,0,0,0,0,0,0,0,0,0,0,0,0,0,0,0,0,0,0,0,0,0,0,0,0,0,0,0,0,0,0,0,0,0,0,0,0,0,0,0,0,0,0,0,0,0,0,0,0,0,0,0,0,0,0,0,0,0,0,0,0,0,0,0,0,0,0,0,0,0,0,0,3,2,3,5,5,3,3,3,3,3,2,2,2,3,5,5,3,0,0,0,0,0,0,0,0,0,0,0,0,0,0,0,0,0,0,0,0,0,0,0,0,0,0,0,0,0,0,0,0,0,0,0,0,0,0,0,0,0,0,0,0,0,0,0,0,0,0,0,0,0,0,0,0,0,0,0,0,0,0,0,0,0,0,0,0,0,0,0,0,0,0,0,0,0,0,0,0,0,0,0,0,0,0,0,0,0,0,0,0,0,0,0,0,0,0,0,0,0,0,0,0,0,0,0,0,0,0,0,0,0,0,0,0,0,0,0,0,0,0,0,0,0,0,0,0,0,3,3,3,5,3,1,3,3,1,3,3,2,0,0,0,0,0,0,0,0,0,0,0,0,0,0,0,0,0,0,0,0,0,0,0,0,0,0,0,0,0,0,0,0,0,0,0,0,0,0,0,0,0,0,0,0,0,0,0,0,0,0,0,0,0,0,0,0,-0.1635531634092331,-8.541878700256348,-3.9158952236175537,6.95913028717041,5.803408622741699,-19.101991653442383,-32.62102508544922,-5.9790520668029785,25.46725273132324,-5.468036651611328,5.925236225128174,22.923389434814453,-0.7392634153366089,16.54918670654297,-35.765377044677734,0.472820520401001,24.18654441833496,-32.61853790283203,-31.736522674560547,37.34801483154297,6.828112602233887,16.522159576416016,58.69693374633789,17.650897979736328,-20.026281356811523,6.07101583480835,-20.008058547973636,-41.43232727050781,1.06486177444458,-15.611666679382324,20.12437629699707,-12.83775520324707,-16.8633975982666,0.7189135551452637,-1.199460744857788,10.130501747131348,4.312099456787109,-2.1451632976531982,22.17597007751465,24.90548515319824,5.681309700012207,4.133262634277344,-5.667023181915283,-12.49176025390625,-25.836658477783203,21.553890228271484,13.653873443603516,45.49563980102539,-8.758309364318848,0.3058720231056213,9.215253829956056,-26.530054092407227,-0.484473705291748,-20.7081356048584,-33.33551406860352,-24.56830406188965,-17.017351150512695,16.494173049926758,5.138436794281006,9.123538970947266,1.8146144151687624,-19.64807891845703,-17.849674224853516,13.898448944091797,-43.80669403076172,3.762327909469605,20.45808219909668,9.738938331604004,-20.4869327545166,-3.449622869491577,-6.3910980224609375,13.708332061767578,13.242918968200684,-32.5969123840332,-0.0890866592526435,5.97767448425293,-29.32962417602539,0.5020714998245239,12.144500732421877,2.311994791030884,22.139209747314453,1.6305447816848757,-9.552953720092772,-43.63814163208008,21.22696304321289,-14.093801498413086,-10.24412441253662,5.862852573394775,8.212648391723633,-3.775424242019653,7.035627365112305,15.204692840576172,16.99750328063965,7.105365753173828,7.648800373077393,-5.913776874542236,20.67694664001465,7.746163368225098,19.621063232421875,-9.692956924438477,-5.589266777038574,-20.738317489624023,-24.65337371826172,-11.752948760986328,13.152886390686035,-32.96832656860352,-18.301219940185547,12.62153434753418,7.149528503417969,-20.606090545654297,-21.185840606689453,16.88622283935547,8.726081848144531,-13.428739547729492,-4.555847644805908,-7.98712682723999,19.9017391204834,22.901491165161133,-1.4796708822250366,5.840215682983398,-13.120912551879885,17.50715446472168,0.720172107219696,33.60315704345703,-1.5300698280334473,-35.40709686279297,-31.99745750427246,3.263956069946289,-15.772022247314451,0.4647946357727051,1.5919140577316284,-3.3865654468536377,15.566974639892578,43.063663482666016,7.778908729553223,31.467798233032227,-3.886785507202149,-10.361650466918944,20.636707305908203,-15.051066398620604,25.100360870361328,-1.9918200969696045,-10.612475395202637,-4.157345294952393,15.039013862609863,2.0164778232574463,7.314995765686035,6.295953273773193,13.792973518371582,38.8686752319336,-4.123661041259766,19.57546806335449,16.30278968811035,-25.238283157348636,-6.089757919311523,1.545951008796692,-17.966073989868164,-3.631788492202759,0.6723083257675171,-19.92485809326172,8.964924812316895,14.937569618225098,-12.41944408416748,6.203705310821533,17.797992706298828,-25.48175811767578,14.089688301086426,-9.643922805786133,1.9758931398391724,21.202869415283203,-16.408227920532227,-22.692026138305664,37.83170700073242,-6.786369323730469,13.46126651763916,-2.127252578735352,14.71643352508545,-3.1419155597686768,-13.716629981994627,24.511489868164062,-14.17633819580078,25.833635330200195,-2.945526599884033,32.769989013671875,11.85970973968506,-11.276327133178713,3.120166540145874,2.915344715118408,-8.096598625183105,-19.08317756652832,3.533166885375977,-9.468263626098633,-20.71166038513184,2.9731154441833496,15.3267240524292,7.486581802368164,2.745122194290161,-30.419658660888672,-8.994400024414062,-9.69391632080078,0.0086485147476196,-7.470532417297363,8.401263236999512,-7.574023723602295,-7.1558837890625,-4.01711893081665,34.18243408203125,30.94056701660156,27.844539642333984,-16.952112197875977,31.101394653320312,-1.8744052648544312,37.47541427612305,-16.232519149780273,12.57608413696289,-3.5255627632141118,14.397421836853027,11.327071189880373,-9.745058059692385,15.637922286987305,9.535372734069824,-22.326190948486328,-11.97988224029541,0.6648624539375305,10.043212890625,-13.824419975280762,-3.843516349792481,-3.386073589324951,14.14836883544922,-29.5083065032959,6.9687910079956055,-2.071139097213745,-21.499467849731445,-24.177122116088867,5.473412990570068,-26.679576873779297,-6.663197040557861,-8.679372787475586,-6.081549644470215,31.05071258544922,19.15346336364746,-33.024600982666016,20.39815139770508,-9.851336479187012,-2.5214126110076904,24.792953491210938,-47.05177688598633,-17.254295349121094,2.833423376083374,13.159903526306152,-49.41253662109375,10.556438446044922,11.359247207641602,-8.770380020141602,-28.08864974975586,21.723751068115234,4.132850646972656,-19.605995178222656,34.50161361694336,-27.361940383911133,-10.860163688659668,8.49354362487793,5.1833176612854,18.52683448791504,-4.038152694702148,-26.845651626586918,-10.998456001281738,1.492761254310608,8.347305297851562,-23.08586883544922,2.0140089988708496,10.328117370605469,-13.70518970489502,3.497030973434448,-2.7500362396240234,-23.49963760375977,-10.882351875305176,-10.247288703918455,-13.400535583496094,22.439842224121094,-15.89690113067627,-20.172794342041016,-26.71283721923828,-16.1921329498291,-13.41688346862793,13.377022743225098,1.1370397806167605,-3.511012554168701,-11.942708015441896,-10.839842796325684,9.578838348388672,32.69593048095703,12.09619140625,11.222728729248049,-30.70872688293457,-18.90037727355957,-15.73727798461914,-24.006370544433597,-46.15462493896485,-4.077911376953125,1.0,1.6434526764861872
OXYR_HUMAN,CHEMBL1819541,CCC(C)C1NC(=O)C(Cc2ccc(O)cc2)NC(=O)C(N)CSSCC(C(=O)N2CCCC2C(=O)NC(CCCN)C(=O)NCC(N)=O)NC(=O)C(CC(N)=O)NC(=O)C(CCC(N)=O)NC1=O,0,0,0,0,0,0,0,0,0,0,0,0,0,0,0,0,0,0,0,0,0,0,0,0,0,0,0,0,0,0,0,0,0,0,0,0,0,0,0,0,0,0,0,0,0,0,0,0,0,0,0,0,0,0,0,0,0,0,0,0,0,0,0,0,0,0,0,0,0,0,0,0,0,0,0,0,0,0,0,0,0,0,0,0,0,0,0,0,0,0,0,0,0,0,0,0,0,0,0,0,0,0,0,0,0,0,0,0,0,0,0,0,0,0,0,0,0,0,0,0,0,0,0,0,0,0,0,0,0,0,0,0,0,0,0,0,0,0,0,0,0,0,0,0,0,0,0,0,0,0,0,0,0,0,0,0,0,0,0,0,0,0,0,0,0,0,0,0,0,0,0,0,0,0,0,0,0,0,0,0,0,0,0,0,0,2,4,1,2,2,2,2,3,2,3,2,4,2,2,3,2,0,0,0,0,0,0,0,0,0,0,0,0,0,0,0,0,3,2,2,1,0,0,0,0,0,0,0,0,0,0,0,0,0,0,0,0,0,1,1,2,4,1,3,0,0,0,0,0,0,0,0,0,0,0,5,3,0,0,0,0,0,0,0,0,0,0,0,0,0,0,0,0,0,0,0,0,0,0,0,0,0,0,0,0,0,0,0,0,0,0,0,0,0,0,0,0,0,0,0,0,0,0,0,0,0,0,0,0,0,0,0,0,0,0,0,0,0,0,0,0,0,0,0,0,0,0,0,0,0,0,0,0,0,0,0,0,0,0,0,0,0,0,0,0,0,0,0,0,0,0,0,0,0,0,0,0,0,0,0,0,0,0,0,0,0,0,0,0,0,0,0,0,0,0,0,0,0,0,0,0,0,0,0,0,0,0,0,0,0,0,0,0,0,0,0,0,0,0,0,0,0,0,0,0,0,0,0,0,0,0,0,0,0,0,0,0,0,0,0,0,0,0,0,0,0,0,0,0,0,0,0,0,2,1,1,1,5,5,3,0,0,0,0,0,0,0,0,0,0,0,0,0,0,0,0,0,0,0,0,0,0,0,0,0,0,0,0,0,0,0,0,0,0,0,0,0,0,0,0,0,0,0,0,0,0,0,0,0,0,0,0,0,0,0,0,0,0,0,0,0,0,0,0,0,0,0,0,0,0,0,0,0,0,0,0,0,0,0,0,0,0,0,0,0,0,0,0,0,0,0,0,0,0,0,0,0,0,0,0,0,0,0,0,0,0,0,0,0,0,0,0,0,0,0,0,0,0,0,0,0,0,0,0,0,0,0,0,0,0,0,0,0,0,0,0,0,0,0,0,0,0,0,0,0,0,0,0,0,4,2,2,2,5,2,4,2,0,0,0,0,0,0,0,0,0,0,0,0,0,0,0,0,0,2,2,2,1,2,0,2,2,0,0,0,0,0,0,0,0,0,0,0,2,2,2,2,3,1,3,2,1,0,0,0,0,0,0,2,2,2,2,2,0,0,5,0,0,0,0,3,3,0,0,0,0,0,0,0,0,0,0,0,5,3,5,5,0,0,0,0,0,3,0,0,0,0,0,0,0,5,2,2,2,2,2,5,0,0,0,0,0,0,0,0,0,0,0,0,0,0,0,5,2,3,0,2,2,4,0,0,0,0,0,0,0,0,0,0,0,0,0,0,0,0,0,0,0,0,0,0,0,0,0,0,0,0,0,0,0,0,2,2,2,2,2,2,3,2,2,0,0,0,0,0,0,0,0,0,0,0,0,0,0,0,0,0,0,0,0,0,0,0,0,1,3,2,2,0,0,0,0,0,0,0,0,0,0,0,0,0,0,0,0,0,0,0,0,0,0,0,0,0,0,0,0,0,2,4,2,3,2,5,2,2,1,0,1,4,2,0,0,0,0,0,2,1,0,0,0,0,0,0,0,0,0,0,0,0,0,0,0,0,0,0,0,0,0,0,0,0,0,0,0,0,0,0,0,0,0,0,0,0,0,0,0,0,0,0,0,0,0,0,0,5,0,2,2,5,0,2,2,3,2,2,1,2,2,2,0,0,0,3,3,2,2,0,0,0,0,0,0,0,0,0,0,0,0,2,2,0,0,0,0,0,0,0,0,0,0,0,0,0,0,0,0,0,0,0,0,0,0,0,0,0,0,0,0,0,0,0,2,2,3,2,4,5,0,0,0,0,0,0,0,0,0,0,0,0,0,0,0,0,0,0,0,0,0,0,0,0,0,0,0,0,0,0,0,0,0,0,1,0,0,0,0,0,0,0,0,0,0,0,0,0,0,0,0,0,0,0,0,0,0,0,0,0,0,2,2,0,0,0,0,0,0,2,0,1,3,1,2,0,0,0,0,0,0,0,0,0,0,0,0,0,0,0,0,0,0,0,0,0,0,0,0,0,0,0,0,5,3,0,0,0,0,2,5,5,0,0,5,3,0,0,0,0,0,0,0,0,0,0,0,0,0,0,0,4,5,0,0,0,0,2,2,2,0,0,0,0,2,2,3,2,2,0,0,0,1,1,2,2,2,3,0,0,2,1,3,2,5,0,0,0,0,0,0,0,0,0,0,0,0,2,2,3,0,0,0,0,0,0,0,0,0,0,0,0,0,0,0,0,0,0,0,0,0,0,0,0,0,0,0,0,0,0,0,0,0,0,0,0,0,0,0,2,5,0,0,0,0,4,0,0,0,0,0,0,0,0,0,0,0,0,0,0,0,0,0,0,0,0,0,0,0,0,0,0,0,0,0,0,0,0,0,0,0,0,0,0,0,0,0,0,0,0,0,0,0,0,0,0,0,0,0,0,0,0,0,0,0,0,0,0,0,0,0,0,0,0,0,0,0,0,0,0,0,0,0,0,0,0,0,0,0,0,0,0,0,0,0,0,0,0,0,2,2,0,0,4,1,2,2,4,0,0,0,0,0,1,2,2,2,0,0,0,0,0,0,0,0,0,0,0,0,0,0,0,0,0,0,0,0,0,0,0,0,0,0,0,0,0,0,0,0,0,0,0,0,0,0,0,0,0,0,0,2,2,0,0,0,0,0,0,0,0,0,0,0,0,0,0,0,0,3,1,2,1,1,0,0,0,0,5,0,0,0,0,0,0,0,2,2,0,0,0,0,0,0,0,0,2,3,2,2,0,0,0,3,2,2,2,2,0,2,2,1,2,2,0,2,2,0,0,0,0,0,0,0,0,0,0,0,0,0,0,0,0,0,0,2,2,1,0,0,0,0,0,0,0,0,0,0,0,0,0,0,0,0,2,1,2,2,3,2,0,0,0,0,0,0,0,5,2,0,0,0,0,0,0,0,0,0,0,0,0,0,0,0,0,2,3,0,0,0,0,0,0,0,0,0,0,0,0,0,0,0,0,0,0,0,0,0,0,0,0,0,0,0,0,0,0,0,0,0,0,0,0,0,0,0,0,0,0,0,3,2,5,2,0,0,0,0,0,0,0,0,0,0,0,0,0,0,0,0,0,0,0,0,0,0,0,0,0,0,0,0,0,0,0,0,0,0,0,0,0,0,0,0,0,0,0,0,0,0,0,0,0,0,0,0,0,0,0,0,0,0,0,0,0,0,0,0,0,0,0,0,0,0,0,0,0,0,0,0,0,0,0,0,0,0,0,0,0,0,0,0,0,0,0,0,0,0,0,0,0,0,0,0,0,0,0,0,0,0,0,0,0,0,0,0,0,0,0,0,0,0,0,0,0,0,0,0,0,0,0,0,0,0,0,0,0,0,0,0,0,0,0,5,3,2,2,2,2,2,2,4,2,1,4,1,2,2,2,1,4,1,1,5,2,2,2,2,5,2,3,3,2,5,2,2,3,5,0,0,0,0,0,0,0,0,0,0,0,0,0,0,0,0,0,0,0,0,0,0,0,2,5,2,5,3,2,0,0,0,0,0,0,0,0,5,0,0,0,2,3,2,2,2,2,0,0,0,0,0,2,2,2,2,2,0,0,0,1,2,3,1,2,2,2,0,0,0,0,0,2,3,2,2,3,2,2,4,2,0,0,0,0,0,0,0,0,3,2,1,5,4,2,0,0,0,0,3,0,0,0,0,0,0,0,0,0,0,0,0,0,0,0,0,0,2,0,0,2,0,0,0,0,0,0,0,0,0,0,0,0,0,0,0,0,0,0,0,0,0,0,0,0,0,0,0,0,0,0,0,0,0,0,0,0,0,0,0,0,0,0,0,0,0,0,0,0,0,0,0,0,0,0,0,0,0,0,0,0,0,0,0,0,0,0,0,0,0,0,0,0,0,0,0,0,0,2,2,0,2,0,0,0,0,0,2,2,2,0,2,3,2,3,3,1,1,3,1,2,2,0,0,0,0,0,0,0,2,2,2,2,3,1,5,2,2,5,0,4,2,0,0,0,0,2,3,5,2,0,0,0,0,0,0,0,0,0,0,0,0,0,0,0,0,0,0,0,0,0,0,0,0,0,0,0,0,0,0,0,0,0,0,0,0,0,0,0,0,0,0,0,0,0,0,0,0,0,0,0,0,0,0,0,0,0,0,0,0,0,0,0,0,0,0,0,0,0,0,0,0,0,0,0,0,0,0,0,0,0,0,0,0,0,0,0,0,0,0,0,0,0,0,0,0,2,1,1,3,2,3,2,2,5,1,5,5,2,1,4,3,0,0,0,0,0,0,0,0,0,0,0,0,0,0,0,0,0,0,0,0,0,0,0,0,0,0,0,0,0,0,0,0,0,0,0,0,0,0,0,0,0,0,0,0,0,0,0,0,0,0,0,0,0,0,0,0,0,0,0,0,0,0,0,0,0,0,0,0,0,0,0,0,0,0,0,0,0,0,0,0,0,0,0,0,0,0,0,0,0,0,0,0,0,0,0,0,0,0,0,0,0,0,0,0,0,0,0,0,0,0,0,0,0,0,0,0,0,0,0,0,0,0,0,0,0,0,0,0,0,0,0,0,0,0,0,0,0,0,0,0,0,0,0,0,0,0,0,0,0,0,0,0,0,0,0,0,0,0,0,0,0,0,0,0,0,0,0,0,0,0,0,0,0,0,0,0,0,0,0,0,0,0,0,0,0,0,0,0,0,0,0,0,0,0,0,0,0,0,0,0,0,0,0,0,0,0,0,0,0,0,0,0,0,0,0,0,0,0,0,0,0,0,0,0,0,0,0,0,0,0,0,0,0,0,0,0,0,0,0,0,0,0,0,0,0,0,0,0,0,0,0,0,0,0,0,0,0,0,0,0,0,0,0,0,0,0,0,0,0,0,0,0,0,0,0,0,0,0,0,0,0,0,0,0,3,2,3,5,5,3,3,3,3,3,2,2,2,3,5,5,3,0,0,0,0,0,0,0,0,0,0,0,0,0,0,0,0,0,0,0,0,0,0,0,0,0,0,0,0,0,0,0,0,0,0,0,0,0,0,0,0,0,0,0,0,0,0,0,0,0,0,0,0,0,0,0,0,0,0,0,0,0,0,0,0,0,0,0,0,0,0,0,0,0,0,0,0,0,0,0,0,0,0,0,0,0,0,0,0,0,0,0,0,0,0,0,0,0,0,0,0,0,0,0,0,0,0,0,0,0,0,0,0,0,0,0,0,0,0,0,0,0,0,0,0,0,0,0,0,0,3,3,3,5,3,1,3,3,1,3,3,2,0,0,0,0,0,0,0,0,0,0,0,0,0,0,0,0,0,0,0,0,0,0,0,0,0,0,0,0,0,0,0,0,0,0,0,0,0,0,0,0,0,0,0,0,0,0,0,0,0,0,0,0,0,0,0,0,1.2352043390274048,-6.799065113067627,-3.899413824081421,6.770120620727539,4.65428352355957,-18.83597755432129,-30.908531188964844,-4.6961846351623535,22.513242721557617,-3.6559479236602783,4.716412544250488,20.811641693115234,-0.6029001474380493,16.00259780883789,-34.60400390625,2.9677700996398926,22.62614631652832,-30.59467887878418,-32.29991149902344,37.0982551574707,6.601680278778076,13.49067211151123,57.01405715942383,17.57476806640625,-18.94723892211914,4.900391101837158,-19.786693572998047,-37.7853889465332,0.4053526520729065,-14.970622062683104,20.25943946838379,-12.19552516937256,-15.447790145874023,1.8603947162628172,-1.7191975116729736,11.648046493530272,4.549209117889404,-2.433074712753296,20.82526397705078,24.04548072814941,4.610659122467041,3.576666831970215,-5.180950164794922,-9.480999946594238,-24.82743453979492,21.11143112182617,12.942421913146973,42.33860397338867,-8.547012329101562,-0.4641818404197693,9.044795989990234,-24.13622283935547,-0.4874356985092163,-18.56646728515625,-32.325965881347656,-22.95625305175781,-17.08080291748047,15.015780448913574,4.9060893058776855,9.334118843078612,0.951366662979126,-20.118906021118164,-15.752237319946287,14.961956024169922,-41.96595764160156,3.4334990978240967,19.659013748168945,9.04558277130127,-18.3737907409668,-3.3986830711364746,-5.671103000640869,14.99938678741455,12.491477966308594,-30.819433212280277,0.1216862425208091,5.115997791290283,-25.920562744140625,1.043402910232544,11.356572151184082,1.5537108182907104,20.555233001708984,2.49120569229126,-10.680389404296877,-42.221981048583984,22.088117599487305,-15.359091758728027,-9.098307609558104,6.986612796783447,7.886911869049072,-1.1413253545761108,5.988699913024902,12.655736923217772,14.459449768066406,5.927979946136475,5.650326728820801,-6.564492702484131,19.0279598236084,7.712820053100586,16.81681251525879,-10.36114501953125,-4.704709529876709,-20.064428329467773,-24.31221008300781,-10.705543518066406,11.6080904006958,-30.83024406433105,-16.268701553344727,11.013477325439451,6.76827335357666,-19.324764251708984,-20.681123733520508,15.299938201904297,6.27914571762085,-12.196486473083496,-6.236645698547363,-9.153239250183104,18.39902114868164,21.777795791625977,-3.56900954246521,2.262747049331665,-11.828058242797852,17.362234115600586,0.8103491067886353,34.99235916137695,-2.588690996170044,-32.26264572143555,-30.437849044799805,5.066835403442383,-14.771482467651367,1.0889813899993896,2.583379983901977,-5.6154656410217285,14.995233535766602,39.12087631225586,7.931349277496338,29.64278984069824,-4.573525905609131,-8.967058181762695,18.07763671875,-13.894804954528809,23.375926971435547,-2.8759424686431885,-9.736470222473145,-4.569168567657471,13.03555965423584,0.662038266658783,4.533961296081543,6.632468700408936,11.945630073547363,37.19210815429688,-3.207718849182129,18.79983711242676,15.79624366760254,-22.739675521850582,-6.403580188751221,0.1259367763996124,-16.38336753845215,-0.872275173664093,1.6280676126480105,-18.717079162597656,9.94907283782959,13.56141471862793,-12.6547269821167,5.5564961433410645,18.047441482543945,-25.900150299072266,13.14102554321289,-9.345345497131348,2.241475820541382,17.602115631103516,-13.833389282226562,-20.782054901123047,34.789344787597656,-6.6620941162109375,14.082250595092772,-3.986458539962769,13.629681587219238,-3.4630701541900635,-13.097390174865724,22.45801544189453,-13.221847534179688,23.770416259765625,-3.072871685028076,31.20958709716797,10.91646957397461,-10.635610580444336,2.082449436187744,2.8064632415771484,-6.255980491638184,-18.796815872192383,3.442573070526123,-8.977866172790527,-19.58418655395508,3.875165700912476,13.776609420776367,5.298840522766113,2.780285120010376,-26.928056716918945,-9.34740161895752,-8.687067031860352,0.0929415225982666,-8.05871295928955,6.632401466369629,-5.565986156463623,-6.424787521362305,-4.344414234161377,31.815317153930664,30.16889762878418,28.17244529724121,-15.76707935333252,28.7933406829834,-1.605430006980896,33.95415115356445,-17.023906707763672,10.659589767456056,-3.304193019866944,11.459547996520996,11.492423057556152,-9.69406509399414,17.241714477539062,8.79897403717041,-22.02663993835449,-10.205798149108888,1.9453049898147583,8.43562126159668,-11.920432090759276,-3.5875887870788574,-3.14951229095459,11.934925079345703,-26.744844436645508,8.168244361877441,-1.5995535850524902,-20.42932510375977,-24.129199981689453,6.802477836608887,-26.162670135498047,-5.213277339935303,-9.690017700195312,-6.495097637176514,27.86063766479492,17.49126625061035,-29.696365356445312,21.405067443847656,-7.925623416900635,-2.8682572841644287,25.120248794555664,-44.06339263916016,-16.600088119506836,3.500905752182007,14.935888290405272,-46.948516845703125,10.373576164245604,11.981707572937012,-7.786976337432861,-26.815013885498047,22.54431915283203,3.533453226089477,-17.45047950744629,33.08714294433594,-25.00589942932129,-11.063343048095703,6.180646896362305,6.323423862457275,17.294565200805664,-5.433621883392334,-27.68041038513184,-10.378016471862791,0.8960038423538208,4.743063926696777,-20.99766540527344,3.263540983200073,10.310336112976074,-11.939759254455566,3.370436906814575,-2.5973660945892334,-22.00557327270508,-10.309500694274902,-9.92313003540039,-11.90333366394043,22.23371124267578,-13.80077075958252,-19.81813240051269,-25.45547866821289,-14.97372341156006,-12.729019165039062,12.68955898284912,0.4677692055702209,-3.486013412475586,-10.446863174438477,-10.61561107635498,8.42334270477295,32.82848358154297,10.868370056152344,11.802081108093262,-31.04107093811035,-19.004064559936523,-16.529884338378906,-22.545822143554688,-43.79280853271485,-2.967602014541626,1.0,0.5185139398778874
OXYR_HUMAN,CHEMBL435716,CCC(C)C1NC(=O)C(Cc2ccc(O)cc2)NC(=O)CCSSCC(C(=O)N2CCCC2C(=O)NC(CC(C)C)C(=O)NCC(N)=O)NC(=O)C(CC(N)=O)NC(=O)C(CCC(N)=O)NC1=O,0,0,0,0,0,0,0,0,0,0,0,0,0,0,0,0,0,0,0,0,0,0,0,0,0,0,0,0,0,0,0,0,0,0,0,0,0,0,0,0,0,0,0,0,0,0,0,0,0,0,0,0,0,0,0,0,0,0,0,0,0,0,0,0,0,0,0,0,0,0,0,0,0,0,0,0,0,0,0,0,0,0,0,0,0,0,0,0,0,0,0,0,0,0,0,0,0,0,0,0,0,0,0,0,0,0,0,0,0,0,0,0,0,0,0,0,0,0,0,0,0,0,0,0,0,0,0,0,0,0,0,0,0,0,0,0,0,0,0,0,0,0,0,0,0,0,0,0,0,0,0,0,0,0,0,0,0,0,0,0,0,0,0,0,0,0,0,0,0,0,0,0,0,0,0,0,0,0,0,0,0,0,0,0,0,2,4,1,2,2,2,2,3,2,3,2,4,2,2,3,2,0,0,0,0,0,0,0,0,0,0,0,0,0,0,0,0,3,2,2,1,0,0,0,0,0,0,0,0,0,0,0,0,0,0,0,0,0,1,1,2,4,1,3,0,0,0,0,0,0,0,0,0,0,0,5,3,0,0,0,0,0,0,0,0,0,0,0,0,0,0,0,0,0,0,0,0,0,0,0,0,0,0,0,0,0,0,0,0,0,0,0,0,0,0,0,0,0,0,0,0,0,0,0,0,0,0,0,0,0,0,0,0,0,0,0,0,0,0,0,0,0,0,0,0,0,0,0,0,0,0,0,0,0,0,0,0,0,0,0,0,0,0,0,0,0,0,0,0,0,0,0,0,0,0,0,0,0,0,0,0,0,0,0,0,0,0,0,0,0,0,0,0,0,0,0,0,0,0,0,0,0,0,0,0,0,0,0,0,0,0,0,0,0,0,0,0,0,0,0,0,0,0,0,0,0,0,0,0,0,0,0,0,0,0,0,0,0,0,0,0,0,0,0,0,0,0,0,0,0,0,0,0,2,1,1,1,5,5,3,0,0,0,0,0,0,0,0,0,0,0,0,0,0,0,0,0,0,0,0,0,0,0,0,0,0,0,0,0,0,0,0,0,0,0,0,0,0,0,0,0,0,0,0,0,0,0,0,0,0,0,0,0,0,0,0,0,0,0,0,0,0,0,0,0,0,0,0,0,0,0,0,0,0,0,0,0,0,0,0,0,0,0,0,0,0,0,0,0,0,0,0,0,0,0,0,0,0,0,0,0,0,0,0,0,0,0,0,0,0,0,0,0,0,0,0,0,0,0,0,0,0,0,0,0,0,0,0,0,0,0,0,0,0,0,0,0,0,0,0,0,0,0,0,0,0,0,0,0,4,2,2,2,5,2,4,2,0,0,0,0,0,0,0,0,0,0,0,0,0,0,0,0,0,2,2,2,1,2,0,2,2,0,0,0,0,0,0,0,0,0,0,0,2,2,2,2,3,1,3,2,1,0,0,0,0,0,0,2,2,2,2,2,0,0,5,0,0,0,0,3,3,0,0,0,0,0,0,0,0,0,0,0,5,3,5,5,0,0,0,0,0,3,0,0,0,0,0,0,0,5,2,2,2,2,2,5,0,0,0,0,0,0,0,0,0,0,0,0,0,0,0,5,2,3,0,2,2,4,0,0,0,0,0,0,0,0,0,0,0,0,0,0,0,0,0,0,0,0,0,0,0,0,0,0,0,0,0,0,0,0,2,2,2,2,2,2,3,2,2,0,0,0,0,0,0,0,0,0,0,0,0,0,0,0,0,0,0,0,0,0,0,0,0,1,3,2,2,0,0,0,0,0,0,0,0,0,0,0,0,0,0,0,0,0,0,0,0,0,0,0,0,0,0,0,0,0,2,4,2,3,2,5,2,2,1,0,1,4,2,0,0,0,0,0,2,1,0,0,0,0,0,0,0,0,0,0,0,0,0,0,0,0,0,0,0,0,0,0,0,0,0,0,0,0,0,0,0,0,0,0,0,0,0,0,0,0,0,0,0,0,0,0,0,5,0,2,2,5,0,2,2,3,2,2,1,2,2,2,0,0,0,3,3,2,2,0,0,0,0,0,0,0,0,0,0,0,0,2,2,0,0,0,0,0,0,0,0,0,0,0,0,0,0,0,0,0,0,0,0,0,0,0,0,0,0,0,0,0,0,0,2,2,3,2,4,5,0,0,0,0,0,0,0,0,0,0,0,0,0,0,0,0,0,0,0,0,0,0,0,0,0,0,0,0,0,0,0,0,0,0,1,0,0,0,0,0,0,0,0,0,0,0,0,0,0,0,0,0,0,0,0,0,0,0,0,0,0,2,2,0,0,0,0,0,0,2,0,1,3,1,2,0,0,0,0,0,0,0,0,0,0,0,0,0,0,0,0,0,0,0,0,0,0,0,0,0,0,0,0,5,3,0,0,0,0,2,5,5,0,0,5,3,0,0,0,0,0,0,0,0,0,0,0,0,0,0,0,4,5,0,0,0,0,2,2,2,0,0,0,0,2,2,3,2,2,0,0,0,1,1,2,2,2,3,0,0,2,1,3,2,5,0,0,0,0,0,0,0,0,0,0,0,0,2,2,3,0,0,0,0,0,0,0,0,0,0,0,0,0,0,0,0,0,0,0,0,0,0,0,0,0,0,0,0,0,0,0,0,0,0,0,0,0,0,0,2,5,0,0,0,0,4,0,0,0,0,0,0,0,0,0,0,0,0,0,0,0,0,0,0,0,0,0,0,0,0,0,0,0,0,0,0,0,0,0,0,0,0,0,0,0,0,0,0,0,0,0,0,0,0,0,0,0,0,0,0,0,0,0,0,0,0,0,0,0,0,0,0,0,0,0,0,0,0,0,0,0,0,0,0,0,0,0,0,0,0,0,0,0,0,0,0,0,0,0,2,2,0,0,4,1,2,2,4,0,0,0,0,0,1,2,2,2,0,0,0,0,0,0,0,0,0,0,0,0,0,0,0,0,0,0,0,0,0,0,0,0,0,0,0,0,0,0,0,0,0,0,0,0,0,0,0,0,0,0,0,2,2,0,0,0,0,0,0,0,0,0,0,0,0,0,0,0,0,3,1,2,1,1,0,0,0,0,5,0,0,0,0,0,0,0,2,2,0,0,0,0,0,0,0,0,2,3,2,2,0,0,0,3,2,2,2,2,0,2,2,1,2,2,0,2,2,0,0,0,0,0,0,0,0,0,0,0,0,0,0,0,0,0,0,2,2,1,0,0,0,0,0,0,0,0,0,0,0,0,0,0,0,0,2,1,2,2,3,2,0,0,0,0,0,0,0,5,2,0,0,0,0,0,0,0,0,0,0,0,0,0,0,0,0,2,3,0,0,0,0,0,0,0,0,0,0,0,0,0,0,0,0,0,0,0,0,0,0,0,0,0,0,0,0,0,0,0,0,0,0,0,0,0,0,0,0,0,0,0,3,2,5,2,0,0,0,0,0,0,0,0,0,0,0,0,0,0,0,0,0,0,0,0,0,0,0,0,0,0,0,0,0,0,0,0,0,0,0,0,0,0,0,0,0,0,0,0,0,0,0,0,0,0,0,0,0,0,0,0,0,0,0,0,0,0,0,0,0,0,0,0,0,0,0,0,0,0,0,0,0,0,0,0,0,0,0,0,0,0,0,0,0,0,0,0,0,0,0,0,0,0,0,0,0,0,0,0,0,0,0,0,0,0,0,0,0,0,0,0,0,0,0,0,0,0,0,0,0,0,0,0,0,0,0,0,0,0,0,0,0,0,0,5,3,2,2,2,2,2,2,4,2,1,4,1,2,2,2,1,4,1,1,5,2,2,2,2,5,2,3,3,2,5,2,2,3,5,0,0,0,0,0,0,0,0,0,0,0,0,0,0,0,0,0,0,0,0,0,0,0,2,5,2,5,3,2,0,0,0,0,0,0,0,0,5,0,0,0,2,3,2,2,2,2,0,0,0,0,0,2,2,2,2,2,0,0,0,1,2,3,1,2,2,2,0,0,0,0,0,2,3,2,2,3,2,2,4,2,0,0,0,0,0,0,0,0,3,2,1,5,4,2,0,0,0,0,3,0,0,0,0,0,0,0,0,0,0,0,0,0,0,0,0,0,2,0,0,2,0,0,0,0,0,0,0,0,0,0,0,0,0,0,0,0,0,0,0,0,0,0,0,0,0,0,0,0,0,0,0,0,0,0,0,0,0,0,0,0,0,0,0,0,0,0,0,0,0,0,0,0,0,0,0,0,0,0,0,0,0,0,0,0,0,0,0,0,0,0,0,0,0,0,0,0,0,2,2,0,2,0,0,0,0,0,2,2,2,0,2,3,2,3,3,1,1,3,1,2,2,0,0,0,0,0,0,0,2,2,2,2,3,1,5,2,2,5,0,4,2,0,0,0,0,2,3,5,2,0,0,0,0,0,0,0,0,0,0,0,0,0,0,0,0,0,0,0,0,0,0,0,0,0,0,0,0,0,0,0,0,0,0,0,0,0,0,0,0,0,0,0,0,0,0,0,0,0,0,0,0,0,0,0,0,0,0,0,0,0,0,0,0,0,0,0,0,0,0,0,0,0,0,0,0,0,0,0,0,0,0,0,0,0,0,0,0,0,0,0,0,0,0,0,0,2,1,1,3,2,3,2,2,5,1,5,5,2,1,4,3,0,0,0,0,0,0,0,0,0,0,0,0,0,0,0,0,0,0,0,0,0,0,0,0,0,0,0,0,0,0,0,0,0,0,0,0,0,0,0,0,0,0,0,0,0,0,0,0,0,0,0,0,0,0,0,0,0,0,0,0,0,0,0,0,0,0,0,0,0,0,0,0,0,0,0,0,0,0,0,0,0,0,0,0,0,0,0,0,0,0,0,0,0,0,0,0,0,0,0,0,0,0,0,0,0,0,0,0,0,0,0,0,0,0,0,0,0,0,0,0,0,0,0,0,0,0,0,0,0,0,0,0,0,0,0,0,0,0,0,0,0,0,0,0,0,0,0,0,0,0,0,0,0,0,0,0,0,0,0,0,0,0,0,0,0,0,0,0,0,0,0,0,0,0,0,0,0,0,0,0,0,0,0,0,0,0,0,0,0,0,0,0,0,0,0,0,0,0,0,0,0,0,0,0,0,0,0,0,0,0,0,0,0,0,0,0,0,0,0,0,0,0,0,0,0,0,0,0,0,0,0,0,0,0,0,0,0,0,0,0,0,0,0,0,0,0,0,0,0,0,0,0,0,0,0,0,0,0,0,0,0,0,0,0,0,0,0,0,0,0,0,0,0,0,0,0,0,0,0,0,0,0,0,0,3,2,3,5,5,3,3,3,3,3,2,2,2,3,5,5,3,0,0,0,0,0,0,0,0,0,0,0,0,0,0,0,0,0,0,0,0,0,0,0,0,0,0,0,0,0,0,0,0,0,0,0,0,0,0,0,0,0,0,0,0,0,0,0,0,0,0,0,0,0,0,0,0,0,0,0,0,0,0,0,0,0,0,0,0,0,0,0,0,0,0,0,0,0,0,0,0,0,0,0,0,0,0,0,0,0,0,0,0,0,0,0,0,0,0,0,0,0,0,0,0,0,0,0,0,0,0,0,0,0,0,0,0,0,0,0,0,0,0,0,0,0,0,0,0,0,3,3,3,5,3,1,3,3,1,3,3,2,0,0,0,0,0,0,0,0,0,0,0,0,0,0,0,0,0,0,0,0,0,0,0,0,0,0,0,0,0,0,0,0,0,0,0,0,0,0,0,0,0,0,0,0,0,0,0,0,0,0,0,0,0,0,0,0,1.6688369512557983,-6.853531360626221,-4.529476165771484,6.619172096252441,3.6324071884155273,-17.9785099029541,-29.17388153076172,-5.109398365020752,23.709333419799805,-3.5967109203338623,4.237626552581787,20.33136367797852,0.2058372497558593,14.44207000732422,-30.64755630493164,0.069479689002037,22.40397071838379,-28.185283660888672,-30.968669891357425,35.849609375,7.69870662689209,16.36695671081543,54.92032623291016,15.59731388092041,-18.25365447998047,5.899169445037842,-17.842456817626953,-35.76078414916992,1.7594317197799685,-14.886445045471191,20.045312881469727,-10.056696891784668,-16.617679595947266,2.809987068176269,-2.2922956943511963,10.519969940185549,4.612051963806152,-3.185849905014038,19.85702514648437,20.66587257385254,2.7150158882141118,3.574857234954834,-4.762513637542725,-10.73866844177246,-24.763484954833984,20.30448341369629,11.250555038452148,39.21413040161133,-9.177014350891112,-0.1235238909721374,9.343031883239746,-24.90617561340332,0.3969244062900543,-18.372989654541016,-33.024147033691406,-22.5552978515625,-16.41714096069336,15.291780471801758,5.337888717651367,9.964902877807615,1.9517112970352173,-17.943819046020508,-17.812618255615234,14.099629402160645,-41.566497802734375,4.74925422668457,19.471189498901367,9.42513942718506,-17.47454833984375,-0.5719437003135681,-6.851691722869873,13.985618591308594,13.59228801727295,-30.30426597595215,0.2199577391147613,5.621182441711426,-26.14022254943848,0.5001006126403809,8.374260902404785,0.5966344475746155,18.78306770324707,0.4660906791687011,-9.047684669494627,-38.90937805175781,20.3977108001709,-13.881481170654297,-10.991397857666016,5.328332424163818,8.453182220458984,-2.662017583847046,5.396766662597656,14.188955307006836,13.944131851196287,5.379608631134033,7.504680633544922,-3.556715726852417,19.514108657836918,10.45907497406006,18.24595642089844,-9.468704223632812,-7.671924591064453,-20.6657657623291,-24.158565521240234,-12.136805534362791,11.90284538269043,-30.556554794311523,-15.029909133911133,11.989602088928224,7.704707145690918,-19.11054229736328,-19.63573455810547,15.660881042480469,7.854556083679199,-12.73060703277588,-5.379411220550537,-8.282744407653809,18.73883056640625,21.73237991333008,-3.311931848526001,5.215023040771484,-11.914142608642578,15.794967651367188,1.0079525709152222,32.84092712402344,-0.0753480195999145,-33.84477233886719,-28.84015274047852,4.503691673278809,-15.320941925048828,-0.3665168285369873,2.075662612915039,-4.589257717132568,14.01249885559082,39.248931884765625,6.0051589012146,31.629247665405277,-3.1553258895874023,-8.830155372619629,18.463354110717773,-13.411462783813477,23.347972869873047,-2.434931993484497,-10.49527359008789,-5.566635608673096,13.545392036437988,3.431607246398926,6.114315032958984,6.967161178588867,11.23888111114502,34.66900634765625,-3.0127010345458984,17.02781867980957,16.519140243530273,-22.95820426940918,-4.987314701080322,0.1612665355205536,-16.93655776977539,-3.067638635635376,-0.1161296814680099,-17.700027465820312,7.770677089691162,12.683424949645996,-11.920666694641112,6.657735347747803,16.990921020507812,-25.619792938232425,12.311654090881348,-8.55811882019043,2.295508623123169,16.4632511138916,-13.912015914916992,-20.86141014099121,34.46247863769531,-4.50295352935791,14.213700294494627,-4.67017936706543,14.194536209106444,-3.0932061672210693,-12.101350784301758,20.21581649780273,-12.527031898498535,23.86139297485352,-1.887234807014465,29.59894180297852,11.262484550476074,-9.442956924438477,2.8048770427703857,2.2583467960357666,-5.692792892456055,-19.18343544006348,3.2057223320007324,-7.241087436676025,-18.577049255371094,5.32299280166626,12.575521469116213,5.721282958984375,0.8224116563796997,-27.80118560791016,-8.771679878234863,-10.242642402648926,-0.8680223822593689,-6.459661483764648,8.277253150939941,-5.701379299163818,-2.3656458854675293,-5.689062595367432,32.03529739379883,27.914087295532227,26.114795684814453,-14.476759910583496,30.049760818481445,-0.3815212249755859,33.2518196105957,-15.821653366088867,11.614911079406738,-3.4216933250427246,11.783610343933104,10.643834114074709,-10.371688842773438,15.170223236083984,11.702263832092283,-20.74785041809082,-9.169245719909668,1.4987305402755735,7.491793632507324,-13.66331958770752,-3.392621755599976,-3.3044934272766118,11.555734634399414,-26.54100227355957,6.584615707397461,-3.797309637069702,-20.20145606994629,-23.506547927856445,4.770737171173096,-25.44271850585937,-5.2719550132751465,-8.245530128479004,-8.330496788024902,28.83696746826172,19.189882278442383,-27.202136993408203,20.42290496826172,-7.4148268699646,-3.8073580265045166,23.179630279541016,-41.73519515991211,-15.324776649475098,2.36614727973938,12.275148391723633,-46.0533332824707,11.24838638305664,10.80217170715332,-7.6955766677856445,-25.194355010986328,19.828481674194336,3.427250385284424,-16.889986038208008,32.53036117553711,-26.089506149291992,-8.2825927734375,7.031838417053223,3.1047253608703613,16.910768508911133,-3.731261730194092,-24.110570907592773,-9.392291069030762,2.884883165359497,5.776990413665772,-20.810447692871094,3.871840238571167,12.049217224121094,-13.324981689453123,2.540567636489868,-0.7104069590568542,-21.37660217285156,-10.225996971130373,-9.101548194885254,-11.249589920043944,19.67899703979492,-13.95635986328125,-18.807640075683597,-23.782615661621094,-14.26097583770752,-12.211553573608398,13.575516700744627,0.5211010575294495,-2.801855087280273,-11.735259056091309,-9.30836296081543,7.917614459991455,32.217918395996094,9.826299667358398,9.58104419708252,-29.396265029907227,-19.174095153808597,-16.08695411682129,-22.485795974731445,-42.56488037109375,-1.3759227991104126,1.0,0.01
OXYR_HUMAN,CHEMBL200792,O=C(CN(c1ccc(Cl)cc1)S(=O)(=O)c1ccccc1)NNC=C1C=CC=CC1=O,0,0,0,0,0,0,0,0,0,0,0,0,0,0,0,0,0,0,0,0,0,0,0,0,0,0,0,0,0,0,0,0,0,0,0,0,0,0,0,0,0,0,0,0,0,0,0,0,0,0,0,0,0,0,0,0,0,0,0,0,0,0,0,0,0,0,0,0,0,0,0,0,0,0,0,0,0,0,0,0,0,0,0,0,0,0,0,0,0,0,0,0,0,0,0,0,0,0,0,0,0,0,0,0,0,0,0,0,0,0,0,0,0,0,0,0,0,0,0,0,0,0,0,0,0,0,0,0,0,0,0,0,0,0,0,0,0,0,0,0,0,0,0,0,0,0,0,0,0,0,0,0,0,0,0,0,0,0,0,0,0,0,0,0,0,0,0,0,0,0,0,0,0,0,0,0,0,0,0,0,0,0,0,0,0,2,4,1,2,2,2,2,3,2,3,2,4,2,2,3,2,0,0,0,0,0,0,0,0,0,0,0,0,0,0,0,0,3,2,2,1,0,0,0,0,0,0,0,0,0,0,0,0,0,0,0,0,0,1,1,2,4,1,3,0,0,0,0,0,0,0,0,0,0,0,5,3,0,0,0,0,0,0,0,0,0,0,0,0,0,0,0,0,0,0,0,0,0,0,0,0,0,0,0,0,0,0,0,0,0,0,0,0,0,0,0,0,0,0,0,0,0,0,0,0,0,0,0,0,0,0,0,0,0,0,0,0,0,0,0,0,0,0,0,0,0,0,0,0,0,0,0,0,0,0,0,0,0,0,0,0,0,0,0,0,0,0,0,0,0,0,0,0,0,0,0,0,0,0,0,0,0,0,0,0,0,0,0,0,0,0,0,0,0,0,0,0,0,0,0,0,0,0,0,0,0,0,0,0,0,0,0,0,0,0,0,0,0,0,0,0,0,0,0,0,0,0,0,0,0,0,0,0,0,0,0,0,0,0,0,0,0,0,0,0,0,0,0,0,0,0,0,0,2,1,1,1,5,5,3,0,0,0,0,0,0,0,0,0,0,0,0,0,0,0,0,0,0,0,0,0,0,0,0,0,0,0,0,0,0,0,0,0,0,0,0,0,0,0,0,0,0,0,0,0,0,0,0,0,0,0,0,0,0,0,0,0,0,0,0,0,0,0,0,0,0,0,0,0,0,0,0,0,0,0,0,0,0,0,0,0,0,0,0,0,0,0,0,0,0,0,0,0,0,0,0,0,0,0,0,0,0,0,0,0,0,0,0,0,0,0,0,0,0,0,0,0,0,0,0,0,0,0,0,0,0,0,0,0,0,0,0,0,0,0,0,0,0,0,0,0,0,0,0,0,0,0,0,0,4,2,2,2,5,2,4,2,0,0,0,0,0,0,0,0,0,0,0,0,0,0,0,0,0,2,2,2,1,2,0,2,2,0,0,0,0,0,0,0,0,0,0,0,2,2,2,2,3,1,3,2,1,0,0,0,0,0,0,2,2,2,2,2,0,0,5,0,0,0,0,3,3,0,0,0,0,0,0,0,0,0,0,0,5,3,5,5,0,0,0,0,0,3,0,0,0,0,0,0,0,5,2,2,2,2,2,5,0,0,0,0,0,0,0,0,0,0,0,0,0,0,0,5,2,3,0,2,2,4,0,0,0,0,0,0,0,0,0,0,0,0,0,0,0,0,0,0,0,0,0,0,0,0,0,0,0,0,0,0,0,0,2,2,2,2,2,2,3,2,2,0,0,0,0,0,0,0,0,0,0,0,0,0,0,0,0,0,0,0,0,0,0,0,0,1,3,2,2,0,0,0,0,0,0,0,0,0,0,0,0,0,0,0,0,0,0,0,0,0,0,0,0,0,0,0,0,0,2,4,2,3,2,5,2,2,1,0,1,4,2,0,0,0,0,0,2,1,0,0,0,0,0,0,0,0,0,0,0,0,0,0,0,0,0,0,0,0,0,0,0,0,0,0,0,0,0,0,0,0,0,0,0,0,0,0,0,0,0,0,0,0,0,0,0,5,0,2,2,5,0,2,2,3,2,2,1,2,2,2,0,0,0,3,3,2,2,0,0,0,0,0,0,0,0,0,0,0,0,2,2,0,0,0,0,0,0,0,0,0,0,0,0,0,0,0,0,0,0,0,0,0,0,0,0,0,0,0,0,0,0,0,2,2,3,2,4,5,0,0,0,0,0,0,0,0,0,0,0,0,0,0,0,0,0,0,0,0,0,0,0,0,0,0,0,0,0,0,0,0,0,0,1,0,0,0,0,0,0,0,0,0,0,0,0,0,0,0,0,0,0,0,0,0,0,0,0,0,0,2,2,0,0,0,0,0,0,2,0,1,3,1,2,0,0,0,0,0,0,0,0,0,0,0,0,0,0,0,0,0,0,0,0,0,0,0,0,0,0,0,0,5,3,0,0,0,0,2,5,5,0,0,5,3,0,0,0,0,0,0,0,0,0,0,0,0,0,0,0,4,5,0,0,0,0,2,2,2,0,0,0,0,2,2,3,2,2,0,0,0,1,1,2,2,2,3,0,0,2,1,3,2,5,0,0,0,0,0,0,0,0,0,0,0,0,2,2,3,0,0,0,0,0,0,0,0,0,0,0,0,0,0,0,0,0,0,0,0,0,0,0,0,0,0,0,0,0,0,0,0,0,0,0,0,0,0,0,2,5,0,0,0,0,4,0,0,0,0,0,0,0,0,0,0,0,0,0,0,0,0,0,0,0,0,0,0,0,0,0,0,0,0,0,0,0,0,0,0,0,0,0,0,0,0,0,0,0,0,0,0,0,0,0,0,0,0,0,0,0,0,0,0,0,0,0,0,0,0,0,0,0,0,0,0,0,0,0,0,0,0,0,0,0,0,0,0,0,0,0,0,0,0,0,0,0,0,0,2,2,0,0,4,1,2,2,4,0,0,0,0,0,1,2,2,2,0,0,0,0,0,0,0,0,0,0,0,0,0,0,0,0,0,0,0,0,0,0,0,0,0,0,0,0,0,0,0,0,0,0,0,0,0,0,0,0,0,0,0,2,2,0,0,0,0,0,0,0,0,0,0,0,0,0,0,0,0,3,1,2,1,1,0,0,0,0,5,0,0,0,0,0,0,0,2,2,0,0,0,0,0,0,0,0,2,3,2,2,0,0,0,3,2,2,2,2,0,2,2,1,2,2,0,2,2,0,0,0,0,0,0,0,0,0,0,0,0,0,0,0,0,0,0,2,2,1,0,0,0,0,0,0,0,0,0,0,0,0,0,0,0,0,2,1,2,2,3,2,0,0,0,0,0,0,0,5,2,0,0,0,0,0,0,0,0,0,0,0,0,0,0,0,0,2,3,0,0,0,0,0,0,0,0,0,0,0,0,0,0,0,0,0,0,0,0,0,0,0,0,0,0,0,0,0,0,0,0,0,0,0,0,0,0,0,0,0,0,0,3,2,5,2,0,0,0,0,0,0,0,0,0,0,0,0,0,0,0,0,0,0,0,0,0,0,0,0,0,0,0,0,0,0,0,0,0,0,0,0,0,0,0,0,0,0,0,0,0,0,0,0,0,0,0,0,0,0,0,0,0,0,0,0,0,0,0,0,0,0,0,0,0,0,0,0,0,0,0,0,0,0,0,0,0,0,0,0,0,0,0,0,0,0,0,0,0,0,0,0,0,0,0,0,0,0,0,0,0,0,0,0,0,0,0,0,0,0,0,0,0,0,0,0,0,0,0,0,0,0,0,0,0,0,0,0,0,0,0,0,0,0,0,5,3,2,2,2,2,2,2,4,2,1,4,1,2,2,2,1,4,1,1,5,2,2,2,2,5,2,3,3,2,5,2,2,3,5,0,0,0,0,0,0,0,0,0,0,0,0,0,0,0,0,0,0,0,0,0,0,0,2,5,2,5,3,2,0,0,0,0,0,0,0,0,5,0,0,0,2,3,2,2,2,2,0,0,0,0,0,2,2,2,2,2,0,0,0,1,2,3,1,2,2,2,0,0,0,0,0,2,3,2,2,3,2,2,4,2,0,0,0,0,0,0,0,0,3,2,1,5,4,2,0,0,0,0,3,0,0,0,0,0,0,0,0,0,0,0,0,0,0,0,0,0,2,0,0,2,0,0,0,0,0,0,0,0,0,0,0,0,0,0,0,0,0,0,0,0,0,0,0,0,0,0,0,0,0,0,0,0,0,0,0,0,0,0,0,0,0,0,0,0,0,0,0,0,0,0,0,0,0,0,0,0,0,0,0,0,0,0,0,0,0,0,0,0,0,0,0,0,0,0,0,0,0,2,2,0,2,0,0,0,0,0,2,2,2,0,2,3,2,3,3,1,1,3,1,2,2,0,0,0,0,0,0,0,2,2,2,2,3,1,5,2,2,5,0,4,2,0,0,0,0,2,3,5,2,0,0,0,0,0,0,0,0,0,0,0,0,0,0,0,0,0,0,0,0,0,0,0,0,0,0,0,0,0,0,0,0,0,0,0,0,0,0,0,0,0,0,0,0,0,0,0,0,0,0,0,0,0,0,0,0,0,0,0,0,0,0,0,0,0,0,0,0,0,0,0,0,0,0,0,0,0,0,0,0,0,0,0,0,0,0,0,0,0,0,0,0,0,0,0,0,2,1,1,3,2,3,2,2,5,1,5,5,2,1,4,3,0,0,0,0,0,0,0,0,0,0,0,0,0,0,0,0,0,0,0,0,0,0,0,0,0,0,0,0,0,0,0,0,0,0,0,0,0,0,0,0,0,0,0,0,0,0,0,0,0,0,0,0,0,0,0,0,0,0,0,0,0,0,0,0,0,0,0,0,0,0,0,0,0,0,0,0,0,0,0,0,0,0,0,0,0,0,0,0,0,0,0,0,0,0,0,0,0,0,0,0,0,0,0,0,0,0,0,0,0,0,0,0,0,0,0,0,0,0,0,0,0,0,0,0,0,0,0,0,0,0,0,0,0,0,0,0,0,0,0,0,0,0,0,0,0,0,0,0,0,0,0,0,0,0,0,0,0,0,0,0,0,0,0,0,0,0,0,0,0,0,0,0,0,0,0,0,0,0,0,0,0,0,0,0,0,0,0,0,0,0,0,0,0,0,0,0,0,0,0,0,0,0,0,0,0,0,0,0,0,0,0,0,0,0,0,0,0,0,0,0,0,0,0,0,0,0,0,0,0,0,0,0,0,0,0,0,0,0,0,0,0,0,0,0,0,0,0,0,0,0,0,0,0,0,0,0,0,0,0,0,0,0,0,0,0,0,0,0,0,0,0,0,0,0,0,0,0,0,0,0,0,0,0,0,3,2,3,5,5,3,3,3,3,3,2,2,2,3,5,5,3,0,0,0,0,0,0,0,0,0,0,0,0,0,0,0,0,0,0,0,0,0,0,0,0,0,0,0,0,0,0,0,0,0,0,0,0,0,0,0,0,0,0,0,0,0,0,0,0,0,0,0,0,0,0,0,0,0,0,0,0,0,0,0,0,0,0,0,0,0,0,0,0,0,0,0,0,0,0,0,0,0,0,0,0,0,0,0,0,0,0,0,0,0,0,0,0,0,0,0,0,0,0,0,0,0,0,0,0,0,0,0,0,0,0,0,0,0,0,0,0,0,0,0,0,0,0,0,0,0,3,3,3,5,3,1,3,3,1,3,3,2,0,0,0,0,0,0,0,0,0,0,0,0,0,0,0,0,0,0,0,0,0,0,0,0,0,0,0,0,0,0,0,0,0,0,0,0,0,0,0,0,0,0,0,0,0,0,0,0,0,0,0,0,0,0,0,0,1.55436372756958,-2.799140453338623,-6.920361518859863,6.598316192626953,0.0166647732257843,-0.9569821357727052,-12.463667869567873,1.230660915374756,10.335186004638672,7.337409496307373,-2.9864614009857178,-0.7449241280555725,-13.107023239135742,-2.003021001815796,-3.223551988601685,-0.817322313785553,4.298264026641846,-2.5251002311706543,-5.366708278656006,7.850021839141846,2.2739973068237305,11.641091346740724,16.060361862182617,6.857069969177246,-9.394091606140137,1.2268234491348269,0.5079599618911743,-8.728521347045898,3.218360662460327,-0.4573277831077575,14.39494800567627,-7.117049694061279,-2.674452781677246,-6.919151782989502,6.688060760498047,3.022835731506348,0.622824490070343,2.6204538345336914,10.030860900878906,4.425457954406738,0.0312908887863159,1.1827709674835205,-6.747219085693359,-1.3310508728027344,-12.236312866210938,6.563366889953613,1.7112915515899658,9.307198524475098,-6.573090076446533,1.2149924039840698,6.279955387115479,-6.866689205169678,-4.410146236419678,-6.447479724884033,-11.048688888549805,-7.047018527984619,-4.239498138427734,1.426798939704895,4.292267322540283,-1.3372814655303955,-3.1678307056427,-11.015714645385742,-2.9358510971069336,7.065750598907471,-12.240105628967283,-1.199381709098816,10.566043853759766,3.1434099674224854,-5.891424179077148,2.8462042808532715,-5.576686859130859,2.8827121257781982,7.045930862426758,-7.296399593353271,-3.244295597076416,5.010025978088379,-2.691950559616089,3.44914174079895,-0.2853593826293945,5.324714183807373,6.70700216293335,-3.203743934631348,-7.801340579986572,-14.281691551208496,3.278397798538208,-2.3253774642944336,-6.843132019042969,3.7559657096862793,5.282172679901123,0.4416292011737823,5.852419376373291,3.0436441898345947,1.323036789894104,10.968786239624023,1.1369377374649048,-0.4435826539993286,4.032017230987549,1.4586576223373413,4.493245124816895,-1.015857458114624,-4.209010124206543,-11.901979446411133,-7.367029666900635,-6.894172668457031,1.9103368520736692,-7.632202625274658,-3.491543769836426,3.4023659229278564,3.93994402885437,-7.00849199295044,-16.92510986328125,3.457706451416016,1.6606428623199463,-1.8622263669967647,1.110670566558838,-5.379961013793945,7.666489124298096,10.650473594665527,-7.006213188171387,2.0343751907348637,-11.8008451461792,1.56199848651886,-3.1678836345672607,8.239184379577637,4.864574432373047,-9.018476486206056,-12.755403518676758,-2.458076477050781,0.1228320896625518,0.1510182619094848,-1.031358242034912,0.5419989228248596,9.198442459106444,14.277554512023926,-2.4192562103271484,13.045170783996582,14.926594734191896,3.134803533554077,9.385683059692385,-5.274287223815918,8.79352855682373,-0.8781083226203918,-0.9195204973220824,1.7323150634765625,10.987645149230955,11.341036796569824,1.0103042125701904,-0.94884192943573,3.264411449432373,11.48401165008545,8.10721206665039,2.337818145751953,8.304365158081055,-4.997960090637207,0.1815868318080902,2.983867645263672,-8.581526756286621,-6.021866798400879,5.809313774108887,-6.698587894439697,-0.6258025169372559,-0.5734708905220032,-7.5413641929626465,3.8243191242218018,1.979998588562012,-4.743095874786377,1.294232964515686,-6.986159801483154,1.1179732084274292,6.161587715148926,-6.049784183502197,-0.7533916234970093,11.76095485687256,-5.42634916305542,-1.0731266736984253,-0.1519125401973724,5.6199140548706055,-3.112662076950073,-7.868983745574951,11.61905288696289,-6.429777145385742,9.369499206542969,-2.522356986999512,7.903277397155762,11.603463172912598,-1.759270429611206,-0.4041713774204254,-0.2157050222158432,-6.061197280883789,-8.68537712097168,-1.9328197240829468,2.038427352905273,-2.617913007736206,-0.1943315267562866,5.266263484954834,-0.4012353420257568,-7.64624547958374,-10.066922187805176,0.8514986038208008,-0.3901861011981964,2.919313430786133,1.6529051065444946,9.000337600708008,0.2947494983673095,4.969198703765869,-2.4991109371185303,12.80095100402832,6.485662937164307,11.460003852844238,-1.2718546390533447,12.74197769165039,0.4501987099647522,7.347437858581543,-4.174827098846436,1.9160597324371336,5.696545600891113,2.9906225204467773,7.951825618743896,-5.961147785186768,5.294882297515869,1.1845983266830444,-9.418109893798828,0.0049121342599391,0.14088836312294,0.7548450231552124,-7.704451560974121,-2.713563203811645,2.415536880493164,9.461023330688477,-8.429367065429688,2.928832769393921,-2.1718013286590576,-9.360692024230955,-11.20761013031006,-3.3548426628112797,-0.1736553907394409,0.5790295600891113,-4.697383880615234,-5.470838069915772,9.551840782165527,1.963438630104065,-1.0969704389572144,2.035387754440308,-1.410381555557251,-3.1557459831237797,3.758047580718994,-12.532536506652832,-8.161039352416992,0.4619427621364593,-9.665969848632812,-15.94207000732422,3.080920696258545,0.1418090611696243,3.6132900714874263,-9.907856941223145,1.4351662397384644,4.416174411773682,-12.017572402954102,7.811707496643066,-5.330638408660889,-3.846606969833374,6.447184085845947,4.848902225494385,10.540132522583008,3.0777816772460938,-6.522834777832031,-7.457103252410889,5.646122455596924,4.144647121429443,-7.153517723083496,0.3230180740356445,4.463701725006104,2.5906195640563965,3.73253870010376,-0.433120846748352,-4.526220321655273,-2.675497531890869,-2.293504476547241,-2.2352309226989746,-0.8317007422447205,-7.022416114807129,-8.815254211425781,-16.645627975463867,-5.837950706481934,2.2012598514556885,1.596378207206726,-0.0835463553667068,-1.886757254600525,-6.933877944946289,-0.0033383411355316,-0.3937835693359375,12.72138786315918,12.972125053405762,1.6472547054290771,-13.2092866897583,-2.623861789703369,-5.800354480743408,-3.646818637847901,-11.813809394836426,-2.9702582359313965,-1.0,1.8260748027008264
OXYR_HUMAN,CHEMBL1817758,CCC(C)C1NC(=O)C(Cc2ccco2)NC(=O)C(N)CSSCC(C(=O)N2CCCC2C(=O)NC(CCCNC(C)C)C(=O)NCC(N)=O)NC(=O)C(CC(N)=O)NC(=O)C(CC(N)=O)NC1=O,0,0,0,0,0,0,0,0,0,0,0,0,0,0,0,0,0,0,0,0,0,0,0,0,0,0,0,0,0,0,0,0,0,0,0,0,0,0,0,0,0,0,0,0,0,0,0,0,0,0,0,0,0,0,0,0,0,0,0,0,0,0,0,0,0,0,0,0,0,0,0,0,0,0,0,0,0,0,0,0,0,0,0,0,0,0,0,0,0,0,0,0,0,0,0,0,0,0,0,0,0,0,0,0,0,0,0,0,0,0,0,0,0,0,0,0,0,0,0,0,0,0,0,0,0,0,0,0,0,0,0,0,0,0,0,0,0,0,0,0,0,0,0,0,0,0,0,0,0,0,0,0,0,0,0,0,0,0,0,0,0,0,0,0,0,0,0,0,0,0,0,0,0,0,0,0,0,0,0,0,0,0,0,0,0,2,4,1,2,2,2,2,3,2,3,2,4,2,2,3,2,0,0,0,0,0,0,0,0,0,0,0,0,0,0,0,0,3,2,2,1,0,0,0,0,0,0,0,0,0,0,0,0,0,0,0,0,0,1,1,2,4,1,3,0,0,0,0,0,0,0,0,0,0,0,5,3,0,0,0,0,0,0,0,0,0,0,0,0,0,0,0,0,0,0,0,0,0,0,0,0,0,0,0,0,0,0,0,0,0,0,0,0,0,0,0,0,0,0,0,0,0,0,0,0,0,0,0,0,0,0,0,0,0,0,0,0,0,0,0,0,0,0,0,0,0,0,0,0,0,0,0,0,0,0,0,0,0,0,0,0,0,0,0,0,0,0,0,0,0,0,0,0,0,0,0,0,0,0,0,0,0,0,0,0,0,0,0,0,0,0,0,0,0,0,0,0,0,0,0,0,0,0,0,0,0,0,0,0,0,0,0,0,0,0,0,0,0,0,0,0,0,0,0,0,0,0,0,0,0,0,0,0,0,0,0,0,0,0,0,0,0,0,0,0,0,0,0,0,0,0,0,0,2,1,1,1,5,5,3,0,0,0,0,0,0,0,0,0,0,0,0,0,0,0,0,0,0,0,0,0,0,0,0,0,0,0,0,0,0,0,0,0,0,0,0,0,0,0,0,0,0,0,0,0,0,0,0,0,0,0,0,0,0,0,0,0,0,0,0,0,0,0,0,0,0,0,0,0,0,0,0,0,0,0,0,0,0,0,0,0,0,0,0,0,0,0,0,0,0,0,0,0,0,0,0,0,0,0,0,0,0,0,0,0,0,0,0,0,0,0,0,0,0,0,0,0,0,0,0,0,0,0,0,0,0,0,0,0,0,0,0,0,0,0,0,0,0,0,0,0,0,0,0,0,0,0,0,0,4,2,2,2,5,2,4,2,0,0,0,0,0,0,0,0,0,0,0,0,0,0,0,0,0,2,2,2,1,2,0,2,2,0,0,0,0,0,0,0,0,0,0,0,2,2,2,2,3,1,3,2,1,0,0,0,0,0,0,2,2,2,2,2,0,0,5,0,0,0,0,3,3,0,0,0,0,0,0,0,0,0,0,0,5,3,5,5,0,0,0,0,0,3,0,0,0,0,0,0,0,5,2,2,2,2,2,5,0,0,0,0,0,0,0,0,0,0,0,0,0,0,0,5,2,3,0,2,2,4,0,0,0,0,0,0,0,0,0,0,0,0,0,0,0,0,0,0,0,0,0,0,0,0,0,0,0,0,0,0,0,0,2,2,2,2,2,2,3,2,2,0,0,0,0,0,0,0,0,0,0,0,0,0,0,0,0,0,0,0,0,0,0,0,0,1,3,2,2,0,0,0,0,0,0,0,0,0,0,0,0,0,0,0,0,0,0,0,0,0,0,0,0,0,0,0,0,0,2,4,2,3,2,5,2,2,1,0,1,4,2,0,0,0,0,0,2,1,0,0,0,0,0,0,0,0,0,0,0,0,0,0,0,0,0,0,0,0,0,0,0,0,0,0,0,0,0,0,0,0,0,0,0,0,0,0,0,0,0,0,0,0,0,0,0,5,0,2,2,5,0,2,2,3,2,2,1,2,2,2,0,0,0,3,3,2,2,0,0,0,0,0,0,0,0,0,0,0,0,2,2,0,0,0,0,0,0,0,0,0,0,0,0,0,0,0,0,0,0,0,0,0,0,0,0,0,0,0,0,0,0,0,2,2,3,2,4,5,0,0,0,0,0,0,0,0,0,0,0,0,0,0,0,0,0,0,0,0,0,0,0,0,0,0,0,0,0,0,0,0,0,0,1,0,0,0,0,0,0,0,0,0,0,0,0,0,0,0,0,0,0,0,0,0,0,0,0,0,0,2,2,0,0,0,0,0,0,2,0,1,3,1,2,0,0,0,0,0,0,0,0,0,0,0,0,0,0,0,0,0,0,0,0,0,0,0,0,0,0,0,0,5,3,0,0,0,0,2,5,5,0,0,5,3,0,0,0,0,0,0,0,0,0,0,0,0,0,0,0,4,5,0,0,0,0,2,2,2,0,0,0,0,2,2,3,2,2,0,0,0,1,1,2,2,2,3,0,0,2,1,3,2,5,0,0,0,0,0,0,0,0,0,0,0,0,2,2,3,0,0,0,0,0,0,0,0,0,0,0,0,0,0,0,0,0,0,0,0,0,0,0,0,0,0,0,0,0,0,0,0,0,0,0,0,0,0,0,2,5,0,0,0,0,4,0,0,0,0,0,0,0,0,0,0,0,0,0,0,0,0,0,0,0,0,0,0,0,0,0,0,0,0,0,0,0,0,0,0,0,0,0,0,0,0,0,0,0,0,0,0,0,0,0,0,0,0,0,0,0,0,0,0,0,0,0,0,0,0,0,0,0,0,0,0,0,0,0,0,0,0,0,0,0,0,0,0,0,0,0,0,0,0,0,0,0,0,0,2,2,0,0,4,1,2,2,4,0,0,0,0,0,1,2,2,2,0,0,0,0,0,0,0,0,0,0,0,0,0,0,0,0,0,0,0,0,0,0,0,0,0,0,0,0,0,0,0,0,0,0,0,0,0,0,0,0,0,0,0,2,2,0,0,0,0,0,0,0,0,0,0,0,0,0,0,0,0,3,1,2,1,1,0,0,0,0,5,0,0,0,0,0,0,0,2,2,0,0,0,0,0,0,0,0,2,3,2,2,0,0,0,3,2,2,2,2,0,2,2,1,2,2,0,2,2,0,0,0,0,0,0,0,0,0,0,0,0,0,0,0,0,0,0,2,2,1,0,0,0,0,0,0,0,0,0,0,0,0,0,0,0,0,2,1,2,2,3,2,0,0,0,0,0,0,0,5,2,0,0,0,0,0,0,0,0,0,0,0,0,0,0,0,0,2,3,0,0,0,0,0,0,0,0,0,0,0,0,0,0,0,0,0,0,0,0,0,0,0,0,0,0,0,0,0,0,0,0,0,0,0,0,0,0,0,0,0,0,0,3,2,5,2,0,0,0,0,0,0,0,0,0,0,0,0,0,0,0,0,0,0,0,0,0,0,0,0,0,0,0,0,0,0,0,0,0,0,0,0,0,0,0,0,0,0,0,0,0,0,0,0,0,0,0,0,0,0,0,0,0,0,0,0,0,0,0,0,0,0,0,0,0,0,0,0,0,0,0,0,0,0,0,0,0,0,0,0,0,0,0,0,0,0,0,0,0,0,0,0,0,0,0,0,0,0,0,0,0,0,0,0,0,0,0,0,0,0,0,0,0,0,0,0,0,0,0,0,0,0,0,0,0,0,0,0,0,0,0,0,0,0,0,5,3,2,2,2,2,2,2,4,2,1,4,1,2,2,2,1,4,1,1,5,2,2,2,2,5,2,3,3,2,5,2,2,3,5,0,0,0,0,0,0,0,0,0,0,0,0,0,0,0,0,0,0,0,0,0,0,0,2,5,2,5,3,2,0,0,0,0,0,0,0,0,5,0,0,0,2,3,2,2,2,2,0,0,0,0,0,2,2,2,2,2,0,0,0,1,2,3,1,2,2,2,0,0,0,0,0,2,3,2,2,3,2,2,4,2,0,0,0,0,0,0,0,0,3,2,1,5,4,2,0,0,0,0,3,0,0,0,0,0,0,0,0,0,0,0,0,0,0,0,0,0,2,0,0,2,0,0,0,0,0,0,0,0,0,0,0,0,0,0,0,0,0,0,0,0,0,0,0,0,0,0,0,0,0,0,0,0,0,0,0,0,0,0,0,0,0,0,0,0,0,0,0,0,0,0,0,0,0,0,0,0,0,0,0,0,0,0,0,0,0,0,0,0,0,0,0,0,0,0,0,0,0,2,2,0,2,0,0,0,0,0,2,2,2,0,2,3,2,3,3,1,1,3,1,2,2,0,0,0,0,0,0,0,2,2,2,2,3,1,5,2,2,5,0,4,2,0,0,0,0,2,3,5,2,0,0,0,0,0,0,0,0,0,0,0,0,0,0,0,0,0,0,0,0,0,0,0,0,0,0,0,0,0,0,0,0,0,0,0,0,0,0,0,0,0,0,0,0,0,0,0,0,0,0,0,0,0,0,0,0,0,0,0,0,0,0,0,0,0,0,0,0,0,0,0,0,0,0,0,0,0,0,0,0,0,0,0,0,0,0,0,0,0,0,0,0,0,0,0,0,2,1,1,3,2,3,2,2,5,1,5,5,2,1,4,3,0,0,0,0,0,0,0,0,0,0,0,0,0,0,0,0,0,0,0,0,0,0,0,0,0,0,0,0,0,0,0,0,0,0,0,0,0,0,0,0,0,0,0,0,0,0,0,0,0,0,0,0,0,0,0,0,0,0,0,0,0,0,0,0,0,0,0,0,0,0,0,0,0,0,0,0,0,0,0,0,0,0,0,0,0,0,0,0,0,0,0,0,0,0,0,0,0,0,0,0,0,0,0,0,0,0,0,0,0,0,0,0,0,0,0,0,0,0,0,0,0,0,0,0,0,0,0,0,0,0,0,0,0,0,0,0,0,0,0,0,0,0,0,0,0,0,0,0,0,0,0,0,0,0,0,0,0,0,0,0,0,0,0,0,0,0,0,0,0,0,0,0,0,0,0,0,0,0,0,0,0,0,0,0,0,0,0,0,0,0,0,0,0,0,0,0,0,0,0,0,0,0,0,0,0,0,0,0,0,0,0,0,0,0,0,0,0,0,0,0,0,0,0,0,0,0,0,0,0,0,0,0,0,0,0,0,0,0,0,0,0,0,0,0,0,0,0,0,0,0,0,0,0,0,0,0,0,0,0,0,0,0,0,0,0,0,0,0,0,0,0,0,0,0,0,0,0,0,0,0,0,0,0,0,3,2,3,5,5,3,3,3,3,3,2,2,2,3,5,5,3,0,0,0,0,0,0,0,0,0,0,0,0,0,0,0,0,0,0,0,0,0,0,0,0,0,0,0,0,0,0,0,0,0,0,0,0,0,0,0,0,0,0,0,0,0,0,0,0,0,0,0,0,0,0,0,0,0,0,0,0,0,0,0,0,0,0,0,0,0,0,0,0,0,0,0,0,0,0,0,0,0,0,0,0,0,0,0,0,0,0,0,0,0,0,0,0,0,0,0,0,0,0,0,0,0,0,0,0,0,0,0,0,0,0,0,0,0,0,0,0,0,0,0,0,0,0,0,0,0,3,3,3,5,3,1,3,3,1,3,3,2,0,0,0,0,0,0,0,0,0,0,0,0,0,0,0,0,0,0,0,0,0,0,0,0,0,0,0,0,0,0,0,0,0,0,0,0,0,0,0,0,0,0,0,0,0,0,0,0,0,0,0,0,0,0,0,0,1.3984001874923706,-8.90358829498291,-2.975208282470703,5.5119805335998535,4.7597856521606445,-19.146493911743164,-29.02040100097656,-6.249531269073486,23.589542388916016,-5.274601936340332,6.016669750213623,22.27427291870117,1.1981935501098633,15.800325393676758,-32.91825866699219,-0.3124371469020843,22.86090469360352,-30.12892341613769,-29.917638778686523,36.09584045410156,7.482642650604248,16.875856399536133,55.81662368774414,16.3004150390625,-18.509767532348636,6.0408616065979,-19.447229385375977,-38.8134994506836,0.972926378250122,-16.21160316467285,18.6065616607666,-10.338545799255373,-15.772161483764648,1.7392899990081787,-1.976043462753296,10.60058879852295,3.215206384658813,-3.6173837184906006,21.53988647460937,22.33110237121582,5.208710670471191,3.456235885620117,-5.0035505294799805,-11.476067543029783,-24.45048141479492,21.32586097717285,12.934776306152344,42.77566909790039,-8.762106895446777,0.060095340013504,9.421968460083008,-23.081663131713867,0.3902672827243805,-18.93634796142578,-32.714256286621094,-23.597925186157227,-17.560768127441406,16.14806365966797,4.770148754119873,7.945947170257568,2.6933841705322266,-17.475488662719727,-17.671113967895508,12.984870910644531,-43.97546005249024,3.732897996902466,19.873369216918945,9.566510200500488,-18.47154426574707,-1.503320574760437,-6.721200466156006,13.642271995544434,12.537736892700195,-30.664766311645508,0.6901689171791077,4.945558071136475,-27.27492332458496,1.0400023460388184,10.874369621276855,2.136225938796997,19.11656951904297,2.62286114692688,-9.604999542236328,-41.37318801879883,20.9522647857666,-14.47426986694336,-8.852738380432129,5.281403064727783,7.429566860198975,-2.173240423202514,6.4270124435424805,13.248629570007324,16.05358123779297,6.277047634124756,7.830467700958252,-5.858022689819336,18.5703182220459,7.655467987060547,18.403358459472656,-10.28811264038086,-6.605255126953125,-19.189254760742188,-23.32266998291016,-10.524709701538086,13.317219734191896,-31.470458984375,-16.74161148071289,12.611915588378906,8.24679183959961,-18.8050594329834,-18.981603622436523,14.176593780517578,7.687371253967285,-12.703367233276367,-5.444450378417969,-7.241563320159912,19.263919830322266,23.177339553833008,-3.563769817352295,5.269877433776856,-9.947811126708984,17.071094512939453,2.2035105228424072,33.553855895996094,-2.6200110912323,-34.06813049316406,-29.308704376220703,3.8379039764404297,-14.276918411254885,0.3103792667388916,1.1774649620056152,-5.151034355163574,13.794696807861328,40.05096054077149,8.189580917358398,31.25367546081543,-4.695992469787598,-10.124750137329102,18.465904235839844,-14.86175537109375,23.518999099731445,-1.8012487888336182,-11.483527183532717,-6.775536060333252,12.777443885803224,2.4572553634643555,5.770349502563477,7.138663768768311,12.958107948303224,36.38008880615234,-3.492053985595703,18.574316024780277,16.298309326171875,-22.26581573486328,-6.364886283874512,0.2682088613510132,-16.35297203063965,-1.77404522895813,-0.9698382616043092,-18.2473087310791,8.945839881896973,14.30321979522705,-11.989651679992676,6.051164150238037,17.144451141357422,-23.706771850585938,13.96711254119873,-9.52717113494873,1.0210292339324951,18.40373992919922,-14.31480598449707,-20.72629165649414,34.082183837890625,-5.779374599456787,15.158379554748535,-3.096750497817993,13.065935134887695,-2.3185794353485107,-10.510968208312988,23.358304977416992,-11.952813148498535,23.466358184814453,-2.8709402084350586,31.796436309814453,9.671656608581545,-10.156787872314451,3.859410047531128,2.013257503509521,-5.590405464172363,-19.69015312194824,3.609288692474365,-8.909184455871582,-20.079967498779297,3.942427396774292,14.44006061553955,5.476924419403076,3.515174388885498,-28.81946563720703,-8.17116641998291,-9.061338424682615,-1.262101173400879,-8.410224914550781,6.885723114013672,-7.796582698822021,-5.710624694824219,-4.5698418617248535,32.38737487792969,29.334665298461918,26.98932647705078,-15.062262535095217,28.679832458496094,-0.3699439764022827,34.557334899902344,-15.578658103942873,12.201098442077637,-3.462454080581665,13.663331031799316,10.330819129943848,-9.521278381347656,14.045746803283691,10.185307502746582,-20.61612701416016,-10.837023735046388,0.6325891613960266,8.572551727294922,-13.382216453552246,-3.5409598350524902,-4.368712425231934,12.189876556396484,-26.56414604187012,7.928156852722168,-2.3296523094177246,-19.70316505432129,-24.58711814880371,5.853879928588867,-24.805233001708984,-5.287403106689453,-8.489513397216797,-6.489831924438477,28.712459564208984,17.604490280151367,-31.731250762939453,20.252819061279297,-9.295326232910156,-1.959052562713623,24.250118255615234,-42.20202255249024,-15.690692901611328,0.5330568552017212,12.815844535827637,-47.110469818115234,11.13143539428711,12.602895736694336,-8.94369888305664,-25.70071029663086,21.70172119140625,4.31298828125,-16.982730865478516,32.850250244140625,-26.21109771728516,-10.137418746948242,7.43174934387207,4.308935165405273,16.313514709472656,-4.467069625854492,-25.781538009643555,-9.271023750305176,1.71148943901062,7.021887302398682,-20.71114921569824,3.658112049102783,10.245295524597168,-12.66036891937256,3.64209246635437,-2.7569754123687744,-20.441362380981445,-11.910664558410645,-9.902978897094728,-12.930676460266112,22.42523193359375,-13.890033721923828,-20.278194427490234,-23.756298065185547,-15.1942777633667,-13.695245742797852,12.805391311645508,0.5192112922668457,-3.793424129486084,-10.655165672302246,-9.108717918395996,10.570391654968262,31.54442977905273,9.806133270263672,10.682093620300291,-29.2312126159668,-18.71031379699707,-17.552968978881836,-22.395864486694336,-43.04978942871094,-3.4706413745880127,1.0,2.9867717342662448
OXYR_HUMAN,CHEMBL467153,CON=C1CC(c2ncno2)N(C(=O)c2ccc(-c3ccccc3C)cc2)C1,0,0,0,0,0,0,0,0,0,0,0,0,0,0,0,0,0,0,0,0,0,0,0,0,0,0,0,0,0,0,0,0,0,0,0,0,0,0,0,0,0,0,0,0,0,0,0,0,0,0,0,0,0,0,0,0,0,0,0,0,0,0,0,0,0,0,0,0,0,0,0,0,0,0,0,0,0,0,0,0,0,0,0,0,0,0,0,0,0,0,0,0,0,0,0,0,0,0,0,0,0,0,0,0,0,0,0,0,0,0,0,0,0,0,0,0,0,0,0,0,0,0,0,0,0,0,0,0,0,0,0,0,0,0,0,0,0,0,0,0,0,0,0,0,0,0,0,0,0,0,0,0,0,0,0,0,0,0,0,0,0,0,0,0,0,0,0,0,0,0,0,0,0,0,0,0,0,0,0,0,0,0,0,0,0,2,4,1,2,2,2,2,3,2,3,2,4,2,2,3,2,0,0,0,0,0,0,0,0,0,0,0,0,0,0,0,0,3,2,2,1,0,0,0,0,0,0,0,0,0,0,0,0,0,0,0,0,0,1,1,2,4,1,3,0,0,0,0,0,0,0,0,0,0,0,5,3,0,0,0,0,0,0,0,0,0,0,0,0,0,0,0,0,0,0,0,0,0,0,0,0,0,0,0,0,0,0,0,0,0,0,0,0,0,0,0,0,0,0,0,0,0,0,0,0,0,0,0,0,0,0,0,0,0,0,0,0,0,0,0,0,0,0,0,0,0,0,0,0,0,0,0,0,0,0,0,0,0,0,0,0,0,0,0,0,0,0,0,0,0,0,0,0,0,0,0,0,0,0,0,0,0,0,0,0,0,0,0,0,0,0,0,0,0,0,0,0,0,0,0,0,0,0,0,0,0,0,0,0,0,0,0,0,0,0,0,0,0,0,0,0,0,0,0,0,0,0,0,0,0,0,0,0,0,0,0,0,0,0,0,0,0,0,0,0,0,0,0,0,0,0,0,0,2,1,1,1,5,5,3,0,0,0,0,0,0,0,0,0,0,0,0,0,0,0,0,0,0,0,0,0,0,0,0,0,0,0,0,0,0,0,0,0,0,0,0,0,0,0,0,0,0,0,0,0,0,0,0,0,0,0,0,0,0,0,0,0,0,0,0,0,0,0,0,0,0,0,0,0,0,0,0,0,0,0,0,0,0,0,0,0,0,0,0,0,0,0,0,0,0,0,0,0,0,0,0,0,0,0,0,0,0,0,0,0,0,0,0,0,0,0,0,0,0,0,0,0,0,0,0,0,0,0,0,0,0,0,0,0,0,0,0,0,0,0,0,0,0,0,0,0,0,0,0,0,0,0,0,0,4,2,2,2,5,2,4,2,0,0,0,0,0,0,0,0,0,0,0,0,0,0,0,0,0,2,2,2,1,2,0,2,2,0,0,0,0,0,0,0,0,0,0,0,2,2,2,2,3,1,3,2,1,0,0,0,0,0,0,2,2,2,2,2,0,0,5,0,0,0,0,3,3,0,0,0,0,0,0,0,0,0,0,0,5,3,5,5,0,0,0,0,0,3,0,0,0,0,0,0,0,5,2,2,2,2,2,5,0,0,0,0,0,0,0,0,0,0,0,0,0,0,0,5,2,3,0,2,2,4,0,0,0,0,0,0,0,0,0,0,0,0,0,0,0,0,0,0,0,0,0,0,0,0,0,0,0,0,0,0,0,0,2,2,2,2,2,2,3,2,2,0,0,0,0,0,0,0,0,0,0,0,0,0,0,0,0,0,0,0,0,0,0,0,0,1,3,2,2,0,0,0,0,0,0,0,0,0,0,0,0,0,0,0,0,0,0,0,0,0,0,0,0,0,0,0,0,0,2,4,2,3,2,5,2,2,1,0,1,4,2,0,0,0,0,0,2,1,0,0,0,0,0,0,0,0,0,0,0,0,0,0,0,0,0,0,0,0,0,0,0,0,0,0,0,0,0,0,0,0,0,0,0,0,0,0,0,0,0,0,0,0,0,0,0,5,0,2,2,5,0,2,2,3,2,2,1,2,2,2,0,0,0,3,3,2,2,0,0,0,0,0,0,0,0,0,0,0,0,2,2,0,0,0,0,0,0,0,0,0,0,0,0,0,0,0,0,0,0,0,0,0,0,0,0,0,0,0,0,0,0,0,2,2,3,2,4,5,0,0,0,0,0,0,0,0,0,0,0,0,0,0,0,0,0,0,0,0,0,0,0,0,0,0,0,0,0,0,0,0,0,0,1,0,0,0,0,0,0,0,0,0,0,0,0,0,0,0,0,0,0,0,0,0,0,0,0,0,0,2,2,0,0,0,0,0,0,2,0,1,3,1,2,0,0,0,0,0,0,0,0,0,0,0,0,0,0,0,0,0,0,0,0,0,0,0,0,0,0,0,0,5,3,0,0,0,0,2,5,5,0,0,5,3,0,0,0,0,0,0,0,0,0,0,0,0,0,0,0,4,5,0,0,0,0,2,2,2,0,0,0,0,2,2,3,2,2,0,0,0,1,1,2,2,2,3,0,0,2,1,3,2,5,0,0,0,0,0,0,0,0,0,0,0,0,2,2,3,0,0,0,0,0,0,0,0,0,0,0,0,0,0,0,0,0,0,0,0,0,0,0,0,0,0,0,0,0,0,0,0,0,0,0,0,0,0,0,2,5,0,0,0,0,4,0,0,0,0,0,0,0,0,0,0,0,0,0,0,0,0,0,0,0,0,0,0,0,0,0,0,0,0,0,0,0,0,0,0,0,0,0,0,0,0,0,0,0,0,0,0,0,0,0,0,0,0,0,0,0,0,0,0,0,0,0,0,0,0,0,0,0,0,0,0,0,0,0,0,0,0,0,0,0,0,0,0,0,0,0,0,0,0,0,0,0,0,0,2,2,0,0,4,1,2,2,4,0,0,0,0,0,1,2,2,2,0,0,0,0,0,0,0,0,0,0,0,0,0,0,0,0,0,0,0,0,0,0,0,0,0,0,0,0,0,0,0,0,0,0,0,0,0,0,0,0,0,0,0,2,2,0,0,0,0,0,0,0,0,0,0,0,0,0,0,0,0,3,1,2,1,1,0,0,0,0,5,0,0,0,0,0,0,0,2,2,0,0,0,0,0,0,0,0,2,3,2,2,0,0,0,3,2,2,2,2,0,2,2,1,2,2,0,2,2,0,0,0,0,0,0,0,0,0,0,0,0,0,0,0,0,0,0,2,2,1,0,0,0,0,0,0,0,0,0,0,0,0,0,0,0,0,2,1,2,2,3,2,0,0,0,0,0,0,0,5,2,0,0,0,0,0,0,0,0,0,0,0,0,0,0,0,0,2,3,0,0,0,0,0,0,0,0,0,0,0,0,0,0,0,0,0,0,0,0,0,0,0,0,0,0,0,0,0,0,0,0,0,0,0,0,0,0,0,0,0,0,0,3,2,5,2,0,0,0,0,0,0,0,0,0,0,0,0,0,0,0,0,0,0,0,0,0,0,0,0,0,0,0,0,0,0,0,0,0,0,0,0,0,0,0,0,0,0,0,0,0,0,0,0,0,0,0,0,0,0,0,0,0,0,0,0,0,0,0,0,0,0,0,0,0,0,0,0,0,0,0,0,0,0,0,0,0,0,0,0,0,0,0,0,0,0,0,0,0,0,0,0,0,0,0,0,0,0,0,0,0,0,0,0,0,0,0,0,0,0,0,0,0,0,0,0,0,0,0,0,0,0,0,0,0,0,0,0,0,0,0,0,0,0,0,5,3,2,2,2,2,2,2,4,2,1,4,1,2,2,2,1,4,1,1,5,2,2,2,2,5,2,3,3,2,5,2,2,3,5,0,0,0,0,0,0,0,0,0,0,0,0,0,0,0,0,0,0,0,0,0,0,0,2,5,2,5,3,2,0,0,0,0,0,0,0,0,5,0,0,0,2,3,2,2,2,2,0,0,0,0,0,2,2,2,2,2,0,0,0,1,2,3,1,2,2,2,0,0,0,0,0,2,3,2,2,3,2,2,4,2,0,0,0,0,0,0,0,0,3,2,1,5,4,2,0,0,0,0,3,0,0,0,0,0,0,0,0,0,0,0,0,0,0,0,0,0,2,0,0,2,0,0,0,0,0,0,0,0,0,0,0,0,0,0,0,0,0,0,0,0,0,0,0,0,0,0,0,0,0,0,0,0,0,0,0,0,0,0,0,0,0,0,0,0,0,0,0,0,0,0,0,0,0,0,0,0,0,0,0,0,0,0,0,0,0,0,0,0,0,0,0,0,0,0,0,0,0,2,2,0,2,0,0,0,0,0,2,2,2,0,2,3,2,3,3,1,1,3,1,2,2,0,0,0,0,0,0,0,2,2,2,2,3,1,5,2,2,5,0,4,2,0,0,0,0,2,3,5,2,0,0,0,0,0,0,0,0,0,0,0,0,0,0,0,0,0,0,0,0,0,0,0,0,0,0,0,0,0,0,0,0,0,0,0,0,0,0,0,0,0,0,0,0,0,0,0,0,0,0,0,0,0,0,0,0,0,0,0,0,0,0,0,0,0,0,0,0,0,0,0,0,0,0,0,0,0,0,0,0,0,0,0,0,0,0,0,0,0,0,0,0,0,0,0,0,2,1,1,3,2,3,2,2,5,1,5,5,2,1,4,3,0,0,0,0,0,0,0,0,0,0,0,0,0,0,0,0,0,0,0,0,0,0,0,0,0,0,0,0,0,0,0,0,0,0,0,0,0,0,0,0,0,0,0,0,0,0,0,0,0,0,0,0,0,0,0,0,0,0,0,0,0,0,0,0,0,0,0,0,0,0,0,0,0,0,0,0,0,0,0,0,0,0,0,0,0,0,0,0,0,0,0,0,0,0,0,0,0,0,0,0,0,0,0,0,0,0,0,0,0,0,0,0,0,0,0,0,0,0,0,0,0,0,0,0,0,0,0,0,0,0,0,0,0,0,0,0,0,0,0,0,0,0,0,0,0,0,0,0,0,0,0,0,0,0,0,0,0,0,0,0,0,0,0,0,0,0,0,0,0,0,0,0,0,0,0,0,0,0,0,0,0,0,0,0,0,0,0,0,0,0,0,0,0,0,0,0,0,0,0,0,0,0,0,0,0,0,0,0,0,0,0,0,0,0,0,0,0,0,0,0,0,0,0,0,0,0,0,0,0,0,0,0,0,0,0,0,0,0,0,0,0,0,0,0,0,0,0,0,0,0,0,0,0,0,0,0,0,0,0,0,0,0,0,0,0,0,0,0,0,0,0,0,0,0,0,0,0,0,0,0,0,0,0,0,3,2,3,5,5,3,3,3,3,3,2,2,2,3,5,5,3,0,0,0,0,0,0,0,0,0,0,0,0,0,0,0,0,0,0,0,0,0,0,0,0,0,0,0,0,0,0,0,0,0,0,0,0,0,0,0,0,0,0,0,0,0,0,0,0,0,0,0,0,0,0,0,0,0,0,0,0,0,0,0,0,0,0,0,0,0,0,0,0,0,0,0,0,0,0,0,0,0,0,0,0,0,0,0,0,0,0,0,0,0,0,0,0,0,0,0,0,0,0,0,0,0,0,0,0,0,0,0,0,0,0,0,0,0,0,0,0,0,0,0,0,0,0,0,0,0,3,3,3,5,3,1,3,3,1,3,3,2,0,0,0,0,0,0,0,0,0,0,0,0,0,0,0,0,0,0,0,0,0,0,0,0,0,0,0,0,0,0,0,0,0,0,0,0,0,0,0,0,0,0,0,0,0,0,0,0,0,0,0,0,0,0,0,0,3.3661437034606934,-4.679357528686523,-3.74648666381836,6.471171379089356,0.868432343006134,-0.531055212020874,-11.313506126403809,0.0741564482450485,6.598006248474121,0.8066586852073669,-2.1608569622039795,-2.44595718383789,-9.073591232299805,0.97837895154953,-5.862061500549316,-3.6228978633880615,5.06003475189209,-3.2115142345428467,-5.952733993530273,7.74695348739624,6.3566575050354,6.727769374847412,15.51401710510254,6.729317665100098,-10.778434753417969,-1.4052520990371704,-1.5481393337249756,-11.885695457458496,1.659221649169922,-0.7490092515945435,12.878251075744627,-8.085700988769531,-5.133399963378906,-5.845191478729248,3.2459940910339355,3.356531381607056,0.1665195226669311,-1.0388672351837158,10.74051570892334,4.264804363250732,-1.7967467308044434,0.6763758063316345,-6.270155429840088,1.249142289161682,-11.50290298461914,5.977451324462891,-1.329912185668945,5.125976085662842,-7.785677909851074,6.099905490875244,6.605408191680908,-2.3670809268951416,-3.233031272888184,-7.231307029724121,-4.925085544586182,-6.740879058837891,-4.875765800476074,1.7445576190948486,4.29782247543335,3.539055347442627,0.5634061694145203,-8.298842430114746,-5.266367435455322,1.6806845664978027,-16.894365310668945,-0.5235974192619324,7.352763652801514,0.9471678733825684,-2.877465009689331,0.9631884694099426,-6.368358612060547,3.2275824546813965,10.637590408325195,-6.238519668579102,0.2053539901971817,6.533670425415039,-5.955473899841309,3.3663814067840576,-2.033928394317627,4.361780643463135,5.781437397003174,-2.606679201126098,-3.4968695640563965,-11.218637466430664,2.71764874458313,-1.0486427545547483,-9.81710433959961,8.085037231445312,4.1195478439331055,0.0862866640090942,5.316030025482178,1.910313367843628,2.204981565475464,7.618166923522949,5.761651515960693,-1.8850473165512085,1.7865525484085083,6.617343425750732,8.873276710510254,3.33513617515564,-8.437929153442383,-7.813893795013428,-5.70686674118042,-9.483272552490234,4.840532779693604,-6.507051944732666,-1.0086368322372437,3.962183713912964,1.3113559484481812,-4.580443859100342,-12.517704010009766,0.7524599432945251,2.696070671081543,-0.312035471200943,0.2640028595924377,-6.618084907531738,8.752388954162598,6.895278453826904,-5.114284515380859,3.92357873916626,-8.16207504272461,0.8939104080200195,-3.599245309829712,6.447327613830566,3.8860769271850586,-8.36452579498291,-7.198914051055908,-2.254830837249756,-6.305284023284912,0.2601590156555176,-1.0891495943069458,1.3377997875213623,10.417157173156738,12.0008544921875,-4.553763389587402,14.01251983642578,11.987130165100098,-2.383261680603028,8.885661125183105,-4.941793441772461,5.055570602416992,-2.2334351539611816,-1.321017861366272,-2.799278259277344,8.469417572021484,8.341862678527832,-0.7602313756942749,1.949970245361328,-1.4821383953094482,9.107065200805664,4.93346643447876,0.925297200679779,9.285404205322266,-3.9281041622161865,0.190222293138504,0.4236046075820923,-6.044441223144531,-4.256656169891357,3.0119171142578125,-4.2810959815979,-4.202249526977539,-1.9657695293426516,-3.302287340164185,1.3336572647094729,1.8778163194656368,-7.653614044189453,2.757951498031616,-2.160926580429077,-0.6926928162574768,2.1129045486450195,-8.226818084716797,-7.292380332946777,10.263701438903809,-0.5916587114334106,-0.2204736173152923,-0.4566525220870971,3.695947408676148,-3.8389534950256343,-4.514016628265381,9.891864776611328,-0.6616002321243286,7.825212478637695,-4.788428783416748,9.894676208496094,9.289493560791016,-2.5018818378448486,-2.351846218109131,-3.944159507751465,-5.182548999786377,-4.962783336639404,-0.484841525554657,-1.039586067199707,-1.818213701248169,-0.8804150223731995,0.0001587569713592,-1.9135347604751587,-4.075994968414307,-11.209864616394045,-2.883815050125122,1.523484706878662,3.894114017486572,3.4272756576538086,2.836699724197388,3.162927865982056,8.047365188598633,-2.806117296218872,10.627670288085938,4.779913425445557,10.658331871032717,-0.8814583420753479,11.159570693969728,-3.3254895210266118,5.222959518432617,-6.805491924285889,3.7819745540618896,-1.3544464111328125,0.328218936920166,5.586157321929932,-6.023768424987793,6.459705352783203,2.2548751831054688,-9.323707580566406,-4.176861763000488,1.3281548023223877,4.265664100646973,-4.238717079162598,-2.057384490966797,0.0645834058523178,4.576844692230225,-6.885026931762695,4.052011966705322,-0.3774528503417969,-4.222524642944336,-13.242738723754885,-0.922580361366272,-4.536360263824463,-2.758389711380005,-1.849092721939087,-5.4470648765563965,9.821346282958984,3.831568479537964,0.1145998239517211,4.807465553283691,-0.0657913982868194,-5.509400844573975,3.808341264724731,-11.799293518066406,-6.638668060302734,2.049530506134033,-5.251121520996094,-16.463022232055664,4.6586456298828125,0.9137042760849,-1.0410531759262085,-14.795313835144045,3.056485652923584,6.074760913848877,-7.938748359680176,7.157590866088867,-6.288382530212402,0.8095046281814575,8.51278305053711,5.419156551361084,7.879459381103516,3.2574284076690674,-4.908602237701416,-7.776828765869141,5.845327854156494,-0.360333651304245,-5.560301303863525,-0.200832188129425,5.68720817565918,-1.7145891189575195,0.488236129283905,-0.5130174160003662,-6.083734035491943,-0.0382809415459632,-2.365243673324585,-0.0965398252010345,0.3363812863826751,-5.316199779510498,-5.324353694915772,-11.962428092956545,-7.271577835083008,-0.3597064316272735,2.9058051109313965,0.3163439929485321,-1.6556191444396973,-6.6818437576293945,1.606097936630249,-1.7812625169754028,12.133715629577637,11.23170566558838,-4.186310291290283,-7.345931053161621,-5.1553730964660645,-7.255867004394531,-2.385580778121948,-10.590092658996582,-0.6805592179298401,-1.0,1.6989700043360183
OXYR_HUMAN,CHEMBL565189,COc1ccc(-n2c(C)nnc2-c2cnc(Oc3c(F)ccc(F)c3Cl)cn2)cn1,0,0,0,0,0,0,0,0,0,0,0,0,0,0,0,0,0,0,0,0,0,0,0,0,0,0,0,0,0,0,0,0,0,0,0,0,0,0,0,0,0,0,0,0,0,0,0,0,0,0,0,0,0,0,0,0,0,0,0,0,0,0,0,0,0,0,0,0,0,0,0,0,0,0,0,0,0,0,0,0,0,0,0,0,0,0,0,0,0,0,0,0,0,0,0,0,0,0,0,0,0,0,0,0,0,0,0,0,0,0,0,0,0,0,0,0,0,0,0,0,0,0,0,0,0,0,0,0,0,0,0,0,0,0,0,0,0,0,0,0,0,0,0,0,0,0,0,0,0,0,0,0,0,0,0,0,0,0,0,0,0,0,0,0,0,0,0,0,0,0,0,0,0,0,0,0,0,0,0,0,0,0,0,0,0,2,4,1,2,2,2,2,3,2,3,2,4,2,2,3,2,0,0,0,0,0,0,0,0,0,0,0,0,0,0,0,0,3,2,2,1,0,0,0,0,0,0,0,0,0,0,0,0,0,0,0,0,0,1,1,2,4,1,3,0,0,0,0,0,0,0,0,0,0,0,5,3,0,0,0,0,0,0,0,0,0,0,0,0,0,0,0,0,0,0,0,0,0,0,0,0,0,0,0,0,0,0,0,0,0,0,0,0,0,0,0,0,0,0,0,0,0,0,0,0,0,0,0,0,0,0,0,0,0,0,0,0,0,0,0,0,0,0,0,0,0,0,0,0,0,0,0,0,0,0,0,0,0,0,0,0,0,0,0,0,0,0,0,0,0,0,0,0,0,0,0,0,0,0,0,0,0,0,0,0,0,0,0,0,0,0,0,0,0,0,0,0,0,0,0,0,0,0,0,0,0,0,0,0,0,0,0,0,0,0,0,0,0,0,0,0,0,0,0,0,0,0,0,0,0,0,0,0,0,0,0,0,0,0,0,0,0,0,0,0,0,0,0,0,0,0,0,0,2,1,1,1,5,5,3,0,0,0,0,0,0,0,0,0,0,0,0,0,0,0,0,0,0,0,0,0,0,0,0,0,0,0,0,0,0,0,0,0,0,0,0,0,0,0,0,0,0,0,0,0,0,0,0,0,0,0,0,0,0,0,0,0,0,0,0,0,0,0,0,0,0,0,0,0,0,0,0,0,0,0,0,0,0,0,0,0,0,0,0,0,0,0,0,0,0,0,0,0,0,0,0,0,0,0,0,0,0,0,0,0,0,0,0,0,0,0,0,0,0,0,0,0,0,0,0,0,0,0,0,0,0,0,0,0,0,0,0,0,0,0,0,0,0,0,0,0,0,0,0,0,0,0,0,0,4,2,2,2,5,2,4,2,0,0,0,0,0,0,0,0,0,0,0,0,0,0,0,0,0,2,2,2,1,2,0,2,2,0,0,0,0,0,0,0,0,0,0,0,2,2,2,2,3,1,3,2,1,0,0,0,0,0,0,2,2,2,2,2,0,0,5,0,0,0,0,3,3,0,0,0,0,0,0,0,0,0,0,0,5,3,5,5,0,0,0,0,0,3,0,0,0,0,0,0,0,5,2,2,2,2,2,5,0,0,0,0,0,0,0,0,0,0,0,0,0,0,0,5,2,3,0,2,2,4,0,0,0,0,0,0,0,0,0,0,0,0,0,0,0,0,0,0,0,0,0,0,0,0,0,0,0,0,0,0,0,0,2,2,2,2,2,2,3,2,2,0,0,0,0,0,0,0,0,0,0,0,0,0,0,0,0,0,0,0,0,0,0,0,0,1,3,2,2,0,0,0,0,0,0,0,0,0,0,0,0,0,0,0,0,0,0,0,0,0,0,0,0,0,0,0,0,0,2,4,2,3,2,5,2,2,1,0,1,4,2,0,0,0,0,0,2,1,0,0,0,0,0,0,0,0,0,0,0,0,0,0,0,0,0,0,0,0,0,0,0,0,0,0,0,0,0,0,0,0,0,0,0,0,0,0,0,0,0,0,0,0,0,0,0,5,0,2,2,5,0,2,2,3,2,2,1,2,2,2,0,0,0,3,3,2,2,0,0,0,0,0,0,0,0,0,0,0,0,2,2,0,0,0,0,0,0,0,0,0,0,0,0,0,0,0,0,0,0,0,0,0,0,0,0,0,0,0,0,0,0,0,2,2,3,2,4,5,0,0,0,0,0,0,0,0,0,0,0,0,0,0,0,0,0,0,0,0,0,0,0,0,0,0,0,0,0,0,0,0,0,0,1,0,0,0,0,0,0,0,0,0,0,0,0,0,0,0,0,0,0,0,0,0,0,0,0,0,0,2,2,0,0,0,0,0,0,2,0,1,3,1,2,0,0,0,0,0,0,0,0,0,0,0,0,0,0,0,0,0,0,0,0,0,0,0,0,0,0,0,0,5,3,0,0,0,0,2,5,5,0,0,5,3,0,0,0,0,0,0,0,0,0,0,0,0,0,0,0,4,5,0,0,0,0,2,2,2,0,0,0,0,2,2,3,2,2,0,0,0,1,1,2,2,2,3,0,0,2,1,3,2,5,0,0,0,0,0,0,0,0,0,0,0,0,2,2,3,0,0,0,0,0,0,0,0,0,0,0,0,0,0,0,0,0,0,0,0,0,0,0,0,0,0,0,0,0,0,0,0,0,0,0,0,0,0,0,2,5,0,0,0,0,4,0,0,0,0,0,0,0,0,0,0,0,0,0,0,0,0,0,0,0,0,0,0,0,0,0,0,0,0,0,0,0,0,0,0,0,0,0,0,0,0,0,0,0,0,0,0,0,0,0,0,0,0,0,0,0,0,0,0,0,0,0,0,0,0,0,0,0,0,0,0,0,0,0,0,0,0,0,0,0,0,0,0,0,0,0,0,0,0,0,0,0,0,0,2,2,0,0,4,1,2,2,4,0,0,0,0,0,1,2,2,2,0,0,0,0,0,0,0,0,0,0,0,0,0,0,0,0,0,0,0,0,0,0,0,0,0,0,0,0,0,0,0,0,0,0,0,0,0,0,0,0,0,0,0,2,2,0,0,0,0,0,0,0,0,0,0,0,0,0,0,0,0,3,1,2,1,1,0,0,0,0,5,0,0,0,0,0,0,0,2,2,0,0,0,0,0,0,0,0,2,3,2,2,0,0,0,3,2,2,2,2,0,2,2,1,2,2,0,2,2,0,0,0,0,0,0,0,0,0,0,0,0,0,0,0,0,0,0,2,2,1,0,0,0,0,0,0,0,0,0,0,0,0,0,0,0,0,2,1,2,2,3,2,0,0,0,0,0,0,0,5,2,0,0,0,0,0,0,0,0,0,0,0,0,0,0,0,0,2,3,0,0,0,0,0,0,0,0,0,0,0,0,0,0,0,0,0,0,0,0,0,0,0,0,0,0,0,0,0,0,0,0,0,0,0,0,0,0,0,0,0,0,0,3,2,5,2,0,0,0,0,0,0,0,0,0,0,0,0,0,0,0,0,0,0,0,0,0,0,0,0,0,0,0,0,0,0,0,0,0,0,0,0,0,0,0,0,0,0,0,0,0,0,0,0,0,0,0,0,0,0,0,0,0,0,0,0,0,0,0,0,0,0,0,0,0,0,0,0,0,0,0,0,0,0,0,0,0,0,0,0,0,0,0,0,0,0,0,0,0,0,0,0,0,0,0,0,0,0,0,0,0,0,0,0,0,0,0,0,0,0,0,0,0,0,0,0,0,0,0,0,0,0,0,0,0,0,0,0,0,0,0,0,0,0,0,5,3,2,2,2,2,2,2,4,2,1,4,1,2,2,2,1,4,1,1,5,2,2,2,2,5,2,3,3,2,5,2,2,3,5,0,0,0,0,0,0,0,0,0,0,0,0,0,0,0,0,0,0,0,0,0,0,0,2,5,2,5,3,2,0,0,0,0,0,0,0,0,5,0,0,0,2,3,2,2,2,2,0,0,0,0,0,2,2,2,2,2,0,0,0,1,2,3,1,2,2,2,0,0,0,0,0,2,3,2,2,3,2,2,4,2,0,0,0,0,0,0,0,0,3,2,1,5,4,2,0,0,0,0,3,0,0,0,0,0,0,0,0,0,0,0,0,0,0,0,0,0,2,0,0,2,0,0,0,0,0,0,0,0,0,0,0,0,0,0,0,0,0,0,0,0,0,0,0,0,0,0,0,0,0,0,0,0,0,0,0,0,0,0,0,0,0,0,0,0,0,0,0,0,0,0,0,0,0,0,0,0,0,0,0,0,0,0,0,0,0,0,0,0,0,0,0,0,0,0,0,0,0,2,2,0,2,0,0,0,0,0,2,2,2,0,2,3,2,3,3,1,1,3,1,2,2,0,0,0,0,0,0,0,2,2,2,2,3,1,5,2,2,5,0,4,2,0,0,0,0,2,3,5,2,0,0,0,0,0,0,0,0,0,0,0,0,0,0,0,0,0,0,0,0,0,0,0,0,0,0,0,0,0,0,0,0,0,0,0,0,0,0,0,0,0,0,0,0,0,0,0,0,0,0,0,0,0,0,0,0,0,0,0,0,0,0,0,0,0,0,0,0,0,0,0,0,0,0,0,0,0,0,0,0,0,0,0,0,0,0,0,0,0,0,0,0,0,0,0,0,2,1,1,3,2,3,2,2,5,1,5,5,2,1,4,3,0,0,0,0,0,0,0,0,0,0,0,0,0,0,0,0,0,0,0,0,0,0,0,0,0,0,0,0,0,0,0,0,0,0,0,0,0,0,0,0,0,0,0,0,0,0,0,0,0,0,0,0,0,0,0,0,0,0,0,0,0,0,0,0,0,0,0,0,0,0,0,0,0,0,0,0,0,0,0,0,0,0,0,0,0,0,0,0,0,0,0,0,0,0,0,0,0,0,0,0,0,0,0,0,0,0,0,0,0,0,0,0,0,0,0,0,0,0,0,0,0,0,0,0,0,0,0,0,0,0,0,0,0,0,0,0,0,0,0,0,0,0,0,0,0,0,0,0,0,0,0,0,0,0,0,0,0,0,0,0,0,0,0,0,0,0,0,0,0,0,0,0,0,0,0,0,0,0,0,0,0,0,0,0,0,0,0,0,0,0,0,0,0,0,0,0,0,0,0,0,0,0,0,0,0,0,0,0,0,0,0,0,0,0,0,0,0,0,0,0,0,0,0,0,0,0,0,0,0,0,0,0,0,0,0,0,0,0,0,0,0,0,0,0,0,0,0,0,0,0,0,0,0,0,0,0,0,0,0,0,0,0,0,0,0,0,0,0,0,0,0,0,0,0,0,0,0,0,0,0,0,0,0,0,3,2,3,5,5,3,3,3,3,3,2,2,2,3,5,5,3,0,0,0,0,0,0,0,0,0,0,0,0,0,0,0,0,0,0,0,0,0,0,0,0,0,0,0,0,0,0,0,0,0,0,0,0,0,0,0,0,0,0,0,0,0,0,0,0,0,0,0,0,0,0,0,0,0,0,0,0,0,0,0,0,0,0,0,0,0,0,0,0,0,0,0,0,0,0,0,0,0,0,0,0,0,0,0,0,0,0,0,0,0,0,0,0,0,0,0,0,0,0,0,0,0,0,0,0,0,0,0,0,0,0,0,0,0,0,0,0,0,0,0,0,0,0,0,0,0,3,3,3,5,3,1,3,3,1,3,3,2,0,0,0,0,0,0,0,0,0,0,0,0,0,0,0,0,0,0,0,0,0,0,0,0,0,0,0,0,0,0,0,0,0,0,0,0,0,0,0,0,0,0,0,0,0,0,0,0,0,0,0,0,0,0,0,0,4.63370418548584,-5.598907470703125,-3.89681887626648,12.386469841003418,-0.4207545518875122,0.9564270973205566,-10.792852401733398,-1.2620362043380735,9.17508029937744,3.1011688709259038,-4.260332107543945,-1.9828723669052124,-10.839649200439451,1.7856982946395874,-7.41544771194458,-1.4205334186553955,3.773781776428223,-4.967309474945068,-2.51322603225708,9.88343620300293,6.187524318695068,5.530512809753418,15.71982765197754,9.409729957580566,-11.191924095153809,-0.9293777942657472,-0.6401109099388123,-10.904033660888672,0.8029884099960327,1.2985951900482178,14.683874130249023,-11.9730224609375,-6.295915603637695,-6.46872615814209,6.769724845886231,-0.1448138952255249,0.3853082954883575,-2.954404592514038,10.852948188781738,-1.3059158325195312,0.3174360990524292,-1.4102998971939087,-6.858743667602539,1.6953595876693726,-13.492192268371582,5.372374057769775,-3.622239828109741,7.835428714752197,-7.78049898147583,9.465409278869627,9.549497604370115,-8.161216735839844,-2.7844250202178955,-12.710949897766112,-6.050755023956299,-5.755578517913818,-4.953471660614014,0.8969271183013916,4.981945514678955,6.0616068840026855,0.8210138082504272,-12.405029296875,-4.048085689544678,-0.1207457929849624,-18.67446517944336,-3.5540807247161865,8.264016151428223,-2.028552770614624,-1.657703161239624,0.3594450056552887,-7.660464286804199,0.7884219884872437,10.421871185302734,-5.092619895935059,-1.5514342784881592,8.134950637817383,-5.515501499176025,2.1776556968688965,-3.1996915340423584,1.9226081371307373,6.663566112518311,-0.2146324515342712,-6.950333595275879,-9.086332321166992,3.3898770809173584,-2.012392997741699,-6.903234958648682,7.41776704788208,4.7513933181762695,-0.3102316856384277,7.740789413452148,-1.897386074066162,3.5747249126434326,5.731462478637695,2.2306315898895264,-1.098798155784607,2.2063639163970947,8.259931564331055,6.879132270812988,4.62006425857544,-11.15384292602539,-5.252767562866211,-3.664935350418091,-16.687280654907227,7.204101085662842,-2.1401772499084477,0.7052843570709229,3.805463552474976,-0.9781858921051024,-4.570300102233887,-15.017714500427246,1.738575458526611,3.312439441680908,1.3088345527648926,1.7779455184936523,-7.289130687713623,10.62430477142334,10.952800750732422,-4.912970542907715,6.842201232910156,-11.835622787475586,1.8837834596633911,-5.98742151260376,5.613118648529053,5.379645347595215,-7.357584476470947,-7.361627578735352,-0.5947508811950684,-2.2681214809417725,1.4273910522460938,-4.859034538269043,1.6146408319473269,11.551183700561523,8.085098266601562,-5.071719169616699,15.344496726989746,16.290990829467773,2.6348299980163574,9.86646556854248,-1.7606922388076782,5.885255813598633,-4.450298309326172,-8.101181983947754,-1.8361937999725344,8.34261703491211,7.039305686950684,-0.8933900594711304,0.2035146206617355,1.0512382984161377,7.32485818862915,12.783966064453123,0.747590184211731,10.744277000427246,-1.6360304355621338,-1.2434232234954834,3.4376626014709477,-7.027223587036133,-4.779592037200928,3.019456624984741,-4.321485996246338,-5.159548759460449,-6.957740783691406,-4.966466426849365,-3.5654520988464355,1.80796492099762,-11.365215301513672,2.045768976211548,-0.8723759651184082,-1.3329026699066162,3.921166896820069,-9.46976089477539,-9.168912887573242,8.675921440124512,0.3148849308490753,2.5602340698242188,6.347836971282959,8.972942352294922,-4.658430576324463,-1.8806171417236328,11.191095352172852,1.1270071268081665,5.204237461090088,-7.822785377502441,11.44566535949707,9.48416519165039,-0.0145357325673103,-5.358355522155762,-5.540431022644043,-5.92122745513916,-3.737489700317383,-3.450094699859619,0.7909661531448364,1.0746129751205444,1.7484867572784424,0.0943368002772331,0.7672677636146545,-6.098511219024658,-13.565074920654297,-2.9258384704589844,2.1294233798980717,4.992809772491455,4.512612342834473,6.378983497619629,3.767430067062378,7.697441101074219,-4.353310108184815,11.500076293945312,5.069262027740479,12.245582580566406,-1.349949598312378,11.531137466430664,-3.560224771499634,3.575149774551392,-10.118087768554688,0.7891660332679749,1.340795397758484,-1.1648612022399902,7.142910003662109,-11.548198699951172,4.552976131439209,0.7521721124649048,-7.189733982086182,-3.302746295928955,-1.272836208343506,4.639889717102051,-2.146531343460083,-4.342041969299316,3.787064790725708,5.842941284179688,-5.648366928100586,5.691263675689697,-2.172175884246826,-6.101664066314697,-14.282158851623535,-2.0030503273010254,-7.898022174835205,-4.342178821563721,-0.0838107913732528,-5.518365859985352,9.89415168762207,1.827110767364502,-0.26280078291893,3.470938444137573,1.6579123735427856,-6.839788913726807,3.204003095626831,-13.822572708129885,-9.253750801086426,-1.95064115524292,-7.562137603759766,-16.286884307861328,2.1813595294952397,-3.4030158519744877,0.22141133248806,-18.24158096313477,1.8207464218139648,4.575493812561035,-7.329111099243164,4.916522979736328,-5.429812431335449,4.069821357727051,6.986268520355225,9.302212715148926,11.99205493927002,3.952922582626343,-3.391920566558838,-10.379999160766602,7.106579780578613,-3.661225080490112,-2.2473514080047607,-4.461114883422852,2.9756829738616943,-5.407075881958008,4.326748371124268,-0.932134449481964,-5.140079498291016,-3.1983065605163574,-0.5520203709602356,2.31095290184021,-0.2437781691551208,-5.171457767486572,-6.171151638031006,-18.04324722290039,-6.256078243255615,-0.49818816781044,2.6765146255493164,2.111060380935669,-1.0876399278640747,-4.914917945861816,3.161230564117432,-2.90662169456482,10.523452758789062,14.593915939331056,-2.886558532714844,-7.644874572753906,-4.964688301086426,-4.027774333953857,-3.823997735977173,-14.12786865234375,-2.3212878704071045,-1.0,0.9444826721501686
OXYR_HUMAN,CHEMBL3229632,CCC(C)C1NC(=O)C(Cc2ccc(O)cc2)NC(=O)CC(C)(C)SSCC(C(=O)N2CCCC2C(=O)NC(CC(C)C)C(=O)NCC(N)=O)NC(=O)C(CC(N)=O)NC(=O)C(CCC(N)=O)NC1=O,0,0,0,0,0,0,0,0,0,0,0,0,0,0,0,0,0,0,0,0,0,0,0,0,0,0,0,0,0,0,0,0,0,0,0,0,0,0,0,0,0,0,0,0,0,0,0,0,0,0,0,0,0,0,0,0,0,0,0,0,0,0,0,0,0,0,0,0,0,0,0,0,0,0,0,0,0,0,0,0,0,0,0,0,0,0,0,0,0,0,0,0,0,0,0,0,0,0,0,0,0,0,0,0,0,0,0,0,0,0,0,0,0,0,0,0,0,0,0,0,0,0,0,0,0,0,0,0,0,0,0,0,0,0,0,0,0,0,0,0,0,0,0,0,0,0,0,0,0,0,0,0,0,0,0,0,0,0,0,0,0,0,0,0,0,0,0,0,0,0,0,0,0,0,0,0,0,0,0,0,0,0,0,0,0,2,4,1,2,2,2,2,3,2,3,2,4,2,2,3,2,0,0,0,0,0,0,0,0,0,0,0,0,0,0,0,0,3,2,2,1,0,0,0,0,0,0,0,0,0,0,0,0,0,0,0,0,0,1,1,2,4,1,3,0,0,0,0,0,0,0,0,0,0,0,5,3,0,0,0,0,0,0,0,0,0,0,0,0,0,0,0,0,0,0,0,0,0,0,0,0,0,0,0,0,0,0,0,0,0,0,0,0,0,0,0,0,0,0,0,0,0,0,0,0,0,0,0,0,0,0,0,0,0,0,0,0,0,0,0,0,0,0,0,0,0,0,0,0,0,0,0,0,0,0,0,0,0,0,0,0,0,0,0,0,0,0,0,0,0,0,0,0,0,0,0,0,0,0,0,0,0,0,0,0,0,0,0,0,0,0,0,0,0,0,0,0,0,0,0,0,0,0,0,0,0,0,0,0,0,0,0,0,0,0,0,0,0,0,0,0,0,0,0,0,0,0,0,0,0,0,0,0,0,0,0,0,0,0,0,0,0,0,0,0,0,0,0,0,0,0,0,0,2,1,1,1,5,5,3,0,0,0,0,0,0,0,0,0,0,0,0,0,0,0,0,0,0,0,0,0,0,0,0,0,0,0,0,0,0,0,0,0,0,0,0,0,0,0,0,0,0,0,0,0,0,0,0,0,0,0,0,0,0,0,0,0,0,0,0,0,0,0,0,0,0,0,0,0,0,0,0,0,0,0,0,0,0,0,0,0,0,0,0,0,0,0,0,0,0,0,0,0,0,0,0,0,0,0,0,0,0,0,0,0,0,0,0,0,0,0,0,0,0,0,0,0,0,0,0,0,0,0,0,0,0,0,0,0,0,0,0,0,0,0,0,0,0,0,0,0,0,0,0,0,0,0,0,0,4,2,2,2,5,2,4,2,0,0,0,0,0,0,0,0,0,0,0,0,0,0,0,0,0,2,2,2,1,2,0,2,2,0,0,0,0,0,0,0,0,0,0,0,2,2,2,2,3,1,3,2,1,0,0,0,0,0,0,2,2,2,2,2,0,0,5,0,0,0,0,3,3,0,0,0,0,0,0,0,0,0,0,0,5,3,5,5,0,0,0,0,0,3,0,0,0,0,0,0,0,5,2,2,2,2,2,5,0,0,0,0,0,0,0,0,0,0,0,0,0,0,0,5,2,3,0,2,2,4,0,0,0,0,0,0,0,0,0,0,0,0,0,0,0,0,0,0,0,0,0,0,0,0,0,0,0,0,0,0,0,0,2,2,2,2,2,2,3,2,2,0,0,0,0,0,0,0,0,0,0,0,0,0,0,0,0,0,0,0,0,0,0,0,0,1,3,2,2,0,0,0,0,0,0,0,0,0,0,0,0,0,0,0,0,0,0,0,0,0,0,0,0,0,0,0,0,0,2,4,2,3,2,5,2,2,1,0,1,4,2,0,0,0,0,0,2,1,0,0,0,0,0,0,0,0,0,0,0,0,0,0,0,0,0,0,0,0,0,0,0,0,0,0,0,0,0,0,0,0,0,0,0,0,0,0,0,0,0,0,0,0,0,0,0,5,0,2,2,5,0,2,2,3,2,2,1,2,2,2,0,0,0,3,3,2,2,0,0,0,0,0,0,0,0,0,0,0,0,2,2,0,0,0,0,0,0,0,0,0,0,0,0,0,0,0,0,0,0,0,0,0,0,0,0,0,0,0,0,0,0,0,2,2,3,2,4,5,0,0,0,0,0,0,0,0,0,0,0,0,0,0,0,0,0,0,0,0,0,0,0,0,0,0,0,0,0,0,0,0,0,0,1,0,0,0,0,0,0,0,0,0,0,0,0,0,0,0,0,0,0,0,0,0,0,0,0,0,0,2,2,0,0,0,0,0,0,2,0,1,3,1,2,0,0,0,0,0,0,0,0,0,0,0,0,0,0,0,0,0,0,0,0,0,0,0,0,0,0,0,0,5,3,0,0,0,0,2,5,5,0,0,5,3,0,0,0,0,0,0,0,0,0,0,0,0,0,0,0,4,5,0,0,0,0,2,2,2,0,0,0,0,2,2,3,2,2,0,0,0,1,1,2,2,2,3,0,0,2,1,3,2,5,0,0,0,0,0,0,0,0,0,0,0,0,2,2,3,0,0,0,0,0,0,0,0,0,0,0,0,0,0,0,0,0,0,0,0,0,0,0,0,0,0,0,0,0,0,0,0,0,0,0,0,0,0,0,2,5,0,0,0,0,4,0,0,0,0,0,0,0,0,0,0,0,0,0,0,0,0,0,0,0,0,0,0,0,0,0,0,0,0,0,0,0,0,0,0,0,0,0,0,0,0,0,0,0,0,0,0,0,0,0,0,0,0,0,0,0,0,0,0,0,0,0,0,0,0,0,0,0,0,0,0,0,0,0,0,0,0,0,0,0,0,0,0,0,0,0,0,0,0,0,0,0,0,0,2,2,0,0,4,1,2,2,4,0,0,0,0,0,1,2,2,2,0,0,0,0,0,0,0,0,0,0,0,0,0,0,0,0,0,0,0,0,0,0,0,0,0,0,0,0,0,0,0,0,0,0,0,0,0,0,0,0,0,0,0,2,2,0,0,0,0,0,0,0,0,0,0,0,0,0,0,0,0,3,1,2,1,1,0,0,0,0,5,0,0,0,0,0,0,0,2,2,0,0,0,0,0,0,0,0,2,3,2,2,0,0,0,3,2,2,2,2,0,2,2,1,2,2,0,2,2,0,0,0,0,0,0,0,0,0,0,0,0,0,0,0,0,0,0,2,2,1,0,0,0,0,0,0,0,0,0,0,0,0,0,0,0,0,2,1,2,2,3,2,0,0,0,0,0,0,0,5,2,0,0,0,0,0,0,0,0,0,0,0,0,0,0,0,0,2,3,0,0,0,0,0,0,0,0,0,0,0,0,0,0,0,0,0,0,0,0,0,0,0,0,0,0,0,0,0,0,0,0,0,0,0,0,0,0,0,0,0,0,0,3,2,5,2,0,0,0,0,0,0,0,0,0,0,0,0,0,0,0,0,0,0,0,0,0,0,0,0,0,0,0,0,0,0,0,0,0,0,0,0,0,0,0,0,0,0,0,0,0,0,0,0,0,0,0,0,0,0,0,0,0,0,0,0,0,0,0,0,0,0,0,0,0,0,0,0,0,0,0,0,0,0,0,0,0,0,0,0,0,0,0,0,0,0,0,0,0,0,0,0,0,0,0,0,0,0,0,0,0,0,0,0,0,0,0,0,0,0,0,0,0,0,0,0,0,0,0,0,0,0,0,0,0,0,0,0,0,0,0,0,0,0,0,5,3,2,2,2,2,2,2,4,2,1,4,1,2,2,2,1,4,1,1,5,2,2,2,2,5,2,3,3,2,5,2,2,3,5,0,0,0,0,0,0,0,0,0,0,0,0,0,0,0,0,0,0,0,0,0,0,0,2,5,2,5,3,2,0,0,0,0,0,0,0,0,5,0,0,0,2,3,2,2,2,2,0,0,0,0,0,2,2,2,2,2,0,0,0,1,2,3,1,2,2,2,0,0,0,0,0,2,3,2,2,3,2,2,4,2,0,0,0,0,0,0,0,0,3,2,1,5,4,2,0,0,0,0,3,0,0,0,0,0,0,0,0,0,0,0,0,0,0,0,0,0,2,0,0,2,0,0,0,0,0,0,0,0,0,0,0,0,0,0,0,0,0,0,0,0,0,0,0,0,0,0,0,0,0,0,0,0,0,0,0,0,0,0,0,0,0,0,0,0,0,0,0,0,0,0,0,0,0,0,0,0,0,0,0,0,0,0,0,0,0,0,0,0,0,0,0,0,0,0,0,0,0,2,2,0,2,0,0,0,0,0,2,2,2,0,2,3,2,3,3,1,1,3,1,2,2,0,0,0,0,0,0,0,2,2,2,2,3,1,5,2,2,5,0,4,2,0,0,0,0,2,3,5,2,0,0,0,0,0,0,0,0,0,0,0,0,0,0,0,0,0,0,0,0,0,0,0,0,0,0,0,0,0,0,0,0,0,0,0,0,0,0,0,0,0,0,0,0,0,0,0,0,0,0,0,0,0,0,0,0,0,0,0,0,0,0,0,0,0,0,0,0,0,0,0,0,0,0,0,0,0,0,0,0,0,0,0,0,0,0,0,0,0,0,0,0,0,0,0,0,2,1,1,3,2,3,2,2,5,1,5,5,2,1,4,3,0,0,0,0,0,0,0,0,0,0,0,0,0,0,0,0,0,0,0,0,0,0,0,0,0,0,0,0,0,0,0,0,0,0,0,0,0,0,0,0,0,0,0,0,0,0,0,0,0,0,0,0,0,0,0,0,0,0,0,0,0,0,0,0,0,0,0,0,0,0,0,0,0,0,0,0,0,0,0,0,0,0,0,0,0,0,0,0,0,0,0,0,0,0,0,0,0,0,0,0,0,0,0,0,0,0,0,0,0,0,0,0,0,0,0,0,0,0,0,0,0,0,0,0,0,0,0,0,0,0,0,0,0,0,0,0,0,0,0,0,0,0,0,0,0,0,0,0,0,0,0,0,0,0,0,0,0,0,0,0,0,0,0,0,0,0,0,0,0,0,0,0,0,0,0,0,0,0,0,0,0,0,0,0,0,0,0,0,0,0,0,0,0,0,0,0,0,0,0,0,0,0,0,0,0,0,0,0,0,0,0,0,0,0,0,0,0,0,0,0,0,0,0,0,0,0,0,0,0,0,0,0,0,0,0,0,0,0,0,0,0,0,0,0,0,0,0,0,0,0,0,0,0,0,0,0,0,0,0,0,0,0,0,0,0,0,0,0,0,0,0,0,0,0,0,0,0,0,0,0,0,0,0,0,3,2,3,5,5,3,3,3,3,3,2,2,2,3,5,5,3,0,0,0,0,0,0,0,0,0,0,0,0,0,0,0,0,0,0,0,0,0,0,0,0,0,0,0,0,0,0,0,0,0,0,0,0,0,0,0,0,0,0,0,0,0,0,0,0,0,0,0,0,0,0,0,0,0,0,0,0,0,0,0,0,0,0,0,0,0,0,0,0,0,0,0,0,0,0,0,0,0,0,0,0,0,0,0,0,0,0,0,0,0,0,0,0,0,0,0,0,0,0,0,0,0,0,0,0,0,0,0,0,0,0,0,0,0,0,0,0,0,0,0,0,0,0,0,0,0,3,3,3,5,3,1,3,3,1,3,3,2,0,0,0,0,0,0,0,0,0,0,0,0,0,0,0,0,0,0,0,0,0,0,0,0,0,0,0,0,0,0,0,0,0,0,0,0,0,0,0,0,0,0,0,0,0,0,0,0,0,0,0,0,0,0,0,0,0.6918739080429077,-5.933166027069092,-3.782416582107544,5.861173629760742,3.501582622528076,-17.230073928833008,-29.8116512298584,-2.969571828842163,23.516752243041992,-4.261682987213135,6.150310039520264,19.49204635620117,1.7053940296173096,13.392221450805664,-30.28133583068848,-0.2722148597240448,24.31707572937012,-26.49569702148437,-30.27499389648437,36.189430236816406,8.974148750305176,14.982420921325684,55.548622131347656,15.798831939697266,-19.59140396118164,6.37727689743042,-18.02004623413086,-36.06893539428711,2.0072028636932373,-15.745405197143556,20.603534698486328,-9.472795486450195,-15.678327560424805,3.509487628936768,-2.210288524627685,11.329427719116213,4.558817863464356,-3.569962978363037,22.44573211669922,21.290891647338867,1.8638699054718015,4.388665676116943,-5.400701999664307,-10.588619232177734,-24.44106674194336,21.66550064086914,10.308801651000977,40.05708312988281,-8.705050468444824,0.2877077460289001,8.973392486572266,-24.782442092895508,0.7738509774208069,-18.43935203552246,-35.657554626464844,-23.21224403381348,-15.87807559967041,17.02263641357422,5.570903301239014,9.65234088897705,0.8479053974151611,-17.913005828857422,-18.32599258422852,14.34816074371338,-43.865867614746094,5.177325248718262,19.81410026550293,10.2686185836792,-18.044374465942383,-1.0718026161193848,-8.190275192260742,14.695287704467772,13.04244899749756,-31.18490600585937,-1.870147943496704,5.951391220092773,-27.128177642822266,2.2012388706207275,7.9279704093933105,0.4260615706443786,19.17510414123535,-0.9509445428848268,-9.056273460388184,-37.73819732666016,21.39281272888184,-12.683459281921388,-11.81816577911377,4.918620586395264,8.20639705657959,-1.0120998620986938,6.44699764251709,14.248798370361328,14.109111785888672,4.497376441955566,7.773561000823975,-4.4262213706970215,19.72830009460449,10.45456314086914,18.304048538208008,-10.435548782348633,-10.0283784866333,-19.81769371032715,-24.09436798095703,-12.659586906433104,12.557503700256348,-31.395586013793945,-15.839088439941406,14.100460052490234,6.911162376403809,-20.5568904876709,-21.61996078491211,15.129365921020508,9.93752670288086,-12.675020217895508,-3.8088669776916495,-8.839339256286621,19.47997093200684,23.09538459777832,-4.150015830993652,5.765880584716797,-11.314651489257812,15.959741592407228,2.483600616455078,31.22419548034668,1.653669357299805,-36.78010940551758,-29.159896850585938,3.4144091606140137,-15.305988311767578,-1.708446025848389,0.3112353086471557,-3.8628549575805664,13.945388793945312,40.02104187011719,5.418508052825928,32.822792053222656,-2.3759195804595947,-8.678299903869629,20.18107795715332,-13.8694429397583,25.12261962890625,-2.5356199741363525,-10.069395065307615,-6.492652416229248,14.023604393005373,3.574347972869873,6.195383071899414,7.599123001098633,10.553256034851074,33.75756072998047,-3.808757305145264,18.144750595092773,18.821977615356445,-22.515722274780277,-5.515563011169434,0.9926387071609496,-18.519184112548828,-2.385178565979004,-0.0446323603391647,-18.357053756713867,6.90654182434082,13.238839149475098,-12.871733665466309,8.437715530395508,17.001012802124023,-26.31585693359375,10.92505168914795,-9.762004852294922,1.4227957725524902,15.584012985229492,-14.427241325378418,-22.245471954345703,34.23319625854492,-6.269992351531982,15.980122566223145,-5.253298759460449,13.819913864135742,-2.345903158187866,-12.579543113708496,22.561424255371094,-14.27688980102539,23.129281997680664,-2.296728134155273,31.01203155517578,11.917993545532228,-10.05681037902832,1.3544591665267944,1.8781360387802124,-5.5678558349609375,-19.300424575805664,2.41078519821167,-6.818837642669678,-18.55882453918457,5.830851078033447,13.540411949157717,5.47907829284668,0.3449470996856689,-28.287582397460938,-7.811897754669189,-10.186006546020508,0.224381685256958,-5.600487232208252,9.42099952697754,-3.2875263690948486,-0.9434289932250975,-4.042586803436279,31.64064216613769,27.79693984985352,26.78494071960449,-13.54247760772705,31.22589111328125,-0.5432496666908264,35.61231231689453,-14.963903427124023,14.075453758239746,-3.682365894317627,12.4177827835083,12.503863334655762,-11.783435821533203,14.303292274475098,11.534703254699709,-20.34861946105957,-10.01816177368164,2.0175578594207764,7.317706108093262,-15.262520790100098,-3.350328207015991,-4.544919013977051,12.015596389770508,-26.52953147888184,6.064746856689453,-4.449950218200684,-21.2556209564209,-25.39236640930176,3.5522475242614746,-26.925806045532227,-3.923149108886719,-8.450922012329102,-9.257219314575195,29.640174865722656,19.61475944519043,-28.657394409179688,20.69345474243164,-6.789265155792236,-3.3269803524017334,23.31757164001465,-41.64833831787109,-16.336837768554688,0.2970515787601471,11.006982803344728,-47.54661178588867,11.661417961120604,10.530369758605955,-8.352323532104492,-26.16704750061035,20.600343704223636,3.975275039672852,-17.67428207397461,32.624637603759766,-27.539045333862305,-6.532506942749023,8.178556442260742,3.3882555961608887,17.106300354003906,-3.105370044708252,-24.373743057250977,-9.745606422424316,2.228327989578247,7.811980724334717,-22.04780578613281,5.608665943145752,12.537660598754885,-13.196022987365724,2.023726224899292,1.67079758644104,-22.748455047607425,-10.841649055480955,-8.31650447845459,-9.99223518371582,19.19829368591309,-16.301244735717773,-19.103973388671875,-24.973907470703125,-14.57631778717041,-12.128239631652832,14.973095893859863,-0.0551887452602386,-3.0072731971740723,-12.451396942138672,-7.659879207611084,8.634895324707031,31.30388641357422,10.732982635498049,9.49692726135254,-30.12251091003418,-20.78225326538086,-15.682839393615724,-23.500463485717773,-43.66474151611328,-0.4298235774040222,-1.0,2.0599418880619544
OXYR_HUMAN,CHEMBL371223,COc1ccc(S(=O)(=O)N(CC(=O)NNC2=c3ccccc3=NC2=O)c2ccc(Cl)cc2)cc1OC,0,0,0,0,0,0,0,0,0,0,0,0,0,0,0,0,0,0,0,0,0,0,0,0,0,0,0,0,0,0,0,0,0,0,0,0,0,0,0,0,0,0,0,0,0,0,0,0,0,0,0,0,0,0,0,0,0,0,0,0,0,0,0,0,0,0,0,0,0,0,0,0,0,0,0,0,0,0,0,0,0,0,0,0,0,0,0,0,0,0,0,0,0,0,0,0,0,0,0,0,0,0,0,0,0,0,0,0,0,0,0,0,0,0,0,0,0,0,0,0,0,0,0,0,0,0,0,0,0,0,0,0,0,0,0,0,0,0,0,0,0,0,0,0,0,0,0,0,0,0,0,0,0,0,0,0,0,0,0,0,0,0,0,0,0,0,0,0,0,0,0,0,0,0,0,0,0,0,0,0,0,0,0,0,0,2,4,1,2,2,2,2,3,2,3,2,4,2,2,3,2,0,0,0,0,0,0,0,0,0,0,0,0,0,0,0,0,3,2,2,1,0,0,0,0,0,0,0,0,0,0,0,0,0,0,0,0,0,1,1,2,4,1,3,0,0,0,0,0,0,0,0,0,0,0,5,3,0,0,0,0,0,0,0,0,0,0,0,0,0,0,0,0,0,0,0,0,0,0,0,0,0,0,0,0,0,0,0,0,0,0,0,0,0,0,0,0,0,0,0,0,0,0,0,0,0,0,0,0,0,0,0,0,0,0,0,0,0,0,0,0,0,0,0,0,0,0,0,0,0,0,0,0,0,0,0,0,0,0,0,0,0,0,0,0,0,0,0,0,0,0,0,0,0,0,0,0,0,0,0,0,0,0,0,0,0,0,0,0,0,0,0,0,0,0,0,0,0,0,0,0,0,0,0,0,0,0,0,0,0,0,0,0,0,0,0,0,0,0,0,0,0,0,0,0,0,0,0,0,0,0,0,0,0,0,0,0,0,0,0,0,0,0,0,0,0,0,0,0,0,0,0,0,2,1,1,1,5,5,3,0,0,0,0,0,0,0,0,0,0,0,0,0,0,0,0,0,0,0,0,0,0,0,0,0,0,0,0,0,0,0,0,0,0,0,0,0,0,0,0,0,0,0,0,0,0,0,0,0,0,0,0,0,0,0,0,0,0,0,0,0,0,0,0,0,0,0,0,0,0,0,0,0,0,0,0,0,0,0,0,0,0,0,0,0,0,0,0,0,0,0,0,0,0,0,0,0,0,0,0,0,0,0,0,0,0,0,0,0,0,0,0,0,0,0,0,0,0,0,0,0,0,0,0,0,0,0,0,0,0,0,0,0,0,0,0,0,0,0,0,0,0,0,0,0,0,0,0,0,4,2,2,2,5,2,4,2,0,0,0,0,0,0,0,0,0,0,0,0,0,0,0,0,0,2,2,2,1,2,0,2,2,0,0,0,0,0,0,0,0,0,0,0,2,2,2,2,3,1,3,2,1,0,0,0,0,0,0,2,2,2,2,2,0,0,5,0,0,0,0,3,3,0,0,0,0,0,0,0,0,0,0,0,5,3,5,5,0,0,0,0,0,3,0,0,0,0,0,0,0,5,2,2,2,2,2,5,0,0,0,0,0,0,0,0,0,0,0,0,0,0,0,5,2,3,0,2,2,4,0,0,0,0,0,0,0,0,0,0,0,0,0,0,0,0,0,0,0,0,0,0,0,0,0,0,0,0,0,0,0,0,2,2,2,2,2,2,3,2,2,0,0,0,0,0,0,0,0,0,0,0,0,0,0,0,0,0,0,0,0,0,0,0,0,1,3,2,2,0,0,0,0,0,0,0,0,0,0,0,0,0,0,0,0,0,0,0,0,0,0,0,0,0,0,0,0,0,2,4,2,3,2,5,2,2,1,0,1,4,2,0,0,0,0,0,2,1,0,0,0,0,0,0,0,0,0,0,0,0,0,0,0,0,0,0,0,0,0,0,0,0,0,0,0,0,0,0,0,0,0,0,0,0,0,0,0,0,0,0,0,0,0,0,0,5,0,2,2,5,0,2,2,3,2,2,1,2,2,2,0,0,0,3,3,2,2,0,0,0,0,0,0,0,0,0,0,0,0,2,2,0,0,0,0,0,0,0,0,0,0,0,0,0,0,0,0,0,0,0,0,0,0,0,0,0,0,0,0,0,0,0,2,2,3,2,4,5,0,0,0,0,0,0,0,0,0,0,0,0,0,0,0,0,0,0,0,0,0,0,0,0,0,0,0,0,0,0,0,0,0,0,1,0,0,0,0,0,0,0,0,0,0,0,0,0,0,0,0,0,0,0,0,0,0,0,0,0,0,2,2,0,0,0,0,0,0,2,0,1,3,1,2,0,0,0,0,0,0,0,0,0,0,0,0,0,0,0,0,0,0,0,0,0,0,0,0,0,0,0,0,5,3,0,0,0,0,2,5,5,0,0,5,3,0,0,0,0,0,0,0,0,0,0,0,0,0,0,0,4,5,0,0,0,0,2,2,2,0,0,0,0,2,2,3,2,2,0,0,0,1,1,2,2,2,3,0,0,2,1,3,2,5,0,0,0,0,0,0,0,0,0,0,0,0,2,2,3,0,0,0,0,0,0,0,0,0,0,0,0,0,0,0,0,0,0,0,0,0,0,0,0,0,0,0,0,0,0,0,0,0,0,0,0,0,0,0,2,5,0,0,0,0,4,0,0,0,0,0,0,0,0,0,0,0,0,0,0,0,0,0,0,0,0,0,0,0,0,0,0,0,0,0,0,0,0,0,0,0,0,0,0,0,0,0,0,0,0,0,0,0,0,0,0,0,0,0,0,0,0,0,0,0,0,0,0,0,0,0,0,0,0,0,0,0,0,0,0,0,0,0,0,0,0,0,0,0,0,0,0,0,0,0,0,0,0,0,2,2,0,0,4,1,2,2,4,0,0,0,0,0,1,2,2,2,0,0,0,0,0,0,0,0,0,0,0,0,0,0,0,0,0,0,0,0,0,0,0,0,0,0,0,0,0,0,0,0,0,0,0,0,0,0,0,0,0,0,0,2,2,0,0,0,0,0,0,0,0,0,0,0,0,0,0,0,0,3,1,2,1,1,0,0,0,0,5,0,0,0,0,0,0,0,2,2,0,0,0,0,0,0,0,0,2,3,2,2,0,0,0,3,2,2,2,2,0,2,2,1,2,2,0,2,2,0,0,0,0,0,0,0,0,0,0,0,0,0,0,0,0,0,0,2,2,1,0,0,0,0,0,0,0,0,0,0,0,0,0,0,0,0,2,1,2,2,3,2,0,0,0,0,0,0,0,5,2,0,0,0,0,0,0,0,0,0,0,0,0,0,0,0,0,2,3,0,0,0,0,0,0,0,0,0,0,0,0,0,0,0,0,0,0,0,0,0,0,0,0,0,0,0,0,0,0,0,0,0,0,0,0,0,0,0,0,0,0,0,3,2,5,2,0,0,0,0,0,0,0,0,0,0,0,0,0,0,0,0,0,0,0,0,0,0,0,0,0,0,0,0,0,0,0,0,0,0,0,0,0,0,0,0,0,0,0,0,0,0,0,0,0,0,0,0,0,0,0,0,0,0,0,0,0,0,0,0,0,0,0,0,0,0,0,0,0,0,0,0,0,0,0,0,0,0,0,0,0,0,0,0,0,0,0,0,0,0,0,0,0,0,0,0,0,0,0,0,0,0,0,0,0,0,0,0,0,0,0,0,0,0,0,0,0,0,0,0,0,0,0,0,0,0,0,0,0,0,0,0,0,0,0,5,3,2,2,2,2,2,2,4,2,1,4,1,2,2,2,1,4,1,1,5,2,2,2,2,5,2,3,3,2,5,2,2,3,5,0,0,0,0,0,0,0,0,0,0,0,0,0,0,0,0,0,0,0,0,0,0,0,2,5,2,5,3,2,0,0,0,0,0,0,0,0,5,0,0,0,2,3,2,2,2,2,0,0,0,0,0,2,2,2,2,2,0,0,0,1,2,3,1,2,2,2,0,0,0,0,0,2,3,2,2,3,2,2,4,2,0,0,0,0,0,0,0,0,3,2,1,5,4,2,0,0,0,0,3,0,0,0,0,0,0,0,0,0,0,0,0,0,0,0,0,0,2,0,0,2,0,0,0,0,0,0,0,0,0,0,0,0,0,0,0,0,0,0,0,0,0,0,0,0,0,0,0,0,0,0,0,0,0,0,0,0,0,0,0,0,0,0,0,0,0,0,0,0,0,0,0,0,0,0,0,0,0,0,0,0,0,0,0,0,0,0,0,0,0,0,0,0,0,0,0,0,0,2,2,0,2,0,0,0,0,0,2,2,2,0,2,3,2,3,3,1,1,3,1,2,2,0,0,0,0,0,0,0,2,2,2,2,3,1,5,2,2,5,0,4,2,0,0,0,0,2,3,5,2,0,0,0,0,0,0,0,0,0,0,0,0,0,0,0,0,0,0,0,0,0,0,0,0,0,0,0,0,0,0,0,0,0,0,0,0,0,0,0,0,0,0,0,0,0,0,0,0,0,0,0,0,0,0,0,0,0,0,0,0,0,0,0,0,0,0,0,0,0,0,0,0,0,0,0,0,0,0,0,0,0,0,0,0,0,0,0,0,0,0,0,0,0,0,0,0,2,1,1,3,2,3,2,2,5,1,5,5,2,1,4,3,0,0,0,0,0,0,0,0,0,0,0,0,0,0,0,0,0,0,0,0,0,0,0,0,0,0,0,0,0,0,0,0,0,0,0,0,0,0,0,0,0,0,0,0,0,0,0,0,0,0,0,0,0,0,0,0,0,0,0,0,0,0,0,0,0,0,0,0,0,0,0,0,0,0,0,0,0,0,0,0,0,0,0,0,0,0,0,0,0,0,0,0,0,0,0,0,0,0,0,0,0,0,0,0,0,0,0,0,0,0,0,0,0,0,0,0,0,0,0,0,0,0,0,0,0,0,0,0,0,0,0,0,0,0,0,0,0,0,0,0,0,0,0,0,0,0,0,0,0,0,0,0,0,0,0,0,0,0,0,0,0,0,0,0,0,0,0,0,0,0,0,0,0,0,0,0,0,0,0,0,0,0,0,0,0,0,0,0,0,0,0,0,0,0,0,0,0,0,0,0,0,0,0,0,0,0,0,0,0,0,0,0,0,0,0,0,0,0,0,0,0,0,0,0,0,0,0,0,0,0,0,0,0,0,0,0,0,0,0,0,0,0,0,0,0,0,0,0,0,0,0,0,0,0,0,0,0,0,0,0,0,0,0,0,0,0,0,0,0,0,0,0,0,0,0,0,0,0,0,0,0,0,0,0,3,2,3,5,5,3,3,3,3,3,2,2,2,3,5,5,3,0,0,0,0,0,0,0,0,0,0,0,0,0,0,0,0,0,0,0,0,0,0,0,0,0,0,0,0,0,0,0,0,0,0,0,0,0,0,0,0,0,0,0,0,0,0,0,0,0,0,0,0,0,0,0,0,0,0,0,0,0,0,0,0,0,0,0,0,0,0,0,0,0,0,0,0,0,0,0,0,0,0,0,0,0,0,0,0,0,0,0,0,0,0,0,0,0,0,0,0,0,0,0,0,0,0,0,0,0,0,0,0,0,0,0,0,0,0,0,0,0,0,0,0,0,0,0,0,0,3,3,3,5,3,1,3,3,1,3,3,2,0,0,0,0,0,0,0,0,0,0,0,0,0,0,0,0,0,0,0,0,0,0,0,0,0,0,0,0,0,0,0,0,0,0,0,0,0,0,0,0,0,0,0,0,0,0,0,0,0,0,0,0,0,0,0,0,1.3097379207611084,-5.098589420318604,-6.179977416992188,8.928590774536133,1.6507664918899536,-1.0829869508743286,-15.595874786376951,0.8283541798591614,12.290474891662598,7.442419528961182,-4.8049139976501465,1.3390297889709473,-13.619245529174805,-0.6949821710586548,-5.183618068695068,0.0422699749469757,4.200745105743408,-5.124800205230713,-5.202579975128174,10.85622787475586,0.7396266460418701,8.738707542419434,22.29364013671875,8.329251289367676,-12.828253746032717,-0.2856280207633972,2.061912775039673,-11.84115219116211,3.427705764770508,0.3998037576675415,16.458967208862305,-10.585575103759766,-3.1911745071411133,-9.654929161071776,3.3221752643585205,-0.661514937877655,1.2809592485427856,1.7125571966171265,9.956207275390623,4.504454135894775,0.418790340423584,-2.3845643997192383,-8.742785453796387,0.7075074911117554,-12.88784408569336,5.284210681915283,-0.4789659678936004,10.195005416870115,-10.032268524169922,3.252040147781372,8.180428504943848,-10.090503692626951,-6.585648536682129,-11.032563209533691,-8.523314476013184,-7.886998653411865,-3.0054702758789062,-0.8461908102035522,7.488105773925781,3.206134796142578,-3.036393642425537,-10.866368293762209,-3.318430185317993,6.205251216888428,-17.525482177734375,0.4839322865009308,13.935176849365234,2.879352569580078,-2.747036457061768,2.470335006713867,-8.835107803344727,2.2648913860321045,9.002335548400879,-9.094100952148438,-2.9297752380371094,7.617126941680908,-7.971357345581055,5.8599958419799805,-1.0654659271240234,4.830622673034668,6.587429523468018,-3.06357741355896,-9.093949317932127,-11.791460037231444,3.544849157333374,-0.9388587474822998,-8.138298988342285,6.421943664550781,4.19827938079834,0.3303562998771667,5.858597278594971,3.765763759613037,2.57329535484314,10.64006519317627,2.725316047668457,-0.1469085812568664,4.340060234069824,3.822608470916748,9.158567428588867,3.215716361999512,-6.747244358062744,-10.96848964691162,-7.91221809387207,-13.80566120147705,2.2930867671966557,-9.25069808959961,-5.001628398895264,4.493322372436523,2.635293483734131,-8.658427238464355,-18.709793090820312,3.031990528106689,5.263660430908203,-0.6543809175491333,1.8596259355545044,-5.574861526489258,10.650959968566896,11.028785705566406,-4.934370517730713,7.394672870635986,-14.698089599609377,1.570986270904541,-4.012844085693359,7.363363742828369,6.733992576599121,-9.701064109802246,-13.650100708007812,-1.0713880062103271,-1.4476845264434814,1.6751759052276611,-1.685250997543335,1.1255429983139038,11.12694263458252,17.079010009765625,-0.7839555740356445,16.871986389160156,15.247008323669434,1.6521261930465698,15.68838119506836,-4.443009853363037,13.422567367553713,-2.460195302963257,-2.205990791320801,-0.7468959093093872,14.924022674560549,12.258749961853027,2.157660961151123,2.0370445251464844,2.38191556930542,11.047762870788574,9.774988174438477,3.140902519226074,9.857176780700684,-2.5057435035705566,-3.705701589584351,3.761988639831543,-8.130987167358398,-8.130393028259277,5.866393566131592,-10.043834686279297,-3.4710469245910645,-3.055978298187256,-9.12184238433838,3.7207343578338623,3.415625095367432,-10.302976608276367,1.149043321609497,-5.612342834472656,0.060231477022171,8.832389831542969,-8.794942855834961,-3.8039958477020255,14.48203468322754,-3.946311712265015,-1.4347774982452393,1.995785117149353,6.948240756988525,-1.3528313636779783,-5.81137228012085,13.12224292755127,-4.750505447387695,8.560321807861328,-2.9011921882629395,10.610162734985352,11.066123962402344,-4.4963555335998535,-1.975784182548523,-1.3380619287490845,-9.448737144470217,-5.238323211669922,-2.10964298248291,-0.9376270771026612,-0.0443524718284606,0.5769102573394775,0.8599984645843506,0.846508800983429,-6.626368045806885,-11.638242721557615,-1.5947961807250977,-1.067593693733215,3.287261724472046,2.310591220855713,8.065537452697754,1.4186559915542605,6.59104061126709,-4.093639373779297,15.826944351196287,6.512952327728272,14.859271049499512,-2.7698707580566406,17.117935180664062,-2.7133846282958984,7.706155776977539,-5.245645046234131,5.739410400390625,5.046751976013184,3.537691116333008,5.985072135925293,-8.732568740844727,6.711038589477539,3.138450860977173,-11.049981117248535,-0.9411963820457458,0.4360271394252777,2.5923635959625244,-3.815842390060425,-3.721148014068604,3.5622975826263428,11.3831787109375,-12.45316219329834,4.150768280029297,-4.188906669616699,-10.78043270111084,-16.709205627441406,-3.9075756072998047,-4.338351726531982,-2.284959316253662,-3.0771708488464355,-6.828665733337402,11.197970390319824,5.134766101837158,1.334675431251526,4.784850597381592,1.295141577720642,-4.993026256561279,4.406597137451172,-16.07640838623047,-8.702910423278809,-1.2767072916030884,-8.567421913146973,-19.122425079345703,4.23087739944458,-2.643875360488892,1.458550214767456,-14.776235580444336,-0.1973982155323028,6.269505500793457,-13.86691665649414,9.791878700256348,-7.759098529815674,-2.840185642242432,8.618456840515137,5.281347274780273,14.434016227722168,2.2908775806427,-6.187541484832764,-8.66930103302002,8.341752052307129,1.3681854009628296,-7.939288139343262,-1.7963311672210691,7.540230274200439,-1.5528624057769775,5.618536949157715,0.2830086350440979,-7.879756450653076,-2.267587423324585,-5.380718231201172,0.417090892791748,-1.6124188899993896,-9.174972534179688,-7.630105495452881,-22.24395751953125,-8.746068954467773,1.7757437229156494,3.03943419456482,1.946945309638977,-2.6852142810821533,-9.480990409851074,-0.4081125855445862,1.028065800666809,15.32919692993164,14.547590255737305,1.8137441873550413,-11.919499397277832,-2.994312286376953,-8.691832542419434,-4.394106864929199,-14.149718284606934,-3.338057279586792,-1.0,1.2552725051033058
OXYR_HUMAN,CHEMBL3813858,CCC(C)C1NC(=O)C(Cc2ccc(O)cc2)NC(=O)C(N)CSSCC(C(=O)N2CCCC2C(=O)N(C)C(CC(C)C)C(=O)NCC(N)=O)N(C)C(=O)C(CC(N)=O)NC(=O)C(CCC(N)=O)NC1=O,0,0,0,0,0,0,0,0,0,0,0,0,0,0,0,0,0,0,0,0,0,0,0,0,0,0,0,0,0,0,0,0,0,0,0,0,0,0,0,0,0,0,0,0,0,0,0,0,0,0,0,0,0,0,0,0,0,0,0,0,0,0,0,0,0,0,0,0,0,0,0,0,0,0,0,0,0,0,0,0,0,0,0,0,0,0,0,0,0,0,0,0,0,0,0,0,0,0,0,0,0,0,0,0,0,0,0,0,0,0,0,0,0,0,0,0,0,0,0,0,0,0,0,0,0,0,0,0,0,0,0,0,0,0,0,0,0,0,0,0,0,0,0,0,0,0,0,0,0,0,0,0,0,0,0,0,0,0,0,0,0,0,0,0,0,0,0,0,0,0,0,0,0,0,0,0,0,0,0,0,0,0,0,0,0,2,4,1,2,2,2,2,3,2,3,2,4,2,2,3,2,0,0,0,0,0,0,0,0,0,0,0,0,0,0,0,0,3,2,2,1,0,0,0,0,0,0,0,0,0,0,0,0,0,0,0,0,0,1,1,2,4,1,3,0,0,0,0,0,0,0,0,0,0,0,5,3,0,0,0,0,0,0,0,0,0,0,0,0,0,0,0,0,0,0,0,0,0,0,0,0,0,0,0,0,0,0,0,0,0,0,0,0,0,0,0,0,0,0,0,0,0,0,0,0,0,0,0,0,0,0,0,0,0,0,0,0,0,0,0,0,0,0,0,0,0,0,0,0,0,0,0,0,0,0,0,0,0,0,0,0,0,0,0,0,0,0,0,0,0,0,0,0,0,0,0,0,0,0,0,0,0,0,0,0,0,0,0,0,0,0,0,0,0,0,0,0,0,0,0,0,0,0,0,0,0,0,0,0,0,0,0,0,0,0,0,0,0,0,0,0,0,0,0,0,0,0,0,0,0,0,0,0,0,0,0,0,0,0,0,0,0,0,0,0,0,0,0,0,0,0,0,0,2,1,1,1,5,5,3,0,0,0,0,0,0,0,0,0,0,0,0,0,0,0,0,0,0,0,0,0,0,0,0,0,0,0,0,0,0,0,0,0,0,0,0,0,0,0,0,0,0,0,0,0,0,0,0,0,0,0,0,0,0,0,0,0,0,0,0,0,0,0,0,0,0,0,0,0,0,0,0,0,0,0,0,0,0,0,0,0,0,0,0,0,0,0,0,0,0,0,0,0,0,0,0,0,0,0,0,0,0,0,0,0,0,0,0,0,0,0,0,0,0,0,0,0,0,0,0,0,0,0,0,0,0,0,0,0,0,0,0,0,0,0,0,0,0,0,0,0,0,0,0,0,0,0,0,0,4,2,2,2,5,2,4,2,0,0,0,0,0,0,0,0,0,0,0,0,0,0,0,0,0,2,2,2,1,2,0,2,2,0,0,0,0,0,0,0,0,0,0,0,2,2,2,2,3,1,3,2,1,0,0,0,0,0,0,2,2,2,2,2,0,0,5,0,0,0,0,3,3,0,0,0,0,0,0,0,0,0,0,0,5,3,5,5,0,0,0,0,0,3,0,0,0,0,0,0,0,5,2,2,2,2,2,5,0,0,0,0,0,0,0,0,0,0,0,0,0,0,0,5,2,3,0,2,2,4,0,0,0,0,0,0,0,0,0,0,0,0,0,0,0,0,0,0,0,0,0,0,0,0,0,0,0,0,0,0,0,0,2,2,2,2,2,2,3,2,2,0,0,0,0,0,0,0,0,0,0,0,0,0,0,0,0,0,0,0,0,0,0,0,0,1,3,2,2,0,0,0,0,0,0,0,0,0,0,0,0,0,0,0,0,0,0,0,0,0,0,0,0,0,0,0,0,0,2,4,2,3,2,5,2,2,1,0,1,4,2,0,0,0,0,0,2,1,0,0,0,0,0,0,0,0,0,0,0,0,0,0,0,0,0,0,0,0,0,0,0,0,0,0,0,0,0,0,0,0,0,0,0,0,0,0,0,0,0,0,0,0,0,0,0,5,0,2,2,5,0,2,2,3,2,2,1,2,2,2,0,0,0,3,3,2,2,0,0,0,0,0,0,0,0,0,0,0,0,2,2,0,0,0,0,0,0,0,0,0,0,0,0,0,0,0,0,0,0,0,0,0,0,0,0,0,0,0,0,0,0,0,2,2,3,2,4,5,0,0,0,0,0,0,0,0,0,0,0,0,0,0,0,0,0,0,0,0,0,0,0,0,0,0,0,0,0,0,0,0,0,0,1,0,0,0,0,0,0,0,0,0,0,0,0,0,0,0,0,0,0,0,0,0,0,0,0,0,0,2,2,0,0,0,0,0,0,2,0,1,3,1,2,0,0,0,0,0,0,0,0,0,0,0,0,0,0,0,0,0,0,0,0,0,0,0,0,0,0,0,0,5,3,0,0,0,0,2,5,5,0,0,5,3,0,0,0,0,0,0,0,0,0,0,0,0,0,0,0,4,5,0,0,0,0,2,2,2,0,0,0,0,2,2,3,2,2,0,0,0,1,1,2,2,2,3,0,0,2,1,3,2,5,0,0,0,0,0,0,0,0,0,0,0,0,2,2,3,0,0,0,0,0,0,0,0,0,0,0,0,0,0,0,0,0,0,0,0,0,0,0,0,0,0,0,0,0,0,0,0,0,0,0,0,0,0,0,2,5,0,0,0,0,4,0,0,0,0,0,0,0,0,0,0,0,0,0,0,0,0,0,0,0,0,0,0,0,0,0,0,0,0,0,0,0,0,0,0,0,0,0,0,0,0,0,0,0,0,0,0,0,0,0,0,0,0,0,0,0,0,0,0,0,0,0,0,0,0,0,0,0,0,0,0,0,0,0,0,0,0,0,0,0,0,0,0,0,0,0,0,0,0,0,0,0,0,0,2,2,0,0,4,1,2,2,4,0,0,0,0,0,1,2,2,2,0,0,0,0,0,0,0,0,0,0,0,0,0,0,0,0,0,0,0,0,0,0,0,0,0,0,0,0,0,0,0,0,0,0,0,0,0,0,0,0,0,0,0,2,2,0,0,0,0,0,0,0,0,0,0,0,0,0,0,0,0,3,1,2,1,1,0,0,0,0,5,0,0,0,0,0,0,0,2,2,0,0,0,0,0,0,0,0,2,3,2,2,0,0,0,3,2,2,2,2,0,2,2,1,2,2,0,2,2,0,0,0,0,0,0,0,0,0,0,0,0,0,0,0,0,0,0,2,2,1,0,0,0,0,0,0,0,0,0,0,0,0,0,0,0,0,2,1,2,2,3,2,0,0,0,0,0,0,0,5,2,0,0,0,0,0,0,0,0,0,0,0,0,0,0,0,0,2,3,0,0,0,0,0,0,0,0,0,0,0,0,0,0,0,0,0,0,0,0,0,0,0,0,0,0,0,0,0,0,0,0,0,0,0,0,0,0,0,0,0,0,0,3,2,5,2,0,0,0,0,0,0,0,0,0,0,0,0,0,0,0,0,0,0,0,0,0,0,0,0,0,0,0,0,0,0,0,0,0,0,0,0,0,0,0,0,0,0,0,0,0,0,0,0,0,0,0,0,0,0,0,0,0,0,0,0,0,0,0,0,0,0,0,0,0,0,0,0,0,0,0,0,0,0,0,0,0,0,0,0,0,0,0,0,0,0,0,0,0,0,0,0,0,0,0,0,0,0,0,0,0,0,0,0,0,0,0,0,0,0,0,0,0,0,0,0,0,0,0,0,0,0,0,0,0,0,0,0,0,0,0,0,0,0,0,5,3,2,2,2,2,2,2,4,2,1,4,1,2,2,2,1,4,1,1,5,2,2,2,2,5,2,3,3,2,5,2,2,3,5,0,0,0,0,0,0,0,0,0,0,0,0,0,0,0,0,0,0,0,0,0,0,0,2,5,2,5,3,2,0,0,0,0,0,0,0,0,5,0,0,0,2,3,2,2,2,2,0,0,0,0,0,2,2,2,2,2,0,0,0,1,2,3,1,2,2,2,0,0,0,0,0,2,3,2,2,3,2,2,4,2,0,0,0,0,0,0,0,0,3,2,1,5,4,2,0,0,0,0,3,0,0,0,0,0,0,0,0,0,0,0,0,0,0,0,0,0,2,0,0,2,0,0,0,0,0,0,0,0,0,0,0,0,0,0,0,0,0,0,0,0,0,0,0,0,0,0,0,0,0,0,0,0,0,0,0,0,0,0,0,0,0,0,0,0,0,0,0,0,0,0,0,0,0,0,0,0,0,0,0,0,0,0,0,0,0,0,0,0,0,0,0,0,0,0,0,0,0,2,2,0,2,0,0,0,0,0,2,2,2,0,2,3,2,3,3,1,1,3,1,2,2,0,0,0,0,0,0,0,2,2,2,2,3,1,5,2,2,5,0,4,2,0,0,0,0,2,3,5,2,0,0,0,0,0,0,0,0,0,0,0,0,0,0,0,0,0,0,0,0,0,0,0,0,0,0,0,0,0,0,0,0,0,0,0,0,0,0,0,0,0,0,0,0,0,0,0,0,0,0,0,0,0,0,0,0,0,0,0,0,0,0,0,0,0,0,0,0,0,0,0,0,0,0,0,0,0,0,0,0,0,0,0,0,0,0,0,0,0,0,0,0,0,0,0,0,2,1,1,3,2,3,2,2,5,1,5,5,2,1,4,3,0,0,0,0,0,0,0,0,0,0,0,0,0,0,0,0,0,0,0,0,0,0,0,0,0,0,0,0,0,0,0,0,0,0,0,0,0,0,0,0,0,0,0,0,0,0,0,0,0,0,0,0,0,0,0,0,0,0,0,0,0,0,0,0,0,0,0,0,0,0,0,0,0,0,0,0,0,0,0,0,0,0,0,0,0,0,0,0,0,0,0,0,0,0,0,0,0,0,0,0,0,0,0,0,0,0,0,0,0,0,0,0,0,0,0,0,0,0,0,0,0,0,0,0,0,0,0,0,0,0,0,0,0,0,0,0,0,0,0,0,0,0,0,0,0,0,0,0,0,0,0,0,0,0,0,0,0,0,0,0,0,0,0,0,0,0,0,0,0,0,0,0,0,0,0,0,0,0,0,0,0,0,0,0,0,0,0,0,0,0,0,0,0,0,0,0,0,0,0,0,0,0,0,0,0,0,0,0,0,0,0,0,0,0,0,0,0,0,0,0,0,0,0,0,0,0,0,0,0,0,0,0,0,0,0,0,0,0,0,0,0,0,0,0,0,0,0,0,0,0,0,0,0,0,0,0,0,0,0,0,0,0,0,0,0,0,0,0,0,0,0,0,0,0,0,0,0,0,0,0,0,0,0,0,3,2,3,5,5,3,3,3,3,3,2,2,2,3,5,5,3,0,0,0,0,0,0,0,0,0,0,0,0,0,0,0,0,0,0,0,0,0,0,0,0,0,0,0,0,0,0,0,0,0,0,0,0,0,0,0,0,0,0,0,0,0,0,0,0,0,0,0,0,0,0,0,0,0,0,0,0,0,0,0,0,0,0,0,0,0,0,0,0,0,0,0,0,0,0,0,0,0,0,0,0,0,0,0,0,0,0,0,0,0,0,0,0,0,0,0,0,0,0,0,0,0,0,0,0,0,0,0,0,0,0,0,0,0,0,0,0,0,0,0,0,0,0,0,0,0,3,3,3,5,3,1,3,3,1,3,3,2,0,0,0,0,0,0,0,0,0,0,0,0,0,0,0,0,0,0,0,0,0,0,0,0,0,0,0,0,0,0,0,0,0,0,0,0,0,0,0,0,0,0,0,0,0,0,0,0,0,0,0,0,0,0,0,0,1.957086205482483,-6.444114208221436,-5.426957130432129,4.489510536193848,4.760660171508789,-18.513784408569336,-28.689712524414062,-4.313052654266357,23.032251358032227,-4.041798114776611,5.438197135925293,19.587722778320312,1.1034092903137207,14.620580673217772,-31.45447540283203,-0.7731612920761108,26.34964179992676,-29.365516662597656,-30.203493118286133,36.335845947265625,8.238207817077637,16.625158309936523,57.86702346801758,17.051713943481445,-17.44378662109375,8.438958168029785,-18.007898330688477,-34.87451171875,1.2588409185409546,-13.48147678375244,20.18400382995605,-11.980128288269045,-19.091602325439453,-0.1473283171653747,-0.5796732902526855,9.13322639465332,5.65589714050293,-2.1496822834014893,19.643335342407227,20.955202102661133,1.4879248142242432,2.555469512939453,-5.801799774169922,-10.95521354675293,-25.7972469329834,22.54969787597656,8.044137001037598,39.87570571899414,-8.543153762817383,0.3589184880256653,12.037065505981444,-24.17002487182617,1.7337446212768557,-20.03840065002441,-32.289398193359375,-22.880489349365234,-14.71828269958496,15.543621063232422,5.271563053131104,11.314513206481934,2.679710865020752,-17.334640502929688,-16.96404457092285,14.023090362548828,-42.947052001953125,5.060651779174805,20.56685256958008,9.736472129821776,-18.942079544067383,-2.048617124557495,-9.44620418548584,13.962809562683104,14.91667652130127,-29.24978256225586,-0.924724817276001,6.949100017547607,-28.297706604003903,0.5111011862754822,9.099477767944336,2.377718210220337,19.11620140075684,1.8357981443405151,-9.455430030822754,-39.39127349853516,19.69615364074707,-13.36354637145996,-11.74985408782959,8.267888069152832,7.212428569793701,-0.1624997854232788,5.766550064086914,15.633076667785645,15.77971649169922,6.293291091918945,6.828907012939453,-4.8575119972229,20.01272773742676,9.822022438049316,17.334835052490234,-12.607027053833008,-7.841785430908203,-22.00357437133789,-24.99390411376953,-12.386250495910645,13.10024070739746,-31.21089553833008,-16.321491241455078,11.94003200531006,8.296588897705078,-20.56951141357422,-21.591318130493164,14.6370849609375,6.3293137550354,-11.584120750427246,-3.2642879486083984,-8.916370391845703,17.107534408569336,24.440523147583008,-4.253716468811035,4.545010089874268,-11.150583267211914,16.07257080078125,-1.0141541957855225,33.02363204956055,0.782311201095581,-35.552608489990234,-30.42691802978516,4.950857162475586,-15.63857364654541,-0.3406746089458465,0.3468004465103149,-1.7956178188323977,16.43927001953125,38.925567626953125,7.935421466827393,31.15683937072754,-2.786292314529419,-10.437416076660156,18.98646545410156,-15.560301780700684,24.47123336791992,-2.191425323486328,-9.526616096496582,-5.75313138961792,14.742470741271973,3.0603578090667725,8.103458404541016,6.950314521789551,11.927138328552246,34.6231803894043,-3.385617256164551,16.753664016723633,16.400476455688477,-22.87266731262207,-5.247503757476807,1.060958981513977,-16.492103576660156,0.0648786500096321,-0.7651322484016418,-19.7424373626709,6.011858940124512,11.63418674468994,-11.792076110839844,7.675886631011963,17.518741607666016,-25.263935089111328,11.000696182250977,-8.85403823852539,1.8101179599761963,16.425752639770508,-15.376561164855955,-21.211423873901367,34.2530632019043,-4.538325786590576,15.184100151062012,-2.703732252120972,12.823957443237305,-2.788182020187378,-10.962421417236328,24.890378952026367,-10.745829582214355,24.323843002319336,-2.3030881881713867,31.93026351928711,9.388415336608888,-10.625019073486328,2.438769578933716,2.3608944416046143,-5.187313079833984,-19.084793090820312,3.3122572898864746,-8.078057289123535,-18.38741683959961,4.440401554107666,13.472983360290527,3.835161447525024,1.7887533903121948,-29.007848739624023,-6.809182167053223,-6.406460285186768,-0.6442315578460693,-4.728919506072998,9.343894958496094,-4.583266258239746,-3.8994526863098153,-4.705974102020264,34.088836669921875,27.210081100463867,27.67308616638184,-14.520397186279297,33.419166564941406,-2.3417537212371826,35.26480865478516,-17.43712043762207,12.823792457580566,-1.8990932703018188,12.751458168029783,13.008393287658691,-9.48851203918457,15.388461112976074,10.556241035461426,-22.66456413269043,-11.440926551818848,2.060434103012085,8.284642219543457,-12.772547721862791,-5.55866813659668,-6.432853221893311,10.594515800476074,-25.9149227142334,6.790771484375,-3.151867151260376,-19.619159698486328,-24.516191482543945,3.0615367889404297,-26.349645614624023,-6.104135036468506,-8.790271759033203,-8.195961952209473,28.307430267333984,18.96194648742676,-27.17664337158203,22.148643493652344,-7.626166343688965,-1.5242938995361328,24.45957374572754,-42.57566833496094,-14.765935897827148,1.9640182256698608,12.206459999084473,-47.183475494384766,12.108606338500977,11.356892585754396,-7.161484241485596,-28.56548118591309,20.351238250732425,5.174429893493652,-18.38725471496582,33.71308517456055,-26.29561424255371,-7.300520896911621,6.912310123443604,2.621309280395508,17.175966262817383,-3.8328099250793457,-24.0142879486084,-10.332575798034668,2.58386492729187,4.378724575042725,-20.414159774780277,3.478663682937622,12.808009147644045,-11.272207260131836,3.196497678756714,-2.785168170928955,-22.886598587036133,-10.845253944396973,-9.011354446411133,-11.669500350952148,19.722864151000977,-15.995519638061523,-21.268667221069336,-24.13833236694336,-16.810211181640625,-12.150030136108398,13.783227920532228,-1.5200289487838743,-3.707697868347168,-11.171427726745604,-9.718143463134766,7.83804178237915,32.338165283203125,11.39284324645996,9.59149932861328,-30.674192428588867,-18.22666931152344,-17.107376098632812,-21.501632690429688,-46.14776611328125,-2.0056726932525635,1.0,1.1931245983544614
OXYR_HUMAN,CHEMBL3353939,CCC(C)C1NC(=O)C(Cc2ccc(O)cc2)NC(=O)CCSSCC(C(=O)N(CC(=O)NC(CC(C)C)C(=O)NCC(N)=O)C2CCCC2)NC(=O)C(CC(N)=O)NC(=O)C(CCC(N)=O)NC1=O,0,0,0,0,0,0,0,0,0,0,0,0,0,0,0,0,0,0,0,0,0,0,0,0,0,0,0,0,0,0,0,0,0,0,0,0,0,0,0,0,0,0,0,0,0,0,0,0,0,0,0,0,0,0,0,0,0,0,0,0,0,0,0,0,0,0,0,0,0,0,0,0,0,0,0,0,0,0,0,0,0,0,0,0,0,0,0,0,0,0,0,0,0,0,0,0,0,0,0,0,0,0,0,0,0,0,0,0,0,0,0,0,0,0,0,0,0,0,0,0,0,0,0,0,0,0,0,0,0,0,0,0,0,0,0,0,0,0,0,0,0,0,0,0,0,0,0,0,0,0,0,0,0,0,0,0,0,0,0,0,0,0,0,0,0,0,0,0,0,0,0,0,0,0,0,0,0,0,0,0,0,0,0,0,0,2,4,1,2,2,2,2,3,2,3,2,4,2,2,3,2,0,0,0,0,0,0,0,0,0,0,0,0,0,0,0,0,3,2,2,1,0,0,0,0,0,0,0,0,0,0,0,0,0,0,0,0,0,1,1,2,4,1,3,0,0,0,0,0,0,0,0,0,0,0,5,3,0,0,0,0,0,0,0,0,0,0,0,0,0,0,0,0,0,0,0,0,0,0,0,0,0,0,0,0,0,0,0,0,0,0,0,0,0,0,0,0,0,0,0,0,0,0,0,0,0,0,0,0,0,0,0,0,0,0,0,0,0,0,0,0,0,0,0,0,0,0,0,0,0,0,0,0,0,0,0,0,0,0,0,0,0,0,0,0,0,0,0,0,0,0,0,0,0,0,0,0,0,0,0,0,0,0,0,0,0,0,0,0,0,0,0,0,0,0,0,0,0,0,0,0,0,0,0,0,0,0,0,0,0,0,0,0,0,0,0,0,0,0,0,0,0,0,0,0,0,0,0,0,0,0,0,0,0,0,0,0,0,0,0,0,0,0,0,0,0,0,0,0,0,0,0,0,2,1,1,1,5,5,3,0,0,0,0,0,0,0,0,0,0,0,0,0,0,0,0,0,0,0,0,0,0,0,0,0,0,0,0,0,0,0,0,0,0,0,0,0,0,0,0,0,0,0,0,0,0,0,0,0,0,0,0,0,0,0,0,0,0,0,0,0,0,0,0,0,0,0,0,0,0,0,0,0,0,0,0,0,0,0,0,0,0,0,0,0,0,0,0,0,0,0,0,0,0,0,0,0,0,0,0,0,0,0,0,0,0,0,0,0,0,0,0,0,0,0,0,0,0,0,0,0,0,0,0,0,0,0,0,0,0,0,0,0,0,0,0,0,0,0,0,0,0,0,0,0,0,0,0,0,4,2,2,2,5,2,4,2,0,0,0,0,0,0,0,0,0,0,0,0,0,0,0,0,0,2,2,2,1,2,0,2,2,0,0,0,0,0,0,0,0,0,0,0,2,2,2,2,3,1,3,2,1,0,0,0,0,0,0,2,2,2,2,2,0,0,5,0,0,0,0,3,3,0,0,0,0,0,0,0,0,0,0,0,5,3,5,5,0,0,0,0,0,3,0,0,0,0,0,0,0,5,2,2,2,2,2,5,0,0,0,0,0,0,0,0,0,0,0,0,0,0,0,5,2,3,0,2,2,4,0,0,0,0,0,0,0,0,0,0,0,0,0,0,0,0,0,0,0,0,0,0,0,0,0,0,0,0,0,0,0,0,2,2,2,2,2,2,3,2,2,0,0,0,0,0,0,0,0,0,0,0,0,0,0,0,0,0,0,0,0,0,0,0,0,1,3,2,2,0,0,0,0,0,0,0,0,0,0,0,0,0,0,0,0,0,0,0,0,0,0,0,0,0,0,0,0,0,2,4,2,3,2,5,2,2,1,0,1,4,2,0,0,0,0,0,2,1,0,0,0,0,0,0,0,0,0,0,0,0,0,0,0,0,0,0,0,0,0,0,0,0,0,0,0,0,0,0,0,0,0,0,0,0,0,0,0,0,0,0,0,0,0,0,0,5,0,2,2,5,0,2,2,3,2,2,1,2,2,2,0,0,0,3,3,2,2,0,0,0,0,0,0,0,0,0,0,0,0,2,2,0,0,0,0,0,0,0,0,0,0,0,0,0,0,0,0,0,0,0,0,0,0,0,0,0,0,0,0,0,0,0,2,2,3,2,4,5,0,0,0,0,0,0,0,0,0,0,0,0,0,0,0,0,0,0,0,0,0,0,0,0,0,0,0,0,0,0,0,0,0,0,1,0,0,0,0,0,0,0,0,0,0,0,0,0,0,0,0,0,0,0,0,0,0,0,0,0,0,2,2,0,0,0,0,0,0,2,0,1,3,1,2,0,0,0,0,0,0,0,0,0,0,0,0,0,0,0,0,0,0,0,0,0,0,0,0,0,0,0,0,5,3,0,0,0,0,2,5,5,0,0,5,3,0,0,0,0,0,0,0,0,0,0,0,0,0,0,0,4,5,0,0,0,0,2,2,2,0,0,0,0,2,2,3,2,2,0,0,0,1,1,2,2,2,3,0,0,2,1,3,2,5,0,0,0,0,0,0,0,0,0,0,0,0,2,2,3,0,0,0,0,0,0,0,0,0,0,0,0,0,0,0,0,0,0,0,0,0,0,0,0,0,0,0,0,0,0,0,0,0,0,0,0,0,0,0,2,5,0,0,0,0,4,0,0,0,0,0,0,0,0,0,0,0,0,0,0,0,0,0,0,0,0,0,0,0,0,0,0,0,0,0,0,0,0,0,0,0,0,0,0,0,0,0,0,0,0,0,0,0,0,0,0,0,0,0,0,0,0,0,0,0,0,0,0,0,0,0,0,0,0,0,0,0,0,0,0,0,0,0,0,0,0,0,0,0,0,0,0,0,0,0,0,0,0,0,2,2,0,0,4,1,2,2,4,0,0,0,0,0,1,2,2,2,0,0,0,0,0,0,0,0,0,0,0,0,0,0,0,0,0,0,0,0,0,0,0,0,0,0,0,0,0,0,0,0,0,0,0,0,0,0,0,0,0,0,0,2,2,0,0,0,0,0,0,0,0,0,0,0,0,0,0,0,0,3,1,2,1,1,0,0,0,0,5,0,0,0,0,0,0,0,2,2,0,0,0,0,0,0,0,0,2,3,2,2,0,0,0,3,2,2,2,2,0,2,2,1,2,2,0,2,2,0,0,0,0,0,0,0,0,0,0,0,0,0,0,0,0,0,0,2,2,1,0,0,0,0,0,0,0,0,0,0,0,0,0,0,0,0,2,1,2,2,3,2,0,0,0,0,0,0,0,5,2,0,0,0,0,0,0,0,0,0,0,0,0,0,0,0,0,2,3,0,0,0,0,0,0,0,0,0,0,0,0,0,0,0,0,0,0,0,0,0,0,0,0,0,0,0,0,0,0,0,0,0,0,0,0,0,0,0,0,0,0,0,3,2,5,2,0,0,0,0,0,0,0,0,0,0,0,0,0,0,0,0,0,0,0,0,0,0,0,0,0,0,0,0,0,0,0,0,0,0,0,0,0,0,0,0,0,0,0,0,0,0,0,0,0,0,0,0,0,0,0,0,0,0,0,0,0,0,0,0,0,0,0,0,0,0,0,0,0,0,0,0,0,0,0,0,0,0,0,0,0,0,0,0,0,0,0,0,0,0,0,0,0,0,0,0,0,0,0,0,0,0,0,0,0,0,0,0,0,0,0,0,0,0,0,0,0,0,0,0,0,0,0,0,0,0,0,0,0,0,0,0,0,0,0,5,3,2,2,2,2,2,2,4,2,1,4,1,2,2,2,1,4,1,1,5,2,2,2,2,5,2,3,3,2,5,2,2,3,5,0,0,0,0,0,0,0,0,0,0,0,0,0,0,0,0,0,0,0,0,0,0,0,2,5,2,5,3,2,0,0,0,0,0,0,0,0,5,0,0,0,2,3,2,2,2,2,0,0,0,0,0,2,2,2,2,2,0,0,0,1,2,3,1,2,2,2,0,0,0,0,0,2,3,2,2,3,2,2,4,2,0,0,0,0,0,0,0,0,3,2,1,5,4,2,0,0,0,0,3,0,0,0,0,0,0,0,0,0,0,0,0,0,0,0,0,0,2,0,0,2,0,0,0,0,0,0,0,0,0,0,0,0,0,0,0,0,0,0,0,0,0,0,0,0,0,0,0,0,0,0,0,0,0,0,0,0,0,0,0,0,0,0,0,0,0,0,0,0,0,0,0,0,0,0,0,0,0,0,0,0,0,0,0,0,0,0,0,0,0,0,0,0,0,0,0,0,0,2,2,0,2,0,0,0,0,0,2,2,2,0,2,3,2,3,3,1,1,3,1,2,2,0,0,0,0,0,0,0,2,2,2,2,3,1,5,2,2,5,0,4,2,0,0,0,0,2,3,5,2,0,0,0,0,0,0,0,0,0,0,0,0,0,0,0,0,0,0,0,0,0,0,0,0,0,0,0,0,0,0,0,0,0,0,0,0,0,0,0,0,0,0,0,0,0,0,0,0,0,0,0,0,0,0,0,0,0,0,0,0,0,0,0,0,0,0,0,0,0,0,0,0,0,0,0,0,0,0,0,0,0,0,0,0,0,0,0,0,0,0,0,0,0,0,0,0,2,1,1,3,2,3,2,2,5,1,5,5,2,1,4,3,0,0,0,0,0,0,0,0,0,0,0,0,0,0,0,0,0,0,0,0,0,0,0,0,0,0,0,0,0,0,0,0,0,0,0,0,0,0,0,0,0,0,0,0,0,0,0,0,0,0,0,0,0,0,0,0,0,0,0,0,0,0,0,0,0,0,0,0,0,0,0,0,0,0,0,0,0,0,0,0,0,0,0,0,0,0,0,0,0,0,0,0,0,0,0,0,0,0,0,0,0,0,0,0,0,0,0,0,0,0,0,0,0,0,0,0,0,0,0,0,0,0,0,0,0,0,0,0,0,0,0,0,0,0,0,0,0,0,0,0,0,0,0,0,0,0,0,0,0,0,0,0,0,0,0,0,0,0,0,0,0,0,0,0,0,0,0,0,0,0,0,0,0,0,0,0,0,0,0,0,0,0,0,0,0,0,0,0,0,0,0,0,0,0,0,0,0,0,0,0,0,0,0,0,0,0,0,0,0,0,0,0,0,0,0,0,0,0,0,0,0,0,0,0,0,0,0,0,0,0,0,0,0,0,0,0,0,0,0,0,0,0,0,0,0,0,0,0,0,0,0,0,0,0,0,0,0,0,0,0,0,0,0,0,0,0,0,0,0,0,0,0,0,0,0,0,0,0,0,0,0,0,0,0,3,2,3,5,5,3,3,3,3,3,2,2,2,3,5,5,3,0,0,0,0,0,0,0,0,0,0,0,0,0,0,0,0,0,0,0,0,0,0,0,0,0,0,0,0,0,0,0,0,0,0,0,0,0,0,0,0,0,0,0,0,0,0,0,0,0,0,0,0,0,0,0,0,0,0,0,0,0,0,0,0,0,0,0,0,0,0,0,0,0,0,0,0,0,0,0,0,0,0,0,0,0,0,0,0,0,0,0,0,0,0,0,0,0,0,0,0,0,0,0,0,0,0,0,0,0,0,0,0,0,0,0,0,0,0,0,0,0,0,0,0,0,0,0,0,0,3,3,3,5,3,1,3,3,1,3,3,2,0,0,0,0,0,0,0,0,0,0,0,0,0,0,0,0,0,0,0,0,0,0,0,0,0,0,0,0,0,0,0,0,0,0,0,0,0,0,0,0,0,0,0,0,0,0,0,0,0,0,0,0,0,0,0,0,1.9409197568893437,-5.089300632476807,-5.074700355529785,5.987116813659668,4.974732398986816,-17.653879165649414,-29.354476928710938,-5.099961757659912,24.850481033325195,-4.078495025634766,4.276501655578613,21.148941040039062,0.348314881324768,13.7188720703125,-31.77899169921875,0.6674866676330566,23.504318237304688,-29.141502380371094,-30.656400680541992,34.84894180297852,7.194830894470215,18.023820877075195,57.61823654174805,16.518163681030273,-16.653377532958984,6.212188243865967,-17.073150634765625,-36.31831359863281,2.2638986110687256,-13.917850494384766,19.60821914672852,-10.36237335205078,-16.80475616455078,1.064297795295715,-2.215930461883545,9.823917388916016,3.829240322113037,-2.9938628673553467,20.882612228393555,20.623933792114254,2.217034339904785,2.29661226272583,-6.247814655303955,-10.914055824279783,-25.430286407470703,19.48168563842773,11.60365104675293,40.12797164916992,-9.540390968322754,0.3190672993659973,10.234777450561523,-25.874683380126957,1.2278268337249756,-20.247556686401367,-34.02056121826172,-22.138154983520508,-15.031858444213867,15.975122451782228,6.237698554992676,10.399181365966797,1.7612448930740356,-17.875795364379883,-17.7874755859375,14.238460540771484,-42.72618865966797,4.532938003540039,19.77617645263672,10.726630210876465,-19.221332550048828,-0.9699214100837708,-7.401093006134033,13.061525344848633,14.598403930664062,-31.84793472290039,-1.8049097061157229,5.460475444793701,-27.63612365722656,0.0348139405250549,7.87358283996582,1.82841956615448,18.02693748474121,1.667357087135315,-9.027243614196776,-40.46339797973633,18.001708984375,-12.487455368041992,-9.923012733459473,5.406970500946045,8.200518608093262,-3.7392771244049072,5.867022514343262,15.090177536010742,15.403831481933594,7.218871593475342,6.170547962188721,-4.322073459625244,18.84479331970215,11.540054321289062,18.001638412475586,-9.164806365966797,-7.080533027648926,-20.67959213256836,-23.824222564697266,-11.656586647033691,11.36607837677002,-30.447534561157227,-15.738061904907228,12.670350074768066,7.224526405334473,-19.85335731506348,-21.264986038208008,17.382553100585938,8.167576789855957,-12.336387634277344,-5.375372886657715,-9.204380989074709,17.48478126525879,22.980945587158203,-3.942602396011353,6.313950061798096,-13.30812644958496,14.902536392211914,-1.4753179550170898,32.923614501953125,1.139343023300171,-35.53182601928711,-31.29720497131348,3.6740317344665527,-15.40560245513916,0.0565771460533142,1.529399871826172,-4.411386966705322,15.38384246826172,39.30292510986328,7.028893947601318,31.821630477905277,-2.439155340194702,-7.9127092361450195,17.74827003479004,-14.159941673278809,25.132118225097656,-1.77203106880188,-10.402310371398926,-5.649696826934815,14.637104988098145,3.504063606262207,5.916300296783447,7.532578468322754,12.442828178405762,34.599266052246094,-3.690832138061523,16.917539596557617,16.788711547851562,-22.81426239013672,-5.4860663414001465,0.5744606256484985,-16.860654830932617,-3.8886780738830566,-0.3442584872245788,-18.196319580078125,8.250554084777832,12.197117805480955,-12.778525352478027,6.253945827484131,15.816563606262209,-24.846160888671875,11.772361755371094,-9.90195369720459,2.965252637863159,17.170448303222656,-13.559107780456545,-20.469202041625977,36.88569259643555,-7.884431838989258,14.909279823303224,-3.779520273208618,13.72914695739746,-3.396193742752075,-12.6332426071167,23.391956329345703,-13.021657943725586,24.433372497558597,-1.0806145668029783,29.66527938842773,11.797144889831545,-10.920032501220703,1.6702009439468384,3.693533182144165,-7.019908905029297,-18.8245849609375,3.8552303314208975,-8.004778861999512,-16.69211769104004,6.056520938873291,12.793231010437012,4.330808162689209,0.5642750263214111,-29.05025291442871,-8.926305770874023,-8.918344497680664,-0.9797497391700744,-5.774680137634277,9.515653610229492,-5.7093119621276855,-4.166820526123047,-7.439876079559326,33.327720642089844,27.61820411682129,26.54745101928711,-15.694958686828612,31.54128646850586,-0.6353639960289001,33.44111633300781,-16.436708450317383,13.02067756652832,-2.055225372314453,13.597399711608888,10.684914588928224,-9.904901504516602,15.512393951416016,11.526875495910645,-21.82364845275879,-8.321089744567871,1.805723786354065,8.109857559204102,-14.666966438293455,-3.469452142715454,-3.838837146759033,11.629798889160156,-26.372285842895508,6.979866981506348,-3.84930944442749,-20.733360290527344,-23.81540870666504,3.716873168945313,-26.57967567443848,-6.281059265136719,-8.32589340209961,-7.358756065368652,29.26563262939453,19.813669204711918,-28.20536422729492,20.89563369750977,-6.211845397949219,-3.769698858261109,23.69270133972168,-42.7427978515625,-15.916549682617188,3.369951009750366,13.279711723327637,-46.52145385742188,11.158644676208496,11.904879570007324,-6.827383518218994,-25.21517372131348,18.626270294189453,3.5309455394744877,-15.905048370361328,33.77050018310547,-25.80958366394043,-8.466927528381348,8.582025527954102,2.8417444229125977,18.021181106567383,-2.7058634757995605,-23.949277877807617,-10.328572273254396,2.6364519596099854,6.546602249145508,-19.916391372680664,2.9275095462799072,11.43177318572998,-13.476157188415527,3.7569425106048575,-0.2116486728191375,-22.298992156982425,-10.182997703552246,-8.688395500183105,-12.415895462036133,20.699296951293945,-13.333474159240724,-19.55234146118164,-23.679931640625,-13.909449577331545,-11.295248031616213,14.488404273986816,0.4519179463386535,-2.4115312099456787,-10.84519100189209,-10.001216888427734,7.938169002532959,33.17881774902344,10.721420288085938,10.46202278137207,-29.29065322875977,-20.583904266357425,-16.850126266479492,-23.9420166015625,-43.43209838867188,-1.3844772577285769,1.0,0.01
OXYR_HUMAN,CHEMBL1817756,CCC(C)C1NC(=O)C(Cc2ccco2)NC(=O)C(N)CSSCC(C(=O)N2CCCC2C(=O)NC(CCCNC(C)C)C(=O)NCC(N)=O)NC(=O)C(CC(N)=O)NC(=O)C(CCC(N)=O)NC1=O,0,0,0,0,0,0,0,0,0,0,0,0,0,0,0,0,0,0,0,0,0,0,0,0,0,0,0,0,0,0,0,0,0,0,0,0,0,0,0,0,0,0,0,0,0,0,0,0,0,0,0,0,0,0,0,0,0,0,0,0,0,0,0,0,0,0,0,0,0,0,0,0,0,0,0,0,0,0,0,0,0,0,0,0,0,0,0,0,0,0,0,0,0,0,0,0,0,0,0,0,0,0,0,0,0,0,0,0,0,0,0,0,0,0,0,0,0,0,0,0,0,0,0,0,0,0,0,0,0,0,0,0,0,0,0,0,0,0,0,0,0,0,0,0,0,0,0,0,0,0,0,0,0,0,0,0,0,0,0,0,0,0,0,0,0,0,0,0,0,0,0,0,0,0,0,0,0,0,0,0,0,0,0,0,0,2,4,1,2,2,2,2,3,2,3,2,4,2,2,3,2,0,0,0,0,0,0,0,0,0,0,0,0,0,0,0,0,3,2,2,1,0,0,0,0,0,0,0,0,0,0,0,0,0,0,0,0,0,1,1,2,4,1,3,0,0,0,0,0,0,0,0,0,0,0,5,3,0,0,0,0,0,0,0,0,0,0,0,0,0,0,0,0,0,0,0,0,0,0,0,0,0,0,0,0,0,0,0,0,0,0,0,0,0,0,0,0,0,0,0,0,0,0,0,0,0,0,0,0,0,0,0,0,0,0,0,0,0,0,0,0,0,0,0,0,0,0,0,0,0,0,0,0,0,0,0,0,0,0,0,0,0,0,0,0,0,0,0,0,0,0,0,0,0,0,0,0,0,0,0,0,0,0,0,0,0,0,0,0,0,0,0,0,0,0,0,0,0,0,0,0,0,0,0,0,0,0,0,0,0,0,0,0,0,0,0,0,0,0,0,0,0,0,0,0,0,0,0,0,0,0,0,0,0,0,0,0,0,0,0,0,0,0,0,0,0,0,0,0,0,0,0,0,2,1,1,1,5,5,3,0,0,0,0,0,0,0,0,0,0,0,0,0,0,0,0,0,0,0,0,0,0,0,0,0,0,0,0,0,0,0,0,0,0,0,0,0,0,0,0,0,0,0,0,0,0,0,0,0,0,0,0,0,0,0,0,0,0,0,0,0,0,0,0,0,0,0,0,0,0,0,0,0,0,0,0,0,0,0,0,0,0,0,0,0,0,0,0,0,0,0,0,0,0,0,0,0,0,0,0,0,0,0,0,0,0,0,0,0,0,0,0,0,0,0,0,0,0,0,0,0,0,0,0,0,0,0,0,0,0,0,0,0,0,0,0,0,0,0,0,0,0,0,0,0,0,0,0,0,4,2,2,2,5,2,4,2,0,0,0,0,0,0,0,0,0,0,0,0,0,0,0,0,0,2,2,2,1,2,0,2,2,0,0,0,0,0,0,0,0,0,0,0,2,2,2,2,3,1,3,2,1,0,0,0,0,0,0,2,2,2,2,2,0,0,5,0,0,0,0,3,3,0,0,0,0,0,0,0,0,0,0,0,5,3,5,5,0,0,0,0,0,3,0,0,0,0,0,0,0,5,2,2,2,2,2,5,0,0,0,0,0,0,0,0,0,0,0,0,0,0,0,5,2,3,0,2,2,4,0,0,0,0,0,0,0,0,0,0,0,0,0,0,0,0,0,0,0,0,0,0,0,0,0,0,0,0,0,0,0,0,2,2,2,2,2,2,3,2,2,0,0,0,0,0,0,0,0,0,0,0,0,0,0,0,0,0,0,0,0,0,0,0,0,1,3,2,2,0,0,0,0,0,0,0,0,0,0,0,0,0,0,0,0,0,0,0,0,0,0,0,0,0,0,0,0,0,2,4,2,3,2,5,2,2,1,0,1,4,2,0,0,0,0,0,2,1,0,0,0,0,0,0,0,0,0,0,0,0,0,0,0,0,0,0,0,0,0,0,0,0,0,0,0,0,0,0,0,0,0,0,0,0,0,0,0,0,0,0,0,0,0,0,0,5,0,2,2,5,0,2,2,3,2,2,1,2,2,2,0,0,0,3,3,2,2,0,0,0,0,0,0,0,0,0,0,0,0,2,2,0,0,0,0,0,0,0,0,0,0,0,0,0,0,0,0,0,0,0,0,0,0,0,0,0,0,0,0,0,0,0,2,2,3,2,4,5,0,0,0,0,0,0,0,0,0,0,0,0,0,0,0,0,0,0,0,0,0,0,0,0,0,0,0,0,0,0,0,0,0,0,1,0,0,0,0,0,0,0,0,0,0,0,0,0,0,0,0,0,0,0,0,0,0,0,0,0,0,2,2,0,0,0,0,0,0,2,0,1,3,1,2,0,0,0,0,0,0,0,0,0,0,0,0,0,0,0,0,0,0,0,0,0,0,0,0,0,0,0,0,5,3,0,0,0,0,2,5,5,0,0,5,3,0,0,0,0,0,0,0,0,0,0,0,0,0,0,0,4,5,0,0,0,0,2,2,2,0,0,0,0,2,2,3,2,2,0,0,0,1,1,2,2,2,3,0,0,2,1,3,2,5,0,0,0,0,0,0,0,0,0,0,0,0,2,2,3,0,0,0,0,0,0,0,0,0,0,0,0,0,0,0,0,0,0,0,0,0,0,0,0,0,0,0,0,0,0,0,0,0,0,0,0,0,0,0,2,5,0,0,0,0,4,0,0,0,0,0,0,0,0,0,0,0,0,0,0,0,0,0,0,0,0,0,0,0,0,0,0,0,0,0,0,0,0,0,0,0,0,0,0,0,0,0,0,0,0,0,0,0,0,0,0,0,0,0,0,0,0,0,0,0,0,0,0,0,0,0,0,0,0,0,0,0,0,0,0,0,0,0,0,0,0,0,0,0,0,0,0,0,0,0,0,0,0,0,2,2,0,0,4,1,2,2,4,0,0,0,0,0,1,2,2,2,0,0,0,0,0,0,0,0,0,0,0,0,0,0,0,0,0,0,0,0,0,0,0,0,0,0,0,0,0,0,0,0,0,0,0,0,0,0,0,0,0,0,0,2,2,0,0,0,0,0,0,0,0,0,0,0,0,0,0,0,0,3,1,2,1,1,0,0,0,0,5,0,0,0,0,0,0,0,2,2,0,0,0,0,0,0,0,0,2,3,2,2,0,0,0,3,2,2,2,2,0,2,2,1,2,2,0,2,2,0,0,0,0,0,0,0,0,0,0,0,0,0,0,0,0,0,0,2,2,1,0,0,0,0,0,0,0,0,0,0,0,0,0,0,0,0,2,1,2,2,3,2,0,0,0,0,0,0,0,5,2,0,0,0,0,0,0,0,0,0,0,0,0,0,0,0,0,2,3,0,0,0,0,0,0,0,0,0,0,0,0,0,0,0,0,0,0,0,0,0,0,0,0,0,0,0,0,0,0,0,0,0,0,0,0,0,0,0,0,0,0,0,3,2,5,2,0,0,0,0,0,0,0,0,0,0,0,0,0,0,0,0,0,0,0,0,0,0,0,0,0,0,0,0,0,0,0,0,0,0,0,0,0,0,0,0,0,0,0,0,0,0,0,0,0,0,0,0,0,0,0,0,0,0,0,0,0,0,0,0,0,0,0,0,0,0,0,0,0,0,0,0,0,0,0,0,0,0,0,0,0,0,0,0,0,0,0,0,0,0,0,0,0,0,0,0,0,0,0,0,0,0,0,0,0,0,0,0,0,0,0,0,0,0,0,0,0,0,0,0,0,0,0,0,0,0,0,0,0,0,0,0,0,0,0,5,3,2,2,2,2,2,2,4,2,1,4,1,2,2,2,1,4,1,1,5,2,2,2,2,5,2,3,3,2,5,2,2,3,5,0,0,0,0,0,0,0,0,0,0,0,0,0,0,0,0,0,0,0,0,0,0,0,2,5,2,5,3,2,0,0,0,0,0,0,0,0,5,0,0,0,2,3,2,2,2,2,0,0,0,0,0,2,2,2,2,2,0,0,0,1,2,3,1,2,2,2,0,0,0,0,0,2,3,2,2,3,2,2,4,2,0,0,0,0,0,0,0,0,3,2,1,5,4,2,0,0,0,0,3,0,0,0,0,0,0,0,0,0,0,0,0,0,0,0,0,0,2,0,0,2,0,0,0,0,0,0,0,0,0,0,0,0,0,0,0,0,0,0,0,0,0,0,0,0,0,0,0,0,0,0,0,0,0,0,0,0,0,0,0,0,0,0,0,0,0,0,0,0,0,0,0,0,0,0,0,0,0,0,0,0,0,0,0,0,0,0,0,0,0,0,0,0,0,0,0,0,0,2,2,0,2,0,0,0,0,0,2,2,2,0,2,3,2,3,3,1,1,3,1,2,2,0,0,0,0,0,0,0,2,2,2,2,3,1,5,2,2,5,0,4,2,0,0,0,0,2,3,5,2,0,0,0,0,0,0,0,0,0,0,0,0,0,0,0,0,0,0,0,0,0,0,0,0,0,0,0,0,0,0,0,0,0,0,0,0,0,0,0,0,0,0,0,0,0,0,0,0,0,0,0,0,0,0,0,0,0,0,0,0,0,0,0,0,0,0,0,0,0,0,0,0,0,0,0,0,0,0,0,0,0,0,0,0,0,0,0,0,0,0,0,0,0,0,0,0,2,1,1,3,2,3,2,2,5,1,5,5,2,1,4,3,0,0,0,0,0,0,0,0,0,0,0,0,0,0,0,0,0,0,0,0,0,0,0,0,0,0,0,0,0,0,0,0,0,0,0,0,0,0,0,0,0,0,0,0,0,0,0,0,0,0,0,0,0,0,0,0,0,0,0,0,0,0,0,0,0,0,0,0,0,0,0,0,0,0,0,0,0,0,0,0,0,0,0,0,0,0,0,0,0,0,0,0,0,0,0,0,0,0,0,0,0,0,0,0,0,0,0,0,0,0,0,0,0,0,0,0,0,0,0,0,0,0,0,0,0,0,0,0,0,0,0,0,0,0,0,0,0,0,0,0,0,0,0,0,0,0,0,0,0,0,0,0,0,0,0,0,0,0,0,0,0,0,0,0,0,0,0,0,0,0,0,0,0,0,0,0,0,0,0,0,0,0,0,0,0,0,0,0,0,0,0,0,0,0,0,0,0,0,0,0,0,0,0,0,0,0,0,0,0,0,0,0,0,0,0,0,0,0,0,0,0,0,0,0,0,0,0,0,0,0,0,0,0,0,0,0,0,0,0,0,0,0,0,0,0,0,0,0,0,0,0,0,0,0,0,0,0,0,0,0,0,0,0,0,0,0,0,0,0,0,0,0,0,0,0,0,0,0,0,0,0,0,0,0,3,2,3,5,5,3,3,3,3,3,2,2,2,3,5,5,3,0,0,0,0,0,0,0,0,0,0,0,0,0,0,0,0,0,0,0,0,0,0,0,0,0,0,0,0,0,0,0,0,0,0,0,0,0,0,0,0,0,0,0,0,0,0,0,0,0,0,0,0,0,0,0,0,0,0,0,0,0,0,0,0,0,0,0,0,0,0,0,0,0,0,0,0,0,0,0,0,0,0,0,0,0,0,0,0,0,0,0,0,0,0,0,0,0,0,0,0,0,0,0,0,0,0,0,0,0,0,0,0,0,0,0,0,0,0,0,0,0,0,0,0,0,0,0,0,0,3,3,3,5,3,1,3,3,1,3,3,2,0,0,0,0,0,0,0,0,0,0,0,0,0,0,0,0,0,0,0,0,0,0,0,0,0,0,0,0,0,0,0,0,0,0,0,0,0,0,0,0,0,0,0,0,0,0,0,0,0,0,0,0,0,0,0,0,0.7248157262802124,-9.122767448425291,-2.84781265258789,5.674784183502197,5.107763290405273,-19.116254806518555,-30.365652084350582,-6.375558376312256,23.488996505737305,-5.793905258178711,6.447851657867432,22.39052963256836,0.8607814311981201,15.958600997924805,-34.255882263183594,-0.4031176269054413,23.04335594177246,-31.27949333190918,-30.39158058166504,36.30942916870117,6.892601490020752,16.61893653869629,56.64304733276367,17.00679588317871,-19.28614997863769,5.525760173797607,-20.3658504486084,-39.59077453613281,1.0131059885025024,-16.0460147857666,18.4887752532959,-10.687582969665527,-15.915074348449709,1.3324804306030271,-1.8229501247406008,10.532456398010254,2.906305313110352,-3.438708543777466,21.824264526367188,22.59153175354004,5.427821636199951,3.5301809310913086,-4.743599891662598,-11.921995162963867,-24.74709129333496,21.04450798034668,13.064927101135254,43.63236618041992,-8.738682746887207,0.251406729221344,9.382655143737791,-23.745508193969727,0.2877921164035797,-19.061309814453125,-33.16982650756836,-23.90511703491211,-17.91640281677246,16.955280303955078,4.569077968597412,8.177437782287598,2.708073616027832,-17.511608123779297,-18.022159576416016,13.021063804626465,-43.9473876953125,4.071087837219238,19.824302673339844,9.421242713928224,-19.18585586547852,-2.140936851501465,-6.35678768157959,13.306472778320312,13.168559074401855,-31.358009338378903,0.4364557862281799,5.253321170806885,-27.876792907714844,1.3181097507476809,10.780359268188477,2.1873223781585693,19.56923484802246,2.915327548980713,-9.667652130126951,-42.25371170043945,21.08648109436035,-14.21754550933838,-8.897822380065918,5.772236347198486,7.45974588394165,-2.540777921676636,6.478296279907227,13.61697769165039,16.180662155151367,6.570396423339844,7.7448811531066895,-5.888307571411133,18.74030113220215,8.022541046142578,18.587656021118164,-9.702632904052734,-6.917230606079102,-19.27190399169922,-23.838706970214844,-10.926441192626951,13.59861183166504,-31.949539184570312,-17.06987190246582,12.36997890472412,7.943955421447754,-19.24092102050781,-19.33412742614746,14.691482543945312,7.925569534301758,-12.862186431884766,-5.084448337554932,-7.469374179840088,19.000885009765625,23.264869689941406,-2.9808895587921143,5.513676643371582,-10.43425750732422,17.29804039001465,1.8711059093475344,33.792991638183594,-2.507931470870972,-34.48210906982422,-29.740365982055664,3.8892040252685542,-14.552005767822266,0.5477890372276306,1.2422223091125488,-4.634678840637207,14.378158569335938,40.78739547729492,8.048360824584961,31.2476749420166,-5.035046100616455,-10.208595275878906,18.576684951782227,-14.63829231262207,24.070384979248047,-2.092002868652344,-11.236202239990234,-6.21211576461792,13.138388633728027,2.2483487129211426,5.904476165771484,7.160411834716797,13.021389961242676,37.10855102539063,-3.86399507522583,18.82451057434082,15.938724517822266,-22.788930892944336,-6.078536510467529,0.959750771522522,-16.765277862548828,-2.224714517593384,-0.5555221438407898,-18.822195053100582,9.170626640319824,14.595882415771484,-11.913530349731444,6.173205852508545,17.337940216064453,-23.625713348388672,13.906432151794434,-9.349845886230469,1.0047309398651123,18.98433303833008,-15.022592544555664,-21.1108341217041,34.52909851074219,-6.258108615875244,14.76084804534912,-2.767481565475464,13.25498867034912,-2.4552853107452397,-11.057500839233398,23.81245231628418,-12.55689525604248,24.14303970336914,-2.7902579307556152,32.13375473022461,10.095507621765137,-10.65635871887207,3.852861166000366,2.4134695529937744,-6.156499862670898,-19.565404891967773,3.907118320465088,-9.1294527053833,-20.09429931640625,3.707521915435791,14.82554531097412,6.112509250640869,3.532222986221313,-29.241500854492188,-7.998523235321045,-9.196224212646484,-1.1381564140319824,-8.706981658935547,7.096883296966553,-7.713950634002685,-6.227260589599609,-4.320282459259033,32.89592742919922,29.635149002075195,27.13319396972656,-15.536629676818848,29.24065589904785,-0.702605664730072,35.154972076416016,-15.91599464416504,12.246086120605469,-3.412977695465088,13.978131294250488,10.456395149230955,-9.702749252319336,14.110958099365234,10.233003616333008,-20.81404685974121,-11.219449043273926,0.5270281434059143,9.064376831054688,-13.259303092956545,-3.719243288040161,-4.17132568359375,12.7325439453125,-27.26668357849121,7.677309989929199,-2.3120346069335938,-20.13126945495605,-24.54529571533203,5.616671562194824,-25.218408584594727,-5.713257789611816,-8.106841087341309,-6.706183433532715,28.988597869873047,18.168306350708008,-32.549957275390625,20.060836791992188,-9.212201118469238,-2.479122400283813,24.2669677734375,-43.45799255371094,-16.254735946655273,0.8081870675086975,13.65619659423828,-47.39730453491211,10.862942695617676,12.580312728881836,-9.38369083404541,-25.989688873291016,21.61582946777344,3.893944978713989,-17.52878189086914,33.076385498046875,-26.47587013244629,-10.121910095214844,8.216423034667969,4.3805108070373535,16.808574676513672,-4.111581802368164,-26.154809951782227,-9.970349311828612,1.5886366367340088,7.7204155921936035,-21.12296867370605,3.1691157817840576,10.250160217285156,-12.49862003326416,3.878577709197998,-2.828129291534424,-21.25584983825684,-11.740735054016112,-9.949316024780272,-12.971277236938477,22.36517906188965,-14.03293514251709,-19.96714401245117,-24.537044525146484,-15.387991905212402,-13.726858139038086,12.674839973449709,0.7721452116966248,-3.4161534309387207,-10.950691223144531,-9.240152359008787,10.010601997375488,31.79969787597656,10.546772003173828,10.468085289001465,-29.638914108276367,-19.061220169067383,-17.58562469482422,-22.95014762878418,-43.6299057006836,-3.485023736953736,1.0,2.4149733479708178
OXYR_HUMAN,CHEMBL377414,CC(C)CC1C(=O)NC(C2Cc3ccccc3C2)C(=O)N1C(C(=O)N(C)C)c1ccc(F)cc1F,0,0,0,0,0,0,0,0,0,0,0,0,0,0,0,0,0,0,0,0,0,0,0,0,0,0,0,0,0,0,0,0,0,0,0,0,0,0,0,0,0,0,0,0,0,0,0,0,0,0,0,0,0,0,0,0,0,0,0,0,0,0,0,0,0,0,0,0,0,0,0,0,0,0,0,0,0,0,0,0,0,0,0,0,0,0,0,0,0,0,0,0,0,0,0,0,0,0,0,0,0,0,0,0,0,0,0,0,0,0,0,0,0,0,0,0,0,0,0,0,0,0,0,0,0,0,0,0,0,0,0,0,0,0,0,0,0,0,0,0,0,0,0,0,0,0,0,0,0,0,0,0,0,0,0,0,0,0,0,0,0,0,0,0,0,0,0,0,0,0,0,0,0,0,0,0,0,0,0,0,0,0,0,0,0,2,4,1,2,2,2,2,3,2,3,2,4,2,2,3,2,0,0,0,0,0,0,0,0,0,0,0,0,0,0,0,0,3,2,2,1,0,0,0,0,0,0,0,0,0,0,0,0,0,0,0,0,0,1,1,2,4,1,3,0,0,0,0,0,0,0,0,0,0,0,5,3,0,0,0,0,0,0,0,0,0,0,0,0,0,0,0,0,0,0,0,0,0,0,0,0,0,0,0,0,0,0,0,0,0,0,0,0,0,0,0,0,0,0,0,0,0,0,0,0,0,0,0,0,0,0,0,0,0,0,0,0,0,0,0,0,0,0,0,0,0,0,0,0,0,0,0,0,0,0,0,0,0,0,0,0,0,0,0,0,0,0,0,0,0,0,0,0,0,0,0,0,0,0,0,0,0,0,0,0,0,0,0,0,0,0,0,0,0,0,0,0,0,0,0,0,0,0,0,0,0,0,0,0,0,0,0,0,0,0,0,0,0,0,0,0,0,0,0,0,0,0,0,0,0,0,0,0,0,0,0,0,0,0,0,0,0,0,0,0,0,0,0,0,0,0,0,0,2,1,1,1,5,5,3,0,0,0,0,0,0,0,0,0,0,0,0,0,0,0,0,0,0,0,0,0,0,0,0,0,0,0,0,0,0,0,0,0,0,0,0,0,0,0,0,0,0,0,0,0,0,0,0,0,0,0,0,0,0,0,0,0,0,0,0,0,0,0,0,0,0,0,0,0,0,0,0,0,0,0,0,0,0,0,0,0,0,0,0,0,0,0,0,0,0,0,0,0,0,0,0,0,0,0,0,0,0,0,0,0,0,0,0,0,0,0,0,0,0,0,0,0,0,0,0,0,0,0,0,0,0,0,0,0,0,0,0,0,0,0,0,0,0,0,0,0,0,0,0,0,0,0,0,0,4,2,2,2,5,2,4,2,0,0,0,0,0,0,0,0,0,0,0,0,0,0,0,0,0,2,2,2,1,2,0,2,2,0,0,0,0,0,0,0,0,0,0,0,2,2,2,2,3,1,3,2,1,0,0,0,0,0,0,2,2,2,2,2,0,0,5,0,0,0,0,3,3,0,0,0,0,0,0,0,0,0,0,0,5,3,5,5,0,0,0,0,0,3,0,0,0,0,0,0,0,5,2,2,2,2,2,5,0,0,0,0,0,0,0,0,0,0,0,0,0,0,0,5,2,3,0,2,2,4,0,0,0,0,0,0,0,0,0,0,0,0,0,0,0,0,0,0,0,0,0,0,0,0,0,0,0,0,0,0,0,0,2,2,2,2,2,2,3,2,2,0,0,0,0,0,0,0,0,0,0,0,0,0,0,0,0,0,0,0,0,0,0,0,0,1,3,2,2,0,0,0,0,0,0,0,0,0,0,0,0,0,0,0,0,0,0,0,0,0,0,0,0,0,0,0,0,0,2,4,2,3,2,5,2,2,1,0,1,4,2,0,0,0,0,0,2,1,0,0,0,0,0,0,0,0,0,0,0,0,0,0,0,0,0,0,0,0,0,0,0,0,0,0,0,0,0,0,0,0,0,0,0,0,0,0,0,0,0,0,0,0,0,0,0,5,0,2,2,5,0,2,2,3,2,2,1,2,2,2,0,0,0,3,3,2,2,0,0,0,0,0,0,0,0,0,0,0,0,2,2,0,0,0,0,0,0,0,0,0,0,0,0,0,0,0,0,0,0,0,0,0,0,0,0,0,0,0,0,0,0,0,2,2,3,2,4,5,0,0,0,0,0,0,0,0,0,0,0,0,0,0,0,0,0,0,0,0,0,0,0,0,0,0,0,0,0,0,0,0,0,0,1,0,0,0,0,0,0,0,0,0,0,0,0,0,0,0,0,0,0,0,0,0,0,0,0,0,0,2,2,0,0,0,0,0,0,2,0,1,3,1,2,0,0,0,0,0,0,0,0,0,0,0,0,0,0,0,0,0,0,0,0,0,0,0,0,0,0,0,0,5,3,0,0,0,0,2,5,5,0,0,5,3,0,0,0,0,0,0,0,0,0,0,0,0,0,0,0,4,5,0,0,0,0,2,2,2,0,0,0,0,2,2,3,2,2,0,0,0,1,1,2,2,2,3,0,0,2,1,3,2,5,0,0,0,0,0,0,0,0,0,0,0,0,2,2,3,0,0,0,0,0,0,0,0,0,0,0,0,0,0,0,0,0,0,0,0,0,0,0,0,0,0,0,0,0,0,0,0,0,0,0,0,0,0,0,2,5,0,0,0,0,4,0,0,0,0,0,0,0,0,0,0,0,0,0,0,0,0,0,0,0,0,0,0,0,0,0,0,0,0,0,0,0,0,0,0,0,0,0,0,0,0,0,0,0,0,0,0,0,0,0,0,0,0,0,0,0,0,0,0,0,0,0,0,0,0,0,0,0,0,0,0,0,0,0,0,0,0,0,0,0,0,0,0,0,0,0,0,0,0,0,0,0,0,0,2,2,0,0,4,1,2,2,4,0,0,0,0,0,1,2,2,2,0,0,0,0,0,0,0,0,0,0,0,0,0,0,0,0,0,0,0,0,0,0,0,0,0,0,0,0,0,0,0,0,0,0,0,0,0,0,0,0,0,0,0,2,2,0,0,0,0,0,0,0,0,0,0,0,0,0,0,0,0,3,1,2,1,1,0,0,0,0,5,0,0,0,0,0,0,0,2,2,0,0,0,0,0,0,0,0,2,3,2,2,0,0,0,3,2,2,2,2,0,2,2,1,2,2,0,2,2,0,0,0,0,0,0,0,0,0,0,0,0,0,0,0,0,0,0,2,2,1,0,0,0,0,0,0,0,0,0,0,0,0,0,0,0,0,2,1,2,2,3,2,0,0,0,0,0,0,0,5,2,0,0,0,0,0,0,0,0,0,0,0,0,0,0,0,0,2,3,0,0,0,0,0,0,0,0,0,0,0,0,0,0,0,0,0,0,0,0,0,0,0,0,0,0,0,0,0,0,0,0,0,0,0,0,0,0,0,0,0,0,0,3,2,5,2,0,0,0,0,0,0,0,0,0,0,0,0,0,0,0,0,0,0,0,0,0,0,0,0,0,0,0,0,0,0,0,0,0,0,0,0,0,0,0,0,0,0,0,0,0,0,0,0,0,0,0,0,0,0,0,0,0,0,0,0,0,0,0,0,0,0,0,0,0,0,0,0,0,0,0,0,0,0,0,0,0,0,0,0,0,0,0,0,0,0,0,0,0,0,0,0,0,0,0,0,0,0,0,0,0,0,0,0,0,0,0,0,0,0,0,0,0,0,0,0,0,0,0,0,0,0,0,0,0,0,0,0,0,0,0,0,0,0,0,5,3,2,2,2,2,2,2,4,2,1,4,1,2,2,2,1,4,1,1,5,2,2,2,2,5,2,3,3,2,5,2,2,3,5,0,0,0,0,0,0,0,0,0,0,0,0,0,0,0,0,0,0,0,0,0,0,0,2,5,2,5,3,2,0,0,0,0,0,0,0,0,5,0,0,0,2,3,2,2,2,2,0,0,0,0,0,2,2,2,2,2,0,0,0,1,2,3,1,2,2,2,0,0,0,0,0,2,3,2,2,3,2,2,4,2,0,0,0,0,0,0,0,0,3,2,1,5,4,2,0,0,0,0,3,0,0,0,0,0,0,0,0,0,0,0,0,0,0,0,0,0,2,0,0,2,0,0,0,0,0,0,0,0,0,0,0,0,0,0,0,0,0,0,0,0,0,0,0,0,0,0,0,0,0,0,0,0,0,0,0,0,0,0,0,0,0,0,0,0,0,0,0,0,0,0,0,0,0,0,0,0,0,0,0,0,0,0,0,0,0,0,0,0,0,0,0,0,0,0,0,0,0,2,2,0,2,0,0,0,0,0,2,2,2,0,2,3,2,3,3,1,1,3,1,2,2,0,0,0,0,0,0,0,2,2,2,2,3,1,5,2,2,5,0,4,2,0,0,0,0,2,3,5,2,0,0,0,0,0,0,0,0,0,0,0,0,0,0,0,0,0,0,0,0,0,0,0,0,0,0,0,0,0,0,0,0,0,0,0,0,0,0,0,0,0,0,0,0,0,0,0,0,0,0,0,0,0,0,0,0,0,0,0,0,0,0,0,0,0,0,0,0,0,0,0,0,0,0,0,0,0,0,0,0,0,0,0,0,0,0,0,0,0,0,0,0,0,0,0,0,2,1,1,3,2,3,2,2,5,1,5,5,2,1,4,3,0,0,0,0,0,0,0,0,0,0,0,0,0,0,0,0,0,0,0,0,0,0,0,0,0,0,0,0,0,0,0,0,0,0,0,0,0,0,0,0,0,0,0,0,0,0,0,0,0,0,0,0,0,0,0,0,0,0,0,0,0,0,0,0,0,0,0,0,0,0,0,0,0,0,0,0,0,0,0,0,0,0,0,0,0,0,0,0,0,0,0,0,0,0,0,0,0,0,0,0,0,0,0,0,0,0,0,0,0,0,0,0,0,0,0,0,0,0,0,0,0,0,0,0,0,0,0,0,0,0,0,0,0,0,0,0,0,0,0,0,0,0,0,0,0,0,0,0,0,0,0,0,0,0,0,0,0,0,0,0,0,0,0,0,0,0,0,0,0,0,0,0,0,0,0,0,0,0,0,0,0,0,0,0,0,0,0,0,0,0,0,0,0,0,0,0,0,0,0,0,0,0,0,0,0,0,0,0,0,0,0,0,0,0,0,0,0,0,0,0,0,0,0,0,0,0,0,0,0,0,0,0,0,0,0,0,0,0,0,0,0,0,0,0,0,0,0,0,0,0,0,0,0,0,0,0,0,0,0,0,0,0,0,0,0,0,0,0,0,0,0,0,0,0,0,0,0,0,0,0,0,0,0,0,3,2,3,5,5,3,3,3,3,3,2,2,2,3,5,5,3,0,0,0,0,0,0,0,0,0,0,0,0,0,0,0,0,0,0,0,0,0,0,0,0,0,0,0,0,0,0,0,0,0,0,0,0,0,0,0,0,0,0,0,0,0,0,0,0,0,0,0,0,0,0,0,0,0,0,0,0,0,0,0,0,0,0,0,0,0,0,0,0,0,0,0,0,0,0,0,0,0,0,0,0,0,0,0,0,0,0,0,0,0,0,0,0,0,0,0,0,0,0,0,0,0,0,0,0,0,0,0,0,0,0,0,0,0,0,0,0,0,0,0,0,0,0,0,0,0,3,3,3,5,3,1,3,3,1,3,3,2,0,0,0,0,0,0,0,0,0,0,0,0,0,0,0,0,0,0,0,0,0,0,0,0,0,0,0,0,0,0,0,0,0,0,0,0,0,0,0,0,0,0,0,0,0,0,0,0,0,0,0,0,0,0,0,0,3.866034984588623,-3.52134108543396,-3.017706632614136,6.793868541717529,-0.9680840969085692,-3.0340301990509038,-13.189495086669922,-0.1695367246866226,13.209994316101074,0.3803814649581909,1.1317942142486572,1.693843960762024,-5.097032070159912,3.323101043701172,-9.779787063598633,-3.546332359313965,9.49200439453125,-7.614917755126953,-8.599145889282227,10.674233436584473,4.816817760467529,9.27708339691162,22.066326141357425,8.917986869812012,-9.52847957611084,5.241265773773193,-4.234604358673096,-14.99837875366211,-1.2104898691177368,-1.7500044107437134,11.60374641418457,-7.506069183349609,-10.21782398223877,-4.118119716644287,3.543076992034912,3.149023056030273,5.615065097808838,-1.4291653633117676,10.966924667358398,3.7581863403320312,-5.618182182312012,-3.2828989028930664,-4.835196018218994,-4.381506443023682,-13.675188064575195,8.730683326721191,-3.245084524154663,13.918987274169922,-5.482388019561768,2.2969002723693848,5.12233829498291,-12.410788536071776,-2.3765206336975098,-10.63096046447754,-11.508614540100098,-8.159075736999512,-6.324720859527588,3.731624841690064,5.830048084259033,7.812451839447021,0.982724905014038,-8.182049751281738,-6.853629112243652,4.903165817260742,-19.280956268310547,1.840485692024231,11.261974334716797,1.70194411277771,-6.907169342041016,0.5851707458496094,-8.102805137634277,1.7913024425506592,10.257012367248535,-9.36729907989502,-4.371169567108154,5.310840129852295,-9.972712516784668,0.3612678349018097,0.138966679573059,4.161382675170898,7.111804962158203,-0.6600633263587952,-4.2891621589660645,-14.224974632263184,4.929768085479736,-2.9205572605133057,-8.97305679321289,5.593749523162842,4.401490688323975,-2.4604978561401367,3.0974056720733643,6.417510032653809,5.5211181640625,5.6414666175842285,6.307281017303467,-2.2715275287628174,8.470891952514648,5.492990016937256,9.381787300109863,-3.5499746799468994,-9.393701553344728,-11.36303424835205,-9.674139022827148,-13.998441696166992,6.9073357582092285,-11.594511985778809,-3.125818967819214,6.595724582672119,4.77130937576294,-8.588313102722168,-16.03837013244629,4.124312877655029,3.787333488464356,-2.5026113986968994,-0.4283697605133056,-3.039236068725586,9.291607856750488,11.845293045043944,-4.508278846740723,6.802786827087402,-10.22681713104248,4.932989597320557,-4.863499641418457,14.236520767211914,6.224111080169678,-16.217756271362305,-13.959664344787598,-2.2049479484558105,-5.79071569442749,0.9751773476600648,-1.1555969715118408,1.5548104047775269,11.921460151672363,14.091944694519045,-1.2236816883087158,18.6099853515625,10.57174587249756,-2.2933907508850098,10.333318710327148,-6.062830448150635,9.420654296875,-1.22607684135437,-5.256900787353516,-0.1953242868185043,8.683056831359863,6.509690761566162,5.291459560394287,0.4012600779533386,3.4292967319488525,11.228766441345217,4.191935062408447,3.7506821155548096,9.881965637207031,-6.951399326324463,-1.7945680618286133,1.406928300857544,-6.7643256187438965,-3.287704944610596,-1.321597695350647,-4.890063285827637,-3.756066083908081,-1.0184398889541626,-5.508425235748291,1.1294625997543335,5.582272052764893,-9.815457344055176,2.275609254837036,-0.9665249586105348,-0.3007961213588714,6.076086521148682,-7.176231861114502,-10.556951522827148,16.752952575683594,0.1294861733913421,3.3558990955352783,1.159477710723877,6.411790370941162,-4.111521720886231,-5.072319030761719,13.807045936584473,-1.4461745023727417,10.584715843200684,-1.5139260292053225,16.54888916015625,9.21315574645996,-4.946376323699951,-2.455080509185791,-2.4710609912872314,-5.097644805908203,-6.058229446411133,-1.1708080768585205,0.6812041401863098,-3.197815179824829,0.2127960622310638,1.828507900238037,-1.758796215057373,-4.646115303039551,-15.060304641723633,-1.2024139165878296,0.7386879920959473,2.3302409648895264,0.9717488884925842,8.117682456970215,-1.003174901008606,3.162031888961792,1.3758560419082642,16.053436279296875,7.753756046295166,12.359170913696287,-2.2411646842956543,17.966018676757812,-2.1504063606262207,10.964194297790527,-9.668521881103516,3.1304757595062256,-1.850069642066956,5.10667085647583,7.009935855865479,-6.1817498207092285,6.6171956062316895,3.694079637527466,-12.936946868896484,-5.342530250549316,0.7667491436004639,3.011667013168335,-7.331808090209961,-2.904893398284912,-1.0618574619293213,5.134565353393555,-10.91925811767578,3.991044759750366,-3.1051719188690186,-6.799924850463867,-16.476049423217773,-2.4129934310913086,-11.68002223968506,-3.4821789264678955,-3.8373019695281982,-5.828947067260742,11.886744499206545,6.545074462890625,-5.233823299407959,6.607171535491943,-0.0333843231201171,-3.475929975509644,8.165802001953125,-16.67768096923828,-7.887090682983398,-1.8397724628448489,-0.8311043977737427,-21.669252395629883,5.606607913970947,1.5982948541641235,0.378460168838501,-14.15160083770752,3.841298341751098,4.342508316040039,-8.000274658203125,13.6421537399292,-11.891077995300291,1.7938295602798462,7.134326934814453,0.8000509738922119,9.813820838928224,1.323074460029602,-9.645788192749023,-7.027663230895996,5.2016377449035645,2.1590371131896973,-9.52795124053955,-1.0539743900299072,8.566105842590332,-6.677584648132324,1.5264540910720823,0.7719759941101074,-7.661099433898926,-5.805820465087891,-1.7604219913482666,-2.054250240325928,4.519125461578369,-8.78727912902832,-9.447257041931152,-14.096972465515137,-10.272714614868164,-1.6964564323425293,7.272501945495605,-2.3451149463653564,-3.987281322479248,-7.169331073760986,-1.524430513381958,-0.1849405318498611,15.401201248168944,8.12938404083252,2.114124298095703,-12.650124549865724,-7.810802936553955,-7.857665538787842,-7.492001533508301,-17.912311553955078,0.0849651917815208,1.0,0.568201724066995
OXYR_HUMAN,CHEMBL3814165,CCC(C)C1NC(=O)C(Cc2ccc(O)cc2)N(C)C(=O)C(N)CSSCC(C(=O)N2CCCC2C(=O)NC(CC(C)C)C(=O)NCC(N)=O)NC(=O)C(CC(N)=O)NC(=O)C(CCC(N)=O)NC1=O,0,0,0,0,0,0,0,0,0,0,0,0,0,0,0,0,0,0,0,0,0,0,0,0,0,0,0,0,0,0,0,0,0,0,0,0,0,0,0,0,0,0,0,0,0,0,0,0,0,0,0,0,0,0,0,0,0,0,0,0,0,0,0,0,0,0,0,0,0,0,0,0,0,0,0,0,0,0,0,0,0,0,0,0,0,0,0,0,0,0,0,0,0,0,0,0,0,0,0,0,0,0,0,0,0,0,0,0,0,0,0,0,0,0,0,0,0,0,0,0,0,0,0,0,0,0,0,0,0,0,0,0,0,0,0,0,0,0,0,0,0,0,0,0,0,0,0,0,0,0,0,0,0,0,0,0,0,0,0,0,0,0,0,0,0,0,0,0,0,0,0,0,0,0,0,0,0,0,0,0,0,0,0,0,0,2,4,1,2,2,2,2,3,2,3,2,4,2,2,3,2,0,0,0,0,0,0,0,0,0,0,0,0,0,0,0,0,3,2,2,1,0,0,0,0,0,0,0,0,0,0,0,0,0,0,0,0,0,1,1,2,4,1,3,0,0,0,0,0,0,0,0,0,0,0,5,3,0,0,0,0,0,0,0,0,0,0,0,0,0,0,0,0,0,0,0,0,0,0,0,0,0,0,0,0,0,0,0,0,0,0,0,0,0,0,0,0,0,0,0,0,0,0,0,0,0,0,0,0,0,0,0,0,0,0,0,0,0,0,0,0,0,0,0,0,0,0,0,0,0,0,0,0,0,0,0,0,0,0,0,0,0,0,0,0,0,0,0,0,0,0,0,0,0,0,0,0,0,0,0,0,0,0,0,0,0,0,0,0,0,0,0,0,0,0,0,0,0,0,0,0,0,0,0,0,0,0,0,0,0,0,0,0,0,0,0,0,0,0,0,0,0,0,0,0,0,0,0,0,0,0,0,0,0,0,0,0,0,0,0,0,0,0,0,0,0,0,0,0,0,0,0,0,2,1,1,1,5,5,3,0,0,0,0,0,0,0,0,0,0,0,0,0,0,0,0,0,0,0,0,0,0,0,0,0,0,0,0,0,0,0,0,0,0,0,0,0,0,0,0,0,0,0,0,0,0,0,0,0,0,0,0,0,0,0,0,0,0,0,0,0,0,0,0,0,0,0,0,0,0,0,0,0,0,0,0,0,0,0,0,0,0,0,0,0,0,0,0,0,0,0,0,0,0,0,0,0,0,0,0,0,0,0,0,0,0,0,0,0,0,0,0,0,0,0,0,0,0,0,0,0,0,0,0,0,0,0,0,0,0,0,0,0,0,0,0,0,0,0,0,0,0,0,0,0,0,0,0,0,4,2,2,2,5,2,4,2,0,0,0,0,0,0,0,0,0,0,0,0,0,0,0,0,0,2,2,2,1,2,0,2,2,0,0,0,0,0,0,0,0,0,0,0,2,2,2,2,3,1,3,2,1,0,0,0,0,0,0,2,2,2,2,2,0,0,5,0,0,0,0,3,3,0,0,0,0,0,0,0,0,0,0,0,5,3,5,5,0,0,0,0,0,3,0,0,0,0,0,0,0,5,2,2,2,2,2,5,0,0,0,0,0,0,0,0,0,0,0,0,0,0,0,5,2,3,0,2,2,4,0,0,0,0,0,0,0,0,0,0,0,0,0,0,0,0,0,0,0,0,0,0,0,0,0,0,0,0,0,0,0,0,2,2,2,2,2,2,3,2,2,0,0,0,0,0,0,0,0,0,0,0,0,0,0,0,0,0,0,0,0,0,0,0,0,1,3,2,2,0,0,0,0,0,0,0,0,0,0,0,0,0,0,0,0,0,0,0,0,0,0,0,0,0,0,0,0,0,2,4,2,3,2,5,2,2,1,0,1,4,2,0,0,0,0,0,2,1,0,0,0,0,0,0,0,0,0,0,0,0,0,0,0,0,0,0,0,0,0,0,0,0,0,0,0,0,0,0,0,0,0,0,0,0,0,0,0,0,0,0,0,0,0,0,0,5,0,2,2,5,0,2,2,3,2,2,1,2,2,2,0,0,0,3,3,2,2,0,0,0,0,0,0,0,0,0,0,0,0,2,2,0,0,0,0,0,0,0,0,0,0,0,0,0,0,0,0,0,0,0,0,0,0,0,0,0,0,0,0,0,0,0,2,2,3,2,4,5,0,0,0,0,0,0,0,0,0,0,0,0,0,0,0,0,0,0,0,0,0,0,0,0,0,0,0,0,0,0,0,0,0,0,1,0,0,0,0,0,0,0,0,0,0,0,0,0,0,0,0,0,0,0,0,0,0,0,0,0,0,2,2,0,0,0,0,0,0,2,0,1,3,1,2,0,0,0,0,0,0,0,0,0,0,0,0,0,0,0,0,0,0,0,0,0,0,0,0,0,0,0,0,5,3,0,0,0,0,2,5,5,0,0,5,3,0,0,0,0,0,0,0,0,0,0,0,0,0,0,0,4,5,0,0,0,0,2,2,2,0,0,0,0,2,2,3,2,2,0,0,0,1,1,2,2,2,3,0,0,2,1,3,2,5,0,0,0,0,0,0,0,0,0,0,0,0,2,2,3,0,0,0,0,0,0,0,0,0,0,0,0,0,0,0,0,0,0,0,0,0,0,0,0,0,0,0,0,0,0,0,0,0,0,0,0,0,0,0,2,5,0,0,0,0,4,0,0,0,0,0,0,0,0,0,0,0,0,0,0,0,0,0,0,0,0,0,0,0,0,0,0,0,0,0,0,0,0,0,0,0,0,0,0,0,0,0,0,0,0,0,0,0,0,0,0,0,0,0,0,0,0,0,0,0,0,0,0,0,0,0,0,0,0,0,0,0,0,0,0,0,0,0,0,0,0,0,0,0,0,0,0,0,0,0,0,0,0,0,2,2,0,0,4,1,2,2,4,0,0,0,0,0,1,2,2,2,0,0,0,0,0,0,0,0,0,0,0,0,0,0,0,0,0,0,0,0,0,0,0,0,0,0,0,0,0,0,0,0,0,0,0,0,0,0,0,0,0,0,0,2,2,0,0,0,0,0,0,0,0,0,0,0,0,0,0,0,0,3,1,2,1,1,0,0,0,0,5,0,0,0,0,0,0,0,2,2,0,0,0,0,0,0,0,0,2,3,2,2,0,0,0,3,2,2,2,2,0,2,2,1,2,2,0,2,2,0,0,0,0,0,0,0,0,0,0,0,0,0,0,0,0,0,0,2,2,1,0,0,0,0,0,0,0,0,0,0,0,0,0,0,0,0,2,1,2,2,3,2,0,0,0,0,0,0,0,5,2,0,0,0,0,0,0,0,0,0,0,0,0,0,0,0,0,2,3,0,0,0,0,0,0,0,0,0,0,0,0,0,0,0,0,0,0,0,0,0,0,0,0,0,0,0,0,0,0,0,0,0,0,0,0,0,0,0,0,0,0,0,3,2,5,2,0,0,0,0,0,0,0,0,0,0,0,0,0,0,0,0,0,0,0,0,0,0,0,0,0,0,0,0,0,0,0,0,0,0,0,0,0,0,0,0,0,0,0,0,0,0,0,0,0,0,0,0,0,0,0,0,0,0,0,0,0,0,0,0,0,0,0,0,0,0,0,0,0,0,0,0,0,0,0,0,0,0,0,0,0,0,0,0,0,0,0,0,0,0,0,0,0,0,0,0,0,0,0,0,0,0,0,0,0,0,0,0,0,0,0,0,0,0,0,0,0,0,0,0,0,0,0,0,0,0,0,0,0,0,0,0,0,0,0,5,3,2,2,2,2,2,2,4,2,1,4,1,2,2,2,1,4,1,1,5,2,2,2,2,5,2,3,3,2,5,2,2,3,5,0,0,0,0,0,0,0,0,0,0,0,0,0,0,0,0,0,0,0,0,0,0,0,2,5,2,5,3,2,0,0,0,0,0,0,0,0,5,0,0,0,2,3,2,2,2,2,0,0,0,0,0,2,2,2,2,2,0,0,0,1,2,3,1,2,2,2,0,0,0,0,0,2,3,2,2,3,2,2,4,2,0,0,0,0,0,0,0,0,3,2,1,5,4,2,0,0,0,0,3,0,0,0,0,0,0,0,0,0,0,0,0,0,0,0,0,0,2,0,0,2,0,0,0,0,0,0,0,0,0,0,0,0,0,0,0,0,0,0,0,0,0,0,0,0,0,0,0,0,0,0,0,0,0,0,0,0,0,0,0,0,0,0,0,0,0,0,0,0,0,0,0,0,0,0,0,0,0,0,0,0,0,0,0,0,0,0,0,0,0,0,0,0,0,0,0,0,0,2,2,0,2,0,0,0,0,0,2,2,2,0,2,3,2,3,3,1,1,3,1,2,2,0,0,0,0,0,0,0,2,2,2,2,3,1,5,2,2,5,0,4,2,0,0,0,0,2,3,5,2,0,0,0,0,0,0,0,0,0,0,0,0,0,0,0,0,0,0,0,0,0,0,0,0,0,0,0,0,0,0,0,0,0,0,0,0,0,0,0,0,0,0,0,0,0,0,0,0,0,0,0,0,0,0,0,0,0,0,0,0,0,0,0,0,0,0,0,0,0,0,0,0,0,0,0,0,0,0,0,0,0,0,0,0,0,0,0,0,0,0,0,0,0,0,0,0,2,1,1,3,2,3,2,2,5,1,5,5,2,1,4,3,0,0,0,0,0,0,0,0,0,0,0,0,0,0,0,0,0,0,0,0,0,0,0,0,0,0,0,0,0,0,0,0,0,0,0,0,0,0,0,0,0,0,0,0,0,0,0,0,0,0,0,0,0,0,0,0,0,0,0,0,0,0,0,0,0,0,0,0,0,0,0,0,0,0,0,0,0,0,0,0,0,0,0,0,0,0,0,0,0,0,0,0,0,0,0,0,0,0,0,0,0,0,0,0,0,0,0,0,0,0,0,0,0,0,0,0,0,0,0,0,0,0,0,0,0,0,0,0,0,0,0,0,0,0,0,0,0,0,0,0,0,0,0,0,0,0,0,0,0,0,0,0,0,0,0,0,0,0,0,0,0,0,0,0,0,0,0,0,0,0,0,0,0,0,0,0,0,0,0,0,0,0,0,0,0,0,0,0,0,0,0,0,0,0,0,0,0,0,0,0,0,0,0,0,0,0,0,0,0,0,0,0,0,0,0,0,0,0,0,0,0,0,0,0,0,0,0,0,0,0,0,0,0,0,0,0,0,0,0,0,0,0,0,0,0,0,0,0,0,0,0,0,0,0,0,0,0,0,0,0,0,0,0,0,0,0,0,0,0,0,0,0,0,0,0,0,0,0,0,0,0,0,0,0,3,2,3,5,5,3,3,3,3,3,2,2,2,3,5,5,3,0,0,0,0,0,0,0,0,0,0,0,0,0,0,0,0,0,0,0,0,0,0,0,0,0,0,0,0,0,0,0,0,0,0,0,0,0,0,0,0,0,0,0,0,0,0,0,0,0,0,0,0,0,0,0,0,0,0,0,0,0,0,0,0,0,0,0,0,0,0,0,0,0,0,0,0,0,0,0,0,0,0,0,0,0,0,0,0,0,0,0,0,0,0,0,0,0,0,0,0,0,0,0,0,0,0,0,0,0,0,0,0,0,0,0,0,0,0,0,0,0,0,0,0,0,0,0,0,0,3,3,3,5,3,1,3,3,1,3,3,2,0,0,0,0,0,0,0,0,0,0,0,0,0,0,0,0,0,0,0,0,0,0,0,0,0,0,0,0,0,0,0,0,0,0,0,0,0,0,0,0,0,0,0,0,0,0,0,0,0,0,0,0,0,0,0,0,2.051504135131836,-7.606394290924072,-5.48037052154541,5.044246673583984,4.238373756408691,-18.590723037719727,-30.186777114868164,-5.549928188323975,22.77760124206543,-2.6280314922332764,6.31181526184082,20.27820587158203,-0.4041983485221863,15.00583267211914,-31.60179328918457,0.0912999957799911,24.32604217529297,-28.43227767944336,-29.17401885986328,36.65296936035156,7.954983234405518,16.505720138549805,55.288719177246094,16.647424697875977,-18.810884475708008,7.079681873321533,-18.082550048828125,-36.05772399902344,0.9686119556427002,-14.443154335021973,20.58506774902344,-12.717974662780762,-17.61660385131836,1.4681249856948853,-1.0898925065994265,9.714791297912598,4.886778354644775,-2.975785732269287,20.505834579467773,22.0540828704834,2.1315479278564453,3.699972629547119,-5.300268650054932,-9.864706039428713,-24.43295669555664,23.41514587402344,10.075109481811523,40.120243072509766,-8.075539588928223,-0.296376883983612,11.178197860717772,-24.799278259277344,1.0739128589630127,-20.14918327331543,-32.930850982666016,-22.37786674499512,-16.454988479614258,15.612496376037598,5.786972999572754,10.974188804626465,2.323169231414795,-16.624204635620117,-17.01323127746582,13.70614528656006,-42.514625549316406,4.311988353729248,20.57502174377441,8.490181922912598,-18.27646827697754,-2.40412712097168,-9.124560356140137,14.752646446228027,13.934350967407228,-30.58763313293457,0.2214631140232086,6.389720916748047,-27.50344467163086,-0.1960558891296386,10.023480415344238,2.1157443523406982,19.72824478149414,1.3426443338394165,-8.917906761169434,-39.35784530639648,21.27962684631348,-13.835408210754396,-12.211058616638184,6.639122486114502,8.515976905822754,-1.052657961845398,6.161508560180664,14.091876029968262,14.381591796875,4.701995849609375,7.855204105377197,-5.169169425964356,20.869604110717773,8.122201919555664,18.012317657470703,-11.565433502197266,-6.217033386230469,-20.774982452392575,-25.3711051940918,-13.18560028076172,11.94810390472412,-31.388002395629883,-16.756282806396484,11.882826805114746,7.688353538513184,-20.216205596923828,-20.72065544128418,14.978876113891602,7.184079647064209,-12.10529613494873,-4.771032333374023,-8.326584815979004,19.694873809814453,23.34230232238769,-3.67807412147522,4.509125232696533,-11.280935287475586,15.483452796936035,0.6588107347488403,32.774539947509766,0.5307774543762207,-34.71371841430664,-29.26330947875977,4.664210796356201,-15.427427291870115,-0.1011126786470413,1.5242857933044434,-3.7547574043273926,15.134483337402344,40.439674377441406,8.091251373291016,32.34523391723633,-2.902662754058838,-10.298864364624023,19.6644229888916,-14.710732460021973,23.54427719116211,-2.409480333328247,-10.480879783630373,-6.54304838180542,13.319796562194824,2.289607048034668,6.350774765014648,6.390459060668945,11.475264549255373,34.21827697753906,-3.16135311126709,17.71101188659668,16.389753341674805,-23.496782302856445,-6.12547779083252,1.3737605810165403,-16.856374740600586,-0.5387596487998962,-0.5176184773445129,-18.49620246887207,6.916545391082764,11.561175346374512,-11.447460174560549,7.8268609046936035,17.967987060546875,-25.7102165222168,11.310227394104004,-7.727036476135254,0.8668854832649231,17.60395050048828,-15.20954418182373,-21.009618759155277,34.33145904541016,-3.4882352352142334,13.961694717407228,-3.2231481075286865,13.814559936523438,-2.7027571201324463,-11.791537284851074,22.46406364440918,-11.030662536621094,23.24336624145508,-2.7470362186431885,31.999656677246094,10.034822463989258,-8.884954452514648,3.165329694747925,2.18994402885437,-5.959982395172119,-20.007511138916016,3.05496883392334,-7.9659528732299805,-18.625469207763672,4.244091510772705,13.1065034866333,5.105472564697266,0.8713341951370239,-28.28911399841309,-8.034869194030762,-8.92209529876709,-0.3388363718986511,-5.576192855834961,9.16115379333496,-5.465592384338379,-3.0648412704467773,-4.371801853179932,33.17906188964844,28.23144149780273,26.69903564453125,-14.30576229095459,32.22332763671875,-1.587622046470642,34.851593017578125,-16.530500411987305,12.713384628295898,-2.3381474018096924,13.02469539642334,11.934088706970217,-11.08096694946289,14.594099044799805,10.653515815734863,-22.461973190307617,-11.07517147064209,2.430467367172241,8.255146980285645,-12.57783031463623,-5.210184097290039,-4.734723567962647,11.57683277130127,-26.19911766052246,6.280500411987305,-2.7411813735961914,-19.5488224029541,-24.339815139770508,4.611578941345215,-25.871183395385746,-5.604727745056152,-8.706000328063965,-7.300058841705322,28.21495056152344,18.54755210876465,-28.45098114013672,22.186573028564453,-6.717514991760254,-2.5150225162506104,23.56299591064453,-42.475093841552734,-15.662156105041504,1.6156672239303589,11.28781509399414,-47.01350784301758,12.47299575805664,12.040653228759766,-7.318807125091553,-28.05354881286621,20.956430435180664,5.820947170257568,-18.84771156311035,33.312381744384766,-26.71025276184082,-8.197919845581055,5.939846992492676,3.756654739379883,17.5695743560791,-5.296780586242676,-24.63771629333496,-9.76707935333252,3.285320520401001,5.102970600128174,-20.41570281982422,2.9820168018341064,13.110599517822266,-12.90857982635498,2.212088108062744,-1.1781892776489258,-22.243600845336918,-11.491362571716309,-9.147968292236328,-11.80629539489746,19.39547348022461,-15.622750282287598,-19.357555389404297,-25.144847869873047,-17.055137634277344,-13.48617172241211,13.708394050598145,-1.3544174432754517,-3.9933032989501953,-12.167016983032228,-8.626106262207031,8.393633842468262,31.53058433532715,10.836793899536133,9.182066917419434,-30.45330619812012,-17.686412811279297,-16.0343074798584,-21.3817081451416,-44.72698211669922,-1.896833896636963,1.0,1.3783979009481375
OXYR_HUMAN,CHEMBL467546,CCSc1ccc(-c2cnc(-c3nnc(C)n3-c3ccc(OC)nc3)cn2)c(C)c1,0,0,0,0,0,0,0,0,0,0,0,0,0,0,0,0,0,0,0,0,0,0,0,0,0,0,0,0,0,0,0,0,0,0,0,0,0,0,0,0,0,0,0,0,0,0,0,0,0,0,0,0,0,0,0,0,0,0,0,0,0,0,0,0,0,0,0,0,0,0,0,0,0,0,0,0,0,0,0,0,0,0,0,0,0,0,0,0,0,0,0,0,0,0,0,0,0,0,0,0,0,0,0,0,0,0,0,0,0,0,0,0,0,0,0,0,0,0,0,0,0,0,0,0,0,0,0,0,0,0,0,0,0,0,0,0,0,0,0,0,0,0,0,0,0,0,0,0,0,0,0,0,0,0,0,0,0,0,0,0,0,0,0,0,0,0,0,0,0,0,0,0,0,0,0,0,0,0,0,0,0,0,0,0,0,2,4,1,2,2,2,2,3,2,3,2,4,2,2,3,2,0,0,0,0,0,0,0,0,0,0,0,0,0,0,0,0,3,2,2,1,0,0,0,0,0,0,0,0,0,0,0,0,0,0,0,0,0,1,1,2,4,1,3,0,0,0,0,0,0,0,0,0,0,0,5,3,0,0,0,0,0,0,0,0,0,0,0,0,0,0,0,0,0,0,0,0,0,0,0,0,0,0,0,0,0,0,0,0,0,0,0,0,0,0,0,0,0,0,0,0,0,0,0,0,0,0,0,0,0,0,0,0,0,0,0,0,0,0,0,0,0,0,0,0,0,0,0,0,0,0,0,0,0,0,0,0,0,0,0,0,0,0,0,0,0,0,0,0,0,0,0,0,0,0,0,0,0,0,0,0,0,0,0,0,0,0,0,0,0,0,0,0,0,0,0,0,0,0,0,0,0,0,0,0,0,0,0,0,0,0,0,0,0,0,0,0,0,0,0,0,0,0,0,0,0,0,0,0,0,0,0,0,0,0,0,0,0,0,0,0,0,0,0,0,0,0,0,0,0,0,0,0,2,1,1,1,5,5,3,0,0,0,0,0,0,0,0,0,0,0,0,0,0,0,0,0,0,0,0,0,0,0,0,0,0,0,0,0,0,0,0,0,0,0,0,0,0,0,0,0,0,0,0,0,0,0,0,0,0,0,0,0,0,0,0,0,0,0,0,0,0,0,0,0,0,0,0,0,0,0,0,0,0,0,0,0,0,0,0,0,0,0,0,0,0,0,0,0,0,0,0,0,0,0,0,0,0,0,0,0,0,0,0,0,0,0,0,0,0,0,0,0,0,0,0,0,0,0,0,0,0,0,0,0,0,0,0,0,0,0,0,0,0,0,0,0,0,0,0,0,0,0,0,0,0,0,0,0,4,2,2,2,5,2,4,2,0,0,0,0,0,0,0,0,0,0,0,0,0,0,0,0,0,2,2,2,1,2,0,2,2,0,0,0,0,0,0,0,0,0,0,0,2,2,2,2,3,1,3,2,1,0,0,0,0,0,0,2,2,2,2,2,0,0,5,0,0,0,0,3,3,0,0,0,0,0,0,0,0,0,0,0,5,3,5,5,0,0,0,0,0,3,0,0,0,0,0,0,0,5,2,2,2,2,2,5,0,0,0,0,0,0,0,0,0,0,0,0,0,0,0,5,2,3,0,2,2,4,0,0,0,0,0,0,0,0,0,0,0,0,0,0,0,0,0,0,0,0,0,0,0,0,0,0,0,0,0,0,0,0,2,2,2,2,2,2,3,2,2,0,0,0,0,0,0,0,0,0,0,0,0,0,0,0,0,0,0,0,0,0,0,0,0,1,3,2,2,0,0,0,0,0,0,0,0,0,0,0,0,0,0,0,0,0,0,0,0,0,0,0,0,0,0,0,0,0,2,4,2,3,2,5,2,2,1,0,1,4,2,0,0,0,0,0,2,1,0,0,0,0,0,0,0,0,0,0,0,0,0,0,0,0,0,0,0,0,0,0,0,0,0,0,0,0,0,0,0,0,0,0,0,0,0,0,0,0,0,0,0,0,0,0,0,5,0,2,2,5,0,2,2,3,2,2,1,2,2,2,0,0,0,3,3,2,2,0,0,0,0,0,0,0,0,0,0,0,0,2,2,0,0,0,0,0,0,0,0,0,0,0,0,0,0,0,0,0,0,0,0,0,0,0,0,0,0,0,0,0,0,0,2,2,3,2,4,5,0,0,0,0,0,0,0,0,0,0,0,0,0,0,0,0,0,0,0,0,0,0,0,0,0,0,0,0,0,0,0,0,0,0,1,0,0,0,0,0,0,0,0,0,0,0,0,0,0,0,0,0,0,0,0,0,0,0,0,0,0,2,2,0,0,0,0,0,0,2,0,1,3,1,2,0,0,0,0,0,0,0,0,0,0,0,0,0,0,0,0,0,0,0,0,0,0,0,0,0,0,0,0,5,3,0,0,0,0,2,5,5,0,0,5,3,0,0,0,0,0,0,0,0,0,0,0,0,0,0,0,4,5,0,0,0,0,2,2,2,0,0,0,0,2,2,3,2,2,0,0,0,1,1,2,2,2,3,0,0,2,1,3,2,5,0,0,0,0,0,0,0,0,0,0,0,0,2,2,3,0,0,0,0,0,0,0,0,0,0,0,0,0,0,0,0,0,0,0,0,0,0,0,0,0,0,0,0,0,0,0,0,0,0,0,0,0,0,0,2,5,0,0,0,0,4,0,0,0,0,0,0,0,0,0,0,0,0,0,0,0,0,0,0,0,0,0,0,0,0,0,0,0,0,0,0,0,0,0,0,0,0,0,0,0,0,0,0,0,0,0,0,0,0,0,0,0,0,0,0,0,0,0,0,0,0,0,0,0,0,0,0,0,0,0,0,0,0,0,0,0,0,0,0,0,0,0,0,0,0,0,0,0,0,0,0,0,0,0,2,2,0,0,4,1,2,2,4,0,0,0,0,0,1,2,2,2,0,0,0,0,0,0,0,0,0,0,0,0,0,0,0,0,0,0,0,0,0,0,0,0,0,0,0,0,0,0,0,0,0,0,0,0,0,0,0,0,0,0,0,2,2,0,0,0,0,0,0,0,0,0,0,0,0,0,0,0,0,3,1,2,1,1,0,0,0,0,5,0,0,0,0,0,0,0,2,2,0,0,0,0,0,0,0,0,2,3,2,2,0,0,0,3,2,2,2,2,0,2,2,1,2,2,0,2,2,0,0,0,0,0,0,0,0,0,0,0,0,0,0,0,0,0,0,2,2,1,0,0,0,0,0,0,0,0,0,0,0,0,0,0,0,0,2,1,2,2,3,2,0,0,0,0,0,0,0,5,2,0,0,0,0,0,0,0,0,0,0,0,0,0,0,0,0,2,3,0,0,0,0,0,0,0,0,0,0,0,0,0,0,0,0,0,0,0,0,0,0,0,0,0,0,0,0,0,0,0,0,0,0,0,0,0,0,0,0,0,0,0,3,2,5,2,0,0,0,0,0,0,0,0,0,0,0,0,0,0,0,0,0,0,0,0,0,0,0,0,0,0,0,0,0,0,0,0,0,0,0,0,0,0,0,0,0,0,0,0,0,0,0,0,0,0,0,0,0,0,0,0,0,0,0,0,0,0,0,0,0,0,0,0,0,0,0,0,0,0,0,0,0,0,0,0,0,0,0,0,0,0,0,0,0,0,0,0,0,0,0,0,0,0,0,0,0,0,0,0,0,0,0,0,0,0,0,0,0,0,0,0,0,0,0,0,0,0,0,0,0,0,0,0,0,0,0,0,0,0,0,0,0,0,0,5,3,2,2,2,2,2,2,4,2,1,4,1,2,2,2,1,4,1,1,5,2,2,2,2,5,2,3,3,2,5,2,2,3,5,0,0,0,0,0,0,0,0,0,0,0,0,0,0,0,0,0,0,0,0,0,0,0,2,5,2,5,3,2,0,0,0,0,0,0,0,0,5,0,0,0,2,3,2,2,2,2,0,0,0,0,0,2,2,2,2,2,0,0,0,1,2,3,1,2,2,2,0,0,0,0,0,2,3,2,2,3,2,2,4,2,0,0,0,0,0,0,0,0,3,2,1,5,4,2,0,0,0,0,3,0,0,0,0,0,0,0,0,0,0,0,0,0,0,0,0,0,2,0,0,2,0,0,0,0,0,0,0,0,0,0,0,0,0,0,0,0,0,0,0,0,0,0,0,0,0,0,0,0,0,0,0,0,0,0,0,0,0,0,0,0,0,0,0,0,0,0,0,0,0,0,0,0,0,0,0,0,0,0,0,0,0,0,0,0,0,0,0,0,0,0,0,0,0,0,0,0,0,2,2,0,2,0,0,0,0,0,2,2,2,0,2,3,2,3,3,1,1,3,1,2,2,0,0,0,0,0,0,0,2,2,2,2,3,1,5,2,2,5,0,4,2,0,0,0,0,2,3,5,2,0,0,0,0,0,0,0,0,0,0,0,0,0,0,0,0,0,0,0,0,0,0,0,0,0,0,0,0,0,0,0,0,0,0,0,0,0,0,0,0,0,0,0,0,0,0,0,0,0,0,0,0,0,0,0,0,0,0,0,0,0,0,0,0,0,0,0,0,0,0,0,0,0,0,0,0,0,0,0,0,0,0,0,0,0,0,0,0,0,0,0,0,0,0,0,0,2,1,1,3,2,3,2,2,5,1,5,5,2,1,4,3,0,0,0,0,0,0,0,0,0,0,0,0,0,0,0,0,0,0,0,0,0,0,0,0,0,0,0,0,0,0,0,0,0,0,0,0,0,0,0,0,0,0,0,0,0,0,0,0,0,0,0,0,0,0,0,0,0,0,0,0,0,0,0,0,0,0,0,0,0,0,0,0,0,0,0,0,0,0,0,0,0,0,0,0,0,0,0,0,0,0,0,0,0,0,0,0,0,0,0,0,0,0,0,0,0,0,0,0,0,0,0,0,0,0,0,0,0,0,0,0,0,0,0,0,0,0,0,0,0,0,0,0,0,0,0,0,0,0,0,0,0,0,0,0,0,0,0,0,0,0,0,0,0,0,0,0,0,0,0,0,0,0,0,0,0,0,0,0,0,0,0,0,0,0,0,0,0,0,0,0,0,0,0,0,0,0,0,0,0,0,0,0,0,0,0,0,0,0,0,0,0,0,0,0,0,0,0,0,0,0,0,0,0,0,0,0,0,0,0,0,0,0,0,0,0,0,0,0,0,0,0,0,0,0,0,0,0,0,0,0,0,0,0,0,0,0,0,0,0,0,0,0,0,0,0,0,0,0,0,0,0,0,0,0,0,0,0,0,0,0,0,0,0,0,0,0,0,0,0,0,0,0,0,0,3,2,3,5,5,3,3,3,3,3,2,2,2,3,5,5,3,0,0,0,0,0,0,0,0,0,0,0,0,0,0,0,0,0,0,0,0,0,0,0,0,0,0,0,0,0,0,0,0,0,0,0,0,0,0,0,0,0,0,0,0,0,0,0,0,0,0,0,0,0,0,0,0,0,0,0,0,0,0,0,0,0,0,0,0,0,0,0,0,0,0,0,0,0,0,0,0,0,0,0,0,0,0,0,0,0,0,0,0,0,0,0,0,0,0,0,0,0,0,0,0,0,0,0,0,0,0,0,0,0,0,0,0,0,0,0,0,0,0,0,0,0,0,0,0,0,3,3,3,5,3,1,3,3,1,3,3,2,0,0,0,0,0,0,0,0,0,0,0,0,0,0,0,0,0,0,0,0,0,0,0,0,0,0,0,0,0,0,0,0,0,0,0,0,0,0,0,0,0,0,0,0,0,0,0,0,0,0,0,0,0,0,0,0,4.961292743682861,-4.4103617668151855,-4.092126369476318,11.951560974121094,1.6979572772979736,1.2082306146621704,-11.804913520812988,-2.0645620822906494,6.078906059265137,-0.0388571768999099,-4.856416702270508,-2.0705361366271973,-8.193309783935547,2.1394433975219727,-8.584321022033691,-0.904079258441925,6.065615653991699,-4.730121612548828,-1.2403720617294312,11.757601737976074,4.76600456237793,6.352336406707764,15.684992790222168,7.51426887512207,-9.834507942199709,-0.3948461711406708,-0.2187447100877761,-10.980298042297363,3.437422752380371,0.839058518409729,13.569068908691406,-10.671209335327148,-7.268145084381103,-7.696019172668457,7.4662580490112305,0.0029369704425334,-1.728155493736267,-1.0430172681808472,10.246222496032717,1.437394380569458,1.406874656677246,-1.2039451599121094,-8.576494216918945,0.705180287361145,-13.142398834228516,3.9027018547058105,-3.856533050537109,7.210938453674316,-8.510612487792969,7.75568151473999,9.979622840881348,-7.144909858703613,-1.659553050994873,-11.49913215637207,-5.206484317779541,-5.618247032165527,-3.8837404251098633,2.39431381225586,3.637211799621582,4.404431819915772,1.016283392906189,-10.056039810180664,-4.807058334350586,-1.421505331993103,-19.85490226745605,-3.754727602005005,7.423172950744629,-0.1084717214107513,-3.109471082687378,1.0715779066085815,-6.046743869781494,-0.0913598090410232,10.066680908203123,-7.749856472015381,-2.570023775100708,7.7848029136657715,-7.500052452087402,2.1680383682250977,-5.26247501373291,3.254323005676269,7.225890636444092,0.1132388561964035,-8.990522384643555,-7.290003299713135,2.1519668102264404,-1.1570473909378052,-8.957225799560547,7.214794635772705,4.949317932128906,-0.9414404034614564,7.156839847564697,-1.7854433059692385,5.031589984893799,5.465404033660889,2.129457235336304,0.3235151469707489,3.344762325286865,6.918115615844727,7.289943695068359,4.301818370819092,-11.40527057647705,-5.035782814025879,-4.144553661346436,-15.0015869140625,7.003769397735596,-3.17064905166626,-0.2147217392921447,2.718832015991211,-1.437159299850464,-2.9597387313842773,-14.032590866088867,1.8417861461639404,5.11136531829834,0.7993456125259399,2.884167432785034,-8.160807609558105,11.484711647033691,10.35069465637207,-1.0088961124420166,5.080936908721924,-11.641995429992676,-0.2718716263771057,-3.5924320220947266,4.218959808349609,4.208595275878906,-11.514013290405272,-9.716569900512695,-0.2993621230125427,-4.273932933807373,2.570809841156006,-3.058800458908081,3.0107340812683105,10.90336799621582,9.070111274719238,-4.0905866622924805,13.624438285827637,13.643088340759276,1.337831735610962,9.164822578430176,-2.278566837310791,8.02336311340332,-3.0996298789978027,-5.879419803619385,-1.5452501773834229,8.805055618286133,6.811748504638672,-0.515870988368988,1.2748370170593262,1.4218409061431885,6.752886772155762,9.727408409118652,1.2938241958618164,9.242057800292969,-3.561014413833618,-0.6645267605781555,2.4335362911224365,-7.203685283660889,-6.34393310546875,3.087728977203369,-6.406696796417236,-6.70187520980835,-6.704928874969482,-2.8957977294921875,-3.1337602138519287,1.1574605703353882,-12.294595718383787,1.2914291620254517,-1.074936866760254,-0.1717751175165176,5.221427440643311,-10.99476146697998,-8.693074226379395,9.972126007080078,-1.4006482362747192,1.5875998735427856,4.75058126449585,5.985036849975586,-5.572808265686035,-3.035364151000977,9.385143280029297,-2.647304058074951,4.7502617835998535,-6.103824138641357,9.665753364562988,7.771949768066406,-1.2874969244003296,-4.057586193084717,-5.079919815063477,-4.329668998718262,-3.5939419269561768,-1.7983484268188477,0.4719583988189697,-0.0316993445158004,2.7720863819122314,0.6150557994842529,3.0948448181152344,-5.909217357635498,-12.462879180908203,-1.47675359249115,0.7945044040679932,4.188694477081299,4.374834537506104,4.587435722351074,2.9743645191192627,7.44326639175415,-3.866042137145996,11.593652725219728,5.532601356506348,10.969109535217283,-1.001979112625122,11.571097373962402,-5.992229461669922,2.263315200805664,-11.225727081298828,1.9095301628112795,2.4669108390808105,1.1191823482513428,6.19161319732666,-10.444655418395996,3.1941628456115723,3.3900249004364014,-6.839057445526123,-4.624232769012451,0.4029638469219208,5.1049981117248535,-1.5304607152938845,-2.5551698207855225,2.5391106605529785,7.453033447265625,-4.708336353302002,3.9885003566741934,-1.5557643175125122,-5.888694763183594,-12.830796241760254,-0.7230256795883179,-8.186595916748047,-2.776743173599243,-1.565398931503296,-4.525161743164063,11.636882781982422,2.8924810886383057,-1.9487638473510744,4.150892734527588,0.7031862139701843,-5.218142032623291,3.2039575576782227,-14.88444709777832,-8.974272727966309,-1.253257393836975,-7.684779167175293,-15.924976348876951,3.413301706314087,-3.5497519969940186,-0.6016982793807983,-16.824092864990234,3.7386116981506343,3.8635740280151367,-8.418025016784668,4.985561847686768,-7.501245021820068,0.971346914768219,6.369383335113525,8.670454025268555,12.233479499816896,6.158753871917725,-4.637372970581055,-10.992094039916992,7.124697685241699,-2.126184225082397,-1.8890498876571653,-4.340800762176514,2.33873987197876,-4.968890190124512,3.6208841800689697,1.2481184005737305,-6.209638595581055,-1.7180873155593872,-0.8772091269493103,1.0884618759155271,-1.671139359474182,-8.318655014038086,-5.155182838439941,-15.83040714263916,-6.647319316864014,-3.5754964351654053,2.156477451324463,0.5582209825515747,2.8883965015411377,-5.9062347412109375,1.4366217851638794,-2.613020896911621,10.204827308654783,15.039831161499023,-3.303605794906616,-6.554401397705078,-4.843622207641602,-4.572470188140869,-2.128453493118286,-14.501259803771973,-2.691244125366211,-1.0,2.3654879848908994
OXYR_HUMAN,CHEMBL467186,COCc1nnc(-c2cnc(-c3cccc(C)c3C)cn2)n1-c1ccc(OC)nc1,0,0,0,0,0,0,0,0,0,0,0,0,0,0,0,0,0,0,0,0,0,0,0,0,0,0,0,0,0,0,0,0,0,0,0,0,0,0,0,0,0,0,0,0,0,0,0,0,0,0,0,0,0,0,0,0,0,0,0,0,0,0,0,0,0,0,0,0,0,0,0,0,0,0,0,0,0,0,0,0,0,0,0,0,0,0,0,0,0,0,0,0,0,0,0,0,0,0,0,0,0,0,0,0,0,0,0,0,0,0,0,0,0,0,0,0,0,0,0,0,0,0,0,0,0,0,0,0,0,0,0,0,0,0,0,0,0,0,0,0,0,0,0,0,0,0,0,0,0,0,0,0,0,0,0,0,0,0,0,0,0,0,0,0,0,0,0,0,0,0,0,0,0,0,0,0,0,0,0,0,0,0,0,0,0,2,4,1,2,2,2,2,3,2,3,2,4,2,2,3,2,0,0,0,0,0,0,0,0,0,0,0,0,0,0,0,0,3,2,2,1,0,0,0,0,0,0,0,0,0,0,0,0,0,0,0,0,0,1,1,2,4,1,3,0,0,0,0,0,0,0,0,0,0,0,5,3,0,0,0,0,0,0,0,0,0,0,0,0,0,0,0,0,0,0,0,0,0,0,0,0,0,0,0,0,0,0,0,0,0,0,0,0,0,0,0,0,0,0,0,0,0,0,0,0,0,0,0,0,0,0,0,0,0,0,0,0,0,0,0,0,0,0,0,0,0,0,0,0,0,0,0,0,0,0,0,0,0,0,0,0,0,0,0,0,0,0,0,0,0,0,0,0,0,0,0,0,0,0,0,0,0,0,0,0,0,0,0,0,0,0,0,0,0,0,0,0,0,0,0,0,0,0,0,0,0,0,0,0,0,0,0,0,0,0,0,0,0,0,0,0,0,0,0,0,0,0,0,0,0,0,0,0,0,0,0,0,0,0,0,0,0,0,0,0,0,0,0,0,0,0,0,0,2,1,1,1,5,5,3,0,0,0,0,0,0,0,0,0,0,0,0,0,0,0,0,0,0,0,0,0,0,0,0,0,0,0,0,0,0,0,0,0,0,0,0,0,0,0,0,0,0,0,0,0,0,0,0,0,0,0,0,0,0,0,0,0,0,0,0,0,0,0,0,0,0,0,0,0,0,0,0,0,0,0,0,0,0,0,0,0,0,0,0,0,0,0,0,0,0,0,0,0,0,0,0,0,0,0,0,0,0,0,0,0,0,0,0,0,0,0,0,0,0,0,0,0,0,0,0,0,0,0,0,0,0,0,0,0,0,0,0,0,0,0,0,0,0,0,0,0,0,0,0,0,0,0,0,0,4,2,2,2,5,2,4,2,0,0,0,0,0,0,0,0,0,0,0,0,0,0,0,0,0,2,2,2,1,2,0,2,2,0,0,0,0,0,0,0,0,0,0,0,2,2,2,2,3,1,3,2,1,0,0,0,0,0,0,2,2,2,2,2,0,0,5,0,0,0,0,3,3,0,0,0,0,0,0,0,0,0,0,0,5,3,5,5,0,0,0,0,0,3,0,0,0,0,0,0,0,5,2,2,2,2,2,5,0,0,0,0,0,0,0,0,0,0,0,0,0,0,0,5,2,3,0,2,2,4,0,0,0,0,0,0,0,0,0,0,0,0,0,0,0,0,0,0,0,0,0,0,0,0,0,0,0,0,0,0,0,0,2,2,2,2,2,2,3,2,2,0,0,0,0,0,0,0,0,0,0,0,0,0,0,0,0,0,0,0,0,0,0,0,0,1,3,2,2,0,0,0,0,0,0,0,0,0,0,0,0,0,0,0,0,0,0,0,0,0,0,0,0,0,0,0,0,0,2,4,2,3,2,5,2,2,1,0,1,4,2,0,0,0,0,0,2,1,0,0,0,0,0,0,0,0,0,0,0,0,0,0,0,0,0,0,0,0,0,0,0,0,0,0,0,0,0,0,0,0,0,0,0,0,0,0,0,0,0,0,0,0,0,0,0,5,0,2,2,5,0,2,2,3,2,2,1,2,2,2,0,0,0,3,3,2,2,0,0,0,0,0,0,0,0,0,0,0,0,2,2,0,0,0,0,0,0,0,0,0,0,0,0,0,0,0,0,0,0,0,0,0,0,0,0,0,0,0,0,0,0,0,2,2,3,2,4,5,0,0,0,0,0,0,0,0,0,0,0,0,0,0,0,0,0,0,0,0,0,0,0,0,0,0,0,0,0,0,0,0,0,0,1,0,0,0,0,0,0,0,0,0,0,0,0,0,0,0,0,0,0,0,0,0,0,0,0,0,0,2,2,0,0,0,0,0,0,2,0,1,3,1,2,0,0,0,0,0,0,0,0,0,0,0,0,0,0,0,0,0,0,0,0,0,0,0,0,0,0,0,0,5,3,0,0,0,0,2,5,5,0,0,5,3,0,0,0,0,0,0,0,0,0,0,0,0,0,0,0,4,5,0,0,0,0,2,2,2,0,0,0,0,2,2,3,2,2,0,0,0,1,1,2,2,2,3,0,0,2,1,3,2,5,0,0,0,0,0,0,0,0,0,0,0,0,2,2,3,0,0,0,0,0,0,0,0,0,0,0,0,0,0,0,0,0,0,0,0,0,0,0,0,0,0,0,0,0,0,0,0,0,0,0,0,0,0,0,2,5,0,0,0,0,4,0,0,0,0,0,0,0,0,0,0,0,0,0,0,0,0,0,0,0,0,0,0,0,0,0,0,0,0,0,0,0,0,0,0,0,0,0,0,0,0,0,0,0,0,0,0,0,0,0,0,0,0,0,0,0,0,0,0,0,0,0,0,0,0,0,0,0,0,0,0,0,0,0,0,0,0,0,0,0,0,0,0,0,0,0,0,0,0,0,0,0,0,0,2,2,0,0,4,1,2,2,4,0,0,0,0,0,1,2,2,2,0,0,0,0,0,0,0,0,0,0,0,0,0,0,0,0,0,0,0,0,0,0,0,0,0,0,0,0,0,0,0,0,0,0,0,0,0,0,0,0,0,0,0,2,2,0,0,0,0,0,0,0,0,0,0,0,0,0,0,0,0,3,1,2,1,1,0,0,0,0,5,0,0,0,0,0,0,0,2,2,0,0,0,0,0,0,0,0,2,3,2,2,0,0,0,3,2,2,2,2,0,2,2,1,2,2,0,2,2,0,0,0,0,0,0,0,0,0,0,0,0,0,0,0,0,0,0,2,2,1,0,0,0,0,0,0,0,0,0,0,0,0,0,0,0,0,2,1,2,2,3,2,0,0,0,0,0,0,0,5,2,0,0,0,0,0,0,0,0,0,0,0,0,0,0,0,0,2,3,0,0,0,0,0,0,0,0,0,0,0,0,0,0,0,0,0,0,0,0,0,0,0,0,0,0,0,0,0,0,0,0,0,0,0,0,0,0,0,0,0,0,0,3,2,5,2,0,0,0,0,0,0,0,0,0,0,0,0,0,0,0,0,0,0,0,0,0,0,0,0,0,0,0,0,0,0,0,0,0,0,0,0,0,0,0,0,0,0,0,0,0,0,0,0,0,0,0,0,0,0,0,0,0,0,0,0,0,0,0,0,0,0,0,0,0,0,0,0,0,0,0,0,0,0,0,0,0,0,0,0,0,0,0,0,0,0,0,0,0,0,0,0,0,0,0,0,0,0,0,0,0,0,0,0,0,0,0,0,0,0,0,0,0,0,0,0,0,0,0,0,0,0,0,0,0,0,0,0,0,0,0,0,0,0,0,5,3,2,2,2,2,2,2,4,2,1,4,1,2,2,2,1,4,1,1,5,2,2,2,2,5,2,3,3,2,5,2,2,3,5,0,0,0,0,0,0,0,0,0,0,0,0,0,0,0,0,0,0,0,0,0,0,0,2,5,2,5,3,2,0,0,0,0,0,0,0,0,5,0,0,0,2,3,2,2,2,2,0,0,0,0,0,2,2,2,2,2,0,0,0,1,2,3,1,2,2,2,0,0,0,0,0,2,3,2,2,3,2,2,4,2,0,0,0,0,0,0,0,0,3,2,1,5,4,2,0,0,0,0,3,0,0,0,0,0,0,0,0,0,0,0,0,0,0,0,0,0,2,0,0,2,0,0,0,0,0,0,0,0,0,0,0,0,0,0,0,0,0,0,0,0,0,0,0,0,0,0,0,0,0,0,0,0,0,0,0,0,0,0,0,0,0,0,0,0,0,0,0,0,0,0,0,0,0,0,0,0,0,0,0,0,0,0,0,0,0,0,0,0,0,0,0,0,0,0,0,0,0,2,2,0,2,0,0,0,0,0,2,2,2,0,2,3,2,3,3,1,1,3,1,2,2,0,0,0,0,0,0,0,2,2,2,2,3,1,5,2,2,5,0,4,2,0,0,0,0,2,3,5,2,0,0,0,0,0,0,0,0,0,0,0,0,0,0,0,0,0,0,0,0,0,0,0,0,0,0,0,0,0,0,0,0,0,0,0,0,0,0,0,0,0,0,0,0,0,0,0,0,0,0,0,0,0,0,0,0,0,0,0,0,0,0,0,0,0,0,0,0,0,0,0,0,0,0,0,0,0,0,0,0,0,0,0,0,0,0,0,0,0,0,0,0,0,0,0,0,2,1,1,3,2,3,2,2,5,1,5,5,2,1,4,3,0,0,0,0,0,0,0,0,0,0,0,0,0,0,0,0,0,0,0,0,0,0,0,0,0,0,0,0,0,0,0,0,0,0,0,0,0,0,0,0,0,0,0,0,0,0,0,0,0,0,0,0,0,0,0,0,0,0,0,0,0,0,0,0,0,0,0,0,0,0,0,0,0,0,0,0,0,0,0,0,0,0,0,0,0,0,0,0,0,0,0,0,0,0,0,0,0,0,0,0,0,0,0,0,0,0,0,0,0,0,0,0,0,0,0,0,0,0,0,0,0,0,0,0,0,0,0,0,0,0,0,0,0,0,0,0,0,0,0,0,0,0,0,0,0,0,0,0,0,0,0,0,0,0,0,0,0,0,0,0,0,0,0,0,0,0,0,0,0,0,0,0,0,0,0,0,0,0,0,0,0,0,0,0,0,0,0,0,0,0,0,0,0,0,0,0,0,0,0,0,0,0,0,0,0,0,0,0,0,0,0,0,0,0,0,0,0,0,0,0,0,0,0,0,0,0,0,0,0,0,0,0,0,0,0,0,0,0,0,0,0,0,0,0,0,0,0,0,0,0,0,0,0,0,0,0,0,0,0,0,0,0,0,0,0,0,0,0,0,0,0,0,0,0,0,0,0,0,0,0,0,0,0,0,3,2,3,5,5,3,3,3,3,3,2,2,2,3,5,5,3,0,0,0,0,0,0,0,0,0,0,0,0,0,0,0,0,0,0,0,0,0,0,0,0,0,0,0,0,0,0,0,0,0,0,0,0,0,0,0,0,0,0,0,0,0,0,0,0,0,0,0,0,0,0,0,0,0,0,0,0,0,0,0,0,0,0,0,0,0,0,0,0,0,0,0,0,0,0,0,0,0,0,0,0,0,0,0,0,0,0,0,0,0,0,0,0,0,0,0,0,0,0,0,0,0,0,0,0,0,0,0,0,0,0,0,0,0,0,0,0,0,0,0,0,0,0,0,0,0,3,3,3,5,3,1,3,3,1,3,3,2,0,0,0,0,0,0,0,0,0,0,0,0,0,0,0,0,0,0,0,0,0,0,0,0,0,0,0,0,0,0,0,0,0,0,0,0,0,0,0,0,0,0,0,0,0,0,0,0,0,0,0,0,0,0,0,0,3.911222934722901,-4.71059513092041,-4.1643781661987305,11.55051040649414,2.0027668476104736,1.7985281944274902,-11.230430603027344,-2.0418944358825684,6.428798198699951,0.21746227145195,-4.486669540405273,-0.6406876444816589,-8.189143180847168,0.4682975709438324,-8.018762588500977,-1.139393329620361,4.966748237609863,-4.906628608703613,-0.90760600566864,10.189669609069824,6.4624924659729,6.613856792449951,15.399638175964355,8.525038719177246,-10.557767868041992,-1.4717921018600464,-1.0950261354446411,-10.876986503601074,2.517000436782837,1.364254593849182,13.45192527770996,-11.629605293273926,-7.704099655151367,-7.785648345947266,5.370128631591797,-0.3523454070091247,-1.167361617088318,-1.1499063968658447,11.352633476257324,2.187543630599976,0.5451987385749817,-0.7724649906158447,-8.57420825958252,1.1700665950775146,-12.215685844421388,4.380667209625244,-2.2240123748779297,7.533642292022705,-7.851545810699463,8.728252410888672,9.672809600830078,-7.733180999755859,-2.0478103160858154,-12.628690719604492,-4.761149883270264,-6.326025485992432,-4.357528209686279,0.381421148777008,3.196982383728028,4.187334060668945,1.3485865592956543,-10.484796524047852,-3.563511848449707,-0.9147611856460572,-19.482406616210938,-2.833575963973999,7.94846773147583,-1.2431890964508057,-1.9966684579849243,1.0020512342453003,-6.830739498138428,0.0009885020554065,10.888830184936523,-6.818918228149414,-1.3137314319610596,8.338579177856445,-6.819417953491211,1.8114655017852783,-4.004108428955078,3.19982385635376,7.013576507568359,-0.5268718600273132,-7.383123397827148,-7.616156578063965,2.7145097255706787,0.1567855328321457,-9.341647148132324,7.063225746154785,4.465373992919922,-0.3448831737041473,7.754762172698975,-1.6585001945495603,5.116960525512695,5.705108642578125,2.4340133666992188,-0.1536604315042495,3.648788928985596,7.492949485778809,7.760977268218994,5.166605472564697,-11.499794960021973,-5.970791339874268,-4.364890575408936,-15.929314613342283,7.036829948425293,-4.727373600006104,-0.5458620190620422,3.379222869873047,-1.2208130359649658,-3.963901519775391,-13.828017234802246,1.853649377822876,4.425786972045898,1.2649457454681396,3.0626816749572754,-7.872349262237549,11.43071460723877,11.525982856750488,-3.2828786373138428,5.817310810089111,-11.51527214050293,-0.0730229616165161,-5.142425537109375,4.671716213226318,5.287819862365723,-10.373163223266602,-8.35195541381836,-2.4402246475219727,-4.063075542449951,1.2290334701538086,-2.4355947971343994,4.24872636795044,11.110918045043944,8.986917495727539,-3.3749773502349854,13.85801124572754,14.677789688110352,0.1685355603694915,9.73844051361084,-2.462975025177002,7.255574703216553,-3.53000545501709,-5.165088176727295,-2.523400068283081,10.105305671691896,8.918413162231445,-0.47776859998703,0.9528829455375672,1.419318437576294,7.218874454498291,9.77998161315918,1.3047692775726318,9.61016082763672,-3.5562000274658203,-1.269026756286621,3.029338359832764,-8.005062103271484,-5.639369487762451,3.529024839401245,-5.443996906280518,-6.218902111053467,-5.8505682945251465,-4.499650478363037,-3.756726741790772,0.911256730556488,-13.12427806854248,0.7537806034088135,-1.5751593112945557,-1.306018352508545,5.565121650695801,-10.70412826538086,-7.874917507171631,10.135900497436523,-0.1776003390550613,1.7354575395584106,5.861186027526856,6.696712017059326,-5.031904697418213,-2.526665210723877,11.181024551391602,-1.545547604560852,4.561970233917236,-6.132259845733643,10.47208309173584,8.48912525177002,-0.4502223432064056,-4.850028038024902,-4.078090667724609,-4.5575032234191895,-2.1261777877807617,-2.529484510421753,-0.2895209789276123,-0.0688427314162254,2.84845232963562,0.1646553128957748,1.882975697517395,-6.288424015045166,-11.957289695739746,-1.195698618888855,0.8107593655586243,3.2202603816986084,5.353387355804443,3.493361711502075,3.1576266288757324,6.859524726867676,-4.185873508453369,11.661688804626465,5.390954494476318,12.390642166137695,-0.5949432253837585,11.365010261535645,-6.167322158813477,3.376437187194824,-9.171151161193848,2.8513054847717285,0.967242956161499,0.8200222849845886,7.35400915145874,-10.134719848632812,3.7736058235168457,2.879373550415039,-7.86699628829956,-5.268357276916504,-0.7852930426597595,5.270071983337402,-2.16544508934021,-2.818686008453369,2.3363513946533203,6.289290428161621,-5.551782608032227,4.716970920562744,-1.8611962795257568,-6.306713104248047,-13.216288566589355,-0.8139017224311829,-7.98166036605835,-4.549941062927246,-1.4046345949172974,-5.374268531799316,11.251190185546877,3.9704723358154297,-1.6858229637145996,4.355466365814209,1.3988256454467771,-5.947539329528809,3.9302456378936768,-15.415611267089844,-9.031972885131836,-1.124302625656128,-7.265048980712891,-16.349079132080078,4.433258533477783,-3.388257503509521,-0.188882291316986,-17.242198944091797,1.7209378480911257,5.101600170135498,-8.712669372558594,4.782082557678223,-7.180596828460693,1.7784608602523804,7.818763256072998,7.297329425811768,11.992738723754885,4.002828598022461,-4.174978256225586,-10.801057815551758,8.434353828430176,-1.9969191551208496,-1.7427091598510742,-4.485591411590576,3.2157175540924072,-5.375324249267578,3.399650812149048,-0.1276137083768844,-5.741707801818848,-1.5261222124099731,-2.316039085388184,1.8293735980987549,-0.306619644165039,-7.981548309326172,-5.636132717132568,-16.1375675201416,-7.460800170898437,-3.044732093811035,3.036987066268921,2.2660253047943115,1.3391152620315552,-6.377143383026123,1.7745691537857056,-1.915370225906372,11.418792724609377,13.171374320983888,-4.171419143676758,-7.070792198181152,-4.95009183883667,-3.195547103881836,-3.020848274230957,-13.394728660583496,-3.425231695175171,-1.0,0.6020599913279623
OXYR_HUMAN,CHEMBL515447,O=C(c1ccc(-c2ccccc2C(F)(F)F)nc1)N(CC1CC1)CC1CCCO1,0,0,0,0,0,0,0,0,0,0,0,0,0,0,0,0,0,0,0,0,0,0,0,0,0,0,0,0,0,0,0,0,0,0,0,0,0,0,0,0,0,0,0,0,0,0,0,0,0,0,0,0,0,0,0,0,0,0,0,0,0,0,0,0,0,0,0,0,0,0,0,0,0,0,0,0,0,0,0,0,0,0,0,0,0,0,0,0,0,0,0,0,0,0,0,0,0,0,0,0,0,0,0,0,0,0,0,0,0,0,0,0,0,0,0,0,0,0,0,0,0,0,0,0,0,0,0,0,0,0,0,0,0,0,0,0,0,0,0,0,0,0,0,0,0,0,0,0,0,0,0,0,0,0,0,0,0,0,0,0,0,0,0,0,0,0,0,0,0,0,0,0,0,0,0,0,0,0,0,0,0,0,0,0,0,2,4,1,2,2,2,2,3,2,3,2,4,2,2,3,2,0,0,0,0,0,0,0,0,0,0,0,0,0,0,0,0,3,2,2,1,0,0,0,0,0,0,0,0,0,0,0,0,0,0,0,0,0,1,1,2,4,1,3,0,0,0,0,0,0,0,0,0,0,0,5,3,0,0,0,0,0,0,0,0,0,0,0,0,0,0,0,0,0,0,0,0,0,0,0,0,0,0,0,0,0,0,0,0,0,0,0,0,0,0,0,0,0,0,0,0,0,0,0,0,0,0,0,0,0,0,0,0,0,0,0,0,0,0,0,0,0,0,0,0,0,0,0,0,0,0,0,0,0,0,0,0,0,0,0,0,0,0,0,0,0,0,0,0,0,0,0,0,0,0,0,0,0,0,0,0,0,0,0,0,0,0,0,0,0,0,0,0,0,0,0,0,0,0,0,0,0,0,0,0,0,0,0,0,0,0,0,0,0,0,0,0,0,0,0,0,0,0,0,0,0,0,0,0,0,0,0,0,0,0,0,0,0,0,0,0,0,0,0,0,0,0,0,0,0,0,0,0,2,1,1,1,5,5,3,0,0,0,0,0,0,0,0,0,0,0,0,0,0,0,0,0,0,0,0,0,0,0,0,0,0,0,0,0,0,0,0,0,0,0,0,0,0,0,0,0,0,0,0,0,0,0,0,0,0,0,0,0,0,0,0,0,0,0,0,0,0,0,0,0,0,0,0,0,0,0,0,0,0,0,0,0,0,0,0,0,0,0,0,0,0,0,0,0,0,0,0,0,0,0,0,0,0,0,0,0,0,0,0,0,0,0,0,0,0,0,0,0,0,0,0,0,0,0,0,0,0,0,0,0,0,0,0,0,0,0,0,0,0,0,0,0,0,0,0,0,0,0,0,0,0,0,0,0,4,2,2,2,5,2,4,2,0,0,0,0,0,0,0,0,0,0,0,0,0,0,0,0,0,2,2,2,1,2,0,2,2,0,0,0,0,0,0,0,0,0,0,0,2,2,2,2,3,1,3,2,1,0,0,0,0,0,0,2,2,2,2,2,0,0,5,0,0,0,0,3,3,0,0,0,0,0,0,0,0,0,0,0,5,3,5,5,0,0,0,0,0,3,0,0,0,0,0,0,0,5,2,2,2,2,2,5,0,0,0,0,0,0,0,0,0,0,0,0,0,0,0,5,2,3,0,2,2,4,0,0,0,0,0,0,0,0,0,0,0,0,0,0,0,0,0,0,0,0,0,0,0,0,0,0,0,0,0,0,0,0,2,2,2,2,2,2,3,2,2,0,0,0,0,0,0,0,0,0,0,0,0,0,0,0,0,0,0,0,0,0,0,0,0,1,3,2,2,0,0,0,0,0,0,0,0,0,0,0,0,0,0,0,0,0,0,0,0,0,0,0,0,0,0,0,0,0,2,4,2,3,2,5,2,2,1,0,1,4,2,0,0,0,0,0,2,1,0,0,0,0,0,0,0,0,0,0,0,0,0,0,0,0,0,0,0,0,0,0,0,0,0,0,0,0,0,0,0,0,0,0,0,0,0,0,0,0,0,0,0,0,0,0,0,5,0,2,2,5,0,2,2,3,2,2,1,2,2,2,0,0,0,3,3,2,2,0,0,0,0,0,0,0,0,0,0,0,0,2,2,0,0,0,0,0,0,0,0,0,0,0,0,0,0,0,0,0,0,0,0,0,0,0,0,0,0,0,0,0,0,0,2,2,3,2,4,5,0,0,0,0,0,0,0,0,0,0,0,0,0,0,0,0,0,0,0,0,0,0,0,0,0,0,0,0,0,0,0,0,0,0,1,0,0,0,0,0,0,0,0,0,0,0,0,0,0,0,0,0,0,0,0,0,0,0,0,0,0,2,2,0,0,0,0,0,0,2,0,1,3,1,2,0,0,0,0,0,0,0,0,0,0,0,0,0,0,0,0,0,0,0,0,0,0,0,0,0,0,0,0,5,3,0,0,0,0,2,5,5,0,0,5,3,0,0,0,0,0,0,0,0,0,0,0,0,0,0,0,4,5,0,0,0,0,2,2,2,0,0,0,0,2,2,3,2,2,0,0,0,1,1,2,2,2,3,0,0,2,1,3,2,5,0,0,0,0,0,0,0,0,0,0,0,0,2,2,3,0,0,0,0,0,0,0,0,0,0,0,0,0,0,0,0,0,0,0,0,0,0,0,0,0,0,0,0,0,0,0,0,0,0,0,0,0,0,0,2,5,0,0,0,0,4,0,0,0,0,0,0,0,0,0,0,0,0,0,0,0,0,0,0,0,0,0,0,0,0,0,0,0,0,0,0,0,0,0,0,0,0,0,0,0,0,0,0,0,0,0,0,0,0,0,0,0,0,0,0,0,0,0,0,0,0,0,0,0,0,0,0,0,0,0,0,0,0,0,0,0,0,0,0,0,0,0,0,0,0,0,0,0,0,0,0,0,0,0,2,2,0,0,4,1,2,2,4,0,0,0,0,0,1,2,2,2,0,0,0,0,0,0,0,0,0,0,0,0,0,0,0,0,0,0,0,0,0,0,0,0,0,0,0,0,0,0,0,0,0,0,0,0,0,0,0,0,0,0,0,2,2,0,0,0,0,0,0,0,0,0,0,0,0,0,0,0,0,3,1,2,1,1,0,0,0,0,5,0,0,0,0,0,0,0,2,2,0,0,0,0,0,0,0,0,2,3,2,2,0,0,0,3,2,2,2,2,0,2,2,1,2,2,0,2,2,0,0,0,0,0,0,0,0,0,0,0,0,0,0,0,0,0,0,2,2,1,0,0,0,0,0,0,0,0,0,0,0,0,0,0,0,0,2,1,2,2,3,2,0,0,0,0,0,0,0,5,2,0,0,0,0,0,0,0,0,0,0,0,0,0,0,0,0,2,3,0,0,0,0,0,0,0,0,0,0,0,0,0,0,0,0,0,0,0,0,0,0,0,0,0,0,0,0,0,0,0,0,0,0,0,0,0,0,0,0,0,0,0,3,2,5,2,0,0,0,0,0,0,0,0,0,0,0,0,0,0,0,0,0,0,0,0,0,0,0,0,0,0,0,0,0,0,0,0,0,0,0,0,0,0,0,0,0,0,0,0,0,0,0,0,0,0,0,0,0,0,0,0,0,0,0,0,0,0,0,0,0,0,0,0,0,0,0,0,0,0,0,0,0,0,0,0,0,0,0,0,0,0,0,0,0,0,0,0,0,0,0,0,0,0,0,0,0,0,0,0,0,0,0,0,0,0,0,0,0,0,0,0,0,0,0,0,0,0,0,0,0,0,0,0,0,0,0,0,0,0,0,0,0,0,0,5,3,2,2,2,2,2,2,4,2,1,4,1,2,2,2,1,4,1,1,5,2,2,2,2,5,2,3,3,2,5,2,2,3,5,0,0,0,0,0,0,0,0,0,0,0,0,0,0,0,0,0,0,0,0,0,0,0,2,5,2,5,3,2,0,0,0,0,0,0,0,0,5,0,0,0,2,3,2,2,2,2,0,0,0,0,0,2,2,2,2,2,0,0,0,1,2,3,1,2,2,2,0,0,0,0,0,2,3,2,2,3,2,2,4,2,0,0,0,0,0,0,0,0,3,2,1,5,4,2,0,0,0,0,3,0,0,0,0,0,0,0,0,0,0,0,0,0,0,0,0,0,2,0,0,2,0,0,0,0,0,0,0,0,0,0,0,0,0,0,0,0,0,0,0,0,0,0,0,0,0,0,0,0,0,0,0,0,0,0,0,0,0,0,0,0,0,0,0,0,0,0,0,0,0,0,0,0,0,0,0,0,0,0,0,0,0,0,0,0,0,0,0,0,0,0,0,0,0,0,0,0,0,2,2,0,2,0,0,0,0,0,2,2,2,0,2,3,2,3,3,1,1,3,1,2,2,0,0,0,0,0,0,0,2,2,2,2,3,1,5,2,2,5,0,4,2,0,0,0,0,2,3,5,2,0,0,0,0,0,0,0,0,0,0,0,0,0,0,0,0,0,0,0,0,0,0,0,0,0,0,0,0,0,0,0,0,0,0,0,0,0,0,0,0,0,0,0,0,0,0,0,0,0,0,0,0,0,0,0,0,0,0,0,0,0,0,0,0,0,0,0,0,0,0,0,0,0,0,0,0,0,0,0,0,0,0,0,0,0,0,0,0,0,0,0,0,0,0,0,0,2,1,1,3,2,3,2,2,5,1,5,5,2,1,4,3,0,0,0,0,0,0,0,0,0,0,0,0,0,0,0,0,0,0,0,0,0,0,0,0,0,0,0,0,0,0,0,0,0,0,0,0,0,0,0,0,0,0,0,0,0,0,0,0,0,0,0,0,0,0,0,0,0,0,0,0,0,0,0,0,0,0,0,0,0,0,0,0,0,0,0,0,0,0,0,0,0,0,0,0,0,0,0,0,0,0,0,0,0,0,0,0,0,0,0,0,0,0,0,0,0,0,0,0,0,0,0,0,0,0,0,0,0,0,0,0,0,0,0,0,0,0,0,0,0,0,0,0,0,0,0,0,0,0,0,0,0,0,0,0,0,0,0,0,0,0,0,0,0,0,0,0,0,0,0,0,0,0,0,0,0,0,0,0,0,0,0,0,0,0,0,0,0,0,0,0,0,0,0,0,0,0,0,0,0,0,0,0,0,0,0,0,0,0,0,0,0,0,0,0,0,0,0,0,0,0,0,0,0,0,0,0,0,0,0,0,0,0,0,0,0,0,0,0,0,0,0,0,0,0,0,0,0,0,0,0,0,0,0,0,0,0,0,0,0,0,0,0,0,0,0,0,0,0,0,0,0,0,0,0,0,0,0,0,0,0,0,0,0,0,0,0,0,0,0,0,0,0,0,0,3,2,3,5,5,3,3,3,3,3,2,2,2,3,5,5,3,0,0,0,0,0,0,0,0,0,0,0,0,0,0,0,0,0,0,0,0,0,0,0,0,0,0,0,0,0,0,0,0,0,0,0,0,0,0,0,0,0,0,0,0,0,0,0,0,0,0,0,0,0,0,0,0,0,0,0,0,0,0,0,0,0,0,0,0,0,0,0,0,0,0,0,0,0,0,0,0,0,0,0,0,0,0,0,0,0,0,0,0,0,0,0,0,0,0,0,0,0,0,0,0,0,0,0,0,0,0,0,0,0,0,0,0,0,0,0,0,0,0,0,0,0,0,0,0,0,3,3,3,5,3,1,3,3,1,3,3,2,0,0,0,0,0,0,0,0,0,0,0,0,0,0,0,0,0,0,0,0,0,0,0,0,0,0,0,0,0,0,0,0,0,0,0,0,0,0,0,0,0,0,0,0,0,0,0,0,0,0,0,0,0,0,0,0,4.186657428741455,-4.71852970123291,-4.554862022399902,5.22894811630249,-3.126405000686645,-0.2425581514835357,-12.361127853393556,0.4473446607589721,9.06202507019043,4.357030868530273,-1.83001708984375,-2.478847980499268,-8.890608787536621,3.612982273101807,-8.135122299194336,-5.448517799377441,6.382834911346436,-4.116870880126953,-8.44128704071045,7.440509796142578,2.535155773162842,7.42017650604248,15.784661293029783,9.780359268188477,-7.173462390899658,-2.5306644439697266,-0.8232523798942566,-9.664384841918944,-0.4370013773441314,0.0013986974954605,9.96925926208496,-6.797168254852295,-6.777773857116699,-3.93882155418396,4.296216011047363,0.5029686689376831,1.4268749952316284,-3.223142147064209,12.047632217407228,4.403691291809082,-6.405669212341309,-1.2693263292312622,-4.280928611755371,-0.3535921573638916,-12.189193725585938,4.407124042510986,-1.744365096092224,8.199910163879395,-6.055999755859375,7.721584796905518,6.297911643981934,-7.3064866065979,-1.8921866416931152,-10.946518898010254,-5.822039604187012,-7.950241565704346,-5.566926956176758,1.7928643226623535,6.164027214050293,10.579651832580566,1.1182529926300049,-6.743955135345459,-3.08174729347229,2.601547956466675,-16.532184600830078,-3.644225597381592,8.342376708984375,-1.1431658267974854,-4.241167545318604,-2.1344895362854004,-6.77340030670166,1.8982272148132324,8.635997772216797,-8.913552284240723,-2.080007314682007,4.641202449798584,-6.179405212402344,3.089973211288452,-0.875504732131958,6.147670745849609,7.761746406555176,1.86271333694458,-2.425554037094116,-15.322369575500488,1.9195432662963867,-3.1593472957611084,-7.325319290161133,8.746747016906738,2.640454769134521,-6.074039936065674,3.604663133621216,1.8001915216445925,3.5596814155578613,6.579261302947998,6.254097938537598,-3.4147698879241943,2.290963649749756,8.124411582946777,4.660436630249023,1.911388635635376,-4.516637802124023,-5.716102600097656,-5.274068832397461,-11.42638111114502,8.577681541442871,-6.032782077789307,-2.6051650047302246,4.772359371185303,-1.368260383605957,-8.874551773071289,-14.384743690490724,6.388544082641602,2.1970036029815674,-1.304880142211914,-0.7466280460357666,-4.003086566925049,5.740413665771484,9.79687213897705,-6.807636260986328,7.795888900756836,-9.585740089416504,1.6415961980819702,-5.034058094024658,6.167787551879883,2.30173659324646,-7.623111724853516,-9.911749839782717,-2.069880485534668,-3.179185152053833,2.1690337657928467,-3.934878349304199,3.880431652069092,12.976092338562012,8.250631332397461,-3.1583659648895264,14.710531234741213,12.912445068359377,-0.6176051497459412,8.889436721801758,-4.062577724456787,3.760010242462158,-3.635342359542847,-4.3359222412109375,-0.9129461050033568,7.619750499725342,7.721270561218262,1.9889416694641116,2.233963251113892,-1.4970096349716189,8.597835540771484,5.344283103942871,4.707026958465576,11.088871002197266,-2.746546983718872,-0.3985085487365722,0.0983243882656097,-4.279768466949463,-4.383500576019287,-1.470172643661499,-5.118186950683594,-4.620975017547607,-4.758676528930664,-8.451481819152832,1.687725067138672,-0.8082509636878967,-5.241355895996094,1.9650951623916624,-2.314845085144043,-1.1808342933654783,4.588280200958252,-6.261268615722656,-5.657063961029053,14.887822151184082,-3.2517426013946533,6.055080890655518,1.396705985069275,9.344738006591797,-3.632021903991699,-3.036667823791504,15.771685600280762,0.26371631026268,10.996649742126465,-5.206533908843994,9.610318183898926,11.722570419311523,-2.2938623428344727,-5.388730525970459,-4.781639099121094,-8.300976753234863,-4.588318824768066,1.380771279335022,-0.2664019465446472,-0.7165097594261169,2.667384386062622,1.3365192413330078,-2.159081220626831,-1.6076219081878662,-14.885128021240234,-4.309700965881348,2.6975553035736084,5.020737648010254,2.8613171577453613,6.276198387145996,5.254574298858643,1.3555587530136108,-3.4421463012695312,11.953136444091797,7.37238073348999,10.817527770996094,-3.155611515045166,12.669963836669922,-3.213041067123413,6.413995265960693,-7.553153038024902,1.8575706481933596,-0.8028322458267212,2.079580545425415,5.226522922515869,-7.578161239624023,7.710132122039795,3.015003204345703,-8.609798431396484,-2.196666955947876,0.398676335811615,3.917520761489868,-8.839384078979492,-0.6261839866638184,-0.8539003729820251,3.2463324069976807,-7.64392614364624,6.871992588043213,1.5755430459976196,-3.51089096069336,-11.157194137573242,-1.6534390449523926,-3.728458166122437,-5.2193684577941895,0.1433345675468444,-4.535562515258789,8.02938175201416,6.171483993530273,-2.537255048751831,5.900099277496338,1.6403074264526367,-8.783065795898438,4.93206787109375,-9.438170433044434,-9.64512825012207,2.495513439178467,-2.496296167373657,-16.53447723388672,2.774172067642212,1.6854287385940552,0.2403363287448883,-15.865188598632812,2.285156011581421,0.4805690348148346,-4.298846244812012,8.619673728942871,-6.154465198516846,3.6698460578918457,7.605973243713379,5.671264171600342,11.01612377166748,5.342416763305664,-7.420587539672852,-10.107569694519045,6.1849751472473145,0.2362852692604065,-6.243969440460205,-1.821785569190979,2.3115975856781006,-2.334554433822632,1.238167405128479,-3.028068780899048,-3.3670859336853027,-6.53565788269043,4.9606804847717285,-2.0937392711639404,0.2954454720020294,-2.700185775756836,-8.115130424499512,-13.577706336975098,-8.21711254119873,-0.1337836980819702,2.9808449745178223,-0.2585366666316986,-5.387261390686035,-3.2941665649414062,0.1497209817171096,-1.5313341617584229,14.444122314453123,9.97635269165039,-0.4336505830287933,-10.217474937438965,-6.769865036010742,-7.116029739379883,-5.841936111450195,-13.199207305908203,-0.7288198471069336,-1.0,2.49996186559619
OXYR_HUMAN,CHEMBL3814126,CCC(C)C1C(=O)NC(CCC(N)=O)C(=O)NC(CC(N)=O)C(=O)NC(C(=O)N2CCCC2C(=O)NC(CC(C)C)C(=O)NCC(N)=O)CSSCC(N)C(=O)NC(Cc2ccc(O)cc2)C(=O)N1C,0,0,0,0,0,0,0,0,0,0,0,0,0,0,0,0,0,0,0,0,0,0,0,0,0,0,0,0,0,0,0,0,0,0,0,0,0,0,0,0,0,0,0,0,0,0,0,0,0,0,0,0,0,0,0,0,0,0,0,0,0,0,0,0,0,0,0,0,0,0,0,0,0,0,0,0,0,0,0,0,0,0,0,0,0,0,0,0,0,0,0,0,0,0,0,0,0,0,0,0,0,0,0,0,0,0,0,0,0,0,0,0,0,0,0,0,0,0,0,0,0,0,0,0,0,0,0,0,0,0,0,0,0,0,0,0,0,0,0,0,0,0,0,0,0,0,0,0,0,0,0,0,0,0,0,0,0,0,0,0,0,0,0,0,0,0,0,0,0,0,0,0,0,0,0,0,0,0,0,0,0,0,0,0,0,2,4,1,2,2,2,2,3,2,3,2,4,2,2,3,2,0,0,0,0,0,0,0,0,0,0,0,0,0,0,0,0,3,2,2,1,0,0,0,0,0,0,0,0,0,0,0,0,0,0,0,0,0,1,1,2,4,1,3,0,0,0,0,0,0,0,0,0,0,0,5,3,0,0,0,0,0,0,0,0,0,0,0,0,0,0,0,0,0,0,0,0,0,0,0,0,0,0,0,0,0,0,0,0,0,0,0,0,0,0,0,0,0,0,0,0,0,0,0,0,0,0,0,0,0,0,0,0,0,0,0,0,0,0,0,0,0,0,0,0,0,0,0,0,0,0,0,0,0,0,0,0,0,0,0,0,0,0,0,0,0,0,0,0,0,0,0,0,0,0,0,0,0,0,0,0,0,0,0,0,0,0,0,0,0,0,0,0,0,0,0,0,0,0,0,0,0,0,0,0,0,0,0,0,0,0,0,0,0,0,0,0,0,0,0,0,0,0,0,0,0,0,0,0,0,0,0,0,0,0,0,0,0,0,0,0,0,0,0,0,0,0,0,0,0,0,0,0,2,1,1,1,5,5,3,0,0,0,0,0,0,0,0,0,0,0,0,0,0,0,0,0,0,0,0,0,0,0,0,0,0,0,0,0,0,0,0,0,0,0,0,0,0,0,0,0,0,0,0,0,0,0,0,0,0,0,0,0,0,0,0,0,0,0,0,0,0,0,0,0,0,0,0,0,0,0,0,0,0,0,0,0,0,0,0,0,0,0,0,0,0,0,0,0,0,0,0,0,0,0,0,0,0,0,0,0,0,0,0,0,0,0,0,0,0,0,0,0,0,0,0,0,0,0,0,0,0,0,0,0,0,0,0,0,0,0,0,0,0,0,0,0,0,0,0,0,0,0,0,0,0,0,0,0,4,2,2,2,5,2,4,2,0,0,0,0,0,0,0,0,0,0,0,0,0,0,0,0,0,2,2,2,1,2,0,2,2,0,0,0,0,0,0,0,0,0,0,0,2,2,2,2,3,1,3,2,1,0,0,0,0,0,0,2,2,2,2,2,0,0,5,0,0,0,0,3,3,0,0,0,0,0,0,0,0,0,0,0,5,3,5,5,0,0,0,0,0,3,0,0,0,0,0,0,0,5,2,2,2,2,2,5,0,0,0,0,0,0,0,0,0,0,0,0,0,0,0,5,2,3,0,2,2,4,0,0,0,0,0,0,0,0,0,0,0,0,0,0,0,0,0,0,0,0,0,0,0,0,0,0,0,0,0,0,0,0,2,2,2,2,2,2,3,2,2,0,0,0,0,0,0,0,0,0,0,0,0,0,0,0,0,0,0,0,0,0,0,0,0,1,3,2,2,0,0,0,0,0,0,0,0,0,0,0,0,0,0,0,0,0,0,0,0,0,0,0,0,0,0,0,0,0,2,4,2,3,2,5,2,2,1,0,1,4,2,0,0,0,0,0,2,1,0,0,0,0,0,0,0,0,0,0,0,0,0,0,0,0,0,0,0,0,0,0,0,0,0,0,0,0,0,0,0,0,0,0,0,0,0,0,0,0,0,0,0,0,0,0,0,5,0,2,2,5,0,2,2,3,2,2,1,2,2,2,0,0,0,3,3,2,2,0,0,0,0,0,0,0,0,0,0,0,0,2,2,0,0,0,0,0,0,0,0,0,0,0,0,0,0,0,0,0,0,0,0,0,0,0,0,0,0,0,0,0,0,0,2,2,3,2,4,5,0,0,0,0,0,0,0,0,0,0,0,0,0,0,0,0,0,0,0,0,0,0,0,0,0,0,0,0,0,0,0,0,0,0,1,0,0,0,0,0,0,0,0,0,0,0,0,0,0,0,0,0,0,0,0,0,0,0,0,0,0,2,2,0,0,0,0,0,0,2,0,1,3,1,2,0,0,0,0,0,0,0,0,0,0,0,0,0,0,0,0,0,0,0,0,0,0,0,0,0,0,0,0,5,3,0,0,0,0,2,5,5,0,0,5,3,0,0,0,0,0,0,0,0,0,0,0,0,0,0,0,4,5,0,0,0,0,2,2,2,0,0,0,0,2,2,3,2,2,0,0,0,1,1,2,2,2,3,0,0,2,1,3,2,5,0,0,0,0,0,0,0,0,0,0,0,0,2,2,3,0,0,0,0,0,0,0,0,0,0,0,0,0,0,0,0,0,0,0,0,0,0,0,0,0,0,0,0,0,0,0,0,0,0,0,0,0,0,0,2,5,0,0,0,0,4,0,0,0,0,0,0,0,0,0,0,0,0,0,0,0,0,0,0,0,0,0,0,0,0,0,0,0,0,0,0,0,0,0,0,0,0,0,0,0,0,0,0,0,0,0,0,0,0,0,0,0,0,0,0,0,0,0,0,0,0,0,0,0,0,0,0,0,0,0,0,0,0,0,0,0,0,0,0,0,0,0,0,0,0,0,0,0,0,0,0,0,0,0,2,2,0,0,4,1,2,2,4,0,0,0,0,0,1,2,2,2,0,0,0,0,0,0,0,0,0,0,0,0,0,0,0,0,0,0,0,0,0,0,0,0,0,0,0,0,0,0,0,0,0,0,0,0,0,0,0,0,0,0,0,2,2,0,0,0,0,0,0,0,0,0,0,0,0,0,0,0,0,3,1,2,1,1,0,0,0,0,5,0,0,0,0,0,0,0,2,2,0,0,0,0,0,0,0,0,2,3,2,2,0,0,0,3,2,2,2,2,0,2,2,1,2,2,0,2,2,0,0,0,0,0,0,0,0,0,0,0,0,0,0,0,0,0,0,2,2,1,0,0,0,0,0,0,0,0,0,0,0,0,0,0,0,0,2,1,2,2,3,2,0,0,0,0,0,0,0,5,2,0,0,0,0,0,0,0,0,0,0,0,0,0,0,0,0,2,3,0,0,0,0,0,0,0,0,0,0,0,0,0,0,0,0,0,0,0,0,0,0,0,0,0,0,0,0,0,0,0,0,0,0,0,0,0,0,0,0,0,0,0,3,2,5,2,0,0,0,0,0,0,0,0,0,0,0,0,0,0,0,0,0,0,0,0,0,0,0,0,0,0,0,0,0,0,0,0,0,0,0,0,0,0,0,0,0,0,0,0,0,0,0,0,0,0,0,0,0,0,0,0,0,0,0,0,0,0,0,0,0,0,0,0,0,0,0,0,0,0,0,0,0,0,0,0,0,0,0,0,0,0,0,0,0,0,0,0,0,0,0,0,0,0,0,0,0,0,0,0,0,0,0,0,0,0,0,0,0,0,0,0,0,0,0,0,0,0,0,0,0,0,0,0,0,0,0,0,0,0,0,0,0,0,0,5,3,2,2,2,2,2,2,4,2,1,4,1,2,2,2,1,4,1,1,5,2,2,2,2,5,2,3,3,2,5,2,2,3,5,0,0,0,0,0,0,0,0,0,0,0,0,0,0,0,0,0,0,0,0,0,0,0,2,5,2,5,3,2,0,0,0,0,0,0,0,0,5,0,0,0,2,3,2,2,2,2,0,0,0,0,0,2,2,2,2,2,0,0,0,1,2,3,1,2,2,2,0,0,0,0,0,2,3,2,2,3,2,2,4,2,0,0,0,0,0,0,0,0,3,2,1,5,4,2,0,0,0,0,3,0,0,0,0,0,0,0,0,0,0,0,0,0,0,0,0,0,2,0,0,2,0,0,0,0,0,0,0,0,0,0,0,0,0,0,0,0,0,0,0,0,0,0,0,0,0,0,0,0,0,0,0,0,0,0,0,0,0,0,0,0,0,0,0,0,0,0,0,0,0,0,0,0,0,0,0,0,0,0,0,0,0,0,0,0,0,0,0,0,0,0,0,0,0,0,0,0,0,2,2,0,2,0,0,0,0,0,2,2,2,0,2,3,2,3,3,1,1,3,1,2,2,0,0,0,0,0,0,0,2,2,2,2,3,1,5,2,2,5,0,4,2,0,0,0,0,2,3,5,2,0,0,0,0,0,0,0,0,0,0,0,0,0,0,0,0,0,0,0,0,0,0,0,0,0,0,0,0,0,0,0,0,0,0,0,0,0,0,0,0,0,0,0,0,0,0,0,0,0,0,0,0,0,0,0,0,0,0,0,0,0,0,0,0,0,0,0,0,0,0,0,0,0,0,0,0,0,0,0,0,0,0,0,0,0,0,0,0,0,0,0,0,0,0,0,0,2,1,1,3,2,3,2,2,5,1,5,5,2,1,4,3,0,0,0,0,0,0,0,0,0,0,0,0,0,0,0,0,0,0,0,0,0,0,0,0,0,0,0,0,0,0,0,0,0,0,0,0,0,0,0,0,0,0,0,0,0,0,0,0,0,0,0,0,0,0,0,0,0,0,0,0,0,0,0,0,0,0,0,0,0,0,0,0,0,0,0,0,0,0,0,0,0,0,0,0,0,0,0,0,0,0,0,0,0,0,0,0,0,0,0,0,0,0,0,0,0,0,0,0,0,0,0,0,0,0,0,0,0,0,0,0,0,0,0,0,0,0,0,0,0,0,0,0,0,0,0,0,0,0,0,0,0,0,0,0,0,0,0,0,0,0,0,0,0,0,0,0,0,0,0,0,0,0,0,0,0,0,0,0,0,0,0,0,0,0,0,0,0,0,0,0,0,0,0,0,0,0,0,0,0,0,0,0,0,0,0,0,0,0,0,0,0,0,0,0,0,0,0,0,0,0,0,0,0,0,0,0,0,0,0,0,0,0,0,0,0,0,0,0,0,0,0,0,0,0,0,0,0,0,0,0,0,0,0,0,0,0,0,0,0,0,0,0,0,0,0,0,0,0,0,0,0,0,0,0,0,0,0,0,0,0,0,0,0,0,0,0,0,0,0,0,0,0,0,0,3,2,3,5,5,3,3,3,3,3,2,2,2,3,5,5,3,0,0,0,0,0,0,0,0,0,0,0,0,0,0,0,0,0,0,0,0,0,0,0,0,0,0,0,0,0,0,0,0,0,0,0,0,0,0,0,0,0,0,0,0,0,0,0,0,0,0,0,0,0,0,0,0,0,0,0,0,0,0,0,0,0,0,0,0,0,0,0,0,0,0,0,0,0,0,0,0,0,0,0,0,0,0,0,0,0,0,0,0,0,0,0,0,0,0,0,0,0,0,0,0,0,0,0,0,0,0,0,0,0,0,0,0,0,0,0,0,0,0,0,0,0,0,0,0,0,3,3,3,5,3,1,3,3,1,3,3,2,0,0,0,0,0,0,0,0,0,0,0,0,0,0,0,0,0,0,0,0,0,0,0,0,0,0,0,0,0,0,0,0,0,0,0,0,0,0,0,0,0,0,0,0,0,0,0,0,0,0,0,0,0,0,0,0,2.4212207794189453,-7.433825492858887,-5.3745832443237305,5.5675435066223145,4.093321800231934,-18.849760055541992,-30.304452896118164,-5.595445156097412,22.38805389404297,-2.7338874340057373,6.24661111831665,20.233591079711918,-0.2689252495765686,14.75189971923828,-32.756004333496094,0.3886193633079529,24.16458511352539,-28.738513946533203,-29.659181594848636,37.05311965942383,7.738722801208496,16.43117904663086,55.82853317260742,16.899921417236328,-19.079439163208008,7.549187660217285,-18.420276641845703,-36.3734130859375,0.7960968613624573,-14.496866226196287,20.43883514404297,-12.636947631835938,-18.11126518249512,1.3050118684768677,-1.3626158237457275,9.715215682983398,5.091390609741211,-3.08834171295166,20.07695198059082,21.524978637695312,2.3116793632507324,3.827441453933716,-5.515438079833984,-9.652396202087402,-24.180625915527344,22.72602653503418,10.232725143432615,39.319583892822266,-8.201812744140625,-0.6086329817771912,11.07960319519043,-24.752294540405277,1.0555658340454102,-19.907012939453125,-33.231529235839844,-22.23803329467773,-16.065765380859375,15.745305061340332,5.711179256439209,10.363340377807615,1.9752342700958248,-17.079299926757812,-16.659584045410156,14.489577293395996,-42.36984634399414,4.628700733184815,20.46089744567871,8.753643035888672,-18.38559913635254,-2.3876657485961914,-8.111607551574707,14.601993560791016,13.461725234985352,-30.90154838562012,0.5718292593955994,5.951812744140625,-27.696760177612305,0.5440446734428406,9.903434753417969,2.183379650115967,19.65310287475586,1.3647708892822266,-9.234732627868652,-39.4320182800293,21.471111297607425,-14.286252975463867,-11.786173820495604,5.994929790496826,8.267796516418457,-0.6496548056602478,6.442633152008057,14.77469539642334,14.328206062316896,4.74605655670166,7.816709518432617,-5.295342922210693,20.72105407714844,8.634108543395996,17.94845962524414,-11.55949592590332,-6.896140098571777,-20.355844497680664,-25.72671127319336,-13.223339080810549,12.214486122131348,-31.86236000061035,-17.118844985961914,11.759641647338867,8.03063678741455,-19.877635955810547,-20.957469940185547,15.392767906188965,7.555974960327148,-12.201759338378906,-4.656092166900635,-8.131834983825684,19.65575218200684,23.67692756652832,-3.75942611694336,5.380188941955566,-10.905762672424316,15.337115287780762,1.3874053955078125,32.91513442993164,-0.1869609355926513,-34.687965393066406,-28.877700805664062,4.365579605102539,-15.675312995910645,0.0265296846628189,1.5924744606018066,-3.6129963397979736,14.77818489074707,40.82244110107422,8.106849670410156,31.79784774780273,-3.6016080379486084,-10.161649703979492,20.063871383666992,-14.671010971069336,23.90667724609375,-2.4845504760742188,-10.915898323059082,-7.079779624938965,13.25037670135498,2.685158491134644,6.526795864105225,6.083435535430908,11.192118644714355,35.105743408203125,-2.935141324996948,17.292095184326172,16.82234764099121,-23.28377723693848,-5.374437808990479,1.3155879974365234,-17.358333587646484,-1.2568304538726809,-0.0362564027309417,-18.8296012878418,6.432138919830322,11.46833610534668,-11.793278694152832,7.785998821258545,18.336145401000977,-25.41212272644043,11.69771671295166,-7.9597320556640625,1.4498214721679688,17.506553649902344,-14.86306858062744,-21.237268447875977,34.31016159057617,-2.978754997253418,14.358585357666016,-3.276444911956787,13.585000991821287,-2.807255983352661,-12.3373384475708,22.29134559631348,-11.169434547424316,23.324520111083984,-2.9120888710021973,31.753124237060547,10.496943473815918,-9.312405586242676,2.9005050659179688,1.932362675666809,-5.852597236633301,-19.25827407836914,2.8335423469543457,-7.394885540008545,-18.954572677612305,4.884715557098389,13.774895668029783,5.303530216217041,1.4240292310714722,-28.620594024658203,-7.750313758850098,-8.46548080444336,-0.0432712286710739,-6.0713210105896,8.816093444824219,-5.859278678894043,-2.97393012046814,-4.7427978515625,32.736366271972656,28.28372573852539,26.17922019958496,-13.9783353805542,31.72324752807617,-1.4434195756912231,35.39213180541992,-16.766876220703125,13.29092788696289,-2.397087335586548,13.477631568908691,11.996541976928713,-11.08969020843506,14.496509552001951,10.8726806640625,-22.35603141784668,-11.138310432434082,2.301353454589844,8.576210021972656,-12.679408073425291,-5.407856464385986,-4.7361369132995605,11.838116645812988,-26.421676635742188,7.02264404296875,-3.662447214126587,-19.563800811767575,-23.826505661010746,3.894464492797852,-25.80815696716309,-4.951316356658936,-8.49181079864502,-8.046070098876953,28.44219017028809,18.550989151000977,-28.200069427490234,22.090717315673828,-7.574371814727783,-2.823333263397217,23.45576286315918,-42.5255241394043,-15.786130905151367,1.9425938129425049,11.829928398132324,-46.69816207885742,12.250877380371094,11.574851036071776,-7.0048346519470215,-27.884981155395508,20.64206886291504,4.742557525634766,-18.479463577270508,32.677101135253906,-26.158002853393555,-8.025131225585938,5.953151226043701,3.693595170974731,17.871662139892578,-5.059275150299072,-24.94523048400879,-9.624320030212402,2.9770309925079346,5.160075664520264,-20.00629425048828,3.96083402633667,13.401911735534668,-13.410079956054688,2.2516427040100098,-1.4169347286224363,-21.63037872314453,-11.371460914611816,-8.991290092468262,-11.897221565246582,19.62862777709961,-15.907156944274902,-18.980470657348636,-25.70697593688965,-17.35627555847168,-13.627816200256348,13.963255882263184,-1.4998724460601809,-4.716280937194824,-12.805423736572266,-8.71561050415039,8.658519744873047,31.59095001220703,10.377437591552734,9.75864028930664,-30.53539657592773,-18.09876251220703,-16.318830490112305,-21.763341903686523,-45.313724517822266,-1.8868486881256104,1.0,1.167317334748176
OXYR_HUMAN,CHEMBL475207,O=C(c1ccc(-c2ccccc2)cc1)N(CC1CC1)CC1CCCO1,0,0,0,0,0,0,0,0,0,0,0,0,0,0,0,0,0,0,0,0,0,0,0,0,0,0,0,0,0,0,0,0,0,0,0,0,0,0,0,0,0,0,0,0,0,0,0,0,0,0,0,0,0,0,0,0,0,0,0,0,0,0,0,0,0,0,0,0,0,0,0,0,0,0,0,0,0,0,0,0,0,0,0,0,0,0,0,0,0,0,0,0,0,0,0,0,0,0,0,0,0,0,0,0,0,0,0,0,0,0,0,0,0,0,0,0,0,0,0,0,0,0,0,0,0,0,0,0,0,0,0,0,0,0,0,0,0,0,0,0,0,0,0,0,0,0,0,0,0,0,0,0,0,0,0,0,0,0,0,0,0,0,0,0,0,0,0,0,0,0,0,0,0,0,0,0,0,0,0,0,0,0,0,0,0,2,4,1,2,2,2,2,3,2,3,2,4,2,2,3,2,0,0,0,0,0,0,0,0,0,0,0,0,0,0,0,0,3,2,2,1,0,0,0,0,0,0,0,0,0,0,0,0,0,0,0,0,0,1,1,2,4,1,3,0,0,0,0,0,0,0,0,0,0,0,5,3,0,0,0,0,0,0,0,0,0,0,0,0,0,0,0,0,0,0,0,0,0,0,0,0,0,0,0,0,0,0,0,0,0,0,0,0,0,0,0,0,0,0,0,0,0,0,0,0,0,0,0,0,0,0,0,0,0,0,0,0,0,0,0,0,0,0,0,0,0,0,0,0,0,0,0,0,0,0,0,0,0,0,0,0,0,0,0,0,0,0,0,0,0,0,0,0,0,0,0,0,0,0,0,0,0,0,0,0,0,0,0,0,0,0,0,0,0,0,0,0,0,0,0,0,0,0,0,0,0,0,0,0,0,0,0,0,0,0,0,0,0,0,0,0,0,0,0,0,0,0,0,0,0,0,0,0,0,0,0,0,0,0,0,0,0,0,0,0,0,0,0,0,0,0,0,0,2,1,1,1,5,5,3,0,0,0,0,0,0,0,0,0,0,0,0,0,0,0,0,0,0,0,0,0,0,0,0,0,0,0,0,0,0,0,0,0,0,0,0,0,0,0,0,0,0,0,0,0,0,0,0,0,0,0,0,0,0,0,0,0,0,0,0,0,0,0,0,0,0,0,0,0,0,0,0,0,0,0,0,0,0,0,0,0,0,0,0,0,0,0,0,0,0,0,0,0,0,0,0,0,0,0,0,0,0,0,0,0,0,0,0,0,0,0,0,0,0,0,0,0,0,0,0,0,0,0,0,0,0,0,0,0,0,0,0,0,0,0,0,0,0,0,0,0,0,0,0,0,0,0,0,0,4,2,2,2,5,2,4,2,0,0,0,0,0,0,0,0,0,0,0,0,0,0,0,0,0,2,2,2,1,2,0,2,2,0,0,0,0,0,0,0,0,0,0,0,2,2,2,2,3,1,3,2,1,0,0,0,0,0,0,2,2,2,2,2,0,0,5,0,0,0,0,3,3,0,0,0,0,0,0,0,0,0,0,0,5,3,5,5,0,0,0,0,0,3,0,0,0,0,0,0,0,5,2,2,2,2,2,5,0,0,0,0,0,0,0,0,0,0,0,0,0,0,0,5,2,3,0,2,2,4,0,0,0,0,0,0,0,0,0,0,0,0,0,0,0,0,0,0,0,0,0,0,0,0,0,0,0,0,0,0,0,0,2,2,2,2,2,2,3,2,2,0,0,0,0,0,0,0,0,0,0,0,0,0,0,0,0,0,0,0,0,0,0,0,0,1,3,2,2,0,0,0,0,0,0,0,0,0,0,0,0,0,0,0,0,0,0,0,0,0,0,0,0,0,0,0,0,0,2,4,2,3,2,5,2,2,1,0,1,4,2,0,0,0,0,0,2,1,0,0,0,0,0,0,0,0,0,0,0,0,0,0,0,0,0,0,0,0,0,0,0,0,0,0,0,0,0,0,0,0,0,0,0,0,0,0,0,0,0,0,0,0,0,0,0,5,0,2,2,5,0,2,2,3,2,2,1,2,2,2,0,0,0,3,3,2,2,0,0,0,0,0,0,0,0,0,0,0,0,2,2,0,0,0,0,0,0,0,0,0,0,0,0,0,0,0,0,0,0,0,0,0,0,0,0,0,0,0,0,0,0,0,2,2,3,2,4,5,0,0,0,0,0,0,0,0,0,0,0,0,0,0,0,0,0,0,0,0,0,0,0,0,0,0,0,0,0,0,0,0,0,0,1,0,0,0,0,0,0,0,0,0,0,0,0,0,0,0,0,0,0,0,0,0,0,0,0,0,0,2,2,0,0,0,0,0,0,2,0,1,3,1,2,0,0,0,0,0,0,0,0,0,0,0,0,0,0,0,0,0,0,0,0,0,0,0,0,0,0,0,0,5,3,0,0,0,0,2,5,5,0,0,5,3,0,0,0,0,0,0,0,0,0,0,0,0,0,0,0,4,5,0,0,0,0,2,2,2,0,0,0,0,2,2,3,2,2,0,0,0,1,1,2,2,2,3,0,0,2,1,3,2,5,0,0,0,0,0,0,0,0,0,0,0,0,2,2,3,0,0,0,0,0,0,0,0,0,0,0,0,0,0,0,0,0,0,0,0,0,0,0,0,0,0,0,0,0,0,0,0,0,0,0,0,0,0,0,2,5,0,0,0,0,4,0,0,0,0,0,0,0,0,0,0,0,0,0,0,0,0,0,0,0,0,0,0,0,0,0,0,0,0,0,0,0,0,0,0,0,0,0,0,0,0,0,0,0,0,0,0,0,0,0,0,0,0,0,0,0,0,0,0,0,0,0,0,0,0,0,0,0,0,0,0,0,0,0,0,0,0,0,0,0,0,0,0,0,0,0,0,0,0,0,0,0,0,0,2,2,0,0,4,1,2,2,4,0,0,0,0,0,1,2,2,2,0,0,0,0,0,0,0,0,0,0,0,0,0,0,0,0,0,0,0,0,0,0,0,0,0,0,0,0,0,0,0,0,0,0,0,0,0,0,0,0,0,0,0,2,2,0,0,0,0,0,0,0,0,0,0,0,0,0,0,0,0,3,1,2,1,1,0,0,0,0,5,0,0,0,0,0,0,0,2,2,0,0,0,0,0,0,0,0,2,3,2,2,0,0,0,3,2,2,2,2,0,2,2,1,2,2,0,2,2,0,0,0,0,0,0,0,0,0,0,0,0,0,0,0,0,0,0,2,2,1,0,0,0,0,0,0,0,0,0,0,0,0,0,0,0,0,2,1,2,2,3,2,0,0,0,0,0,0,0,5,2,0,0,0,0,0,0,0,0,0,0,0,0,0,0,0,0,2,3,0,0,0,0,0,0,0,0,0,0,0,0,0,0,0,0,0,0,0,0,0,0,0,0,0,0,0,0,0,0,0,0,0,0,0,0,0,0,0,0,0,0,0,3,2,5,2,0,0,0,0,0,0,0,0,0,0,0,0,0,0,0,0,0,0,0,0,0,0,0,0,0,0,0,0,0,0,0,0,0,0,0,0,0,0,0,0,0,0,0,0,0,0,0,0,0,0,0,0,0,0,0,0,0,0,0,0,0,0,0,0,0,0,0,0,0,0,0,0,0,0,0,0,0,0,0,0,0,0,0,0,0,0,0,0,0,0,0,0,0,0,0,0,0,0,0,0,0,0,0,0,0,0,0,0,0,0,0,0,0,0,0,0,0,0,0,0,0,0,0,0,0,0,0,0,0,0,0,0,0,0,0,0,0,0,0,5,3,2,2,2,2,2,2,4,2,1,4,1,2,2,2,1,4,1,1,5,2,2,2,2,5,2,3,3,2,5,2,2,3,5,0,0,0,0,0,0,0,0,0,0,0,0,0,0,0,0,0,0,0,0,0,0,0,2,5,2,5,3,2,0,0,0,0,0,0,0,0,5,0,0,0,2,3,2,2,2,2,0,0,0,0,0,2,2,2,2,2,0,0,0,1,2,3,1,2,2,2,0,0,0,0,0,2,3,2,2,3,2,2,4,2,0,0,0,0,0,0,0,0,3,2,1,5,4,2,0,0,0,0,3,0,0,0,0,0,0,0,0,0,0,0,0,0,0,0,0,0,2,0,0,2,0,0,0,0,0,0,0,0,0,0,0,0,0,0,0,0,0,0,0,0,0,0,0,0,0,0,0,0,0,0,0,0,0,0,0,0,0,0,0,0,0,0,0,0,0,0,0,0,0,0,0,0,0,0,0,0,0,0,0,0,0,0,0,0,0,0,0,0,0,0,0,0,0,0,0,0,0,2,2,0,2,0,0,0,0,0,2,2,2,0,2,3,2,3,3,1,1,3,1,2,2,0,0,0,0,0,0,0,2,2,2,2,3,1,5,2,2,5,0,4,2,0,0,0,0,2,3,5,2,0,0,0,0,0,0,0,0,0,0,0,0,0,0,0,0,0,0,0,0,0,0,0,0,0,0,0,0,0,0,0,0,0,0,0,0,0,0,0,0,0,0,0,0,0,0,0,0,0,0,0,0,0,0,0,0,0,0,0,0,0,0,0,0,0,0,0,0,0,0,0,0,0,0,0,0,0,0,0,0,0,0,0,0,0,0,0,0,0,0,0,0,0,0,0,0,2,1,1,3,2,3,2,2,5,1,5,5,2,1,4,3,0,0,0,0,0,0,0,0,0,0,0,0,0,0,0,0,0,0,0,0,0,0,0,0,0,0,0,0,0,0,0,0,0,0,0,0,0,0,0,0,0,0,0,0,0,0,0,0,0,0,0,0,0,0,0,0,0,0,0,0,0,0,0,0,0,0,0,0,0,0,0,0,0,0,0,0,0,0,0,0,0,0,0,0,0,0,0,0,0,0,0,0,0,0,0,0,0,0,0,0,0,0,0,0,0,0,0,0,0,0,0,0,0,0,0,0,0,0,0,0,0,0,0,0,0,0,0,0,0,0,0,0,0,0,0,0,0,0,0,0,0,0,0,0,0,0,0,0,0,0,0,0,0,0,0,0,0,0,0,0,0,0,0,0,0,0,0,0,0,0,0,0,0,0,0,0,0,0,0,0,0,0,0,0,0,0,0,0,0,0,0,0,0,0,0,0,0,0,0,0,0,0,0,0,0,0,0,0,0,0,0,0,0,0,0,0,0,0,0,0,0,0,0,0,0,0,0,0,0,0,0,0,0,0,0,0,0,0,0,0,0,0,0,0,0,0,0,0,0,0,0,0,0,0,0,0,0,0,0,0,0,0,0,0,0,0,0,0,0,0,0,0,0,0,0,0,0,0,0,0,0,0,0,0,3,2,3,5,5,3,3,3,3,3,2,2,2,3,5,5,3,0,0,0,0,0,0,0,0,0,0,0,0,0,0,0,0,0,0,0,0,0,0,0,0,0,0,0,0,0,0,0,0,0,0,0,0,0,0,0,0,0,0,0,0,0,0,0,0,0,0,0,0,0,0,0,0,0,0,0,0,0,0,0,0,0,0,0,0,0,0,0,0,0,0,0,0,0,0,0,0,0,0,0,0,0,0,0,0,0,0,0,0,0,0,0,0,0,0,0,0,0,0,0,0,0,0,0,0,0,0,0,0,0,0,0,0,0,0,0,0,0,0,0,0,0,0,0,0,0,3,3,3,5,3,1,3,3,1,3,3,2,0,0,0,0,0,0,0,0,0,0,0,0,0,0,0,0,0,0,0,0,0,0,0,0,0,0,0,0,0,0,0,0,0,0,0,0,0,0,0,0,0,0,0,0,0,0,0,0,0,0,0,0,0,0,0,0,1.3102755546569824,-3.219650983810425,-3.452655076980591,5.275635719299316,-1.425385355949402,-0.1287995874881744,-10.368285179138184,0.2419385910034179,6.553741455078125,2.8274686336517334,-1.302229642868042,-1.1157211065292358,-8.013690948486328,2.324824571609497,-6.827084064483643,-2.733768939971924,5.27051305770874,-4.130564212799072,-7.455218315124512,5.886944770812988,0.4209168553352356,7.544901371002197,14.942914962768556,6.785163402557373,-4.8668060302734375,-0.7498976588249207,-0.7257124781608582,-9.049606323242188,0.9287572503089904,-0.7481993436813354,9.816269874572754,-6.0719404220581055,-5.352632999420166,-4.971363544464111,2.658483028411865,0.6437029838562012,-0.8395512700080872,-0.5130318999290466,9.40402126312256,5.405386924743652,-4.1506757736206055,-0.7470324635505676,-4.869254112243652,-1.811154127120972,-9.570932388305664,4.373276233673096,0.5876641273498535,4.7653021812438965,-6.235199928283691,5.21170711517334,4.8964457511901855,-5.747502326965332,-0.5172050595283508,-8.02906322479248,-5.129256248474121,-6.001152992248535,-5.034753799438477,1.152355074882507,5.265710353851318,6.543666839599609,1.1633450984954834,-5.704628467559815,-3.0747320652008057,2.326990365982056,-14.07226848602295,-2.9482595920562744,7.921524524688721,-0.1312474459409713,-2.865278959274292,0.2933976948261261,-6.201240539550781,2.158374309539795,7.218791484832764,-7.262285709381103,-1.7704882621765137,5.2914137840271,-7.181435585021973,2.6186490058898926,-1.4737483263015747,6.779847145080566,5.523115158081055,-0.3490177094936371,-2.7221662998199463,-12.48336124420166,1.705673098564148,-2.651024580001831,-6.088231086730957,7.495440006256103,4.136721134185791,-5.336385726928711,3.252516508102417,3.805453300476074,2.886190414428711,6.499986171722412,5.211169242858887,-2.284712076187134,2.1996867656707764,5.617111206054688,4.456443309783936,1.7071647644042969,-2.5221550464630127,-7.23884391784668,-5.460683822631836,-10.202367782592772,5.608556270599365,-7.04877519607544,-1.0375144481658936,4.60465669631958,-1.0894819498062134,-6.858945369720459,-13.08188533782959,6.5275983810424805,2.427050828933716,-0.0197735875844955,-0.8310484886169434,-4.920382499694824,5.611393928527832,9.371103286743164,-4.925200462341309,4.759097576141357,-7.773400783538818,-0.2260928004980087,-2.458601951599121,5.726614952087402,2.139120578765869,-7.979269981384277,-9.49392318725586,-3.6833362579345694,-5.243343353271484,-0.6770787835121155,-1.2233272790908811,4.638133525848389,10.689604759216309,8.497756958007812,-1.160377025604248,12.687772750854492,10.347061157226562,-1.019283413887024,6.45330810546875,-4.148927688598633,3.652551651000977,-2.313119888305664,-0.9926283955574036,0.0045296996831893,7.210368633270264,5.223093986511231,1.032616138458252,3.348596811294556,-1.5140101909637451,6.908265590667725,1.9054542779922483,4.308603286743164,8.619290351867676,-3.680176258087158,-1.9644908905029297,1.1784402132034302,-4.094714641571045,-4.364457607269287,-1.2015459537506104,-4.301846504211426,-3.3367087841033936,-1.1850138902664185,-7.330978393554687,1.0022621154785156,-2.52374267578125,-5.836051940917969,1.0370361804962158,-3.1077842712402344,0.3807106018066406,5.264961242675781,-4.641845226287842,-4.718122959136963,14.41993808746338,-5.327579975128174,2.824290990829468,-0.4383427202701568,6.373446941375732,-3.0216455459594727,-4.989613056182861,13.71701431274414,-0.948001742362976,8.536882400512695,-1.9963271617889404,7.15349817276001,10.01578140258789,-1.3059619665145874,-4.273471832275391,-2.0488197803497314,-6.655200004577637,-3.4320991039276123,0.436030775308609,-1.509610295295715,-1.2827361822128296,1.1732453107833862,0.7313984632492065,-2.5793986320495605,-2.809664487838745,-12.353267669677734,-3.175007104873657,3.844061136245728,4.291103363037109,2.26721739768982,3.9422647953033447,3.550858974456787,1.715487718582153,-1.957305669784546,11.181089401245115,7.130800724029541,9.259756088256836,-1.744037628173828,10.704347610473633,-3.657099962234497,4.777721405029297,-6.676924705505371,1.295443773269653,-1.6185295581817627,1.515395164489746,4.164109706878662,-4.631216049194336,6.205572605133057,1.1375093460083008,-7.46311616897583,-2.4740843772888184,1.3883074522018433,3.405806064605713,-6.615148544311523,-0.6065781712532043,-1.6756571531295776,2.656770944595337,-7.1578688621521,3.2051000595092773,1.9144577980041504,-3.3778371810913086,-10.845059394836426,-2.560666561126709,-2.999455690383911,-3.7604362964630127,0.666735053062439,-1.888008713722229,6.531136512756348,7.268768310546875,-1.4192914962768557,4.428651332855225,0.6923744082450867,-5.664997577667236,5.718707084655762,-10.273853302001951,-7.188881874084473,3.783451795578003,-1.4355993270874023,-15.070280075073242,3.594414234161377,1.209706425666809,-0.727698802947998,-11.697739601135254,1.1412245035171509,1.35922372341156,-5.2232346534729,7.577641010284424,-6.312602996826172,1.4922486543655396,6.74426794052124,3.4577014446258545,8.47734546661377,5.259711265563965,-6.888505935668945,-8.411460876464844,6.525339126586914,1.543641209602356,-6.545646190643311,-2.0435519218444824,2.895324230194092,-2.1164982318878174,0.2453236132860183,-0.5226043462753296,-3.067814826965332,-2.2924087047576904,1.4163217544555664,-1.0600547790527344,0.4224172532558441,-5.016994953155518,-6.078593730926514,-9.108315467834473,-7.331949710845947,-0.7845370769500732,2.966543674468994,-2.634688377380371,-3.673354148864746,-6.076318264007568,-0.9009209871292114,-0.8322263360023499,13.950695037841797,8.001117706298828,-0.374787300825119,-8.723288536071777,-6.289848327636719,-7.553268909454346,-4.500853538513184,-10.01338005065918,-0.7307953834533691,-1.0,1.6998377258672457
OXYR_HUMAN,CHEMBL2113216,CCCOc1ccc(S(=O)(=O)N(CC(=O)NNC2=c3ccccc3=NC2=O)c2ccc(C)cc2)cc1,0,0,0,0,0,0,0,0,0,0,0,0,0,0,0,0,0,0,0,0,0,0,0,0,0,0,0,0,0,0,0,0,0,0,0,0,0,0,0,0,0,0,0,0,0,0,0,0,0,0,0,0,0,0,0,0,0,0,0,0,0,0,0,0,0,0,0,0,0,0,0,0,0,0,0,0,0,0,0,0,0,0,0,0,0,0,0,0,0,0,0,0,0,0,0,0,0,0,0,0,0,0,0,0,0,0,0,0,0,0,0,0,0,0,0,0,0,0,0,0,0,0,0,0,0,0,0,0,0,0,0,0,0,0,0,0,0,0,0,0,0,0,0,0,0,0,0,0,0,0,0,0,0,0,0,0,0,0,0,0,0,0,0,0,0,0,0,0,0,0,0,0,0,0,0,0,0,0,0,0,0,0,0,0,0,2,4,1,2,2,2,2,3,2,3,2,4,2,2,3,2,0,0,0,0,0,0,0,0,0,0,0,0,0,0,0,0,3,2,2,1,0,0,0,0,0,0,0,0,0,0,0,0,0,0,0,0,0,1,1,2,4,1,3,0,0,0,0,0,0,0,0,0,0,0,5,3,0,0,0,0,0,0,0,0,0,0,0,0,0,0,0,0,0,0,0,0,0,0,0,0,0,0,0,0,0,0,0,0,0,0,0,0,0,0,0,0,0,0,0,0,0,0,0,0,0,0,0,0,0,0,0,0,0,0,0,0,0,0,0,0,0,0,0,0,0,0,0,0,0,0,0,0,0,0,0,0,0,0,0,0,0,0,0,0,0,0,0,0,0,0,0,0,0,0,0,0,0,0,0,0,0,0,0,0,0,0,0,0,0,0,0,0,0,0,0,0,0,0,0,0,0,0,0,0,0,0,0,0,0,0,0,0,0,0,0,0,0,0,0,0,0,0,0,0,0,0,0,0,0,0,0,0,0,0,0,0,0,0,0,0,0,0,0,0,0,0,0,0,0,0,0,0,2,1,1,1,5,5,3,0,0,0,0,0,0,0,0,0,0,0,0,0,0,0,0,0,0,0,0,0,0,0,0,0,0,0,0,0,0,0,0,0,0,0,0,0,0,0,0,0,0,0,0,0,0,0,0,0,0,0,0,0,0,0,0,0,0,0,0,0,0,0,0,0,0,0,0,0,0,0,0,0,0,0,0,0,0,0,0,0,0,0,0,0,0,0,0,0,0,0,0,0,0,0,0,0,0,0,0,0,0,0,0,0,0,0,0,0,0,0,0,0,0,0,0,0,0,0,0,0,0,0,0,0,0,0,0,0,0,0,0,0,0,0,0,0,0,0,0,0,0,0,0,0,0,0,0,0,4,2,2,2,5,2,4,2,0,0,0,0,0,0,0,0,0,0,0,0,0,0,0,0,0,2,2,2,1,2,0,2,2,0,0,0,0,0,0,0,0,0,0,0,2,2,2,2,3,1,3,2,1,0,0,0,0,0,0,2,2,2,2,2,0,0,5,0,0,0,0,3,3,0,0,0,0,0,0,0,0,0,0,0,5,3,5,5,0,0,0,0,0,3,0,0,0,0,0,0,0,5,2,2,2,2,2,5,0,0,0,0,0,0,0,0,0,0,0,0,0,0,0,5,2,3,0,2,2,4,0,0,0,0,0,0,0,0,0,0,0,0,0,0,0,0,0,0,0,0,0,0,0,0,0,0,0,0,0,0,0,0,2,2,2,2,2,2,3,2,2,0,0,0,0,0,0,0,0,0,0,0,0,0,0,0,0,0,0,0,0,0,0,0,0,1,3,2,2,0,0,0,0,0,0,0,0,0,0,0,0,0,0,0,0,0,0,0,0,0,0,0,0,0,0,0,0,0,2,4,2,3,2,5,2,2,1,0,1,4,2,0,0,0,0,0,2,1,0,0,0,0,0,0,0,0,0,0,0,0,0,0,0,0,0,0,0,0,0,0,0,0,0,0,0,0,0,0,0,0,0,0,0,0,0,0,0,0,0,0,0,0,0,0,0,5,0,2,2,5,0,2,2,3,2,2,1,2,2,2,0,0,0,3,3,2,2,0,0,0,0,0,0,0,0,0,0,0,0,2,2,0,0,0,0,0,0,0,0,0,0,0,0,0,0,0,0,0,0,0,0,0,0,0,0,0,0,0,0,0,0,0,2,2,3,2,4,5,0,0,0,0,0,0,0,0,0,0,0,0,0,0,0,0,0,0,0,0,0,0,0,0,0,0,0,0,0,0,0,0,0,0,1,0,0,0,0,0,0,0,0,0,0,0,0,0,0,0,0,0,0,0,0,0,0,0,0,0,0,2,2,0,0,0,0,0,0,2,0,1,3,1,2,0,0,0,0,0,0,0,0,0,0,0,0,0,0,0,0,0,0,0,0,0,0,0,0,0,0,0,0,5,3,0,0,0,0,2,5,5,0,0,5,3,0,0,0,0,0,0,0,0,0,0,0,0,0,0,0,4,5,0,0,0,0,2,2,2,0,0,0,0,2,2,3,2,2,0,0,0,1,1,2,2,2,3,0,0,2,1,3,2,5,0,0,0,0,0,0,0,0,0,0,0,0,2,2,3,0,0,0,0,0,0,0,0,0,0,0,0,0,0,0,0,0,0,0,0,0,0,0,0,0,0,0,0,0,0,0,0,0,0,0,0,0,0,0,2,5,0,0,0,0,4,0,0,0,0,0,0,0,0,0,0,0,0,0,0,0,0,0,0,0,0,0,0,0,0,0,0,0,0,0,0,0,0,0,0,0,0,0,0,0,0,0,0,0,0,0,0,0,0,0,0,0,0,0,0,0,0,0,0,0,0,0,0,0,0,0,0,0,0,0,0,0,0,0,0,0,0,0,0,0,0,0,0,0,0,0,0,0,0,0,0,0,0,0,2,2,0,0,4,1,2,2,4,0,0,0,0,0,1,2,2,2,0,0,0,0,0,0,0,0,0,0,0,0,0,0,0,0,0,0,0,0,0,0,0,0,0,0,0,0,0,0,0,0,0,0,0,0,0,0,0,0,0,0,0,2,2,0,0,0,0,0,0,0,0,0,0,0,0,0,0,0,0,3,1,2,1,1,0,0,0,0,5,0,0,0,0,0,0,0,2,2,0,0,0,0,0,0,0,0,2,3,2,2,0,0,0,3,2,2,2,2,0,2,2,1,2,2,0,2,2,0,0,0,0,0,0,0,0,0,0,0,0,0,0,0,0,0,0,2,2,1,0,0,0,0,0,0,0,0,0,0,0,0,0,0,0,0,2,1,2,2,3,2,0,0,0,0,0,0,0,5,2,0,0,0,0,0,0,0,0,0,0,0,0,0,0,0,0,2,3,0,0,0,0,0,0,0,0,0,0,0,0,0,0,0,0,0,0,0,0,0,0,0,0,0,0,0,0,0,0,0,0,0,0,0,0,0,0,0,0,0,0,0,3,2,5,2,0,0,0,0,0,0,0,0,0,0,0,0,0,0,0,0,0,0,0,0,0,0,0,0,0,0,0,0,0,0,0,0,0,0,0,0,0,0,0,0,0,0,0,0,0,0,0,0,0,0,0,0,0,0,0,0,0,0,0,0,0,0,0,0,0,0,0,0,0,0,0,0,0,0,0,0,0,0,0,0,0,0,0,0,0,0,0,0,0,0,0,0,0,0,0,0,0,0,0,0,0,0,0,0,0,0,0,0,0,0,0,0,0,0,0,0,0,0,0,0,0,0,0,0,0,0,0,0,0,0,0,0,0,0,0,0,0,0,0,5,3,2,2,2,2,2,2,4,2,1,4,1,2,2,2,1,4,1,1,5,2,2,2,2,5,2,3,3,2,5,2,2,3,5,0,0,0,0,0,0,0,0,0,0,0,0,0,0,0,0,0,0,0,0,0,0,0,2,5,2,5,3,2,0,0,0,0,0,0,0,0,5,0,0,0,2,3,2,2,2,2,0,0,0,0,0,2,2,2,2,2,0,0,0,1,2,3,1,2,2,2,0,0,0,0,0,2,3,2,2,3,2,2,4,2,0,0,0,0,0,0,0,0,3,2,1,5,4,2,0,0,0,0,3,0,0,0,0,0,0,0,0,0,0,0,0,0,0,0,0,0,2,0,0,2,0,0,0,0,0,0,0,0,0,0,0,0,0,0,0,0,0,0,0,0,0,0,0,0,0,0,0,0,0,0,0,0,0,0,0,0,0,0,0,0,0,0,0,0,0,0,0,0,0,0,0,0,0,0,0,0,0,0,0,0,0,0,0,0,0,0,0,0,0,0,0,0,0,0,0,0,0,2,2,0,2,0,0,0,0,0,2,2,2,0,2,3,2,3,3,1,1,3,1,2,2,0,0,0,0,0,0,0,2,2,2,2,3,1,5,2,2,5,0,4,2,0,0,0,0,2,3,5,2,0,0,0,0,0,0,0,0,0,0,0,0,0,0,0,0,0,0,0,0,0,0,0,0,0,0,0,0,0,0,0,0,0,0,0,0,0,0,0,0,0,0,0,0,0,0,0,0,0,0,0,0,0,0,0,0,0,0,0,0,0,0,0,0,0,0,0,0,0,0,0,0,0,0,0,0,0,0,0,0,0,0,0,0,0,0,0,0,0,0,0,0,0,0,0,0,2,1,1,3,2,3,2,2,5,1,5,5,2,1,4,3,0,0,0,0,0,0,0,0,0,0,0,0,0,0,0,0,0,0,0,0,0,0,0,0,0,0,0,0,0,0,0,0,0,0,0,0,0,0,0,0,0,0,0,0,0,0,0,0,0,0,0,0,0,0,0,0,0,0,0,0,0,0,0,0,0,0,0,0,0,0,0,0,0,0,0,0,0,0,0,0,0,0,0,0,0,0,0,0,0,0,0,0,0,0,0,0,0,0,0,0,0,0,0,0,0,0,0,0,0,0,0,0,0,0,0,0,0,0,0,0,0,0,0,0,0,0,0,0,0,0,0,0,0,0,0,0,0,0,0,0,0,0,0,0,0,0,0,0,0,0,0,0,0,0,0,0,0,0,0,0,0,0,0,0,0,0,0,0,0,0,0,0,0,0,0,0,0,0,0,0,0,0,0,0,0,0,0,0,0,0,0,0,0,0,0,0,0,0,0,0,0,0,0,0,0,0,0,0,0,0,0,0,0,0,0,0,0,0,0,0,0,0,0,0,0,0,0,0,0,0,0,0,0,0,0,0,0,0,0,0,0,0,0,0,0,0,0,0,0,0,0,0,0,0,0,0,0,0,0,0,0,0,0,0,0,0,0,0,0,0,0,0,0,0,0,0,0,0,0,0,0,0,0,0,3,2,3,5,5,3,3,3,3,3,2,2,2,3,5,5,3,0,0,0,0,0,0,0,0,0,0,0,0,0,0,0,0,0,0,0,0,0,0,0,0,0,0,0,0,0,0,0,0,0,0,0,0,0,0,0,0,0,0,0,0,0,0,0,0,0,0,0,0,0,0,0,0,0,0,0,0,0,0,0,0,0,0,0,0,0,0,0,0,0,0,0,0,0,0,0,0,0,0,0,0,0,0,0,0,0,0,0,0,0,0,0,0,0,0,0,0,0,0,0,0,0,0,0,0,0,0,0,0,0,0,0,0,0,0,0,0,0,0,0,0,0,0,0,0,0,3,3,3,5,3,1,3,3,1,3,3,2,0,0,0,0,0,0,0,0,0,0,0,0,0,0,0,0,0,0,0,0,0,0,0,0,0,0,0,0,0,0,0,0,0,0,0,0,0,0,0,0,0,0,0,0,0,0,0,0,0,0,0,0,0,0,0,0,1.4419610500335691,-4.417862892150879,-5.788690090179443,8.530110359191895,2.834096908569336,-0.2827306091785431,-17.420440673828125,-0.7005367875099182,13.0702543258667,6.003077507019043,-6.391305923461914,1.8000761270523071,-13.212284088134766,2.192608118057251,-7.070112228393555,0.1946971714496612,5.50250244140625,-5.742422580718994,-6.1040239334106445,9.843339920043944,-0.9260786771774292,7.581536293029785,21.98185920715332,8.55616569519043,-13.843424797058104,-1.6255135536193848,1.224532127380371,-12.035574913024902,3.6456353664398193,0.29816734790802,15.42857837677002,-9.672892570495604,-3.8735413551330566,-8.652545928955078,3.5903642177581787,0.0365716107189655,1.1493942737579346,2.308598518371582,10.316484451293944,5.880738735198975,-0.2936229705810547,-1.6745543479919434,-8.695887565612793,-0.0125505067408084,-14.376986503601074,3.9982924461364746,-0.0529994666576385,10.960531234741213,-9.197599411010742,2.5707433223724365,7.111839294433594,-8.904284477233887,-6.086081504821777,-9.197309494018556,-8.618009567260742,-8.54312801361084,-2.788067102432251,0.5362785458564758,6.710247993469238,2.902747631072998,-1.7070156335830688,-9.258790969848633,-2.9184460639953613,5.781601428985596,-17.460186004638672,-0.9802935123443604,12.387995719909668,3.2927961349487305,-4.400583744049072,3.358675718307495,-7.375203132629394,1.58364999294281,8.290106773376465,-10.600106239318848,-4.187843322753906,7.0597758293151855,-8.13269329071045,4.645696640014648,-1.2165603637695312,5.24758243560791,7.696323871612549,-2.1512742042541504,-9.00145435333252,-12.150891304016112,2.1844160556793213,0.0069467052817344,-9.289934158325195,6.669747352600098,4.336700439453125,-1.4354206323623655,5.302289009094238,4.211477756500244,4.358314514160156,12.00302505493164,2.6787326335906982,-0.6986532211303711,3.979794025421143,2.61490797996521,7.435741901397705,2.4974496364593506,-5.794809341430664,-10.11052417755127,-7.303450584411621,-12.525362968444824,2.139860153198242,-10.105491638183594,-6.267176151275635,4.089834690093994,1.8861690759658811,-8.963322639465332,-18.128314971923828,4.039105415344238,5.81541109085083,-1.8652827739715576,1.3394114971160889,-7.209059715270996,10.678396224975586,10.760465621948242,-3.851150512695313,6.175926208496094,-14.83001708984375,0.7436994314193726,-4.178256988525391,7.471256256103516,6.79599142074585,-11.291818618774414,-15.653736114501951,-2.1382882595062256,-2.142786979675293,1.3647102117538452,-1.2398918867111206,2.0731794834136963,10.991548538208008,18.057079315185547,-1.8516703844070437,16.336151123046875,13.748187065124512,1.2432773113250732,15.010604858398438,-3.685487508773804,12.928890228271484,-2.056348323822021,-0.1462258696556091,1.9512012004852293,14.847033500671388,10.52411937713623,3.728680849075317,2.810482978820801,1.9097766876220703,11.4821138381958,8.788949012756348,4.680209636688232,9.665492057800291,-4.85163688659668,-2.277529001235962,4.329444408416748,-7.384459495544434,-9.55621337890625,5.851864814758301,-9.914116859436035,-3.938124895095825,-2.0465874671936035,-9.08707332611084,4.434798240661621,3.3257505893707275,-9.01159954071045,1.4002656936645508,-5.085578918457031,0.4614447355270386,9.296781539916992,-8.901065826416016,-3.3340985774993896,15.765596389770508,-6.268455028533936,-1.039980173110962,1.321494698524475,5.802295207977295,-1.859102249145508,-8.508201599121094,13.383771896362305,-6.978997230529785,8.950089454650879,-1.5051310062408447,10.04520034790039,10.889272689819336,-5.424553394317627,-1.421054124832153,-1.1160904169082642,-9.422677993774414,-4.476195335388184,-1.4696627855300903,-0.9793190956115724,-0.9371287822723388,0.5130455493927002,3.065263032913208,1.0221145153045654,-6.974039554595947,-11.973365783691406,-1.402496576309204,-1.6920899152755735,3.154554843902588,2.693510770797729,7.673892974853516,1.1659361124038696,4.613498687744141,-4.625992298126221,16.207202911376953,7.666712284088135,13.607621192932127,-3.435457468032837,17.64287567138672,-3.746463060379028,7.190886974334717,-4.323277473449707,4.332154750823975,5.169146060943604,4.096635818481445,4.435140132904053,-9.10784912109375,6.360429763793945,3.288192749023437,-10.835613250732422,-1.9007762670516968,1.5756641626358032,3.087216377258301,-3.994616985321045,-2.268221378326416,3.905103921890259,10.850144386291504,-12.998595237731934,2.8542850017547607,-3.085846185684204,-11.309365272521973,-16.104089736938477,-4.840691566467285,-3.606593132019043,-2.977468013763428,-3.127350330352783,-6.668863773345947,10.96617603302002,4.67642879486084,-0.5768213272094727,4.277847290039063,0.4287179708480835,-4.514192581176758,4.682654857635498,-16.49981117248535,-9.037224769592283,-0.120735727250576,-9.010334014892578,-20.606101989746094,3.09378981590271,-3.0830235481262207,0.5294936299324036,-14.813454627990724,1.0890425443649292,4.607531547546387,-14.39873218536377,10.098495483398438,-8.45461368560791,-5.344410419464111,8.64137077331543,5.815176486968994,14.375737190246582,2.844189405441284,-5.708085536956787,-9.249958038330078,6.534463882446289,2.797647714614868,-9.572725296020508,-2.53411078453064,6.093338489532471,-0.4563729166984558,5.804839611053467,-0.3779659867286682,-8.12467098236084,-1.7844897508621216,-5.256875038146973,-1.7386047840118408,-1.9155970811843872,-10.187545776367188,-5.986361980438232,-21.118453979492188,-9.068191528320312,-0.1858120262622833,1.5087463855743408,0.7934882640838623,-1.2412583827972412,-9.235119819641112,-1.3368953466415403,0.8570473790168762,14.358037948608398,15.250558853149414,2.410738468170166,-12.471683502197266,-2.30977725982666,-7.324010372161865,-4.813388347625732,-14.779461860656738,-4.72273063659668,-1.0,1.322219294733919
OXYR_HUMAN,CHEMBL549494,COc1ccc(-n2c(C)nnc2-c2cnc(Oc3cccc(F)c3C)cn2)cn1,0,0,0,0,0,0,0,0,0,0,0,0,0,0,0,0,0,0,0,0,0,0,0,0,0,0,0,0,0,0,0,0,0,0,0,0,0,0,0,0,0,0,0,0,0,0,0,0,0,0,0,0,0,0,0,0,0,0,0,0,0,0,0,0,0,0,0,0,0,0,0,0,0,0,0,0,0,0,0,0,0,0,0,0,0,0,0,0,0,0,0,0,0,0,0,0,0,0,0,0,0,0,0,0,0,0,0,0,0,0,0,0,0,0,0,0,0,0,0,0,0,0,0,0,0,0,0,0,0,0,0,0,0,0,0,0,0,0,0,0,0,0,0,0,0,0,0,0,0,0,0,0,0,0,0,0,0,0,0,0,0,0,0,0,0,0,0,0,0,0,0,0,0,0,0,0,0,0,0,0,0,0,0,0,0,2,4,1,2,2,2,2,3,2,3,2,4,2,2,3,2,0,0,0,0,0,0,0,0,0,0,0,0,0,0,0,0,3,2,2,1,0,0,0,0,0,0,0,0,0,0,0,0,0,0,0,0,0,1,1,2,4,1,3,0,0,0,0,0,0,0,0,0,0,0,5,3,0,0,0,0,0,0,0,0,0,0,0,0,0,0,0,0,0,0,0,0,0,0,0,0,0,0,0,0,0,0,0,0,0,0,0,0,0,0,0,0,0,0,0,0,0,0,0,0,0,0,0,0,0,0,0,0,0,0,0,0,0,0,0,0,0,0,0,0,0,0,0,0,0,0,0,0,0,0,0,0,0,0,0,0,0,0,0,0,0,0,0,0,0,0,0,0,0,0,0,0,0,0,0,0,0,0,0,0,0,0,0,0,0,0,0,0,0,0,0,0,0,0,0,0,0,0,0,0,0,0,0,0,0,0,0,0,0,0,0,0,0,0,0,0,0,0,0,0,0,0,0,0,0,0,0,0,0,0,0,0,0,0,0,0,0,0,0,0,0,0,0,0,0,0,0,0,2,1,1,1,5,5,3,0,0,0,0,0,0,0,0,0,0,0,0,0,0,0,0,0,0,0,0,0,0,0,0,0,0,0,0,0,0,0,0,0,0,0,0,0,0,0,0,0,0,0,0,0,0,0,0,0,0,0,0,0,0,0,0,0,0,0,0,0,0,0,0,0,0,0,0,0,0,0,0,0,0,0,0,0,0,0,0,0,0,0,0,0,0,0,0,0,0,0,0,0,0,0,0,0,0,0,0,0,0,0,0,0,0,0,0,0,0,0,0,0,0,0,0,0,0,0,0,0,0,0,0,0,0,0,0,0,0,0,0,0,0,0,0,0,0,0,0,0,0,0,0,0,0,0,0,0,4,2,2,2,5,2,4,2,0,0,0,0,0,0,0,0,0,0,0,0,0,0,0,0,0,2,2,2,1,2,0,2,2,0,0,0,0,0,0,0,0,0,0,0,2,2,2,2,3,1,3,2,1,0,0,0,0,0,0,2,2,2,2,2,0,0,5,0,0,0,0,3,3,0,0,0,0,0,0,0,0,0,0,0,5,3,5,5,0,0,0,0,0,3,0,0,0,0,0,0,0,5,2,2,2,2,2,5,0,0,0,0,0,0,0,0,0,0,0,0,0,0,0,5,2,3,0,2,2,4,0,0,0,0,0,0,0,0,0,0,0,0,0,0,0,0,0,0,0,0,0,0,0,0,0,0,0,0,0,0,0,0,2,2,2,2,2,2,3,2,2,0,0,0,0,0,0,0,0,0,0,0,0,0,0,0,0,0,0,0,0,0,0,0,0,1,3,2,2,0,0,0,0,0,0,0,0,0,0,0,0,0,0,0,0,0,0,0,0,0,0,0,0,0,0,0,0,0,2,4,2,3,2,5,2,2,1,0,1,4,2,0,0,0,0,0,2,1,0,0,0,0,0,0,0,0,0,0,0,0,0,0,0,0,0,0,0,0,0,0,0,0,0,0,0,0,0,0,0,0,0,0,0,0,0,0,0,0,0,0,0,0,0,0,0,5,0,2,2,5,0,2,2,3,2,2,1,2,2,2,0,0,0,3,3,2,2,0,0,0,0,0,0,0,0,0,0,0,0,2,2,0,0,0,0,0,0,0,0,0,0,0,0,0,0,0,0,0,0,0,0,0,0,0,0,0,0,0,0,0,0,0,2,2,3,2,4,5,0,0,0,0,0,0,0,0,0,0,0,0,0,0,0,0,0,0,0,0,0,0,0,0,0,0,0,0,0,0,0,0,0,0,1,0,0,0,0,0,0,0,0,0,0,0,0,0,0,0,0,0,0,0,0,0,0,0,0,0,0,2,2,0,0,0,0,0,0,2,0,1,3,1,2,0,0,0,0,0,0,0,0,0,0,0,0,0,0,0,0,0,0,0,0,0,0,0,0,0,0,0,0,5,3,0,0,0,0,2,5,5,0,0,5,3,0,0,0,0,0,0,0,0,0,0,0,0,0,0,0,4,5,0,0,0,0,2,2,2,0,0,0,0,2,2,3,2,2,0,0,0,1,1,2,2,2,3,0,0,2,1,3,2,5,0,0,0,0,0,0,0,0,0,0,0,0,2,2,3,0,0,0,0,0,0,0,0,0,0,0,0,0,0,0,0,0,0,0,0,0,0,0,0,0,0,0,0,0,0,0,0,0,0,0,0,0,0,0,2,5,0,0,0,0,4,0,0,0,0,0,0,0,0,0,0,0,0,0,0,0,0,0,0,0,0,0,0,0,0,0,0,0,0,0,0,0,0,0,0,0,0,0,0,0,0,0,0,0,0,0,0,0,0,0,0,0,0,0,0,0,0,0,0,0,0,0,0,0,0,0,0,0,0,0,0,0,0,0,0,0,0,0,0,0,0,0,0,0,0,0,0,0,0,0,0,0,0,0,2,2,0,0,4,1,2,2,4,0,0,0,0,0,1,2,2,2,0,0,0,0,0,0,0,0,0,0,0,0,0,0,0,0,0,0,0,0,0,0,0,0,0,0,0,0,0,0,0,0,0,0,0,0,0,0,0,0,0,0,0,2,2,0,0,0,0,0,0,0,0,0,0,0,0,0,0,0,0,3,1,2,1,1,0,0,0,0,5,0,0,0,0,0,0,0,2,2,0,0,0,0,0,0,0,0,2,3,2,2,0,0,0,3,2,2,2,2,0,2,2,1,2,2,0,2,2,0,0,0,0,0,0,0,0,0,0,0,0,0,0,0,0,0,0,2,2,1,0,0,0,0,0,0,0,0,0,0,0,0,0,0,0,0,2,1,2,2,3,2,0,0,0,0,0,0,0,5,2,0,0,0,0,0,0,0,0,0,0,0,0,0,0,0,0,2,3,0,0,0,0,0,0,0,0,0,0,0,0,0,0,0,0,0,0,0,0,0,0,0,0,0,0,0,0,0,0,0,0,0,0,0,0,0,0,0,0,0,0,0,3,2,5,2,0,0,0,0,0,0,0,0,0,0,0,0,0,0,0,0,0,0,0,0,0,0,0,0,0,0,0,0,0,0,0,0,0,0,0,0,0,0,0,0,0,0,0,0,0,0,0,0,0,0,0,0,0,0,0,0,0,0,0,0,0,0,0,0,0,0,0,0,0,0,0,0,0,0,0,0,0,0,0,0,0,0,0,0,0,0,0,0,0,0,0,0,0,0,0,0,0,0,0,0,0,0,0,0,0,0,0,0,0,0,0,0,0,0,0,0,0,0,0,0,0,0,0,0,0,0,0,0,0,0,0,0,0,0,0,0,0,0,0,5,3,2,2,2,2,2,2,4,2,1,4,1,2,2,2,1,4,1,1,5,2,2,2,2,5,2,3,3,2,5,2,2,3,5,0,0,0,0,0,0,0,0,0,0,0,0,0,0,0,0,0,0,0,0,0,0,0,2,5,2,5,3,2,0,0,0,0,0,0,0,0,5,0,0,0,2,3,2,2,2,2,0,0,0,0,0,2,2,2,2,2,0,0,0,1,2,3,1,2,2,2,0,0,0,0,0,2,3,2,2,3,2,2,4,2,0,0,0,0,0,0,0,0,3,2,1,5,4,2,0,0,0,0,3,0,0,0,0,0,0,0,0,0,0,0,0,0,0,0,0,0,2,0,0,2,0,0,0,0,0,0,0,0,0,0,0,0,0,0,0,0,0,0,0,0,0,0,0,0,0,0,0,0,0,0,0,0,0,0,0,0,0,0,0,0,0,0,0,0,0,0,0,0,0,0,0,0,0,0,0,0,0,0,0,0,0,0,0,0,0,0,0,0,0,0,0,0,0,0,0,0,0,2,2,0,2,0,0,0,0,0,2,2,2,0,2,3,2,3,3,1,1,3,1,2,2,0,0,0,0,0,0,0,2,2,2,2,3,1,5,2,2,5,0,4,2,0,0,0,0,2,3,5,2,0,0,0,0,0,0,0,0,0,0,0,0,0,0,0,0,0,0,0,0,0,0,0,0,0,0,0,0,0,0,0,0,0,0,0,0,0,0,0,0,0,0,0,0,0,0,0,0,0,0,0,0,0,0,0,0,0,0,0,0,0,0,0,0,0,0,0,0,0,0,0,0,0,0,0,0,0,0,0,0,0,0,0,0,0,0,0,0,0,0,0,0,0,0,0,0,2,1,1,3,2,3,2,2,5,1,5,5,2,1,4,3,0,0,0,0,0,0,0,0,0,0,0,0,0,0,0,0,0,0,0,0,0,0,0,0,0,0,0,0,0,0,0,0,0,0,0,0,0,0,0,0,0,0,0,0,0,0,0,0,0,0,0,0,0,0,0,0,0,0,0,0,0,0,0,0,0,0,0,0,0,0,0,0,0,0,0,0,0,0,0,0,0,0,0,0,0,0,0,0,0,0,0,0,0,0,0,0,0,0,0,0,0,0,0,0,0,0,0,0,0,0,0,0,0,0,0,0,0,0,0,0,0,0,0,0,0,0,0,0,0,0,0,0,0,0,0,0,0,0,0,0,0,0,0,0,0,0,0,0,0,0,0,0,0,0,0,0,0,0,0,0,0,0,0,0,0,0,0,0,0,0,0,0,0,0,0,0,0,0,0,0,0,0,0,0,0,0,0,0,0,0,0,0,0,0,0,0,0,0,0,0,0,0,0,0,0,0,0,0,0,0,0,0,0,0,0,0,0,0,0,0,0,0,0,0,0,0,0,0,0,0,0,0,0,0,0,0,0,0,0,0,0,0,0,0,0,0,0,0,0,0,0,0,0,0,0,0,0,0,0,0,0,0,0,0,0,0,0,0,0,0,0,0,0,0,0,0,0,0,0,0,0,0,0,0,3,2,3,5,5,3,3,3,3,3,2,2,2,3,5,5,3,0,0,0,0,0,0,0,0,0,0,0,0,0,0,0,0,0,0,0,0,0,0,0,0,0,0,0,0,0,0,0,0,0,0,0,0,0,0,0,0,0,0,0,0,0,0,0,0,0,0,0,0,0,0,0,0,0,0,0,0,0,0,0,0,0,0,0,0,0,0,0,0,0,0,0,0,0,0,0,0,0,0,0,0,0,0,0,0,0,0,0,0,0,0,0,0,0,0,0,0,0,0,0,0,0,0,0,0,0,0,0,0,0,0,0,0,0,0,0,0,0,0,0,0,0,0,0,0,0,3,3,3,5,3,1,3,3,1,3,3,2,0,0,0,0,0,0,0,0,0,0,0,0,0,0,0,0,0,0,0,0,0,0,0,0,0,0,0,0,0,0,0,0,0,0,0,0,0,0,0,0,0,0,0,0,0,0,0,0,0,0,0,0,0,0,0,0,3.894478082656861,-5.241182327270508,-3.864518165588379,11.810173034667969,0.7227393984794617,0.8067100048065186,-11.196982383728027,-1.3079183101654053,8.318825721740723,1.5969109535217283,-4.523757457733154,-1.5529842376708984,-9.2195405960083,1.3062931299209597,-7.315746784210205,-1.0697588920593262,4.663631439208984,-4.51353645324707,-1.8521323204040527,9.65900993347168,5.873133182525635,5.871168613433838,15.314653396606444,8.003850936889648,-10.603385925292969,-1.1273466348648071,-0.5059499740600586,-10.530817031860352,2.0044307708740234,1.234757423400879,14.610883712768556,-11.788036346435549,-6.278862476348877,-6.594936847686768,6.239791870117188,-0.3971630930900574,-0.1352407336235046,-2.064427137374878,10.518519401550291,0.1933657079935073,0.6499561667442322,-0.6882778406143188,-7.882256984710693,2.091226577758789,-12.932853698730469,4.195254802703857,-3.1683437824249268,6.87888240814209,-7.656897068023682,8.585783958435059,9.459381103515623,-7.296020984649658,-2.026674747467041,-11.873866081237791,-5.214845657348633,-6.311424255371094,-4.838470935821533,0.3879214525222778,4.313220977783203,4.974634170532227,1.5160356760025024,-11.106212615966797,-3.128801822662353,-0.8699621558189392,-18.524188995361328,-3.4526009559631348,7.623788833618164,-1.3724861145019531,-1.592560887336731,0.5556649565696716,-6.860717296600342,-0.1115384250879287,9.62538719177246,-5.143450736999512,-1.4475940465927124,7.748231887817383,-6.444573879241943,1.824459671974182,-3.926230192184448,2.6773407459259038,6.656902313232422,-0.0494394898414611,-7.172826290130615,-7.869504451751709,3.041023969650269,-1.369195818901062,-7.550912380218506,6.963366985321045,4.884624004364014,-0.0843817293643951,7.590864181518555,-1.7240989208221436,4.635266780853272,5.474918365478516,2.386637926101685,-0.8067747354507446,2.8130407333374023,7.577150821685791,7.059330940246582,4.687285900115967,-11.26205348968506,-4.871665954589844,-3.739886522293091,-15.910564422607422,6.806575298309326,-3.4234132766723637,0.3960549831390381,3.830238342285156,-1.046383023262024,-3.629359722137451,-13.810417175292969,1.714677333831787,3.391961097717285,0.8300379514694214,1.8624444007873533,-7.371601104736328,10.828550338745115,10.750617027282717,-4.286523342132568,5.906522750854492,-11.52431869506836,1.309969186782837,-5.329387664794922,4.669754981994629,4.923898220062256,-8.882393836975098,-7.018221378326416,-1.421122431755066,-3.3042609691619877,1.4881638288497925,-3.545717716217041,3.2117576599121094,11.17638111114502,8.435134887695312,-4.681761741638184,14.199951171875,15.26860237121582,1.8727519512176516,9.53149127960205,-2.171247720718384,6.953500747680664,-3.991699934005737,-6.938863277435303,-1.4628766775131226,8.77801513671875,7.882240772247314,-0.7465572357177734,0.8145339488983154,0.866722822189331,6.7323737144470215,11.223196983337402,0.8687110543251038,10.29570484161377,-3.0001039505004883,-0.8288523554801941,3.4271981716156006,-7.026819229125977,-4.547506809234619,2.7586958408355717,-5.231832504272461,-5.551320552825928,-6.477389335632324,-4.460752964019775,-3.128848075866699,1.4644805192947388,-11.795026779174805,1.7347867488861084,-1.073438286781311,-1.328972339630127,4.276762008666992,-9.545272827148438,-8.44006061553955,8.791916847229004,0.3016840517520904,1.962844491004944,5.67009973526001,7.634286403656006,-4.4879679679870605,-2.2570362091064453,10.077486991882324,-0.3119064569473266,4.2901811599731445,-6.572865962982178,10.635279655456545,8.448721885681152,-0.3184797167778015,-5.1657819747924805,-4.784789085388184,-5.127480506896973,-2.8841028213500977,-2.833913326263428,-0.0665597170591354,0.5486022233963013,2.7376513481140137,-0.095470979809761,1.129139065742493,-7.04987096786499,-13.145854949951172,-2.607982397079468,1.8153009414672847,4.153877258300781,5.098308086395264,4.8265886306762695,3.740580081939697,8.010489463806152,-4.219202518463135,11.017979621887209,4.965683460235596,11.789029121398926,-0.9753419160842896,10.868356704711914,-4.334653854370117,3.439482927322388,-9.251521110534668,1.1307618618011477,1.5605154037475586,-0.723415732383728,6.864421367645264,-10.932635307312012,3.839050531387329,2.3148956298828125,-6.979318141937256,-4.203774929046631,-0.971876621246338,4.607656478881836,-2.630191802978516,-3.2564961910247803,2.9894912242889404,5.478244781494141,-5.378110885620117,4.794205188751221,-2.080898761749268,-6.696100234985352,-13.412212371826172,-2.036327123641968,-7.630468845367432,-3.8648314476013184,-0.6124070286750793,-5.238857746124268,10.132686614990234,3.034846067428589,-0.1753465384244918,3.6371078491210938,1.1471654176712036,-6.03371000289917,3.558779001235962,-14.171034812927246,-8.065250396728516,-1.19881010055542,-6.857794761657715,-16.263525009155273,3.0343477725982666,-3.971328258514404,0.3052183985710144,-16.837398529052734,1.6729323863983154,4.516352653503418,-7.994042873382568,4.3438215255737305,-5.793153285980225,2.919960021972656,6.739487171173096,8.742342948913574,11.587868690490724,4.223104476928711,-3.049006700515747,-9.615049362182615,7.646749496459961,-3.043246030807495,-2.064009428024292,-4.471787452697754,3.4187991619110107,-5.580165863037109,3.807827949523926,-0.4744863510131836,-5.117158889770508,-2.8518996238708496,-1.3977097272872925,1.7832777500152588,-0.333562970161438,-6.452188014984131,-5.64471960067749,-16.413549423217773,-6.3272385597229,-1.392778992652893,2.064685821533203,1.4051529169082642,0.1789792776107788,-5.460312843322754,2.275266408920288,-2.3986613750457764,10.494458198547363,13.340405464172363,-3.621716022491455,-7.180413722991943,-4.679234981536865,-3.5514233112335205,-2.876403570175171,-13.68943214416504,-2.4015517234802246,-1.0,1.1643528557844371
OXYR_HUMAN,CHEMBL513488,Cc1nc(C(C(=O)N2CCOCC2)N2C(=O)C(C3Cc4ccccc4C3)NC(=O)C2CC(C)C)co1,0,0,0,0,0,0,0,0,0,0,0,0,0,0,0,0,0,0,0,0,0,0,0,0,0,0,0,0,0,0,0,0,0,0,0,0,0,0,0,0,0,0,0,0,0,0,0,0,0,0,0,0,0,0,0,0,0,0,0,0,0,0,0,0,0,0,0,0,0,0,0,0,0,0,0,0,0,0,0,0,0,0,0,0,0,0,0,0,0,0,0,0,0,0,0,0,0,0,0,0,0,0,0,0,0,0,0,0,0,0,0,0,0,0,0,0,0,0,0,0,0,0,0,0,0,0,0,0,0,0,0,0,0,0,0,0,0,0,0,0,0,0,0,0,0,0,0,0,0,0,0,0,0,0,0,0,0,0,0,0,0,0,0,0,0,0,0,0,0,0,0,0,0,0,0,0,0,0,0,0,0,0,0,0,0,2,4,1,2,2,2,2,3,2,3,2,4,2,2,3,2,0,0,0,0,0,0,0,0,0,0,0,0,0,0,0,0,3,2,2,1,0,0,0,0,0,0,0,0,0,0,0,0,0,0,0,0,0,1,1,2,4,1,3,0,0,0,0,0,0,0,0,0,0,0,5,3,0,0,0,0,0,0,0,0,0,0,0,0,0,0,0,0,0,0,0,0,0,0,0,0,0,0,0,0,0,0,0,0,0,0,0,0,0,0,0,0,0,0,0,0,0,0,0,0,0,0,0,0,0,0,0,0,0,0,0,0,0,0,0,0,0,0,0,0,0,0,0,0,0,0,0,0,0,0,0,0,0,0,0,0,0,0,0,0,0,0,0,0,0,0,0,0,0,0,0,0,0,0,0,0,0,0,0,0,0,0,0,0,0,0,0,0,0,0,0,0,0,0,0,0,0,0,0,0,0,0,0,0,0,0,0,0,0,0,0,0,0,0,0,0,0,0,0,0,0,0,0,0,0,0,0,0,0,0,0,0,0,0,0,0,0,0,0,0,0,0,0,0,0,0,0,0,2,1,1,1,5,5,3,0,0,0,0,0,0,0,0,0,0,0,0,0,0,0,0,0,0,0,0,0,0,0,0,0,0,0,0,0,0,0,0,0,0,0,0,0,0,0,0,0,0,0,0,0,0,0,0,0,0,0,0,0,0,0,0,0,0,0,0,0,0,0,0,0,0,0,0,0,0,0,0,0,0,0,0,0,0,0,0,0,0,0,0,0,0,0,0,0,0,0,0,0,0,0,0,0,0,0,0,0,0,0,0,0,0,0,0,0,0,0,0,0,0,0,0,0,0,0,0,0,0,0,0,0,0,0,0,0,0,0,0,0,0,0,0,0,0,0,0,0,0,0,0,0,0,0,0,0,4,2,2,2,5,2,4,2,0,0,0,0,0,0,0,0,0,0,0,0,0,0,0,0,0,2,2,2,1,2,0,2,2,0,0,0,0,0,0,0,0,0,0,0,2,2,2,2,3,1,3,2,1,0,0,0,0,0,0,2,2,2,2,2,0,0,5,0,0,0,0,3,3,0,0,0,0,0,0,0,0,0,0,0,5,3,5,5,0,0,0,0,0,3,0,0,0,0,0,0,0,5,2,2,2,2,2,5,0,0,0,0,0,0,0,0,0,0,0,0,0,0,0,5,2,3,0,2,2,4,0,0,0,0,0,0,0,0,0,0,0,0,0,0,0,0,0,0,0,0,0,0,0,0,0,0,0,0,0,0,0,0,2,2,2,2,2,2,3,2,2,0,0,0,0,0,0,0,0,0,0,0,0,0,0,0,0,0,0,0,0,0,0,0,0,1,3,2,2,0,0,0,0,0,0,0,0,0,0,0,0,0,0,0,0,0,0,0,0,0,0,0,0,0,0,0,0,0,2,4,2,3,2,5,2,2,1,0,1,4,2,0,0,0,0,0,2,1,0,0,0,0,0,0,0,0,0,0,0,0,0,0,0,0,0,0,0,0,0,0,0,0,0,0,0,0,0,0,0,0,0,0,0,0,0,0,0,0,0,0,0,0,0,0,0,5,0,2,2,5,0,2,2,3,2,2,1,2,2,2,0,0,0,3,3,2,2,0,0,0,0,0,0,0,0,0,0,0,0,2,2,0,0,0,0,0,0,0,0,0,0,0,0,0,0,0,0,0,0,0,0,0,0,0,0,0,0,0,0,0,0,0,2,2,3,2,4,5,0,0,0,0,0,0,0,0,0,0,0,0,0,0,0,0,0,0,0,0,0,0,0,0,0,0,0,0,0,0,0,0,0,0,1,0,0,0,0,0,0,0,0,0,0,0,0,0,0,0,0,0,0,0,0,0,0,0,0,0,0,2,2,0,0,0,0,0,0,2,0,1,3,1,2,0,0,0,0,0,0,0,0,0,0,0,0,0,0,0,0,0,0,0,0,0,0,0,0,0,0,0,0,5,3,0,0,0,0,2,5,5,0,0,5,3,0,0,0,0,0,0,0,0,0,0,0,0,0,0,0,4,5,0,0,0,0,2,2,2,0,0,0,0,2,2,3,2,2,0,0,0,1,1,2,2,2,3,0,0,2,1,3,2,5,0,0,0,0,0,0,0,0,0,0,0,0,2,2,3,0,0,0,0,0,0,0,0,0,0,0,0,0,0,0,0,0,0,0,0,0,0,0,0,0,0,0,0,0,0,0,0,0,0,0,0,0,0,0,2,5,0,0,0,0,4,0,0,0,0,0,0,0,0,0,0,0,0,0,0,0,0,0,0,0,0,0,0,0,0,0,0,0,0,0,0,0,0,0,0,0,0,0,0,0,0,0,0,0,0,0,0,0,0,0,0,0,0,0,0,0,0,0,0,0,0,0,0,0,0,0,0,0,0,0,0,0,0,0,0,0,0,0,0,0,0,0,0,0,0,0,0,0,0,0,0,0,0,0,2,2,0,0,4,1,2,2,4,0,0,0,0,0,1,2,2,2,0,0,0,0,0,0,0,0,0,0,0,0,0,0,0,0,0,0,0,0,0,0,0,0,0,0,0,0,0,0,0,0,0,0,0,0,0,0,0,0,0,0,0,2,2,0,0,0,0,0,0,0,0,0,0,0,0,0,0,0,0,3,1,2,1,1,0,0,0,0,5,0,0,0,0,0,0,0,2,2,0,0,0,0,0,0,0,0,2,3,2,2,0,0,0,3,2,2,2,2,0,2,2,1,2,2,0,2,2,0,0,0,0,0,0,0,0,0,0,0,0,0,0,0,0,0,0,2,2,1,0,0,0,0,0,0,0,0,0,0,0,0,0,0,0,0,2,1,2,2,3,2,0,0,0,0,0,0,0,5,2,0,0,0,0,0,0,0,0,0,0,0,0,0,0,0,0,2,3,0,0,0,0,0,0,0,0,0,0,0,0,0,0,0,0,0,0,0,0,0,0,0,0,0,0,0,0,0,0,0,0,0,0,0,0,0,0,0,0,0,0,0,3,2,5,2,0,0,0,0,0,0,0,0,0,0,0,0,0,0,0,0,0,0,0,0,0,0,0,0,0,0,0,0,0,0,0,0,0,0,0,0,0,0,0,0,0,0,0,0,0,0,0,0,0,0,0,0,0,0,0,0,0,0,0,0,0,0,0,0,0,0,0,0,0,0,0,0,0,0,0,0,0,0,0,0,0,0,0,0,0,0,0,0,0,0,0,0,0,0,0,0,0,0,0,0,0,0,0,0,0,0,0,0,0,0,0,0,0,0,0,0,0,0,0,0,0,0,0,0,0,0,0,0,0,0,0,0,0,0,0,0,0,0,0,5,3,2,2,2,2,2,2,4,2,1,4,1,2,2,2,1,4,1,1,5,2,2,2,2,5,2,3,3,2,5,2,2,3,5,0,0,0,0,0,0,0,0,0,0,0,0,0,0,0,0,0,0,0,0,0,0,0,2,5,2,5,3,2,0,0,0,0,0,0,0,0,5,0,0,0,2,3,2,2,2,2,0,0,0,0,0,2,2,2,2,2,0,0,0,1,2,3,1,2,2,2,0,0,0,0,0,2,3,2,2,3,2,2,4,2,0,0,0,0,0,0,0,0,3,2,1,5,4,2,0,0,0,0,3,0,0,0,0,0,0,0,0,0,0,0,0,0,0,0,0,0,2,0,0,2,0,0,0,0,0,0,0,0,0,0,0,0,0,0,0,0,0,0,0,0,0,0,0,0,0,0,0,0,0,0,0,0,0,0,0,0,0,0,0,0,0,0,0,0,0,0,0,0,0,0,0,0,0,0,0,0,0,0,0,0,0,0,0,0,0,0,0,0,0,0,0,0,0,0,0,0,0,2,2,0,2,0,0,0,0,0,2,2,2,0,2,3,2,3,3,1,1,3,1,2,2,0,0,0,0,0,0,0,2,2,2,2,3,1,5,2,2,5,0,4,2,0,0,0,0,2,3,5,2,0,0,0,0,0,0,0,0,0,0,0,0,0,0,0,0,0,0,0,0,0,0,0,0,0,0,0,0,0,0,0,0,0,0,0,0,0,0,0,0,0,0,0,0,0,0,0,0,0,0,0,0,0,0,0,0,0,0,0,0,0,0,0,0,0,0,0,0,0,0,0,0,0,0,0,0,0,0,0,0,0,0,0,0,0,0,0,0,0,0,0,0,0,0,0,0,2,1,1,3,2,3,2,2,5,1,5,5,2,1,4,3,0,0,0,0,0,0,0,0,0,0,0,0,0,0,0,0,0,0,0,0,0,0,0,0,0,0,0,0,0,0,0,0,0,0,0,0,0,0,0,0,0,0,0,0,0,0,0,0,0,0,0,0,0,0,0,0,0,0,0,0,0,0,0,0,0,0,0,0,0,0,0,0,0,0,0,0,0,0,0,0,0,0,0,0,0,0,0,0,0,0,0,0,0,0,0,0,0,0,0,0,0,0,0,0,0,0,0,0,0,0,0,0,0,0,0,0,0,0,0,0,0,0,0,0,0,0,0,0,0,0,0,0,0,0,0,0,0,0,0,0,0,0,0,0,0,0,0,0,0,0,0,0,0,0,0,0,0,0,0,0,0,0,0,0,0,0,0,0,0,0,0,0,0,0,0,0,0,0,0,0,0,0,0,0,0,0,0,0,0,0,0,0,0,0,0,0,0,0,0,0,0,0,0,0,0,0,0,0,0,0,0,0,0,0,0,0,0,0,0,0,0,0,0,0,0,0,0,0,0,0,0,0,0,0,0,0,0,0,0,0,0,0,0,0,0,0,0,0,0,0,0,0,0,0,0,0,0,0,0,0,0,0,0,0,0,0,0,0,0,0,0,0,0,0,0,0,0,0,0,0,0,0,0,0,3,2,3,5,5,3,3,3,3,3,2,2,2,3,5,5,3,0,0,0,0,0,0,0,0,0,0,0,0,0,0,0,0,0,0,0,0,0,0,0,0,0,0,0,0,0,0,0,0,0,0,0,0,0,0,0,0,0,0,0,0,0,0,0,0,0,0,0,0,0,0,0,0,0,0,0,0,0,0,0,0,0,0,0,0,0,0,0,0,0,0,0,0,0,0,0,0,0,0,0,0,0,0,0,0,0,0,0,0,0,0,0,0,0,0,0,0,0,0,0,0,0,0,0,0,0,0,0,0,0,0,0,0,0,0,0,0,0,0,0,0,0,0,0,0,0,3,3,3,5,3,1,3,3,1,3,3,2,0,0,0,0,0,0,0,0,0,0,0,0,0,0,0,0,0,0,0,0,0,0,0,0,0,0,0,0,0,0,0,0,0,0,0,0,0,0,0,0,0,0,0,0,0,0,0,0,0,0,0,0,0,0,0,0,4.846002578735352,-8.622586250305176,-2.9565868377685547,6.05616569519043,-0.6627177000045776,-3.284527063369751,-13.415109634399414,-0.8511216640472412,8.076750755310059,-2.9437174797058105,2.818263292312622,2.570976972579956,-3.816624641418457,4.443385124206543,-8.735794067382812,-4.262484550476074,9.827638626098633,-7.934072971343994,-10.870792388916016,10.886035919189451,5.054747104644775,10.647419929504396,18.372772216796875,10.047951698303224,-9.614108085632324,2.5829265117645264,-4.873193264007568,-16.27886199951172,0.5043544769287109,-6.57080602645874,9.473540306091309,-4.6630940437316895,-10.946136474609377,-1.3260681629180908,2.860736608505249,4.439634323120117,1.8131977319717407,-3.724125385284424,13.024986267089844,5.020737171173096,-3.608443975448608,-1.1486865282058716,-4.990957736968994,-5.032247066497803,-10.510151863098145,8.986501693725586,-1.902693033218384,11.400938034057615,-6.815406322479248,3.1837196350097656,5.518398284912109,-10.089701652526855,-0.6119864583015442,-8.44832706451416,-14.022439002990724,-9.159785270690918,-8.608593940734863,5.783729553222656,3.5060548782348637,7.199188709259033,1.8331085443496704,-7.575043201446533,-8.36419677734375,2.819027900695801,-21.74412727355957,0.7132399678230286,10.75964069366455,0.941108763217926,-3.101874351501465,1.948543190956116,-7.396908760070801,3.579987049102783,10.079106330871582,-11.32355785369873,-2.2391622066497803,4.824600696563721,-10.17590618133545,-0.6517260074615479,0.4021492898464203,5.176098823547363,5.376882553100586,-0.1508159935474395,-4.273247241973877,-16.332727432250977,6.205259799957275,-4.880410194396973,-9.460001945495604,7.587071895599365,5.240674018859863,-3.816565752029419,2.71529483795166,4.532573699951172,3.375663042068481,2.7184433937072754,9.772197723388672,-1.199943780899048,6.673270225524902,9.478699684143066,8.385356903076172,-0.95119047164917,-9.176939010620115,-11.225695610046388,-9.114383697509766,-14.149011611938477,8.147254943847656,-13.604147911071776,-4.089529514312744,7.008266925811768,1.8758037090301516,-9.388041496276855,-13.731552124023438,3.5866620540618896,2.138061285018921,-3.510016918182373,-2.612754344940185,-3.954934120178223,9.572880744934082,12.822452545166016,-1.8997126817703247,4.707503795623779,-8.543277740478516,3.3301339149475098,-0.6345524191856384,14.68859577178955,3.661515712738037,-18.700870513916016,-12.35980987548828,-3.186061143875122,-7.913605690002441,-1.0378323793411257,-2.489132165908813,4.356496810913086,12.891329765319824,15.198522567749023,0.0631671547889709,19.81879425048828,8.363334655761719,-5.235644817352295,9.631440162658691,-7.309225559234619,8.965648651123047,-2.841350793838501,-7.4268083572387695,-1.9798357486724851,7.115784645080566,6.483558177947998,1.5701422691345217,2.9014430046081543,1.7606576681137085,10.600327491760254,4.978182792663574,4.223016262054443,9.506450653076172,-7.173543453216553,-1.777048945426941,-0.1564868837594986,-6.975952625274658,-5.732064247131348,-2.1980574131011963,-4.921971797943115,-4.678295135498047,-0.951163411140442,-5.474706172943115,0.7257152795791626,4.634470462799072,-8.915635108947754,4.779096603393555,-0.6061368584632874,-1.812476634979248,7.074501037597656,-9.668307304382324,-10.232888221740724,16.395492553710938,-0.2715768218040466,6.0724945068359375,-1.7791342735290527,5.858203411102295,-2.8229820728302,-4.846739768981934,14.549863815307615,-2.101724147796631,12.142520904541016,-2.379434823989868,15.605968475341797,7.354740142822266,-2.82426118850708,-1.6312994956970217,-2.8457367420196533,-4.330169677734375,-5.737618446350098,0.466445118188858,0.1175481379032135,-6.2605156898498535,-0.4069864749908447,0.931344747543335,-0.3009451925754547,-3.177112102508545,-17.731422424316406,-1.5744528770446775,1.249785542488098,2.78391695022583,0.3707801401615143,5.209419250488281,0.9149034023284912,4.0029778480529785,0.2956087291240692,15.464567184448242,8.941338539123535,11.155940055847168,-1.485405206680298,15.750192642211914,-2.734365463256836,12.550366401672363,-11.910171508789062,3.681692361831665,-6.56493616104126,4.03026008605957,6.517628192901611,-6.302150726318359,6.7170000076293945,4.589572429656982,-11.740504264831545,-5.798699378967285,2.8854331970214844,3.8210198879241934,-6.880262851715088,-3.644719362258911,-3.85964560508728,4.803798675537109,-8.075725555419922,3.684123754501343,0.6466706395149231,-4.601186752319336,-16.697038650512695,-1.0106005668640137,-9.433123588562012,-3.1625537872314453,-1.5065877437591553,-5.166065692901611,12.800094604492188,8.229677200317383,-6.340570449829102,8.548941612243652,0.1770324856042862,-5.462995529174805,9.186925888061523,-16.202577590942383,-9.368895530700684,-3.9000186920166016,0.3917721807956695,-22.728256225585938,7.719025611877441,5.786406993865967,-2.1304266452789307,-14.99195671081543,4.398141384124756,4.277896881103516,-9.706194877624512,12.614017486572266,-12.566251754760742,1.4102354049682615,5.72763204574585,0.5721997022628784,10.49314022064209,2.758882522583008,-10.84603786468506,-6.868613243103027,7.049234390258789,1.703803539276123,-9.855470657348633,-0.6393142938613892,6.660402774810791,-6.899722099304199,-1.4955415725708008,-1.5171570777893066,-6.795504093170166,-3.892828702926636,0.4177550077438354,-2.932259321212769,3.835127115249634,-9.245771408081056,-9.159369468688965,-11.561112403869627,-11.552206993103027,-3.3996469974517822,7.875122547149658,-1.4306670427322388,-2.626563787460327,-7.5348381996154785,0.1025500297546386,0.3672899007797241,17.19577407836914,5.619854927062988,-1.454436182975769,-13.968530654907228,-8.382771492004395,-10.407363891601562,-5.076117992401123,-16.01445960998535,0.3681724667549133,-1.0,0.4771212547196624
OXYR_HUMAN,CHEMBL3353937,CCC(C)C1NC(=O)C(Cc2ccc(OC)cc2)NC(=O)CCCSCC(C(=O)NCC(=O)NC(CC(C)C)C(=O)NCC(N)=O)NC(=O)C(CC(N)=O)NC(=O)C(CCC(N)=O)NC1=O,0,0,0,0,0,0,0,0,0,0,0,0,0,0,0,0,0,0,0,0,0,0,0,0,0,0,0,0,0,0,0,0,0,0,0,0,0,0,0,0,0,0,0,0,0,0,0,0,0,0,0,0,0,0,0,0,0,0,0,0,0,0,0,0,0,0,0,0,0,0,0,0,0,0,0,0,0,0,0,0,0,0,0,0,0,0,0,0,0,0,0,0,0,0,0,0,0,0,0,0,0,0,0,0,0,0,0,0,0,0,0,0,0,0,0,0,0,0,0,0,0,0,0,0,0,0,0,0,0,0,0,0,0,0,0,0,0,0,0,0,0,0,0,0,0,0,0,0,0,0,0,0,0,0,0,0,0,0,0,0,0,0,0,0,0,0,0,0,0,0,0,0,0,0,0,0,0,0,0,0,0,0,0,0,0,2,4,1,2,2,2,2,3,2,3,2,4,2,2,3,2,0,0,0,0,0,0,0,0,0,0,0,0,0,0,0,0,3,2,2,1,0,0,0,0,0,0,0,0,0,0,0,0,0,0,0,0,0,1,1,2,4,1,3,0,0,0,0,0,0,0,0,0,0,0,5,3,0,0,0,0,0,0,0,0,0,0,0,0,0,0,0,0,0,0,0,0,0,0,0,0,0,0,0,0,0,0,0,0,0,0,0,0,0,0,0,0,0,0,0,0,0,0,0,0,0,0,0,0,0,0,0,0,0,0,0,0,0,0,0,0,0,0,0,0,0,0,0,0,0,0,0,0,0,0,0,0,0,0,0,0,0,0,0,0,0,0,0,0,0,0,0,0,0,0,0,0,0,0,0,0,0,0,0,0,0,0,0,0,0,0,0,0,0,0,0,0,0,0,0,0,0,0,0,0,0,0,0,0,0,0,0,0,0,0,0,0,0,0,0,0,0,0,0,0,0,0,0,0,0,0,0,0,0,0,0,0,0,0,0,0,0,0,0,0,0,0,0,0,0,0,0,0,2,1,1,1,5,5,3,0,0,0,0,0,0,0,0,0,0,0,0,0,0,0,0,0,0,0,0,0,0,0,0,0,0,0,0,0,0,0,0,0,0,0,0,0,0,0,0,0,0,0,0,0,0,0,0,0,0,0,0,0,0,0,0,0,0,0,0,0,0,0,0,0,0,0,0,0,0,0,0,0,0,0,0,0,0,0,0,0,0,0,0,0,0,0,0,0,0,0,0,0,0,0,0,0,0,0,0,0,0,0,0,0,0,0,0,0,0,0,0,0,0,0,0,0,0,0,0,0,0,0,0,0,0,0,0,0,0,0,0,0,0,0,0,0,0,0,0,0,0,0,0,0,0,0,0,0,4,2,2,2,5,2,4,2,0,0,0,0,0,0,0,0,0,0,0,0,0,0,0,0,0,2,2,2,1,2,0,2,2,0,0,0,0,0,0,0,0,0,0,0,2,2,2,2,3,1,3,2,1,0,0,0,0,0,0,2,2,2,2,2,0,0,5,0,0,0,0,3,3,0,0,0,0,0,0,0,0,0,0,0,5,3,5,5,0,0,0,0,0,3,0,0,0,0,0,0,0,5,2,2,2,2,2,5,0,0,0,0,0,0,0,0,0,0,0,0,0,0,0,5,2,3,0,2,2,4,0,0,0,0,0,0,0,0,0,0,0,0,0,0,0,0,0,0,0,0,0,0,0,0,0,0,0,0,0,0,0,0,2,2,2,2,2,2,3,2,2,0,0,0,0,0,0,0,0,0,0,0,0,0,0,0,0,0,0,0,0,0,0,0,0,1,3,2,2,0,0,0,0,0,0,0,0,0,0,0,0,0,0,0,0,0,0,0,0,0,0,0,0,0,0,0,0,0,2,4,2,3,2,5,2,2,1,0,1,4,2,0,0,0,0,0,2,1,0,0,0,0,0,0,0,0,0,0,0,0,0,0,0,0,0,0,0,0,0,0,0,0,0,0,0,0,0,0,0,0,0,0,0,0,0,0,0,0,0,0,0,0,0,0,0,5,0,2,2,5,0,2,2,3,2,2,1,2,2,2,0,0,0,3,3,2,2,0,0,0,0,0,0,0,0,0,0,0,0,2,2,0,0,0,0,0,0,0,0,0,0,0,0,0,0,0,0,0,0,0,0,0,0,0,0,0,0,0,0,0,0,0,2,2,3,2,4,5,0,0,0,0,0,0,0,0,0,0,0,0,0,0,0,0,0,0,0,0,0,0,0,0,0,0,0,0,0,0,0,0,0,0,1,0,0,0,0,0,0,0,0,0,0,0,0,0,0,0,0,0,0,0,0,0,0,0,0,0,0,2,2,0,0,0,0,0,0,2,0,1,3,1,2,0,0,0,0,0,0,0,0,0,0,0,0,0,0,0,0,0,0,0,0,0,0,0,0,0,0,0,0,5,3,0,0,0,0,2,5,5,0,0,5,3,0,0,0,0,0,0,0,0,0,0,0,0,0,0,0,4,5,0,0,0,0,2,2,2,0,0,0,0,2,2,3,2,2,0,0,0,1,1,2,2,2,3,0,0,2,1,3,2,5,0,0,0,0,0,0,0,0,0,0,0,0,2,2,3,0,0,0,0,0,0,0,0,0,0,0,0,0,0,0,0,0,0,0,0,0,0,0,0,0,0,0,0,0,0,0,0,0,0,0,0,0,0,0,2,5,0,0,0,0,4,0,0,0,0,0,0,0,0,0,0,0,0,0,0,0,0,0,0,0,0,0,0,0,0,0,0,0,0,0,0,0,0,0,0,0,0,0,0,0,0,0,0,0,0,0,0,0,0,0,0,0,0,0,0,0,0,0,0,0,0,0,0,0,0,0,0,0,0,0,0,0,0,0,0,0,0,0,0,0,0,0,0,0,0,0,0,0,0,0,0,0,0,0,2,2,0,0,4,1,2,2,4,0,0,0,0,0,1,2,2,2,0,0,0,0,0,0,0,0,0,0,0,0,0,0,0,0,0,0,0,0,0,0,0,0,0,0,0,0,0,0,0,0,0,0,0,0,0,0,0,0,0,0,0,2,2,0,0,0,0,0,0,0,0,0,0,0,0,0,0,0,0,3,1,2,1,1,0,0,0,0,5,0,0,0,0,0,0,0,2,2,0,0,0,0,0,0,0,0,2,3,2,2,0,0,0,3,2,2,2,2,0,2,2,1,2,2,0,2,2,0,0,0,0,0,0,0,0,0,0,0,0,0,0,0,0,0,0,2,2,1,0,0,0,0,0,0,0,0,0,0,0,0,0,0,0,0,2,1,2,2,3,2,0,0,0,0,0,0,0,5,2,0,0,0,0,0,0,0,0,0,0,0,0,0,0,0,0,2,3,0,0,0,0,0,0,0,0,0,0,0,0,0,0,0,0,0,0,0,0,0,0,0,0,0,0,0,0,0,0,0,0,0,0,0,0,0,0,0,0,0,0,0,3,2,5,2,0,0,0,0,0,0,0,0,0,0,0,0,0,0,0,0,0,0,0,0,0,0,0,0,0,0,0,0,0,0,0,0,0,0,0,0,0,0,0,0,0,0,0,0,0,0,0,0,0,0,0,0,0,0,0,0,0,0,0,0,0,0,0,0,0,0,0,0,0,0,0,0,0,0,0,0,0,0,0,0,0,0,0,0,0,0,0,0,0,0,0,0,0,0,0,0,0,0,0,0,0,0,0,0,0,0,0,0,0,0,0,0,0,0,0,0,0,0,0,0,0,0,0,0,0,0,0,0,0,0,0,0,0,0,0,0,0,0,0,5,3,2,2,2,2,2,2,4,2,1,4,1,2,2,2,1,4,1,1,5,2,2,2,2,5,2,3,3,2,5,2,2,3,5,0,0,0,0,0,0,0,0,0,0,0,0,0,0,0,0,0,0,0,0,0,0,0,2,5,2,5,3,2,0,0,0,0,0,0,0,0,5,0,0,0,2,3,2,2,2,2,0,0,0,0,0,2,2,2,2,2,0,0,0,1,2,3,1,2,2,2,0,0,0,0,0,2,3,2,2,3,2,2,4,2,0,0,0,0,0,0,0,0,3,2,1,5,4,2,0,0,0,0,3,0,0,0,0,0,0,0,0,0,0,0,0,0,0,0,0,0,2,0,0,2,0,0,0,0,0,0,0,0,0,0,0,0,0,0,0,0,0,0,0,0,0,0,0,0,0,0,0,0,0,0,0,0,0,0,0,0,0,0,0,0,0,0,0,0,0,0,0,0,0,0,0,0,0,0,0,0,0,0,0,0,0,0,0,0,0,0,0,0,0,0,0,0,0,0,0,0,0,2,2,0,2,0,0,0,0,0,2,2,2,0,2,3,2,3,3,1,1,3,1,2,2,0,0,0,0,0,0,0,2,2,2,2,3,1,5,2,2,5,0,4,2,0,0,0,0,2,3,5,2,0,0,0,0,0,0,0,0,0,0,0,0,0,0,0,0,0,0,0,0,0,0,0,0,0,0,0,0,0,0,0,0,0,0,0,0,0,0,0,0,0,0,0,0,0,0,0,0,0,0,0,0,0,0,0,0,0,0,0,0,0,0,0,0,0,0,0,0,0,0,0,0,0,0,0,0,0,0,0,0,0,0,0,0,0,0,0,0,0,0,0,0,0,0,0,0,2,1,1,3,2,3,2,2,5,1,5,5,2,1,4,3,0,0,0,0,0,0,0,0,0,0,0,0,0,0,0,0,0,0,0,0,0,0,0,0,0,0,0,0,0,0,0,0,0,0,0,0,0,0,0,0,0,0,0,0,0,0,0,0,0,0,0,0,0,0,0,0,0,0,0,0,0,0,0,0,0,0,0,0,0,0,0,0,0,0,0,0,0,0,0,0,0,0,0,0,0,0,0,0,0,0,0,0,0,0,0,0,0,0,0,0,0,0,0,0,0,0,0,0,0,0,0,0,0,0,0,0,0,0,0,0,0,0,0,0,0,0,0,0,0,0,0,0,0,0,0,0,0,0,0,0,0,0,0,0,0,0,0,0,0,0,0,0,0,0,0,0,0,0,0,0,0,0,0,0,0,0,0,0,0,0,0,0,0,0,0,0,0,0,0,0,0,0,0,0,0,0,0,0,0,0,0,0,0,0,0,0,0,0,0,0,0,0,0,0,0,0,0,0,0,0,0,0,0,0,0,0,0,0,0,0,0,0,0,0,0,0,0,0,0,0,0,0,0,0,0,0,0,0,0,0,0,0,0,0,0,0,0,0,0,0,0,0,0,0,0,0,0,0,0,0,0,0,0,0,0,0,0,0,0,0,0,0,0,0,0,0,0,0,0,0,0,0,0,0,3,2,3,5,5,3,3,3,3,3,2,2,2,3,5,5,3,0,0,0,0,0,0,0,0,0,0,0,0,0,0,0,0,0,0,0,0,0,0,0,0,0,0,0,0,0,0,0,0,0,0,0,0,0,0,0,0,0,0,0,0,0,0,0,0,0,0,0,0,0,0,0,0,0,0,0,0,0,0,0,0,0,0,0,0,0,0,0,0,0,0,0,0,0,0,0,0,0,0,0,0,0,0,0,0,0,0,0,0,0,0,0,0,0,0,0,0,0,0,0,0,0,0,0,0,0,0,0,0,0,0,0,0,0,0,0,0,0,0,0,0,0,0,0,0,0,3,3,3,5,3,1,3,3,1,3,3,2,0,0,0,0,0,0,0,0,0,0,0,0,0,0,0,0,0,0,0,0,0,0,0,0,0,0,0,0,0,0,0,0,0,0,0,0,0,0,0,0,0,0,0,0,0,0,0,0,0,0,0,0,0,0,0,0,0.3504413664340973,-6.437425136566162,-4.984208106994629,6.660125732421875,4.974176406860352,-17.661149978637695,-27.657066345214844,-6.656030178070068,25.3179874420166,-4.182342529296875,3.137601613998413,21.55918884277344,-1.2298494577407837,12.805205345153809,-30.741119384765625,-0.3183817565441131,22.752094268798828,-27.933595657348636,-26.676240921020508,33.85655212402344,6.9569091796875,16.772537231445312,54.11320495605469,14.706619262695312,-17.64225196838379,6.684184551239014,-15.202945709228516,-36.77922439575195,2.3570337295532227,-12.8745756149292,18.686458587646484,-10.09970474243164,-14.28073501586914,0.0696688443422317,-2.7161922454833984,8.654264450073242,2.8464009761810303,-2.68867301940918,20.28013801574707,20.453569412231445,3.9615848064422607,1.975213885307312,-4.23004961013794,-10.522846221923828,-24.384191513061523,17.864456176757812,11.430408477783203,37.81703567504883,-9.681235313415527,1.9024674892425537,9.967947959899902,-25.493457794189453,-0.8607842922210693,-19.442413330078125,-31.495868682861328,-22.408504486083984,-13.757177352905272,11.64367389678955,4.906754970550537,7.544435024261475,0.8034312725067139,-15.90712547302246,-16.534162521362305,11.62623405456543,-41.32079315185547,3.048619508743286,19.14993667602539,8.920380592346191,-16.534494400024414,-1.8815184831619265,-7.278802871704102,11.85582447052002,13.58192253112793,-30.0474796295166,-1.369051456451416,5.868476867675781,-27.0351619720459,1.4370852708816528,7.941583156585693,1.0349801778793335,19.23752784729004,0.2609046101570129,-8.80166244506836,-36.3848762512207,18.09930419921875,-10.39057159423828,-11.21991729736328,2.480355978012085,7.115622043609619,-1.5201627016067505,8.487449645996094,13.266514778137209,15.064615249633787,6.763580799102783,5.812802314758301,-2.634484052658081,21.070756912231445,9.122817993164062,18.67377281188965,-6.171647548675537,-8.261988639831543,-18.684833526611328,-23.47388458251953,-13.246587753295898,11.730112075805664,-28.78172874450684,-16.33126449584961,12.08028507232666,8.236413955688477,-18.16716957092285,-18.98527717590332,15.325429916381836,10.997962951660156,-13.852063179016112,-2.685662746429444,-8.2484712600708,18.741586685180664,21.447193145751957,-2.7095773220062256,7.439759254455566,-14.00784683227539,14.526779174804688,-0.5788171291351318,31.04361724853516,0.2704021334648132,-33.22648620605469,-27.5559024810791,4.416650295257568,-14.187381744384766,1.0164542198181152,2.1295032501220703,-5.109483242034912,12.041627883911133,40.48368453979492,5.928306579589844,30.203691482543945,-1.635474443435669,-7.880592346191406,18.926212310791016,-12.889636993408203,24.77699279785156,-0.6145617365837097,-9.257905006408691,-4.335226535797119,15.015629768371582,5.022704124450684,5.841843605041504,6.9251790046691895,13.914061546325684,33.2388801574707,-3.901176452636719,15.87538719177246,15.231203079223633,-22.604345321655277,-5.344611644744873,0.3326404094696045,-16.834604263305664,-5.229510307312012,0.5922120809555054,-18.512596130371094,6.285160541534424,13.77066707611084,-10.500301361083984,6.692375659942627,16.394874572753906,-23.952442169189453,11.68224811553955,-7.677741050720215,2.76534104347229,17.67447280883789,-14.403703689575195,-20.92279052734375,34.1945915222168,-4.504028797149658,11.64523220062256,-1.7810354232788086,12.641690254211426,-3.791741609573364,-12.644128799438477,19.63886070251465,-13.70793342590332,22.557043075561523,-0.5803499221801758,29.014545440673828,9.746047019958496,-11.045049667358398,3.665127515792847,3.9004523754119873,-6.09959888458252,-18.01182746887207,2.635239601135254,-7.69591474533081,-17.29914093017578,3.9792327880859375,11.259034156799316,8.036907196044922,-0.4271505773067474,-24.7062931060791,-8.217046737670898,-10.96688175201416,0.1143887042999267,-6.03604793548584,10.05455493927002,-7.224974155426025,-3.5369014739990234,-3.513509511947632,30.696239471435547,27.058565139770508,25.80118179321289,-14.76024055480957,30.49136734008789,0.2128117382526397,33.2384033203125,-12.571004867553713,14.081986427307127,-0.6236811876296997,14.145665168762209,9.684714317321776,-9.820899963378906,13.654288291931152,12.270682334899902,-19.467687606811523,-8.619507789611816,0.0944805145263671,7.405573844909668,-12.880156517028809,-3.4312567710876465,0.5121612548828125,14.11403751373291,-26.54617500305176,6.011430740356445,-5.408468246459961,-21.00470733642578,-22.922935485839844,5.097309112548828,-24.563207626342773,-6.509660720825195,-8.247855186462402,-8.519752502441406,28.541587829589844,16.391599655151367,-26.11849594116211,17.769908905029297,-7.0555853843688965,-2.9606454372406006,21.982257843017575,-41.92132186889648,-13.498994827270508,1.8027983903884888,9.780945777893066,-44.65542602539063,9.847973823547363,10.044822692871094,-6.57306432723999,-21.99885368347168,17.17842674255371,4.345440864562988,-16.91978645324707,30.51450538635254,-25.176294326782227,-9.233250617980955,9.553655624389648,2.270834922790528,17.171274185180664,-5.501742839813232,-22.14332389831543,-9.96458339691162,3.089622735977173,6.537033557891846,-19.86940574645996,1.7553157806396484,10.801444053649902,-14.37712574005127,4.604057312011719,0.0353942364454269,-20.093305587768555,-9.439166069030762,-10.010019302368164,-10.171836853027344,19.22148704528809,-14.207741737365724,-17.624452590942383,-24.763954162597656,-13.699594497680664,-9.862760543823242,12.639361381530762,2.778343915939331,-3.064204216003418,-11.888035774230955,-9.160582542419434,8.192691802978516,29.76736640930176,11.313175201416016,10.625256538391112,-26.242753982543945,-18.372100830078125,-12.932735443115234,-22.326190948486328,-40.35224151611328,-2.6546356678009038,1.0,-0.3979400086720375
OXYR_HUMAN,CHEMBL2113210,CCCCOc1ccc(S(=O)(=O)N(CC(=O)NNC2=c3ccccc3=NC2=O)c2ccc(Cl)cc2)cc1,0,0,0,0,0,0,0,0,0,0,0,0,0,0,0,0,0,0,0,0,0,0,0,0,0,0,0,0,0,0,0,0,0,0,0,0,0,0,0,0,0,0,0,0,0,0,0,0,0,0,0,0,0,0,0,0,0,0,0,0,0,0,0,0,0,0,0,0,0,0,0,0,0,0,0,0,0,0,0,0,0,0,0,0,0,0,0,0,0,0,0,0,0,0,0,0,0,0,0,0,0,0,0,0,0,0,0,0,0,0,0,0,0,0,0,0,0,0,0,0,0,0,0,0,0,0,0,0,0,0,0,0,0,0,0,0,0,0,0,0,0,0,0,0,0,0,0,0,0,0,0,0,0,0,0,0,0,0,0,0,0,0,0,0,0,0,0,0,0,0,0,0,0,0,0,0,0,0,0,0,0,0,0,0,0,2,4,1,2,2,2,2,3,2,3,2,4,2,2,3,2,0,0,0,0,0,0,0,0,0,0,0,0,0,0,0,0,3,2,2,1,0,0,0,0,0,0,0,0,0,0,0,0,0,0,0,0,0,1,1,2,4,1,3,0,0,0,0,0,0,0,0,0,0,0,5,3,0,0,0,0,0,0,0,0,0,0,0,0,0,0,0,0,0,0,0,0,0,0,0,0,0,0,0,0,0,0,0,0,0,0,0,0,0,0,0,0,0,0,0,0,0,0,0,0,0,0,0,0,0,0,0,0,0,0,0,0,0,0,0,0,0,0,0,0,0,0,0,0,0,0,0,0,0,0,0,0,0,0,0,0,0,0,0,0,0,0,0,0,0,0,0,0,0,0,0,0,0,0,0,0,0,0,0,0,0,0,0,0,0,0,0,0,0,0,0,0,0,0,0,0,0,0,0,0,0,0,0,0,0,0,0,0,0,0,0,0,0,0,0,0,0,0,0,0,0,0,0,0,0,0,0,0,0,0,0,0,0,0,0,0,0,0,0,0,0,0,0,0,0,0,0,0,2,1,1,1,5,5,3,0,0,0,0,0,0,0,0,0,0,0,0,0,0,0,0,0,0,0,0,0,0,0,0,0,0,0,0,0,0,0,0,0,0,0,0,0,0,0,0,0,0,0,0,0,0,0,0,0,0,0,0,0,0,0,0,0,0,0,0,0,0,0,0,0,0,0,0,0,0,0,0,0,0,0,0,0,0,0,0,0,0,0,0,0,0,0,0,0,0,0,0,0,0,0,0,0,0,0,0,0,0,0,0,0,0,0,0,0,0,0,0,0,0,0,0,0,0,0,0,0,0,0,0,0,0,0,0,0,0,0,0,0,0,0,0,0,0,0,0,0,0,0,0,0,0,0,0,0,4,2,2,2,5,2,4,2,0,0,0,0,0,0,0,0,0,0,0,0,0,0,0,0,0,2,2,2,1,2,0,2,2,0,0,0,0,0,0,0,0,0,0,0,2,2,2,2,3,1,3,2,1,0,0,0,0,0,0,2,2,2,2,2,0,0,5,0,0,0,0,3,3,0,0,0,0,0,0,0,0,0,0,0,5,3,5,5,0,0,0,0,0,3,0,0,0,0,0,0,0,5,2,2,2,2,2,5,0,0,0,0,0,0,0,0,0,0,0,0,0,0,0,5,2,3,0,2,2,4,0,0,0,0,0,0,0,0,0,0,0,0,0,0,0,0,0,0,0,0,0,0,0,0,0,0,0,0,0,0,0,0,2,2,2,2,2,2,3,2,2,0,0,0,0,0,0,0,0,0,0,0,0,0,0,0,0,0,0,0,0,0,0,0,0,1,3,2,2,0,0,0,0,0,0,0,0,0,0,0,0,0,0,0,0,0,0,0,0,0,0,0,0,0,0,0,0,0,2,4,2,3,2,5,2,2,1,0,1,4,2,0,0,0,0,0,2,1,0,0,0,0,0,0,0,0,0,0,0,0,0,0,0,0,0,0,0,0,0,0,0,0,0,0,0,0,0,0,0,0,0,0,0,0,0,0,0,0,0,0,0,0,0,0,0,5,0,2,2,5,0,2,2,3,2,2,1,2,2,2,0,0,0,3,3,2,2,0,0,0,0,0,0,0,0,0,0,0,0,2,2,0,0,0,0,0,0,0,0,0,0,0,0,0,0,0,0,0,0,0,0,0,0,0,0,0,0,0,0,0,0,0,2,2,3,2,4,5,0,0,0,0,0,0,0,0,0,0,0,0,0,0,0,0,0,0,0,0,0,0,0,0,0,0,0,0,0,0,0,0,0,0,1,0,0,0,0,0,0,0,0,0,0,0,0,0,0,0,0,0,0,0,0,0,0,0,0,0,0,2,2,0,0,0,0,0,0,2,0,1,3,1,2,0,0,0,0,0,0,0,0,0,0,0,0,0,0,0,0,0,0,0,0,0,0,0,0,0,0,0,0,5,3,0,0,0,0,2,5,5,0,0,5,3,0,0,0,0,0,0,0,0,0,0,0,0,0,0,0,4,5,0,0,0,0,2,2,2,0,0,0,0,2,2,3,2,2,0,0,0,1,1,2,2,2,3,0,0,2,1,3,2,5,0,0,0,0,0,0,0,0,0,0,0,0,2,2,3,0,0,0,0,0,0,0,0,0,0,0,0,0,0,0,0,0,0,0,0,0,0,0,0,0,0,0,0,0,0,0,0,0,0,0,0,0,0,0,2,5,0,0,0,0,4,0,0,0,0,0,0,0,0,0,0,0,0,0,0,0,0,0,0,0,0,0,0,0,0,0,0,0,0,0,0,0,0,0,0,0,0,0,0,0,0,0,0,0,0,0,0,0,0,0,0,0,0,0,0,0,0,0,0,0,0,0,0,0,0,0,0,0,0,0,0,0,0,0,0,0,0,0,0,0,0,0,0,0,0,0,0,0,0,0,0,0,0,0,2,2,0,0,4,1,2,2,4,0,0,0,0,0,1,2,2,2,0,0,0,0,0,0,0,0,0,0,0,0,0,0,0,0,0,0,0,0,0,0,0,0,0,0,0,0,0,0,0,0,0,0,0,0,0,0,0,0,0,0,0,2,2,0,0,0,0,0,0,0,0,0,0,0,0,0,0,0,0,3,1,2,1,1,0,0,0,0,5,0,0,0,0,0,0,0,2,2,0,0,0,0,0,0,0,0,2,3,2,2,0,0,0,3,2,2,2,2,0,2,2,1,2,2,0,2,2,0,0,0,0,0,0,0,0,0,0,0,0,0,0,0,0,0,0,2,2,1,0,0,0,0,0,0,0,0,0,0,0,0,0,0,0,0,2,1,2,2,3,2,0,0,0,0,0,0,0,5,2,0,0,0,0,0,0,0,0,0,0,0,0,0,0,0,0,2,3,0,0,0,0,0,0,0,0,0,0,0,0,0,0,0,0,0,0,0,0,0,0,0,0,0,0,0,0,0,0,0,0,0,0,0,0,0,0,0,0,0,0,0,3,2,5,2,0,0,0,0,0,0,0,0,0,0,0,0,0,0,0,0,0,0,0,0,0,0,0,0,0,0,0,0,0,0,0,0,0,0,0,0,0,0,0,0,0,0,0,0,0,0,0,0,0,0,0,0,0,0,0,0,0,0,0,0,0,0,0,0,0,0,0,0,0,0,0,0,0,0,0,0,0,0,0,0,0,0,0,0,0,0,0,0,0,0,0,0,0,0,0,0,0,0,0,0,0,0,0,0,0,0,0,0,0,0,0,0,0,0,0,0,0,0,0,0,0,0,0,0,0,0,0,0,0,0,0,0,0,0,0,0,0,0,0,5,3,2,2,2,2,2,2,4,2,1,4,1,2,2,2,1,4,1,1,5,2,2,2,2,5,2,3,3,2,5,2,2,3,5,0,0,0,0,0,0,0,0,0,0,0,0,0,0,0,0,0,0,0,0,0,0,0,2,5,2,5,3,2,0,0,0,0,0,0,0,0,5,0,0,0,2,3,2,2,2,2,0,0,0,0,0,2,2,2,2,2,0,0,0,1,2,3,1,2,2,2,0,0,0,0,0,2,3,2,2,3,2,2,4,2,0,0,0,0,0,0,0,0,3,2,1,5,4,2,0,0,0,0,3,0,0,0,0,0,0,0,0,0,0,0,0,0,0,0,0,0,2,0,0,2,0,0,0,0,0,0,0,0,0,0,0,0,0,0,0,0,0,0,0,0,0,0,0,0,0,0,0,0,0,0,0,0,0,0,0,0,0,0,0,0,0,0,0,0,0,0,0,0,0,0,0,0,0,0,0,0,0,0,0,0,0,0,0,0,0,0,0,0,0,0,0,0,0,0,0,0,0,2,2,0,2,0,0,0,0,0,2,2,2,0,2,3,2,3,3,1,1,3,1,2,2,0,0,0,0,0,0,0,2,2,2,2,3,1,5,2,2,5,0,4,2,0,0,0,0,2,3,5,2,0,0,0,0,0,0,0,0,0,0,0,0,0,0,0,0,0,0,0,0,0,0,0,0,0,0,0,0,0,0,0,0,0,0,0,0,0,0,0,0,0,0,0,0,0,0,0,0,0,0,0,0,0,0,0,0,0,0,0,0,0,0,0,0,0,0,0,0,0,0,0,0,0,0,0,0,0,0,0,0,0,0,0,0,0,0,0,0,0,0,0,0,0,0,0,0,2,1,1,3,2,3,2,2,5,1,5,5,2,1,4,3,0,0,0,0,0,0,0,0,0,0,0,0,0,0,0,0,0,0,0,0,0,0,0,0,0,0,0,0,0,0,0,0,0,0,0,0,0,0,0,0,0,0,0,0,0,0,0,0,0,0,0,0,0,0,0,0,0,0,0,0,0,0,0,0,0,0,0,0,0,0,0,0,0,0,0,0,0,0,0,0,0,0,0,0,0,0,0,0,0,0,0,0,0,0,0,0,0,0,0,0,0,0,0,0,0,0,0,0,0,0,0,0,0,0,0,0,0,0,0,0,0,0,0,0,0,0,0,0,0,0,0,0,0,0,0,0,0,0,0,0,0,0,0,0,0,0,0,0,0,0,0,0,0,0,0,0,0,0,0,0,0,0,0,0,0,0,0,0,0,0,0,0,0,0,0,0,0,0,0,0,0,0,0,0,0,0,0,0,0,0,0,0,0,0,0,0,0,0,0,0,0,0,0,0,0,0,0,0,0,0,0,0,0,0,0,0,0,0,0,0,0,0,0,0,0,0,0,0,0,0,0,0,0,0,0,0,0,0,0,0,0,0,0,0,0,0,0,0,0,0,0,0,0,0,0,0,0,0,0,0,0,0,0,0,0,0,0,0,0,0,0,0,0,0,0,0,0,0,0,0,0,0,0,0,3,2,3,5,5,3,3,3,3,3,2,2,2,3,5,5,3,0,0,0,0,0,0,0,0,0,0,0,0,0,0,0,0,0,0,0,0,0,0,0,0,0,0,0,0,0,0,0,0,0,0,0,0,0,0,0,0,0,0,0,0,0,0,0,0,0,0,0,0,0,0,0,0,0,0,0,0,0,0,0,0,0,0,0,0,0,0,0,0,0,0,0,0,0,0,0,0,0,0,0,0,0,0,0,0,0,0,0,0,0,0,0,0,0,0,0,0,0,0,0,0,0,0,0,0,0,0,0,0,0,0,0,0,0,0,0,0,0,0,0,0,0,0,0,0,0,3,3,3,5,3,1,3,3,1,3,3,2,0,0,0,0,0,0,0,0,0,0,0,0,0,0,0,0,0,0,0,0,0,0,0,0,0,0,0,0,0,0,0,0,0,0,0,0,0,0,0,0,0,0,0,0,0,0,0,0,0,0,0,0,0,0,0,0,1.0375195741653442,-4.816190719604492,-5.767995834350586,8.534132957458496,2.6284358501434326,0.392941415309906,-17.465553283691406,-0.6039079427719116,13.580697059631348,6.524949073791504,-6.536014556884766,1.2734792232513428,-14.065131187438965,2.029106378555298,-7.920895099639893,0.7709066271781921,4.891287326812744,-6.717675685882568,-7.211271286010742,10.04804515838623,-1.3244751691818235,7.809368133544922,22.85122299194336,9.740132331848145,-13.445499420166016,-1.6999224424362185,0.4158530831336975,-13.224604606628418,3.342627048492432,-0.0656415820121765,15.875043869018556,-9.58867359161377,-3.492622375488281,-8.949501991271973,3.5968217849731445,-0.0412422344088554,1.354777216911316,2.369545221328736,10.579861640930176,5.66416597366333,-0.0792471021413803,-1.5348029136657717,-8.574881553649902,-0.9356175065040588,-14.511767387390137,4.463515281677246,0.4914221465587616,11.705192565917969,-9.380611419677734,2.9129393100738525,6.754730701446533,-10.093572616577148,-6.67584753036499,-10.237918853759766,-9.148247718811035,-7.913177013397217,-2.853301763534546,1.1487929821014404,6.43508243560791,3.3537468910217285,-1.6230800151824951,-9.901755332946776,-3.6030161380767822,5.919431209564209,-16.925033569335938,-0.95578134059906,12.703012466430664,2.9661498069763184,-4.24325704574585,2.910775899887085,-7.1304473876953125,2.026658773422241,8.282745361328125,-10.983986854553224,-3.8557674884796143,7.383163452148437,-7.963279724121094,5.179280281066895,-0.52354496717453,5.282074928283691,8.093690872192383,-2.6338119506835938,-9.396921157836914,-13.221301078796388,2.214992046356201,-0.3210784494876861,-8.851089477539062,7.366147994995117,4.506142616271973,-1.5720878839492798,5.426787376403809,4.139963626861572,3.337129831314087,12.523721694946287,2.735644578933716,-1.3420805931091309,3.818923950195313,2.2594728469848637,7.682531356811523,2.4666454792022705,-5.1431498527526855,-10.893898010253906,-7.810051918029785,-13.099679946899414,2.34439468383789,-9.67017936706543,-6.202375411987305,3.827565908432007,1.399733304977417,-9.65168285369873,-18.954252243041992,4.381917476654053,5.40629768371582,-1.5812311172485352,1.0527656078338623,-7.037443161010742,10.50249195098877,10.754785537719728,-3.581632375717163,6.928199291229248,-15.649835586547852,1.2868549823760986,-4.626489639282227,7.589290142059326,7.111530780792236,-10.468939781188965,-16.3463077545166,-1.615886926651001,-1.644084334373474,0.9617906808853148,-1.968376874923706,1.8286389112472532,11.485880851745604,18.536365509033203,-1.0726604461669922,16.823410034179688,14.432195663452148,1.1897238492965698,14.99973487854004,-4.028061866760254,12.3201322555542,-2.0807602405548096,-0.3160232007503509,2.262425422668457,15.02234935760498,9.8364839553833,3.585926055908203,2.1954479217529297,2.2318544387817383,12.349735260009766,9.061713218688965,5.220022201538086,10.059480667114258,-5.059797763824463,-2.7460203170776367,4.040824890136719,-7.806652069091797,-10.048152923583984,6.122929573059082,-10.20481014251709,-3.5045371055603027,-1.1416423320770264,-9.396930694580078,4.180497169494629,3.360286235809326,-9.038887977600098,1.6600430011749268,-5.883301734924316,1.2363836765289309,9.898991584777832,-9.453369140625,-3.4381747245788574,16.49631118774414,-6.654964923858643,-1.229905366897583,1.4759204387664795,6.928778648376465,-2.477264165878296,-9.005417823791504,14.169628143310549,-6.861842155456543,9.901721000671388,-1.940393328666687,10.693229675292969,11.642085075378418,-5.099957942962647,-1.7804436683654783,-1.0607653856277466,-10.280543327331545,-4.65011739730835,-1.7136127948760986,-1.432613492012024,-0.9651565551757812,-0.1728299856185913,3.0167129039764404,1.3847627639770508,-6.407270908355713,-12.219218254089355,-1.6186388731002808,-1.458653688430786,3.94254207611084,1.690556287765503,9.081263542175291,0.9802577495574952,3.9468085765838623,-4.228052616119385,17.027088165283203,7.431007385253906,13.208864212036133,-3.9011151790618896,18.078351974487305,-4.135509490966797,7.672900199890137,-4.948589324951172,4.47223711013794,4.91364860534668,4.101897239685059,4.642744064331055,-8.961135864257812,7.17963171005249,1.747301697731018,-11.071821212768556,-1.6622902154922483,1.3209800720214844,3.076375722885132,-3.954071283340454,-2.4421329498291016,3.99164080619812,11.58265209197998,-13.847661018371582,3.2810773849487305,-2.023327589035034,-11.042452812194824,-16.66193199157715,-4.279843330383301,-3.38538122177124,-3.2447750568389893,-2.851060152053833,-5.887499809265137,11.332181930541992,3.941598415374756,-0.901681661605835,3.997917652130127,0.2930641174316406,-4.759115695953369,4.943602085113525,-17.027963638305664,-9.523615837097168,-0.404446393251419,-9.146029472351074,-21.08258056640625,2.335897445678711,-2.5618200302124023,-0.647141695022583,-15.524169921875,0.7555146217346191,4.462850570678711,-14.479154586791992,11.295618057250977,-8.39248275756836,-5.448272228240967,8.43245792388916,5.771233081817627,15.023016929626465,3.2377078533172607,-7.058218955993652,-10.274370193481444,6.337696552276611,2.811624526977539,-10.23408317565918,-2.828836441040039,5.4667487144470215,-0.4696520566940307,5.904300212860107,-0.5857678651809692,-8.404998779296875,-1.665529727935791,-4.979513645172119,-1.4630608558654783,-1.738232135772705,-10.072321891784668,-6.461970806121826,-22.739654541015625,-9.088756561279297,0.4289291799068451,2.0605151653289795,1.4846577644348145,-1.8801608085632324,-9.256317138671877,-1.4780395030975342,-0.0846286863088607,15.071721076965332,16.728830337524414,3.0130035877227783,-12.589896202087402,-2.3759491443634038,-7.365515232086182,-5.179379463195801,-14.631447792053224,-4.883862495422363,-1.0,1.2552725051033058
OXYR_HUMAN,CHEMBL592495,COCc1nnc(N2CCC(Oc3ccccc3C)CC2)n1-c1ccc(OC)nc1,0,0,0,0,0,0,0,0,0,0,0,0,0,0,0,0,0,0,0,0,0,0,0,0,0,0,0,0,0,0,0,0,0,0,0,0,0,0,0,0,0,0,0,0,0,0,0,0,0,0,0,0,0,0,0,0,0,0,0,0,0,0,0,0,0,0,0,0,0,0,0,0,0,0,0,0,0,0,0,0,0,0,0,0,0,0,0,0,0,0,0,0,0,0,0,0,0,0,0,0,0,0,0,0,0,0,0,0,0,0,0,0,0,0,0,0,0,0,0,0,0,0,0,0,0,0,0,0,0,0,0,0,0,0,0,0,0,0,0,0,0,0,0,0,0,0,0,0,0,0,0,0,0,0,0,0,0,0,0,0,0,0,0,0,0,0,0,0,0,0,0,0,0,0,0,0,0,0,0,0,0,0,0,0,0,2,4,1,2,2,2,2,3,2,3,2,4,2,2,3,2,0,0,0,0,0,0,0,0,0,0,0,0,0,0,0,0,3,2,2,1,0,0,0,0,0,0,0,0,0,0,0,0,0,0,0,0,0,1,1,2,4,1,3,0,0,0,0,0,0,0,0,0,0,0,5,3,0,0,0,0,0,0,0,0,0,0,0,0,0,0,0,0,0,0,0,0,0,0,0,0,0,0,0,0,0,0,0,0,0,0,0,0,0,0,0,0,0,0,0,0,0,0,0,0,0,0,0,0,0,0,0,0,0,0,0,0,0,0,0,0,0,0,0,0,0,0,0,0,0,0,0,0,0,0,0,0,0,0,0,0,0,0,0,0,0,0,0,0,0,0,0,0,0,0,0,0,0,0,0,0,0,0,0,0,0,0,0,0,0,0,0,0,0,0,0,0,0,0,0,0,0,0,0,0,0,0,0,0,0,0,0,0,0,0,0,0,0,0,0,0,0,0,0,0,0,0,0,0,0,0,0,0,0,0,0,0,0,0,0,0,0,0,0,0,0,0,0,0,0,0,0,0,2,1,1,1,5,5,3,0,0,0,0,0,0,0,0,0,0,0,0,0,0,0,0,0,0,0,0,0,0,0,0,0,0,0,0,0,0,0,0,0,0,0,0,0,0,0,0,0,0,0,0,0,0,0,0,0,0,0,0,0,0,0,0,0,0,0,0,0,0,0,0,0,0,0,0,0,0,0,0,0,0,0,0,0,0,0,0,0,0,0,0,0,0,0,0,0,0,0,0,0,0,0,0,0,0,0,0,0,0,0,0,0,0,0,0,0,0,0,0,0,0,0,0,0,0,0,0,0,0,0,0,0,0,0,0,0,0,0,0,0,0,0,0,0,0,0,0,0,0,0,0,0,0,0,0,0,4,2,2,2,5,2,4,2,0,0,0,0,0,0,0,0,0,0,0,0,0,0,0,0,0,2,2,2,1,2,0,2,2,0,0,0,0,0,0,0,0,0,0,0,2,2,2,2,3,1,3,2,1,0,0,0,0,0,0,2,2,2,2,2,0,0,5,0,0,0,0,3,3,0,0,0,0,0,0,0,0,0,0,0,5,3,5,5,0,0,0,0,0,3,0,0,0,0,0,0,0,5,2,2,2,2,2,5,0,0,0,0,0,0,0,0,0,0,0,0,0,0,0,5,2,3,0,2,2,4,0,0,0,0,0,0,0,0,0,0,0,0,0,0,0,0,0,0,0,0,0,0,0,0,0,0,0,0,0,0,0,0,2,2,2,2,2,2,3,2,2,0,0,0,0,0,0,0,0,0,0,0,0,0,0,0,0,0,0,0,0,0,0,0,0,1,3,2,2,0,0,0,0,0,0,0,0,0,0,0,0,0,0,0,0,0,0,0,0,0,0,0,0,0,0,0,0,0,2,4,2,3,2,5,2,2,1,0,1,4,2,0,0,0,0,0,2,1,0,0,0,0,0,0,0,0,0,0,0,0,0,0,0,0,0,0,0,0,0,0,0,0,0,0,0,0,0,0,0,0,0,0,0,0,0,0,0,0,0,0,0,0,0,0,0,5,0,2,2,5,0,2,2,3,2,2,1,2,2,2,0,0,0,3,3,2,2,0,0,0,0,0,0,0,0,0,0,0,0,2,2,0,0,0,0,0,0,0,0,0,0,0,0,0,0,0,0,0,0,0,0,0,0,0,0,0,0,0,0,0,0,0,2,2,3,2,4,5,0,0,0,0,0,0,0,0,0,0,0,0,0,0,0,0,0,0,0,0,0,0,0,0,0,0,0,0,0,0,0,0,0,0,1,0,0,0,0,0,0,0,0,0,0,0,0,0,0,0,0,0,0,0,0,0,0,0,0,0,0,2,2,0,0,0,0,0,0,2,0,1,3,1,2,0,0,0,0,0,0,0,0,0,0,0,0,0,0,0,0,0,0,0,0,0,0,0,0,0,0,0,0,5,3,0,0,0,0,2,5,5,0,0,5,3,0,0,0,0,0,0,0,0,0,0,0,0,0,0,0,4,5,0,0,0,0,2,2,2,0,0,0,0,2,2,3,2,2,0,0,0,1,1,2,2,2,3,0,0,2,1,3,2,5,0,0,0,0,0,0,0,0,0,0,0,0,2,2,3,0,0,0,0,0,0,0,0,0,0,0,0,0,0,0,0,0,0,0,0,0,0,0,0,0,0,0,0,0,0,0,0,0,0,0,0,0,0,0,2,5,0,0,0,0,4,0,0,0,0,0,0,0,0,0,0,0,0,0,0,0,0,0,0,0,0,0,0,0,0,0,0,0,0,0,0,0,0,0,0,0,0,0,0,0,0,0,0,0,0,0,0,0,0,0,0,0,0,0,0,0,0,0,0,0,0,0,0,0,0,0,0,0,0,0,0,0,0,0,0,0,0,0,0,0,0,0,0,0,0,0,0,0,0,0,0,0,0,0,2,2,0,0,4,1,2,2,4,0,0,0,0,0,1,2,2,2,0,0,0,0,0,0,0,0,0,0,0,0,0,0,0,0,0,0,0,0,0,0,0,0,0,0,0,0,0,0,0,0,0,0,0,0,0,0,0,0,0,0,0,2,2,0,0,0,0,0,0,0,0,0,0,0,0,0,0,0,0,3,1,2,1,1,0,0,0,0,5,0,0,0,0,0,0,0,2,2,0,0,0,0,0,0,0,0,2,3,2,2,0,0,0,3,2,2,2,2,0,2,2,1,2,2,0,2,2,0,0,0,0,0,0,0,0,0,0,0,0,0,0,0,0,0,0,2,2,1,0,0,0,0,0,0,0,0,0,0,0,0,0,0,0,0,2,1,2,2,3,2,0,0,0,0,0,0,0,5,2,0,0,0,0,0,0,0,0,0,0,0,0,0,0,0,0,2,3,0,0,0,0,0,0,0,0,0,0,0,0,0,0,0,0,0,0,0,0,0,0,0,0,0,0,0,0,0,0,0,0,0,0,0,0,0,0,0,0,0,0,0,3,2,5,2,0,0,0,0,0,0,0,0,0,0,0,0,0,0,0,0,0,0,0,0,0,0,0,0,0,0,0,0,0,0,0,0,0,0,0,0,0,0,0,0,0,0,0,0,0,0,0,0,0,0,0,0,0,0,0,0,0,0,0,0,0,0,0,0,0,0,0,0,0,0,0,0,0,0,0,0,0,0,0,0,0,0,0,0,0,0,0,0,0,0,0,0,0,0,0,0,0,0,0,0,0,0,0,0,0,0,0,0,0,0,0,0,0,0,0,0,0,0,0,0,0,0,0,0,0,0,0,0,0,0,0,0,0,0,0,0,0,0,0,5,3,2,2,2,2,2,2,4,2,1,4,1,2,2,2,1,4,1,1,5,2,2,2,2,5,2,3,3,2,5,2,2,3,5,0,0,0,0,0,0,0,0,0,0,0,0,0,0,0,0,0,0,0,0,0,0,0,2,5,2,5,3,2,0,0,0,0,0,0,0,0,5,0,0,0,2,3,2,2,2,2,0,0,0,0,0,2,2,2,2,2,0,0,0,1,2,3,1,2,2,2,0,0,0,0,0,2,3,2,2,3,2,2,4,2,0,0,0,0,0,0,0,0,3,2,1,5,4,2,0,0,0,0,3,0,0,0,0,0,0,0,0,0,0,0,0,0,0,0,0,0,2,0,0,2,0,0,0,0,0,0,0,0,0,0,0,0,0,0,0,0,0,0,0,0,0,0,0,0,0,0,0,0,0,0,0,0,0,0,0,0,0,0,0,0,0,0,0,0,0,0,0,0,0,0,0,0,0,0,0,0,0,0,0,0,0,0,0,0,0,0,0,0,0,0,0,0,0,0,0,0,0,2,2,0,2,0,0,0,0,0,2,2,2,0,2,3,2,3,3,1,1,3,1,2,2,0,0,0,0,0,0,0,2,2,2,2,3,1,5,2,2,5,0,4,2,0,0,0,0,2,3,5,2,0,0,0,0,0,0,0,0,0,0,0,0,0,0,0,0,0,0,0,0,0,0,0,0,0,0,0,0,0,0,0,0,0,0,0,0,0,0,0,0,0,0,0,0,0,0,0,0,0,0,0,0,0,0,0,0,0,0,0,0,0,0,0,0,0,0,0,0,0,0,0,0,0,0,0,0,0,0,0,0,0,0,0,0,0,0,0,0,0,0,0,0,0,0,0,0,2,1,1,3,2,3,2,2,5,1,5,5,2,1,4,3,0,0,0,0,0,0,0,0,0,0,0,0,0,0,0,0,0,0,0,0,0,0,0,0,0,0,0,0,0,0,0,0,0,0,0,0,0,0,0,0,0,0,0,0,0,0,0,0,0,0,0,0,0,0,0,0,0,0,0,0,0,0,0,0,0,0,0,0,0,0,0,0,0,0,0,0,0,0,0,0,0,0,0,0,0,0,0,0,0,0,0,0,0,0,0,0,0,0,0,0,0,0,0,0,0,0,0,0,0,0,0,0,0,0,0,0,0,0,0,0,0,0,0,0,0,0,0,0,0,0,0,0,0,0,0,0,0,0,0,0,0,0,0,0,0,0,0,0,0,0,0,0,0,0,0,0,0,0,0,0,0,0,0,0,0,0,0,0,0,0,0,0,0,0,0,0,0,0,0,0,0,0,0,0,0,0,0,0,0,0,0,0,0,0,0,0,0,0,0,0,0,0,0,0,0,0,0,0,0,0,0,0,0,0,0,0,0,0,0,0,0,0,0,0,0,0,0,0,0,0,0,0,0,0,0,0,0,0,0,0,0,0,0,0,0,0,0,0,0,0,0,0,0,0,0,0,0,0,0,0,0,0,0,0,0,0,0,0,0,0,0,0,0,0,0,0,0,0,0,0,0,0,0,0,3,2,3,5,5,3,3,3,3,3,2,2,2,3,5,5,3,0,0,0,0,0,0,0,0,0,0,0,0,0,0,0,0,0,0,0,0,0,0,0,0,0,0,0,0,0,0,0,0,0,0,0,0,0,0,0,0,0,0,0,0,0,0,0,0,0,0,0,0,0,0,0,0,0,0,0,0,0,0,0,0,0,0,0,0,0,0,0,0,0,0,0,0,0,0,0,0,0,0,0,0,0,0,0,0,0,0,0,0,0,0,0,0,0,0,0,0,0,0,0,0,0,0,0,0,0,0,0,0,0,0,0,0,0,0,0,0,0,0,0,0,0,0,0,0,0,3,3,3,5,3,1,3,3,1,3,3,2,0,0,0,0,0,0,0,0,0,0,0,0,0,0,0,0,0,0,0,0,0,0,0,0,0,0,0,0,0,0,0,0,0,0,0,0,0,0,0,0,0,0,0,0,0,0,0,0,0,0,0,0,0,0,0,0,2.614686965942383,-6.840865135192871,-3.1501142978668213,10.75843620300293,1.6317179203033447,-1.3297185897827148,-11.62229061126709,-0.7240864634513855,7.238687992095947,1.5809433460235596,-2.4081673622131348,1.1503490209579468,-7.297580242156982,1.4002236127853394,-6.364612102508545,-2.042366504669189,5.378589153289795,-6.290995597839356,-3.020317554473877,7.8847975730896,5.408768177032471,5.993015289306641,13.13958740234375,9.824821472167969,-9.135368347167969,-2.621848821640014,-2.5390093326568604,-10.3605375289917,1.7647688388824463,-1.5194735527038574,11.44337272644043,-10.782029151916504,-7.193642616271973,-6.610365390777588,3.0773723125457764,0.9982117414474488,-2.2693023681640625,-0.8459793925285339,10.38900661468506,3.8388752937316895,-2.588262796401977,0.3943770825862884,-7.153428554534912,-0.7632755637168884,-10.12166976928711,4.771878242492676,-0.3902885317802429,6.524721145629883,-7.712588787078857,9.911438941955566,5.485391139984131,-5.328388214111328,-0.9846072196960448,-9.951338768005373,-7.531845569610596,-6.968381404876709,-6.4903998374938965,0.8660165071487427,3.2648496627807617,5.308000564575195,2.897267341613769,-10.772367477416992,-3.441991806030273,-0.1323010623455047,-19.851667404174805,-2.8866167068481445,9.449745178222656,-2.40594220161438,-1.694345474243164,1.5623931884765625,-7.364146709442139,1.2508103847503662,9.75119400024414,-6.751728057861328,1.0409427881240845,7.461796760559082,-8.61488151550293,1.8856120109558103,-3.360640048980713,4.149956703186035,6.930713653564453,-1.5090327262878418,-3.165435075759888,-9.15128231048584,4.513258934020996,-1.7754757404327393,-8.97402286529541,8.9166259765625,4.009452819824219,-0.8641141057014465,6.213223457336426,0.23787721991539,4.07682991027832,3.768272399902344,5.21064043045044,-0.0126702338457107,2.7874016761779785,9.288450241088867,6.528814315795898,6.110273361206055,-8.44360065460205,-7.23397159576416,-5.76158332824707,-14.01298999786377,5.739418983459473,-4.793228626251221,-2.062530279159546,3.8079833984375,-1.6197856664657593,-6.760177135467529,-11.378371238708496,6.655708312988281,2.752002239227295,-0.6480465531349182,2.2256522178649902,-5.7395453453063965,10.897805213928224,10.58132553100586,-2.9379537105560303,6.166295051574707,-10.74866771697998,-0.0242325365543365,-3.0434749126434326,4.648220062255859,5.1778106689453125,-10.459112167358398,-7.067394256591797,-2.565625667572021,-7.868714809417725,0.6820209622383118,-1.5195207595825195,5.608272552490234,10.543472290039062,8.585288047790527,0.0742756724357605,15.927000045776367,12.398110389709473,-2.6045286655426025,10.728100776672363,-5.135828018188477,7.094724655151367,-2.515188694000244,-4.835680961608887,-2.823179006576538,9.899683952331545,7.8962860107421875,-0.5995056629180908,2.7008650302886963,-1.2432233095169067,6.988809108734131,8.512837409973145,3.1293060779571533,8.346234321594238,-2.4913148880004883,-2.6624298095703125,3.6758742332458496,-6.945114612579346,-5.838757991790772,0.0740232318639755,-5.037822246551514,-5.335929393768311,-5.35862922668457,-5.046980381011963,-3.176401138305664,-0.9794843792915344,-10.330432891845703,1.9621695280075075,-2.5540642738342285,-0.7787121534347534,6.668970108032227,-9.219034194946287,-6.276456832885742,12.441173553466797,-0.9366663098335266,3.4784095287323,3.408128499984741,6.329249382019043,-1.901376724243164,-1.07869553565979,12.063939094543455,-0.712210476398468,6.769527912139893,-4.58774471282959,11.942540168762209,7.621199131011963,-2.502082586288452,-4.06948184967041,-5.019144058227539,-5.24415922164917,-0.2624185085296631,-1.3606857061386108,-1.8889631032943728,0.5627174377441406,1.4422684907913208,-1.771180510520935,1.744083046913147,-5.973435878753662,-12.16772174835205,-1.7363568544387815,1.2191356420516968,6.269043445587158,4.789140224456787,4.7004499435424805,4.272027969360352,6.666360378265381,-1.775794506072998,12.961095809936523,6.4216156005859375,11.345291137695312,-2.632596969604492,10.412230491638184,-5.571276664733887,8.238300323486328,-8.258959770202637,3.637792825698853,-1.3222941160202026,0.2368428409099578,6.753396511077881,-8.468592643737793,4.741434097290039,1.9169011116027832,-9.647830963134766,-4.108359336853027,-0.209093227982521,5.588692665100098,-3.708820581436157,-4.316827774047852,-0.848493218421936,4.252646446228027,-5.075709342956543,4.568863391876221,0.4881419539451599,-5.489811420440674,-12.486201286315918,-1.2667622566223145,-7.20670223236084,-6.1985764503479,1.008513569831848,-5.614930629730225,10.478874206542969,7.691527366638184,-0.5593091249465942,5.125214099884033,2.0085299015045166,-6.124639511108398,4.905194282531738,-15.596908569335938,-10.234960556030272,-0.0671659409999847,-4.077960014343262,-15.740570068359377,6.073239803314209,-0.4700810015201568,-0.097802385687828,-15.734537124633787,1.1585417985916138,4.025914669036865,-7.395656585693359,5.063933372497559,-5.852889060974121,1.7911745309829712,6.586889743804932,6.006199836730957,12.28843593597412,5.742274284362793,-4.678611755371094,-9.160140991210938,9.574393272399902,-0.4990104436874389,-4.564900875091553,-4.105899333953857,1.9764305353164675,-4.115179538726807,-0.3419601619243622,-1.1199196577072144,-6.274882793426514,-0.4509389102458954,-1.439201593399048,-0.3946613371372223,0.3865653872489929,-8.215089797973633,-5.961861610412598,-15.094552040100098,-8.263747215270996,-0.9703502058982848,5.766913414001465,0.5743725299835205,-0.8336256742477417,-4.953109264373779,0.5191431045532227,-0.647953987121582,13.279742240905762,9.11898422241211,-4.085076808929443,-10.07636833190918,-4.898527145385742,-5.411691188812256,-4.5108184814453125,-12.497693061828612,-2.476820230484009,-1.0,0.3424226808222062
OXYR_HUMAN,CHEMBL565189,COc1ccc(-n2c(C)nnc2-c2cnc(Oc3c(F)ccc(F)c3Cl)cn2)cn1,0,0,0,0,0,0,0,0,0,0,0,0,0,0,0,0,0,0,0,0,0,0,0,0,0,0,0,0,0,0,0,0,0,0,0,0,0,0,0,0,0,0,0,0,0,0,0,0,0,0,0,0,0,0,0,0,0,0,0,0,0,0,0,0,0,0,0,0,0,0,0,0,0,0,0,0,0,0,0,0,0,0,0,0,0,0,0,0,0,0,0,0,0,0,0,0,0,0,0,0,0,0,0,0,0,0,0,0,0,0,0,0,0,0,0,0,0,0,0,0,0,0,0,0,0,0,0,0,0,0,0,0,0,0,0,0,0,0,0,0,0,0,0,0,0,0,0,0,0,0,0,0,0,0,0,0,0,0,0,0,0,0,0,0,0,0,0,0,0,0,0,0,0,0,0,0,0,0,0,0,0,0,0,0,0,2,4,1,2,2,2,2,3,2,3,2,4,2,2,3,2,0,0,0,0,0,0,0,0,0,0,0,0,0,0,0,0,3,2,2,1,0,0,0,0,0,0,0,0,0,0,0,0,0,0,0,0,0,1,1,2,4,1,3,0,0,0,0,0,0,0,0,0,0,0,5,3,0,0,0,0,0,0,0,0,0,0,0,0,0,0,0,0,0,0,0,0,0,0,0,0,0,0,0,0,0,0,0,0,0,0,0,0,0,0,0,0,0,0,0,0,0,0,0,0,0,0,0,0,0,0,0,0,0,0,0,0,0,0,0,0,0,0,0,0,0,0,0,0,0,0,0,0,0,0,0,0,0,0,0,0,0,0,0,0,0,0,0,0,0,0,0,0,0,0,0,0,0,0,0,0,0,0,0,0,0,0,0,0,0,0,0,0,0,0,0,0,0,0,0,0,0,0,0,0,0,0,0,0,0,0,0,0,0,0,0,0,0,0,0,0,0,0,0,0,0,0,0,0,0,0,0,0,0,0,0,0,0,0,0,0,0,0,0,0,0,0,0,0,0,0,0,0,2,1,1,1,5,5,3,0,0,0,0,0,0,0,0,0,0,0,0,0,0,0,0,0,0,0,0,0,0,0,0,0,0,0,0,0,0,0,0,0,0,0,0,0,0,0,0,0,0,0,0,0,0,0,0,0,0,0,0,0,0,0,0,0,0,0,0,0,0,0,0,0,0,0,0,0,0,0,0,0,0,0,0,0,0,0,0,0,0,0,0,0,0,0,0,0,0,0,0,0,0,0,0,0,0,0,0,0,0,0,0,0,0,0,0,0,0,0,0,0,0,0,0,0,0,0,0,0,0,0,0,0,0,0,0,0,0,0,0,0,0,0,0,0,0,0,0,0,0,0,0,0,0,0,0,0,4,2,2,2,5,2,4,2,0,0,0,0,0,0,0,0,0,0,0,0,0,0,0,0,0,2,2,2,1,2,0,2,2,0,0,0,0,0,0,0,0,0,0,0,2,2,2,2,3,1,3,2,1,0,0,0,0,0,0,2,2,2,2,2,0,0,5,0,0,0,0,3,3,0,0,0,0,0,0,0,0,0,0,0,5,3,5,5,0,0,0,0,0,3,0,0,0,0,0,0,0,5,2,2,2,2,2,5,0,0,0,0,0,0,0,0,0,0,0,0,0,0,0,5,2,3,0,2,2,4,0,0,0,0,0,0,0,0,0,0,0,0,0,0,0,0,0,0,0,0,0,0,0,0,0,0,0,0,0,0,0,0,2,2,2,2,2,2,3,2,2,0,0,0,0,0,0,0,0,0,0,0,0,0,0,0,0,0,0,0,0,0,0,0,0,1,3,2,2,0,0,0,0,0,0,0,0,0,0,0,0,0,0,0,0,0,0,0,0,0,0,0,0,0,0,0,0,0,2,4,2,3,2,5,2,2,1,0,1,4,2,0,0,0,0,0,2,1,0,0,0,0,0,0,0,0,0,0,0,0,0,0,0,0,0,0,0,0,0,0,0,0,0,0,0,0,0,0,0,0,0,0,0,0,0,0,0,0,0,0,0,0,0,0,0,5,0,2,2,5,0,2,2,3,2,2,1,2,2,2,0,0,0,3,3,2,2,0,0,0,0,0,0,0,0,0,0,0,0,2,2,0,0,0,0,0,0,0,0,0,0,0,0,0,0,0,0,0,0,0,0,0,0,0,0,0,0,0,0,0,0,0,2,2,3,2,4,5,0,0,0,0,0,0,0,0,0,0,0,0,0,0,0,0,0,0,0,0,0,0,0,0,0,0,0,0,0,0,0,0,0,0,1,0,0,0,0,0,0,0,0,0,0,0,0,0,0,0,0,0,0,0,0,0,0,0,0,0,0,2,2,0,0,0,0,0,0,2,0,1,3,1,2,0,0,0,0,0,0,0,0,0,0,0,0,0,0,0,0,0,0,0,0,0,0,0,0,0,0,0,0,5,3,0,0,0,0,2,5,5,0,0,5,3,0,0,0,0,0,0,0,0,0,0,0,0,0,0,0,4,5,0,0,0,0,2,2,2,0,0,0,0,2,2,3,2,2,0,0,0,1,1,2,2,2,3,0,0,2,1,3,2,5,0,0,0,0,0,0,0,0,0,0,0,0,2,2,3,0,0,0,0,0,0,0,0,0,0,0,0,0,0,0,0,0,0,0,0,0,0,0,0,0,0,0,0,0,0,0,0,0,0,0,0,0,0,0,2,5,0,0,0,0,4,0,0,0,0,0,0,0,0,0,0,0,0,0,0,0,0,0,0,0,0,0,0,0,0,0,0,0,0,0,0,0,0,0,0,0,0,0,0,0,0,0,0,0,0,0,0,0,0,0,0,0,0,0,0,0,0,0,0,0,0,0,0,0,0,0,0,0,0,0,0,0,0,0,0,0,0,0,0,0,0,0,0,0,0,0,0,0,0,0,0,0,0,0,2,2,0,0,4,1,2,2,4,0,0,0,0,0,1,2,2,2,0,0,0,0,0,0,0,0,0,0,0,0,0,0,0,0,0,0,0,0,0,0,0,0,0,0,0,0,0,0,0,0,0,0,0,0,0,0,0,0,0,0,0,2,2,0,0,0,0,0,0,0,0,0,0,0,0,0,0,0,0,3,1,2,1,1,0,0,0,0,5,0,0,0,0,0,0,0,2,2,0,0,0,0,0,0,0,0,2,3,2,2,0,0,0,3,2,2,2,2,0,2,2,1,2,2,0,2,2,0,0,0,0,0,0,0,0,0,0,0,0,0,0,0,0,0,0,2,2,1,0,0,0,0,0,0,0,0,0,0,0,0,0,0,0,0,2,1,2,2,3,2,0,0,0,0,0,0,0,5,2,0,0,0,0,0,0,0,0,0,0,0,0,0,0,0,0,2,3,0,0,0,0,0,0,0,0,0,0,0,0,0,0,0,0,0,0,0,0,0,0,0,0,0,0,0,0,0,0,0,0,0,0,0,0,0,0,0,0,0,0,0,3,2,5,2,0,0,0,0,0,0,0,0,0,0,0,0,0,0,0,0,0,0,0,0,0,0,0,0,0,0,0,0,0,0,0,0,0,0,0,0,0,0,0,0,0,0,0,0,0,0,0,0,0,0,0,0,0,0,0,0,0,0,0,0,0,0,0,0,0,0,0,0,0,0,0,0,0,0,0,0,0,0,0,0,0,0,0,0,0,0,0,0,0,0,0,0,0,0,0,0,0,0,0,0,0,0,0,0,0,0,0,0,0,0,0,0,0,0,0,0,0,0,0,0,0,0,0,0,0,0,0,0,0,0,0,0,0,0,0,0,0,0,0,5,3,2,2,2,2,2,2,4,2,1,4,1,2,2,2,1,4,1,1,5,2,2,2,2,5,2,3,3,2,5,2,2,3,5,0,0,0,0,0,0,0,0,0,0,0,0,0,0,0,0,0,0,0,0,0,0,0,2,5,2,5,3,2,0,0,0,0,0,0,0,0,5,0,0,0,2,3,2,2,2,2,0,0,0,0,0,2,2,2,2,2,0,0,0,1,2,3,1,2,2,2,0,0,0,0,0,2,3,2,2,3,2,2,4,2,0,0,0,0,0,0,0,0,3,2,1,5,4,2,0,0,0,0,3,0,0,0,0,0,0,0,0,0,0,0,0,0,0,0,0,0,2,0,0,2,0,0,0,0,0,0,0,0,0,0,0,0,0,0,0,0,0,0,0,0,0,0,0,0,0,0,0,0,0,0,0,0,0,0,0,0,0,0,0,0,0,0,0,0,0,0,0,0,0,0,0,0,0,0,0,0,0,0,0,0,0,0,0,0,0,0,0,0,0,0,0,0,0,0,0,0,0,2,2,0,2,0,0,0,0,0,2,2,2,0,2,3,2,3,3,1,1,3,1,2,2,0,0,0,0,0,0,0,2,2,2,2,3,1,5,2,2,5,0,4,2,0,0,0,0,2,3,5,2,0,0,0,0,0,0,0,0,0,0,0,0,0,0,0,0,0,0,0,0,0,0,0,0,0,0,0,0,0,0,0,0,0,0,0,0,0,0,0,0,0,0,0,0,0,0,0,0,0,0,0,0,0,0,0,0,0,0,0,0,0,0,0,0,0,0,0,0,0,0,0,0,0,0,0,0,0,0,0,0,0,0,0,0,0,0,0,0,0,0,0,0,0,0,0,0,2,1,1,3,2,3,2,2,5,1,5,5,2,1,4,3,0,0,0,0,0,0,0,0,0,0,0,0,0,0,0,0,0,0,0,0,0,0,0,0,0,0,0,0,0,0,0,0,0,0,0,0,0,0,0,0,0,0,0,0,0,0,0,0,0,0,0,0,0,0,0,0,0,0,0,0,0,0,0,0,0,0,0,0,0,0,0,0,0,0,0,0,0,0,0,0,0,0,0,0,0,0,0,0,0,0,0,0,0,0,0,0,0,0,0,0,0,0,0,0,0,0,0,0,0,0,0,0,0,0,0,0,0,0,0,0,0,0,0,0,0,0,0,0,0,0,0,0,0,0,0,0,0,0,0,0,0,0,0,0,0,0,0,0,0,0,0,0,0,0,0,0,0,0,0,0,0,0,0,0,0,0,0,0,0,0,0,0,0,0,0,0,0,0,0,0,0,0,0,0,0,0,0,0,0,0,0,0,0,0,0,0,0,0,0,0,0,0,0,0,0,0,0,0,0,0,0,0,0,0,0,0,0,0,0,0,0,0,0,0,0,0,0,0,0,0,0,0,0,0,0,0,0,0,0,0,0,0,0,0,0,0,0,0,0,0,0,0,0,0,0,0,0,0,0,0,0,0,0,0,0,0,0,0,0,0,0,0,0,0,0,0,0,0,0,0,0,0,0,0,3,2,3,5,5,3,3,3,3,3,2,2,2,3,5,5,3,0,0,0,0,0,0,0,0,0,0,0,0,0,0,0,0,0,0,0,0,0,0,0,0,0,0,0,0,0,0,0,0,0,0,0,0,0,0,0,0,0,0,0,0,0,0,0,0,0,0,0,0,0,0,0,0,0,0,0,0,0,0,0,0,0,0,0,0,0,0,0,0,0,0,0,0,0,0,0,0,0,0,0,0,0,0,0,0,0,0,0,0,0,0,0,0,0,0,0,0,0,0,0,0,0,0,0,0,0,0,0,0,0,0,0,0,0,0,0,0,0,0,0,0,0,0,0,0,0,3,3,3,5,3,1,3,3,1,3,3,2,0,0,0,0,0,0,0,0,0,0,0,0,0,0,0,0,0,0,0,0,0,0,0,0,0,0,0,0,0,0,0,0,0,0,0,0,0,0,0,0,0,0,0,0,0,0,0,0,0,0,0,0,0,0,0,0,4.63370418548584,-5.598907470703125,-3.89681887626648,12.386469841003418,-0.4207545518875122,0.9564270973205566,-10.792852401733398,-1.2620362043380735,9.17508029937744,3.1011688709259038,-4.260332107543945,-1.9828723669052124,-10.839649200439451,1.7856982946395874,-7.41544771194458,-1.4205334186553955,3.773781776428223,-4.967309474945068,-2.51322603225708,9.88343620300293,6.187524318695068,5.530512809753418,15.71982765197754,9.409729957580566,-11.191924095153809,-0.9293777942657472,-0.6401109099388123,-10.904033660888672,0.8029884099960327,1.2985951900482178,14.683874130249023,-11.9730224609375,-6.295915603637695,-6.46872615814209,6.769724845886231,-0.1448138952255249,0.3853082954883575,-2.954404592514038,10.852948188781738,-1.3059158325195312,0.3174360990524292,-1.4102998971939087,-6.858743667602539,1.6953595876693726,-13.492192268371582,5.372374057769775,-3.622239828109741,7.835428714752197,-7.78049898147583,9.465409278869627,9.549497604370115,-8.161216735839844,-2.7844250202178955,-12.710949897766112,-6.050755023956299,-5.755578517913818,-4.953471660614014,0.8969271183013916,4.981945514678955,6.0616068840026855,0.8210138082504272,-12.405029296875,-4.048085689544678,-0.1207457929849624,-18.67446517944336,-3.5540807247161865,8.264016151428223,-2.028552770614624,-1.657703161239624,0.3594450056552887,-7.660464286804199,0.7884219884872437,10.421871185302734,-5.092619895935059,-1.5514342784881592,8.134950637817383,-5.515501499176025,2.1776556968688965,-3.1996915340423584,1.9226081371307373,6.663566112518311,-0.2146324515342712,-6.950333595275879,-9.086332321166992,3.3898770809173584,-2.012392997741699,-6.903234958648682,7.41776704788208,4.7513933181762695,-0.3102316856384277,7.740789413452148,-1.897386074066162,3.5747249126434326,5.731462478637695,2.2306315898895264,-1.098798155784607,2.2063639163970947,8.259931564331055,6.879132270812988,4.62006425857544,-11.15384292602539,-5.252767562866211,-3.664935350418091,-16.687280654907227,7.204101085662842,-2.1401772499084477,0.7052843570709229,3.805463552474976,-0.9781858921051024,-4.570300102233887,-15.017714500427246,1.738575458526611,3.312439441680908,1.3088345527648926,1.7779455184936523,-7.289130687713623,10.62430477142334,10.952800750732422,-4.912970542907715,6.842201232910156,-11.835622787475586,1.8837834596633911,-5.98742151260376,5.613118648529053,5.379645347595215,-7.357584476470947,-7.361627578735352,-0.5947508811950684,-2.2681214809417725,1.4273910522460938,-4.859034538269043,1.6146408319473269,11.551183700561523,8.085098266601562,-5.071719169616699,15.344496726989746,16.290990829467773,2.6348299980163574,9.86646556854248,-1.7606922388076782,5.885255813598633,-4.450298309326172,-8.101181983947754,-1.8361937999725344,8.34261703491211,7.039305686950684,-0.8933900594711304,0.2035146206617355,1.0512382984161377,7.32485818862915,12.783966064453123,0.747590184211731,10.744277000427246,-1.6360304355621338,-1.2434232234954834,3.4376626014709477,-7.027223587036133,-4.779592037200928,3.019456624984741,-4.321485996246338,-5.159548759460449,-6.957740783691406,-4.966466426849365,-3.5654520988464355,1.80796492099762,-11.365215301513672,2.045768976211548,-0.8723759651184082,-1.3329026699066162,3.921166896820069,-9.46976089477539,-9.168912887573242,8.675921440124512,0.3148849308490753,2.5602340698242188,6.347836971282959,8.972942352294922,-4.658430576324463,-1.8806171417236328,11.191095352172852,1.1270071268081665,5.204237461090088,-7.822785377502441,11.44566535949707,9.48416519165039,-0.0145357325673103,-5.358355522155762,-5.540431022644043,-5.92122745513916,-3.737489700317383,-3.450094699859619,0.7909661531448364,1.0746129751205444,1.7484867572784424,0.0943368002772331,0.7672677636146545,-6.098511219024658,-13.565074920654297,-2.9258384704589844,2.1294233798980717,4.992809772491455,4.512612342834473,6.378983497619629,3.767430067062378,7.697441101074219,-4.353310108184815,11.500076293945312,5.069262027740479,12.245582580566406,-1.349949598312378,11.531137466430664,-3.560224771499634,3.575149774551392,-10.118087768554688,0.7891660332679749,1.340795397758484,-1.1648612022399902,7.142910003662109,-11.548198699951172,4.552976131439209,0.7521721124649048,-7.189733982086182,-3.302746295928955,-1.272836208343506,4.639889717102051,-2.146531343460083,-4.342041969299316,3.787064790725708,5.842941284179688,-5.648366928100586,5.691263675689697,-2.172175884246826,-6.101664066314697,-14.282158851623535,-2.0030503273010254,-7.898022174835205,-4.342178821563721,-0.0838107913732528,-5.518365859985352,9.89415168762207,1.827110767364502,-0.26280078291893,3.470938444137573,1.6579123735427856,-6.839788913726807,3.204003095626831,-13.822572708129885,-9.253750801086426,-1.95064115524292,-7.562137603759766,-16.286884307861328,2.1813595294952397,-3.4030158519744877,0.22141133248806,-18.24158096313477,1.8207464218139648,4.575493812561035,-7.329111099243164,4.916522979736328,-5.429812431335449,4.069821357727051,6.986268520355225,9.302212715148926,11.99205493927002,3.952922582626343,-3.391920566558838,-10.379999160766602,7.106579780578613,-3.661225080490112,-2.2473514080047607,-4.461114883422852,2.9756829738616943,-5.407075881958008,4.326748371124268,-0.932134449481964,-5.140079498291016,-3.1983065605163574,-0.5520203709602356,2.31095290184021,-0.2437781691551208,-5.171457767486572,-6.171151638031006,-18.04324722290039,-6.256078243255615,-0.49818816781044,2.6765146255493164,2.111060380935669,-1.0876399278640747,-4.914917945861816,3.161230564117432,-2.90662169456482,10.523452758789062,14.593915939331056,-2.886558532714844,-7.644874572753906,-4.964688301086426,-4.027774333953857,-3.823997735977173,-14.12786865234375,-2.3212878704071045,-1.0,0.9444826721501686
OXYR_HUMAN,CHEMBL3815099,CCC(C)C1NC(=O)C(Cc2ccc(O)cc2)NC(=O)CCSSCC(C(=O)N2CCCC2C(=O)N(C)C(CC(C)C)C(=O)N(C)CC(N)=O)NC(=O)C(CC(N)=O)NC(=O)C(CCC(N)=O)NC1=O,0,0,0,0,0,0,0,0,0,0,0,0,0,0,0,0,0,0,0,0,0,0,0,0,0,0,0,0,0,0,0,0,0,0,0,0,0,0,0,0,0,0,0,0,0,0,0,0,0,0,0,0,0,0,0,0,0,0,0,0,0,0,0,0,0,0,0,0,0,0,0,0,0,0,0,0,0,0,0,0,0,0,0,0,0,0,0,0,0,0,0,0,0,0,0,0,0,0,0,0,0,0,0,0,0,0,0,0,0,0,0,0,0,0,0,0,0,0,0,0,0,0,0,0,0,0,0,0,0,0,0,0,0,0,0,0,0,0,0,0,0,0,0,0,0,0,0,0,0,0,0,0,0,0,0,0,0,0,0,0,0,0,0,0,0,0,0,0,0,0,0,0,0,0,0,0,0,0,0,0,0,0,0,0,0,2,4,1,2,2,2,2,3,2,3,2,4,2,2,3,2,0,0,0,0,0,0,0,0,0,0,0,0,0,0,0,0,3,2,2,1,0,0,0,0,0,0,0,0,0,0,0,0,0,0,0,0,0,1,1,2,4,1,3,0,0,0,0,0,0,0,0,0,0,0,5,3,0,0,0,0,0,0,0,0,0,0,0,0,0,0,0,0,0,0,0,0,0,0,0,0,0,0,0,0,0,0,0,0,0,0,0,0,0,0,0,0,0,0,0,0,0,0,0,0,0,0,0,0,0,0,0,0,0,0,0,0,0,0,0,0,0,0,0,0,0,0,0,0,0,0,0,0,0,0,0,0,0,0,0,0,0,0,0,0,0,0,0,0,0,0,0,0,0,0,0,0,0,0,0,0,0,0,0,0,0,0,0,0,0,0,0,0,0,0,0,0,0,0,0,0,0,0,0,0,0,0,0,0,0,0,0,0,0,0,0,0,0,0,0,0,0,0,0,0,0,0,0,0,0,0,0,0,0,0,0,0,0,0,0,0,0,0,0,0,0,0,0,0,0,0,0,0,2,1,1,1,5,5,3,0,0,0,0,0,0,0,0,0,0,0,0,0,0,0,0,0,0,0,0,0,0,0,0,0,0,0,0,0,0,0,0,0,0,0,0,0,0,0,0,0,0,0,0,0,0,0,0,0,0,0,0,0,0,0,0,0,0,0,0,0,0,0,0,0,0,0,0,0,0,0,0,0,0,0,0,0,0,0,0,0,0,0,0,0,0,0,0,0,0,0,0,0,0,0,0,0,0,0,0,0,0,0,0,0,0,0,0,0,0,0,0,0,0,0,0,0,0,0,0,0,0,0,0,0,0,0,0,0,0,0,0,0,0,0,0,0,0,0,0,0,0,0,0,0,0,0,0,0,4,2,2,2,5,2,4,2,0,0,0,0,0,0,0,0,0,0,0,0,0,0,0,0,0,2,2,2,1,2,0,2,2,0,0,0,0,0,0,0,0,0,0,0,2,2,2,2,3,1,3,2,1,0,0,0,0,0,0,2,2,2,2,2,0,0,5,0,0,0,0,3,3,0,0,0,0,0,0,0,0,0,0,0,5,3,5,5,0,0,0,0,0,3,0,0,0,0,0,0,0,5,2,2,2,2,2,5,0,0,0,0,0,0,0,0,0,0,0,0,0,0,0,5,2,3,0,2,2,4,0,0,0,0,0,0,0,0,0,0,0,0,0,0,0,0,0,0,0,0,0,0,0,0,0,0,0,0,0,0,0,0,2,2,2,2,2,2,3,2,2,0,0,0,0,0,0,0,0,0,0,0,0,0,0,0,0,0,0,0,0,0,0,0,0,1,3,2,2,0,0,0,0,0,0,0,0,0,0,0,0,0,0,0,0,0,0,0,0,0,0,0,0,0,0,0,0,0,2,4,2,3,2,5,2,2,1,0,1,4,2,0,0,0,0,0,2,1,0,0,0,0,0,0,0,0,0,0,0,0,0,0,0,0,0,0,0,0,0,0,0,0,0,0,0,0,0,0,0,0,0,0,0,0,0,0,0,0,0,0,0,0,0,0,0,5,0,2,2,5,0,2,2,3,2,2,1,2,2,2,0,0,0,3,3,2,2,0,0,0,0,0,0,0,0,0,0,0,0,2,2,0,0,0,0,0,0,0,0,0,0,0,0,0,0,0,0,0,0,0,0,0,0,0,0,0,0,0,0,0,0,0,2,2,3,2,4,5,0,0,0,0,0,0,0,0,0,0,0,0,0,0,0,0,0,0,0,0,0,0,0,0,0,0,0,0,0,0,0,0,0,0,1,0,0,0,0,0,0,0,0,0,0,0,0,0,0,0,0,0,0,0,0,0,0,0,0,0,0,2,2,0,0,0,0,0,0,2,0,1,3,1,2,0,0,0,0,0,0,0,0,0,0,0,0,0,0,0,0,0,0,0,0,0,0,0,0,0,0,0,0,5,3,0,0,0,0,2,5,5,0,0,5,3,0,0,0,0,0,0,0,0,0,0,0,0,0,0,0,4,5,0,0,0,0,2,2,2,0,0,0,0,2,2,3,2,2,0,0,0,1,1,2,2,2,3,0,0,2,1,3,2,5,0,0,0,0,0,0,0,0,0,0,0,0,2,2,3,0,0,0,0,0,0,0,0,0,0,0,0,0,0,0,0,0,0,0,0,0,0,0,0,0,0,0,0,0,0,0,0,0,0,0,0,0,0,0,2,5,0,0,0,0,4,0,0,0,0,0,0,0,0,0,0,0,0,0,0,0,0,0,0,0,0,0,0,0,0,0,0,0,0,0,0,0,0,0,0,0,0,0,0,0,0,0,0,0,0,0,0,0,0,0,0,0,0,0,0,0,0,0,0,0,0,0,0,0,0,0,0,0,0,0,0,0,0,0,0,0,0,0,0,0,0,0,0,0,0,0,0,0,0,0,0,0,0,0,2,2,0,0,4,1,2,2,4,0,0,0,0,0,1,2,2,2,0,0,0,0,0,0,0,0,0,0,0,0,0,0,0,0,0,0,0,0,0,0,0,0,0,0,0,0,0,0,0,0,0,0,0,0,0,0,0,0,0,0,0,2,2,0,0,0,0,0,0,0,0,0,0,0,0,0,0,0,0,3,1,2,1,1,0,0,0,0,5,0,0,0,0,0,0,0,2,2,0,0,0,0,0,0,0,0,2,3,2,2,0,0,0,3,2,2,2,2,0,2,2,1,2,2,0,2,2,0,0,0,0,0,0,0,0,0,0,0,0,0,0,0,0,0,0,2,2,1,0,0,0,0,0,0,0,0,0,0,0,0,0,0,0,0,2,1,2,2,3,2,0,0,0,0,0,0,0,5,2,0,0,0,0,0,0,0,0,0,0,0,0,0,0,0,0,2,3,0,0,0,0,0,0,0,0,0,0,0,0,0,0,0,0,0,0,0,0,0,0,0,0,0,0,0,0,0,0,0,0,0,0,0,0,0,0,0,0,0,0,0,3,2,5,2,0,0,0,0,0,0,0,0,0,0,0,0,0,0,0,0,0,0,0,0,0,0,0,0,0,0,0,0,0,0,0,0,0,0,0,0,0,0,0,0,0,0,0,0,0,0,0,0,0,0,0,0,0,0,0,0,0,0,0,0,0,0,0,0,0,0,0,0,0,0,0,0,0,0,0,0,0,0,0,0,0,0,0,0,0,0,0,0,0,0,0,0,0,0,0,0,0,0,0,0,0,0,0,0,0,0,0,0,0,0,0,0,0,0,0,0,0,0,0,0,0,0,0,0,0,0,0,0,0,0,0,0,0,0,0,0,0,0,0,5,3,2,2,2,2,2,2,4,2,1,4,1,2,2,2,1,4,1,1,5,2,2,2,2,5,2,3,3,2,5,2,2,3,5,0,0,0,0,0,0,0,0,0,0,0,0,0,0,0,0,0,0,0,0,0,0,0,2,5,2,5,3,2,0,0,0,0,0,0,0,0,5,0,0,0,2,3,2,2,2,2,0,0,0,0,0,2,2,2,2,2,0,0,0,1,2,3,1,2,2,2,0,0,0,0,0,2,3,2,2,3,2,2,4,2,0,0,0,0,0,0,0,0,3,2,1,5,4,2,0,0,0,0,3,0,0,0,0,0,0,0,0,0,0,0,0,0,0,0,0,0,2,0,0,2,0,0,0,0,0,0,0,0,0,0,0,0,0,0,0,0,0,0,0,0,0,0,0,0,0,0,0,0,0,0,0,0,0,0,0,0,0,0,0,0,0,0,0,0,0,0,0,0,0,0,0,0,0,0,0,0,0,0,0,0,0,0,0,0,0,0,0,0,0,0,0,0,0,0,0,0,0,2,2,0,2,0,0,0,0,0,2,2,2,0,2,3,2,3,3,1,1,3,1,2,2,0,0,0,0,0,0,0,2,2,2,2,3,1,5,2,2,5,0,4,2,0,0,0,0,2,3,5,2,0,0,0,0,0,0,0,0,0,0,0,0,0,0,0,0,0,0,0,0,0,0,0,0,0,0,0,0,0,0,0,0,0,0,0,0,0,0,0,0,0,0,0,0,0,0,0,0,0,0,0,0,0,0,0,0,0,0,0,0,0,0,0,0,0,0,0,0,0,0,0,0,0,0,0,0,0,0,0,0,0,0,0,0,0,0,0,0,0,0,0,0,0,0,0,0,2,1,1,3,2,3,2,2,5,1,5,5,2,1,4,3,0,0,0,0,0,0,0,0,0,0,0,0,0,0,0,0,0,0,0,0,0,0,0,0,0,0,0,0,0,0,0,0,0,0,0,0,0,0,0,0,0,0,0,0,0,0,0,0,0,0,0,0,0,0,0,0,0,0,0,0,0,0,0,0,0,0,0,0,0,0,0,0,0,0,0,0,0,0,0,0,0,0,0,0,0,0,0,0,0,0,0,0,0,0,0,0,0,0,0,0,0,0,0,0,0,0,0,0,0,0,0,0,0,0,0,0,0,0,0,0,0,0,0,0,0,0,0,0,0,0,0,0,0,0,0,0,0,0,0,0,0,0,0,0,0,0,0,0,0,0,0,0,0,0,0,0,0,0,0,0,0,0,0,0,0,0,0,0,0,0,0,0,0,0,0,0,0,0,0,0,0,0,0,0,0,0,0,0,0,0,0,0,0,0,0,0,0,0,0,0,0,0,0,0,0,0,0,0,0,0,0,0,0,0,0,0,0,0,0,0,0,0,0,0,0,0,0,0,0,0,0,0,0,0,0,0,0,0,0,0,0,0,0,0,0,0,0,0,0,0,0,0,0,0,0,0,0,0,0,0,0,0,0,0,0,0,0,0,0,0,0,0,0,0,0,0,0,0,0,0,0,0,0,0,3,2,3,5,5,3,3,3,3,3,2,2,2,3,5,5,3,0,0,0,0,0,0,0,0,0,0,0,0,0,0,0,0,0,0,0,0,0,0,0,0,0,0,0,0,0,0,0,0,0,0,0,0,0,0,0,0,0,0,0,0,0,0,0,0,0,0,0,0,0,0,0,0,0,0,0,0,0,0,0,0,0,0,0,0,0,0,0,0,0,0,0,0,0,0,0,0,0,0,0,0,0,0,0,0,0,0,0,0,0,0,0,0,0,0,0,0,0,0,0,0,0,0,0,0,0,0,0,0,0,0,0,0,0,0,0,0,0,0,0,0,0,0,0,0,0,3,3,3,5,3,1,3,3,1,3,3,2,0,0,0,0,0,0,0,0,0,0,0,0,0,0,0,0,0,0,0,0,0,0,0,0,0,0,0,0,0,0,0,0,0,0,0,0,0,0,0,0,0,0,0,0,0,0,0,0,0,0,0,0,0,0,0,0,3.047969341278076,-3.796656847000122,-4.826860427856445,4.681185245513916,5.354116439819336,-17.234262466430664,-27.12245750427246,-2.92559027671814,23.744253158569336,-5.111489772796631,3.738002061843872,19.155460357666016,1.8911454677581787,14.0890474319458,-29.68209457397461,-0.3975455462932586,25.586618423461918,-28.422910690307617,-30.59075164794922,35.11134719848633,8.721556663513184,16.490964889526367,57.86482238769531,16.434289932250977,-15.925748825073242,7.77705717086792,-17.54694366455078,-33.91421127319336,2.8362414836883545,-12.873841285705566,19.18791961669922,-9.07392406463623,-19.440832138061523,-0.7336713671684265,-1.879495620727539,8.563861846923828,5.806827068328857,-2.8579280376434326,18.538623809814453,19.10645866394043,0.4499474167823791,1.2454161643981934,-6.980428695678711,-12.712316513061523,-25.23750114440918,19.339088439941406,8.334383010864258,38.92089080810547,-8.998678207397461,0.1110256016254425,11.085244178771973,-24.212736129760746,2.75443172454834,-20.087139129638672,-32.930931091308594,-22.69621086120605,-14.01123046875,15.932400703430176,5.083643436431885,11.383461952209473,2.93269681930542,-17.57978630065918,-17.0272216796875,14.032057762145996,-42.962493896484375,6.060977458953857,18.42082405090332,11.602202415466309,-18.24323081970215,-0.3325091004371643,-9.644022941589355,11.936322212219238,16.251405715942383,-28.29963111877441,-3.295314311981201,6.3686723709106445,-28.46527862548828,0.0009326338768005,7.15843391418457,1.6184338331222534,18.000394821166992,0.9892466068267822,-9.317240715026855,-38.578575134277344,17.21438217163086,-12.55031394958496,-10.780145645141602,8.212189674377441,7.400891304016113,-1.0415571928024292,5.418107986450195,16.009706497192383,16.8953857421875,8.024726867675781,5.300644874572754,-3.706057786941528,18.42130851745605,11.913763999938965,16.78623390197754,-12.189026832580566,-9.421502113342283,-22.25394821166992,-24.73542022705078,-11.276538848876951,12.726922988891602,-29.89599227905273,-13.607162475585938,12.067359924316406,8.923880577087402,-19.875009536743164,-21.66826438903809,15.094680786132812,6.106368541717529,-10.978309631347656,-3.7817864418029785,-9.30972957611084,15.369667053222656,23.548095703125,-5.065918922424316,5.104773998260498,-12.955877304077148,15.7740478515625,-2.891345500946045,32.483306884765625,1.5451958179473877,-36.34473419189453,-31.576215744018555,3.6803088188171382,-15.78811740875244,0.5876975655555725,0.544251561164856,-1.812424898147583,15.325838088989258,36.72223281860352,6.745158672332764,31.006391525268555,-1.0277502536773682,-8.79447078704834,16.619735717773438,-14.698352813720703,25.101661682128903,-1.1463056802749634,-9.611852645874023,-5.114738941192627,16.192413330078125,4.893992424011231,8.557367324829102,7.8703107833862305,11.643860816955566,33.40684509277344,-3.5018253326416016,15.834983825683594,16.004058837890625,-22.286941528320312,-4.828156471252441,0.3740537166595459,-16.195833206176758,-1.603348731994629,-0.963759422302246,-18.880409240722656,6.518513202667236,11.2952299118042,-12.378375053405762,5.795891284942627,15.58160400390625,-24.735382080078125,10.810548782348633,-10.524235725402832,2.6597917079925537,15.076231956481934,-13.492396354675291,-21.08428001403809,35.40394592285156,-6.613242149353027,14.862126350402832,-3.181238412857056,13.341416358947754,-3.5657799243927,-10.433799743652344,25.46438980102539,-10.438700675964355,25.06660842895508,-0.4159501194953918,29.54874420166016,10.801575660705566,-11.748863220214844,0.9228436946868896,2.2265424728393555,-5.655979156494141,-17.33146858215332,3.582979202270508,-8.021954536437988,-16.32817268371582,6.851364135742188,10.936144828796388,2.292355298995972,1.2277504205703735,-29.076772689819336,-6.8807573318481445,-5.301363468170166,-2.190181016921997,-4.383977890014648,9.08140468597412,-4.104859352111816,-3.5775365829467773,-6.571681499481201,35.36073303222656,25.590539932250977,27.51035499572754,-14.708791732788086,32.25397872924805,-2.381836175918579,32.94721603393555,-17.570802688598633,11.856708526611328,-2.6859090328216557,13.421456336975098,11.867354393005373,-9.003265380859375,16.475435256958008,10.894516944885254,-22.891843795776367,-9.80828857421875,1.989686131477356,6.262335300445557,-13.184643745422363,-3.394662618637085,-4.91145658493042,9.091195106506348,-25.6149959564209,7.057762145996094,-3.4964823722839355,-19.884197235107425,-23.855274200439453,3.9457321166992183,-26.606618881225582,-6.16166877746582,-8.894588470458984,-8.28703498840332,29.25987243652344,19.554563522338867,-25.638885498046875,21.096385955810547,-6.9445905685424805,-3.1782071590423584,24.717742919921875,-41.28794860839844,-14.109781265258787,2.1386868953704834,13.271791458129885,-45.648834228515625,12.163140296936035,9.904335975646973,-6.4970479011535645,-26.56771469116211,17.09208106994629,3.375306844711304,-16.595216751098633,33.470436096191406,-25.867822647094727,-7.937172889709473,8.919855117797852,1.5145808458328247,16.99629020690918,-2.042558431625366,-23.56778907775879,-10.545350074768066,3.0067598819732666,5.256101608276367,-20.043989181518555,4.664084434509277,13.046152114868164,-11.644368171691896,3.5368106365203857,-0.9267869591712952,-22.12324523925781,-10.781264305114746,-7.649640560150146,-10.889894485473633,20.82172966003418,-14.320962905883787,-20.11366271972656,-20.414287567138672,-13.874297142028809,-11.683688163757324,13.70816135406494,-0.2456980347633361,-1.6557875871658323,-10.163518905639648,-11.356635093688965,7.095252513885498,33.19947052001953,10.691776275634766,9.935582160949709,-29.707874298095703,-19.935279846191406,-17.94394874572754,-22.02120018005371,-44.11107635498047,-2.35374116897583,1.0,-0.2218487496163563
OXYR_HUMAN,CHEMBL200682,COc1ccc(N(CC(=O)Nc2ccc(Cl)cc2C)S(=O)(=O)c2ccccc2)cc1,0,0,0,0,0,0,0,0,0,0,0,0,0,0,0,0,0,0,0,0,0,0,0,0,0,0,0,0,0,0,0,0,0,0,0,0,0,0,0,0,0,0,0,0,0,0,0,0,0,0,0,0,0,0,0,0,0,0,0,0,0,0,0,0,0,0,0,0,0,0,0,0,0,0,0,0,0,0,0,0,0,0,0,0,0,0,0,0,0,0,0,0,0,0,0,0,0,0,0,0,0,0,0,0,0,0,0,0,0,0,0,0,0,0,0,0,0,0,0,0,0,0,0,0,0,0,0,0,0,0,0,0,0,0,0,0,0,0,0,0,0,0,0,0,0,0,0,0,0,0,0,0,0,0,0,0,0,0,0,0,0,0,0,0,0,0,0,0,0,0,0,0,0,0,0,0,0,0,0,0,0,0,0,0,0,2,4,1,2,2,2,2,3,2,3,2,4,2,2,3,2,0,0,0,0,0,0,0,0,0,0,0,0,0,0,0,0,3,2,2,1,0,0,0,0,0,0,0,0,0,0,0,0,0,0,0,0,0,1,1,2,4,1,3,0,0,0,0,0,0,0,0,0,0,0,5,3,0,0,0,0,0,0,0,0,0,0,0,0,0,0,0,0,0,0,0,0,0,0,0,0,0,0,0,0,0,0,0,0,0,0,0,0,0,0,0,0,0,0,0,0,0,0,0,0,0,0,0,0,0,0,0,0,0,0,0,0,0,0,0,0,0,0,0,0,0,0,0,0,0,0,0,0,0,0,0,0,0,0,0,0,0,0,0,0,0,0,0,0,0,0,0,0,0,0,0,0,0,0,0,0,0,0,0,0,0,0,0,0,0,0,0,0,0,0,0,0,0,0,0,0,0,0,0,0,0,0,0,0,0,0,0,0,0,0,0,0,0,0,0,0,0,0,0,0,0,0,0,0,0,0,0,0,0,0,0,0,0,0,0,0,0,0,0,0,0,0,0,0,0,0,0,0,2,1,1,1,5,5,3,0,0,0,0,0,0,0,0,0,0,0,0,0,0,0,0,0,0,0,0,0,0,0,0,0,0,0,0,0,0,0,0,0,0,0,0,0,0,0,0,0,0,0,0,0,0,0,0,0,0,0,0,0,0,0,0,0,0,0,0,0,0,0,0,0,0,0,0,0,0,0,0,0,0,0,0,0,0,0,0,0,0,0,0,0,0,0,0,0,0,0,0,0,0,0,0,0,0,0,0,0,0,0,0,0,0,0,0,0,0,0,0,0,0,0,0,0,0,0,0,0,0,0,0,0,0,0,0,0,0,0,0,0,0,0,0,0,0,0,0,0,0,0,0,0,0,0,0,0,4,2,2,2,5,2,4,2,0,0,0,0,0,0,0,0,0,0,0,0,0,0,0,0,0,2,2,2,1,2,0,2,2,0,0,0,0,0,0,0,0,0,0,0,2,2,2,2,3,1,3,2,1,0,0,0,0,0,0,2,2,2,2,2,0,0,5,0,0,0,0,3,3,0,0,0,0,0,0,0,0,0,0,0,5,3,5,5,0,0,0,0,0,3,0,0,0,0,0,0,0,5,2,2,2,2,2,5,0,0,0,0,0,0,0,0,0,0,0,0,0,0,0,5,2,3,0,2,2,4,0,0,0,0,0,0,0,0,0,0,0,0,0,0,0,0,0,0,0,0,0,0,0,0,0,0,0,0,0,0,0,0,2,2,2,2,2,2,3,2,2,0,0,0,0,0,0,0,0,0,0,0,0,0,0,0,0,0,0,0,0,0,0,0,0,1,3,2,2,0,0,0,0,0,0,0,0,0,0,0,0,0,0,0,0,0,0,0,0,0,0,0,0,0,0,0,0,0,2,4,2,3,2,5,2,2,1,0,1,4,2,0,0,0,0,0,2,1,0,0,0,0,0,0,0,0,0,0,0,0,0,0,0,0,0,0,0,0,0,0,0,0,0,0,0,0,0,0,0,0,0,0,0,0,0,0,0,0,0,0,0,0,0,0,0,5,0,2,2,5,0,2,2,3,2,2,1,2,2,2,0,0,0,3,3,2,2,0,0,0,0,0,0,0,0,0,0,0,0,2,2,0,0,0,0,0,0,0,0,0,0,0,0,0,0,0,0,0,0,0,0,0,0,0,0,0,0,0,0,0,0,0,2,2,3,2,4,5,0,0,0,0,0,0,0,0,0,0,0,0,0,0,0,0,0,0,0,0,0,0,0,0,0,0,0,0,0,0,0,0,0,0,1,0,0,0,0,0,0,0,0,0,0,0,0,0,0,0,0,0,0,0,0,0,0,0,0,0,0,2,2,0,0,0,0,0,0,2,0,1,3,1,2,0,0,0,0,0,0,0,0,0,0,0,0,0,0,0,0,0,0,0,0,0,0,0,0,0,0,0,0,5,3,0,0,0,0,2,5,5,0,0,5,3,0,0,0,0,0,0,0,0,0,0,0,0,0,0,0,4,5,0,0,0,0,2,2,2,0,0,0,0,2,2,3,2,2,0,0,0,1,1,2,2,2,3,0,0,2,1,3,2,5,0,0,0,0,0,0,0,0,0,0,0,0,2,2,3,0,0,0,0,0,0,0,0,0,0,0,0,0,0,0,0,0,0,0,0,0,0,0,0,0,0,0,0,0,0,0,0,0,0,0,0,0,0,0,2,5,0,0,0,0,4,0,0,0,0,0,0,0,0,0,0,0,0,0,0,0,0,0,0,0,0,0,0,0,0,0,0,0,0,0,0,0,0,0,0,0,0,0,0,0,0,0,0,0,0,0,0,0,0,0,0,0,0,0,0,0,0,0,0,0,0,0,0,0,0,0,0,0,0,0,0,0,0,0,0,0,0,0,0,0,0,0,0,0,0,0,0,0,0,0,0,0,0,0,2,2,0,0,4,1,2,2,4,0,0,0,0,0,1,2,2,2,0,0,0,0,0,0,0,0,0,0,0,0,0,0,0,0,0,0,0,0,0,0,0,0,0,0,0,0,0,0,0,0,0,0,0,0,0,0,0,0,0,0,0,2,2,0,0,0,0,0,0,0,0,0,0,0,0,0,0,0,0,3,1,2,1,1,0,0,0,0,5,0,0,0,0,0,0,0,2,2,0,0,0,0,0,0,0,0,2,3,2,2,0,0,0,3,2,2,2,2,0,2,2,1,2,2,0,2,2,0,0,0,0,0,0,0,0,0,0,0,0,0,0,0,0,0,0,2,2,1,0,0,0,0,0,0,0,0,0,0,0,0,0,0,0,0,2,1,2,2,3,2,0,0,0,0,0,0,0,5,2,0,0,0,0,0,0,0,0,0,0,0,0,0,0,0,0,2,3,0,0,0,0,0,0,0,0,0,0,0,0,0,0,0,0,0,0,0,0,0,0,0,0,0,0,0,0,0,0,0,0,0,0,0,0,0,0,0,0,0,0,0,3,2,5,2,0,0,0,0,0,0,0,0,0,0,0,0,0,0,0,0,0,0,0,0,0,0,0,0,0,0,0,0,0,0,0,0,0,0,0,0,0,0,0,0,0,0,0,0,0,0,0,0,0,0,0,0,0,0,0,0,0,0,0,0,0,0,0,0,0,0,0,0,0,0,0,0,0,0,0,0,0,0,0,0,0,0,0,0,0,0,0,0,0,0,0,0,0,0,0,0,0,0,0,0,0,0,0,0,0,0,0,0,0,0,0,0,0,0,0,0,0,0,0,0,0,0,0,0,0,0,0,0,0,0,0,0,0,0,0,0,0,0,0,5,3,2,2,2,2,2,2,4,2,1,4,1,2,2,2,1,4,1,1,5,2,2,2,2,5,2,3,3,2,5,2,2,3,5,0,0,0,0,0,0,0,0,0,0,0,0,0,0,0,0,0,0,0,0,0,0,0,2,5,2,5,3,2,0,0,0,0,0,0,0,0,5,0,0,0,2,3,2,2,2,2,0,0,0,0,0,2,2,2,2,2,0,0,0,1,2,3,1,2,2,2,0,0,0,0,0,2,3,2,2,3,2,2,4,2,0,0,0,0,0,0,0,0,3,2,1,5,4,2,0,0,0,0,3,0,0,0,0,0,0,0,0,0,0,0,0,0,0,0,0,0,2,0,0,2,0,0,0,0,0,0,0,0,0,0,0,0,0,0,0,0,0,0,0,0,0,0,0,0,0,0,0,0,0,0,0,0,0,0,0,0,0,0,0,0,0,0,0,0,0,0,0,0,0,0,0,0,0,0,0,0,0,0,0,0,0,0,0,0,0,0,0,0,0,0,0,0,0,0,0,0,0,2,2,0,2,0,0,0,0,0,2,2,2,0,2,3,2,3,3,1,1,3,1,2,2,0,0,0,0,0,0,0,2,2,2,2,3,1,5,2,2,5,0,4,2,0,0,0,0,2,3,5,2,0,0,0,0,0,0,0,0,0,0,0,0,0,0,0,0,0,0,0,0,0,0,0,0,0,0,0,0,0,0,0,0,0,0,0,0,0,0,0,0,0,0,0,0,0,0,0,0,0,0,0,0,0,0,0,0,0,0,0,0,0,0,0,0,0,0,0,0,0,0,0,0,0,0,0,0,0,0,0,0,0,0,0,0,0,0,0,0,0,0,0,0,0,0,0,0,2,1,1,3,2,3,2,2,5,1,5,5,2,1,4,3,0,0,0,0,0,0,0,0,0,0,0,0,0,0,0,0,0,0,0,0,0,0,0,0,0,0,0,0,0,0,0,0,0,0,0,0,0,0,0,0,0,0,0,0,0,0,0,0,0,0,0,0,0,0,0,0,0,0,0,0,0,0,0,0,0,0,0,0,0,0,0,0,0,0,0,0,0,0,0,0,0,0,0,0,0,0,0,0,0,0,0,0,0,0,0,0,0,0,0,0,0,0,0,0,0,0,0,0,0,0,0,0,0,0,0,0,0,0,0,0,0,0,0,0,0,0,0,0,0,0,0,0,0,0,0,0,0,0,0,0,0,0,0,0,0,0,0,0,0,0,0,0,0,0,0,0,0,0,0,0,0,0,0,0,0,0,0,0,0,0,0,0,0,0,0,0,0,0,0,0,0,0,0,0,0,0,0,0,0,0,0,0,0,0,0,0,0,0,0,0,0,0,0,0,0,0,0,0,0,0,0,0,0,0,0,0,0,0,0,0,0,0,0,0,0,0,0,0,0,0,0,0,0,0,0,0,0,0,0,0,0,0,0,0,0,0,0,0,0,0,0,0,0,0,0,0,0,0,0,0,0,0,0,0,0,0,0,0,0,0,0,0,0,0,0,0,0,0,0,0,0,0,0,0,3,2,3,5,5,3,3,3,3,3,2,2,2,3,5,5,3,0,0,0,0,0,0,0,0,0,0,0,0,0,0,0,0,0,0,0,0,0,0,0,0,0,0,0,0,0,0,0,0,0,0,0,0,0,0,0,0,0,0,0,0,0,0,0,0,0,0,0,0,0,0,0,0,0,0,0,0,0,0,0,0,0,0,0,0,0,0,0,0,0,0,0,0,0,0,0,0,0,0,0,0,0,0,0,0,0,0,0,0,0,0,0,0,0,0,0,0,0,0,0,0,0,0,0,0,0,0,0,0,0,0,0,0,0,0,0,0,0,0,0,0,0,0,0,0,0,3,3,3,5,3,1,3,3,1,3,3,2,0,0,0,0,0,0,0,0,0,0,0,0,0,0,0,0,0,0,0,0,0,0,0,0,0,0,0,0,0,0,0,0,0,0,0,0,0,0,0,0,0,0,0,0,0,0,0,0,0,0,0,0,0,0,0,0,0.9713842272758484,-3.366668939590454,-3.0884995460510254,7.277779102325439,-0.0755767598748207,-0.9340383410453796,-11.936777114868164,0.9583887457847596,12.446582794189451,6.8829498291015625,-6.602547645568848,-0.3290899097919464,-12.842764854431152,0.2657548785209656,-5.277520656585693,-1.1584792137145996,5.608755588531494,-3.933885097503662,-4.060792922973633,6.9813971519470215,0.7046554684638977,8.189608573913574,18.921056747436523,5.947081565856934,-9.995569229125977,-1.1391470432281494,2.6417882442474365,-9.53453254699707,1.8068565130233765,1.403380036354065,13.936960220336914,-10.06471347808838,-4.553380966186523,-8.119438171386719,2.8188605308532715,-0.9486684203147888,1.6578025817871094,1.4708787202835083,9.515302658081056,5.654909133911133,-2.1590044498443604,-1.728759527206421,-7.362399101257324,-0.1345096975564956,-13.758996963500977,4.591160297393799,0.314951628446579,7.311923027038574,-8.68846607208252,4.054366111755371,6.8864359855651855,-7.610382080078125,-3.8904247283935542,-12.006784439086914,-5.971635341644287,-7.573371887207031,-2.3301055431365967,-2.643963098526001,6.071331977844238,4.594817161560059,-1.5974479913711548,-9.77188777923584,-2.096640586853028,4.625289440155029,-16.161693572998047,0.5766876339912415,10.571102142333984,2.673659563064575,-2.43997573852539,3.14119291305542,-8.340346336364746,0.1885878890752792,9.807476997375488,-6.805304050445557,-4.243845462799072,7.726508140563965,-7.272520542144775,4.712196350097656,-1.6762726306915283,4.888124465942383,6.56926965713501,-2.142460584640503,-7.095649719238281,-11.209465980529783,1.672358751296997,-3.312996387481689,-9.337288856506348,3.894201517105103,4.805305004119873,-2.519250869750977,6.431056499481201,3.073882818222046,3.933270931243897,10.693224906921388,1.599703311920166,-1.056033492088318,4.740982532501221,3.454063415527344,6.659708023071289,3.685460329055786,-4.60028600692749,-8.268738746643066,-7.324813365936279,-12.76994514465332,3.408257007598877,-8.674546241760254,-2.152968168258667,3.1259982585906982,2.002814769744873,-7.028753280639648,-15.576931953430176,3.596619844436645,6.112708568572998,-1.0220266580581665,3.258923292160034,-5.345901966094971,8.935426712036133,10.076933860778809,-3.6748239994049072,7.244877338409424,-11.47347927093506,0.878095805644989,-6.09730339050293,7.091480255126953,5.188449859619141,-8.87243366241455,-10.823286056518556,-1.1914691925048828,-4.191603183746338,-0.320975512266159,-0.845604419708252,1.937211871147156,10.781679153442385,14.78964900970459,-2.8163812160491943,15.410582542419434,15.055490493774414,1.2982195615768433,12.650044441223145,-3.5776619911193848,10.1541109085083,-1.3603733777999878,-1.7558047771453855,-0.3003870248794555,12.42360782623291,9.795700073242188,3.096344470977783,0.99335777759552,1.7527363300323486,9.26771068572998,6.238872528076172,0.6974259614944458,9.321921348571776,-2.4630684852600098,-1.523471713066101,3.837757110595703,-7.594368457794189,-6.768369197845459,4.155818939208984,-8.678314208984375,-2.3275668621063232,-2.848755121231079,-7.389026641845703,3.752022504806519,0.3693422377109527,-9.06565284729004,0.5977880358695984,-3.303288459777832,2.0787129402160645,6.240387439727783,-7.0850749015808105,-3.3072783946990967,13.540186882019045,-3.3921008110046387,-0.585562527179718,2.353506088256836,5.751270771026611,-3.33703088760376,-5.128508567810059,11.675183296203612,-3.7148568630218506,10.617349624633787,-2.6083109378814697,7.135805130004883,10.828228950500488,-3.1476731300354004,-3.592829704284668,-2.3999581336975098,-7.32598066329956,-5.69410514831543,-2.497578382492065,-0.9159145951271056,-2.161079168319702,-0.0501139909029006,3.89465856552124,0.3882358074188232,-5.725433826446533,-10.714265823364258,-0.7080478668212891,0.1628227084875106,3.1359031200408936,2.516541004180908,7.425937652587891,1.184342861175537,6.060147285461426,-3.10888934135437,13.745829582214355,5.670139312744141,12.578795433044434,-2.578437566757202,14.394244194030762,-0.7047602534294128,5.193727016448975,-4.625306129455566,3.22434139251709,2.870828628540039,1.1037181615829468,5.256168365478516,-7.873845100402832,6.279520988464356,1.2168622016906738,-8.528427124023438,-1.1042863130569458,-0.1727311611175537,2.795708417892456,-3.4814605712890625,-2.49369215965271,3.225606203079224,7.69734525680542,-10.303022384643556,3.4705922603607178,-2.57037615776062,-8.705732345581055,-13.246283531188965,-3.567317247390747,-3.931422710418701,-4.781245231628418,-2.61921763420105,-6.298027038574219,10.753888130187988,4.266711711883545,1.0296987295150757,3.264444351196289,1.4669493436813354,-3.53209924697876,2.887511968612671,-13.550487518310549,-7.584421157836914,0.3165881037712097,-6.45043420791626,-17.01247215270996,3.468599319458008,-1.4735126495361328,0.2097974717617035,-13.262064933776855,-0.3639358580112457,4.980057239532471,-9.49604320526123,7.150979042053223,-6.946804523468018,-1.0871474742889404,8.180675506591797,7.026272773742676,11.84657382965088,3.6006691455841064,-4.311614990234375,-8.273907661437988,6.793598175048828,1.0423253774642944,-6.315805912017822,-2.591095209121704,5.5912628173828125,-1.3209707736968994,6.238230705261231,0.7294480800628662,-4.954935550689697,-1.6737403869628906,-4.865635871887207,0.5438303351402283,-0.0183616168797016,-8.435930252075195,-7.428674697875977,-19.24247932434082,-5.957110404968262,-0.0606818944215774,2.7296431064605717,1.0171568393707275,-2.899733066558838,-8.186856269836426,-0.9022436141967772,-1.335368275642395,12.209802627563477,14.588579177856444,0.7044236063957214,-9.70857048034668,-3.079355239868164,-5.80072021484375,-3.3200368881225586,-12.428296089172363,-4.186771392822266,-1.0,2.9030899869919438
OXYR_HUMAN,CHEMBL3353939,CCC(C)C1NC(=O)C(Cc2ccc(O)cc2)NC(=O)CCSSCC(C(=O)N(CC(=O)NC(CC(C)C)C(=O)NCC(N)=O)C2CCCC2)NC(=O)C(CC(N)=O)NC(=O)C(CCC(N)=O)NC1=O,0,0,0,0,0,0,0,0,0,0,0,0,0,0,0,0,0,0,0,0,0,0,0,0,0,0,0,0,0,0,0,0,0,0,0,0,0,0,0,0,0,0,0,0,0,0,0,0,0,0,0,0,0,0,0,0,0,0,0,0,0,0,0,0,0,0,0,0,0,0,0,0,0,0,0,0,0,0,0,0,0,0,0,0,0,0,0,0,0,0,0,0,0,0,0,0,0,0,0,0,0,0,0,0,0,0,0,0,0,0,0,0,0,0,0,0,0,0,0,0,0,0,0,0,0,0,0,0,0,0,0,0,0,0,0,0,0,0,0,0,0,0,0,0,0,0,0,0,0,0,0,0,0,0,0,0,0,0,0,0,0,0,0,0,0,0,0,0,0,0,0,0,0,0,0,0,0,0,0,0,0,0,0,0,0,2,4,1,2,2,2,2,3,2,3,2,4,2,2,3,2,0,0,0,0,0,0,0,0,0,0,0,0,0,0,0,0,3,2,2,1,0,0,0,0,0,0,0,0,0,0,0,0,0,0,0,0,0,1,1,2,4,1,3,0,0,0,0,0,0,0,0,0,0,0,5,3,0,0,0,0,0,0,0,0,0,0,0,0,0,0,0,0,0,0,0,0,0,0,0,0,0,0,0,0,0,0,0,0,0,0,0,0,0,0,0,0,0,0,0,0,0,0,0,0,0,0,0,0,0,0,0,0,0,0,0,0,0,0,0,0,0,0,0,0,0,0,0,0,0,0,0,0,0,0,0,0,0,0,0,0,0,0,0,0,0,0,0,0,0,0,0,0,0,0,0,0,0,0,0,0,0,0,0,0,0,0,0,0,0,0,0,0,0,0,0,0,0,0,0,0,0,0,0,0,0,0,0,0,0,0,0,0,0,0,0,0,0,0,0,0,0,0,0,0,0,0,0,0,0,0,0,0,0,0,0,0,0,0,0,0,0,0,0,0,0,0,0,0,0,0,0,0,2,1,1,1,5,5,3,0,0,0,0,0,0,0,0,0,0,0,0,0,0,0,0,0,0,0,0,0,0,0,0,0,0,0,0,0,0,0,0,0,0,0,0,0,0,0,0,0,0,0,0,0,0,0,0,0,0,0,0,0,0,0,0,0,0,0,0,0,0,0,0,0,0,0,0,0,0,0,0,0,0,0,0,0,0,0,0,0,0,0,0,0,0,0,0,0,0,0,0,0,0,0,0,0,0,0,0,0,0,0,0,0,0,0,0,0,0,0,0,0,0,0,0,0,0,0,0,0,0,0,0,0,0,0,0,0,0,0,0,0,0,0,0,0,0,0,0,0,0,0,0,0,0,0,0,0,4,2,2,2,5,2,4,2,0,0,0,0,0,0,0,0,0,0,0,0,0,0,0,0,0,2,2,2,1,2,0,2,2,0,0,0,0,0,0,0,0,0,0,0,2,2,2,2,3,1,3,2,1,0,0,0,0,0,0,2,2,2,2,2,0,0,5,0,0,0,0,3,3,0,0,0,0,0,0,0,0,0,0,0,5,3,5,5,0,0,0,0,0,3,0,0,0,0,0,0,0,5,2,2,2,2,2,5,0,0,0,0,0,0,0,0,0,0,0,0,0,0,0,5,2,3,0,2,2,4,0,0,0,0,0,0,0,0,0,0,0,0,0,0,0,0,0,0,0,0,0,0,0,0,0,0,0,0,0,0,0,0,2,2,2,2,2,2,3,2,2,0,0,0,0,0,0,0,0,0,0,0,0,0,0,0,0,0,0,0,0,0,0,0,0,1,3,2,2,0,0,0,0,0,0,0,0,0,0,0,0,0,0,0,0,0,0,0,0,0,0,0,0,0,0,0,0,0,2,4,2,3,2,5,2,2,1,0,1,4,2,0,0,0,0,0,2,1,0,0,0,0,0,0,0,0,0,0,0,0,0,0,0,0,0,0,0,0,0,0,0,0,0,0,0,0,0,0,0,0,0,0,0,0,0,0,0,0,0,0,0,0,0,0,0,5,0,2,2,5,0,2,2,3,2,2,1,2,2,2,0,0,0,3,3,2,2,0,0,0,0,0,0,0,0,0,0,0,0,2,2,0,0,0,0,0,0,0,0,0,0,0,0,0,0,0,0,0,0,0,0,0,0,0,0,0,0,0,0,0,0,0,2,2,3,2,4,5,0,0,0,0,0,0,0,0,0,0,0,0,0,0,0,0,0,0,0,0,0,0,0,0,0,0,0,0,0,0,0,0,0,0,1,0,0,0,0,0,0,0,0,0,0,0,0,0,0,0,0,0,0,0,0,0,0,0,0,0,0,2,2,0,0,0,0,0,0,2,0,1,3,1,2,0,0,0,0,0,0,0,0,0,0,0,0,0,0,0,0,0,0,0,0,0,0,0,0,0,0,0,0,5,3,0,0,0,0,2,5,5,0,0,5,3,0,0,0,0,0,0,0,0,0,0,0,0,0,0,0,4,5,0,0,0,0,2,2,2,0,0,0,0,2,2,3,2,2,0,0,0,1,1,2,2,2,3,0,0,2,1,3,2,5,0,0,0,0,0,0,0,0,0,0,0,0,2,2,3,0,0,0,0,0,0,0,0,0,0,0,0,0,0,0,0,0,0,0,0,0,0,0,0,0,0,0,0,0,0,0,0,0,0,0,0,0,0,0,2,5,0,0,0,0,4,0,0,0,0,0,0,0,0,0,0,0,0,0,0,0,0,0,0,0,0,0,0,0,0,0,0,0,0,0,0,0,0,0,0,0,0,0,0,0,0,0,0,0,0,0,0,0,0,0,0,0,0,0,0,0,0,0,0,0,0,0,0,0,0,0,0,0,0,0,0,0,0,0,0,0,0,0,0,0,0,0,0,0,0,0,0,0,0,0,0,0,0,0,2,2,0,0,4,1,2,2,4,0,0,0,0,0,1,2,2,2,0,0,0,0,0,0,0,0,0,0,0,0,0,0,0,0,0,0,0,0,0,0,0,0,0,0,0,0,0,0,0,0,0,0,0,0,0,0,0,0,0,0,0,2,2,0,0,0,0,0,0,0,0,0,0,0,0,0,0,0,0,3,1,2,1,1,0,0,0,0,5,0,0,0,0,0,0,0,2,2,0,0,0,0,0,0,0,0,2,3,2,2,0,0,0,3,2,2,2,2,0,2,2,1,2,2,0,2,2,0,0,0,0,0,0,0,0,0,0,0,0,0,0,0,0,0,0,2,2,1,0,0,0,0,0,0,0,0,0,0,0,0,0,0,0,0,2,1,2,2,3,2,0,0,0,0,0,0,0,5,2,0,0,0,0,0,0,0,0,0,0,0,0,0,0,0,0,2,3,0,0,0,0,0,0,0,0,0,0,0,0,0,0,0,0,0,0,0,0,0,0,0,0,0,0,0,0,0,0,0,0,0,0,0,0,0,0,0,0,0,0,0,3,2,5,2,0,0,0,0,0,0,0,0,0,0,0,0,0,0,0,0,0,0,0,0,0,0,0,0,0,0,0,0,0,0,0,0,0,0,0,0,0,0,0,0,0,0,0,0,0,0,0,0,0,0,0,0,0,0,0,0,0,0,0,0,0,0,0,0,0,0,0,0,0,0,0,0,0,0,0,0,0,0,0,0,0,0,0,0,0,0,0,0,0,0,0,0,0,0,0,0,0,0,0,0,0,0,0,0,0,0,0,0,0,0,0,0,0,0,0,0,0,0,0,0,0,0,0,0,0,0,0,0,0,0,0,0,0,0,0,0,0,0,0,5,3,2,2,2,2,2,2,4,2,1,4,1,2,2,2,1,4,1,1,5,2,2,2,2,5,2,3,3,2,5,2,2,3,5,0,0,0,0,0,0,0,0,0,0,0,0,0,0,0,0,0,0,0,0,0,0,0,2,5,2,5,3,2,0,0,0,0,0,0,0,0,5,0,0,0,2,3,2,2,2,2,0,0,0,0,0,2,2,2,2,2,0,0,0,1,2,3,1,2,2,2,0,0,0,0,0,2,3,2,2,3,2,2,4,2,0,0,0,0,0,0,0,0,3,2,1,5,4,2,0,0,0,0,3,0,0,0,0,0,0,0,0,0,0,0,0,0,0,0,0,0,2,0,0,2,0,0,0,0,0,0,0,0,0,0,0,0,0,0,0,0,0,0,0,0,0,0,0,0,0,0,0,0,0,0,0,0,0,0,0,0,0,0,0,0,0,0,0,0,0,0,0,0,0,0,0,0,0,0,0,0,0,0,0,0,0,0,0,0,0,0,0,0,0,0,0,0,0,0,0,0,0,2,2,0,2,0,0,0,0,0,2,2,2,0,2,3,2,3,3,1,1,3,1,2,2,0,0,0,0,0,0,0,2,2,2,2,3,1,5,2,2,5,0,4,2,0,0,0,0,2,3,5,2,0,0,0,0,0,0,0,0,0,0,0,0,0,0,0,0,0,0,0,0,0,0,0,0,0,0,0,0,0,0,0,0,0,0,0,0,0,0,0,0,0,0,0,0,0,0,0,0,0,0,0,0,0,0,0,0,0,0,0,0,0,0,0,0,0,0,0,0,0,0,0,0,0,0,0,0,0,0,0,0,0,0,0,0,0,0,0,0,0,0,0,0,0,0,0,0,2,1,1,3,2,3,2,2,5,1,5,5,2,1,4,3,0,0,0,0,0,0,0,0,0,0,0,0,0,0,0,0,0,0,0,0,0,0,0,0,0,0,0,0,0,0,0,0,0,0,0,0,0,0,0,0,0,0,0,0,0,0,0,0,0,0,0,0,0,0,0,0,0,0,0,0,0,0,0,0,0,0,0,0,0,0,0,0,0,0,0,0,0,0,0,0,0,0,0,0,0,0,0,0,0,0,0,0,0,0,0,0,0,0,0,0,0,0,0,0,0,0,0,0,0,0,0,0,0,0,0,0,0,0,0,0,0,0,0,0,0,0,0,0,0,0,0,0,0,0,0,0,0,0,0,0,0,0,0,0,0,0,0,0,0,0,0,0,0,0,0,0,0,0,0,0,0,0,0,0,0,0,0,0,0,0,0,0,0,0,0,0,0,0,0,0,0,0,0,0,0,0,0,0,0,0,0,0,0,0,0,0,0,0,0,0,0,0,0,0,0,0,0,0,0,0,0,0,0,0,0,0,0,0,0,0,0,0,0,0,0,0,0,0,0,0,0,0,0,0,0,0,0,0,0,0,0,0,0,0,0,0,0,0,0,0,0,0,0,0,0,0,0,0,0,0,0,0,0,0,0,0,0,0,0,0,0,0,0,0,0,0,0,0,0,0,0,0,0,0,3,2,3,5,5,3,3,3,3,3,2,2,2,3,5,5,3,0,0,0,0,0,0,0,0,0,0,0,0,0,0,0,0,0,0,0,0,0,0,0,0,0,0,0,0,0,0,0,0,0,0,0,0,0,0,0,0,0,0,0,0,0,0,0,0,0,0,0,0,0,0,0,0,0,0,0,0,0,0,0,0,0,0,0,0,0,0,0,0,0,0,0,0,0,0,0,0,0,0,0,0,0,0,0,0,0,0,0,0,0,0,0,0,0,0,0,0,0,0,0,0,0,0,0,0,0,0,0,0,0,0,0,0,0,0,0,0,0,0,0,0,0,0,0,0,0,3,3,3,5,3,1,3,3,1,3,3,2,0,0,0,0,0,0,0,0,0,0,0,0,0,0,0,0,0,0,0,0,0,0,0,0,0,0,0,0,0,0,0,0,0,0,0,0,0,0,0,0,0,0,0,0,0,0,0,0,0,0,0,0,0,0,0,0,1.9409197568893437,-5.089300632476807,-5.074700355529785,5.987116813659668,4.974732398986816,-17.653879165649414,-29.354476928710938,-5.099961757659912,24.850481033325195,-4.078495025634766,4.276501655578613,21.148941040039062,0.348314881324768,13.7188720703125,-31.77899169921875,0.6674866676330566,23.504318237304688,-29.141502380371094,-30.656400680541992,34.84894180297852,7.194830894470215,18.023820877075195,57.61823654174805,16.518163681030273,-16.653377532958984,6.212188243865967,-17.073150634765625,-36.31831359863281,2.2638986110687256,-13.917850494384766,19.60821914672852,-10.36237335205078,-16.80475616455078,1.064297795295715,-2.215930461883545,9.823917388916016,3.829240322113037,-2.9938628673553467,20.882612228393555,20.623933792114254,2.217034339904785,2.29661226272583,-6.247814655303955,-10.914055824279783,-25.430286407470703,19.48168563842773,11.60365104675293,40.12797164916992,-9.540390968322754,0.3190672993659973,10.234777450561523,-25.874683380126957,1.2278268337249756,-20.247556686401367,-34.02056121826172,-22.138154983520508,-15.031858444213867,15.975122451782228,6.237698554992676,10.399181365966797,1.7612448930740356,-17.875795364379883,-17.7874755859375,14.238460540771484,-42.72618865966797,4.532938003540039,19.77617645263672,10.726630210876465,-19.221332550048828,-0.9699214100837708,-7.401093006134033,13.061525344848633,14.598403930664062,-31.84793472290039,-1.8049097061157229,5.460475444793701,-27.63612365722656,0.0348139405250549,7.87358283996582,1.82841956615448,18.02693748474121,1.667357087135315,-9.027243614196776,-40.46339797973633,18.001708984375,-12.487455368041992,-9.923012733459473,5.406970500946045,8.200518608093262,-3.7392771244049072,5.867022514343262,15.090177536010742,15.403831481933594,7.218871593475342,6.170547962188721,-4.322073459625244,18.84479331970215,11.540054321289062,18.001638412475586,-9.164806365966797,-7.080533027648926,-20.67959213256836,-23.824222564697266,-11.656586647033691,11.36607837677002,-30.447534561157227,-15.738061904907228,12.670350074768066,7.224526405334473,-19.85335731506348,-21.264986038208008,17.382553100585938,8.167576789855957,-12.336387634277344,-5.375372886657715,-9.204380989074709,17.48478126525879,22.980945587158203,-3.942602396011353,6.313950061798096,-13.30812644958496,14.902536392211914,-1.4753179550170898,32.923614501953125,1.139343023300171,-35.53182601928711,-31.29720497131348,3.6740317344665527,-15.40560245513916,0.0565771460533142,1.529399871826172,-4.411386966705322,15.38384246826172,39.30292510986328,7.028893947601318,31.821630477905277,-2.439155340194702,-7.9127092361450195,17.74827003479004,-14.159941673278809,25.132118225097656,-1.77203106880188,-10.402310371398926,-5.649696826934815,14.637104988098145,3.504063606262207,5.916300296783447,7.532578468322754,12.442828178405762,34.599266052246094,-3.690832138061523,16.917539596557617,16.788711547851562,-22.81426239013672,-5.4860663414001465,0.5744606256484985,-16.860654830932617,-3.8886780738830566,-0.3442584872245788,-18.196319580078125,8.250554084777832,12.197117805480955,-12.778525352478027,6.253945827484131,15.816563606262209,-24.846160888671875,11.772361755371094,-9.90195369720459,2.965252637863159,17.170448303222656,-13.559107780456545,-20.469202041625977,36.88569259643555,-7.884431838989258,14.909279823303224,-3.779520273208618,13.72914695739746,-3.396193742752075,-12.6332426071167,23.391956329345703,-13.021657943725586,24.433372497558597,-1.0806145668029783,29.66527938842773,11.797144889831545,-10.920032501220703,1.6702009439468384,3.693533182144165,-7.019908905029297,-18.8245849609375,3.8552303314208975,-8.004778861999512,-16.69211769104004,6.056520938873291,12.793231010437012,4.330808162689209,0.5642750263214111,-29.05025291442871,-8.926305770874023,-8.918344497680664,-0.9797497391700744,-5.774680137634277,9.515653610229492,-5.7093119621276855,-4.166820526123047,-7.439876079559326,33.327720642089844,27.61820411682129,26.54745101928711,-15.694958686828612,31.54128646850586,-0.6353639960289001,33.44111633300781,-16.436708450317383,13.02067756652832,-2.055225372314453,13.597399711608888,10.684914588928224,-9.904901504516602,15.512393951416016,11.526875495910645,-21.82364845275879,-8.321089744567871,1.805723786354065,8.109857559204102,-14.666966438293455,-3.469452142715454,-3.838837146759033,11.629798889160156,-26.372285842895508,6.979866981506348,-3.84930944442749,-20.733360290527344,-23.81540870666504,3.716873168945313,-26.57967567443848,-6.281059265136719,-8.32589340209961,-7.358756065368652,29.26563262939453,19.813669204711918,-28.20536422729492,20.89563369750977,-6.211845397949219,-3.769698858261109,23.69270133972168,-42.7427978515625,-15.916549682617188,3.369951009750366,13.279711723327637,-46.52145385742188,11.158644676208496,11.904879570007324,-6.827383518218994,-25.21517372131348,18.626270294189453,3.5309455394744877,-15.905048370361328,33.77050018310547,-25.80958366394043,-8.466927528381348,8.582025527954102,2.8417444229125977,18.021181106567383,-2.7058634757995605,-23.949277877807617,-10.328572273254396,2.6364519596099854,6.546602249145508,-19.916391372680664,2.9275095462799072,11.43177318572998,-13.476157188415527,3.7569425106048575,-0.2116486728191375,-22.298992156982425,-10.182997703552246,-8.688395500183105,-12.415895462036133,20.699296951293945,-13.333474159240724,-19.55234146118164,-23.679931640625,-13.909449577331545,-11.295248031616213,14.488404273986816,0.4519179463386535,-2.4115312099456787,-10.84519100189209,-10.001216888427734,7.938169002532959,33.17881774902344,10.721420288085938,10.46202278137207,-29.29065322875977,-20.583904266357425,-16.850126266479492,-23.9420166015625,-43.43209838867188,-1.3844772577285769,1.0,0.01
OXYR_HUMAN,CHEMBL489386,CCOc1ccc(-c2nnc(COC)n2-c2ccc(OC)nc2)cc1Cl,0,0,0,0,0,0,0,0,0,0,0,0,0,0,0,0,0,0,0,0,0,0,0,0,0,0,0,0,0,0,0,0,0,0,0,0,0,0,0,0,0,0,0,0,0,0,0,0,0,0,0,0,0,0,0,0,0,0,0,0,0,0,0,0,0,0,0,0,0,0,0,0,0,0,0,0,0,0,0,0,0,0,0,0,0,0,0,0,0,0,0,0,0,0,0,0,0,0,0,0,0,0,0,0,0,0,0,0,0,0,0,0,0,0,0,0,0,0,0,0,0,0,0,0,0,0,0,0,0,0,0,0,0,0,0,0,0,0,0,0,0,0,0,0,0,0,0,0,0,0,0,0,0,0,0,0,0,0,0,0,0,0,0,0,0,0,0,0,0,0,0,0,0,0,0,0,0,0,0,0,0,0,0,0,0,2,4,1,2,2,2,2,3,2,3,2,4,2,2,3,2,0,0,0,0,0,0,0,0,0,0,0,0,0,0,0,0,3,2,2,1,0,0,0,0,0,0,0,0,0,0,0,0,0,0,0,0,0,1,1,2,4,1,3,0,0,0,0,0,0,0,0,0,0,0,5,3,0,0,0,0,0,0,0,0,0,0,0,0,0,0,0,0,0,0,0,0,0,0,0,0,0,0,0,0,0,0,0,0,0,0,0,0,0,0,0,0,0,0,0,0,0,0,0,0,0,0,0,0,0,0,0,0,0,0,0,0,0,0,0,0,0,0,0,0,0,0,0,0,0,0,0,0,0,0,0,0,0,0,0,0,0,0,0,0,0,0,0,0,0,0,0,0,0,0,0,0,0,0,0,0,0,0,0,0,0,0,0,0,0,0,0,0,0,0,0,0,0,0,0,0,0,0,0,0,0,0,0,0,0,0,0,0,0,0,0,0,0,0,0,0,0,0,0,0,0,0,0,0,0,0,0,0,0,0,0,0,0,0,0,0,0,0,0,0,0,0,0,0,0,0,0,0,2,1,1,1,5,5,3,0,0,0,0,0,0,0,0,0,0,0,0,0,0,0,0,0,0,0,0,0,0,0,0,0,0,0,0,0,0,0,0,0,0,0,0,0,0,0,0,0,0,0,0,0,0,0,0,0,0,0,0,0,0,0,0,0,0,0,0,0,0,0,0,0,0,0,0,0,0,0,0,0,0,0,0,0,0,0,0,0,0,0,0,0,0,0,0,0,0,0,0,0,0,0,0,0,0,0,0,0,0,0,0,0,0,0,0,0,0,0,0,0,0,0,0,0,0,0,0,0,0,0,0,0,0,0,0,0,0,0,0,0,0,0,0,0,0,0,0,0,0,0,0,0,0,0,0,0,4,2,2,2,5,2,4,2,0,0,0,0,0,0,0,0,0,0,0,0,0,0,0,0,0,2,2,2,1,2,0,2,2,0,0,0,0,0,0,0,0,0,0,0,2,2,2,2,3,1,3,2,1,0,0,0,0,0,0,2,2,2,2,2,0,0,5,0,0,0,0,3,3,0,0,0,0,0,0,0,0,0,0,0,5,3,5,5,0,0,0,0,0,3,0,0,0,0,0,0,0,5,2,2,2,2,2,5,0,0,0,0,0,0,0,0,0,0,0,0,0,0,0,5,2,3,0,2,2,4,0,0,0,0,0,0,0,0,0,0,0,0,0,0,0,0,0,0,0,0,0,0,0,0,0,0,0,0,0,0,0,0,2,2,2,2,2,2,3,2,2,0,0,0,0,0,0,0,0,0,0,0,0,0,0,0,0,0,0,0,0,0,0,0,0,1,3,2,2,0,0,0,0,0,0,0,0,0,0,0,0,0,0,0,0,0,0,0,0,0,0,0,0,0,0,0,0,0,2,4,2,3,2,5,2,2,1,0,1,4,2,0,0,0,0,0,2,1,0,0,0,0,0,0,0,0,0,0,0,0,0,0,0,0,0,0,0,0,0,0,0,0,0,0,0,0,0,0,0,0,0,0,0,0,0,0,0,0,0,0,0,0,0,0,0,5,0,2,2,5,0,2,2,3,2,2,1,2,2,2,0,0,0,3,3,2,2,0,0,0,0,0,0,0,0,0,0,0,0,2,2,0,0,0,0,0,0,0,0,0,0,0,0,0,0,0,0,0,0,0,0,0,0,0,0,0,0,0,0,0,0,0,2,2,3,2,4,5,0,0,0,0,0,0,0,0,0,0,0,0,0,0,0,0,0,0,0,0,0,0,0,0,0,0,0,0,0,0,0,0,0,0,1,0,0,0,0,0,0,0,0,0,0,0,0,0,0,0,0,0,0,0,0,0,0,0,0,0,0,2,2,0,0,0,0,0,0,2,0,1,3,1,2,0,0,0,0,0,0,0,0,0,0,0,0,0,0,0,0,0,0,0,0,0,0,0,0,0,0,0,0,5,3,0,0,0,0,2,5,5,0,0,5,3,0,0,0,0,0,0,0,0,0,0,0,0,0,0,0,4,5,0,0,0,0,2,2,2,0,0,0,0,2,2,3,2,2,0,0,0,1,1,2,2,2,3,0,0,2,1,3,2,5,0,0,0,0,0,0,0,0,0,0,0,0,2,2,3,0,0,0,0,0,0,0,0,0,0,0,0,0,0,0,0,0,0,0,0,0,0,0,0,0,0,0,0,0,0,0,0,0,0,0,0,0,0,0,2,5,0,0,0,0,4,0,0,0,0,0,0,0,0,0,0,0,0,0,0,0,0,0,0,0,0,0,0,0,0,0,0,0,0,0,0,0,0,0,0,0,0,0,0,0,0,0,0,0,0,0,0,0,0,0,0,0,0,0,0,0,0,0,0,0,0,0,0,0,0,0,0,0,0,0,0,0,0,0,0,0,0,0,0,0,0,0,0,0,0,0,0,0,0,0,0,0,0,0,2,2,0,0,4,1,2,2,4,0,0,0,0,0,1,2,2,2,0,0,0,0,0,0,0,0,0,0,0,0,0,0,0,0,0,0,0,0,0,0,0,0,0,0,0,0,0,0,0,0,0,0,0,0,0,0,0,0,0,0,0,2,2,0,0,0,0,0,0,0,0,0,0,0,0,0,0,0,0,3,1,2,1,1,0,0,0,0,5,0,0,0,0,0,0,0,2,2,0,0,0,0,0,0,0,0,2,3,2,2,0,0,0,3,2,2,2,2,0,2,2,1,2,2,0,2,2,0,0,0,0,0,0,0,0,0,0,0,0,0,0,0,0,0,0,2,2,1,0,0,0,0,0,0,0,0,0,0,0,0,0,0,0,0,2,1,2,2,3,2,0,0,0,0,0,0,0,5,2,0,0,0,0,0,0,0,0,0,0,0,0,0,0,0,0,2,3,0,0,0,0,0,0,0,0,0,0,0,0,0,0,0,0,0,0,0,0,0,0,0,0,0,0,0,0,0,0,0,0,0,0,0,0,0,0,0,0,0,0,0,3,2,5,2,0,0,0,0,0,0,0,0,0,0,0,0,0,0,0,0,0,0,0,0,0,0,0,0,0,0,0,0,0,0,0,0,0,0,0,0,0,0,0,0,0,0,0,0,0,0,0,0,0,0,0,0,0,0,0,0,0,0,0,0,0,0,0,0,0,0,0,0,0,0,0,0,0,0,0,0,0,0,0,0,0,0,0,0,0,0,0,0,0,0,0,0,0,0,0,0,0,0,0,0,0,0,0,0,0,0,0,0,0,0,0,0,0,0,0,0,0,0,0,0,0,0,0,0,0,0,0,0,0,0,0,0,0,0,0,0,0,0,0,5,3,2,2,2,2,2,2,4,2,1,4,1,2,2,2,1,4,1,1,5,2,2,2,2,5,2,3,3,2,5,2,2,3,5,0,0,0,0,0,0,0,0,0,0,0,0,0,0,0,0,0,0,0,0,0,0,0,2,5,2,5,3,2,0,0,0,0,0,0,0,0,5,0,0,0,2,3,2,2,2,2,0,0,0,0,0,2,2,2,2,2,0,0,0,1,2,3,1,2,2,2,0,0,0,0,0,2,3,2,2,3,2,2,4,2,0,0,0,0,0,0,0,0,3,2,1,5,4,2,0,0,0,0,3,0,0,0,0,0,0,0,0,0,0,0,0,0,0,0,0,0,2,0,0,2,0,0,0,0,0,0,0,0,0,0,0,0,0,0,0,0,0,0,0,0,0,0,0,0,0,0,0,0,0,0,0,0,0,0,0,0,0,0,0,0,0,0,0,0,0,0,0,0,0,0,0,0,0,0,0,0,0,0,0,0,0,0,0,0,0,0,0,0,0,0,0,0,0,0,0,0,0,2,2,0,2,0,0,0,0,0,2,2,2,0,2,3,2,3,3,1,1,3,1,2,2,0,0,0,0,0,0,0,2,2,2,2,3,1,5,2,2,5,0,4,2,0,0,0,0,2,3,5,2,0,0,0,0,0,0,0,0,0,0,0,0,0,0,0,0,0,0,0,0,0,0,0,0,0,0,0,0,0,0,0,0,0,0,0,0,0,0,0,0,0,0,0,0,0,0,0,0,0,0,0,0,0,0,0,0,0,0,0,0,0,0,0,0,0,0,0,0,0,0,0,0,0,0,0,0,0,0,0,0,0,0,0,0,0,0,0,0,0,0,0,0,0,0,0,0,2,1,1,3,2,3,2,2,5,1,5,5,2,1,4,3,0,0,0,0,0,0,0,0,0,0,0,0,0,0,0,0,0,0,0,0,0,0,0,0,0,0,0,0,0,0,0,0,0,0,0,0,0,0,0,0,0,0,0,0,0,0,0,0,0,0,0,0,0,0,0,0,0,0,0,0,0,0,0,0,0,0,0,0,0,0,0,0,0,0,0,0,0,0,0,0,0,0,0,0,0,0,0,0,0,0,0,0,0,0,0,0,0,0,0,0,0,0,0,0,0,0,0,0,0,0,0,0,0,0,0,0,0,0,0,0,0,0,0,0,0,0,0,0,0,0,0,0,0,0,0,0,0,0,0,0,0,0,0,0,0,0,0,0,0,0,0,0,0,0,0,0,0,0,0,0,0,0,0,0,0,0,0,0,0,0,0,0,0,0,0,0,0,0,0,0,0,0,0,0,0,0,0,0,0,0,0,0,0,0,0,0,0,0,0,0,0,0,0,0,0,0,0,0,0,0,0,0,0,0,0,0,0,0,0,0,0,0,0,0,0,0,0,0,0,0,0,0,0,0,0,0,0,0,0,0,0,0,0,0,0,0,0,0,0,0,0,0,0,0,0,0,0,0,0,0,0,0,0,0,0,0,0,0,0,0,0,0,0,0,0,0,0,0,0,0,0,0,0,0,3,2,3,5,5,3,3,3,3,3,2,2,2,3,5,5,3,0,0,0,0,0,0,0,0,0,0,0,0,0,0,0,0,0,0,0,0,0,0,0,0,0,0,0,0,0,0,0,0,0,0,0,0,0,0,0,0,0,0,0,0,0,0,0,0,0,0,0,0,0,0,0,0,0,0,0,0,0,0,0,0,0,0,0,0,0,0,0,0,0,0,0,0,0,0,0,0,0,0,0,0,0,0,0,0,0,0,0,0,0,0,0,0,0,0,0,0,0,0,0,0,0,0,0,0,0,0,0,0,0,0,0,0,0,0,0,0,0,0,0,0,0,0,0,0,0,3,3,3,5,3,1,3,3,1,3,3,2,0,0,0,0,0,0,0,0,0,0,0,0,0,0,0,0,0,0,0,0,0,0,0,0,0,0,0,0,0,0,0,0,0,0,0,0,0,0,0,0,0,0,0,0,0,0,0,0,0,0,0,0,0,0,0,0,1.5372687578201294,-4.230681896209717,-2.951141119003296,9.884676933288574,1.7853617668151855,0.3579237163066864,-8.921293258666992,-1.934137463569641,6.7121686935424805,0.9904575347900392,-4.060472011566162,0.6538400650024414,-6.938854217529297,0.0144277215003967,-6.709092617034912,-0.188620924949646,4.061019420623779,-5.750119686126709,-1.0770447254180908,8.842849731445312,4.568404674530029,5.473742961883545,13.459589004516602,9.155010223388672,-8.613856315612793,-1.4437719583511353,-0.9808867573738098,-9.463151931762695,1.4187525510787964,0.7964774370193481,10.981172561645508,-9.42425537109375,-5.930791854858398,-7.42435884475708,2.0539910793304443,-0.7312277555465698,-0.8592374920845032,-0.9105109572410583,9.077689170837402,2.292714357376098,-0.2450988590717315,-0.6925944685935974,-6.362353801727295,0.1960776448249817,-9.594598770141602,3.991843223571777,-0.6891623735427856,7.430394172668457,-6.618999481201172,8.337080955505371,4.979764938354492,-7.395690441131592,-2.5370259284973145,-10.580252647399902,-6.162986278533936,-4.648073673248291,-3.5636584758758545,-0.151857703924179,3.077942371368408,5.012837886810303,0.7335596680641174,-8.588458061218262,-4.170048713684082,-0.5720307230949402,-16.308841705322266,-2.3625895977020264,8.263816833496094,-1.2600489854812622,-1.2309439182281494,0.1303599327802658,-5.92878007888794,0.3488008081912994,9.639837265014648,-6.780072212219238,-1.0999473333358765,8.107335090637207,-7.149550914764404,2.867100715637207,-3.720909118652344,2.58052396774292,6.584279537200928,-2.712808132171631,-5.914294242858887,-6.941546440124512,1.4609606266021729,0.138022169470787,-7.948275566101074,6.906301498413086,3.6579623222351074,0.8593187928199768,6.906521797180176,-0.5213156938552856,3.1839499473571777,5.061898708343506,0.9310009479522704,-0.3689451217651367,4.370236396789551,5.013217926025391,6.995485305786133,5.195357322692871,-8.474618911743164,-4.8306403160095215,-5.634686470031738,-14.295315742492676,4.098550319671631,-3.852501153945923,-1.784106969833374,3.1183226108551025,-1.0682519674301147,-5.22789192199707,-11.139725685119627,3.99688982963562,4.36499547958374,0.3431189954280853,3.6702067852020255,-4.987278461456299,9.884683609008787,9.656801223754885,-3.039816379547119,6.556683540344238,-9.860333442687988,0.6441774964332581,-4.89873743057251,3.835931062698364,5.7245073318481445,-8.151512145996094,-6.526777744293213,-0.3445689678192138,-3.5830819606781006,0.9725278615951538,-2.8494677543640137,2.726449489593506,9.43483829498291,8.650174140930176,-0.1140054389834404,12.514167785644531,12.717118263244627,-0.6565450429916382,9.177590370178224,-2.199611186981201,6.580228805541992,-1.933332085609436,-2.755791664123535,-1.9892377853393557,9.849120140075684,6.962340831756592,0.2962808609008789,0.9225454926490784,1.7187623977661133,5.693058967590332,7.498931407928467,2.597809314727783,7.52515983581543,-2.5595896244049072,-2.294060468673706,3.822830677032471,-7.535817146301269,-6.203077793121338,2.1557633876800537,-5.145210266113281,-5.347409725189209,-2.275763273239136,-2.624863862991333,-3.1500275135040283,-0.1036905348300933,-10.310302734375,1.8506323099136357,-1.6840742826461792,-0.3893458247184753,6.437515258789063,-8.249885559082031,-4.5108747482299805,9.127354621887209,-0.6832537651062012,0.1894120275974273,4.695851802825928,6.224202156066895,-4.493176937103272,-2.601729154586792,10.33112335205078,-0.0653331875801086,4.299304008483887,-3.953630208969116,10.3818998336792,7.37082052230835,-2.199251413345337,-3.36063289642334,-2.997835397720337,-4.530398368835449,0.483128547668457,-2.2235476970672607,-1.811683177947998,0.6496835947036743,0.7105151414871216,-2.152998685836792,2.084965467453003,-5.345414638519287,-8.832253456115723,-0.641319215297699,0.8825031518936157,4.9032745361328125,3.682505607604981,4.792299747467041,2.339641571044922,5.072678565979004,-2.5465636253356934,10.798561096191406,3.5328471660614014,11.053500175476074,-2.034461975097656,10.792367935180664,-5.951387405395508,5.179207801818848,-6.979208946228027,3.9590697288513184,1.670116662979126,1.332144260406494,5.3725175857543945,-9.27410888671875,3.6968815326690674,1.3335810899734497,-8.003753662109375,-4.317748546600342,-1.7419075965881348,3.639285564422608,-2.172157049179077,-3.9102354049682617,2.0642523765563965,6.610509872436523,-4.718564033508301,3.069695949554444,-0.0030467435717582,-4.801568031311035,-11.920331954956056,0.618097722530365,-6.3358001708984375,-5.496405124664307,-0.6620269417762756,-4.767742156982422,9.451370239257812,2.35205626487732,-0.6308664679527283,2.849062442779541,2.602048635482788,-5.255651950836182,3.473984956741333,-13.129459381103516,-7.5453901290893555,-1.6726641654968262,-5.332196235656738,-13.250655174255373,3.2679593563079834,-2.6887426376342773,-1.9075754880905151,-14.045938491821287,1.237180471420288,4.871941566467285,-7.400376319885254,4.736725330352783,-5.684828281402588,0.6507587432861328,6.210203170776367,5.290334224700928,10.818930625915527,2.9584405422210693,-3.5719411373138428,-10.211956977844238,7.543553352355957,-0.6365529298782349,-1.9564871788024905,-3.782803773880005,1.7519638538360596,-3.4874134063720703,2.148923397064209,-0.5983701944351196,-5.32150936126709,0.3872044682502746,-1.2621464729309082,2.193544149398804,0.7499836087226868,-7.740428447723389,-4.432257652282715,-15.72265625,-6.340191841125488,-0.7912814617156982,3.8844070434570312,1.5914483070373535,-0.0663522630929946,-4.5496344566345215,1.546453833580017,-2.009227991104126,9.880414962768556,11.205238342285156,-2.987982749938965,-6.032008647918701,-3.849584817886353,-3.346733331680298,-3.877459526062012,-10.217972755432127,-3.722888708114624,-1.0,2.1583624920952493
OXYR_HUMAN,CHEMBL198780,COc1ccc(S(=O)(=O)N(CC(=O)Nc2cccc(Cl)c2C)c2ccc(C)cc2)cc1OC,0,0,0,0,0,0,0,0,0,0,0,0,0,0,0,0,0,0,0,0,0,0,0,0,0,0,0,0,0,0,0,0,0,0,0,0,0,0,0,0,0,0,0,0,0,0,0,0,0,0,0,0,0,0,0,0,0,0,0,0,0,0,0,0,0,0,0,0,0,0,0,0,0,0,0,0,0,0,0,0,0,0,0,0,0,0,0,0,0,0,0,0,0,0,0,0,0,0,0,0,0,0,0,0,0,0,0,0,0,0,0,0,0,0,0,0,0,0,0,0,0,0,0,0,0,0,0,0,0,0,0,0,0,0,0,0,0,0,0,0,0,0,0,0,0,0,0,0,0,0,0,0,0,0,0,0,0,0,0,0,0,0,0,0,0,0,0,0,0,0,0,0,0,0,0,0,0,0,0,0,0,0,0,0,0,2,4,1,2,2,2,2,3,2,3,2,4,2,2,3,2,0,0,0,0,0,0,0,0,0,0,0,0,0,0,0,0,3,2,2,1,0,0,0,0,0,0,0,0,0,0,0,0,0,0,0,0,0,1,1,2,4,1,3,0,0,0,0,0,0,0,0,0,0,0,5,3,0,0,0,0,0,0,0,0,0,0,0,0,0,0,0,0,0,0,0,0,0,0,0,0,0,0,0,0,0,0,0,0,0,0,0,0,0,0,0,0,0,0,0,0,0,0,0,0,0,0,0,0,0,0,0,0,0,0,0,0,0,0,0,0,0,0,0,0,0,0,0,0,0,0,0,0,0,0,0,0,0,0,0,0,0,0,0,0,0,0,0,0,0,0,0,0,0,0,0,0,0,0,0,0,0,0,0,0,0,0,0,0,0,0,0,0,0,0,0,0,0,0,0,0,0,0,0,0,0,0,0,0,0,0,0,0,0,0,0,0,0,0,0,0,0,0,0,0,0,0,0,0,0,0,0,0,0,0,0,0,0,0,0,0,0,0,0,0,0,0,0,0,0,0,0,0,2,1,1,1,5,5,3,0,0,0,0,0,0,0,0,0,0,0,0,0,0,0,0,0,0,0,0,0,0,0,0,0,0,0,0,0,0,0,0,0,0,0,0,0,0,0,0,0,0,0,0,0,0,0,0,0,0,0,0,0,0,0,0,0,0,0,0,0,0,0,0,0,0,0,0,0,0,0,0,0,0,0,0,0,0,0,0,0,0,0,0,0,0,0,0,0,0,0,0,0,0,0,0,0,0,0,0,0,0,0,0,0,0,0,0,0,0,0,0,0,0,0,0,0,0,0,0,0,0,0,0,0,0,0,0,0,0,0,0,0,0,0,0,0,0,0,0,0,0,0,0,0,0,0,0,0,4,2,2,2,5,2,4,2,0,0,0,0,0,0,0,0,0,0,0,0,0,0,0,0,0,2,2,2,1,2,0,2,2,0,0,0,0,0,0,0,0,0,0,0,2,2,2,2,3,1,3,2,1,0,0,0,0,0,0,2,2,2,2,2,0,0,5,0,0,0,0,3,3,0,0,0,0,0,0,0,0,0,0,0,5,3,5,5,0,0,0,0,0,3,0,0,0,0,0,0,0,5,2,2,2,2,2,5,0,0,0,0,0,0,0,0,0,0,0,0,0,0,0,5,2,3,0,2,2,4,0,0,0,0,0,0,0,0,0,0,0,0,0,0,0,0,0,0,0,0,0,0,0,0,0,0,0,0,0,0,0,0,2,2,2,2,2,2,3,2,2,0,0,0,0,0,0,0,0,0,0,0,0,0,0,0,0,0,0,0,0,0,0,0,0,1,3,2,2,0,0,0,0,0,0,0,0,0,0,0,0,0,0,0,0,0,0,0,0,0,0,0,0,0,0,0,0,0,2,4,2,3,2,5,2,2,1,0,1,4,2,0,0,0,0,0,2,1,0,0,0,0,0,0,0,0,0,0,0,0,0,0,0,0,0,0,0,0,0,0,0,0,0,0,0,0,0,0,0,0,0,0,0,0,0,0,0,0,0,0,0,0,0,0,0,5,0,2,2,5,0,2,2,3,2,2,1,2,2,2,0,0,0,3,3,2,2,0,0,0,0,0,0,0,0,0,0,0,0,2,2,0,0,0,0,0,0,0,0,0,0,0,0,0,0,0,0,0,0,0,0,0,0,0,0,0,0,0,0,0,0,0,2,2,3,2,4,5,0,0,0,0,0,0,0,0,0,0,0,0,0,0,0,0,0,0,0,0,0,0,0,0,0,0,0,0,0,0,0,0,0,0,1,0,0,0,0,0,0,0,0,0,0,0,0,0,0,0,0,0,0,0,0,0,0,0,0,0,0,2,2,0,0,0,0,0,0,2,0,1,3,1,2,0,0,0,0,0,0,0,0,0,0,0,0,0,0,0,0,0,0,0,0,0,0,0,0,0,0,0,0,5,3,0,0,0,0,2,5,5,0,0,5,3,0,0,0,0,0,0,0,0,0,0,0,0,0,0,0,4,5,0,0,0,0,2,2,2,0,0,0,0,2,2,3,2,2,0,0,0,1,1,2,2,2,3,0,0,2,1,3,2,5,0,0,0,0,0,0,0,0,0,0,0,0,2,2,3,0,0,0,0,0,0,0,0,0,0,0,0,0,0,0,0,0,0,0,0,0,0,0,0,0,0,0,0,0,0,0,0,0,0,0,0,0,0,0,2,5,0,0,0,0,4,0,0,0,0,0,0,0,0,0,0,0,0,0,0,0,0,0,0,0,0,0,0,0,0,0,0,0,0,0,0,0,0,0,0,0,0,0,0,0,0,0,0,0,0,0,0,0,0,0,0,0,0,0,0,0,0,0,0,0,0,0,0,0,0,0,0,0,0,0,0,0,0,0,0,0,0,0,0,0,0,0,0,0,0,0,0,0,0,0,0,0,0,0,2,2,0,0,4,1,2,2,4,0,0,0,0,0,1,2,2,2,0,0,0,0,0,0,0,0,0,0,0,0,0,0,0,0,0,0,0,0,0,0,0,0,0,0,0,0,0,0,0,0,0,0,0,0,0,0,0,0,0,0,0,2,2,0,0,0,0,0,0,0,0,0,0,0,0,0,0,0,0,3,1,2,1,1,0,0,0,0,5,0,0,0,0,0,0,0,2,2,0,0,0,0,0,0,0,0,2,3,2,2,0,0,0,3,2,2,2,2,0,2,2,1,2,2,0,2,2,0,0,0,0,0,0,0,0,0,0,0,0,0,0,0,0,0,0,2,2,1,0,0,0,0,0,0,0,0,0,0,0,0,0,0,0,0,2,1,2,2,3,2,0,0,0,0,0,0,0,5,2,0,0,0,0,0,0,0,0,0,0,0,0,0,0,0,0,2,3,0,0,0,0,0,0,0,0,0,0,0,0,0,0,0,0,0,0,0,0,0,0,0,0,0,0,0,0,0,0,0,0,0,0,0,0,0,0,0,0,0,0,0,3,2,5,2,0,0,0,0,0,0,0,0,0,0,0,0,0,0,0,0,0,0,0,0,0,0,0,0,0,0,0,0,0,0,0,0,0,0,0,0,0,0,0,0,0,0,0,0,0,0,0,0,0,0,0,0,0,0,0,0,0,0,0,0,0,0,0,0,0,0,0,0,0,0,0,0,0,0,0,0,0,0,0,0,0,0,0,0,0,0,0,0,0,0,0,0,0,0,0,0,0,0,0,0,0,0,0,0,0,0,0,0,0,0,0,0,0,0,0,0,0,0,0,0,0,0,0,0,0,0,0,0,0,0,0,0,0,0,0,0,0,0,0,5,3,2,2,2,2,2,2,4,2,1,4,1,2,2,2,1,4,1,1,5,2,2,2,2,5,2,3,3,2,5,2,2,3,5,0,0,0,0,0,0,0,0,0,0,0,0,0,0,0,0,0,0,0,0,0,0,0,2,5,2,5,3,2,0,0,0,0,0,0,0,0,5,0,0,0,2,3,2,2,2,2,0,0,0,0,0,2,2,2,2,2,0,0,0,1,2,3,1,2,2,2,0,0,0,0,0,2,3,2,2,3,2,2,4,2,0,0,0,0,0,0,0,0,3,2,1,5,4,2,0,0,0,0,3,0,0,0,0,0,0,0,0,0,0,0,0,0,0,0,0,0,2,0,0,2,0,0,0,0,0,0,0,0,0,0,0,0,0,0,0,0,0,0,0,0,0,0,0,0,0,0,0,0,0,0,0,0,0,0,0,0,0,0,0,0,0,0,0,0,0,0,0,0,0,0,0,0,0,0,0,0,0,0,0,0,0,0,0,0,0,0,0,0,0,0,0,0,0,0,0,0,0,2,2,0,2,0,0,0,0,0,2,2,2,0,2,3,2,3,3,1,1,3,1,2,2,0,0,0,0,0,0,0,2,2,2,2,3,1,5,2,2,5,0,4,2,0,0,0,0,2,3,5,2,0,0,0,0,0,0,0,0,0,0,0,0,0,0,0,0,0,0,0,0,0,0,0,0,0,0,0,0,0,0,0,0,0,0,0,0,0,0,0,0,0,0,0,0,0,0,0,0,0,0,0,0,0,0,0,0,0,0,0,0,0,0,0,0,0,0,0,0,0,0,0,0,0,0,0,0,0,0,0,0,0,0,0,0,0,0,0,0,0,0,0,0,0,0,0,0,2,1,1,3,2,3,2,2,5,1,5,5,2,1,4,3,0,0,0,0,0,0,0,0,0,0,0,0,0,0,0,0,0,0,0,0,0,0,0,0,0,0,0,0,0,0,0,0,0,0,0,0,0,0,0,0,0,0,0,0,0,0,0,0,0,0,0,0,0,0,0,0,0,0,0,0,0,0,0,0,0,0,0,0,0,0,0,0,0,0,0,0,0,0,0,0,0,0,0,0,0,0,0,0,0,0,0,0,0,0,0,0,0,0,0,0,0,0,0,0,0,0,0,0,0,0,0,0,0,0,0,0,0,0,0,0,0,0,0,0,0,0,0,0,0,0,0,0,0,0,0,0,0,0,0,0,0,0,0,0,0,0,0,0,0,0,0,0,0,0,0,0,0,0,0,0,0,0,0,0,0,0,0,0,0,0,0,0,0,0,0,0,0,0,0,0,0,0,0,0,0,0,0,0,0,0,0,0,0,0,0,0,0,0,0,0,0,0,0,0,0,0,0,0,0,0,0,0,0,0,0,0,0,0,0,0,0,0,0,0,0,0,0,0,0,0,0,0,0,0,0,0,0,0,0,0,0,0,0,0,0,0,0,0,0,0,0,0,0,0,0,0,0,0,0,0,0,0,0,0,0,0,0,0,0,0,0,0,0,0,0,0,0,0,0,0,0,0,0,0,3,2,3,5,5,3,3,3,3,3,2,2,2,3,5,5,3,0,0,0,0,0,0,0,0,0,0,0,0,0,0,0,0,0,0,0,0,0,0,0,0,0,0,0,0,0,0,0,0,0,0,0,0,0,0,0,0,0,0,0,0,0,0,0,0,0,0,0,0,0,0,0,0,0,0,0,0,0,0,0,0,0,0,0,0,0,0,0,0,0,0,0,0,0,0,0,0,0,0,0,0,0,0,0,0,0,0,0,0,0,0,0,0,0,0,0,0,0,0,0,0,0,0,0,0,0,0,0,0,0,0,0,0,0,0,0,0,0,0,0,0,0,0,0,0,0,3,3,3,5,3,1,3,3,1,3,3,2,0,0,0,0,0,0,0,0,0,0,0,0,0,0,0,0,0,0,0,0,0,0,0,0,0,0,0,0,0,0,0,0,0,0,0,0,0,0,0,0,0,0,0,0,0,0,0,0,0,0,0,0,0,0,0,0,1.1348015069961548,-3.933889389038086,-3.7565841674804688,7.111752033233643,0.5227838158607483,-1.0263384580612185,-12.617237091064451,0.9727612137794496,12.07784366607666,6.159896373748779,-5.245909214019775,0.9816407561302184,-12.26930332183838,-0.3074069619178772,-4.844249248504639,-2.2026615142822266,5.922366619110107,-4.335799694061279,-2.192662477493286,8.232422828674316,1.8989428281784055,8.520232200622559,20.63282585144043,6.893747806549072,-11.37819480895996,-1.0895047187805176,2.473444938659668,-10.238340377807615,2.7677369117736816,1.0049026012420654,14.191564559936523,-11.642333984375,-5.702327728271484,-9.866972923278809,2.9854178428649902,-2.6245598793029785,0.6715768575668335,1.0809742212295532,10.6587495803833,5.553042888641357,-1.4777122735977173,-2.148261547088623,-7.026736259460449,0.1688518673181533,-13.814247131347656,4.875415325164795,0.6766413450241089,8.285770416259766,-9.770691871643066,4.9758124351501465,7.5499091148376465,-8.963099479675293,-2.7060775756835938,-13.092683792114258,-7.812947750091553,-8.386784553527832,-2.623991012573242,-3.695642709732056,6.81233024597168,5.474343776702881,-3.190484046936035,-9.936030387878418,-2.514495611190796,3.717691659927368,-19.38875961303711,0.9068848490715028,11.473029136657717,2.7723610401153564,-3.751140594482422,1.7246458530426023,-9.827730178833008,0.455291748046875,11.36447048187256,-7.718245506286621,-5.424172878265381,8.916077613830566,-9.805380821228027,5.312673091888428,-2.67108154296875,3.882876873016357,7.071126937866211,-2.991936206817627,-7.638031005859375,-11.81790828704834,1.6361316442489624,-2.740034341812134,-10.202309608459473,4.887371063232422,4.601465702056885,-0.4559384286403656,7.63076639175415,3.4022059440612797,4.469619274139404,10.250795364379885,0.5374478101730347,-0.9126309752464294,6.331634998321533,4.3018951416015625,8.545573234558105,4.508718490600586,-6.55725622177124,-8.035699844360352,-8.136363983154297,-14.16136074066162,3.784963607788086,-9.466028213500977,-3.167534112930298,3.5262322425842285,2.435183048248291,-7.599586009979248,-15.80892848968506,4.106404781341553,6.995727062225342,-1.3532971143722534,5.126866340637207,-5.6493730545043945,9.554863929748535,11.841575622558594,-3.855690717697144,8.130241394042969,-12.026784896850586,1.2318456172943115,-6.5895538330078125,7.099278926849365,6.632882595062256,-10.555960655212402,-10.857057571411133,-1.1965785026550293,-5.067262172698975,0.3988708853721618,-1.4137455224990845,2.08669114112854,11.356152534484863,15.57646942138672,-1.942437767982483,17.479963302612305,15.01937484741211,1.1429616212844849,14.299715995788574,-3.710900068283081,12.923782348632812,-1.532131314277649,-3.15116548538208,-1.5802488327026367,13.697338104248049,11.835508346557615,3.3545403480529785,1.9389183521270752,2.381643056869507,8.651543617248535,6.876720905303955,0.6892764568328857,8.743934631347656,-0.974524736404419,-2.2544162273406982,4.957955837249756,-9.163233757019045,-6.900526523590088,4.270351409912109,-9.256975173950195,-3.1665267944335938,-2.626084327697754,-6.8662824630737305,3.740366220474243,0.6218632459640503,-10.08486270904541,0.7344171404838562,-3.261307716369629,0.5632697939872742,7.841076374053955,-8.629417419433594,-3.7291018962860103,14.186095237731934,-2.815723657608032,-0.5834158062934875,3.5917210578918457,5.674295425415039,-2.835853338241577,-3.6005663871765137,13.05685806274414,-2.8325695991516118,10.681249618530272,-2.6366758346557617,8.791966438293457,10.76554012298584,-4.253806114196777,-3.978055000305176,-2.469179153442383,-7.404804706573486,-5.352921485900879,-2.259889602661133,-0.4566972553730011,-1.475144863128662,-0.3547059297561645,1.7503002882003784,1.5520530939102173,-6.655313014984131,-11.302452087402344,-0.7467896938323975,0.5148523449897766,4.3490376472473145,3.844138860702514,7.45902681350708,0.8654006123542786,6.884350299835205,-3.3799521923065186,14.554930686950684,5.586078643798828,15.091947555541992,-2.863513708114624,16.03135871887207,-1.3573273420333862,6.964856147766113,-4.65423059463501,4.750650405883789,2.752225160598755,3.160782814025879,6.150803565979004,-9.317251205444336,6.179618835449219,2.1029865741729736,-9.542698860168455,-2.302631139755249,-0.435799241065979,3.667182922363281,-3.100618839263916,-3.5809288024902344,2.6013901233673096,8.730518341064453,-9.688663482666016,3.999424934387207,-3.359732389450073,-9.397388458251951,-14.53859519958496,-3.6788506507873535,-5.587410926818848,-5.465478897094727,-2.8692426681518555,-7.387025833129883,12.096487998962402,5.436343669891357,0.1200875043869018,4.801459789276123,3.0516579151153564,-4.1086530685424805,2.754811286926269,-15.122321128845217,-7.53947114944458,-1.367917537689209,-6.066349506378174,-18.16191291809082,5.092120170593262,-1.4566110372543335,0.5798150300979614,-15.019073486328123,-1.2282770872116089,5.97081995010376,-10.543896675109863,7.212344646453857,-8.036482810974121,-0.4279827773571014,9.44642734527588,7.504878997802734,13.742609024047852,2.9921882152557373,-3.667548179626465,-8.606281280517578,8.194037437438965,1.7900136709213257,-4.947238445281982,-2.899833917617798,7.324329376220703,-3.082549333572388,6.994983673095703,0.5679929852485657,-5.687571048736572,-1.1667461395263672,-5.324977874755859,1.43169105052948,0.2729803323745727,-9.22495460510254,-7.051149368286133,-21.11564445495605,-7.321334362030029,0.9555845856666564,2.9013466835021973,1.689854621887207,-2.478190660476685,-8.497188568115234,0.0826928615570068,-0.2747902870178222,13.076214790344238,14.635034561157228,-0.4966842532157898,-10.359827041625977,-3.98195219039917,-7.20699405670166,-4.525998592376709,-14.250531196594238,-5.04503059387207,-1.0,2.792391689498254
OXYR_HUMAN,CHEMBL458635,COc1ccc(S(=O)(=O)N(Cc2ccc(-c3ccccc3C)cn2)c2ccc(OC)nc2)cc1,0,0,0,0,0,0,0,0,0,0,0,0,0,0,0,0,0,0,0,0,0,0,0,0,0,0,0,0,0,0,0,0,0,0,0,0,0,0,0,0,0,0,0,0,0,0,0,0,0,0,0,0,0,0,0,0,0,0,0,0,0,0,0,0,0,0,0,0,0,0,0,0,0,0,0,0,0,0,0,0,0,0,0,0,0,0,0,0,0,0,0,0,0,0,0,0,0,0,0,0,0,0,0,0,0,0,0,0,0,0,0,0,0,0,0,0,0,0,0,0,0,0,0,0,0,0,0,0,0,0,0,0,0,0,0,0,0,0,0,0,0,0,0,0,0,0,0,0,0,0,0,0,0,0,0,0,0,0,0,0,0,0,0,0,0,0,0,0,0,0,0,0,0,0,0,0,0,0,0,0,0,0,0,0,0,2,4,1,2,2,2,2,3,2,3,2,4,2,2,3,2,0,0,0,0,0,0,0,0,0,0,0,0,0,0,0,0,3,2,2,1,0,0,0,0,0,0,0,0,0,0,0,0,0,0,0,0,0,1,1,2,4,1,3,0,0,0,0,0,0,0,0,0,0,0,5,3,0,0,0,0,0,0,0,0,0,0,0,0,0,0,0,0,0,0,0,0,0,0,0,0,0,0,0,0,0,0,0,0,0,0,0,0,0,0,0,0,0,0,0,0,0,0,0,0,0,0,0,0,0,0,0,0,0,0,0,0,0,0,0,0,0,0,0,0,0,0,0,0,0,0,0,0,0,0,0,0,0,0,0,0,0,0,0,0,0,0,0,0,0,0,0,0,0,0,0,0,0,0,0,0,0,0,0,0,0,0,0,0,0,0,0,0,0,0,0,0,0,0,0,0,0,0,0,0,0,0,0,0,0,0,0,0,0,0,0,0,0,0,0,0,0,0,0,0,0,0,0,0,0,0,0,0,0,0,0,0,0,0,0,0,0,0,0,0,0,0,0,0,0,0,0,0,2,1,1,1,5,5,3,0,0,0,0,0,0,0,0,0,0,0,0,0,0,0,0,0,0,0,0,0,0,0,0,0,0,0,0,0,0,0,0,0,0,0,0,0,0,0,0,0,0,0,0,0,0,0,0,0,0,0,0,0,0,0,0,0,0,0,0,0,0,0,0,0,0,0,0,0,0,0,0,0,0,0,0,0,0,0,0,0,0,0,0,0,0,0,0,0,0,0,0,0,0,0,0,0,0,0,0,0,0,0,0,0,0,0,0,0,0,0,0,0,0,0,0,0,0,0,0,0,0,0,0,0,0,0,0,0,0,0,0,0,0,0,0,0,0,0,0,0,0,0,0,0,0,0,0,0,4,2,2,2,5,2,4,2,0,0,0,0,0,0,0,0,0,0,0,0,0,0,0,0,0,2,2,2,1,2,0,2,2,0,0,0,0,0,0,0,0,0,0,0,2,2,2,2,3,1,3,2,1,0,0,0,0,0,0,2,2,2,2,2,0,0,5,0,0,0,0,3,3,0,0,0,0,0,0,0,0,0,0,0,5,3,5,5,0,0,0,0,0,3,0,0,0,0,0,0,0,5,2,2,2,2,2,5,0,0,0,0,0,0,0,0,0,0,0,0,0,0,0,5,2,3,0,2,2,4,0,0,0,0,0,0,0,0,0,0,0,0,0,0,0,0,0,0,0,0,0,0,0,0,0,0,0,0,0,0,0,0,2,2,2,2,2,2,3,2,2,0,0,0,0,0,0,0,0,0,0,0,0,0,0,0,0,0,0,0,0,0,0,0,0,1,3,2,2,0,0,0,0,0,0,0,0,0,0,0,0,0,0,0,0,0,0,0,0,0,0,0,0,0,0,0,0,0,2,4,2,3,2,5,2,2,1,0,1,4,2,0,0,0,0,0,2,1,0,0,0,0,0,0,0,0,0,0,0,0,0,0,0,0,0,0,0,0,0,0,0,0,0,0,0,0,0,0,0,0,0,0,0,0,0,0,0,0,0,0,0,0,0,0,0,5,0,2,2,5,0,2,2,3,2,2,1,2,2,2,0,0,0,3,3,2,2,0,0,0,0,0,0,0,0,0,0,0,0,2,2,0,0,0,0,0,0,0,0,0,0,0,0,0,0,0,0,0,0,0,0,0,0,0,0,0,0,0,0,0,0,0,2,2,3,2,4,5,0,0,0,0,0,0,0,0,0,0,0,0,0,0,0,0,0,0,0,0,0,0,0,0,0,0,0,0,0,0,0,0,0,0,1,0,0,0,0,0,0,0,0,0,0,0,0,0,0,0,0,0,0,0,0,0,0,0,0,0,0,2,2,0,0,0,0,0,0,2,0,1,3,1,2,0,0,0,0,0,0,0,0,0,0,0,0,0,0,0,0,0,0,0,0,0,0,0,0,0,0,0,0,5,3,0,0,0,0,2,5,5,0,0,5,3,0,0,0,0,0,0,0,0,0,0,0,0,0,0,0,4,5,0,0,0,0,2,2,2,0,0,0,0,2,2,3,2,2,0,0,0,1,1,2,2,2,3,0,0,2,1,3,2,5,0,0,0,0,0,0,0,0,0,0,0,0,2,2,3,0,0,0,0,0,0,0,0,0,0,0,0,0,0,0,0,0,0,0,0,0,0,0,0,0,0,0,0,0,0,0,0,0,0,0,0,0,0,0,2,5,0,0,0,0,4,0,0,0,0,0,0,0,0,0,0,0,0,0,0,0,0,0,0,0,0,0,0,0,0,0,0,0,0,0,0,0,0,0,0,0,0,0,0,0,0,0,0,0,0,0,0,0,0,0,0,0,0,0,0,0,0,0,0,0,0,0,0,0,0,0,0,0,0,0,0,0,0,0,0,0,0,0,0,0,0,0,0,0,0,0,0,0,0,0,0,0,0,0,2,2,0,0,4,1,2,2,4,0,0,0,0,0,1,2,2,2,0,0,0,0,0,0,0,0,0,0,0,0,0,0,0,0,0,0,0,0,0,0,0,0,0,0,0,0,0,0,0,0,0,0,0,0,0,0,0,0,0,0,0,2,2,0,0,0,0,0,0,0,0,0,0,0,0,0,0,0,0,3,1,2,1,1,0,0,0,0,5,0,0,0,0,0,0,0,2,2,0,0,0,0,0,0,0,0,2,3,2,2,0,0,0,3,2,2,2,2,0,2,2,1,2,2,0,2,2,0,0,0,0,0,0,0,0,0,0,0,0,0,0,0,0,0,0,2,2,1,0,0,0,0,0,0,0,0,0,0,0,0,0,0,0,0,2,1,2,2,3,2,0,0,0,0,0,0,0,5,2,0,0,0,0,0,0,0,0,0,0,0,0,0,0,0,0,2,3,0,0,0,0,0,0,0,0,0,0,0,0,0,0,0,0,0,0,0,0,0,0,0,0,0,0,0,0,0,0,0,0,0,0,0,0,0,0,0,0,0,0,0,3,2,5,2,0,0,0,0,0,0,0,0,0,0,0,0,0,0,0,0,0,0,0,0,0,0,0,0,0,0,0,0,0,0,0,0,0,0,0,0,0,0,0,0,0,0,0,0,0,0,0,0,0,0,0,0,0,0,0,0,0,0,0,0,0,0,0,0,0,0,0,0,0,0,0,0,0,0,0,0,0,0,0,0,0,0,0,0,0,0,0,0,0,0,0,0,0,0,0,0,0,0,0,0,0,0,0,0,0,0,0,0,0,0,0,0,0,0,0,0,0,0,0,0,0,0,0,0,0,0,0,0,0,0,0,0,0,0,0,0,0,0,0,5,3,2,2,2,2,2,2,4,2,1,4,1,2,2,2,1,4,1,1,5,2,2,2,2,5,2,3,3,2,5,2,2,3,5,0,0,0,0,0,0,0,0,0,0,0,0,0,0,0,0,0,0,0,0,0,0,0,2,5,2,5,3,2,0,0,0,0,0,0,0,0,5,0,0,0,2,3,2,2,2,2,0,0,0,0,0,2,2,2,2,2,0,0,0,1,2,3,1,2,2,2,0,0,0,0,0,2,3,2,2,3,2,2,4,2,0,0,0,0,0,0,0,0,3,2,1,5,4,2,0,0,0,0,3,0,0,0,0,0,0,0,0,0,0,0,0,0,0,0,0,0,2,0,0,2,0,0,0,0,0,0,0,0,0,0,0,0,0,0,0,0,0,0,0,0,0,0,0,0,0,0,0,0,0,0,0,0,0,0,0,0,0,0,0,0,0,0,0,0,0,0,0,0,0,0,0,0,0,0,0,0,0,0,0,0,0,0,0,0,0,0,0,0,0,0,0,0,0,0,0,0,0,2,2,0,2,0,0,0,0,0,2,2,2,0,2,3,2,3,3,1,1,3,1,2,2,0,0,0,0,0,0,0,2,2,2,2,3,1,5,2,2,5,0,4,2,0,0,0,0,2,3,5,2,0,0,0,0,0,0,0,0,0,0,0,0,0,0,0,0,0,0,0,0,0,0,0,0,0,0,0,0,0,0,0,0,0,0,0,0,0,0,0,0,0,0,0,0,0,0,0,0,0,0,0,0,0,0,0,0,0,0,0,0,0,0,0,0,0,0,0,0,0,0,0,0,0,0,0,0,0,0,0,0,0,0,0,0,0,0,0,0,0,0,0,0,0,0,0,0,2,1,1,3,2,3,2,2,5,1,5,5,2,1,4,3,0,0,0,0,0,0,0,0,0,0,0,0,0,0,0,0,0,0,0,0,0,0,0,0,0,0,0,0,0,0,0,0,0,0,0,0,0,0,0,0,0,0,0,0,0,0,0,0,0,0,0,0,0,0,0,0,0,0,0,0,0,0,0,0,0,0,0,0,0,0,0,0,0,0,0,0,0,0,0,0,0,0,0,0,0,0,0,0,0,0,0,0,0,0,0,0,0,0,0,0,0,0,0,0,0,0,0,0,0,0,0,0,0,0,0,0,0,0,0,0,0,0,0,0,0,0,0,0,0,0,0,0,0,0,0,0,0,0,0,0,0,0,0,0,0,0,0,0,0,0,0,0,0,0,0,0,0,0,0,0,0,0,0,0,0,0,0,0,0,0,0,0,0,0,0,0,0,0,0,0,0,0,0,0,0,0,0,0,0,0,0,0,0,0,0,0,0,0,0,0,0,0,0,0,0,0,0,0,0,0,0,0,0,0,0,0,0,0,0,0,0,0,0,0,0,0,0,0,0,0,0,0,0,0,0,0,0,0,0,0,0,0,0,0,0,0,0,0,0,0,0,0,0,0,0,0,0,0,0,0,0,0,0,0,0,0,0,0,0,0,0,0,0,0,0,0,0,0,0,0,0,0,0,0,3,2,3,5,5,3,3,3,3,3,2,2,2,3,5,5,3,0,0,0,0,0,0,0,0,0,0,0,0,0,0,0,0,0,0,0,0,0,0,0,0,0,0,0,0,0,0,0,0,0,0,0,0,0,0,0,0,0,0,0,0,0,0,0,0,0,0,0,0,0,0,0,0,0,0,0,0,0,0,0,0,0,0,0,0,0,0,0,0,0,0,0,0,0,0,0,0,0,0,0,0,0,0,0,0,0,0,0,0,0,0,0,0,0,0,0,0,0,0,0,0,0,0,0,0,0,0,0,0,0,0,0,0,0,0,0,0,0,0,0,0,0,0,0,0,0,3,3,3,5,3,1,3,3,1,3,3,2,0,0,0,0,0,0,0,0,0,0,0,0,0,0,0,0,0,0,0,0,0,0,0,0,0,0,0,0,0,0,0,0,0,0,0,0,0,0,0,0,0,0,0,0,0,0,0,0,0,0,0,0,0,0,0,0,2.85661244392395,-4.316411018371582,-4.774972438812256,10.207876205444336,1.6561484336853027,-0.0805270597338676,-13.855896949768066,0.4056020379066467,12.527454376220703,5.168731689453125,-8.13085651397705,-0.8174497485160828,-11.370866775512695,-0.1510192453861236,-6.151112079620361,-1.6591557264328003,5.885721683502197,-3.681128740310669,-3.664935111999512,9.14621353149414,3.079923391342163,9.795036315917969,19.771677017211918,7.495023727416992,-11.465829849243164,-1.58421528339386,2.216200113296509,-10.376519203186035,2.933769941329956,3.358405828475952,16.449718475341797,-11.63284683227539,-6.415960311889648,-10.024640083312988,4.633599281311035,-1.737254619598389,0.698955237865448,0.9514381289482116,11.639713287353516,5.114579677581787,-1.2295159101486206,-3.548592090606689,-9.895798683166504,1.0603787899017334,-16.03025245666504,4.554701328277588,-1.8993051052093504,7.807700634002685,-9.100818634033203,6.630342960357666,10.34588623046875,-9.341235160827637,-4.119747638702393,-14.10942840576172,-5.723080158233643,-8.316360473632812,-2.7527425289154053,-2.1982176303863525,6.17249870300293,5.995067596435547,0.0756837353110313,-12.110418319702148,-2.004779815673828,2.7718749046325684,-18.35337257385254,-0.143626183271408,11.957731246948242,0.9033305644989014,-0.6437427401542664,3.733644723892212,-9.593567848205566,-0.4233280420303345,12.313416481018066,-5.04617977142334,-4.639599800109863,8.951306343078613,-7.826492309570312,4.427612781524658,-3.5730347633361816,6.550898551940918,7.949336528778076,-2.8151957988739014,-8.847415924072266,-11.66121768951416,1.0404212474822998,-1.1250602006912231,-11.375551223754885,6.10235071182251,4.694459915161133,-2.479160785675049,7.746232509613037,1.2701730728149414,5.208304405212402,9.669012069702148,3.308356523513794,-0.5059998035430908,4.140166759490967,5.649730205535889,7.870522499084473,4.199489116668701,-9.425379753112791,-8.303812980651855,-7.050207138061523,-16.64352798461914,4.016216278076172,-7.536159515380859,-0.6261661648750305,3.579397201538086,1.3466497659683228,-6.34625768661499,-18.91566276550293,3.243576765060425,6.096253871917725,0.8535611033439636,2.5805559158325195,-7.230042457580566,11.333839416503906,11.959430694580078,-4.416294097900391,6.44885778427124,-13.76612949371338,0.7378964424133301,-7.449067115783691,7.026162147521973,6.0339555740356445,-9.405317306518556,-10.86815357208252,-3.255342721939087,-5.171326160430908,-0.54356849193573,-1.1205737590789795,3.946533918380737,13.492311477661133,14.25989818572998,-4.318722248077393,16.04644775390625,19.16850852966309,1.8886451721191408,13.45264720916748,-3.567845582962036,10.758131980895996,-3.010681629180908,-1.9501523971557615,-0.3975225985050201,13.565879821777344,12.616512298583984,2.6351430416107178,0.3690051734447479,0.8771864175796509,9.88807773590088,9.171324729919434,0.6379351615905762,11.308638572692873,-3.331700801849365,-1.3792219161987305,4.468513011932373,-8.57078742980957,-6.893012523651123,5.512959003448486,-8.760066986083984,-4.108389377593994,-4.719447612762451,-8.282702445983887,0.8233755826950073,0.3718991279602051,-11.530863761901855,-0.2643059194087982,-3.0705361366271973,0.9002943634986877,5.678716659545898,-8.422859191894531,-6.2504658699035645,13.88566780090332,-2.788487195968628,-0.2992449998855591,3.9882655143737793,6.774311065673828,-4.89906644821167,-4.722921848297119,12.986123085021973,-4.031991481781006,9.416162490844728,-3.911412239074707,9.340063095092772,11.833579063415527,-3.286343097686768,-5.556900978088379,-3.6142985820770255,-7.308342456817627,-4.615513801574707,-3.363386392593384,-1.2529404163360596,-0.5609967708587646,1.9663149118423464,1.2399247884750366,-0.577979564666748,-8.580259323120117,-12.751545906066896,-1.6545737981796265,1.7450937032699585,3.9570446014404297,5.392816543579102,5.164167404174805,3.2753920555114746,7.982292652130127,-3.79280948638916,14.780263900756836,7.243576049804687,15.606436729431152,-2.3579797744750977,16.307083129882812,-3.217882871627808,4.806252956390381,-7.324975490570068,3.284857749938965,2.9600088596343994,0.0720159411430358,6.938826560974121,-8.70604133605957,5.7627482414245605,1.1004536151885986,-9.774065017700195,-4.596105098724365,-0.3583768010139465,3.436997652053833,-5.6280903816223145,-2.9093708992004395,3.607943296432495,8.101008415222168,-9.12674045562744,4.248608589172363,-4.523033618927002,-8.975423812866211,-15.958699226379396,-2.489027261734009,-5.086352825164795,-4.585819244384766,-1.7683299779891968,-7.746717929840088,12.068685531616213,5.8871660232543945,1.4776854515075684,4.057676792144775,0.8410249948501587,-4.226860523223877,3.7315967082977295,-15.346270561218262,-7.956458568572998,0.4483157694339752,-8.274954795837402,-19.513961791992188,4.452431201934815,-3.9972424507141113,1.07296884059906,-16.985597610473633,-0.0993707478046417,5.525707721710205,-10.03697681427002,6.742160797119141,-6.618170738220215,0.4304021000862121,10.00080108642578,8.43590259552002,13.643705368041992,4.063812255859375,-4.946880340576172,-10.496891021728516,8.25786018371582,-1.012731671333313,-6.336597442626953,-3.58743667602539,5.276279926300049,-4.171003818511963,5.393936634063721,0.0807253792881965,-6.626011848449707,-1.8054794073104856,-3.440854787826538,2.263601779937744,0.688460111618042,-9.86359691619873,-9.243145942687988,-21.08613967895508,-6.88866662979126,-2.444609403610229,0.9665447473526,1.5048527717590332,-1.9733089208602903,-8.113701820373535,-0.6087086200714111,-1.264445185661316,13.99106216430664,15.377346992492676,-0.6251904368400574,-9.942070960998535,-5.13564920425415,-5.653414249420166,-1.7255194187164309,-14.771925926208496,-3.036933660507202,-1.0,0.3010299956639811
OXYR_HUMAN,CHEMBL3815099,CCC(C)C1NC(=O)C(Cc2ccc(O)cc2)NC(=O)CCSSCC(C(=O)N2CCCC2C(=O)N(C)C(CC(C)C)C(=O)N(C)CC(N)=O)NC(=O)C(CC(N)=O)NC(=O)C(CCC(N)=O)NC1=O,0,0,0,0,0,0,0,0,0,0,0,0,0,0,0,0,0,0,0,0,0,0,0,0,0,0,0,0,0,0,0,0,0,0,0,0,0,0,0,0,0,0,0,0,0,0,0,0,0,0,0,0,0,0,0,0,0,0,0,0,0,0,0,0,0,0,0,0,0,0,0,0,0,0,0,0,0,0,0,0,0,0,0,0,0,0,0,0,0,0,0,0,0,0,0,0,0,0,0,0,0,0,0,0,0,0,0,0,0,0,0,0,0,0,0,0,0,0,0,0,0,0,0,0,0,0,0,0,0,0,0,0,0,0,0,0,0,0,0,0,0,0,0,0,0,0,0,0,0,0,0,0,0,0,0,0,0,0,0,0,0,0,0,0,0,0,0,0,0,0,0,0,0,0,0,0,0,0,0,0,0,0,0,0,0,2,4,1,2,2,2,2,3,2,3,2,4,2,2,3,2,0,0,0,0,0,0,0,0,0,0,0,0,0,0,0,0,3,2,2,1,0,0,0,0,0,0,0,0,0,0,0,0,0,0,0,0,0,1,1,2,4,1,3,0,0,0,0,0,0,0,0,0,0,0,5,3,0,0,0,0,0,0,0,0,0,0,0,0,0,0,0,0,0,0,0,0,0,0,0,0,0,0,0,0,0,0,0,0,0,0,0,0,0,0,0,0,0,0,0,0,0,0,0,0,0,0,0,0,0,0,0,0,0,0,0,0,0,0,0,0,0,0,0,0,0,0,0,0,0,0,0,0,0,0,0,0,0,0,0,0,0,0,0,0,0,0,0,0,0,0,0,0,0,0,0,0,0,0,0,0,0,0,0,0,0,0,0,0,0,0,0,0,0,0,0,0,0,0,0,0,0,0,0,0,0,0,0,0,0,0,0,0,0,0,0,0,0,0,0,0,0,0,0,0,0,0,0,0,0,0,0,0,0,0,0,0,0,0,0,0,0,0,0,0,0,0,0,0,0,0,0,0,2,1,1,1,5,5,3,0,0,0,0,0,0,0,0,0,0,0,0,0,0,0,0,0,0,0,0,0,0,0,0,0,0,0,0,0,0,0,0,0,0,0,0,0,0,0,0,0,0,0,0,0,0,0,0,0,0,0,0,0,0,0,0,0,0,0,0,0,0,0,0,0,0,0,0,0,0,0,0,0,0,0,0,0,0,0,0,0,0,0,0,0,0,0,0,0,0,0,0,0,0,0,0,0,0,0,0,0,0,0,0,0,0,0,0,0,0,0,0,0,0,0,0,0,0,0,0,0,0,0,0,0,0,0,0,0,0,0,0,0,0,0,0,0,0,0,0,0,0,0,0,0,0,0,0,0,4,2,2,2,5,2,4,2,0,0,0,0,0,0,0,0,0,0,0,0,0,0,0,0,0,2,2,2,1,2,0,2,2,0,0,0,0,0,0,0,0,0,0,0,2,2,2,2,3,1,3,2,1,0,0,0,0,0,0,2,2,2,2,2,0,0,5,0,0,0,0,3,3,0,0,0,0,0,0,0,0,0,0,0,5,3,5,5,0,0,0,0,0,3,0,0,0,0,0,0,0,5,2,2,2,2,2,5,0,0,0,0,0,0,0,0,0,0,0,0,0,0,0,5,2,3,0,2,2,4,0,0,0,0,0,0,0,0,0,0,0,0,0,0,0,0,0,0,0,0,0,0,0,0,0,0,0,0,0,0,0,0,2,2,2,2,2,2,3,2,2,0,0,0,0,0,0,0,0,0,0,0,0,0,0,0,0,0,0,0,0,0,0,0,0,1,3,2,2,0,0,0,0,0,0,0,0,0,0,0,0,0,0,0,0,0,0,0,0,0,0,0,0,0,0,0,0,0,2,4,2,3,2,5,2,2,1,0,1,4,2,0,0,0,0,0,2,1,0,0,0,0,0,0,0,0,0,0,0,0,0,0,0,0,0,0,0,0,0,0,0,0,0,0,0,0,0,0,0,0,0,0,0,0,0,0,0,0,0,0,0,0,0,0,0,5,0,2,2,5,0,2,2,3,2,2,1,2,2,2,0,0,0,3,3,2,2,0,0,0,0,0,0,0,0,0,0,0,0,2,2,0,0,0,0,0,0,0,0,0,0,0,0,0,0,0,0,0,0,0,0,0,0,0,0,0,0,0,0,0,0,0,2,2,3,2,4,5,0,0,0,0,0,0,0,0,0,0,0,0,0,0,0,0,0,0,0,0,0,0,0,0,0,0,0,0,0,0,0,0,0,0,1,0,0,0,0,0,0,0,0,0,0,0,0,0,0,0,0,0,0,0,0,0,0,0,0,0,0,2,2,0,0,0,0,0,0,2,0,1,3,1,2,0,0,0,0,0,0,0,0,0,0,0,0,0,0,0,0,0,0,0,0,0,0,0,0,0,0,0,0,5,3,0,0,0,0,2,5,5,0,0,5,3,0,0,0,0,0,0,0,0,0,0,0,0,0,0,0,4,5,0,0,0,0,2,2,2,0,0,0,0,2,2,3,2,2,0,0,0,1,1,2,2,2,3,0,0,2,1,3,2,5,0,0,0,0,0,0,0,0,0,0,0,0,2,2,3,0,0,0,0,0,0,0,0,0,0,0,0,0,0,0,0,0,0,0,0,0,0,0,0,0,0,0,0,0,0,0,0,0,0,0,0,0,0,0,2,5,0,0,0,0,4,0,0,0,0,0,0,0,0,0,0,0,0,0,0,0,0,0,0,0,0,0,0,0,0,0,0,0,0,0,0,0,0,0,0,0,0,0,0,0,0,0,0,0,0,0,0,0,0,0,0,0,0,0,0,0,0,0,0,0,0,0,0,0,0,0,0,0,0,0,0,0,0,0,0,0,0,0,0,0,0,0,0,0,0,0,0,0,0,0,0,0,0,0,2,2,0,0,4,1,2,2,4,0,0,0,0,0,1,2,2,2,0,0,0,0,0,0,0,0,0,0,0,0,0,0,0,0,0,0,0,0,0,0,0,0,0,0,0,0,0,0,0,0,0,0,0,0,0,0,0,0,0,0,0,2,2,0,0,0,0,0,0,0,0,0,0,0,0,0,0,0,0,3,1,2,1,1,0,0,0,0,5,0,0,0,0,0,0,0,2,2,0,0,0,0,0,0,0,0,2,3,2,2,0,0,0,3,2,2,2,2,0,2,2,1,2,2,0,2,2,0,0,0,0,0,0,0,0,0,0,0,0,0,0,0,0,0,0,2,2,1,0,0,0,0,0,0,0,0,0,0,0,0,0,0,0,0,2,1,2,2,3,2,0,0,0,0,0,0,0,5,2,0,0,0,0,0,0,0,0,0,0,0,0,0,0,0,0,2,3,0,0,0,0,0,0,0,0,0,0,0,0,0,0,0,0,0,0,0,0,0,0,0,0,0,0,0,0,0,0,0,0,0,0,0,0,0,0,0,0,0,0,0,3,2,5,2,0,0,0,0,0,0,0,0,0,0,0,0,0,0,0,0,0,0,0,0,0,0,0,0,0,0,0,0,0,0,0,0,0,0,0,0,0,0,0,0,0,0,0,0,0,0,0,0,0,0,0,0,0,0,0,0,0,0,0,0,0,0,0,0,0,0,0,0,0,0,0,0,0,0,0,0,0,0,0,0,0,0,0,0,0,0,0,0,0,0,0,0,0,0,0,0,0,0,0,0,0,0,0,0,0,0,0,0,0,0,0,0,0,0,0,0,0,0,0,0,0,0,0,0,0,0,0,0,0,0,0,0,0,0,0,0,0,0,0,5,3,2,2,2,2,2,2,4,2,1,4,1,2,2,2,1,4,1,1,5,2,2,2,2,5,2,3,3,2,5,2,2,3,5,0,0,0,0,0,0,0,0,0,0,0,0,0,0,0,0,0,0,0,0,0,0,0,2,5,2,5,3,2,0,0,0,0,0,0,0,0,5,0,0,0,2,3,2,2,2,2,0,0,0,0,0,2,2,2,2,2,0,0,0,1,2,3,1,2,2,2,0,0,0,0,0,2,3,2,2,3,2,2,4,2,0,0,0,0,0,0,0,0,3,2,1,5,4,2,0,0,0,0,3,0,0,0,0,0,0,0,0,0,0,0,0,0,0,0,0,0,2,0,0,2,0,0,0,0,0,0,0,0,0,0,0,0,0,0,0,0,0,0,0,0,0,0,0,0,0,0,0,0,0,0,0,0,0,0,0,0,0,0,0,0,0,0,0,0,0,0,0,0,0,0,0,0,0,0,0,0,0,0,0,0,0,0,0,0,0,0,0,0,0,0,0,0,0,0,0,0,0,2,2,0,2,0,0,0,0,0,2,2,2,0,2,3,2,3,3,1,1,3,1,2,2,0,0,0,0,0,0,0,2,2,2,2,3,1,5,2,2,5,0,4,2,0,0,0,0,2,3,5,2,0,0,0,0,0,0,0,0,0,0,0,0,0,0,0,0,0,0,0,0,0,0,0,0,0,0,0,0,0,0,0,0,0,0,0,0,0,0,0,0,0,0,0,0,0,0,0,0,0,0,0,0,0,0,0,0,0,0,0,0,0,0,0,0,0,0,0,0,0,0,0,0,0,0,0,0,0,0,0,0,0,0,0,0,0,0,0,0,0,0,0,0,0,0,0,0,2,1,1,3,2,3,2,2,5,1,5,5,2,1,4,3,0,0,0,0,0,0,0,0,0,0,0,0,0,0,0,0,0,0,0,0,0,0,0,0,0,0,0,0,0,0,0,0,0,0,0,0,0,0,0,0,0,0,0,0,0,0,0,0,0,0,0,0,0,0,0,0,0,0,0,0,0,0,0,0,0,0,0,0,0,0,0,0,0,0,0,0,0,0,0,0,0,0,0,0,0,0,0,0,0,0,0,0,0,0,0,0,0,0,0,0,0,0,0,0,0,0,0,0,0,0,0,0,0,0,0,0,0,0,0,0,0,0,0,0,0,0,0,0,0,0,0,0,0,0,0,0,0,0,0,0,0,0,0,0,0,0,0,0,0,0,0,0,0,0,0,0,0,0,0,0,0,0,0,0,0,0,0,0,0,0,0,0,0,0,0,0,0,0,0,0,0,0,0,0,0,0,0,0,0,0,0,0,0,0,0,0,0,0,0,0,0,0,0,0,0,0,0,0,0,0,0,0,0,0,0,0,0,0,0,0,0,0,0,0,0,0,0,0,0,0,0,0,0,0,0,0,0,0,0,0,0,0,0,0,0,0,0,0,0,0,0,0,0,0,0,0,0,0,0,0,0,0,0,0,0,0,0,0,0,0,0,0,0,0,0,0,0,0,0,0,0,0,0,0,3,2,3,5,5,3,3,3,3,3,2,2,2,3,5,5,3,0,0,0,0,0,0,0,0,0,0,0,0,0,0,0,0,0,0,0,0,0,0,0,0,0,0,0,0,0,0,0,0,0,0,0,0,0,0,0,0,0,0,0,0,0,0,0,0,0,0,0,0,0,0,0,0,0,0,0,0,0,0,0,0,0,0,0,0,0,0,0,0,0,0,0,0,0,0,0,0,0,0,0,0,0,0,0,0,0,0,0,0,0,0,0,0,0,0,0,0,0,0,0,0,0,0,0,0,0,0,0,0,0,0,0,0,0,0,0,0,0,0,0,0,0,0,0,0,0,3,3,3,5,3,1,3,3,1,3,3,2,0,0,0,0,0,0,0,0,0,0,0,0,0,0,0,0,0,0,0,0,0,0,0,0,0,0,0,0,0,0,0,0,0,0,0,0,0,0,0,0,0,0,0,0,0,0,0,0,0,0,0,0,0,0,0,0,3.047969341278076,-3.796656847000122,-4.826860427856445,4.681185245513916,5.354116439819336,-17.234262466430664,-27.12245750427246,-2.92559027671814,23.744253158569336,-5.111489772796631,3.738002061843872,19.155460357666016,1.8911454677581787,14.0890474319458,-29.68209457397461,-0.3975455462932586,25.586618423461918,-28.422910690307617,-30.59075164794922,35.11134719848633,8.721556663513184,16.490964889526367,57.86482238769531,16.434289932250977,-15.925748825073242,7.77705717086792,-17.54694366455078,-33.91421127319336,2.8362414836883545,-12.873841285705566,19.18791961669922,-9.07392406463623,-19.440832138061523,-0.7336713671684265,-1.879495620727539,8.563861846923828,5.806827068328857,-2.8579280376434326,18.538623809814453,19.10645866394043,0.4499474167823791,1.2454161643981934,-6.980428695678711,-12.712316513061523,-25.23750114440918,19.339088439941406,8.334383010864258,38.92089080810547,-8.998678207397461,0.1110256016254425,11.085244178771973,-24.212736129760746,2.75443172454834,-20.087139129638672,-32.930931091308594,-22.69621086120605,-14.01123046875,15.932400703430176,5.083643436431885,11.383461952209473,2.93269681930542,-17.57978630065918,-17.0272216796875,14.032057762145996,-42.962493896484375,6.060977458953857,18.42082405090332,11.602202415466309,-18.24323081970215,-0.3325091004371643,-9.644022941589355,11.936322212219238,16.251405715942383,-28.29963111877441,-3.295314311981201,6.3686723709106445,-28.46527862548828,0.0009326338768005,7.15843391418457,1.6184338331222534,18.000394821166992,0.9892466068267822,-9.317240715026855,-38.578575134277344,17.21438217163086,-12.55031394958496,-10.780145645141602,8.212189674377441,7.400891304016113,-1.0415571928024292,5.418107986450195,16.009706497192383,16.8953857421875,8.024726867675781,5.300644874572754,-3.706057786941528,18.42130851745605,11.913763999938965,16.78623390197754,-12.189026832580566,-9.421502113342283,-22.25394821166992,-24.73542022705078,-11.276538848876951,12.726922988891602,-29.89599227905273,-13.607162475585938,12.067359924316406,8.923880577087402,-19.875009536743164,-21.66826438903809,15.094680786132812,6.106368541717529,-10.978309631347656,-3.7817864418029785,-9.30972957611084,15.369667053222656,23.548095703125,-5.065918922424316,5.104773998260498,-12.955877304077148,15.7740478515625,-2.891345500946045,32.483306884765625,1.5451958179473877,-36.34473419189453,-31.576215744018555,3.6803088188171382,-15.78811740875244,0.5876975655555725,0.544251561164856,-1.812424898147583,15.325838088989258,36.72223281860352,6.745158672332764,31.006391525268555,-1.0277502536773682,-8.79447078704834,16.619735717773438,-14.698352813720703,25.101661682128903,-1.1463056802749634,-9.611852645874023,-5.114738941192627,16.192413330078125,4.893992424011231,8.557367324829102,7.8703107833862305,11.643860816955566,33.40684509277344,-3.5018253326416016,15.834983825683594,16.004058837890625,-22.286941528320312,-4.828156471252441,0.3740537166595459,-16.195833206176758,-1.603348731994629,-0.963759422302246,-18.880409240722656,6.518513202667236,11.2952299118042,-12.378375053405762,5.795891284942627,15.58160400390625,-24.735382080078125,10.810548782348633,-10.524235725402832,2.6597917079925537,15.076231956481934,-13.492396354675291,-21.08428001403809,35.40394592285156,-6.613242149353027,14.862126350402832,-3.181238412857056,13.341416358947754,-3.5657799243927,-10.433799743652344,25.46438980102539,-10.438700675964355,25.06660842895508,-0.4159501194953918,29.54874420166016,10.801575660705566,-11.748863220214844,0.9228436946868896,2.2265424728393555,-5.655979156494141,-17.33146858215332,3.582979202270508,-8.021954536437988,-16.32817268371582,6.851364135742188,10.936144828796388,2.292355298995972,1.2277504205703735,-29.076772689819336,-6.8807573318481445,-5.301363468170166,-2.190181016921997,-4.383977890014648,9.08140468597412,-4.104859352111816,-3.5775365829467773,-6.571681499481201,35.36073303222656,25.590539932250977,27.51035499572754,-14.708791732788086,32.25397872924805,-2.381836175918579,32.94721603393555,-17.570802688598633,11.856708526611328,-2.6859090328216557,13.421456336975098,11.867354393005373,-9.003265380859375,16.475435256958008,10.894516944885254,-22.891843795776367,-9.80828857421875,1.989686131477356,6.262335300445557,-13.184643745422363,-3.394662618637085,-4.91145658493042,9.091195106506348,-25.6149959564209,7.057762145996094,-3.4964823722839355,-19.884197235107425,-23.855274200439453,3.9457321166992183,-26.606618881225582,-6.16166877746582,-8.894588470458984,-8.28703498840332,29.25987243652344,19.554563522338867,-25.638885498046875,21.096385955810547,-6.9445905685424805,-3.1782071590423584,24.717742919921875,-41.28794860839844,-14.109781265258787,2.1386868953704834,13.271791458129885,-45.648834228515625,12.163140296936035,9.904335975646973,-6.4970479011535645,-26.56771469116211,17.09208106994629,3.375306844711304,-16.595216751098633,33.470436096191406,-25.867822647094727,-7.937172889709473,8.919855117797852,1.5145808458328247,16.99629020690918,-2.042558431625366,-23.56778907775879,-10.545350074768066,3.0067598819732666,5.256101608276367,-20.043989181518555,4.664084434509277,13.046152114868164,-11.644368171691896,3.5368106365203857,-0.9267869591712952,-22.12324523925781,-10.781264305114746,-7.649640560150146,-10.889894485473633,20.82172966003418,-14.320962905883787,-20.11366271972656,-20.414287567138672,-13.874297142028809,-11.683688163757324,13.70816135406494,-0.2456980347633361,-1.6557875871658323,-10.163518905639648,-11.356635093688965,7.095252513885498,33.19947052001953,10.691776275634766,9.935582160949709,-29.707874298095703,-19.935279846191406,-17.94394874572754,-22.02120018005371,-44.11107635498047,-2.35374116897583,1.0,-0.2218487496163563
OXYR_HUMAN,CHEMBL603205,COc1ccc(-n2c(C)nnc2N2CCC(Oc3ccccc3)C2)cn1,0,0,0,0,0,0,0,0,0,0,0,0,0,0,0,0,0,0,0,0,0,0,0,0,0,0,0,0,0,0,0,0,0,0,0,0,0,0,0,0,0,0,0,0,0,0,0,0,0,0,0,0,0,0,0,0,0,0,0,0,0,0,0,0,0,0,0,0,0,0,0,0,0,0,0,0,0,0,0,0,0,0,0,0,0,0,0,0,0,0,0,0,0,0,0,0,0,0,0,0,0,0,0,0,0,0,0,0,0,0,0,0,0,0,0,0,0,0,0,0,0,0,0,0,0,0,0,0,0,0,0,0,0,0,0,0,0,0,0,0,0,0,0,0,0,0,0,0,0,0,0,0,0,0,0,0,0,0,0,0,0,0,0,0,0,0,0,0,0,0,0,0,0,0,0,0,0,0,0,0,0,0,0,0,0,2,4,1,2,2,2,2,3,2,3,2,4,2,2,3,2,0,0,0,0,0,0,0,0,0,0,0,0,0,0,0,0,3,2,2,1,0,0,0,0,0,0,0,0,0,0,0,0,0,0,0,0,0,1,1,2,4,1,3,0,0,0,0,0,0,0,0,0,0,0,5,3,0,0,0,0,0,0,0,0,0,0,0,0,0,0,0,0,0,0,0,0,0,0,0,0,0,0,0,0,0,0,0,0,0,0,0,0,0,0,0,0,0,0,0,0,0,0,0,0,0,0,0,0,0,0,0,0,0,0,0,0,0,0,0,0,0,0,0,0,0,0,0,0,0,0,0,0,0,0,0,0,0,0,0,0,0,0,0,0,0,0,0,0,0,0,0,0,0,0,0,0,0,0,0,0,0,0,0,0,0,0,0,0,0,0,0,0,0,0,0,0,0,0,0,0,0,0,0,0,0,0,0,0,0,0,0,0,0,0,0,0,0,0,0,0,0,0,0,0,0,0,0,0,0,0,0,0,0,0,0,0,0,0,0,0,0,0,0,0,0,0,0,0,0,0,0,0,2,1,1,1,5,5,3,0,0,0,0,0,0,0,0,0,0,0,0,0,0,0,0,0,0,0,0,0,0,0,0,0,0,0,0,0,0,0,0,0,0,0,0,0,0,0,0,0,0,0,0,0,0,0,0,0,0,0,0,0,0,0,0,0,0,0,0,0,0,0,0,0,0,0,0,0,0,0,0,0,0,0,0,0,0,0,0,0,0,0,0,0,0,0,0,0,0,0,0,0,0,0,0,0,0,0,0,0,0,0,0,0,0,0,0,0,0,0,0,0,0,0,0,0,0,0,0,0,0,0,0,0,0,0,0,0,0,0,0,0,0,0,0,0,0,0,0,0,0,0,0,0,0,0,0,0,4,2,2,2,5,2,4,2,0,0,0,0,0,0,0,0,0,0,0,0,0,0,0,0,0,2,2,2,1,2,0,2,2,0,0,0,0,0,0,0,0,0,0,0,2,2,2,2,3,1,3,2,1,0,0,0,0,0,0,2,2,2,2,2,0,0,5,0,0,0,0,3,3,0,0,0,0,0,0,0,0,0,0,0,5,3,5,5,0,0,0,0,0,3,0,0,0,0,0,0,0,5,2,2,2,2,2,5,0,0,0,0,0,0,0,0,0,0,0,0,0,0,0,5,2,3,0,2,2,4,0,0,0,0,0,0,0,0,0,0,0,0,0,0,0,0,0,0,0,0,0,0,0,0,0,0,0,0,0,0,0,0,2,2,2,2,2,2,3,2,2,0,0,0,0,0,0,0,0,0,0,0,0,0,0,0,0,0,0,0,0,0,0,0,0,1,3,2,2,0,0,0,0,0,0,0,0,0,0,0,0,0,0,0,0,0,0,0,0,0,0,0,0,0,0,0,0,0,2,4,2,3,2,5,2,2,1,0,1,4,2,0,0,0,0,0,2,1,0,0,0,0,0,0,0,0,0,0,0,0,0,0,0,0,0,0,0,0,0,0,0,0,0,0,0,0,0,0,0,0,0,0,0,0,0,0,0,0,0,0,0,0,0,0,0,5,0,2,2,5,0,2,2,3,2,2,1,2,2,2,0,0,0,3,3,2,2,0,0,0,0,0,0,0,0,0,0,0,0,2,2,0,0,0,0,0,0,0,0,0,0,0,0,0,0,0,0,0,0,0,0,0,0,0,0,0,0,0,0,0,0,0,2,2,3,2,4,5,0,0,0,0,0,0,0,0,0,0,0,0,0,0,0,0,0,0,0,0,0,0,0,0,0,0,0,0,0,0,0,0,0,0,1,0,0,0,0,0,0,0,0,0,0,0,0,0,0,0,0,0,0,0,0,0,0,0,0,0,0,2,2,0,0,0,0,0,0,2,0,1,3,1,2,0,0,0,0,0,0,0,0,0,0,0,0,0,0,0,0,0,0,0,0,0,0,0,0,0,0,0,0,5,3,0,0,0,0,2,5,5,0,0,5,3,0,0,0,0,0,0,0,0,0,0,0,0,0,0,0,4,5,0,0,0,0,2,2,2,0,0,0,0,2,2,3,2,2,0,0,0,1,1,2,2,2,3,0,0,2,1,3,2,5,0,0,0,0,0,0,0,0,0,0,0,0,2,2,3,0,0,0,0,0,0,0,0,0,0,0,0,0,0,0,0,0,0,0,0,0,0,0,0,0,0,0,0,0,0,0,0,0,0,0,0,0,0,0,2,5,0,0,0,0,4,0,0,0,0,0,0,0,0,0,0,0,0,0,0,0,0,0,0,0,0,0,0,0,0,0,0,0,0,0,0,0,0,0,0,0,0,0,0,0,0,0,0,0,0,0,0,0,0,0,0,0,0,0,0,0,0,0,0,0,0,0,0,0,0,0,0,0,0,0,0,0,0,0,0,0,0,0,0,0,0,0,0,0,0,0,0,0,0,0,0,0,0,0,2,2,0,0,4,1,2,2,4,0,0,0,0,0,1,2,2,2,0,0,0,0,0,0,0,0,0,0,0,0,0,0,0,0,0,0,0,0,0,0,0,0,0,0,0,0,0,0,0,0,0,0,0,0,0,0,0,0,0,0,0,2,2,0,0,0,0,0,0,0,0,0,0,0,0,0,0,0,0,3,1,2,1,1,0,0,0,0,5,0,0,0,0,0,0,0,2,2,0,0,0,0,0,0,0,0,2,3,2,2,0,0,0,3,2,2,2,2,0,2,2,1,2,2,0,2,2,0,0,0,0,0,0,0,0,0,0,0,0,0,0,0,0,0,0,2,2,1,0,0,0,0,0,0,0,0,0,0,0,0,0,0,0,0,2,1,2,2,3,2,0,0,0,0,0,0,0,5,2,0,0,0,0,0,0,0,0,0,0,0,0,0,0,0,0,2,3,0,0,0,0,0,0,0,0,0,0,0,0,0,0,0,0,0,0,0,0,0,0,0,0,0,0,0,0,0,0,0,0,0,0,0,0,0,0,0,0,0,0,0,3,2,5,2,0,0,0,0,0,0,0,0,0,0,0,0,0,0,0,0,0,0,0,0,0,0,0,0,0,0,0,0,0,0,0,0,0,0,0,0,0,0,0,0,0,0,0,0,0,0,0,0,0,0,0,0,0,0,0,0,0,0,0,0,0,0,0,0,0,0,0,0,0,0,0,0,0,0,0,0,0,0,0,0,0,0,0,0,0,0,0,0,0,0,0,0,0,0,0,0,0,0,0,0,0,0,0,0,0,0,0,0,0,0,0,0,0,0,0,0,0,0,0,0,0,0,0,0,0,0,0,0,0,0,0,0,0,0,0,0,0,0,0,5,3,2,2,2,2,2,2,4,2,1,4,1,2,2,2,1,4,1,1,5,2,2,2,2,5,2,3,3,2,5,2,2,3,5,0,0,0,0,0,0,0,0,0,0,0,0,0,0,0,0,0,0,0,0,0,0,0,2,5,2,5,3,2,0,0,0,0,0,0,0,0,5,0,0,0,2,3,2,2,2,2,0,0,0,0,0,2,2,2,2,2,0,0,0,1,2,3,1,2,2,2,0,0,0,0,0,2,3,2,2,3,2,2,4,2,0,0,0,0,0,0,0,0,3,2,1,5,4,2,0,0,0,0,3,0,0,0,0,0,0,0,0,0,0,0,0,0,0,0,0,0,2,0,0,2,0,0,0,0,0,0,0,0,0,0,0,0,0,0,0,0,0,0,0,0,0,0,0,0,0,0,0,0,0,0,0,0,0,0,0,0,0,0,0,0,0,0,0,0,0,0,0,0,0,0,0,0,0,0,0,0,0,0,0,0,0,0,0,0,0,0,0,0,0,0,0,0,0,0,0,0,0,2,2,0,2,0,0,0,0,0,2,2,2,0,2,3,2,3,3,1,1,3,1,2,2,0,0,0,0,0,0,0,2,2,2,2,3,1,5,2,2,5,0,4,2,0,0,0,0,2,3,5,2,0,0,0,0,0,0,0,0,0,0,0,0,0,0,0,0,0,0,0,0,0,0,0,0,0,0,0,0,0,0,0,0,0,0,0,0,0,0,0,0,0,0,0,0,0,0,0,0,0,0,0,0,0,0,0,0,0,0,0,0,0,0,0,0,0,0,0,0,0,0,0,0,0,0,0,0,0,0,0,0,0,0,0,0,0,0,0,0,0,0,0,0,0,0,0,0,2,1,1,3,2,3,2,2,5,1,5,5,2,1,4,3,0,0,0,0,0,0,0,0,0,0,0,0,0,0,0,0,0,0,0,0,0,0,0,0,0,0,0,0,0,0,0,0,0,0,0,0,0,0,0,0,0,0,0,0,0,0,0,0,0,0,0,0,0,0,0,0,0,0,0,0,0,0,0,0,0,0,0,0,0,0,0,0,0,0,0,0,0,0,0,0,0,0,0,0,0,0,0,0,0,0,0,0,0,0,0,0,0,0,0,0,0,0,0,0,0,0,0,0,0,0,0,0,0,0,0,0,0,0,0,0,0,0,0,0,0,0,0,0,0,0,0,0,0,0,0,0,0,0,0,0,0,0,0,0,0,0,0,0,0,0,0,0,0,0,0,0,0,0,0,0,0,0,0,0,0,0,0,0,0,0,0,0,0,0,0,0,0,0,0,0,0,0,0,0,0,0,0,0,0,0,0,0,0,0,0,0,0,0,0,0,0,0,0,0,0,0,0,0,0,0,0,0,0,0,0,0,0,0,0,0,0,0,0,0,0,0,0,0,0,0,0,0,0,0,0,0,0,0,0,0,0,0,0,0,0,0,0,0,0,0,0,0,0,0,0,0,0,0,0,0,0,0,0,0,0,0,0,0,0,0,0,0,0,0,0,0,0,0,0,0,0,0,0,0,3,2,3,5,5,3,3,3,3,3,2,2,2,3,5,5,3,0,0,0,0,0,0,0,0,0,0,0,0,0,0,0,0,0,0,0,0,0,0,0,0,0,0,0,0,0,0,0,0,0,0,0,0,0,0,0,0,0,0,0,0,0,0,0,0,0,0,0,0,0,0,0,0,0,0,0,0,0,0,0,0,0,0,0,0,0,0,0,0,0,0,0,0,0,0,0,0,0,0,0,0,0,0,0,0,0,0,0,0,0,0,0,0,0,0,0,0,0,0,0,0,0,0,0,0,0,0,0,0,0,0,0,0,0,0,0,0,0,0,0,0,0,0,0,0,0,3,3,3,5,3,1,3,3,1,3,3,2,0,0,0,0,0,0,0,0,0,0,0,0,0,0,0,0,0,0,0,0,0,0,0,0,0,0,0,0,0,0,0,0,0,0,0,0,0,0,0,0,0,0,0,0,0,0,0,0,0,0,0,0,0,0,0,0,2.021685838699341,-6.581883430480957,-2.5102250576019287,10.09451675415039,0.3965353369712829,-1.700653314590454,-10.576995849609377,-0.6198770999908447,7.730493068695068,2.097381830215454,-2.9796700477600098,-0.4893750548362732,-7.509178638458252,2.0925986766815186,-5.934711933135986,-1.6955710649490356,4.827298164367676,-4.484233856201172,-3.2202367782592773,7.406800270080566,4.648075580596924,5.225724220275879,11.5440673828125,7.845190525054932,-7.742010116577148,-1.86625075340271,-1.3219903707504272,-9.138498306274414,1.938639760017395,-1.049176573753357,11.671185493469238,-9.604198455810549,-5.563286781311035,-5.123286724090576,3.2374885082244877,1.8282246589660645,-0.6411342620849609,-0.9675901532173156,8.592368125915527,2.9089958667755127,-1.6384541988372805,0.7341021299362183,-6.610252857208252,-0.3027791380882263,-10.051499366760254,3.9445340633392334,-1.6734904050827026,4.645263195037842,-6.754372596740723,8.047331809997559,4.998854160308838,-3.966494083404541,-1.397303819656372,-8.800097465515137,-6.012675285339356,-6.051462173461914,-6.475514888763428,0.6625704765319824,2.85253381729126,4.547272205352783,2.6837401390075684,-10.163407325744627,-2.3976387977600098,-0.3899543881416321,-16.79801368713379,-2.747659921646118,7.710094451904297,-2.247476100921631,-0.8717364072799683,1.710405945777893,-6.267910480499268,0.6018961071968079,7.717729091644287,-4.797479629516602,0.6156677603721619,6.233587741851807,-6.719028472900391,1.5838874578475952,-3.2234697341918945,4.182846546173096,5.757995128631592,-0.307842344045639,-3.732817888259888,-7.761948108673096,4.165180206298828,-2.4329559803009038,-7.678242206573486,7.576541423797607,4.501943588256836,-1.222875952720642,5.1164326667785645,-0.0834104418754577,3.313583850860596,3.77232027053833,5.049678802490234,-0.3857127428054809,1.5498638153076172,7.988955020904541,4.574811935424805,4.957813262939453,-7.1269145011901855,-6.563109397888184,-4.633429527282715,-12.289095878601074,4.967139720916748,-4.15519380569458,-0.9550036787986756,3.8743181228637695,-1.878669500350952,-5.155000686645508,-10.666184425354004,4.468567848205566,2.2868406772613525,-0.6671212315559387,0.6589001417160034,-5.119636535644531,9.36111545562744,8.883212089538574,-2.895829916000366,4.990422248840332,-9.95628833770752,-0.0416655987501144,-2.602675676345825,4.030056953430176,3.6600537300109854,-8.68317985534668,-6.1967644691467285,-2.564342975616455,-6.948338508605957,0.5009852647781372,-1.8770735263824463,5.0530548095703125,9.30469799041748,7.984223365783691,-1.0586895942687988,13.395514488220217,11.94436740875244,-1.0271676778793335,9.21297550201416,-4.366455554962158,5.937937736511231,-2.1074161529541016,-4.625141143798828,-1.9208546876907349,8.1027193069458,6.449534893035889,-1.0304189920425415,1.8745853900909424,-1.5880948305130005,5.904749393463135,8.473956108093262,2.496455669403076,8.667881965637207,-3.3660130500793457,-0.6977762579917908,2.98826265335083,-5.200747966766357,-4.646726131439209,0.0352989584207534,-4.455128192901611,-5.009794235229492,-5.625923156738281,-4.8318305015563965,-2.638468742370605,-0.8021906614303589,-9.279500961303713,1.5389013290405271,-2.1969542503356934,-0.2817159593105316,4.892833709716797,-8.0138521194458,-5.725220203399658,10.199551582336426,-0.3686141967773437,3.050168752670288,1.7001887559890747,5.82138729095459,-1.8909167051315308,-1.5653741359710691,9.436827659606934,-0.4355842471122741,5.6703972816467285,-4.213361740112305,9.708500862121582,6.945425033569336,-1.6103765964508057,-3.391767263412476,-4.82554292678833,-4.684084415435791,-0.8738908767700195,-1.9724369049072263,-1.4672162532806396,0.6456881761550903,1.35945725440979,-0.8538684248924255,0.899332582950592,-5.815835952758789,-11.559947967529297,-1.6072856187820437,1.6827565431594849,5.406336784362793,4.311661720275879,4.3270182609558105,4.132059574127197,7.059563636779785,-1.623415231704712,11.338216781616213,5.933889865875244,8.864104270935059,-2.21409273147583,7.669799327850342,-3.498165369033813,6.267333030700684,-8.437085151672363,1.79909086227417,-0.4450212121009826,-1.1816174983978271,5.598498344421387,-7.437869548797607,3.691904306411743,1.9208226203918457,-8.363178253173828,-3.349536418914795,0.1336878687143325,4.52696704864502,-3.390433549880981,-3.714763164520264,-0.5448006987571716,3.484722137451172,-4.8591742515563965,4.265059471130371,-0.0337543785572052,-4.678060531616211,-10.92775058746338,-2.432861566543579,-6.197722911834717,-4.326558589935303,0.5790363550186157,-4.392947673797607,8.658271789550781,6.305502414703369,0.9301950931549072,3.8768112659454346,0.4370125234127044,-5.133498191833496,4.172879695892334,-13.473849296569824,-9.027170181274414,0.1980370879173278,-3.9814000129699703,-14.113057136535645,4.458542823791504,-1.177223801612854,0.4540076851844787,-13.56255340576172,1.4855748414993286,2.984490394592285,-6.760933876037598,4.3263020515441895,-4.231011390686035,2.176583766937256,5.050589084625244,6.839374542236328,10.320855140686035,5.647071361541748,-4.12628698348999,-8.042227745056152,8.063309669494629,-2.077671527862549,-4.543691158294678,-3.7848870754241934,1.675231695175171,-2.889579057693481,0.4082720577716827,-0.5105981826782227,-5.186751365661621,-1.5219943523406982,-1.1543275117874146,-0.2602580785751343,-0.0044965483248233,-7.111583232879639,-6.110568523406982,-12.89779281616211,-6.873557567596436,-1.510084629058838,5.100820064544678,-1.096306562423706,-0.6895753741264343,-5.045718193054199,0.3450069427490234,-1.7386417388916016,11.228049278259276,9.030092239379885,-3.112126111984253,-8.589591026306152,-4.214902877807617,-4.31737232208252,-2.700249671936035,-11.12593936920166,-1.3527991771697998,-1.0,2.2304489213782737
OXYR_HUMAN,CHEMBL2035014,CC(C)CC1C(=O)NC(C2Cc3ccccc3C2)C(=O)N1C(C(=O)NC(C)C)c1ccccc1OC(F)(F)F,0,0,0,0,0,0,0,0,0,0,0,0,0,0,0,0,0,0,0,0,0,0,0,0,0,0,0,0,0,0,0,0,0,0,0,0,0,0,0,0,0,0,0,0,0,0,0,0,0,0,0,0,0,0,0,0,0,0,0,0,0,0,0,0,0,0,0,0,0,0,0,0,0,0,0,0,0,0,0,0,0,0,0,0,0,0,0,0,0,0,0,0,0,0,0,0,0,0,0,0,0,0,0,0,0,0,0,0,0,0,0,0,0,0,0,0,0,0,0,0,0,0,0,0,0,0,0,0,0,0,0,0,0,0,0,0,0,0,0,0,0,0,0,0,0,0,0,0,0,0,0,0,0,0,0,0,0,0,0,0,0,0,0,0,0,0,0,0,0,0,0,0,0,0,0,0,0,0,0,0,0,0,0,0,0,2,4,1,2,2,2,2,3,2,3,2,4,2,2,3,2,0,0,0,0,0,0,0,0,0,0,0,0,0,0,0,0,3,2,2,1,0,0,0,0,0,0,0,0,0,0,0,0,0,0,0,0,0,1,1,2,4,1,3,0,0,0,0,0,0,0,0,0,0,0,5,3,0,0,0,0,0,0,0,0,0,0,0,0,0,0,0,0,0,0,0,0,0,0,0,0,0,0,0,0,0,0,0,0,0,0,0,0,0,0,0,0,0,0,0,0,0,0,0,0,0,0,0,0,0,0,0,0,0,0,0,0,0,0,0,0,0,0,0,0,0,0,0,0,0,0,0,0,0,0,0,0,0,0,0,0,0,0,0,0,0,0,0,0,0,0,0,0,0,0,0,0,0,0,0,0,0,0,0,0,0,0,0,0,0,0,0,0,0,0,0,0,0,0,0,0,0,0,0,0,0,0,0,0,0,0,0,0,0,0,0,0,0,0,0,0,0,0,0,0,0,0,0,0,0,0,0,0,0,0,0,0,0,0,0,0,0,0,0,0,0,0,0,0,0,0,0,0,2,1,1,1,5,5,3,0,0,0,0,0,0,0,0,0,0,0,0,0,0,0,0,0,0,0,0,0,0,0,0,0,0,0,0,0,0,0,0,0,0,0,0,0,0,0,0,0,0,0,0,0,0,0,0,0,0,0,0,0,0,0,0,0,0,0,0,0,0,0,0,0,0,0,0,0,0,0,0,0,0,0,0,0,0,0,0,0,0,0,0,0,0,0,0,0,0,0,0,0,0,0,0,0,0,0,0,0,0,0,0,0,0,0,0,0,0,0,0,0,0,0,0,0,0,0,0,0,0,0,0,0,0,0,0,0,0,0,0,0,0,0,0,0,0,0,0,0,0,0,0,0,0,0,0,0,4,2,2,2,5,2,4,2,0,0,0,0,0,0,0,0,0,0,0,0,0,0,0,0,0,2,2,2,1,2,0,2,2,0,0,0,0,0,0,0,0,0,0,0,2,2,2,2,3,1,3,2,1,0,0,0,0,0,0,2,2,2,2,2,0,0,5,0,0,0,0,3,3,0,0,0,0,0,0,0,0,0,0,0,5,3,5,5,0,0,0,0,0,3,0,0,0,0,0,0,0,5,2,2,2,2,2,5,0,0,0,0,0,0,0,0,0,0,0,0,0,0,0,5,2,3,0,2,2,4,0,0,0,0,0,0,0,0,0,0,0,0,0,0,0,0,0,0,0,0,0,0,0,0,0,0,0,0,0,0,0,0,2,2,2,2,2,2,3,2,2,0,0,0,0,0,0,0,0,0,0,0,0,0,0,0,0,0,0,0,0,0,0,0,0,1,3,2,2,0,0,0,0,0,0,0,0,0,0,0,0,0,0,0,0,0,0,0,0,0,0,0,0,0,0,0,0,0,2,4,2,3,2,5,2,2,1,0,1,4,2,0,0,0,0,0,2,1,0,0,0,0,0,0,0,0,0,0,0,0,0,0,0,0,0,0,0,0,0,0,0,0,0,0,0,0,0,0,0,0,0,0,0,0,0,0,0,0,0,0,0,0,0,0,0,5,0,2,2,5,0,2,2,3,2,2,1,2,2,2,0,0,0,3,3,2,2,0,0,0,0,0,0,0,0,0,0,0,0,2,2,0,0,0,0,0,0,0,0,0,0,0,0,0,0,0,0,0,0,0,0,0,0,0,0,0,0,0,0,0,0,0,2,2,3,2,4,5,0,0,0,0,0,0,0,0,0,0,0,0,0,0,0,0,0,0,0,0,0,0,0,0,0,0,0,0,0,0,0,0,0,0,1,0,0,0,0,0,0,0,0,0,0,0,0,0,0,0,0,0,0,0,0,0,0,0,0,0,0,2,2,0,0,0,0,0,0,2,0,1,3,1,2,0,0,0,0,0,0,0,0,0,0,0,0,0,0,0,0,0,0,0,0,0,0,0,0,0,0,0,0,5,3,0,0,0,0,2,5,5,0,0,5,3,0,0,0,0,0,0,0,0,0,0,0,0,0,0,0,4,5,0,0,0,0,2,2,2,0,0,0,0,2,2,3,2,2,0,0,0,1,1,2,2,2,3,0,0,2,1,3,2,5,0,0,0,0,0,0,0,0,0,0,0,0,2,2,3,0,0,0,0,0,0,0,0,0,0,0,0,0,0,0,0,0,0,0,0,0,0,0,0,0,0,0,0,0,0,0,0,0,0,0,0,0,0,0,2,5,0,0,0,0,4,0,0,0,0,0,0,0,0,0,0,0,0,0,0,0,0,0,0,0,0,0,0,0,0,0,0,0,0,0,0,0,0,0,0,0,0,0,0,0,0,0,0,0,0,0,0,0,0,0,0,0,0,0,0,0,0,0,0,0,0,0,0,0,0,0,0,0,0,0,0,0,0,0,0,0,0,0,0,0,0,0,0,0,0,0,0,0,0,0,0,0,0,0,2,2,0,0,4,1,2,2,4,0,0,0,0,0,1,2,2,2,0,0,0,0,0,0,0,0,0,0,0,0,0,0,0,0,0,0,0,0,0,0,0,0,0,0,0,0,0,0,0,0,0,0,0,0,0,0,0,0,0,0,0,2,2,0,0,0,0,0,0,0,0,0,0,0,0,0,0,0,0,3,1,2,1,1,0,0,0,0,5,0,0,0,0,0,0,0,2,2,0,0,0,0,0,0,0,0,2,3,2,2,0,0,0,3,2,2,2,2,0,2,2,1,2,2,0,2,2,0,0,0,0,0,0,0,0,0,0,0,0,0,0,0,0,0,0,2,2,1,0,0,0,0,0,0,0,0,0,0,0,0,0,0,0,0,2,1,2,2,3,2,0,0,0,0,0,0,0,5,2,0,0,0,0,0,0,0,0,0,0,0,0,0,0,0,0,2,3,0,0,0,0,0,0,0,0,0,0,0,0,0,0,0,0,0,0,0,0,0,0,0,0,0,0,0,0,0,0,0,0,0,0,0,0,0,0,0,0,0,0,0,3,2,5,2,0,0,0,0,0,0,0,0,0,0,0,0,0,0,0,0,0,0,0,0,0,0,0,0,0,0,0,0,0,0,0,0,0,0,0,0,0,0,0,0,0,0,0,0,0,0,0,0,0,0,0,0,0,0,0,0,0,0,0,0,0,0,0,0,0,0,0,0,0,0,0,0,0,0,0,0,0,0,0,0,0,0,0,0,0,0,0,0,0,0,0,0,0,0,0,0,0,0,0,0,0,0,0,0,0,0,0,0,0,0,0,0,0,0,0,0,0,0,0,0,0,0,0,0,0,0,0,0,0,0,0,0,0,0,0,0,0,0,0,5,3,2,2,2,2,2,2,4,2,1,4,1,2,2,2,1,4,1,1,5,2,2,2,2,5,2,3,3,2,5,2,2,3,5,0,0,0,0,0,0,0,0,0,0,0,0,0,0,0,0,0,0,0,0,0,0,0,2,5,2,5,3,2,0,0,0,0,0,0,0,0,5,0,0,0,2,3,2,2,2,2,0,0,0,0,0,2,2,2,2,2,0,0,0,1,2,3,1,2,2,2,0,0,0,0,0,2,3,2,2,3,2,2,4,2,0,0,0,0,0,0,0,0,3,2,1,5,4,2,0,0,0,0,3,0,0,0,0,0,0,0,0,0,0,0,0,0,0,0,0,0,2,0,0,2,0,0,0,0,0,0,0,0,0,0,0,0,0,0,0,0,0,0,0,0,0,0,0,0,0,0,0,0,0,0,0,0,0,0,0,0,0,0,0,0,0,0,0,0,0,0,0,0,0,0,0,0,0,0,0,0,0,0,0,0,0,0,0,0,0,0,0,0,0,0,0,0,0,0,0,0,0,2,2,0,2,0,0,0,0,0,2,2,2,0,2,3,2,3,3,1,1,3,1,2,2,0,0,0,0,0,0,0,2,2,2,2,3,1,5,2,2,5,0,4,2,0,0,0,0,2,3,5,2,0,0,0,0,0,0,0,0,0,0,0,0,0,0,0,0,0,0,0,0,0,0,0,0,0,0,0,0,0,0,0,0,0,0,0,0,0,0,0,0,0,0,0,0,0,0,0,0,0,0,0,0,0,0,0,0,0,0,0,0,0,0,0,0,0,0,0,0,0,0,0,0,0,0,0,0,0,0,0,0,0,0,0,0,0,0,0,0,0,0,0,0,0,0,0,0,2,1,1,3,2,3,2,2,5,1,5,5,2,1,4,3,0,0,0,0,0,0,0,0,0,0,0,0,0,0,0,0,0,0,0,0,0,0,0,0,0,0,0,0,0,0,0,0,0,0,0,0,0,0,0,0,0,0,0,0,0,0,0,0,0,0,0,0,0,0,0,0,0,0,0,0,0,0,0,0,0,0,0,0,0,0,0,0,0,0,0,0,0,0,0,0,0,0,0,0,0,0,0,0,0,0,0,0,0,0,0,0,0,0,0,0,0,0,0,0,0,0,0,0,0,0,0,0,0,0,0,0,0,0,0,0,0,0,0,0,0,0,0,0,0,0,0,0,0,0,0,0,0,0,0,0,0,0,0,0,0,0,0,0,0,0,0,0,0,0,0,0,0,0,0,0,0,0,0,0,0,0,0,0,0,0,0,0,0,0,0,0,0,0,0,0,0,0,0,0,0,0,0,0,0,0,0,0,0,0,0,0,0,0,0,0,0,0,0,0,0,0,0,0,0,0,0,0,0,0,0,0,0,0,0,0,0,0,0,0,0,0,0,0,0,0,0,0,0,0,0,0,0,0,0,0,0,0,0,0,0,0,0,0,0,0,0,0,0,0,0,0,0,0,0,0,0,0,0,0,0,0,0,0,0,0,0,0,0,0,0,0,0,0,0,0,0,0,0,0,3,2,3,5,5,3,3,3,3,3,2,2,2,3,5,5,3,0,0,0,0,0,0,0,0,0,0,0,0,0,0,0,0,0,0,0,0,0,0,0,0,0,0,0,0,0,0,0,0,0,0,0,0,0,0,0,0,0,0,0,0,0,0,0,0,0,0,0,0,0,0,0,0,0,0,0,0,0,0,0,0,0,0,0,0,0,0,0,0,0,0,0,0,0,0,0,0,0,0,0,0,0,0,0,0,0,0,0,0,0,0,0,0,0,0,0,0,0,0,0,0,0,0,0,0,0,0,0,0,0,0,0,0,0,0,0,0,0,0,0,0,0,0,0,0,0,3,3,3,5,3,1,3,3,1,3,3,2,0,0,0,0,0,0,0,0,0,0,0,0,0,0,0,0,0,0,0,0,0,0,0,0,0,0,0,0,0,0,0,0,0,0,0,0,0,0,0,0,0,0,0,0,0,0,0,0,0,0,0,0,0,0,0,0,3.688061237335205,-6.492268562316895,-4.352755069732666,7.424453258514404,-0.0238929837942123,-5.806196212768555,-15.945075988769531,-1.2699344158172607,17.775028228759766,1.243151068687439,0.8912426233291626,3.51015853881836,-5.620476245880127,2.6995737552642822,-9.9906587600708,-5.023638725280762,12.144963264465332,-7.610214710235596,-9.76726245880127,13.25308322906494,6.050367832183838,11.856087684631348,22.11310577392578,11.148719787597656,-10.688633918762209,3.8961021900177,-2.048476457595825,-17.839338302612305,-1.8381438255310056,-2.499785900115967,13.361452102661133,-7.747381687164307,-10.24951171875,-2.366452693939209,1.9277056455612185,3.1652820110321045,6.735690593719482,-2.944700241088867,13.079949378967283,5.206571102142334,-5.000824928283691,-0.8753507733345032,-5.339569091796875,-3.450944423675537,-13.816596031188965,8.653063774108887,-3.5043845176696777,17.364349365234375,-5.633179664611816,3.212106943130493,3.969931125640869,-14.279733657836914,-4.625657081604004,-12.75424098968506,-12.465816497802734,-9.550981521606444,-8.34123706817627,2.3904597759246826,5.631120681762695,10.0726900100708,3.038175582885742,-9.664794921875,-8.444376945495605,3.8216402530670166,-20.166446685791016,2.5704634189605717,13.397488594055176,2.238270998001098,-7.31255578994751,-0.4748745262622833,-7.451868057250977,3.290280342102051,8.460591316223145,-11.637797355651855,-2.80586314201355,4.010820865631104,-11.005884170532228,2.042880058288574,1.85774028301239,4.871072769165039,9.756287574768066,0.450848639011383,-3.2352869510650635,-15.369446754455566,4.977743148803711,-3.3235580921173096,-12.134553909301758,5.08820390701294,3.097270965576172,-4.9483642578125,2.018886089324951,6.063800811767578,5.352182865142822,5.922778129577637,9.818634033203123,-1.93996262550354,10.93779754638672,6.204700946807861,11.935959815979004,-3.372975826263428,-9.693074226379396,-10.88807201385498,-12.404912948608398,-15.183760643005373,7.554341793060303,-14.367345809936523,-7.022843837738037,8.322864532470703,4.01517915725708,-10.75246524810791,-17.12820816040039,6.181970119476318,6.5751566886901855,-6.0427422523498535,-0.4309715032577514,-2.161107063293457,13.335685729980469,12.363258361816406,-4.81439733505249,9.605998039245604,-10.999903678894045,5.664676666259766,-4.878227233886719,13.258910179138184,5.43021821975708,-15.60063362121582,-14.384236335754396,-0.4575407207012176,-5.545605182647705,2.149179220199585,-2.150385618209839,0.2566631734371185,12.89174747467041,19.085227966308597,-0.5122354030609131,19.091062545776367,12.80317497253418,-3.69865608215332,14.825650215148926,-6.894797801971436,10.448198318481444,-2.092989444732666,-6.521068572998047,-1.5757153034210205,8.953387260437012,8.924572944641113,5.7896647453308105,-3.469374179840088,4.319077968597412,14.179887771606444,4.814664840698242,4.877273082733154,12.00209617614746,-8.587173461914062,1.4716169834136963,0.6832118034362793,-7.497974872589111,-5.391364097595215,-0.7510467767715454,-7.910219669342041,-2.970996856689453,-2.2519326210021973,-6.406516075134277,2.95280385017395,6.859344005584717,-11.953007698059082,4.875260829925537,-1.0770834684371948,-0.852963387966156,8.139503479003906,-7.957348823547363,-10.629260063171388,17.960359573364258,2.967191457748413,5.218641757965088,0.8432303667068481,8.752725601196289,-4.200715065002441,-5.047119140625,12.808979034423828,-3.615142822265625,12.114402770996094,-2.5742974281311035,19.098539352416992,9.188851356506348,-5.235566139221191,-0.8091638684272766,-2.445026397705078,-6.82770299911499,-6.421116352081299,-0.5451541543006897,-1.4300397634506226,-4.752084255218506,0.9480547904968262,2.752693891525269,-0.0751898139715194,-4.660223007202148,-18.28632164001465,-2.4712038040161133,-4.112667560577393,1.2999438047409058,0.5870681405067444,8.536726951599121,-0.0418499410152435,3.812488079071045,1.7791389226913452,15.562108039855955,9.887909889221191,12.176128387451172,-4.088873386383057,18.82522964477539,-2.18478798866272,15.296581268310549,-9.307706832885742,5.759635925292969,-2.1029984951019287,5.02603006362915,6.850095748901367,-10.85200023651123,6.001690864562988,6.683112621307373,-15.71668529510498,-6.433128833770752,0.1811776757240295,2.8010103702545166,-11.364398002624512,-3.856956958770752,0.5029780864715576,9.21352481842041,-12.890719413757324,5.619289875030518,-3.470017194747925,-8.344751358032227,-16.840595245361328,-1.962477207183838,-11.009848594665527,-3.583589553833008,-4.376331329345703,-7.739547252655029,14.6150484085083,6.100960731506348,-5.368910312652588,5.550406455993652,-0.643570601940155,-6.092828750610352,7.895463466644287,-17.515880584716797,-9.934840202331545,-1.9977118968963623,0.2679750919342041,-25.080001831054688,6.319404602050781,2.628104448318481,-0.2966004610061645,-16.061864852905273,6.076987266540527,4.1885247230529785,-8.341171264648438,13.956031799316406,-12.109442710876465,2.428964614868164,6.720066547393799,0.9761924147605896,11.953479766845703,0.6553708910942078,-10.566515922546388,-7.483875751495361,6.474038600921631,2.3658335208892822,-10.867186546325684,-1.3074978590011597,8.824989318847656,-6.3911895751953125,1.414373517036438,-1.0706533193588257,-8.528292655944824,-8.687309265136719,-1.25969398021698,-3.732486963272095,5.156963348388672,-9.405844688415527,-11.795306205749512,-20.504812240600582,-11.897953033447266,-2.2961196899414062,7.491992950439453,-0.8394379019737244,-4.9311299324035645,-7.67912483215332,-1.9661794900894165,0.1011662110686302,16.14859390258789,9.39858627319336,2.639257431030273,-13.05556583404541,-7.403252601623535,-4.849642276763916,-8.411625862121582,-19.30268669128418,0.8075440526008606,-1.0,1.5998830720736876
OXYR_HUMAN,CHEMBL1088766,COCCN(C(=O)c1cnn(-c2ccccc2)c1C)c1ccc(OC)nc1,0,0,0,0,0,0,0,0,0,0,0,0,0,0,0,0,0,0,0,0,0,0,0,0,0,0,0,0,0,0,0,0,0,0,0,0,0,0,0,0,0,0,0,0,0,0,0,0,0,0,0,0,0,0,0,0,0,0,0,0,0,0,0,0,0,0,0,0,0,0,0,0,0,0,0,0,0,0,0,0,0,0,0,0,0,0,0,0,0,0,0,0,0,0,0,0,0,0,0,0,0,0,0,0,0,0,0,0,0,0,0,0,0,0,0,0,0,0,0,0,0,0,0,0,0,0,0,0,0,0,0,0,0,0,0,0,0,0,0,0,0,0,0,0,0,0,0,0,0,0,0,0,0,0,0,0,0,0,0,0,0,0,0,0,0,0,0,0,0,0,0,0,0,0,0,0,0,0,0,0,0,0,0,0,0,2,4,1,2,2,2,2,3,2,3,2,4,2,2,3,2,0,0,0,0,0,0,0,0,0,0,0,0,0,0,0,0,3,2,2,1,0,0,0,0,0,0,0,0,0,0,0,0,0,0,0,0,0,1,1,2,4,1,3,0,0,0,0,0,0,0,0,0,0,0,5,3,0,0,0,0,0,0,0,0,0,0,0,0,0,0,0,0,0,0,0,0,0,0,0,0,0,0,0,0,0,0,0,0,0,0,0,0,0,0,0,0,0,0,0,0,0,0,0,0,0,0,0,0,0,0,0,0,0,0,0,0,0,0,0,0,0,0,0,0,0,0,0,0,0,0,0,0,0,0,0,0,0,0,0,0,0,0,0,0,0,0,0,0,0,0,0,0,0,0,0,0,0,0,0,0,0,0,0,0,0,0,0,0,0,0,0,0,0,0,0,0,0,0,0,0,0,0,0,0,0,0,0,0,0,0,0,0,0,0,0,0,0,0,0,0,0,0,0,0,0,0,0,0,0,0,0,0,0,0,0,0,0,0,0,0,0,0,0,0,0,0,0,0,0,0,0,0,2,1,1,1,5,5,3,0,0,0,0,0,0,0,0,0,0,0,0,0,0,0,0,0,0,0,0,0,0,0,0,0,0,0,0,0,0,0,0,0,0,0,0,0,0,0,0,0,0,0,0,0,0,0,0,0,0,0,0,0,0,0,0,0,0,0,0,0,0,0,0,0,0,0,0,0,0,0,0,0,0,0,0,0,0,0,0,0,0,0,0,0,0,0,0,0,0,0,0,0,0,0,0,0,0,0,0,0,0,0,0,0,0,0,0,0,0,0,0,0,0,0,0,0,0,0,0,0,0,0,0,0,0,0,0,0,0,0,0,0,0,0,0,0,0,0,0,0,0,0,0,0,0,0,0,0,4,2,2,2,5,2,4,2,0,0,0,0,0,0,0,0,0,0,0,0,0,0,0,0,0,2,2,2,1,2,0,2,2,0,0,0,0,0,0,0,0,0,0,0,2,2,2,2,3,1,3,2,1,0,0,0,0,0,0,2,2,2,2,2,0,0,5,0,0,0,0,3,3,0,0,0,0,0,0,0,0,0,0,0,5,3,5,5,0,0,0,0,0,3,0,0,0,0,0,0,0,5,2,2,2,2,2,5,0,0,0,0,0,0,0,0,0,0,0,0,0,0,0,5,2,3,0,2,2,4,0,0,0,0,0,0,0,0,0,0,0,0,0,0,0,0,0,0,0,0,0,0,0,0,0,0,0,0,0,0,0,0,2,2,2,2,2,2,3,2,2,0,0,0,0,0,0,0,0,0,0,0,0,0,0,0,0,0,0,0,0,0,0,0,0,1,3,2,2,0,0,0,0,0,0,0,0,0,0,0,0,0,0,0,0,0,0,0,0,0,0,0,0,0,0,0,0,0,2,4,2,3,2,5,2,2,1,0,1,4,2,0,0,0,0,0,2,1,0,0,0,0,0,0,0,0,0,0,0,0,0,0,0,0,0,0,0,0,0,0,0,0,0,0,0,0,0,0,0,0,0,0,0,0,0,0,0,0,0,0,0,0,0,0,0,5,0,2,2,5,0,2,2,3,2,2,1,2,2,2,0,0,0,3,3,2,2,0,0,0,0,0,0,0,0,0,0,0,0,2,2,0,0,0,0,0,0,0,0,0,0,0,0,0,0,0,0,0,0,0,0,0,0,0,0,0,0,0,0,0,0,0,2,2,3,2,4,5,0,0,0,0,0,0,0,0,0,0,0,0,0,0,0,0,0,0,0,0,0,0,0,0,0,0,0,0,0,0,0,0,0,0,1,0,0,0,0,0,0,0,0,0,0,0,0,0,0,0,0,0,0,0,0,0,0,0,0,0,0,2,2,0,0,0,0,0,0,2,0,1,3,1,2,0,0,0,0,0,0,0,0,0,0,0,0,0,0,0,0,0,0,0,0,0,0,0,0,0,0,0,0,5,3,0,0,0,0,2,5,5,0,0,5,3,0,0,0,0,0,0,0,0,0,0,0,0,0,0,0,4,5,0,0,0,0,2,2,2,0,0,0,0,2,2,3,2,2,0,0,0,1,1,2,2,2,3,0,0,2,1,3,2,5,0,0,0,0,0,0,0,0,0,0,0,0,2,2,3,0,0,0,0,0,0,0,0,0,0,0,0,0,0,0,0,0,0,0,0,0,0,0,0,0,0,0,0,0,0,0,0,0,0,0,0,0,0,0,2,5,0,0,0,0,4,0,0,0,0,0,0,0,0,0,0,0,0,0,0,0,0,0,0,0,0,0,0,0,0,0,0,0,0,0,0,0,0,0,0,0,0,0,0,0,0,0,0,0,0,0,0,0,0,0,0,0,0,0,0,0,0,0,0,0,0,0,0,0,0,0,0,0,0,0,0,0,0,0,0,0,0,0,0,0,0,0,0,0,0,0,0,0,0,0,0,0,0,0,2,2,0,0,4,1,2,2,4,0,0,0,0,0,1,2,2,2,0,0,0,0,0,0,0,0,0,0,0,0,0,0,0,0,0,0,0,0,0,0,0,0,0,0,0,0,0,0,0,0,0,0,0,0,0,0,0,0,0,0,0,2,2,0,0,0,0,0,0,0,0,0,0,0,0,0,0,0,0,3,1,2,1,1,0,0,0,0,5,0,0,0,0,0,0,0,2,2,0,0,0,0,0,0,0,0,2,3,2,2,0,0,0,3,2,2,2,2,0,2,2,1,2,2,0,2,2,0,0,0,0,0,0,0,0,0,0,0,0,0,0,0,0,0,0,2,2,1,0,0,0,0,0,0,0,0,0,0,0,0,0,0,0,0,2,1,2,2,3,2,0,0,0,0,0,0,0,5,2,0,0,0,0,0,0,0,0,0,0,0,0,0,0,0,0,2,3,0,0,0,0,0,0,0,0,0,0,0,0,0,0,0,0,0,0,0,0,0,0,0,0,0,0,0,0,0,0,0,0,0,0,0,0,0,0,0,0,0,0,0,3,2,5,2,0,0,0,0,0,0,0,0,0,0,0,0,0,0,0,0,0,0,0,0,0,0,0,0,0,0,0,0,0,0,0,0,0,0,0,0,0,0,0,0,0,0,0,0,0,0,0,0,0,0,0,0,0,0,0,0,0,0,0,0,0,0,0,0,0,0,0,0,0,0,0,0,0,0,0,0,0,0,0,0,0,0,0,0,0,0,0,0,0,0,0,0,0,0,0,0,0,0,0,0,0,0,0,0,0,0,0,0,0,0,0,0,0,0,0,0,0,0,0,0,0,0,0,0,0,0,0,0,0,0,0,0,0,0,0,0,0,0,0,5,3,2,2,2,2,2,2,4,2,1,4,1,2,2,2,1,4,1,1,5,2,2,2,2,5,2,3,3,2,5,2,2,3,5,0,0,0,0,0,0,0,0,0,0,0,0,0,0,0,0,0,0,0,0,0,0,0,2,5,2,5,3,2,0,0,0,0,0,0,0,0,5,0,0,0,2,3,2,2,2,2,0,0,0,0,0,2,2,2,2,2,0,0,0,1,2,3,1,2,2,2,0,0,0,0,0,2,3,2,2,3,2,2,4,2,0,0,0,0,0,0,0,0,3,2,1,5,4,2,0,0,0,0,3,0,0,0,0,0,0,0,0,0,0,0,0,0,0,0,0,0,2,0,0,2,0,0,0,0,0,0,0,0,0,0,0,0,0,0,0,0,0,0,0,0,0,0,0,0,0,0,0,0,0,0,0,0,0,0,0,0,0,0,0,0,0,0,0,0,0,0,0,0,0,0,0,0,0,0,0,0,0,0,0,0,0,0,0,0,0,0,0,0,0,0,0,0,0,0,0,0,0,2,2,0,2,0,0,0,0,0,2,2,2,0,2,3,2,3,3,1,1,3,1,2,2,0,0,0,0,0,0,0,2,2,2,2,3,1,5,2,2,5,0,4,2,0,0,0,0,2,3,5,2,0,0,0,0,0,0,0,0,0,0,0,0,0,0,0,0,0,0,0,0,0,0,0,0,0,0,0,0,0,0,0,0,0,0,0,0,0,0,0,0,0,0,0,0,0,0,0,0,0,0,0,0,0,0,0,0,0,0,0,0,0,0,0,0,0,0,0,0,0,0,0,0,0,0,0,0,0,0,0,0,0,0,0,0,0,0,0,0,0,0,0,0,0,0,0,0,2,1,1,3,2,3,2,2,5,1,5,5,2,1,4,3,0,0,0,0,0,0,0,0,0,0,0,0,0,0,0,0,0,0,0,0,0,0,0,0,0,0,0,0,0,0,0,0,0,0,0,0,0,0,0,0,0,0,0,0,0,0,0,0,0,0,0,0,0,0,0,0,0,0,0,0,0,0,0,0,0,0,0,0,0,0,0,0,0,0,0,0,0,0,0,0,0,0,0,0,0,0,0,0,0,0,0,0,0,0,0,0,0,0,0,0,0,0,0,0,0,0,0,0,0,0,0,0,0,0,0,0,0,0,0,0,0,0,0,0,0,0,0,0,0,0,0,0,0,0,0,0,0,0,0,0,0,0,0,0,0,0,0,0,0,0,0,0,0,0,0,0,0,0,0,0,0,0,0,0,0,0,0,0,0,0,0,0,0,0,0,0,0,0,0,0,0,0,0,0,0,0,0,0,0,0,0,0,0,0,0,0,0,0,0,0,0,0,0,0,0,0,0,0,0,0,0,0,0,0,0,0,0,0,0,0,0,0,0,0,0,0,0,0,0,0,0,0,0,0,0,0,0,0,0,0,0,0,0,0,0,0,0,0,0,0,0,0,0,0,0,0,0,0,0,0,0,0,0,0,0,0,0,0,0,0,0,0,0,0,0,0,0,0,0,0,0,0,0,0,3,2,3,5,5,3,3,3,3,3,2,2,2,3,5,5,3,0,0,0,0,0,0,0,0,0,0,0,0,0,0,0,0,0,0,0,0,0,0,0,0,0,0,0,0,0,0,0,0,0,0,0,0,0,0,0,0,0,0,0,0,0,0,0,0,0,0,0,0,0,0,0,0,0,0,0,0,0,0,0,0,0,0,0,0,0,0,0,0,0,0,0,0,0,0,0,0,0,0,0,0,0,0,0,0,0,0,0,0,0,0,0,0,0,0,0,0,0,0,0,0,0,0,0,0,0,0,0,0,0,0,0,0,0,0,0,0,0,0,0,0,0,0,0,0,0,3,3,3,5,3,1,3,3,1,3,3,2,0,0,0,0,0,0,0,0,0,0,0,0,0,0,0,0,0,0,0,0,0,0,0,0,0,0,0,0,0,0,0,0,0,0,0,0,0,0,0,0,0,0,0,0,0,0,0,0,0,0,0,0,0,0,0,0,2.162660837173462,-3.627677202224731,-3.924387693405152,6.926037311553955,2.6996304988861084,-0.2834607362747192,-10.68366527557373,-0.5927501320838928,8.312262535095215,1.5400855541229248,-5.423994064331055,1.6013799905776978,-6.685104846954346,0.3960846364498138,-6.85757303237915,-2.141061782836914,5.618347644805908,-5.007968902587891,-3.019836902618408,8.453004837036133,3.8389732837677,7.105613231658936,15.80473804473877,6.866001129150391,-7.404575347900391,-1.2817717790603638,0.2165699005126953,-7.589255332946777,1.9484225511550903,3.0170044898986816,11.135454177856444,-7.471340656280518,-4.697048664093018,-8.436997413635254,1.3679354190826416,0.1647346913814544,-0.1121397912502288,1.3962688446044922,7.430860042572021,2.713120937347412,-0.6123806834220886,-0.6054971218109131,-6.763599872589111,0.2200852036476135,-11.316575050354004,4.068420886993408,-1.477614402770996,8.024456024169922,-7.118349075317383,5.938377857208252,7.400853157043457,-5.8948974609375,-0.3207421898841858,-10.111053466796877,-5.338942050933838,-8.055088996887207,-2.671980857849121,0.4013459086418152,3.57624888420105,5.316770553588867,2.021110773086548,-7.931787014007568,-0.4891832768917084,0.3601018488407135,-15.70742893218994,-1.5511444807052612,6.957063674926758,1.1902968883514404,-2.9224853515625,0.336495578289032,-6.013476848602295,0.3906815350055694,9.434181213378906,-6.575983047485352,-2.26727557182312,6.797167778015137,-8.066813468933105,2.5571863651275635,-2.436586856842041,4.461846828460693,6.561548233032227,-1.036605715751648,-5.218742370605469,-9.289711952209473,0.7034985423088074,-0.4878332316875458,-6.497157573699951,5.805572986602783,3.3718323707580566,0.8009605407714844,6.832959175109863,1.2803144454956057,4.146896362304688,7.910870552062988,0.6767185926437378,0.1862540692090988,4.822644233703613,4.724198341369629,6.153498649597168,3.790480852127075,-7.818869590759277,-6.6791510581970215,-7.063214302062988,-11.21518898010254,3.708778142929077,-5.6585211753845215,-1.598784565925598,4.244699954986572,1.1382771730422974,-5.066911697387695,-12.361227989196776,3.785888910293579,6.152687072753906,0.6633384823799133,4.689881801605225,-5.451130390167236,6.8107008934021,9.438257217407228,-2.422161817550659,5.643382549285889,-10.74972438812256,0.0089234262704849,-4.837366104125977,4.083514213562012,4.839897155761719,-9.874248504638672,-8.973675727844238,-1.7347345352172852,-4.53471040725708,1.39872407913208,-1.6105730533599854,3.39805006980896,9.740201950073242,10.90846061706543,-0.4470248818397522,12.88387680053711,13.125299453735352,-1.009377360343933,8.122004508972168,-3.412550210952759,7.412646770477295,-1.4056975841522217,-2.8514297008514404,-1.6134237051010132,9.917882919311523,7.754816055297852,2.7970082759857178,1.999434351921081,-0.3196298480033874,6.413924694061279,5.862941741943359,1.907470703125,6.923862457275391,-4.889894485473633,-1.9865258932113647,3.9181466102600098,-7.545291900634766,-4.73988676071167,1.3192152976989746,-5.407674789428711,-4.503805637359619,-2.878175735473633,-5.382420063018799,-0.6044083833694458,1.024345874786377,-10.721830368041992,0.2805406153202057,-2.419517040252685,1.0285375118255615,5.689669609069824,-7.976241111755371,-5.548331260681152,11.06024932861328,-2.672755479812622,1.0346708297729492,4.0564446449279785,5.439046859741211,-3.3804197311401367,-3.3422088623046875,11.762462615966797,-2.385915994644165,7.227524757385254,-3.2222745418548584,8.570859909057617,8.1397705078125,-3.1047911643981934,-4.772137641906738,-2.6540768146514893,-5.108184337615967,-1.0721286535263062,-1.009745717048645,-2.2967629432678223,-0.9061691761016846,0.0078996233642101,0.9832059144973756,-0.0980307683348655,-4.496358871459961,-10.2253999710083,-2.685560464859009,0.8771561980247498,4.688994407653809,3.955533027648926,4.500900745391846,3.4698328971862797,4.889799118041992,-3.7194206714630127,11.537107467651367,5.566487312316895,12.235284805297852,-1.947956919670105,12.478528022766112,-4.887556076049805,5.242072105407715,-4.719101428985596,3.805550813674927,1.983558177947998,2.7318766117095947,7.083201408386231,-7.55293083190918,3.8980093002319336,1.2044346332550049,-8.332794189453125,-3.773348331451416,1.2435014247894287,3.820959329605103,-3.461298942565918,-1.935983180999756,1.5061920881271362,5.913020133972168,-6.706040859222412,3.494105815887451,-0.6754218339920044,-5.436424732208252,-11.074715614318848,-2.219515323638916,-6.207771301269531,-5.03254508972168,0.0777872651815414,-4.191064357757568,9.758132934570312,4.70709228515625,-0.0050032287836074,3.730304718017578,0.9351319074630736,-5.4694132804870605,4.232749938964844,-14.36769962310791,-6.977103233337402,1.2892005443572998,-5.6778106689453125,-15.13906192779541,3.3776583671569824,-2.7697644233703613,-0.978850781917572,-11.457442283630373,-0.4569293856620788,5.061439037322998,-8.221251487731934,4.420880317687988,-6.501319408416748,1.3594263792037964,7.247292995452881,4.3092780113220215,8.916291236877441,3.691824197769165,-4.493648529052734,-10.461981773376465,5.899568557739258,0.5842365622520447,-4.02932071685791,-4.552435874938965,3.6885390281677246,-3.286012649536133,2.9100630283355717,-0.8716185688972473,-4.871306896209717,-1.675822615623474,-2.9260923862457275,0.3549517393112182,1.0969603061676023,-7.434081554412842,-4.710643291473389,-14.829675674438477,-5.587007999420166,0.9156288504600524,2.61264443397522,0.4398393332958221,-1.1616767644882202,-5.921359062194824,-0.3495553731918335,0.2310407757759094,10.344358444213867,12.0577392578125,-0.2614674568176269,-6.643676280975342,-3.961807012557984,-4.377579689025879,-4.3849406242370605,-11.61694622039795,-4.35706901550293,-1.0,1.9912260756924949
OXYR_HUMAN,CHEMBL2113196,CN(C)CCCOc1ccc(S(=O)(=O)N(CC(=O)NN=C2C(=O)N(CC(N)=O)c3ccccc32)c2ccc(Cl)cc2)cc1,0,0,0,0,0,0,0,0,0,0,0,0,0,0,0,0,0,0,0,0,0,0,0,0,0,0,0,0,0,0,0,0,0,0,0,0,0,0,0,0,0,0,0,0,0,0,0,0,0,0,0,0,0,0,0,0,0,0,0,0,0,0,0,0,0,0,0,0,0,0,0,0,0,0,0,0,0,0,0,0,0,0,0,0,0,0,0,0,0,0,0,0,0,0,0,0,0,0,0,0,0,0,0,0,0,0,0,0,0,0,0,0,0,0,0,0,0,0,0,0,0,0,0,0,0,0,0,0,0,0,0,0,0,0,0,0,0,0,0,0,0,0,0,0,0,0,0,0,0,0,0,0,0,0,0,0,0,0,0,0,0,0,0,0,0,0,0,0,0,0,0,0,0,0,0,0,0,0,0,0,0,0,0,0,0,2,4,1,2,2,2,2,3,2,3,2,4,2,2,3,2,0,0,0,0,0,0,0,0,0,0,0,0,0,0,0,0,3,2,2,1,0,0,0,0,0,0,0,0,0,0,0,0,0,0,0,0,0,1,1,2,4,1,3,0,0,0,0,0,0,0,0,0,0,0,5,3,0,0,0,0,0,0,0,0,0,0,0,0,0,0,0,0,0,0,0,0,0,0,0,0,0,0,0,0,0,0,0,0,0,0,0,0,0,0,0,0,0,0,0,0,0,0,0,0,0,0,0,0,0,0,0,0,0,0,0,0,0,0,0,0,0,0,0,0,0,0,0,0,0,0,0,0,0,0,0,0,0,0,0,0,0,0,0,0,0,0,0,0,0,0,0,0,0,0,0,0,0,0,0,0,0,0,0,0,0,0,0,0,0,0,0,0,0,0,0,0,0,0,0,0,0,0,0,0,0,0,0,0,0,0,0,0,0,0,0,0,0,0,0,0,0,0,0,0,0,0,0,0,0,0,0,0,0,0,0,0,0,0,0,0,0,0,0,0,0,0,0,0,0,0,0,0,2,1,1,1,5,5,3,0,0,0,0,0,0,0,0,0,0,0,0,0,0,0,0,0,0,0,0,0,0,0,0,0,0,0,0,0,0,0,0,0,0,0,0,0,0,0,0,0,0,0,0,0,0,0,0,0,0,0,0,0,0,0,0,0,0,0,0,0,0,0,0,0,0,0,0,0,0,0,0,0,0,0,0,0,0,0,0,0,0,0,0,0,0,0,0,0,0,0,0,0,0,0,0,0,0,0,0,0,0,0,0,0,0,0,0,0,0,0,0,0,0,0,0,0,0,0,0,0,0,0,0,0,0,0,0,0,0,0,0,0,0,0,0,0,0,0,0,0,0,0,0,0,0,0,0,0,4,2,2,2,5,2,4,2,0,0,0,0,0,0,0,0,0,0,0,0,0,0,0,0,0,2,2,2,1,2,0,2,2,0,0,0,0,0,0,0,0,0,0,0,2,2,2,2,3,1,3,2,1,0,0,0,0,0,0,2,2,2,2,2,0,0,5,0,0,0,0,3,3,0,0,0,0,0,0,0,0,0,0,0,5,3,5,5,0,0,0,0,0,3,0,0,0,0,0,0,0,5,2,2,2,2,2,5,0,0,0,0,0,0,0,0,0,0,0,0,0,0,0,5,2,3,0,2,2,4,0,0,0,0,0,0,0,0,0,0,0,0,0,0,0,0,0,0,0,0,0,0,0,0,0,0,0,0,0,0,0,0,2,2,2,2,2,2,3,2,2,0,0,0,0,0,0,0,0,0,0,0,0,0,0,0,0,0,0,0,0,0,0,0,0,1,3,2,2,0,0,0,0,0,0,0,0,0,0,0,0,0,0,0,0,0,0,0,0,0,0,0,0,0,0,0,0,0,2,4,2,3,2,5,2,2,1,0,1,4,2,0,0,0,0,0,2,1,0,0,0,0,0,0,0,0,0,0,0,0,0,0,0,0,0,0,0,0,0,0,0,0,0,0,0,0,0,0,0,0,0,0,0,0,0,0,0,0,0,0,0,0,0,0,0,5,0,2,2,5,0,2,2,3,2,2,1,2,2,2,0,0,0,3,3,2,2,0,0,0,0,0,0,0,0,0,0,0,0,2,2,0,0,0,0,0,0,0,0,0,0,0,0,0,0,0,0,0,0,0,0,0,0,0,0,0,0,0,0,0,0,0,2,2,3,2,4,5,0,0,0,0,0,0,0,0,0,0,0,0,0,0,0,0,0,0,0,0,0,0,0,0,0,0,0,0,0,0,0,0,0,0,1,0,0,0,0,0,0,0,0,0,0,0,0,0,0,0,0,0,0,0,0,0,0,0,0,0,0,2,2,0,0,0,0,0,0,2,0,1,3,1,2,0,0,0,0,0,0,0,0,0,0,0,0,0,0,0,0,0,0,0,0,0,0,0,0,0,0,0,0,5,3,0,0,0,0,2,5,5,0,0,5,3,0,0,0,0,0,0,0,0,0,0,0,0,0,0,0,4,5,0,0,0,0,2,2,2,0,0,0,0,2,2,3,2,2,0,0,0,1,1,2,2,2,3,0,0,2,1,3,2,5,0,0,0,0,0,0,0,0,0,0,0,0,2,2,3,0,0,0,0,0,0,0,0,0,0,0,0,0,0,0,0,0,0,0,0,0,0,0,0,0,0,0,0,0,0,0,0,0,0,0,0,0,0,0,2,5,0,0,0,0,4,0,0,0,0,0,0,0,0,0,0,0,0,0,0,0,0,0,0,0,0,0,0,0,0,0,0,0,0,0,0,0,0,0,0,0,0,0,0,0,0,0,0,0,0,0,0,0,0,0,0,0,0,0,0,0,0,0,0,0,0,0,0,0,0,0,0,0,0,0,0,0,0,0,0,0,0,0,0,0,0,0,0,0,0,0,0,0,0,0,0,0,0,0,2,2,0,0,4,1,2,2,4,0,0,0,0,0,1,2,2,2,0,0,0,0,0,0,0,0,0,0,0,0,0,0,0,0,0,0,0,0,0,0,0,0,0,0,0,0,0,0,0,0,0,0,0,0,0,0,0,0,0,0,0,2,2,0,0,0,0,0,0,0,0,0,0,0,0,0,0,0,0,3,1,2,1,1,0,0,0,0,5,0,0,0,0,0,0,0,2,2,0,0,0,0,0,0,0,0,2,3,2,2,0,0,0,3,2,2,2,2,0,2,2,1,2,2,0,2,2,0,0,0,0,0,0,0,0,0,0,0,0,0,0,0,0,0,0,2,2,1,0,0,0,0,0,0,0,0,0,0,0,0,0,0,0,0,2,1,2,2,3,2,0,0,0,0,0,0,0,5,2,0,0,0,0,0,0,0,0,0,0,0,0,0,0,0,0,2,3,0,0,0,0,0,0,0,0,0,0,0,0,0,0,0,0,0,0,0,0,0,0,0,0,0,0,0,0,0,0,0,0,0,0,0,0,0,0,0,0,0,0,0,3,2,5,2,0,0,0,0,0,0,0,0,0,0,0,0,0,0,0,0,0,0,0,0,0,0,0,0,0,0,0,0,0,0,0,0,0,0,0,0,0,0,0,0,0,0,0,0,0,0,0,0,0,0,0,0,0,0,0,0,0,0,0,0,0,0,0,0,0,0,0,0,0,0,0,0,0,0,0,0,0,0,0,0,0,0,0,0,0,0,0,0,0,0,0,0,0,0,0,0,0,0,0,0,0,0,0,0,0,0,0,0,0,0,0,0,0,0,0,0,0,0,0,0,0,0,0,0,0,0,0,0,0,0,0,0,0,0,0,0,0,0,0,5,3,2,2,2,2,2,2,4,2,1,4,1,2,2,2,1,4,1,1,5,2,2,2,2,5,2,3,3,2,5,2,2,3,5,0,0,0,0,0,0,0,0,0,0,0,0,0,0,0,0,0,0,0,0,0,0,0,2,5,2,5,3,2,0,0,0,0,0,0,0,0,5,0,0,0,2,3,2,2,2,2,0,0,0,0,0,2,2,2,2,2,0,0,0,1,2,3,1,2,2,2,0,0,0,0,0,2,3,2,2,3,2,2,4,2,0,0,0,0,0,0,0,0,3,2,1,5,4,2,0,0,0,0,3,0,0,0,0,0,0,0,0,0,0,0,0,0,0,0,0,0,2,0,0,2,0,0,0,0,0,0,0,0,0,0,0,0,0,0,0,0,0,0,0,0,0,0,0,0,0,0,0,0,0,0,0,0,0,0,0,0,0,0,0,0,0,0,0,0,0,0,0,0,0,0,0,0,0,0,0,0,0,0,0,0,0,0,0,0,0,0,0,0,0,0,0,0,0,0,0,0,0,2,2,0,2,0,0,0,0,0,2,2,2,0,2,3,2,3,3,1,1,3,1,2,2,0,0,0,0,0,0,0,2,2,2,2,3,1,5,2,2,5,0,4,2,0,0,0,0,2,3,5,2,0,0,0,0,0,0,0,0,0,0,0,0,0,0,0,0,0,0,0,0,0,0,0,0,0,0,0,0,0,0,0,0,0,0,0,0,0,0,0,0,0,0,0,0,0,0,0,0,0,0,0,0,0,0,0,0,0,0,0,0,0,0,0,0,0,0,0,0,0,0,0,0,0,0,0,0,0,0,0,0,0,0,0,0,0,0,0,0,0,0,0,0,0,0,0,0,2,1,1,3,2,3,2,2,5,1,5,5,2,1,4,3,0,0,0,0,0,0,0,0,0,0,0,0,0,0,0,0,0,0,0,0,0,0,0,0,0,0,0,0,0,0,0,0,0,0,0,0,0,0,0,0,0,0,0,0,0,0,0,0,0,0,0,0,0,0,0,0,0,0,0,0,0,0,0,0,0,0,0,0,0,0,0,0,0,0,0,0,0,0,0,0,0,0,0,0,0,0,0,0,0,0,0,0,0,0,0,0,0,0,0,0,0,0,0,0,0,0,0,0,0,0,0,0,0,0,0,0,0,0,0,0,0,0,0,0,0,0,0,0,0,0,0,0,0,0,0,0,0,0,0,0,0,0,0,0,0,0,0,0,0,0,0,0,0,0,0,0,0,0,0,0,0,0,0,0,0,0,0,0,0,0,0,0,0,0,0,0,0,0,0,0,0,0,0,0,0,0,0,0,0,0,0,0,0,0,0,0,0,0,0,0,0,0,0,0,0,0,0,0,0,0,0,0,0,0,0,0,0,0,0,0,0,0,0,0,0,0,0,0,0,0,0,0,0,0,0,0,0,0,0,0,0,0,0,0,0,0,0,0,0,0,0,0,0,0,0,0,0,0,0,0,0,0,0,0,0,0,0,0,0,0,0,0,0,0,0,0,0,0,0,0,0,0,0,0,3,2,3,5,5,3,3,3,3,3,2,2,2,3,5,5,3,0,0,0,0,0,0,0,0,0,0,0,0,0,0,0,0,0,0,0,0,0,0,0,0,0,0,0,0,0,0,0,0,0,0,0,0,0,0,0,0,0,0,0,0,0,0,0,0,0,0,0,0,0,0,0,0,0,0,0,0,0,0,0,0,0,0,0,0,0,0,0,0,0,0,0,0,0,0,0,0,0,0,0,0,0,0,0,0,0,0,0,0,0,0,0,0,0,0,0,0,0,0,0,0,0,0,0,0,0,0,0,0,0,0,0,0,0,0,0,0,0,0,0,0,0,0,0,0,0,3,3,3,5,3,1,3,3,1,3,3,2,0,0,0,0,0,0,0,0,0,0,0,0,0,0,0,0,0,0,0,0,0,0,0,0,0,0,0,0,0,0,0,0,0,0,0,0,0,0,0,0,0,0,0,0,0,0,0,0,0,0,0,0,0,0,0,0,2.1003146171569824,-2.6800243854522705,-3.573804378509521,5.576733112335205,2.8440306186676025,1.025416374206543,-17.619550704956055,0.1706443727016449,17.154827117919922,6.359896659851074,-7.739080905914307,0.4445061981678009,-17.236820220947266,2.9606082439422607,-10.508889198303224,-0.2320942878723144,8.378961563110352,-10.95176601409912,-8.685715675354004,12.255106925964355,2.09506630897522,9.862853050231934,28.618608474731445,11.71942138671875,-12.635043144226074,-0.9043852090835572,-2.2917935848236084,-12.695348739624023,2.443559408187866,2.0850415229797363,15.557336807250977,-12.494914054870604,-6.596409797668457,-8.164558410644531,4.685946941375732,1.939852595329285,-2.447227954864502,3.408494472503662,12.592623710632324,9.592201232910156,-2.03213119506836,-2.8078713417053223,-7.804415225982666,-0.6700987815856934,-18.752180099487305,6.660429954528809,1.521631956100464,12.800440788269045,-10.91139316558838,6.647400379180908,10.178627014160156,-9.867907524108888,-3.332766532897949,-15.957703590393066,-12.25584602355957,-9.815576553344728,-3.072809934616089,0.6829991340637207,5.601291656494141,4.2848219871521,-1.9274052381515503,-10.173822402954102,-3.140813112258911,5.218962669372559,-21.92874526977539,-0.1478706449270248,10.443133354187012,4.03840970993042,-7.453996658325195,1.5364433526992798,-8.665980339050293,2.5035295486450195,13.486719131469728,-12.932252883911133,-5.944096088409424,9.605728149414062,-11.4915132522583,5.0059309005737305,0.0954538583755493,6.6716628074646,10.336820602416992,-2.3478007316589355,-9.283394813537598,-19.20652961730957,2.572590112686157,-2.195722341537476,-12.556042671203612,6.902743816375732,6.333118438720703,-1.0928391218185425,12.307419776916504,5.542878150939941,7.923291206359863,15.535405158996582,1.867793321609497,-4.827902317047119,4.684144496917725,3.1464290618896484,10.548554420471191,1.5938856601715088,-4.93912935256958,-12.384868621826172,-12.380234718322754,-14.05922508239746,3.841315269470215,-12.165403366088867,-5.728492259979248,5.391907215118408,2.949602603912353,-11.844459533691406,-19.685523986816406,6.387146949768066,5.8761420249938965,-2.3221256732940674,3.976455450057984,-8.85307788848877,9.632216453552246,11.183096885681152,-5.388766288757324,10.97131633758545,-17.61697769165039,2.399012804031372,-8.818412780761719,11.322901725769045,7.92941427230835,-15.16771411895752,-15.77020263671875,-1.8768014907836916,-5.168106555938721,-0.9783400297164916,0.6134604215621948,3.89110803604126,13.97470760345459,21.680782318115234,-2.673396587371826,19.836387634277344,19.35389518737793,-0.1092434599995613,15.496359825134276,-7.940281391143799,16.088937759399414,-1.7920212745666504,0.677666425704956,0.4018208980560303,17.28714942932129,11.372085571289062,3.971691846847534,3.1517624855041504,5.089102745056152,16.121232986450195,5.14140510559082,5.219886779785156,9.936779022216797,-5.039330005645752,-3.1546144485473637,4.960428237915039,-9.151341438293455,-7.684291362762451,5.312525272369385,-10.92843532562256,-6.420002937316895,-0.6154932379722595,-8.390324592590332,4.325593948364258,4.774705410003662,-11.024253845214844,1.3165175914764404,-5.856334686279297,4.042909145355225,9.759230613708496,-12.508827209472656,-4.019652843475342,20.565155029296875,-5.911157131195068,0.2687405943870544,2.5277318954467773,6.604820251464844,-4.234241962432861,-9.9236421585083,18.045631408691406,-7.416702747344971,15.942928314208984,-3.3410513401031494,12.933106422424316,14.862677574157717,-6.565282821655273,-2.694108247756958,-0.3522118926048279,-9.591989517211914,-6.155945777893066,-0.1720198839902877,-2.0348870754241943,-3.814444780349731,-1.9315661191940308,6.57833194732666,2.032611608505249,-6.083270072937012,-13.550854682922363,-1.6011706590652466,2.2187979221343994,5.865131855010986,1.7937703132629397,12.050795555114746,2.4550366401672363,2.81729507446289,-6.576470851898193,21.15085792541504,7.74109411239624,16.406269073486328,-5.523642539978027,19.408634185791016,-4.692122459411621,12.03136157989502,-4.699521541595459,5.494678497314453,3.250482082366944,7.849066734313965,7.122715950012207,-8.163159370422363,8.882160186767578,-0.6079303622245789,-12.05532169342041,-2.036820650100708,1.1263383626937866,3.743683338165283,-3.022430896759033,-0.9077290296554564,3.0189597606658936,11.844559669494627,-14.15489673614502,4.139001369476318,-1.1382968425750732,-10.463618278503418,-16.720123291015625,-2.750145673751831,-7.003148078918457,-7.622241020202637,-4.067914962768555,-7.684103488922119,14.130887985229492,4.892816066741943,-1.8070147037506104,6.847115516662598,0.7081451416015625,-4.246268272399902,6.398377418518066,-20.7471923828125,-10.480144500732422,1.817495584487915,-8.693963050842285,-26.5221004486084,4.565986633300781,-1.115725040435791,-0.9211856126785278,-17.3670711517334,0.5313020348548889,4.00469970703125,-14.22934341430664,13.569864273071287,-11.293832778930664,-3.864795207977295,11.475418090820312,7.939095020294189,15.144123077392578,4.321359634399414,-8.390678405761719,-13.148910522460938,5.43177604675293,1.9270950555801392,-11.833738327026367,-1.9072593450546265,5.440382957458496,-1.0681495666503906,5.5260910987854,0.7755340337753296,-10.778414726257324,-2.1698622703552246,-6.313766002655029,-1.8289251327514648,0.7846778035163879,-10.455634117126465,-9.506407737731934,-23.43415260314941,-8.137030601501465,0.3895116746425628,3.662907123565674,0.9412014484405518,-3.9081461429595943,-8.699980735778809,-2.679864883422852,-1.390095353126526,17.374122619628906,20.314115524291992,4.637251853942871,-15.550615310668944,-2.3722176551818848,-6.820315837860107,-7.108133316040039,-17.990676879882812,-5.44108247756958,-1.0,2.507855871695831
OXYR_HUMAN,CHEMBL2035016,COC(=O)c1ccccc1C(C(=O)NC(C)C)N1C(=O)C(C2Cc3ccccc3C2)NC(=O)C1CC(C)C,0,0,0,0,0,0,0,0,0,0,0,0,0,0,0,0,0,0,0,0,0,0,0,0,0,0,0,0,0,0,0,0,0,0,0,0,0,0,0,0,0,0,0,0,0,0,0,0,0,0,0,0,0,0,0,0,0,0,0,0,0,0,0,0,0,0,0,0,0,0,0,0,0,0,0,0,0,0,0,0,0,0,0,0,0,0,0,0,0,0,0,0,0,0,0,0,0,0,0,0,0,0,0,0,0,0,0,0,0,0,0,0,0,0,0,0,0,0,0,0,0,0,0,0,0,0,0,0,0,0,0,0,0,0,0,0,0,0,0,0,0,0,0,0,0,0,0,0,0,0,0,0,0,0,0,0,0,0,0,0,0,0,0,0,0,0,0,0,0,0,0,0,0,0,0,0,0,0,0,0,0,0,0,0,0,2,4,1,2,2,2,2,3,2,3,2,4,2,2,3,2,0,0,0,0,0,0,0,0,0,0,0,0,0,0,0,0,3,2,2,1,0,0,0,0,0,0,0,0,0,0,0,0,0,0,0,0,0,1,1,2,4,1,3,0,0,0,0,0,0,0,0,0,0,0,5,3,0,0,0,0,0,0,0,0,0,0,0,0,0,0,0,0,0,0,0,0,0,0,0,0,0,0,0,0,0,0,0,0,0,0,0,0,0,0,0,0,0,0,0,0,0,0,0,0,0,0,0,0,0,0,0,0,0,0,0,0,0,0,0,0,0,0,0,0,0,0,0,0,0,0,0,0,0,0,0,0,0,0,0,0,0,0,0,0,0,0,0,0,0,0,0,0,0,0,0,0,0,0,0,0,0,0,0,0,0,0,0,0,0,0,0,0,0,0,0,0,0,0,0,0,0,0,0,0,0,0,0,0,0,0,0,0,0,0,0,0,0,0,0,0,0,0,0,0,0,0,0,0,0,0,0,0,0,0,0,0,0,0,0,0,0,0,0,0,0,0,0,0,0,0,0,0,2,1,1,1,5,5,3,0,0,0,0,0,0,0,0,0,0,0,0,0,0,0,0,0,0,0,0,0,0,0,0,0,0,0,0,0,0,0,0,0,0,0,0,0,0,0,0,0,0,0,0,0,0,0,0,0,0,0,0,0,0,0,0,0,0,0,0,0,0,0,0,0,0,0,0,0,0,0,0,0,0,0,0,0,0,0,0,0,0,0,0,0,0,0,0,0,0,0,0,0,0,0,0,0,0,0,0,0,0,0,0,0,0,0,0,0,0,0,0,0,0,0,0,0,0,0,0,0,0,0,0,0,0,0,0,0,0,0,0,0,0,0,0,0,0,0,0,0,0,0,0,0,0,0,0,0,4,2,2,2,5,2,4,2,0,0,0,0,0,0,0,0,0,0,0,0,0,0,0,0,0,2,2,2,1,2,0,2,2,0,0,0,0,0,0,0,0,0,0,0,2,2,2,2,3,1,3,2,1,0,0,0,0,0,0,2,2,2,2,2,0,0,5,0,0,0,0,3,3,0,0,0,0,0,0,0,0,0,0,0,5,3,5,5,0,0,0,0,0,3,0,0,0,0,0,0,0,5,2,2,2,2,2,5,0,0,0,0,0,0,0,0,0,0,0,0,0,0,0,5,2,3,0,2,2,4,0,0,0,0,0,0,0,0,0,0,0,0,0,0,0,0,0,0,0,0,0,0,0,0,0,0,0,0,0,0,0,0,2,2,2,2,2,2,3,2,2,0,0,0,0,0,0,0,0,0,0,0,0,0,0,0,0,0,0,0,0,0,0,0,0,1,3,2,2,0,0,0,0,0,0,0,0,0,0,0,0,0,0,0,0,0,0,0,0,0,0,0,0,0,0,0,0,0,2,4,2,3,2,5,2,2,1,0,1,4,2,0,0,0,0,0,2,1,0,0,0,0,0,0,0,0,0,0,0,0,0,0,0,0,0,0,0,0,0,0,0,0,0,0,0,0,0,0,0,0,0,0,0,0,0,0,0,0,0,0,0,0,0,0,0,5,0,2,2,5,0,2,2,3,2,2,1,2,2,2,0,0,0,3,3,2,2,0,0,0,0,0,0,0,0,0,0,0,0,2,2,0,0,0,0,0,0,0,0,0,0,0,0,0,0,0,0,0,0,0,0,0,0,0,0,0,0,0,0,0,0,0,2,2,3,2,4,5,0,0,0,0,0,0,0,0,0,0,0,0,0,0,0,0,0,0,0,0,0,0,0,0,0,0,0,0,0,0,0,0,0,0,1,0,0,0,0,0,0,0,0,0,0,0,0,0,0,0,0,0,0,0,0,0,0,0,0,0,0,2,2,0,0,0,0,0,0,2,0,1,3,1,2,0,0,0,0,0,0,0,0,0,0,0,0,0,0,0,0,0,0,0,0,0,0,0,0,0,0,0,0,5,3,0,0,0,0,2,5,5,0,0,5,3,0,0,0,0,0,0,0,0,0,0,0,0,0,0,0,4,5,0,0,0,0,2,2,2,0,0,0,0,2,2,3,2,2,0,0,0,1,1,2,2,2,3,0,0,2,1,3,2,5,0,0,0,0,0,0,0,0,0,0,0,0,2,2,3,0,0,0,0,0,0,0,0,0,0,0,0,0,0,0,0,0,0,0,0,0,0,0,0,0,0,0,0,0,0,0,0,0,0,0,0,0,0,0,2,5,0,0,0,0,4,0,0,0,0,0,0,0,0,0,0,0,0,0,0,0,0,0,0,0,0,0,0,0,0,0,0,0,0,0,0,0,0,0,0,0,0,0,0,0,0,0,0,0,0,0,0,0,0,0,0,0,0,0,0,0,0,0,0,0,0,0,0,0,0,0,0,0,0,0,0,0,0,0,0,0,0,0,0,0,0,0,0,0,0,0,0,0,0,0,0,0,0,0,2,2,0,0,4,1,2,2,4,0,0,0,0,0,1,2,2,2,0,0,0,0,0,0,0,0,0,0,0,0,0,0,0,0,0,0,0,0,0,0,0,0,0,0,0,0,0,0,0,0,0,0,0,0,0,0,0,0,0,0,0,2,2,0,0,0,0,0,0,0,0,0,0,0,0,0,0,0,0,3,1,2,1,1,0,0,0,0,5,0,0,0,0,0,0,0,2,2,0,0,0,0,0,0,0,0,2,3,2,2,0,0,0,3,2,2,2,2,0,2,2,1,2,2,0,2,2,0,0,0,0,0,0,0,0,0,0,0,0,0,0,0,0,0,0,2,2,1,0,0,0,0,0,0,0,0,0,0,0,0,0,0,0,0,2,1,2,2,3,2,0,0,0,0,0,0,0,5,2,0,0,0,0,0,0,0,0,0,0,0,0,0,0,0,0,2,3,0,0,0,0,0,0,0,0,0,0,0,0,0,0,0,0,0,0,0,0,0,0,0,0,0,0,0,0,0,0,0,0,0,0,0,0,0,0,0,0,0,0,0,3,2,5,2,0,0,0,0,0,0,0,0,0,0,0,0,0,0,0,0,0,0,0,0,0,0,0,0,0,0,0,0,0,0,0,0,0,0,0,0,0,0,0,0,0,0,0,0,0,0,0,0,0,0,0,0,0,0,0,0,0,0,0,0,0,0,0,0,0,0,0,0,0,0,0,0,0,0,0,0,0,0,0,0,0,0,0,0,0,0,0,0,0,0,0,0,0,0,0,0,0,0,0,0,0,0,0,0,0,0,0,0,0,0,0,0,0,0,0,0,0,0,0,0,0,0,0,0,0,0,0,0,0,0,0,0,0,0,0,0,0,0,0,5,3,2,2,2,2,2,2,4,2,1,4,1,2,2,2,1,4,1,1,5,2,2,2,2,5,2,3,3,2,5,2,2,3,5,0,0,0,0,0,0,0,0,0,0,0,0,0,0,0,0,0,0,0,0,0,0,0,2,5,2,5,3,2,0,0,0,0,0,0,0,0,5,0,0,0,2,3,2,2,2,2,0,0,0,0,0,2,2,2,2,2,0,0,0,1,2,3,1,2,2,2,0,0,0,0,0,2,3,2,2,3,2,2,4,2,0,0,0,0,0,0,0,0,3,2,1,5,4,2,0,0,0,0,3,0,0,0,0,0,0,0,0,0,0,0,0,0,0,0,0,0,2,0,0,2,0,0,0,0,0,0,0,0,0,0,0,0,0,0,0,0,0,0,0,0,0,0,0,0,0,0,0,0,0,0,0,0,0,0,0,0,0,0,0,0,0,0,0,0,0,0,0,0,0,0,0,0,0,0,0,0,0,0,0,0,0,0,0,0,0,0,0,0,0,0,0,0,0,0,0,0,0,2,2,0,2,0,0,0,0,0,2,2,2,0,2,3,2,3,3,1,1,3,1,2,2,0,0,0,0,0,0,0,2,2,2,2,3,1,5,2,2,5,0,4,2,0,0,0,0,2,3,5,2,0,0,0,0,0,0,0,0,0,0,0,0,0,0,0,0,0,0,0,0,0,0,0,0,0,0,0,0,0,0,0,0,0,0,0,0,0,0,0,0,0,0,0,0,0,0,0,0,0,0,0,0,0,0,0,0,0,0,0,0,0,0,0,0,0,0,0,0,0,0,0,0,0,0,0,0,0,0,0,0,0,0,0,0,0,0,0,0,0,0,0,0,0,0,0,0,2,1,1,3,2,3,2,2,5,1,5,5,2,1,4,3,0,0,0,0,0,0,0,0,0,0,0,0,0,0,0,0,0,0,0,0,0,0,0,0,0,0,0,0,0,0,0,0,0,0,0,0,0,0,0,0,0,0,0,0,0,0,0,0,0,0,0,0,0,0,0,0,0,0,0,0,0,0,0,0,0,0,0,0,0,0,0,0,0,0,0,0,0,0,0,0,0,0,0,0,0,0,0,0,0,0,0,0,0,0,0,0,0,0,0,0,0,0,0,0,0,0,0,0,0,0,0,0,0,0,0,0,0,0,0,0,0,0,0,0,0,0,0,0,0,0,0,0,0,0,0,0,0,0,0,0,0,0,0,0,0,0,0,0,0,0,0,0,0,0,0,0,0,0,0,0,0,0,0,0,0,0,0,0,0,0,0,0,0,0,0,0,0,0,0,0,0,0,0,0,0,0,0,0,0,0,0,0,0,0,0,0,0,0,0,0,0,0,0,0,0,0,0,0,0,0,0,0,0,0,0,0,0,0,0,0,0,0,0,0,0,0,0,0,0,0,0,0,0,0,0,0,0,0,0,0,0,0,0,0,0,0,0,0,0,0,0,0,0,0,0,0,0,0,0,0,0,0,0,0,0,0,0,0,0,0,0,0,0,0,0,0,0,0,0,0,0,0,0,0,3,2,3,5,5,3,3,3,3,3,2,2,2,3,5,5,3,0,0,0,0,0,0,0,0,0,0,0,0,0,0,0,0,0,0,0,0,0,0,0,0,0,0,0,0,0,0,0,0,0,0,0,0,0,0,0,0,0,0,0,0,0,0,0,0,0,0,0,0,0,0,0,0,0,0,0,0,0,0,0,0,0,0,0,0,0,0,0,0,0,0,0,0,0,0,0,0,0,0,0,0,0,0,0,0,0,0,0,0,0,0,0,0,0,0,0,0,0,0,0,0,0,0,0,0,0,0,0,0,0,0,0,0,0,0,0,0,0,0,0,0,0,0,0,0,0,3,3,3,5,3,1,3,3,1,3,3,2,0,0,0,0,0,0,0,0,0,0,0,0,0,0,0,0,0,0,0,0,0,0,0,0,0,0,0,0,0,0,0,0,0,0,0,0,0,0,0,0,0,0,0,0,0,0,0,0,0,0,0,0,0,0,0,0,1.3293029069900513,-5.15093469619751,-4.1912150382995605,5.931723117828369,0.7004235982894897,-4.801728248596191,-15.597856521606444,-2.20419716835022,14.452829360961914,-0.071475476026535,1.311466097831726,4.74892520904541,-4.029177188873291,2.683292865753174,-11.48759651184082,-3.8700668811798096,11.575187683105469,-8.720029830932617,-8.863324165344238,13.81084442138672,5.255979537963867,12.3191556930542,23.004451751708984,8.471112251281738,-9.419748306274414,5.880337715148926,-3.3532984256744385,-17.168838500976562,-0.4193799495697021,-3.449866533279419,12.79611110687256,-8.382765769958496,-9.356876373291016,-3.961430549621582,0.9553312063217164,4.030511856079102,4.790585994720459,0.2237089127302169,12.51646900177002,5.839133262634277,-2.8271901607513428,-0.3171115219593048,-6.346024513244629,-5.069252967834473,-12.174722671508787,9.98406982421875,-0.98097425699234,15.938645362854004,-6.971096992492676,0.1468703150749206,4.169837474822998,-14.611319541931152,-1.1135650873184204,-11.136895179748535,-12.558341026306152,-10.26948356628418,-7.453912258148193,3.088222980499268,5.014665126800537,6.201708793640137,1.052405595779419,-8.259803771972656,-8.977046012878418,4.999141216278076,-22.42835807800293,2.5824923515319824,12.612492561340332,2.833657503128052,-7.153639316558838,1.858184814453125,-6.801951408386231,4.071283340454102,9.029077529907228,-12.632889747619627,-2.821589469909668,5.905827522277832,-12.907748222351074,1.3004179000854492,0.7729084491729736,5.602517127990723,8.57027816772461,-2.33884859085083,-3.410006046295166,-13.865299224853516,5.6949005126953125,-1.808698654174805,-11.437263488769531,3.6656031608581534,4.972929954528809,-2.2583940029144287,3.993296384811402,7.32678747177124,3.790334701538086,4.936802864074707,7.862596035003662,-0.4146943986415863,12.375824928283691,4.449441909790039,13.31779670715332,-2.8766510486602783,-9.151504516601562,-12.886009216308594,-12.07168960571289,-14.390997886657717,7.071733474731445,-16.445518493652344,-5.871170997619629,9.125770568847656,5.286321640014648,-9.006415367126465,-15.621819496154783,5.876738548278809,8.241118431091309,-5.573941707611084,0.8326906561851501,-4.100147724151611,13.855045318603516,12.395187377929688,-1.513414740562439,7.888394355773926,-9.337986946105955,4.336781978607178,-2.550491571426392,12.821857452392578,5.851454734802246,-18.57280921936035,-13.952305793762209,-2.7429087162017822,-8.461555480957031,-0.6988579034805298,-0.2569417059421539,1.474481463432312,11.600327491760254,20.547143936157227,1.592825412750244,19.36610984802246,8.769346237182617,-4.172689437866211,12.64475154876709,-7.205127239227295,12.630319595336914,-1.425440788269043,-5.278122901916504,-3.315560340881348,9.83678913116455,6.769363880157471,5.344432830810547,0.8274331092834473,3.873654365539551,13.452105522155762,1.704498052597046,4.210270881652832,10.832160949707031,-9.478900909423828,-1.2586957216262815,0.7449319362640381,-8.49219799041748,-3.768051862716675,-0.9376137852668762,-8.023181915283203,-2.4007887840271,1.146268606185913,-4.995288372039795,2.104732036590576,6.442366600036621,-12.844331741333008,3.315860748291016,-1.8579814434051516,-0.1411013901233673,10.109461784362791,-8.862470626831055,-11.83060073852539,18.27949333190918,0.7624207139015198,2.394941091537476,0.0134524554014205,6.698567390441895,-3.2870001792907715,-5.998903751373291,11.61122226715088,-4.374863147735596,11.444368362426758,-0.5712252259254456,17.397748947143555,7.767870903015137,-5.386837482452393,-0.4171160161495209,-0.3116341531276703,-5.384376049041748,-6.53200101852417,0.3742944300174713,-1.32326078414917,-5.999669551849365,-0.3541972041130066,3.2636375427246094,0.9456347227096558,-4.926924228668213,-16.630624771118164,-1.0046613216400146,-3.302762746810913,0.7373500466346741,0.5680278539657593,7.28834056854248,-3.021165370941162,4.019674301147461,2.073065280914306,15.926362037658691,11.257962226867676,12.749292373657228,-3.04164981842041,18.81046867370605,-3.0987417697906494,14.809720039367676,-8.473991394042969,6.095191955566406,-1.931475281715393,5.778486251831055,6.500638484954834,-8.959257125854492,5.483243942260742,6.72948169708252,-14.99868106842041,-6.166019439697266,1.0409446954727173,4.250595569610596,-8.752140045166016,-2.8530967235565186,-1.2413277626037598,8.30538558959961,-12.905499458312988,2.2981882095336914,-4.252963066101074,-7.861645221710205,-16.352581024169922,-2.3447585105896,-11.352543830871582,-3.3865675926208496,-2.3884377479553223,-5.4615020751953125,14.959196090698242,7.390860557556152,-7.007442951202393,6.285869598388672,-1.061693787574768,-2.8798930644989014,8.646817207336426,-19.745752334594727,-8.616131782531738,-1.219843506813049,0.18452088534832,-24.432861328125,7.612045764923096,3.057438373565674,-2.2765116691589355,-13.624279975891112,5.348868370056152,6.060837745666504,-10.529635429382324,14.258465766906738,-14.390954971313477,0.5001211166381836,7.05158805847168,-0.3969863057136535,11.071737289428713,-0.9605532288551332,-10.927007675170898,-7.915539741516113,6.6681342124938965,2.931518077850342,-10.737505912780762,-1.994880199432373,10.192306518554688,-8.437143325805664,0.3399418592453003,1.41473388671875,-8.161711692810059,-5.069370746612549,-4.98137903213501,-2.198615312576294,5.544918060302734,-12.625450134277344,-8.89720344543457,-16.51744842529297,-11.813873291015623,-2.466653347015381,8.169803619384766,-1.934398174285889,-3.2052531242370605,-10.59873390197754,-1.6525410413742063,1.6365573406219482,16.308395385742188,8.540056228637695,2.159514904022217,-12.64944076538086,-8.311856269836426,-6.880119800567627,-8.813436508178711,-18.33175277709961,0.1268096566200256,-1.0,2.20002926655377
OXYR_HUMAN,CHEMBL474621,Cc1cc(C(=O)N(Cc2ccccc2)CC2CCCO2)ccc1-c1ccccc1,0,0,0,0,0,0,0,0,0,0,0,0,0,0,0,0,0,0,0,0,0,0,0,0,0,0,0,0,0,0,0,0,0,0,0,0,0,0,0,0,0,0,0,0,0,0,0,0,0,0,0,0,0,0,0,0,0,0,0,0,0,0,0,0,0,0,0,0,0,0,0,0,0,0,0,0,0,0,0,0,0,0,0,0,0,0,0,0,0,0,0,0,0,0,0,0,0,0,0,0,0,0,0,0,0,0,0,0,0,0,0,0,0,0,0,0,0,0,0,0,0,0,0,0,0,0,0,0,0,0,0,0,0,0,0,0,0,0,0,0,0,0,0,0,0,0,0,0,0,0,0,0,0,0,0,0,0,0,0,0,0,0,0,0,0,0,0,0,0,0,0,0,0,0,0,0,0,0,0,0,0,0,0,0,0,2,4,1,2,2,2,2,3,2,3,2,4,2,2,3,2,0,0,0,0,0,0,0,0,0,0,0,0,0,0,0,0,3,2,2,1,0,0,0,0,0,0,0,0,0,0,0,0,0,0,0,0,0,1,1,2,4,1,3,0,0,0,0,0,0,0,0,0,0,0,5,3,0,0,0,0,0,0,0,0,0,0,0,0,0,0,0,0,0,0,0,0,0,0,0,0,0,0,0,0,0,0,0,0,0,0,0,0,0,0,0,0,0,0,0,0,0,0,0,0,0,0,0,0,0,0,0,0,0,0,0,0,0,0,0,0,0,0,0,0,0,0,0,0,0,0,0,0,0,0,0,0,0,0,0,0,0,0,0,0,0,0,0,0,0,0,0,0,0,0,0,0,0,0,0,0,0,0,0,0,0,0,0,0,0,0,0,0,0,0,0,0,0,0,0,0,0,0,0,0,0,0,0,0,0,0,0,0,0,0,0,0,0,0,0,0,0,0,0,0,0,0,0,0,0,0,0,0,0,0,0,0,0,0,0,0,0,0,0,0,0,0,0,0,0,0,0,0,2,1,1,1,5,5,3,0,0,0,0,0,0,0,0,0,0,0,0,0,0,0,0,0,0,0,0,0,0,0,0,0,0,0,0,0,0,0,0,0,0,0,0,0,0,0,0,0,0,0,0,0,0,0,0,0,0,0,0,0,0,0,0,0,0,0,0,0,0,0,0,0,0,0,0,0,0,0,0,0,0,0,0,0,0,0,0,0,0,0,0,0,0,0,0,0,0,0,0,0,0,0,0,0,0,0,0,0,0,0,0,0,0,0,0,0,0,0,0,0,0,0,0,0,0,0,0,0,0,0,0,0,0,0,0,0,0,0,0,0,0,0,0,0,0,0,0,0,0,0,0,0,0,0,0,0,4,2,2,2,5,2,4,2,0,0,0,0,0,0,0,0,0,0,0,0,0,0,0,0,0,2,2,2,1,2,0,2,2,0,0,0,0,0,0,0,0,0,0,0,2,2,2,2,3,1,3,2,1,0,0,0,0,0,0,2,2,2,2,2,0,0,5,0,0,0,0,3,3,0,0,0,0,0,0,0,0,0,0,0,5,3,5,5,0,0,0,0,0,3,0,0,0,0,0,0,0,5,2,2,2,2,2,5,0,0,0,0,0,0,0,0,0,0,0,0,0,0,0,5,2,3,0,2,2,4,0,0,0,0,0,0,0,0,0,0,0,0,0,0,0,0,0,0,0,0,0,0,0,0,0,0,0,0,0,0,0,0,2,2,2,2,2,2,3,2,2,0,0,0,0,0,0,0,0,0,0,0,0,0,0,0,0,0,0,0,0,0,0,0,0,1,3,2,2,0,0,0,0,0,0,0,0,0,0,0,0,0,0,0,0,0,0,0,0,0,0,0,0,0,0,0,0,0,2,4,2,3,2,5,2,2,1,0,1,4,2,0,0,0,0,0,2,1,0,0,0,0,0,0,0,0,0,0,0,0,0,0,0,0,0,0,0,0,0,0,0,0,0,0,0,0,0,0,0,0,0,0,0,0,0,0,0,0,0,0,0,0,0,0,0,5,0,2,2,5,0,2,2,3,2,2,1,2,2,2,0,0,0,3,3,2,2,0,0,0,0,0,0,0,0,0,0,0,0,2,2,0,0,0,0,0,0,0,0,0,0,0,0,0,0,0,0,0,0,0,0,0,0,0,0,0,0,0,0,0,0,0,2,2,3,2,4,5,0,0,0,0,0,0,0,0,0,0,0,0,0,0,0,0,0,0,0,0,0,0,0,0,0,0,0,0,0,0,0,0,0,0,1,0,0,0,0,0,0,0,0,0,0,0,0,0,0,0,0,0,0,0,0,0,0,0,0,0,0,2,2,0,0,0,0,0,0,2,0,1,3,1,2,0,0,0,0,0,0,0,0,0,0,0,0,0,0,0,0,0,0,0,0,0,0,0,0,0,0,0,0,5,3,0,0,0,0,2,5,5,0,0,5,3,0,0,0,0,0,0,0,0,0,0,0,0,0,0,0,4,5,0,0,0,0,2,2,2,0,0,0,0,2,2,3,2,2,0,0,0,1,1,2,2,2,3,0,0,2,1,3,2,5,0,0,0,0,0,0,0,0,0,0,0,0,2,2,3,0,0,0,0,0,0,0,0,0,0,0,0,0,0,0,0,0,0,0,0,0,0,0,0,0,0,0,0,0,0,0,0,0,0,0,0,0,0,0,2,5,0,0,0,0,4,0,0,0,0,0,0,0,0,0,0,0,0,0,0,0,0,0,0,0,0,0,0,0,0,0,0,0,0,0,0,0,0,0,0,0,0,0,0,0,0,0,0,0,0,0,0,0,0,0,0,0,0,0,0,0,0,0,0,0,0,0,0,0,0,0,0,0,0,0,0,0,0,0,0,0,0,0,0,0,0,0,0,0,0,0,0,0,0,0,0,0,0,0,2,2,0,0,4,1,2,2,4,0,0,0,0,0,1,2,2,2,0,0,0,0,0,0,0,0,0,0,0,0,0,0,0,0,0,0,0,0,0,0,0,0,0,0,0,0,0,0,0,0,0,0,0,0,0,0,0,0,0,0,0,2,2,0,0,0,0,0,0,0,0,0,0,0,0,0,0,0,0,3,1,2,1,1,0,0,0,0,5,0,0,0,0,0,0,0,2,2,0,0,0,0,0,0,0,0,2,3,2,2,0,0,0,3,2,2,2,2,0,2,2,1,2,2,0,2,2,0,0,0,0,0,0,0,0,0,0,0,0,0,0,0,0,0,0,2,2,1,0,0,0,0,0,0,0,0,0,0,0,0,0,0,0,0,2,1,2,2,3,2,0,0,0,0,0,0,0,5,2,0,0,0,0,0,0,0,0,0,0,0,0,0,0,0,0,2,3,0,0,0,0,0,0,0,0,0,0,0,0,0,0,0,0,0,0,0,0,0,0,0,0,0,0,0,0,0,0,0,0,0,0,0,0,0,0,0,0,0,0,0,3,2,5,2,0,0,0,0,0,0,0,0,0,0,0,0,0,0,0,0,0,0,0,0,0,0,0,0,0,0,0,0,0,0,0,0,0,0,0,0,0,0,0,0,0,0,0,0,0,0,0,0,0,0,0,0,0,0,0,0,0,0,0,0,0,0,0,0,0,0,0,0,0,0,0,0,0,0,0,0,0,0,0,0,0,0,0,0,0,0,0,0,0,0,0,0,0,0,0,0,0,0,0,0,0,0,0,0,0,0,0,0,0,0,0,0,0,0,0,0,0,0,0,0,0,0,0,0,0,0,0,0,0,0,0,0,0,0,0,0,0,0,0,5,3,2,2,2,2,2,2,4,2,1,4,1,2,2,2,1,4,1,1,5,2,2,2,2,5,2,3,3,2,5,2,2,3,5,0,0,0,0,0,0,0,0,0,0,0,0,0,0,0,0,0,0,0,0,0,0,0,2,5,2,5,3,2,0,0,0,0,0,0,0,0,5,0,0,0,2,3,2,2,2,2,0,0,0,0,0,2,2,2,2,2,0,0,0,1,2,3,1,2,2,2,0,0,0,0,0,2,3,2,2,3,2,2,4,2,0,0,0,0,0,0,0,0,3,2,1,5,4,2,0,0,0,0,3,0,0,0,0,0,0,0,0,0,0,0,0,0,0,0,0,0,2,0,0,2,0,0,0,0,0,0,0,0,0,0,0,0,0,0,0,0,0,0,0,0,0,0,0,0,0,0,0,0,0,0,0,0,0,0,0,0,0,0,0,0,0,0,0,0,0,0,0,0,0,0,0,0,0,0,0,0,0,0,0,0,0,0,0,0,0,0,0,0,0,0,0,0,0,0,0,0,0,2,2,0,2,0,0,0,0,0,2,2,2,0,2,3,2,3,3,1,1,3,1,2,2,0,0,0,0,0,0,0,2,2,2,2,3,1,5,2,2,5,0,4,2,0,0,0,0,2,3,5,2,0,0,0,0,0,0,0,0,0,0,0,0,0,0,0,0,0,0,0,0,0,0,0,0,0,0,0,0,0,0,0,0,0,0,0,0,0,0,0,0,0,0,0,0,0,0,0,0,0,0,0,0,0,0,0,0,0,0,0,0,0,0,0,0,0,0,0,0,0,0,0,0,0,0,0,0,0,0,0,0,0,0,0,0,0,0,0,0,0,0,0,0,0,0,0,0,2,1,1,3,2,3,2,2,5,1,5,5,2,1,4,3,0,0,0,0,0,0,0,0,0,0,0,0,0,0,0,0,0,0,0,0,0,0,0,0,0,0,0,0,0,0,0,0,0,0,0,0,0,0,0,0,0,0,0,0,0,0,0,0,0,0,0,0,0,0,0,0,0,0,0,0,0,0,0,0,0,0,0,0,0,0,0,0,0,0,0,0,0,0,0,0,0,0,0,0,0,0,0,0,0,0,0,0,0,0,0,0,0,0,0,0,0,0,0,0,0,0,0,0,0,0,0,0,0,0,0,0,0,0,0,0,0,0,0,0,0,0,0,0,0,0,0,0,0,0,0,0,0,0,0,0,0,0,0,0,0,0,0,0,0,0,0,0,0,0,0,0,0,0,0,0,0,0,0,0,0,0,0,0,0,0,0,0,0,0,0,0,0,0,0,0,0,0,0,0,0,0,0,0,0,0,0,0,0,0,0,0,0,0,0,0,0,0,0,0,0,0,0,0,0,0,0,0,0,0,0,0,0,0,0,0,0,0,0,0,0,0,0,0,0,0,0,0,0,0,0,0,0,0,0,0,0,0,0,0,0,0,0,0,0,0,0,0,0,0,0,0,0,0,0,0,0,0,0,0,0,0,0,0,0,0,0,0,0,0,0,0,0,0,0,0,0,0,0,0,3,2,3,5,5,3,3,3,3,3,2,2,2,3,5,5,3,0,0,0,0,0,0,0,0,0,0,0,0,0,0,0,0,0,0,0,0,0,0,0,0,0,0,0,0,0,0,0,0,0,0,0,0,0,0,0,0,0,0,0,0,0,0,0,0,0,0,0,0,0,0,0,0,0,0,0,0,0,0,0,0,0,0,0,0,0,0,0,0,0,0,0,0,0,0,0,0,0,0,0,0,0,0,0,0,0,0,0,0,0,0,0,0,0,0,0,0,0,0,0,0,0,0,0,0,0,0,0,0,0,0,0,0,0,0,0,0,0,0,0,0,0,0,0,0,0,3,3,3,5,3,1,3,3,1,3,3,2,0,0,0,0,0,0,0,0,0,0,0,0,0,0,0,0,0,0,0,0,0,0,0,0,0,0,0,0,0,0,0,0,0,0,0,0,0,0,0,0,0,0,0,0,0,0,0,0,0,0,0,0,0,0,0,0,1.413427233695984,-2.76103138923645,-4.250002384185791,8.187796592712402,-0.6087165474891663,0.9319949746131896,-12.387847900390623,0.3455854058265686,8.967123031616211,3.5462889671325684,-4.779146671295166,-0.38046795129776,-10.305354118347168,1.1161834001541138,-7.589848518371582,-2.248502492904663,6.718753814697266,-3.857004642486572,-7.117483139038086,7.348249912261963,1.0463913679122925,8.36611557006836,17.9064884185791,7.56620979309082,-6.835855960845947,-0.2432061582803726,-0.0417467802762985,-11.218323707580566,0.8071017861366272,1.024139165878296,13.684019088745115,-7.916794776916504,-5.398411273956299,-7.074643611907959,3.1274502277374268,1.4682096242904663,0.1971245110034942,0.4209142029285431,10.752058029174805,5.312242031097412,-4.47459602355957,-1.5847690105438232,-6.622554779052734,-0.6500794887542725,-12.619643211364746,3.784940004348755,0.7271305918693542,5.895841121673584,-7.146811485290527,5.4848737716674805,6.909631729125977,-6.088709831237793,-1.6778526306152344,-10.562521934509276,-4.232052326202393,-6.074911117553711,-5.346187114715576,-0.4018882513046264,5.1351318359375,5.987849235534668,1.428132176399231,-8.147917747497559,-2.1530025005340576,2.6951708793640137,-15.513802528381348,-1.5605381727218628,9.403091430664062,0.8092883825302124,-2.762956142425537,1.1366900205612185,-6.609895706176758,1.3816336393356323,9.382184982299805,-7.487997055053711,-3.0689446926116943,7.102038860321045,-7.4867119789123535,4.751641750335693,-2.153456687927246,7.343935012817383,5.5529465675354,-0.7685004472732544,-5.535109996795654,-12.640244483947754,0.6349704265594482,-3.0331900119781494,-8.227225303649902,6.460786819458008,5.098691940307617,-4.942314624786377,5.013783931732178,3.107332229614258,3.6072208881378174,8.699870109558105,4.452734470367432,-1.741237759590149,4.024275779724121,5.952184200286865,4.956604480743408,2.797388792037964,-4.236578464508057,-9.22968578338623,-6.444216728210449,-13.288705825805664,5.528806209564209,-9.34706974029541,0.050563246011734,5.179168224334717,-0.0931455194950103,-7.045869827270508,-15.55077838897705,5.592380523681641,4.867465019226074,0.3075849413871765,1.630928635597229,-6.606306076049805,7.644511699676514,11.161009788513184,-5.265961170196533,4.831884860992432,-10.784046173095703,-0.3925066292285919,-4.008902072906494,6.538694858551025,3.1025097370147705,-8.352764129638672,-11.364129066467283,-3.83242416381836,-6.010717868804932,-0.2078544199466705,-1.1054023504257202,3.932811737060547,13.153366088867188,11.934475898742676,-3.3893442153930664,14.538189888000488,14.942667961120604,-0.3109189569950104,8.569466590881348,-4.009069442749023,5.29453706741333,-0.9338640570640564,-0.2485915720462799,0.6903181076049805,8.698830604553223,8.451821327209473,2.1929311752319336,1.6048544645309448,-0.497684121131897,7.691018104553223,3.9433887004852295,3.442089557647705,10.462576866149902,-4.835374355316162,-1.686205267906189,1.393743872642517,-6.350657939910889,-6.821344375610352,0.1843184828758239,-4.855172157287598,-4.0369181632995605,-2.5753798484802246,-7.423146724700928,1.5723285675048828,-1.351811408996582,-9.482086181640623,0.0368993878364563,-2.7885496616363525,0.6866829991340637,5.040325164794922,-5.540047645568848,-4.810584545135498,14.879671096801758,-4.606934070587158,1.4724708795547483,0.3122565746307373,6.706759929656982,-4.308584690093994,-6.628763198852539,14.257245063781738,-2.9081268310546875,10.191710472106934,-2.0155303478240967,7.6656494140625,11.77503490447998,-1.8901816606521609,-4.8815016746521,-2.550532341003418,-6.480769634246826,-4.135176658630371,-0.7789700627326965,-1.4726139307022097,-0.9082895517349244,1.4918168783187866,1.950188159942627,-2.5498321056365967,-4.986641883850098,-13.323118209838867,-2.245807886123657,2.9289557933807373,3.6526076793670654,3.125943183898926,4.127191543579102,3.537270784378052,3.5947091579437256,-2.521450519561768,12.689668655395508,6.838238716125488,10.883148193359377,-1.0618131160736084,13.09195041656494,-3.8545827865600586,4.204947471618652,-7.204529762268066,1.0534303188323977,-0.1002569198608398,1.0652413368225098,6.019148826599121,-6.39030122756958,7.26935863494873,1.0843323469161987,-8.634644508361816,-3.266285896301269,0.9551689028739928,3.735994100570679,-6.20169734954834,-1.1300276517868042,0.3270251154899597,4.633786678314209,-9.077476501464844,2.6218724250793457,0.744341254234314,-5.199841022491455,-13.25517749786377,-2.505357265472412,-3.7653982639312735,-4.268677711486816,-1.047336459159851,-2.546849250793457,8.865464210510254,6.797812461853027,-0.6830189228057861,4.248132705688477,0.0789623707532882,-6.706225872039795,6.0586042404174805,-13.164939880371094,-8.292295455932617,3.933743476867676,-4.004808902740479,-17.792953491210938,3.785956621170044,-0.546215295791626,0.5647827386856079,-13.28115940093994,0.7266862988471985,2.922991991043091,-7.183815002441406,7.655911922454834,-6.992863655090332,0.4389040768146515,8.541874885559082,4.231791496276856,8.750981330871582,4.83371639251709,-7.904862403869629,-10.85030746459961,6.440293788909912,1.330960035324097,-6.785862922668457,-3.0333471298217773,5.125077247619629,-1.5036461353302002,1.9945443868637085,-0.2263911366462707,-2.6334190368652344,-1.864171266555786,-0.7716529965400696,-0.918848752975464,0.4714424610137939,-7.570533752441406,-6.163777828216553,-13.215949058532717,-8.097921371459961,-1.4898439645767212,3.4106669425964355,-2.307835817337036,-2.994760274887085,-7.8220953941345215,-0.846723198890686,-1.3987449407577517,13.912485122680664,11.341288566589355,-0.4662927389144897,-8.641444206237793,-4.89914083480835,-6.290496826171875,-4.019822120666504,-10.965703964233398,-1.854396939277649,-1.0,1.5998830720736876
OXYR_HUMAN,CHEMBL3354591,CCC(C)C1NC(=O)C(Cc2ccc(O)cc2)NC(=O)CCCSCC(C(=O)N(CC(=O)NC(CC(C)C)C(=O)NCC(N)=O)Cc2cccc(C)c2)NC(=O)C(CC(N)=O)NC(=O)C(CCC(N)=O)NC1=O,0,0,0,0,0,0,0,0,0,0,0,0,0,0,0,0,0,0,0,0,0,0,0,0,0,0,0,0,0,0,0,0,0,0,0,0,0,0,0,0,0,0,0,0,0,0,0,0,0,0,0,0,0,0,0,0,0,0,0,0,0,0,0,0,0,0,0,0,0,0,0,0,0,0,0,0,0,0,0,0,0,0,0,0,0,0,0,0,0,0,0,0,0,0,0,0,0,0,0,0,0,0,0,0,0,0,0,0,0,0,0,0,0,0,0,0,0,0,0,0,0,0,0,0,0,0,0,0,0,0,0,0,0,0,0,0,0,0,0,0,0,0,0,0,0,0,0,0,0,0,0,0,0,0,0,0,0,0,0,0,0,0,0,0,0,0,0,0,0,0,0,0,0,0,0,0,0,0,0,0,0,0,0,0,0,2,4,1,2,2,2,2,3,2,3,2,4,2,2,3,2,0,0,0,0,0,0,0,0,0,0,0,0,0,0,0,0,3,2,2,1,0,0,0,0,0,0,0,0,0,0,0,0,0,0,0,0,0,1,1,2,4,1,3,0,0,0,0,0,0,0,0,0,0,0,5,3,0,0,0,0,0,0,0,0,0,0,0,0,0,0,0,0,0,0,0,0,0,0,0,0,0,0,0,0,0,0,0,0,0,0,0,0,0,0,0,0,0,0,0,0,0,0,0,0,0,0,0,0,0,0,0,0,0,0,0,0,0,0,0,0,0,0,0,0,0,0,0,0,0,0,0,0,0,0,0,0,0,0,0,0,0,0,0,0,0,0,0,0,0,0,0,0,0,0,0,0,0,0,0,0,0,0,0,0,0,0,0,0,0,0,0,0,0,0,0,0,0,0,0,0,0,0,0,0,0,0,0,0,0,0,0,0,0,0,0,0,0,0,0,0,0,0,0,0,0,0,0,0,0,0,0,0,0,0,0,0,0,0,0,0,0,0,0,0,0,0,0,0,0,0,0,0,2,1,1,1,5,5,3,0,0,0,0,0,0,0,0,0,0,0,0,0,0,0,0,0,0,0,0,0,0,0,0,0,0,0,0,0,0,0,0,0,0,0,0,0,0,0,0,0,0,0,0,0,0,0,0,0,0,0,0,0,0,0,0,0,0,0,0,0,0,0,0,0,0,0,0,0,0,0,0,0,0,0,0,0,0,0,0,0,0,0,0,0,0,0,0,0,0,0,0,0,0,0,0,0,0,0,0,0,0,0,0,0,0,0,0,0,0,0,0,0,0,0,0,0,0,0,0,0,0,0,0,0,0,0,0,0,0,0,0,0,0,0,0,0,0,0,0,0,0,0,0,0,0,0,0,0,4,2,2,2,5,2,4,2,0,0,0,0,0,0,0,0,0,0,0,0,0,0,0,0,0,2,2,2,1,2,0,2,2,0,0,0,0,0,0,0,0,0,0,0,2,2,2,2,3,1,3,2,1,0,0,0,0,0,0,2,2,2,2,2,0,0,5,0,0,0,0,3,3,0,0,0,0,0,0,0,0,0,0,0,5,3,5,5,0,0,0,0,0,3,0,0,0,0,0,0,0,5,2,2,2,2,2,5,0,0,0,0,0,0,0,0,0,0,0,0,0,0,0,5,2,3,0,2,2,4,0,0,0,0,0,0,0,0,0,0,0,0,0,0,0,0,0,0,0,0,0,0,0,0,0,0,0,0,0,0,0,0,2,2,2,2,2,2,3,2,2,0,0,0,0,0,0,0,0,0,0,0,0,0,0,0,0,0,0,0,0,0,0,0,0,1,3,2,2,0,0,0,0,0,0,0,0,0,0,0,0,0,0,0,0,0,0,0,0,0,0,0,0,0,0,0,0,0,2,4,2,3,2,5,2,2,1,0,1,4,2,0,0,0,0,0,2,1,0,0,0,0,0,0,0,0,0,0,0,0,0,0,0,0,0,0,0,0,0,0,0,0,0,0,0,0,0,0,0,0,0,0,0,0,0,0,0,0,0,0,0,0,0,0,0,5,0,2,2,5,0,2,2,3,2,2,1,2,2,2,0,0,0,3,3,2,2,0,0,0,0,0,0,0,0,0,0,0,0,2,2,0,0,0,0,0,0,0,0,0,0,0,0,0,0,0,0,0,0,0,0,0,0,0,0,0,0,0,0,0,0,0,2,2,3,2,4,5,0,0,0,0,0,0,0,0,0,0,0,0,0,0,0,0,0,0,0,0,0,0,0,0,0,0,0,0,0,0,0,0,0,0,1,0,0,0,0,0,0,0,0,0,0,0,0,0,0,0,0,0,0,0,0,0,0,0,0,0,0,2,2,0,0,0,0,0,0,2,0,1,3,1,2,0,0,0,0,0,0,0,0,0,0,0,0,0,0,0,0,0,0,0,0,0,0,0,0,0,0,0,0,5,3,0,0,0,0,2,5,5,0,0,5,3,0,0,0,0,0,0,0,0,0,0,0,0,0,0,0,4,5,0,0,0,0,2,2,2,0,0,0,0,2,2,3,2,2,0,0,0,1,1,2,2,2,3,0,0,2,1,3,2,5,0,0,0,0,0,0,0,0,0,0,0,0,2,2,3,0,0,0,0,0,0,0,0,0,0,0,0,0,0,0,0,0,0,0,0,0,0,0,0,0,0,0,0,0,0,0,0,0,0,0,0,0,0,0,2,5,0,0,0,0,4,0,0,0,0,0,0,0,0,0,0,0,0,0,0,0,0,0,0,0,0,0,0,0,0,0,0,0,0,0,0,0,0,0,0,0,0,0,0,0,0,0,0,0,0,0,0,0,0,0,0,0,0,0,0,0,0,0,0,0,0,0,0,0,0,0,0,0,0,0,0,0,0,0,0,0,0,0,0,0,0,0,0,0,0,0,0,0,0,0,0,0,0,0,2,2,0,0,4,1,2,2,4,0,0,0,0,0,1,2,2,2,0,0,0,0,0,0,0,0,0,0,0,0,0,0,0,0,0,0,0,0,0,0,0,0,0,0,0,0,0,0,0,0,0,0,0,0,0,0,0,0,0,0,0,2,2,0,0,0,0,0,0,0,0,0,0,0,0,0,0,0,0,3,1,2,1,1,0,0,0,0,5,0,0,0,0,0,0,0,2,2,0,0,0,0,0,0,0,0,2,3,2,2,0,0,0,3,2,2,2,2,0,2,2,1,2,2,0,2,2,0,0,0,0,0,0,0,0,0,0,0,0,0,0,0,0,0,0,2,2,1,0,0,0,0,0,0,0,0,0,0,0,0,0,0,0,0,2,1,2,2,3,2,0,0,0,0,0,0,0,5,2,0,0,0,0,0,0,0,0,0,0,0,0,0,0,0,0,2,3,0,0,0,0,0,0,0,0,0,0,0,0,0,0,0,0,0,0,0,0,0,0,0,0,0,0,0,0,0,0,0,0,0,0,0,0,0,0,0,0,0,0,0,3,2,5,2,0,0,0,0,0,0,0,0,0,0,0,0,0,0,0,0,0,0,0,0,0,0,0,0,0,0,0,0,0,0,0,0,0,0,0,0,0,0,0,0,0,0,0,0,0,0,0,0,0,0,0,0,0,0,0,0,0,0,0,0,0,0,0,0,0,0,0,0,0,0,0,0,0,0,0,0,0,0,0,0,0,0,0,0,0,0,0,0,0,0,0,0,0,0,0,0,0,0,0,0,0,0,0,0,0,0,0,0,0,0,0,0,0,0,0,0,0,0,0,0,0,0,0,0,0,0,0,0,0,0,0,0,0,0,0,0,0,0,0,5,3,2,2,2,2,2,2,4,2,1,4,1,2,2,2,1,4,1,1,5,2,2,2,2,5,2,3,3,2,5,2,2,3,5,0,0,0,0,0,0,0,0,0,0,0,0,0,0,0,0,0,0,0,0,0,0,0,2,5,2,5,3,2,0,0,0,0,0,0,0,0,5,0,0,0,2,3,2,2,2,2,0,0,0,0,0,2,2,2,2,2,0,0,0,1,2,3,1,2,2,2,0,0,0,0,0,2,3,2,2,3,2,2,4,2,0,0,0,0,0,0,0,0,3,2,1,5,4,2,0,0,0,0,3,0,0,0,0,0,0,0,0,0,0,0,0,0,0,0,0,0,2,0,0,2,0,0,0,0,0,0,0,0,0,0,0,0,0,0,0,0,0,0,0,0,0,0,0,0,0,0,0,0,0,0,0,0,0,0,0,0,0,0,0,0,0,0,0,0,0,0,0,0,0,0,0,0,0,0,0,0,0,0,0,0,0,0,0,0,0,0,0,0,0,0,0,0,0,0,0,0,0,2,2,0,2,0,0,0,0,0,2,2,2,0,2,3,2,3,3,1,1,3,1,2,2,0,0,0,0,0,0,0,2,2,2,2,3,1,5,2,2,5,0,4,2,0,0,0,0,2,3,5,2,0,0,0,0,0,0,0,0,0,0,0,0,0,0,0,0,0,0,0,0,0,0,0,0,0,0,0,0,0,0,0,0,0,0,0,0,0,0,0,0,0,0,0,0,0,0,0,0,0,0,0,0,0,0,0,0,0,0,0,0,0,0,0,0,0,0,0,0,0,0,0,0,0,0,0,0,0,0,0,0,0,0,0,0,0,0,0,0,0,0,0,0,0,0,0,0,2,1,1,3,2,3,2,2,5,1,5,5,2,1,4,3,0,0,0,0,0,0,0,0,0,0,0,0,0,0,0,0,0,0,0,0,0,0,0,0,0,0,0,0,0,0,0,0,0,0,0,0,0,0,0,0,0,0,0,0,0,0,0,0,0,0,0,0,0,0,0,0,0,0,0,0,0,0,0,0,0,0,0,0,0,0,0,0,0,0,0,0,0,0,0,0,0,0,0,0,0,0,0,0,0,0,0,0,0,0,0,0,0,0,0,0,0,0,0,0,0,0,0,0,0,0,0,0,0,0,0,0,0,0,0,0,0,0,0,0,0,0,0,0,0,0,0,0,0,0,0,0,0,0,0,0,0,0,0,0,0,0,0,0,0,0,0,0,0,0,0,0,0,0,0,0,0,0,0,0,0,0,0,0,0,0,0,0,0,0,0,0,0,0,0,0,0,0,0,0,0,0,0,0,0,0,0,0,0,0,0,0,0,0,0,0,0,0,0,0,0,0,0,0,0,0,0,0,0,0,0,0,0,0,0,0,0,0,0,0,0,0,0,0,0,0,0,0,0,0,0,0,0,0,0,0,0,0,0,0,0,0,0,0,0,0,0,0,0,0,0,0,0,0,0,0,0,0,0,0,0,0,0,0,0,0,0,0,0,0,0,0,0,0,0,0,0,0,0,0,3,2,3,5,5,3,3,3,3,3,2,2,2,3,5,5,3,0,0,0,0,0,0,0,0,0,0,0,0,0,0,0,0,0,0,0,0,0,0,0,0,0,0,0,0,0,0,0,0,0,0,0,0,0,0,0,0,0,0,0,0,0,0,0,0,0,0,0,0,0,0,0,0,0,0,0,0,0,0,0,0,0,0,0,0,0,0,0,0,0,0,0,0,0,0,0,0,0,0,0,0,0,0,0,0,0,0,0,0,0,0,0,0,0,0,0,0,0,0,0,0,0,0,0,0,0,0,0,0,0,0,0,0,0,0,0,0,0,0,0,0,0,0,0,0,0,3,3,3,5,3,1,3,3,1,3,3,2,0,0,0,0,0,0,0,0,0,0,0,0,0,0,0,0,0,0,0,0,0,0,0,0,0,0,0,0,0,0,0,0,0,0,0,0,0,0,0,0,0,0,0,0,0,0,0,0,0,0,0,0,0,0,0,0,1.5250784158706665,-4.798971652984619,-5.784867286682129,8.403341293334961,5.568793296813965,-15.713509559631348,-31.35939598083496,-6.019120693206787,26.75080680847168,-3.2636287212371826,1.1684789657592771,21.146671295166016,-2.780247926712036,13.440957069396973,-32.40400695800781,0.4083091616630554,25.006153106689453,-27.835708618164062,-29.22163772583008,34.73981857299805,7.377225875854492,18.71822738647461,59.11872100830078,17.140911102294922,-18.14495277404785,6.185678958892822,-14.981711387634276,-38.26782989501953,2.7459092140197754,-11.754020690917969,23.369428634643555,-10.928610801696776,-16.074045181274414,-2.475109100341797,-1.6220901012420654,9.458732604980469,4.024390697479248,-1.5008692741394043,21.468711853027344,19.874605178833008,1.2329761981964111,0.5750781893730164,-7.289348602294922,-10.130743026733398,-28.50454330444336,18.503023147583008,11.205178260803224,38.70418930053711,-10.497991561889648,2.3137686252593994,12.650179862976074,-26.804821014404297,0.132140040397644,-22.76339340209961,-32.49234771728516,-23.25164031982422,-14.079890251159668,12.06503963470459,6.218963623046875,9.536140441894531,1.4875701665878296,-18.363149642944336,-16.954978942871094,13.134218215942385,-44.20915985107422,3.203568696975708,21.286760330200195,10.66110134124756,-18.525224685668945,-1.7555423974990845,-8.080911636352539,11.31082248687744,16.55816650390625,-31.24436378479004,-5.086130619049072,7.579176902770996,-28.43848991394043,2.5459299087524414,7.098430633544922,2.7211873531341557,18.78425407409668,1.4301143884658811,-11.319293975830078,-39.56695556640625,16.60175132751465,-11.27547550201416,-13.510129928588867,4.122549533843994,8.528297424316406,-2.419203996658325,9.122273445129396,14.195343017578123,16.190114974975586,9.916459083557127,4.802160739898682,-3.643858194351196,20.93655204772949,10.304443359375,18.01029396057129,-8.106900215148926,-9.877116203308104,-22.30673599243164,-24.87240219116211,-15.559428215026855,11.53795051574707,-31.874902725219727,-15.4112548828125,13.113025665283203,7.870595932006836,-19.601192474365234,-24.5717830657959,16.458240509033203,12.524591445922852,-13.29017734527588,-2.276350498199463,-10.880834579467772,18.55770301818848,23.85064125061035,-4.84995174407959,6.801982879638672,-16.085046768188477,13.691685676574709,-3.49148178100586,33.142032623291016,0.916672945022583,-35.278907775878906,-32.64015197753906,2.791762351989746,-15.56063461303711,1.476119041442871,0.4911600351333618,-4.557589054107666,16.27924346923828,42.34627914428711,4.6583428382873535,32.84982681274414,2.106848955154419,-6.851889133453369,19.478179931640625,-13.340638160705566,26.397083282470703,-0.0647240132093429,-8.747909545898438,-3.340322971343994,16.92761993408203,6.828023910522461,7.995010852813721,5.879823684692383,14.047492027282717,34.19062042236328,-1.6213916540145874,16.035982131958008,18.074108123779297,-23.160091400146484,-4.693739891052246,0.5220645666122437,-18.07723999023437,-6.966349124908447,1.0949915647506714,-19.860567092895508,5.622324466705322,12.704879760742188,-13.309476852416992,7.436325550079346,16.269733428955078,-27.266990661621094,10.67613410949707,-8.895984649658203,3.663586854934693,17.8072509765625,-14.616477966308594,-20.834688186645508,37.55348587036133,-7.550958633422852,12.013651847839355,-2.078251600265503,13.536943435668944,-6.1187052726745605,-15.548720359802246,24.25060272216797,-14.951104164123535,25.65377616882324,-0.0163584202527999,29.976089477539062,12.269373893737791,-11.444795608520508,2.419533491134644,3.1250555515289307,-7.0462164878845215,-18.17847442626953,2.4135570526123047,-7.207624912261963,-16.554994583129883,5.474663734436035,12.887981414794922,5.85714054107666,-1.5290964841842651,-27.495101928710938,-8.161714553833008,-9.071349143981934,-0.3744215369224548,-5.861557960510254,11.152739524841309,-5.420337677001953,-3.852283954620361,-5.4220871925354,33.73553466796875,27.814287185668945,28.8614501953125,-15.030386924743652,34.4078369140625,-0.6922385096549988,33.015899658203125,-15.244132995605469,13.41397476196289,-0.0913657993078231,14.754313468933104,11.676705360412598,-12.304899215698242,16.800493240356445,11.808331489562988,-21.387670516967773,-9.519859313964844,1.411388278007507,6.701749801635742,-14.424168586730955,-4.093702793121338,-0.4842062294483185,14.62513542175293,-27.652433395385746,6.6767120361328125,-5.516257286071777,-22.221363067626957,-26.32075881958008,3.0433835983276367,-26.76705551147461,-6.50779390335083,-10.142755508422852,-7.998674392700195,30.353836059570312,17.642160415649414,-25.537296295166016,19.051532745361328,-6.90812349319458,-4.687018394470215,23.544601440429688,-44.30400848388672,-15.870035171508787,3.303194761276245,9.880547523498535,-48.86002731323242,11.08497714996338,9.457352638244627,-5.326526165008545,-26.430339813232425,16.55583953857422,4.131852149963379,-18.685503005981445,32.11312484741211,-26.689802169799805,-9.817809104919434,11.69790267944336,2.622818946838379,18.002653121948242,-4.026740550994873,-24.32404899597168,-13.787678718566896,2.9169580936431885,6.409894943237305,-20.421899795532227,0.6963145136833191,13.063850402832031,-13.2491455078125,5.608295917510986,-0.1007805913686752,-20.61949920654297,-9.940947532653809,-10.421923637390137,-10.806976318359377,20.149810791015625,-15.56902313232422,-18.20293617248535,-26.689746856689453,-15.239751815795898,-11.528724670410156,12.595743179321287,0.9264114499092102,-2.3364384174346924,-13.17068099975586,-9.54084014892578,6.629715919494629,32.75025177001953,15.792551040649414,11.333051681518556,-28.500362396240234,-18.855417251586918,-14.897538185119627,-22.493776321411133,-43.21576690673828,-3.42441725730896,1.0,-0.9999999999999998
OXYR_HUMAN,CHEMBL3354584,CCCCN(CC(=O)NC(CC(C)C)C(=O)NCC(N)=O)C(=O)C1CCSCCC(=O)NC(Cc2ccccc2)C(=O)NC(C(C)CC)C(=O)NC(CCC(N)=O)C(=O)NC(CC(N)=O)C(=O)N1,0,0,0,0,0,0,0,0,0,0,0,0,0,0,0,0,0,0,0,0,0,0,0,0,0,0,0,0,0,0,0,0,0,0,0,0,0,0,0,0,0,0,0,0,0,0,0,0,0,0,0,0,0,0,0,0,0,0,0,0,0,0,0,0,0,0,0,0,0,0,0,0,0,0,0,0,0,0,0,0,0,0,0,0,0,0,0,0,0,0,0,0,0,0,0,0,0,0,0,0,0,0,0,0,0,0,0,0,0,0,0,0,0,0,0,0,0,0,0,0,0,0,0,0,0,0,0,0,0,0,0,0,0,0,0,0,0,0,0,0,0,0,0,0,0,0,0,0,0,0,0,0,0,0,0,0,0,0,0,0,0,0,0,0,0,0,0,0,0,0,0,0,0,0,0,0,0,0,0,0,0,0,0,0,0,2,4,1,2,2,2,2,3,2,3,2,4,2,2,3,2,0,0,0,0,0,0,0,0,0,0,0,0,0,0,0,0,3,2,2,1,0,0,0,0,0,0,0,0,0,0,0,0,0,0,0,0,0,1,1,2,4,1,3,0,0,0,0,0,0,0,0,0,0,0,5,3,0,0,0,0,0,0,0,0,0,0,0,0,0,0,0,0,0,0,0,0,0,0,0,0,0,0,0,0,0,0,0,0,0,0,0,0,0,0,0,0,0,0,0,0,0,0,0,0,0,0,0,0,0,0,0,0,0,0,0,0,0,0,0,0,0,0,0,0,0,0,0,0,0,0,0,0,0,0,0,0,0,0,0,0,0,0,0,0,0,0,0,0,0,0,0,0,0,0,0,0,0,0,0,0,0,0,0,0,0,0,0,0,0,0,0,0,0,0,0,0,0,0,0,0,0,0,0,0,0,0,0,0,0,0,0,0,0,0,0,0,0,0,0,0,0,0,0,0,0,0,0,0,0,0,0,0,0,0,0,0,0,0,0,0,0,0,0,0,0,0,0,0,0,0,0,0,2,1,1,1,5,5,3,0,0,0,0,0,0,0,0,0,0,0,0,0,0,0,0,0,0,0,0,0,0,0,0,0,0,0,0,0,0,0,0,0,0,0,0,0,0,0,0,0,0,0,0,0,0,0,0,0,0,0,0,0,0,0,0,0,0,0,0,0,0,0,0,0,0,0,0,0,0,0,0,0,0,0,0,0,0,0,0,0,0,0,0,0,0,0,0,0,0,0,0,0,0,0,0,0,0,0,0,0,0,0,0,0,0,0,0,0,0,0,0,0,0,0,0,0,0,0,0,0,0,0,0,0,0,0,0,0,0,0,0,0,0,0,0,0,0,0,0,0,0,0,0,0,0,0,0,0,4,2,2,2,5,2,4,2,0,0,0,0,0,0,0,0,0,0,0,0,0,0,0,0,0,2,2,2,1,2,0,2,2,0,0,0,0,0,0,0,0,0,0,0,2,2,2,2,3,1,3,2,1,0,0,0,0,0,0,2,2,2,2,2,0,0,5,0,0,0,0,3,3,0,0,0,0,0,0,0,0,0,0,0,5,3,5,5,0,0,0,0,0,3,0,0,0,0,0,0,0,5,2,2,2,2,2,5,0,0,0,0,0,0,0,0,0,0,0,0,0,0,0,5,2,3,0,2,2,4,0,0,0,0,0,0,0,0,0,0,0,0,0,0,0,0,0,0,0,0,0,0,0,0,0,0,0,0,0,0,0,0,2,2,2,2,2,2,3,2,2,0,0,0,0,0,0,0,0,0,0,0,0,0,0,0,0,0,0,0,0,0,0,0,0,1,3,2,2,0,0,0,0,0,0,0,0,0,0,0,0,0,0,0,0,0,0,0,0,0,0,0,0,0,0,0,0,0,2,4,2,3,2,5,2,2,1,0,1,4,2,0,0,0,0,0,2,1,0,0,0,0,0,0,0,0,0,0,0,0,0,0,0,0,0,0,0,0,0,0,0,0,0,0,0,0,0,0,0,0,0,0,0,0,0,0,0,0,0,0,0,0,0,0,0,5,0,2,2,5,0,2,2,3,2,2,1,2,2,2,0,0,0,3,3,2,2,0,0,0,0,0,0,0,0,0,0,0,0,2,2,0,0,0,0,0,0,0,0,0,0,0,0,0,0,0,0,0,0,0,0,0,0,0,0,0,0,0,0,0,0,0,2,2,3,2,4,5,0,0,0,0,0,0,0,0,0,0,0,0,0,0,0,0,0,0,0,0,0,0,0,0,0,0,0,0,0,0,0,0,0,0,1,0,0,0,0,0,0,0,0,0,0,0,0,0,0,0,0,0,0,0,0,0,0,0,0,0,0,2,2,0,0,0,0,0,0,2,0,1,3,1,2,0,0,0,0,0,0,0,0,0,0,0,0,0,0,0,0,0,0,0,0,0,0,0,0,0,0,0,0,5,3,0,0,0,0,2,5,5,0,0,5,3,0,0,0,0,0,0,0,0,0,0,0,0,0,0,0,4,5,0,0,0,0,2,2,2,0,0,0,0,2,2,3,2,2,0,0,0,1,1,2,2,2,3,0,0,2,1,3,2,5,0,0,0,0,0,0,0,0,0,0,0,0,2,2,3,0,0,0,0,0,0,0,0,0,0,0,0,0,0,0,0,0,0,0,0,0,0,0,0,0,0,0,0,0,0,0,0,0,0,0,0,0,0,0,2,5,0,0,0,0,4,0,0,0,0,0,0,0,0,0,0,0,0,0,0,0,0,0,0,0,0,0,0,0,0,0,0,0,0,0,0,0,0,0,0,0,0,0,0,0,0,0,0,0,0,0,0,0,0,0,0,0,0,0,0,0,0,0,0,0,0,0,0,0,0,0,0,0,0,0,0,0,0,0,0,0,0,0,0,0,0,0,0,0,0,0,0,0,0,0,0,0,0,0,2,2,0,0,4,1,2,2,4,0,0,0,0,0,1,2,2,2,0,0,0,0,0,0,0,0,0,0,0,0,0,0,0,0,0,0,0,0,0,0,0,0,0,0,0,0,0,0,0,0,0,0,0,0,0,0,0,0,0,0,0,2,2,0,0,0,0,0,0,0,0,0,0,0,0,0,0,0,0,3,1,2,1,1,0,0,0,0,5,0,0,0,0,0,0,0,2,2,0,0,0,0,0,0,0,0,2,3,2,2,0,0,0,3,2,2,2,2,0,2,2,1,2,2,0,2,2,0,0,0,0,0,0,0,0,0,0,0,0,0,0,0,0,0,0,2,2,1,0,0,0,0,0,0,0,0,0,0,0,0,0,0,0,0,2,1,2,2,3,2,0,0,0,0,0,0,0,5,2,0,0,0,0,0,0,0,0,0,0,0,0,0,0,0,0,2,3,0,0,0,0,0,0,0,0,0,0,0,0,0,0,0,0,0,0,0,0,0,0,0,0,0,0,0,0,0,0,0,0,0,0,0,0,0,0,0,0,0,0,0,3,2,5,2,0,0,0,0,0,0,0,0,0,0,0,0,0,0,0,0,0,0,0,0,0,0,0,0,0,0,0,0,0,0,0,0,0,0,0,0,0,0,0,0,0,0,0,0,0,0,0,0,0,0,0,0,0,0,0,0,0,0,0,0,0,0,0,0,0,0,0,0,0,0,0,0,0,0,0,0,0,0,0,0,0,0,0,0,0,0,0,0,0,0,0,0,0,0,0,0,0,0,0,0,0,0,0,0,0,0,0,0,0,0,0,0,0,0,0,0,0,0,0,0,0,0,0,0,0,0,0,0,0,0,0,0,0,0,0,0,0,0,0,5,3,2,2,2,2,2,2,4,2,1,4,1,2,2,2,1,4,1,1,5,2,2,2,2,5,2,3,3,2,5,2,2,3,5,0,0,0,0,0,0,0,0,0,0,0,0,0,0,0,0,0,0,0,0,0,0,0,2,5,2,5,3,2,0,0,0,0,0,0,0,0,5,0,0,0,2,3,2,2,2,2,0,0,0,0,0,2,2,2,2,2,0,0,0,1,2,3,1,2,2,2,0,0,0,0,0,2,3,2,2,3,2,2,4,2,0,0,0,0,0,0,0,0,3,2,1,5,4,2,0,0,0,0,3,0,0,0,0,0,0,0,0,0,0,0,0,0,0,0,0,0,2,0,0,2,0,0,0,0,0,0,0,0,0,0,0,0,0,0,0,0,0,0,0,0,0,0,0,0,0,0,0,0,0,0,0,0,0,0,0,0,0,0,0,0,0,0,0,0,0,0,0,0,0,0,0,0,0,0,0,0,0,0,0,0,0,0,0,0,0,0,0,0,0,0,0,0,0,0,0,0,0,2,2,0,2,0,0,0,0,0,2,2,2,0,2,3,2,3,3,1,1,3,1,2,2,0,0,0,0,0,0,0,2,2,2,2,3,1,5,2,2,5,0,4,2,0,0,0,0,2,3,5,2,0,0,0,0,0,0,0,0,0,0,0,0,0,0,0,0,0,0,0,0,0,0,0,0,0,0,0,0,0,0,0,0,0,0,0,0,0,0,0,0,0,0,0,0,0,0,0,0,0,0,0,0,0,0,0,0,0,0,0,0,0,0,0,0,0,0,0,0,0,0,0,0,0,0,0,0,0,0,0,0,0,0,0,0,0,0,0,0,0,0,0,0,0,0,0,0,2,1,1,3,2,3,2,2,5,1,5,5,2,1,4,3,0,0,0,0,0,0,0,0,0,0,0,0,0,0,0,0,0,0,0,0,0,0,0,0,0,0,0,0,0,0,0,0,0,0,0,0,0,0,0,0,0,0,0,0,0,0,0,0,0,0,0,0,0,0,0,0,0,0,0,0,0,0,0,0,0,0,0,0,0,0,0,0,0,0,0,0,0,0,0,0,0,0,0,0,0,0,0,0,0,0,0,0,0,0,0,0,0,0,0,0,0,0,0,0,0,0,0,0,0,0,0,0,0,0,0,0,0,0,0,0,0,0,0,0,0,0,0,0,0,0,0,0,0,0,0,0,0,0,0,0,0,0,0,0,0,0,0,0,0,0,0,0,0,0,0,0,0,0,0,0,0,0,0,0,0,0,0,0,0,0,0,0,0,0,0,0,0,0,0,0,0,0,0,0,0,0,0,0,0,0,0,0,0,0,0,0,0,0,0,0,0,0,0,0,0,0,0,0,0,0,0,0,0,0,0,0,0,0,0,0,0,0,0,0,0,0,0,0,0,0,0,0,0,0,0,0,0,0,0,0,0,0,0,0,0,0,0,0,0,0,0,0,0,0,0,0,0,0,0,0,0,0,0,0,0,0,0,0,0,0,0,0,0,0,0,0,0,0,0,0,0,0,0,0,3,2,3,5,5,3,3,3,3,3,2,2,2,3,5,5,3,0,0,0,0,0,0,0,0,0,0,0,0,0,0,0,0,0,0,0,0,0,0,0,0,0,0,0,0,0,0,0,0,0,0,0,0,0,0,0,0,0,0,0,0,0,0,0,0,0,0,0,0,0,0,0,0,0,0,0,0,0,0,0,0,0,0,0,0,0,0,0,0,0,0,0,0,0,0,0,0,0,0,0,0,0,0,0,0,0,0,0,0,0,0,0,0,0,0,0,0,0,0,0,0,0,0,0,0,0,0,0,0,0,0,0,0,0,0,0,0,0,0,0,0,0,0,0,0,0,3,3,3,5,3,1,3,3,1,3,3,2,0,0,0,0,0,0,0,0,0,0,0,0,0,0,0,0,0,0,0,0,0,0,0,0,0,0,0,0,0,0,0,0,0,0,0,0,0,0,0,0,0,0,0,0,0,0,0,0,0,0,0,0,0,0,0,0,0.2008101642131805,-5.382035732269287,-4.716195583343506,5.37846565246582,6.659754753112793,-16.063547134399414,-29.022289276123047,-5.873083114624023,25.640026092529297,-5.608163356781006,3.4223477840423584,21.417186737060547,-0.3410475850105285,14.287412643432615,-32.652679443359375,-1.024845838546753,24.058500289916992,-28.40408515930176,-28.698654174804688,33.2584228515625,5.853617668151856,16.413726806640625,56.56157684326172,16.620512008666992,-16.642498016357422,6.269100666046143,-16.378623962402344,-37.30631256103516,3.10481333732605,-12.339728355407717,17.838651657104492,-8.378963470458984,-15.320929527282717,-2.017077922821045,-2.3938262462615967,8.224677085876465,3.3343493938446045,-1.4193565845489502,19.80753898620605,19.706186294555664,2.465129852294922,0.7443033456802368,-5.201626777648926,-12.32722282409668,-25.15154266357422,17.381593704223633,11.438282012939451,39.48250198364258,-8.166688919067383,2.154960870742798,9.360815048217772,-25.150758743286133,1.508020043373108,-20.491485595703125,-31.90854263305664,-22.860538482666016,-12.342592239379885,13.750566482543944,3.843646764755249,7.904919147491455,2.188258171081543,-15.324507713317873,-16.598386764526367,10.249391555786133,-40.64996719360352,2.808233976364136,17.862001419067383,9.998544692993164,-18.38399314880371,-2.317103862762451,-6.507572650909424,10.00513744354248,14.41501522064209,-31.17443084716797,-4.9250569343566895,5.582476615905762,-28.55862236022949,1.7621853351593018,7.93659496307373,2.101280927658081,19.16145896911621,1.4069277048110962,-8.92431640625,-38.55338668823242,15.509445190429688,-9.736682891845703,-11.0476713180542,3.877183675765991,6.754878997802734,-1.9891457557678225,8.856224060058594,14.481626510620115,16.43328285217285,9.120612144470217,4.055932998657227,-4.593280792236328,20.475095748901367,8.31676197052002,17.5126953125,-7.701801300048828,-7.255187034606934,-19.596519470214844,-24.30342102050781,-11.599787712097168,12.229748725891112,-30.334226608276367,-16.756553649902344,11.483871459960938,7.483113288879394,-19.28882598876953,-20.207000732421875,16.45481300354004,11.743513107299805,-13.513293266296388,-2.3264803886413574,-9.926170349121094,16.73636245727539,22.387279510498047,-1.7312103509902954,7.367768287658691,-15.232494354248049,14.212302207946776,-2.905362129211426,30.40031623840332,0.5574800968170166,-35.32305908203125,-30.88058853149414,2.5306167602539062,-14.205623626708984,1.2867320775985718,-0.3770163655281067,-3.221679449081421,13.100748062133787,40.20281219482422,6.4162373542785645,30.69743156433105,-1.63855242729187,-8.42493724822998,17.504749298095703,-13.559823036193848,24.981061935424805,0.9421817064285278,-8.471541404724121,-2.7829651832580566,16.645044326782227,4.150143623352051,7.195766925811768,6.469933986663818,14.382920265197754,33.75001525878906,-4.633797645568848,17.52352523803711,15.949326515197754,-23.772192001342773,-5.00712776184082,0.9241648316383362,-16.349620819091797,-6.794360637664795,0.2710686922073364,-18.843521118164062,5.729185104370117,14.511601448059082,-12.277037620544434,5.973596096038818,15.338974952697754,-22.93224334716797,11.468685150146484,-9.51395034790039,4.808534622192383,18.169437408447266,-13.827496528625488,-20.46367835998535,36.83696365356445,-8.166173934936523,12.399080276489258,-1.968687891960144,12.445110321044922,-5.297833442687988,-14.08334732055664,22.943017959594727,-14.652539253234863,24.735078811645508,0.1279765963554382,28.83052062988281,10.328357696533203,-12.37651252746582,3.3335065841674805,4.017118453979492,-8.306608200073242,-16.268144607543945,3.5779964923858643,-8.531898498535156,-17.488697052001953,4.229596138000488,12.970629692077637,7.318781852722168,-0.0697478055953979,-25.734338760375977,-7.610681533813477,-9.71304702758789,-0.009829819202423,-6.5197343826293945,10.554134368896484,-7.421681880950928,-7.119434356689453,-4.3275299072265625,32.15143585205078,26.796295166015625,24.5955867767334,-16.740995407104492,32.219085693359375,-2.7750418186187744,33.876007080078125,-12.891160011291504,14.30229949951172,0.0925153791904449,16.464557647705078,9.165312767028809,-9.835718154907228,14.98863410949707,11.124197006225586,-19.409564971923828,-9.556363105773926,0.747444748878479,8.061020851135254,-12.995928764343262,-2.6149377822875977,-0.6267518997192383,14.321590423583984,-27.170242309570312,4.996277809143066,-3.471254825592041,-20.507448196411133,-22.778085708618164,4.635763645172119,-25.27053642272949,-6.489294528961182,-8.602643966674805,-7.449231624603271,29.598899841308597,16.003625869750977,-26.659069061279297,17.405197143554688,-6.921172618865967,-3.339105129241944,23.13224601745605,-42.24594879150391,-13.88037109375,1.7868047952651978,10.625252723693848,-45.62106323242188,8.578524589538574,9.801813125610352,-6.978869438171387,-23.363937377929688,15.741311073303224,3.1896286010742188,-17.326364517211914,31.618873596191406,-24.897192001342773,-11.19428253173828,10.88469696044922,1.4490700960159302,17.102956771850586,-3.645836353302002,-24.26292610168457,-12.278021812438965,1.4521585702896118,7.664752006530762,-20.60762596130371,-0.1240493804216384,10.168986320495604,-14.289889335632324,4.402267456054688,-1.0418916940689087,-20.296527862548828,-9.227017402648926,-9.240209579467772,-11.880695343017578,19.78316116333008,-13.688385009765623,-16.413442611694336,-24.33282852172852,-14.94729709625244,-10.564582824707031,12.252333641052246,2.298478126525879,-1.0735440254211426,-11.182611465454102,-9.586454391479492,7.263418197631836,29.696683883666992,13.90146255493164,11.1214599609375,-26.59050941467285,-18.62024688720703,-12.807172775268556,-23.43102264404297,-40.57018280029297,-4.706085681915283,1.0,-0.9999999999999998
OXYR_HUMAN,CHEMBL445816,CN(C)CCCNC(=O)CCc1ccc(S(=O)(=O)N(CC(=O)NNC2=c3ccccc3=NC2=O)c2ccc(Cl)cc2)cc1,0,0,0,0,0,0,0,0,0,0,0,0,0,0,0,0,0,0,0,0,0,0,0,0,0,0,0,0,0,0,0,0,0,0,0,0,0,0,0,0,0,0,0,0,0,0,0,0,0,0,0,0,0,0,0,0,0,0,0,0,0,0,0,0,0,0,0,0,0,0,0,0,0,0,0,0,0,0,0,0,0,0,0,0,0,0,0,0,0,0,0,0,0,0,0,0,0,0,0,0,0,0,0,0,0,0,0,0,0,0,0,0,0,0,0,0,0,0,0,0,0,0,0,0,0,0,0,0,0,0,0,0,0,0,0,0,0,0,0,0,0,0,0,0,0,0,0,0,0,0,0,0,0,0,0,0,0,0,0,0,0,0,0,0,0,0,0,0,0,0,0,0,0,0,0,0,0,0,0,0,0,0,0,0,0,2,4,1,2,2,2,2,3,2,3,2,4,2,2,3,2,0,0,0,0,0,0,0,0,0,0,0,0,0,0,0,0,3,2,2,1,0,0,0,0,0,0,0,0,0,0,0,0,0,0,0,0,0,1,1,2,4,1,3,0,0,0,0,0,0,0,0,0,0,0,5,3,0,0,0,0,0,0,0,0,0,0,0,0,0,0,0,0,0,0,0,0,0,0,0,0,0,0,0,0,0,0,0,0,0,0,0,0,0,0,0,0,0,0,0,0,0,0,0,0,0,0,0,0,0,0,0,0,0,0,0,0,0,0,0,0,0,0,0,0,0,0,0,0,0,0,0,0,0,0,0,0,0,0,0,0,0,0,0,0,0,0,0,0,0,0,0,0,0,0,0,0,0,0,0,0,0,0,0,0,0,0,0,0,0,0,0,0,0,0,0,0,0,0,0,0,0,0,0,0,0,0,0,0,0,0,0,0,0,0,0,0,0,0,0,0,0,0,0,0,0,0,0,0,0,0,0,0,0,0,0,0,0,0,0,0,0,0,0,0,0,0,0,0,0,0,0,0,2,1,1,1,5,5,3,0,0,0,0,0,0,0,0,0,0,0,0,0,0,0,0,0,0,0,0,0,0,0,0,0,0,0,0,0,0,0,0,0,0,0,0,0,0,0,0,0,0,0,0,0,0,0,0,0,0,0,0,0,0,0,0,0,0,0,0,0,0,0,0,0,0,0,0,0,0,0,0,0,0,0,0,0,0,0,0,0,0,0,0,0,0,0,0,0,0,0,0,0,0,0,0,0,0,0,0,0,0,0,0,0,0,0,0,0,0,0,0,0,0,0,0,0,0,0,0,0,0,0,0,0,0,0,0,0,0,0,0,0,0,0,0,0,0,0,0,0,0,0,0,0,0,0,0,0,4,2,2,2,5,2,4,2,0,0,0,0,0,0,0,0,0,0,0,0,0,0,0,0,0,2,2,2,1,2,0,2,2,0,0,0,0,0,0,0,0,0,0,0,2,2,2,2,3,1,3,2,1,0,0,0,0,0,0,2,2,2,2,2,0,0,5,0,0,0,0,3,3,0,0,0,0,0,0,0,0,0,0,0,5,3,5,5,0,0,0,0,0,3,0,0,0,0,0,0,0,5,2,2,2,2,2,5,0,0,0,0,0,0,0,0,0,0,0,0,0,0,0,5,2,3,0,2,2,4,0,0,0,0,0,0,0,0,0,0,0,0,0,0,0,0,0,0,0,0,0,0,0,0,0,0,0,0,0,0,0,0,2,2,2,2,2,2,3,2,2,0,0,0,0,0,0,0,0,0,0,0,0,0,0,0,0,0,0,0,0,0,0,0,0,1,3,2,2,0,0,0,0,0,0,0,0,0,0,0,0,0,0,0,0,0,0,0,0,0,0,0,0,0,0,0,0,0,2,4,2,3,2,5,2,2,1,0,1,4,2,0,0,0,0,0,2,1,0,0,0,0,0,0,0,0,0,0,0,0,0,0,0,0,0,0,0,0,0,0,0,0,0,0,0,0,0,0,0,0,0,0,0,0,0,0,0,0,0,0,0,0,0,0,0,5,0,2,2,5,0,2,2,3,2,2,1,2,2,2,0,0,0,3,3,2,2,0,0,0,0,0,0,0,0,0,0,0,0,2,2,0,0,0,0,0,0,0,0,0,0,0,0,0,0,0,0,0,0,0,0,0,0,0,0,0,0,0,0,0,0,0,2,2,3,2,4,5,0,0,0,0,0,0,0,0,0,0,0,0,0,0,0,0,0,0,0,0,0,0,0,0,0,0,0,0,0,0,0,0,0,0,1,0,0,0,0,0,0,0,0,0,0,0,0,0,0,0,0,0,0,0,0,0,0,0,0,0,0,2,2,0,0,0,0,0,0,2,0,1,3,1,2,0,0,0,0,0,0,0,0,0,0,0,0,0,0,0,0,0,0,0,0,0,0,0,0,0,0,0,0,5,3,0,0,0,0,2,5,5,0,0,5,3,0,0,0,0,0,0,0,0,0,0,0,0,0,0,0,4,5,0,0,0,0,2,2,2,0,0,0,0,2,2,3,2,2,0,0,0,1,1,2,2,2,3,0,0,2,1,3,2,5,0,0,0,0,0,0,0,0,0,0,0,0,2,2,3,0,0,0,0,0,0,0,0,0,0,0,0,0,0,0,0,0,0,0,0,0,0,0,0,0,0,0,0,0,0,0,0,0,0,0,0,0,0,0,2,5,0,0,0,0,4,0,0,0,0,0,0,0,0,0,0,0,0,0,0,0,0,0,0,0,0,0,0,0,0,0,0,0,0,0,0,0,0,0,0,0,0,0,0,0,0,0,0,0,0,0,0,0,0,0,0,0,0,0,0,0,0,0,0,0,0,0,0,0,0,0,0,0,0,0,0,0,0,0,0,0,0,0,0,0,0,0,0,0,0,0,0,0,0,0,0,0,0,0,2,2,0,0,4,1,2,2,4,0,0,0,0,0,1,2,2,2,0,0,0,0,0,0,0,0,0,0,0,0,0,0,0,0,0,0,0,0,0,0,0,0,0,0,0,0,0,0,0,0,0,0,0,0,0,0,0,0,0,0,0,2,2,0,0,0,0,0,0,0,0,0,0,0,0,0,0,0,0,3,1,2,1,1,0,0,0,0,5,0,0,0,0,0,0,0,2,2,0,0,0,0,0,0,0,0,2,3,2,2,0,0,0,3,2,2,2,2,0,2,2,1,2,2,0,2,2,0,0,0,0,0,0,0,0,0,0,0,0,0,0,0,0,0,0,2,2,1,0,0,0,0,0,0,0,0,0,0,0,0,0,0,0,0,2,1,2,2,3,2,0,0,0,0,0,0,0,5,2,0,0,0,0,0,0,0,0,0,0,0,0,0,0,0,0,2,3,0,0,0,0,0,0,0,0,0,0,0,0,0,0,0,0,0,0,0,0,0,0,0,0,0,0,0,0,0,0,0,0,0,0,0,0,0,0,0,0,0,0,0,3,2,5,2,0,0,0,0,0,0,0,0,0,0,0,0,0,0,0,0,0,0,0,0,0,0,0,0,0,0,0,0,0,0,0,0,0,0,0,0,0,0,0,0,0,0,0,0,0,0,0,0,0,0,0,0,0,0,0,0,0,0,0,0,0,0,0,0,0,0,0,0,0,0,0,0,0,0,0,0,0,0,0,0,0,0,0,0,0,0,0,0,0,0,0,0,0,0,0,0,0,0,0,0,0,0,0,0,0,0,0,0,0,0,0,0,0,0,0,0,0,0,0,0,0,0,0,0,0,0,0,0,0,0,0,0,0,0,0,0,0,0,0,5,3,2,2,2,2,2,2,4,2,1,4,1,2,2,2,1,4,1,1,5,2,2,2,2,5,2,3,3,2,5,2,2,3,5,0,0,0,0,0,0,0,0,0,0,0,0,0,0,0,0,0,0,0,0,0,0,0,2,5,2,5,3,2,0,0,0,0,0,0,0,0,5,0,0,0,2,3,2,2,2,2,0,0,0,0,0,2,2,2,2,2,0,0,0,1,2,3,1,2,2,2,0,0,0,0,0,2,3,2,2,3,2,2,4,2,0,0,0,0,0,0,0,0,3,2,1,5,4,2,0,0,0,0,3,0,0,0,0,0,0,0,0,0,0,0,0,0,0,0,0,0,2,0,0,2,0,0,0,0,0,0,0,0,0,0,0,0,0,0,0,0,0,0,0,0,0,0,0,0,0,0,0,0,0,0,0,0,0,0,0,0,0,0,0,0,0,0,0,0,0,0,0,0,0,0,0,0,0,0,0,0,0,0,0,0,0,0,0,0,0,0,0,0,0,0,0,0,0,0,0,0,0,2,2,0,2,0,0,0,0,0,2,2,2,0,2,3,2,3,3,1,1,3,1,2,2,0,0,0,0,0,0,0,2,2,2,2,3,1,5,2,2,5,0,4,2,0,0,0,0,2,3,5,2,0,0,0,0,0,0,0,0,0,0,0,0,0,0,0,0,0,0,0,0,0,0,0,0,0,0,0,0,0,0,0,0,0,0,0,0,0,0,0,0,0,0,0,0,0,0,0,0,0,0,0,0,0,0,0,0,0,0,0,0,0,0,0,0,0,0,0,0,0,0,0,0,0,0,0,0,0,0,0,0,0,0,0,0,0,0,0,0,0,0,0,0,0,0,0,0,2,1,1,3,2,3,2,2,5,1,5,5,2,1,4,3,0,0,0,0,0,0,0,0,0,0,0,0,0,0,0,0,0,0,0,0,0,0,0,0,0,0,0,0,0,0,0,0,0,0,0,0,0,0,0,0,0,0,0,0,0,0,0,0,0,0,0,0,0,0,0,0,0,0,0,0,0,0,0,0,0,0,0,0,0,0,0,0,0,0,0,0,0,0,0,0,0,0,0,0,0,0,0,0,0,0,0,0,0,0,0,0,0,0,0,0,0,0,0,0,0,0,0,0,0,0,0,0,0,0,0,0,0,0,0,0,0,0,0,0,0,0,0,0,0,0,0,0,0,0,0,0,0,0,0,0,0,0,0,0,0,0,0,0,0,0,0,0,0,0,0,0,0,0,0,0,0,0,0,0,0,0,0,0,0,0,0,0,0,0,0,0,0,0,0,0,0,0,0,0,0,0,0,0,0,0,0,0,0,0,0,0,0,0,0,0,0,0,0,0,0,0,0,0,0,0,0,0,0,0,0,0,0,0,0,0,0,0,0,0,0,0,0,0,0,0,0,0,0,0,0,0,0,0,0,0,0,0,0,0,0,0,0,0,0,0,0,0,0,0,0,0,0,0,0,0,0,0,0,0,0,0,0,0,0,0,0,0,0,0,0,0,0,0,0,0,0,0,0,0,3,2,3,5,5,3,3,3,3,3,2,2,2,3,5,5,3,0,0,0,0,0,0,0,0,0,0,0,0,0,0,0,0,0,0,0,0,0,0,0,0,0,0,0,0,0,0,0,0,0,0,0,0,0,0,0,0,0,0,0,0,0,0,0,0,0,0,0,0,0,0,0,0,0,0,0,0,0,0,0,0,0,0,0,0,0,0,0,0,0,0,0,0,0,0,0,0,0,0,0,0,0,0,0,0,0,0,0,0,0,0,0,0,0,0,0,0,0,0,0,0,0,0,0,0,0,0,0,0,0,0,0,0,0,0,0,0,0,0,0,0,0,0,0,0,0,3,3,3,5,3,1,3,3,1,3,3,2,0,0,0,0,0,0,0,0,0,0,0,0,0,0,0,0,0,0,0,0,0,0,0,0,0,0,0,0,0,0,0,0,0,0,0,0,0,0,0,0,0,0,0,0,0,0,0,0,0,0,0,0,0,0,0,0,1.412500023841858,-5.129209518432617,-5.004274368286133,7.127777099609375,3.7809998989105225,0.5409185290336609,-19.7188663482666,-0.4107807874679565,14.763052940368652,5.925230026245117,-6.284281253814697,2.408796548843384,-16.127470016479492,2.9091899394989014,-11.335429191589355,1.360506296157837,7.333059310913086,-10.4159574508667,-8.61176586151123,11.262410163879396,-1.02711021900177,9.5663480758667,28.144550323486328,9.704150199890137,-12.464759826660156,-0.6769047975540161,-1.745087504386902,-15.718238830566406,4.168595314025879,0.9038782715797424,16.314128875732422,-11.339319229125977,-4.799567699432373,-10.85623836517334,5.343015670776367,-0.770619809627533,0.0087990686297416,4.0161662101745605,12.737483024597168,8.431825637817383,-0.1205142587423324,-1.1426823139190674,-9.759125709533691,-2.0178401470184326,-17.229116439819336,5.4526214599609375,1.8948817253112795,15.018170356750488,-10.578055381774902,4.313405513763428,10.590526580810549,-12.21685791015625,-5.426575183868408,-13.842934608459473,-11.281779289245604,-10.408447265625,-2.8592352867126465,3.037461280822754,6.197146415710449,2.9027600288391118,-1.5715219974517822,-10.4851713180542,-3.9721968173980713,8.191664695739746,-20.89837455749512,-1.3937205076217651,12.080939292907717,4.475411891937256,-8.421940803527832,1.070883870124817,-8.062784194946289,2.404909610748291,10.417913436889648,-14.377049446105955,-4.228549480438232,9.278433799743652,-11.192909240722656,4.589387893676758,0.9922510385513306,5.178735733032227,10.696224212646484,-2.164299964904785,-9.51644229888916,-18.23988914489746,3.2464358806610107,-0.210486352443695,-9.361413955688477,6.595485210418701,4.548065662384033,-2.32463002204895,7.972419738769531,6.279983997344971,5.867889881134033,16.147735595703125,2.9811623096466064,-2.549980401992798,5.09318733215332,2.3106677532196045,9.311966896057127,2.6435658931732178,-4.631228923797607,-12.97721004486084,-10.466943740844728,-13.68568229675293,3.471412181854248,-11.078373908996582,-7.856466293334961,3.841792345046997,1.352529764175415,-11.963301658630373,-21.457351684570312,4.28450345993042,6.556915760040283,-2.835087299346924,2.7443735599517822,-7.42583703994751,9.757433891296388,11.786317825317385,-3.847170352935791,10.40879726409912,-17.65305519104004,1.2328420877456665,-5.808006286621094,8.539066314697266,7.84418249130249,-14.490477561950684,-20.18777275085449,-2.353270530700684,-2.729172945022583,2.8242030143737797,-1.954618215560913,4.196812629699707,12.435596466064451,21.019678115844727,-1.4261887073516846,18.947311401367188,14.919713020324709,0.8474564552307129,16.40303611755371,-4.990032196044922,14.102550506591797,-1.3578814268112185,0.1612262725830078,2.5715651512146,17.096141815185547,9.761059761047363,6.102117538452148,2.684255123138428,4.076569557189941,14.712329864501951,8.460652351379395,5.591991424560547,9.482644081115724,-7.269931316375732,-3.0027952194213867,5.980257987976074,-9.281795501708984,-9.706939697265623,5.913368225097656,-12.026236534118652,-3.3029556274414062,-0.4820141196250915,-9.799354553222656,6.840570449829102,3.5334761142730717,-9.591078758239746,1.217459797859192,-7.180587768554688,1.1748241186141968,10.53177261352539,-12.15832805633545,-3.752219200134277,20.854650497436523,-8.21492862701416,-0.4331217408180237,3.416718006134033,7.979819774627685,-3.483808279037476,-10.48387622833252,18.649538040161133,-7.873600482940674,13.067273139953612,-0.7167291045188904,12.330952644348145,12.848041534423828,-6.697535037994385,-2.672088384628296,-0.2826463282108307,-13.350647926330566,-7.1293044090271,-0.5218721032142639,-1.0605385303497314,-2.654046058654785,-0.0360277891159057,6.3326616287231445,1.0875407457351685,-5.515280246734619,-15.025120735168455,-1.6567033529281616,-1.517732858657837,4.157428741455078,0.7227851152420044,12.528029441833496,1.3130422830581665,2.3206074237823486,-5.569994449615479,21.845882415771484,9.006196975708008,15.933685302734377,-5.048008441925049,20.909502029418945,-3.810981988906861,10.785956382751465,-5.462635040283203,5.366306304931641,5.914498329162598,6.675704956054688,6.089754104614258,-8.914161682128906,8.790882110595703,2.7756552696228027,-12.584494590759276,-1.2329704761505127,1.8847811222076416,5.2069597244262695,-4.348850250244141,-0.6744247674942017,4.714399814605713,14.26224422454834,-16.65348243713379,4.221614360809326,-2.351274013519287,-13.70730686187744,-15.851290702819824,-6.837823390960693,-5.495372772216797,-5.241358757019043,-3.42620587348938,-4.953538417816162,12.253097534179688,6.197412014007568,-4.22900390625,5.90117883682251,-0.6396110653877258,-4.409367561340332,6.675637722015381,-20.05154800415039,-11.089238166809082,0.5821062326431274,-8.974781036376953,-24.92972755432129,2.769563674926758,-2.1255807876586914,-1.532875657081604,-16.87676239013672,0.8106706142425537,3.825777530670166,-17.434364318847656,14.48867416381836,-12.86703872680664,-5.766517162322998,10.228925704956056,5.998098850250244,16.018707275390625,3.8062565326690674,-9.921258926391602,-11.966710090637209,6.0360426902771,5.924415588378906,-11.053210258483888,-2.576427936553955,7.0078444480896,-0.6555987000465393,7.718585968017578,0.1752751767635345,-9.97409439086914,-2.5408935546875,-7.69249677658081,-2.168465375900269,-1.3767266273498535,-10.536839485168455,-7.460812568664551,-24.39490509033203,-9.376265525817873,1.0819480419158936,2.929762840270996,2.247495412826538,-1.5852733850479126,-10.07005214691162,-3.648515939712525,0.9101564884185792,16.593557357788086,19.153640747070312,5.082415580749512,-14.798080444335938,-2.0548095703125,-7.989198207855225,-7.667259216308594,-17.820247650146484,-5.276871681213379,-1.0,-0.1549019599857432
OXYR_HUMAN,CHEMBL3353937,CCC(C)C1NC(=O)C(Cc2ccc(OC)cc2)NC(=O)CCCSCC(C(=O)NCC(=O)NC(CC(C)C)C(=O)NCC(N)=O)NC(=O)C(CC(N)=O)NC(=O)C(CCC(N)=O)NC1=O,0,0,0,0,0,0,0,0,0,0,0,0,0,0,0,0,0,0,0,0,0,0,0,0,0,0,0,0,0,0,0,0,0,0,0,0,0,0,0,0,0,0,0,0,0,0,0,0,0,0,0,0,0,0,0,0,0,0,0,0,0,0,0,0,0,0,0,0,0,0,0,0,0,0,0,0,0,0,0,0,0,0,0,0,0,0,0,0,0,0,0,0,0,0,0,0,0,0,0,0,0,0,0,0,0,0,0,0,0,0,0,0,0,0,0,0,0,0,0,0,0,0,0,0,0,0,0,0,0,0,0,0,0,0,0,0,0,0,0,0,0,0,0,0,0,0,0,0,0,0,0,0,0,0,0,0,0,0,0,0,0,0,0,0,0,0,0,0,0,0,0,0,0,0,0,0,0,0,0,0,0,0,0,0,0,2,4,1,2,2,2,2,3,2,3,2,4,2,2,3,2,0,0,0,0,0,0,0,0,0,0,0,0,0,0,0,0,3,2,2,1,0,0,0,0,0,0,0,0,0,0,0,0,0,0,0,0,0,1,1,2,4,1,3,0,0,0,0,0,0,0,0,0,0,0,5,3,0,0,0,0,0,0,0,0,0,0,0,0,0,0,0,0,0,0,0,0,0,0,0,0,0,0,0,0,0,0,0,0,0,0,0,0,0,0,0,0,0,0,0,0,0,0,0,0,0,0,0,0,0,0,0,0,0,0,0,0,0,0,0,0,0,0,0,0,0,0,0,0,0,0,0,0,0,0,0,0,0,0,0,0,0,0,0,0,0,0,0,0,0,0,0,0,0,0,0,0,0,0,0,0,0,0,0,0,0,0,0,0,0,0,0,0,0,0,0,0,0,0,0,0,0,0,0,0,0,0,0,0,0,0,0,0,0,0,0,0,0,0,0,0,0,0,0,0,0,0,0,0,0,0,0,0,0,0,0,0,0,0,0,0,0,0,0,0,0,0,0,0,0,0,0,0,2,1,1,1,5,5,3,0,0,0,0,0,0,0,0,0,0,0,0,0,0,0,0,0,0,0,0,0,0,0,0,0,0,0,0,0,0,0,0,0,0,0,0,0,0,0,0,0,0,0,0,0,0,0,0,0,0,0,0,0,0,0,0,0,0,0,0,0,0,0,0,0,0,0,0,0,0,0,0,0,0,0,0,0,0,0,0,0,0,0,0,0,0,0,0,0,0,0,0,0,0,0,0,0,0,0,0,0,0,0,0,0,0,0,0,0,0,0,0,0,0,0,0,0,0,0,0,0,0,0,0,0,0,0,0,0,0,0,0,0,0,0,0,0,0,0,0,0,0,0,0,0,0,0,0,0,4,2,2,2,5,2,4,2,0,0,0,0,0,0,0,0,0,0,0,0,0,0,0,0,0,2,2,2,1,2,0,2,2,0,0,0,0,0,0,0,0,0,0,0,2,2,2,2,3,1,3,2,1,0,0,0,0,0,0,2,2,2,2,2,0,0,5,0,0,0,0,3,3,0,0,0,0,0,0,0,0,0,0,0,5,3,5,5,0,0,0,0,0,3,0,0,0,0,0,0,0,5,2,2,2,2,2,5,0,0,0,0,0,0,0,0,0,0,0,0,0,0,0,5,2,3,0,2,2,4,0,0,0,0,0,0,0,0,0,0,0,0,0,0,0,0,0,0,0,0,0,0,0,0,0,0,0,0,0,0,0,0,2,2,2,2,2,2,3,2,2,0,0,0,0,0,0,0,0,0,0,0,0,0,0,0,0,0,0,0,0,0,0,0,0,1,3,2,2,0,0,0,0,0,0,0,0,0,0,0,0,0,0,0,0,0,0,0,0,0,0,0,0,0,0,0,0,0,2,4,2,3,2,5,2,2,1,0,1,4,2,0,0,0,0,0,2,1,0,0,0,0,0,0,0,0,0,0,0,0,0,0,0,0,0,0,0,0,0,0,0,0,0,0,0,0,0,0,0,0,0,0,0,0,0,0,0,0,0,0,0,0,0,0,0,5,0,2,2,5,0,2,2,3,2,2,1,2,2,2,0,0,0,3,3,2,2,0,0,0,0,0,0,0,0,0,0,0,0,2,2,0,0,0,0,0,0,0,0,0,0,0,0,0,0,0,0,0,0,0,0,0,0,0,0,0,0,0,0,0,0,0,2,2,3,2,4,5,0,0,0,0,0,0,0,0,0,0,0,0,0,0,0,0,0,0,0,0,0,0,0,0,0,0,0,0,0,0,0,0,0,0,1,0,0,0,0,0,0,0,0,0,0,0,0,0,0,0,0,0,0,0,0,0,0,0,0,0,0,2,2,0,0,0,0,0,0,2,0,1,3,1,2,0,0,0,0,0,0,0,0,0,0,0,0,0,0,0,0,0,0,0,0,0,0,0,0,0,0,0,0,5,3,0,0,0,0,2,5,5,0,0,5,3,0,0,0,0,0,0,0,0,0,0,0,0,0,0,0,4,5,0,0,0,0,2,2,2,0,0,0,0,2,2,3,2,2,0,0,0,1,1,2,2,2,3,0,0,2,1,3,2,5,0,0,0,0,0,0,0,0,0,0,0,0,2,2,3,0,0,0,0,0,0,0,0,0,0,0,0,0,0,0,0,0,0,0,0,0,0,0,0,0,0,0,0,0,0,0,0,0,0,0,0,0,0,0,2,5,0,0,0,0,4,0,0,0,0,0,0,0,0,0,0,0,0,0,0,0,0,0,0,0,0,0,0,0,0,0,0,0,0,0,0,0,0,0,0,0,0,0,0,0,0,0,0,0,0,0,0,0,0,0,0,0,0,0,0,0,0,0,0,0,0,0,0,0,0,0,0,0,0,0,0,0,0,0,0,0,0,0,0,0,0,0,0,0,0,0,0,0,0,0,0,0,0,0,2,2,0,0,4,1,2,2,4,0,0,0,0,0,1,2,2,2,0,0,0,0,0,0,0,0,0,0,0,0,0,0,0,0,0,0,0,0,0,0,0,0,0,0,0,0,0,0,0,0,0,0,0,0,0,0,0,0,0,0,0,2,2,0,0,0,0,0,0,0,0,0,0,0,0,0,0,0,0,3,1,2,1,1,0,0,0,0,5,0,0,0,0,0,0,0,2,2,0,0,0,0,0,0,0,0,2,3,2,2,0,0,0,3,2,2,2,2,0,2,2,1,2,2,0,2,2,0,0,0,0,0,0,0,0,0,0,0,0,0,0,0,0,0,0,2,2,1,0,0,0,0,0,0,0,0,0,0,0,0,0,0,0,0,2,1,2,2,3,2,0,0,0,0,0,0,0,5,2,0,0,0,0,0,0,0,0,0,0,0,0,0,0,0,0,2,3,0,0,0,0,0,0,0,0,0,0,0,0,0,0,0,0,0,0,0,0,0,0,0,0,0,0,0,0,0,0,0,0,0,0,0,0,0,0,0,0,0,0,0,3,2,5,2,0,0,0,0,0,0,0,0,0,0,0,0,0,0,0,0,0,0,0,0,0,0,0,0,0,0,0,0,0,0,0,0,0,0,0,0,0,0,0,0,0,0,0,0,0,0,0,0,0,0,0,0,0,0,0,0,0,0,0,0,0,0,0,0,0,0,0,0,0,0,0,0,0,0,0,0,0,0,0,0,0,0,0,0,0,0,0,0,0,0,0,0,0,0,0,0,0,0,0,0,0,0,0,0,0,0,0,0,0,0,0,0,0,0,0,0,0,0,0,0,0,0,0,0,0,0,0,0,0,0,0,0,0,0,0,0,0,0,0,5,3,2,2,2,2,2,2,4,2,1,4,1,2,2,2,1,4,1,1,5,2,2,2,2,5,2,3,3,2,5,2,2,3,5,0,0,0,0,0,0,0,0,0,0,0,0,0,0,0,0,0,0,0,0,0,0,0,2,5,2,5,3,2,0,0,0,0,0,0,0,0,5,0,0,0,2,3,2,2,2,2,0,0,0,0,0,2,2,2,2,2,0,0,0,1,2,3,1,2,2,2,0,0,0,0,0,2,3,2,2,3,2,2,4,2,0,0,0,0,0,0,0,0,3,2,1,5,4,2,0,0,0,0,3,0,0,0,0,0,0,0,0,0,0,0,0,0,0,0,0,0,2,0,0,2,0,0,0,0,0,0,0,0,0,0,0,0,0,0,0,0,0,0,0,0,0,0,0,0,0,0,0,0,0,0,0,0,0,0,0,0,0,0,0,0,0,0,0,0,0,0,0,0,0,0,0,0,0,0,0,0,0,0,0,0,0,0,0,0,0,0,0,0,0,0,0,0,0,0,0,0,0,2,2,0,2,0,0,0,0,0,2,2,2,0,2,3,2,3,3,1,1,3,1,2,2,0,0,0,0,0,0,0,2,2,2,2,3,1,5,2,2,5,0,4,2,0,0,0,0,2,3,5,2,0,0,0,0,0,0,0,0,0,0,0,0,0,0,0,0,0,0,0,0,0,0,0,0,0,0,0,0,0,0,0,0,0,0,0,0,0,0,0,0,0,0,0,0,0,0,0,0,0,0,0,0,0,0,0,0,0,0,0,0,0,0,0,0,0,0,0,0,0,0,0,0,0,0,0,0,0,0,0,0,0,0,0,0,0,0,0,0,0,0,0,0,0,0,0,0,2,1,1,3,2,3,2,2,5,1,5,5,2,1,4,3,0,0,0,0,0,0,0,0,0,0,0,0,0,0,0,0,0,0,0,0,0,0,0,0,0,0,0,0,0,0,0,0,0,0,0,0,0,0,0,0,0,0,0,0,0,0,0,0,0,0,0,0,0,0,0,0,0,0,0,0,0,0,0,0,0,0,0,0,0,0,0,0,0,0,0,0,0,0,0,0,0,0,0,0,0,0,0,0,0,0,0,0,0,0,0,0,0,0,0,0,0,0,0,0,0,0,0,0,0,0,0,0,0,0,0,0,0,0,0,0,0,0,0,0,0,0,0,0,0,0,0,0,0,0,0,0,0,0,0,0,0,0,0,0,0,0,0,0,0,0,0,0,0,0,0,0,0,0,0,0,0,0,0,0,0,0,0,0,0,0,0,0,0,0,0,0,0,0,0,0,0,0,0,0,0,0,0,0,0,0,0,0,0,0,0,0,0,0,0,0,0,0,0,0,0,0,0,0,0,0,0,0,0,0,0,0,0,0,0,0,0,0,0,0,0,0,0,0,0,0,0,0,0,0,0,0,0,0,0,0,0,0,0,0,0,0,0,0,0,0,0,0,0,0,0,0,0,0,0,0,0,0,0,0,0,0,0,0,0,0,0,0,0,0,0,0,0,0,0,0,0,0,0,0,3,2,3,5,5,3,3,3,3,3,2,2,2,3,5,5,3,0,0,0,0,0,0,0,0,0,0,0,0,0,0,0,0,0,0,0,0,0,0,0,0,0,0,0,0,0,0,0,0,0,0,0,0,0,0,0,0,0,0,0,0,0,0,0,0,0,0,0,0,0,0,0,0,0,0,0,0,0,0,0,0,0,0,0,0,0,0,0,0,0,0,0,0,0,0,0,0,0,0,0,0,0,0,0,0,0,0,0,0,0,0,0,0,0,0,0,0,0,0,0,0,0,0,0,0,0,0,0,0,0,0,0,0,0,0,0,0,0,0,0,0,0,0,0,0,0,3,3,3,5,3,1,3,3,1,3,3,2,0,0,0,0,0,0,0,0,0,0,0,0,0,0,0,0,0,0,0,0,0,0,0,0,0,0,0,0,0,0,0,0,0,0,0,0,0,0,0,0,0,0,0,0,0,0,0,0,0,0,0,0,0,0,0,0,0.3504413664340973,-6.437425136566162,-4.984208106994629,6.660125732421875,4.974176406860352,-17.661149978637695,-27.657066345214844,-6.656030178070068,25.3179874420166,-4.182342529296875,3.137601613998413,21.55918884277344,-1.2298494577407837,12.805205345153809,-30.741119384765625,-0.3183817565441131,22.752094268798828,-27.933595657348636,-26.676240921020508,33.85655212402344,6.9569091796875,16.772537231445312,54.11320495605469,14.706619262695312,-17.64225196838379,6.684184551239014,-15.202945709228516,-36.77922439575195,2.3570337295532227,-12.8745756149292,18.686458587646484,-10.09970474243164,-14.28073501586914,0.0696688443422317,-2.7161922454833984,8.654264450073242,2.8464009761810303,-2.68867301940918,20.28013801574707,20.453569412231445,3.9615848064422607,1.975213885307312,-4.23004961013794,-10.522846221923828,-24.384191513061523,17.864456176757812,11.430408477783203,37.81703567504883,-9.681235313415527,1.9024674892425537,9.967947959899902,-25.493457794189453,-0.8607842922210693,-19.442413330078125,-31.495868682861328,-22.408504486083984,-13.757177352905272,11.64367389678955,4.906754970550537,7.544435024261475,0.8034312725067139,-15.90712547302246,-16.534162521362305,11.62623405456543,-41.32079315185547,3.048619508743286,19.14993667602539,8.920380592346191,-16.534494400024414,-1.8815184831619265,-7.278802871704102,11.85582447052002,13.58192253112793,-30.0474796295166,-1.369051456451416,5.868476867675781,-27.0351619720459,1.4370852708816528,7.941583156585693,1.0349801778793335,19.23752784729004,0.2609046101570129,-8.80166244506836,-36.3848762512207,18.09930419921875,-10.39057159423828,-11.21991729736328,2.480355978012085,7.115622043609619,-1.5201627016067505,8.487449645996094,13.266514778137209,15.064615249633787,6.763580799102783,5.812802314758301,-2.634484052658081,21.070756912231445,9.122817993164062,18.67377281188965,-6.171647548675537,-8.261988639831543,-18.684833526611328,-23.47388458251953,-13.246587753295898,11.730112075805664,-28.78172874450684,-16.33126449584961,12.08028507232666,8.236413955688477,-18.16716957092285,-18.98527717590332,15.325429916381836,10.997962951660156,-13.852063179016112,-2.685662746429444,-8.2484712600708,18.741586685180664,21.447193145751957,-2.7095773220062256,7.439759254455566,-14.00784683227539,14.526779174804688,-0.5788171291351318,31.04361724853516,0.2704021334648132,-33.22648620605469,-27.5559024810791,4.416650295257568,-14.187381744384766,1.0164542198181152,2.1295032501220703,-5.109483242034912,12.041627883911133,40.48368453979492,5.928306579589844,30.203691482543945,-1.635474443435669,-7.880592346191406,18.926212310791016,-12.889636993408203,24.77699279785156,-0.6145617365837097,-9.257905006408691,-4.335226535797119,15.015629768371582,5.022704124450684,5.841843605041504,6.9251790046691895,13.914061546325684,33.2388801574707,-3.901176452636719,15.87538719177246,15.231203079223633,-22.604345321655277,-5.344611644744873,0.3326404094696045,-16.834604263305664,-5.229510307312012,0.5922120809555054,-18.512596130371094,6.285160541534424,13.77066707611084,-10.500301361083984,6.692375659942627,16.394874572753906,-23.952442169189453,11.68224811553955,-7.677741050720215,2.76534104347229,17.67447280883789,-14.403703689575195,-20.92279052734375,34.1945915222168,-4.504028797149658,11.64523220062256,-1.7810354232788086,12.641690254211426,-3.791741609573364,-12.644128799438477,19.63886070251465,-13.70793342590332,22.557043075561523,-0.5803499221801758,29.014545440673828,9.746047019958496,-11.045049667358398,3.665127515792847,3.9004523754119873,-6.09959888458252,-18.01182746887207,2.635239601135254,-7.69591474533081,-17.29914093017578,3.9792327880859375,11.259034156799316,8.036907196044922,-0.4271505773067474,-24.7062931060791,-8.217046737670898,-10.96688175201416,0.1143887042999267,-6.03604793548584,10.05455493927002,-7.224974155426025,-3.5369014739990234,-3.513509511947632,30.696239471435547,27.058565139770508,25.80118179321289,-14.76024055480957,30.49136734008789,0.2128117382526397,33.2384033203125,-12.571004867553713,14.081986427307127,-0.6236811876296997,14.145665168762209,9.684714317321776,-9.820899963378906,13.654288291931152,12.270682334899902,-19.467687606811523,-8.619507789611816,0.0944805145263671,7.405573844909668,-12.880156517028809,-3.4312567710876465,0.5121612548828125,14.11403751373291,-26.54617500305176,6.011430740356445,-5.408468246459961,-21.00470733642578,-22.922935485839844,5.097309112548828,-24.563207626342773,-6.509660720825195,-8.247855186462402,-8.519752502441406,28.541587829589844,16.391599655151367,-26.11849594116211,17.769908905029297,-7.0555853843688965,-2.9606454372406006,21.982257843017575,-41.92132186889648,-13.498994827270508,1.8027983903884888,9.780945777893066,-44.65542602539063,9.847973823547363,10.044822692871094,-6.57306432723999,-21.99885368347168,17.17842674255371,4.345440864562988,-16.91978645324707,30.51450538635254,-25.176294326782227,-9.233250617980955,9.553655624389648,2.270834922790528,17.171274185180664,-5.501742839813232,-22.14332389831543,-9.96458339691162,3.089622735977173,6.537033557891846,-19.86940574645996,1.7553157806396484,10.801444053649902,-14.37712574005127,4.604057312011719,0.0353942364454269,-20.093305587768555,-9.439166069030762,-10.010019302368164,-10.171836853027344,19.22148704528809,-14.207741737365724,-17.624452590942383,-24.763954162597656,-13.699594497680664,-9.862760543823242,12.639361381530762,2.778343915939331,-3.064204216003418,-11.888035774230955,-9.160582542419434,8.192691802978516,29.76736640930176,11.313175201416016,10.625256538391112,-26.242753982543945,-18.372100830078125,-12.932735443115234,-22.326190948486328,-40.35224151611328,-2.6546356678009038,1.0,-0.3979400086720375
OXYR_HUMAN,CHEMBL514975,O=C(c1ccc(-c2ccccc2Cl)cc1)N(CC1CC1)CC1CCCO1,0,0,0,0,0,0,0,0,0,0,0,0,0,0,0,0,0,0,0,0,0,0,0,0,0,0,0,0,0,0,0,0,0,0,0,0,0,0,0,0,0,0,0,0,0,0,0,0,0,0,0,0,0,0,0,0,0,0,0,0,0,0,0,0,0,0,0,0,0,0,0,0,0,0,0,0,0,0,0,0,0,0,0,0,0,0,0,0,0,0,0,0,0,0,0,0,0,0,0,0,0,0,0,0,0,0,0,0,0,0,0,0,0,0,0,0,0,0,0,0,0,0,0,0,0,0,0,0,0,0,0,0,0,0,0,0,0,0,0,0,0,0,0,0,0,0,0,0,0,0,0,0,0,0,0,0,0,0,0,0,0,0,0,0,0,0,0,0,0,0,0,0,0,0,0,0,0,0,0,0,0,0,0,0,0,2,4,1,2,2,2,2,3,2,3,2,4,2,2,3,2,0,0,0,0,0,0,0,0,0,0,0,0,0,0,0,0,3,2,2,1,0,0,0,0,0,0,0,0,0,0,0,0,0,0,0,0,0,1,1,2,4,1,3,0,0,0,0,0,0,0,0,0,0,0,5,3,0,0,0,0,0,0,0,0,0,0,0,0,0,0,0,0,0,0,0,0,0,0,0,0,0,0,0,0,0,0,0,0,0,0,0,0,0,0,0,0,0,0,0,0,0,0,0,0,0,0,0,0,0,0,0,0,0,0,0,0,0,0,0,0,0,0,0,0,0,0,0,0,0,0,0,0,0,0,0,0,0,0,0,0,0,0,0,0,0,0,0,0,0,0,0,0,0,0,0,0,0,0,0,0,0,0,0,0,0,0,0,0,0,0,0,0,0,0,0,0,0,0,0,0,0,0,0,0,0,0,0,0,0,0,0,0,0,0,0,0,0,0,0,0,0,0,0,0,0,0,0,0,0,0,0,0,0,0,0,0,0,0,0,0,0,0,0,0,0,0,0,0,0,0,0,0,2,1,1,1,5,5,3,0,0,0,0,0,0,0,0,0,0,0,0,0,0,0,0,0,0,0,0,0,0,0,0,0,0,0,0,0,0,0,0,0,0,0,0,0,0,0,0,0,0,0,0,0,0,0,0,0,0,0,0,0,0,0,0,0,0,0,0,0,0,0,0,0,0,0,0,0,0,0,0,0,0,0,0,0,0,0,0,0,0,0,0,0,0,0,0,0,0,0,0,0,0,0,0,0,0,0,0,0,0,0,0,0,0,0,0,0,0,0,0,0,0,0,0,0,0,0,0,0,0,0,0,0,0,0,0,0,0,0,0,0,0,0,0,0,0,0,0,0,0,0,0,0,0,0,0,0,4,2,2,2,5,2,4,2,0,0,0,0,0,0,0,0,0,0,0,0,0,0,0,0,0,2,2,2,1,2,0,2,2,0,0,0,0,0,0,0,0,0,0,0,2,2,2,2,3,1,3,2,1,0,0,0,0,0,0,2,2,2,2,2,0,0,5,0,0,0,0,3,3,0,0,0,0,0,0,0,0,0,0,0,5,3,5,5,0,0,0,0,0,3,0,0,0,0,0,0,0,5,2,2,2,2,2,5,0,0,0,0,0,0,0,0,0,0,0,0,0,0,0,5,2,3,0,2,2,4,0,0,0,0,0,0,0,0,0,0,0,0,0,0,0,0,0,0,0,0,0,0,0,0,0,0,0,0,0,0,0,0,2,2,2,2,2,2,3,2,2,0,0,0,0,0,0,0,0,0,0,0,0,0,0,0,0,0,0,0,0,0,0,0,0,1,3,2,2,0,0,0,0,0,0,0,0,0,0,0,0,0,0,0,0,0,0,0,0,0,0,0,0,0,0,0,0,0,2,4,2,3,2,5,2,2,1,0,1,4,2,0,0,0,0,0,2,1,0,0,0,0,0,0,0,0,0,0,0,0,0,0,0,0,0,0,0,0,0,0,0,0,0,0,0,0,0,0,0,0,0,0,0,0,0,0,0,0,0,0,0,0,0,0,0,5,0,2,2,5,0,2,2,3,2,2,1,2,2,2,0,0,0,3,3,2,2,0,0,0,0,0,0,0,0,0,0,0,0,2,2,0,0,0,0,0,0,0,0,0,0,0,0,0,0,0,0,0,0,0,0,0,0,0,0,0,0,0,0,0,0,0,2,2,3,2,4,5,0,0,0,0,0,0,0,0,0,0,0,0,0,0,0,0,0,0,0,0,0,0,0,0,0,0,0,0,0,0,0,0,0,0,1,0,0,0,0,0,0,0,0,0,0,0,0,0,0,0,0,0,0,0,0,0,0,0,0,0,0,2,2,0,0,0,0,0,0,2,0,1,3,1,2,0,0,0,0,0,0,0,0,0,0,0,0,0,0,0,0,0,0,0,0,0,0,0,0,0,0,0,0,5,3,0,0,0,0,2,5,5,0,0,5,3,0,0,0,0,0,0,0,0,0,0,0,0,0,0,0,4,5,0,0,0,0,2,2,2,0,0,0,0,2,2,3,2,2,0,0,0,1,1,2,2,2,3,0,0,2,1,3,2,5,0,0,0,0,0,0,0,0,0,0,0,0,2,2,3,0,0,0,0,0,0,0,0,0,0,0,0,0,0,0,0,0,0,0,0,0,0,0,0,0,0,0,0,0,0,0,0,0,0,0,0,0,0,0,2,5,0,0,0,0,4,0,0,0,0,0,0,0,0,0,0,0,0,0,0,0,0,0,0,0,0,0,0,0,0,0,0,0,0,0,0,0,0,0,0,0,0,0,0,0,0,0,0,0,0,0,0,0,0,0,0,0,0,0,0,0,0,0,0,0,0,0,0,0,0,0,0,0,0,0,0,0,0,0,0,0,0,0,0,0,0,0,0,0,0,0,0,0,0,0,0,0,0,0,2,2,0,0,4,1,2,2,4,0,0,0,0,0,1,2,2,2,0,0,0,0,0,0,0,0,0,0,0,0,0,0,0,0,0,0,0,0,0,0,0,0,0,0,0,0,0,0,0,0,0,0,0,0,0,0,0,0,0,0,0,2,2,0,0,0,0,0,0,0,0,0,0,0,0,0,0,0,0,3,1,2,1,1,0,0,0,0,5,0,0,0,0,0,0,0,2,2,0,0,0,0,0,0,0,0,2,3,2,2,0,0,0,3,2,2,2,2,0,2,2,1,2,2,0,2,2,0,0,0,0,0,0,0,0,0,0,0,0,0,0,0,0,0,0,2,2,1,0,0,0,0,0,0,0,0,0,0,0,0,0,0,0,0,2,1,2,2,3,2,0,0,0,0,0,0,0,5,2,0,0,0,0,0,0,0,0,0,0,0,0,0,0,0,0,2,3,0,0,0,0,0,0,0,0,0,0,0,0,0,0,0,0,0,0,0,0,0,0,0,0,0,0,0,0,0,0,0,0,0,0,0,0,0,0,0,0,0,0,0,3,2,5,2,0,0,0,0,0,0,0,0,0,0,0,0,0,0,0,0,0,0,0,0,0,0,0,0,0,0,0,0,0,0,0,0,0,0,0,0,0,0,0,0,0,0,0,0,0,0,0,0,0,0,0,0,0,0,0,0,0,0,0,0,0,0,0,0,0,0,0,0,0,0,0,0,0,0,0,0,0,0,0,0,0,0,0,0,0,0,0,0,0,0,0,0,0,0,0,0,0,0,0,0,0,0,0,0,0,0,0,0,0,0,0,0,0,0,0,0,0,0,0,0,0,0,0,0,0,0,0,0,0,0,0,0,0,0,0,0,0,0,0,5,3,2,2,2,2,2,2,4,2,1,4,1,2,2,2,1,4,1,1,5,2,2,2,2,5,2,3,3,2,5,2,2,3,5,0,0,0,0,0,0,0,0,0,0,0,0,0,0,0,0,0,0,0,0,0,0,0,2,5,2,5,3,2,0,0,0,0,0,0,0,0,5,0,0,0,2,3,2,2,2,2,0,0,0,0,0,2,2,2,2,2,0,0,0,1,2,3,1,2,2,2,0,0,0,0,0,2,3,2,2,3,2,2,4,2,0,0,0,0,0,0,0,0,3,2,1,5,4,2,0,0,0,0,3,0,0,0,0,0,0,0,0,0,0,0,0,0,0,0,0,0,2,0,0,2,0,0,0,0,0,0,0,0,0,0,0,0,0,0,0,0,0,0,0,0,0,0,0,0,0,0,0,0,0,0,0,0,0,0,0,0,0,0,0,0,0,0,0,0,0,0,0,0,0,0,0,0,0,0,0,0,0,0,0,0,0,0,0,0,0,0,0,0,0,0,0,0,0,0,0,0,0,2,2,0,2,0,0,0,0,0,2,2,2,0,2,3,2,3,3,1,1,3,1,2,2,0,0,0,0,0,0,0,2,2,2,2,3,1,5,2,2,5,0,4,2,0,0,0,0,2,3,5,2,0,0,0,0,0,0,0,0,0,0,0,0,0,0,0,0,0,0,0,0,0,0,0,0,0,0,0,0,0,0,0,0,0,0,0,0,0,0,0,0,0,0,0,0,0,0,0,0,0,0,0,0,0,0,0,0,0,0,0,0,0,0,0,0,0,0,0,0,0,0,0,0,0,0,0,0,0,0,0,0,0,0,0,0,0,0,0,0,0,0,0,0,0,0,0,0,2,1,1,3,2,3,2,2,5,1,5,5,2,1,4,3,0,0,0,0,0,0,0,0,0,0,0,0,0,0,0,0,0,0,0,0,0,0,0,0,0,0,0,0,0,0,0,0,0,0,0,0,0,0,0,0,0,0,0,0,0,0,0,0,0,0,0,0,0,0,0,0,0,0,0,0,0,0,0,0,0,0,0,0,0,0,0,0,0,0,0,0,0,0,0,0,0,0,0,0,0,0,0,0,0,0,0,0,0,0,0,0,0,0,0,0,0,0,0,0,0,0,0,0,0,0,0,0,0,0,0,0,0,0,0,0,0,0,0,0,0,0,0,0,0,0,0,0,0,0,0,0,0,0,0,0,0,0,0,0,0,0,0,0,0,0,0,0,0,0,0,0,0,0,0,0,0,0,0,0,0,0,0,0,0,0,0,0,0,0,0,0,0,0,0,0,0,0,0,0,0,0,0,0,0,0,0,0,0,0,0,0,0,0,0,0,0,0,0,0,0,0,0,0,0,0,0,0,0,0,0,0,0,0,0,0,0,0,0,0,0,0,0,0,0,0,0,0,0,0,0,0,0,0,0,0,0,0,0,0,0,0,0,0,0,0,0,0,0,0,0,0,0,0,0,0,0,0,0,0,0,0,0,0,0,0,0,0,0,0,0,0,0,0,0,0,0,0,0,0,3,2,3,5,5,3,3,3,3,3,2,2,2,3,5,5,3,0,0,0,0,0,0,0,0,0,0,0,0,0,0,0,0,0,0,0,0,0,0,0,0,0,0,0,0,0,0,0,0,0,0,0,0,0,0,0,0,0,0,0,0,0,0,0,0,0,0,0,0,0,0,0,0,0,0,0,0,0,0,0,0,0,0,0,0,0,0,0,0,0,0,0,0,0,0,0,0,0,0,0,0,0,0,0,0,0,0,0,0,0,0,0,0,0,0,0,0,0,0,0,0,0,0,0,0,0,0,0,0,0,0,0,0,0,0,0,0,0,0,0,0,0,0,0,0,0,3,3,3,5,3,1,3,3,1,3,3,2,0,0,0,0,0,0,0,0,0,0,0,0,0,0,0,0,0,0,0,0,0,0,0,0,0,0,0,0,0,0,0,0,0,0,0,0,0,0,0,0,0,0,0,0,0,0,0,0,0,0,0,0,0,0,0,0,1.714980959892273,-3.50707745552063,-3.4570486545562744,5.141942977905273,-1.8719024658203125,0.5752904415130615,-9.839754104614258,0.6225234270095825,6.376595973968506,3.6698520183563232,-1.1395623683929443,-1.0962508916854858,-8.65346622467041,1.996099710464477,-6.9705681800842285,-2.9259939193725586,4.763069152832031,-4.258178234100342,-7.466401100158691,6.1014909744262695,0.6452140212059021,7.316831588745117,15.28443431854248,7.671611309051514,-5.059316158294678,-0.9205862283706664,-0.7600004076957703,-9.694942474365234,0.7137708067893982,-0.8876938223838806,10.203771591186523,-6.216802597045898,-5.471567153930664,-5.179417610168457,2.985342502593994,0.6932485103607178,-0.810663640499115,-0.897271990776062,10.113268852233888,4.814615249633789,-4.237929344177246,-1.12908673286438,-4.34405517578125,-2.135760307312012,-9.831015586853027,4.848395347595215,0.4420523345470428,5.183738231658936,-6.793193340301514,5.3871026039123535,4.983199119567871,-6.580039978027344,-0.7461658716201782,-8.67177963256836,-6.182922840118408,-5.256149291992188,-4.965853691101074,1.2113522291183472,5.240497589111328,6.99873685836792,0.279773473739624,-6.172872066497803,-3.788733720779419,2.223785877227783,-14.885896682739258,-2.9082014560699463,8.2067232131958,-0.3641428351402282,-3.002403259277344,0.2323435544967651,-6.690365791320801,2.7334237098693848,8.066169738769531,-7.924712657928467,-2.2141129970550537,5.92730712890625,-7.287395477294922,3.121926069259644,-1.3285645246505735,6.064574241638184,5.103655815124512,-0.4295089542865753,-3.298034429550171,-12.882288932800291,1.7398664951324463,-2.8861472606658936,-6.396505832672119,7.568145275115967,4.278003215789795,-4.652499675750732,3.332590103149414,3.752494335174561,1.9091918468475344,6.3518805503845215,4.792447090148926,-2.6606285572052,2.085686445236206,6.216702938079834,4.762984275817871,1.712716817855835,-2.8881726264953613,-7.824275016784668,-5.444855213165283,-11.121501922607422,5.994811058044434,-6.462815761566162,-0.8575944900512695,4.688196659088135,-1.3006877899169922,-7.136155605316162,-13.46247386932373,6.515757083892822,2.245434045791626,-0.0404396504163742,-0.5273816585540771,-4.9675822257995605,5.372604370117188,9.197259902954102,-4.738827705383301,5.410996913909912,-8.025568962097168,-0.1820017099380493,-2.825761556625366,6.21871280670166,2.960073471069336,-7.667612075805664,-10.101438522338867,-3.301558017730713,-4.8385820388793945,-0.9073978662490844,-2.1003010272979736,3.800012588500977,11.068829536437988,8.40845012664795,-1.0860257148742676,13.939294815063477,10.71805477142334,-0.8689671754837036,6.668840408325195,-3.928789138793945,3.8056135177612314,-2.659478187561035,-1.6618454456329346,-0.6706234216690063,7.002650737762451,5.412369728088379,0.8244065046310425,3.196024179458618,-0.9135662317276,6.948462963104248,2.6058030128479004,4.33966588973999,8.892522811889648,-3.018849849700928,-2.3454298973083496,0.8128167390823364,-4.323736667633057,-4.792999744415283,-1.152084469795227,-4.379861354827881,-3.220867872238159,-1.3216711282730105,-7.346979141235352,0.9538913369178772,-2.427088975906372,-6.184454917907715,0.8767625093460083,-3.087033748626709,0.1813084036111831,5.584480285644531,-5.580925941467285,-4.662750244140625,14.503718376159668,-5.32982063293457,3.065431594848633,-0.4332415163516998,7.415584564208984,-3.279517650604248,-4.6639485359191895,14.763843536376951,-0.3906716406345367,8.992091178894043,-2.3888866901397705,7.151033878326416,10.573490142822266,-1.0281342267990112,-4.528398513793945,-2.268136739730835,-6.885722637176514,-4.321301460266113,-0.0313319191336631,-1.080991506576538,-1.1012778282165527,0.8186137676239014,0.6790426969528198,-2.3245344161987305,-2.051024436950684,-12.556126594543455,-3.1663577556610107,4.216041564941406,4.598249912261963,1.7854251861572266,5.33615779876709,3.11765456199646,1.9543222188949585,-2.0275566577911377,11.731487274169922,6.500280857086182,9.19977855682373,-1.7376890182495115,10.968266487121582,-3.4246666431427,5.17699670791626,-7.114241600036621,1.1451947689056396,-1.936362385749817,1.9860860109329224,4.87045431137085,-4.888058662414551,6.627542972564697,0.7222240567207336,-7.713545799255371,-2.033905506134033,1.149258732795715,3.603425979614258,-5.929090023040772,-1.5100091695785522,-1.946885108947754,3.041201114654541,-7.397314548492432,3.996906757354736,1.9460582733154297,-3.212973356246948,-11.6018705368042,-2.4975106716156006,-2.921364545822144,-3.855015516281128,0.835112988948822,-2.0838310718536377,7.247657775878906,6.878546714782715,-1.6322920322418213,4.869600296020508,1.132895827293396,-5.917182922363281,5.523388385772705,-10.591465950012209,-7.503934383392334,3.06486439704895,-2.076270580291748,-15.564135551452637,3.376328468322754,1.999097228050232,-1.143393874168396,-12.854126930236816,0.8941231966018677,1.5186101198196411,-5.115501880645752,8.294346809387207,-6.631706237792969,1.9709745645523071,6.957797050476074,3.689817428588867,9.050708770751951,5.329414367675781,-7.021134853363037,-8.81424617767334,6.422931671142578,1.5579944849014282,-6.272965908050537,-2.0566306114196777,2.9890851974487305,-2.2171337604522705,0.5983130931854248,-0.8546802997589111,-3.13277006149292,-2.3235809803009038,1.342670202255249,-0.8363112807273865,0.3513723015785217,-4.960902690887451,-6.224806785583496,-10.357259750366213,-7.808202743530273,-0.0031015053391456,3.8831167221069336,-2.0783636569976807,-4.130175590515137,-5.950040340423584,-0.294109582901001,-1.2183247804641724,14.109848022460938,8.698440551757812,-0.3416924774646759,-9.303362846374512,-6.235674858093262,-8.09663200378418,-4.420751571655273,-10.095592498779297,-1.161302089691162,-1.0,0.5051499783199059
OXYR_HUMAN,CHEMBL3353943,CCC(C)C1NC(=O)C(Cc2ccc(O)cc2)NC(=O)CCSSCC(C(=O)N(CCCO)CC(=O)NC(CC(C)C)C(=O)NCC(N)=O)NC(=O)C(CC(N)=O)NC(=O)C(CCC(N)=O)NC1=O,0,0,0,0,0,0,0,0,0,0,0,0,0,0,0,0,0,0,0,0,0,0,0,0,0,0,0,0,0,0,0,0,0,0,0,0,0,0,0,0,0,0,0,0,0,0,0,0,0,0,0,0,0,0,0,0,0,0,0,0,0,0,0,0,0,0,0,0,0,0,0,0,0,0,0,0,0,0,0,0,0,0,0,0,0,0,0,0,0,0,0,0,0,0,0,0,0,0,0,0,0,0,0,0,0,0,0,0,0,0,0,0,0,0,0,0,0,0,0,0,0,0,0,0,0,0,0,0,0,0,0,0,0,0,0,0,0,0,0,0,0,0,0,0,0,0,0,0,0,0,0,0,0,0,0,0,0,0,0,0,0,0,0,0,0,0,0,0,0,0,0,0,0,0,0,0,0,0,0,0,0,0,0,0,0,2,4,1,2,2,2,2,3,2,3,2,4,2,2,3,2,0,0,0,0,0,0,0,0,0,0,0,0,0,0,0,0,3,2,2,1,0,0,0,0,0,0,0,0,0,0,0,0,0,0,0,0,0,1,1,2,4,1,3,0,0,0,0,0,0,0,0,0,0,0,5,3,0,0,0,0,0,0,0,0,0,0,0,0,0,0,0,0,0,0,0,0,0,0,0,0,0,0,0,0,0,0,0,0,0,0,0,0,0,0,0,0,0,0,0,0,0,0,0,0,0,0,0,0,0,0,0,0,0,0,0,0,0,0,0,0,0,0,0,0,0,0,0,0,0,0,0,0,0,0,0,0,0,0,0,0,0,0,0,0,0,0,0,0,0,0,0,0,0,0,0,0,0,0,0,0,0,0,0,0,0,0,0,0,0,0,0,0,0,0,0,0,0,0,0,0,0,0,0,0,0,0,0,0,0,0,0,0,0,0,0,0,0,0,0,0,0,0,0,0,0,0,0,0,0,0,0,0,0,0,0,0,0,0,0,0,0,0,0,0,0,0,0,0,0,0,0,0,2,1,1,1,5,5,3,0,0,0,0,0,0,0,0,0,0,0,0,0,0,0,0,0,0,0,0,0,0,0,0,0,0,0,0,0,0,0,0,0,0,0,0,0,0,0,0,0,0,0,0,0,0,0,0,0,0,0,0,0,0,0,0,0,0,0,0,0,0,0,0,0,0,0,0,0,0,0,0,0,0,0,0,0,0,0,0,0,0,0,0,0,0,0,0,0,0,0,0,0,0,0,0,0,0,0,0,0,0,0,0,0,0,0,0,0,0,0,0,0,0,0,0,0,0,0,0,0,0,0,0,0,0,0,0,0,0,0,0,0,0,0,0,0,0,0,0,0,0,0,0,0,0,0,0,0,4,2,2,2,5,2,4,2,0,0,0,0,0,0,0,0,0,0,0,0,0,0,0,0,0,2,2,2,1,2,0,2,2,0,0,0,0,0,0,0,0,0,0,0,2,2,2,2,3,1,3,2,1,0,0,0,0,0,0,2,2,2,2,2,0,0,5,0,0,0,0,3,3,0,0,0,0,0,0,0,0,0,0,0,5,3,5,5,0,0,0,0,0,3,0,0,0,0,0,0,0,5,2,2,2,2,2,5,0,0,0,0,0,0,0,0,0,0,0,0,0,0,0,5,2,3,0,2,2,4,0,0,0,0,0,0,0,0,0,0,0,0,0,0,0,0,0,0,0,0,0,0,0,0,0,0,0,0,0,0,0,0,2,2,2,2,2,2,3,2,2,0,0,0,0,0,0,0,0,0,0,0,0,0,0,0,0,0,0,0,0,0,0,0,0,1,3,2,2,0,0,0,0,0,0,0,0,0,0,0,0,0,0,0,0,0,0,0,0,0,0,0,0,0,0,0,0,0,2,4,2,3,2,5,2,2,1,0,1,4,2,0,0,0,0,0,2,1,0,0,0,0,0,0,0,0,0,0,0,0,0,0,0,0,0,0,0,0,0,0,0,0,0,0,0,0,0,0,0,0,0,0,0,0,0,0,0,0,0,0,0,0,0,0,0,5,0,2,2,5,0,2,2,3,2,2,1,2,2,2,0,0,0,3,3,2,2,0,0,0,0,0,0,0,0,0,0,0,0,2,2,0,0,0,0,0,0,0,0,0,0,0,0,0,0,0,0,0,0,0,0,0,0,0,0,0,0,0,0,0,0,0,2,2,3,2,4,5,0,0,0,0,0,0,0,0,0,0,0,0,0,0,0,0,0,0,0,0,0,0,0,0,0,0,0,0,0,0,0,0,0,0,1,0,0,0,0,0,0,0,0,0,0,0,0,0,0,0,0,0,0,0,0,0,0,0,0,0,0,2,2,0,0,0,0,0,0,2,0,1,3,1,2,0,0,0,0,0,0,0,0,0,0,0,0,0,0,0,0,0,0,0,0,0,0,0,0,0,0,0,0,5,3,0,0,0,0,2,5,5,0,0,5,3,0,0,0,0,0,0,0,0,0,0,0,0,0,0,0,4,5,0,0,0,0,2,2,2,0,0,0,0,2,2,3,2,2,0,0,0,1,1,2,2,2,3,0,0,2,1,3,2,5,0,0,0,0,0,0,0,0,0,0,0,0,2,2,3,0,0,0,0,0,0,0,0,0,0,0,0,0,0,0,0,0,0,0,0,0,0,0,0,0,0,0,0,0,0,0,0,0,0,0,0,0,0,0,2,5,0,0,0,0,4,0,0,0,0,0,0,0,0,0,0,0,0,0,0,0,0,0,0,0,0,0,0,0,0,0,0,0,0,0,0,0,0,0,0,0,0,0,0,0,0,0,0,0,0,0,0,0,0,0,0,0,0,0,0,0,0,0,0,0,0,0,0,0,0,0,0,0,0,0,0,0,0,0,0,0,0,0,0,0,0,0,0,0,0,0,0,0,0,0,0,0,0,0,2,2,0,0,4,1,2,2,4,0,0,0,0,0,1,2,2,2,0,0,0,0,0,0,0,0,0,0,0,0,0,0,0,0,0,0,0,0,0,0,0,0,0,0,0,0,0,0,0,0,0,0,0,0,0,0,0,0,0,0,0,2,2,0,0,0,0,0,0,0,0,0,0,0,0,0,0,0,0,3,1,2,1,1,0,0,0,0,5,0,0,0,0,0,0,0,2,2,0,0,0,0,0,0,0,0,2,3,2,2,0,0,0,3,2,2,2,2,0,2,2,1,2,2,0,2,2,0,0,0,0,0,0,0,0,0,0,0,0,0,0,0,0,0,0,2,2,1,0,0,0,0,0,0,0,0,0,0,0,0,0,0,0,0,2,1,2,2,3,2,0,0,0,0,0,0,0,5,2,0,0,0,0,0,0,0,0,0,0,0,0,0,0,0,0,2,3,0,0,0,0,0,0,0,0,0,0,0,0,0,0,0,0,0,0,0,0,0,0,0,0,0,0,0,0,0,0,0,0,0,0,0,0,0,0,0,0,0,0,0,3,2,5,2,0,0,0,0,0,0,0,0,0,0,0,0,0,0,0,0,0,0,0,0,0,0,0,0,0,0,0,0,0,0,0,0,0,0,0,0,0,0,0,0,0,0,0,0,0,0,0,0,0,0,0,0,0,0,0,0,0,0,0,0,0,0,0,0,0,0,0,0,0,0,0,0,0,0,0,0,0,0,0,0,0,0,0,0,0,0,0,0,0,0,0,0,0,0,0,0,0,0,0,0,0,0,0,0,0,0,0,0,0,0,0,0,0,0,0,0,0,0,0,0,0,0,0,0,0,0,0,0,0,0,0,0,0,0,0,0,0,0,0,5,3,2,2,2,2,2,2,4,2,1,4,1,2,2,2,1,4,1,1,5,2,2,2,2,5,2,3,3,2,5,2,2,3,5,0,0,0,0,0,0,0,0,0,0,0,0,0,0,0,0,0,0,0,0,0,0,0,2,5,2,5,3,2,0,0,0,0,0,0,0,0,5,0,0,0,2,3,2,2,2,2,0,0,0,0,0,2,2,2,2,2,0,0,0,1,2,3,1,2,2,2,0,0,0,0,0,2,3,2,2,3,2,2,4,2,0,0,0,0,0,0,0,0,3,2,1,5,4,2,0,0,0,0,3,0,0,0,0,0,0,0,0,0,0,0,0,0,0,0,0,0,2,0,0,2,0,0,0,0,0,0,0,0,0,0,0,0,0,0,0,0,0,0,0,0,0,0,0,0,0,0,0,0,0,0,0,0,0,0,0,0,0,0,0,0,0,0,0,0,0,0,0,0,0,0,0,0,0,0,0,0,0,0,0,0,0,0,0,0,0,0,0,0,0,0,0,0,0,0,0,0,0,2,2,0,2,0,0,0,0,0,2,2,2,0,2,3,2,3,3,1,1,3,1,2,2,0,0,0,0,0,0,0,2,2,2,2,3,1,5,2,2,5,0,4,2,0,0,0,0,2,3,5,2,0,0,0,0,0,0,0,0,0,0,0,0,0,0,0,0,0,0,0,0,0,0,0,0,0,0,0,0,0,0,0,0,0,0,0,0,0,0,0,0,0,0,0,0,0,0,0,0,0,0,0,0,0,0,0,0,0,0,0,0,0,0,0,0,0,0,0,0,0,0,0,0,0,0,0,0,0,0,0,0,0,0,0,0,0,0,0,0,0,0,0,0,0,0,0,0,2,1,1,3,2,3,2,2,5,1,5,5,2,1,4,3,0,0,0,0,0,0,0,0,0,0,0,0,0,0,0,0,0,0,0,0,0,0,0,0,0,0,0,0,0,0,0,0,0,0,0,0,0,0,0,0,0,0,0,0,0,0,0,0,0,0,0,0,0,0,0,0,0,0,0,0,0,0,0,0,0,0,0,0,0,0,0,0,0,0,0,0,0,0,0,0,0,0,0,0,0,0,0,0,0,0,0,0,0,0,0,0,0,0,0,0,0,0,0,0,0,0,0,0,0,0,0,0,0,0,0,0,0,0,0,0,0,0,0,0,0,0,0,0,0,0,0,0,0,0,0,0,0,0,0,0,0,0,0,0,0,0,0,0,0,0,0,0,0,0,0,0,0,0,0,0,0,0,0,0,0,0,0,0,0,0,0,0,0,0,0,0,0,0,0,0,0,0,0,0,0,0,0,0,0,0,0,0,0,0,0,0,0,0,0,0,0,0,0,0,0,0,0,0,0,0,0,0,0,0,0,0,0,0,0,0,0,0,0,0,0,0,0,0,0,0,0,0,0,0,0,0,0,0,0,0,0,0,0,0,0,0,0,0,0,0,0,0,0,0,0,0,0,0,0,0,0,0,0,0,0,0,0,0,0,0,0,0,0,0,0,0,0,0,0,0,0,0,0,0,3,2,3,5,5,3,3,3,3,3,2,2,2,3,5,5,3,0,0,0,0,0,0,0,0,0,0,0,0,0,0,0,0,0,0,0,0,0,0,0,0,0,0,0,0,0,0,0,0,0,0,0,0,0,0,0,0,0,0,0,0,0,0,0,0,0,0,0,0,0,0,0,0,0,0,0,0,0,0,0,0,0,0,0,0,0,0,0,0,0,0,0,0,0,0,0,0,0,0,0,0,0,0,0,0,0,0,0,0,0,0,0,0,0,0,0,0,0,0,0,0,0,0,0,0,0,0,0,0,0,0,0,0,0,0,0,0,0,0,0,0,0,0,0,0,0,3,3,3,5,3,1,3,3,1,3,3,2,0,0,0,0,0,0,0,0,0,0,0,0,0,0,0,0,0,0,0,0,0,0,0,0,0,0,0,0,0,0,0,0,0,0,0,0,0,0,0,0,0,0,0,0,0,0,0,0,0,0,0,0,0,0,0,0,0.9365013837814332,-4.560086727142334,-4.423313140869141,4.742700576782227,6.971334457397461,-16.2587833404541,-30.151098251342773,-5.852437496185303,24.269533157348636,-5.710212230682373,2.9097516536712646,23.284698486328125,1.2442132234573364,14.226503372192385,-33.43330001831055,1.9792912006378172,23.625661849975582,-30.548376083374023,-30.15117073059082,35.06585693359375,7.171356201171875,16.694692611694336,58.1787338256836,15.730151176452637,-17.00783348083496,6.421239376068115,-17.448848724365234,-35.730003356933594,1.7309514284133911,-12.685619354248049,19.819921493530277,-10.043200492858888,-15.61313533782959,-0.8583401441574097,-3.160806894302368,8.917192459106445,3.422306060791016,-0.993180513381958,19.373748779296875,19.928564071655277,4.092024326324463,1.1456694602966309,-5.8023858070373535,-10.922913551330566,-26.925539016723636,18.500093460083008,11.85352897644043,41.47378540039063,-8.647706985473633,-0.255564272403717,9.828115463256836,-27.45391082763672,0.3055495321750641,-21.033802032470703,-32.97020721435547,-22.479248046875,-13.712218284606934,14.52561855316162,3.528519868850708,9.336841583251951,1.4466122388839722,-16.08765983581543,-16.883100509643555,13.732383728027344,-40.81763458251953,4.698057174682617,19.040876388549805,11.54811191558838,-20.63105773925781,-4.07304573059082,-6.847184658050537,12.248127937316896,14.791534423828123,-32.90253829956055,-3.532862663269043,5.9865007400512695,-27.0380916595459,1.949521780014038,8.204092025756836,0.6565987467765808,18.56303024291992,2.1438019275665283,-10.831539154052734,-40.57049179077149,16.469175338745117,-11.130313873291016,-9.586735725402832,5.070813655853272,8.191485404968262,-2.663796186447144,8.018879890441895,13.81352996826172,15.803607940673828,8.466056823730469,3.499025344848633,-5.381697654724121,20.45659828186035,7.355951309204102,17.490419387817383,-9.918331146240234,-6.125454902648926,-20.724082946777344,-25.27239990234375,-10.705095291137695,9.977996826171877,-31.56578254699707,-16.63939094543457,11.7314453125,7.62669563293457,-20.29935073852539,-20.727739334106445,16.45965003967285,10.06619644165039,-13.234599113464355,-3.077943801879883,-9.660667419433594,17.20524787902832,22.9034366607666,-2.742809534072876,6.310497283935547,-14.597318649291992,16.0941162109375,-2.4804837703704834,33.03300094604492,0.5348978042602539,-34.83426284790039,-32.105281829833984,3.6797242164611816,-14.03440284729004,1.6965384483337402,-0.2766171097755432,-3.7778453826904297,13.827192306518556,41.641231536865234,8.19959545135498,29.953702926635746,-1.789846420288086,-6.967586040496826,16.533273696899414,-12.650492668151855,25.439743041992188,-0.3965333104133606,-7.77053165435791,-3.4644291400909424,13.852225303649902,3.268239498138428,7.662996292114258,4.295275688171387,14.970953941345217,34.93695831298828,-2.8881425857543945,17.199628829956055,15.33571434020996,-23.31669044494629,-5.171883583068848,1.4340826272964478,-18.048263549804688,-5.210464000701904,1.333877682685852,-19.28999900817871,8.004918098449707,14.776062965393066,-12.200602531433104,6.586055278778076,16.7210750579834,-26.12447738647461,11.16635036468506,-10.72694969177246,4.585235118865967,17.923202514648438,-13.98545742034912,-19.11736488342285,35.30864334106445,-7.916536331176758,12.711482048034668,-2.436180830001831,12.744296073913574,-4.472352504730225,-14.562689781188965,22.30537796020508,-13.704587936401367,24.976259231567383,0.7215995788574219,28.9459228515625,10.243560791015623,-12.1842041015625,2.078758478164673,5.32921028137207,-7.599311351776123,-17.627883911132812,3.995416641235352,-8.20576286315918,-16.592763900756836,5.583076477050781,14.405960083007812,6.586547374725342,0.3613029718399048,-26.73966217041016,-8.374494552612305,-10.661225318908691,-0.4389670491218567,-7.2281904220581055,9.51246738433838,-5.416319847106934,-6.821057319641113,-6.071456432342529,33.393150329589844,26.98788452148437,27.315603256225582,-16.20832633972168,32.115482330322266,-1.518518328666687,32.73051834106445,-13.862686157226562,13.222784042358398,-0.3232845962047577,16.570449829101562,10.299063682556152,-10.834827423095703,15.549481391906738,10.211790084838867,-21.47076988220215,-10.160353660583496,1.8258029222488403,7.249116897583008,-12.9697847366333,-3.237419366836548,-0.7031760215759277,14.087032318115234,-26.988985061645508,6.247516632080078,-4.426776885986328,-21.911890029907227,-21.706748962402344,5.309591770172119,-27.294979095458984,-5.244901180267334,-9.063020706176758,-6.426061630249023,28.590057373046875,17.530553817749023,-29.887794494628903,18.81075668334961,-7.056006908416748,-3.758363962173462,23.391963958740234,-42.48180770874024,-15.758578300476074,3.520735502243042,12.55372714996338,-46.867435455322266,10.129189491271973,10.084925651550291,-7.095909595489502,-25.26533317565918,18.038352966308597,3.588122844696045,-17.76340675354004,31.832763671875,-26.499780654907227,-10.397886276245115,9.18642807006836,1.648687720298767,16.447425842285156,-4.024117946624756,-24.701265335083008,-12.436680793762209,-0.0181057974696159,7.597002983093262,-18.814355850219727,1.6079652309417725,11.795422554016112,-12.945697784423828,5.697165966033936,-0.6871129870414734,-21.960176467895508,-10.499653816223145,-10.543209075927734,-11.38818359375,21.29478454589844,-14.001191139221191,-17.322860717773438,-24.64204406738281,-13.436864852905272,-12.27519702911377,11.853854179382324,1.1832903623580933,0.2184945046901703,-10.720309257507324,-10.13496208190918,7.137150287628174,29.428905487060547,13.648143768310549,11.906949043273926,-28.632524490356445,-19.368465423583984,-14.777570724487305,-24.088254928588867,-42.55416870117188,-3.507284879684448,1.0,-0.3979400086720375
OXYR_HUMAN,CHEMBL3814395,CCC(C)C1NC(=O)C(Cc2ccc(O)cc2)NC(=O)C(NC)CSSCC(C(=O)N2CCCC2C(=O)NC(CC(C)C)C(=O)NCC(N)=O)NC(=O)C(CC(N)=O)NC(=O)C(CCC(N)=O)NC1=O,0,0,0,0,0,0,0,0,0,0,0,0,0,0,0,0,0,0,0,0,0,0,0,0,0,0,0,0,0,0,0,0,0,0,0,0,0,0,0,0,0,0,0,0,0,0,0,0,0,0,0,0,0,0,0,0,0,0,0,0,0,0,0,0,0,0,0,0,0,0,0,0,0,0,0,0,0,0,0,0,0,0,0,0,0,0,0,0,0,0,0,0,0,0,0,0,0,0,0,0,0,0,0,0,0,0,0,0,0,0,0,0,0,0,0,0,0,0,0,0,0,0,0,0,0,0,0,0,0,0,0,0,0,0,0,0,0,0,0,0,0,0,0,0,0,0,0,0,0,0,0,0,0,0,0,0,0,0,0,0,0,0,0,0,0,0,0,0,0,0,0,0,0,0,0,0,0,0,0,0,0,0,0,0,0,2,4,1,2,2,2,2,3,2,3,2,4,2,2,3,2,0,0,0,0,0,0,0,0,0,0,0,0,0,0,0,0,3,2,2,1,0,0,0,0,0,0,0,0,0,0,0,0,0,0,0,0,0,1,1,2,4,1,3,0,0,0,0,0,0,0,0,0,0,0,5,3,0,0,0,0,0,0,0,0,0,0,0,0,0,0,0,0,0,0,0,0,0,0,0,0,0,0,0,0,0,0,0,0,0,0,0,0,0,0,0,0,0,0,0,0,0,0,0,0,0,0,0,0,0,0,0,0,0,0,0,0,0,0,0,0,0,0,0,0,0,0,0,0,0,0,0,0,0,0,0,0,0,0,0,0,0,0,0,0,0,0,0,0,0,0,0,0,0,0,0,0,0,0,0,0,0,0,0,0,0,0,0,0,0,0,0,0,0,0,0,0,0,0,0,0,0,0,0,0,0,0,0,0,0,0,0,0,0,0,0,0,0,0,0,0,0,0,0,0,0,0,0,0,0,0,0,0,0,0,0,0,0,0,0,0,0,0,0,0,0,0,0,0,0,0,0,0,2,1,1,1,5,5,3,0,0,0,0,0,0,0,0,0,0,0,0,0,0,0,0,0,0,0,0,0,0,0,0,0,0,0,0,0,0,0,0,0,0,0,0,0,0,0,0,0,0,0,0,0,0,0,0,0,0,0,0,0,0,0,0,0,0,0,0,0,0,0,0,0,0,0,0,0,0,0,0,0,0,0,0,0,0,0,0,0,0,0,0,0,0,0,0,0,0,0,0,0,0,0,0,0,0,0,0,0,0,0,0,0,0,0,0,0,0,0,0,0,0,0,0,0,0,0,0,0,0,0,0,0,0,0,0,0,0,0,0,0,0,0,0,0,0,0,0,0,0,0,0,0,0,0,0,0,4,2,2,2,5,2,4,2,0,0,0,0,0,0,0,0,0,0,0,0,0,0,0,0,0,2,2,2,1,2,0,2,2,0,0,0,0,0,0,0,0,0,0,0,2,2,2,2,3,1,3,2,1,0,0,0,0,0,0,2,2,2,2,2,0,0,5,0,0,0,0,3,3,0,0,0,0,0,0,0,0,0,0,0,5,3,5,5,0,0,0,0,0,3,0,0,0,0,0,0,0,5,2,2,2,2,2,5,0,0,0,0,0,0,0,0,0,0,0,0,0,0,0,5,2,3,0,2,2,4,0,0,0,0,0,0,0,0,0,0,0,0,0,0,0,0,0,0,0,0,0,0,0,0,0,0,0,0,0,0,0,0,2,2,2,2,2,2,3,2,2,0,0,0,0,0,0,0,0,0,0,0,0,0,0,0,0,0,0,0,0,0,0,0,0,1,3,2,2,0,0,0,0,0,0,0,0,0,0,0,0,0,0,0,0,0,0,0,0,0,0,0,0,0,0,0,0,0,2,4,2,3,2,5,2,2,1,0,1,4,2,0,0,0,0,0,2,1,0,0,0,0,0,0,0,0,0,0,0,0,0,0,0,0,0,0,0,0,0,0,0,0,0,0,0,0,0,0,0,0,0,0,0,0,0,0,0,0,0,0,0,0,0,0,0,5,0,2,2,5,0,2,2,3,2,2,1,2,2,2,0,0,0,3,3,2,2,0,0,0,0,0,0,0,0,0,0,0,0,2,2,0,0,0,0,0,0,0,0,0,0,0,0,0,0,0,0,0,0,0,0,0,0,0,0,0,0,0,0,0,0,0,2,2,3,2,4,5,0,0,0,0,0,0,0,0,0,0,0,0,0,0,0,0,0,0,0,0,0,0,0,0,0,0,0,0,0,0,0,0,0,0,1,0,0,0,0,0,0,0,0,0,0,0,0,0,0,0,0,0,0,0,0,0,0,0,0,0,0,2,2,0,0,0,0,0,0,2,0,1,3,1,2,0,0,0,0,0,0,0,0,0,0,0,0,0,0,0,0,0,0,0,0,0,0,0,0,0,0,0,0,5,3,0,0,0,0,2,5,5,0,0,5,3,0,0,0,0,0,0,0,0,0,0,0,0,0,0,0,4,5,0,0,0,0,2,2,2,0,0,0,0,2,2,3,2,2,0,0,0,1,1,2,2,2,3,0,0,2,1,3,2,5,0,0,0,0,0,0,0,0,0,0,0,0,2,2,3,0,0,0,0,0,0,0,0,0,0,0,0,0,0,0,0,0,0,0,0,0,0,0,0,0,0,0,0,0,0,0,0,0,0,0,0,0,0,0,2,5,0,0,0,0,4,0,0,0,0,0,0,0,0,0,0,0,0,0,0,0,0,0,0,0,0,0,0,0,0,0,0,0,0,0,0,0,0,0,0,0,0,0,0,0,0,0,0,0,0,0,0,0,0,0,0,0,0,0,0,0,0,0,0,0,0,0,0,0,0,0,0,0,0,0,0,0,0,0,0,0,0,0,0,0,0,0,0,0,0,0,0,0,0,0,0,0,0,0,2,2,0,0,4,1,2,2,4,0,0,0,0,0,1,2,2,2,0,0,0,0,0,0,0,0,0,0,0,0,0,0,0,0,0,0,0,0,0,0,0,0,0,0,0,0,0,0,0,0,0,0,0,0,0,0,0,0,0,0,0,2,2,0,0,0,0,0,0,0,0,0,0,0,0,0,0,0,0,3,1,2,1,1,0,0,0,0,5,0,0,0,0,0,0,0,2,2,0,0,0,0,0,0,0,0,2,3,2,2,0,0,0,3,2,2,2,2,0,2,2,1,2,2,0,2,2,0,0,0,0,0,0,0,0,0,0,0,0,0,0,0,0,0,0,2,2,1,0,0,0,0,0,0,0,0,0,0,0,0,0,0,0,0,2,1,2,2,3,2,0,0,0,0,0,0,0,5,2,0,0,0,0,0,0,0,0,0,0,0,0,0,0,0,0,2,3,0,0,0,0,0,0,0,0,0,0,0,0,0,0,0,0,0,0,0,0,0,0,0,0,0,0,0,0,0,0,0,0,0,0,0,0,0,0,0,0,0,0,0,3,2,5,2,0,0,0,0,0,0,0,0,0,0,0,0,0,0,0,0,0,0,0,0,0,0,0,0,0,0,0,0,0,0,0,0,0,0,0,0,0,0,0,0,0,0,0,0,0,0,0,0,0,0,0,0,0,0,0,0,0,0,0,0,0,0,0,0,0,0,0,0,0,0,0,0,0,0,0,0,0,0,0,0,0,0,0,0,0,0,0,0,0,0,0,0,0,0,0,0,0,0,0,0,0,0,0,0,0,0,0,0,0,0,0,0,0,0,0,0,0,0,0,0,0,0,0,0,0,0,0,0,0,0,0,0,0,0,0,0,0,0,0,5,3,2,2,2,2,2,2,4,2,1,4,1,2,2,2,1,4,1,1,5,2,2,2,2,5,2,3,3,2,5,2,2,3,5,0,0,0,0,0,0,0,0,0,0,0,0,0,0,0,0,0,0,0,0,0,0,0,2,5,2,5,3,2,0,0,0,0,0,0,0,0,5,0,0,0,2,3,2,2,2,2,0,0,0,0,0,2,2,2,2,2,0,0,0,1,2,3,1,2,2,2,0,0,0,0,0,2,3,2,2,3,2,2,4,2,0,0,0,0,0,0,0,0,3,2,1,5,4,2,0,0,0,0,3,0,0,0,0,0,0,0,0,0,0,0,0,0,0,0,0,0,2,0,0,2,0,0,0,0,0,0,0,0,0,0,0,0,0,0,0,0,0,0,0,0,0,0,0,0,0,0,0,0,0,0,0,0,0,0,0,0,0,0,0,0,0,0,0,0,0,0,0,0,0,0,0,0,0,0,0,0,0,0,0,0,0,0,0,0,0,0,0,0,0,0,0,0,0,0,0,0,0,2,2,0,2,0,0,0,0,0,2,2,2,0,2,3,2,3,3,1,1,3,1,2,2,0,0,0,0,0,0,0,2,2,2,2,3,1,5,2,2,5,0,4,2,0,0,0,0,2,3,5,2,0,0,0,0,0,0,0,0,0,0,0,0,0,0,0,0,0,0,0,0,0,0,0,0,0,0,0,0,0,0,0,0,0,0,0,0,0,0,0,0,0,0,0,0,0,0,0,0,0,0,0,0,0,0,0,0,0,0,0,0,0,0,0,0,0,0,0,0,0,0,0,0,0,0,0,0,0,0,0,0,0,0,0,0,0,0,0,0,0,0,0,0,0,0,0,0,2,1,1,3,2,3,2,2,5,1,5,5,2,1,4,3,0,0,0,0,0,0,0,0,0,0,0,0,0,0,0,0,0,0,0,0,0,0,0,0,0,0,0,0,0,0,0,0,0,0,0,0,0,0,0,0,0,0,0,0,0,0,0,0,0,0,0,0,0,0,0,0,0,0,0,0,0,0,0,0,0,0,0,0,0,0,0,0,0,0,0,0,0,0,0,0,0,0,0,0,0,0,0,0,0,0,0,0,0,0,0,0,0,0,0,0,0,0,0,0,0,0,0,0,0,0,0,0,0,0,0,0,0,0,0,0,0,0,0,0,0,0,0,0,0,0,0,0,0,0,0,0,0,0,0,0,0,0,0,0,0,0,0,0,0,0,0,0,0,0,0,0,0,0,0,0,0,0,0,0,0,0,0,0,0,0,0,0,0,0,0,0,0,0,0,0,0,0,0,0,0,0,0,0,0,0,0,0,0,0,0,0,0,0,0,0,0,0,0,0,0,0,0,0,0,0,0,0,0,0,0,0,0,0,0,0,0,0,0,0,0,0,0,0,0,0,0,0,0,0,0,0,0,0,0,0,0,0,0,0,0,0,0,0,0,0,0,0,0,0,0,0,0,0,0,0,0,0,0,0,0,0,0,0,0,0,0,0,0,0,0,0,0,0,0,0,0,0,0,0,3,2,3,5,5,3,3,3,3,3,2,2,2,3,5,5,3,0,0,0,0,0,0,0,0,0,0,0,0,0,0,0,0,0,0,0,0,0,0,0,0,0,0,0,0,0,0,0,0,0,0,0,0,0,0,0,0,0,0,0,0,0,0,0,0,0,0,0,0,0,0,0,0,0,0,0,0,0,0,0,0,0,0,0,0,0,0,0,0,0,0,0,0,0,0,0,0,0,0,0,0,0,0,0,0,0,0,0,0,0,0,0,0,0,0,0,0,0,0,0,0,0,0,0,0,0,0,0,0,0,0,0,0,0,0,0,0,0,0,0,0,0,0,0,0,0,3,3,3,5,3,1,3,3,1,3,3,2,0,0,0,0,0,0,0,0,0,0,0,0,0,0,0,0,0,0,0,0,0,0,0,0,0,0,0,0,0,0,0,0,0,0,0,0,0,0,0,0,0,0,0,0,0,0,0,0,0,0,0,0,0,0,0,0,2.03295373916626,-6.965951442718506,-5.461481094360352,6.360797882080078,3.711102962493897,-19.20939064025879,-30.370508193969727,-6.282924175262451,25.05082893371582,-3.9607865810394287,5.5646281242370605,21.579174041748047,1.7270901203155518,15.415989875793455,-33.05876922607422,-0.021472230553627,23.904003143310547,-28.914196014404297,-30.496641159057617,35.90964889526367,8.121683120727539,17.890499114990234,55.82379150390625,14.808598518371582,-18.175880432128903,6.516771793365479,-17.760305404663086,-36.96706771850586,0.9757730960845948,-16.663002014160156,21.21620750427246,-11.606554985046388,-16.04974365234375,1.806052088737488,-1.9111263751983645,11.170578002929688,4.921676635742188,-1.7414520978927612,20.542179107666016,22.12521171569824,3.424075126647949,4.040742874145508,-5.491736888885498,-10.64085578918457,-25.82488822937012,21.477113723754883,11.652688026428224,41.14837646484375,-8.997941970825195,-0.6454618573188782,9.865949630737305,-25.518701553344727,-0.2846908569335937,-18.63434600830078,-33.61057662963867,-23.70298957824707,-17.139371871948242,15.600967407226562,5.148984432220459,9.32386875152588,1.181249499320984,-18.04388236999512,-18.108905792236328,15.918643951416016,-43.13233184814453,4.478278636932373,20.937286376953125,9.675238609313965,-19.29033470153809,-1.309906005859375,-7.652111530303955,14.425814628601074,12.55107593536377,-30.282888412475582,0.3596172928810119,5.401177406311035,-27.73249626159668,1.0895991325378418,9.604491233825684,0.5627792477607727,19.96818351745605,1.2991663217544556,-9.389376640319824,-40.53012847900391,22.22616004943848,-13.71965789794922,-10.765512466430664,5.183682918548584,8.481343269348145,-2.4221384525299072,4.552467346191406,14.575065612792969,14.32784652709961,5.37230920791626,6.588685035705566,-4.281327247619629,19.930421829223636,8.983540534973145,19.690937042236328,-10.23693561553955,-8.209458351135254,-19.783327102661133,-24.98467254638672,-13.44881534576416,12.071398735046388,-31.278520584106445,-16.566967010498047,12.699241638183594,9.011853218078612,-18.95348358154297,-20.534629821777344,15.362066268920898,8.781679153442383,-12.961767196655272,-6.150531768798828,-7.491714954376221,20.04499626159668,21.61031913757324,-3.919246912002564,4.349977016448975,-11.010974884033203,15.149325370788574,0.9203628301620485,34.73607635498047,-0.2125860452651977,-34.93709182739258,-29.763935089111328,4.843853950500488,-15.930791854858398,-0.140851154923439,1.7542897462844849,-5.236828804016113,13.335166931152344,40.88850021362305,6.252508640289307,31.939332962036133,-3.7905678749084473,-9.230494499206545,19.35235977172852,-13.827884674072266,25.590953826904297,-2.1887803077697754,-10.885794639587402,-6.6369709968566895,12.304945945739746,3.396398067474365,7.046486854553223,5.738070487976074,12.800272941589355,35.22931671142578,-3.528501510620117,18.40000343322754,16.51979637145996,-23.999685287475582,-5.438003540039063,0.5686401128768921,-17.127517700195312,-1.5226624011993408,-0.7026927471160889,-18.711742401123047,9.181124687194824,13.123212814331056,-11.416802406311035,7.055640697479248,18.792938232421875,-25.841930389404297,12.18466567993164,-9.114280700683594,1.61527419090271,18.452316284179688,-15.429327011108398,-22.26667022705078,35.006683349609375,-5.133639335632324,15.588523864746094,-4.195614337921143,13.955520629882812,-2.779522180557251,-11.109164237976074,21.366744995117188,-11.765169143676758,24.179174423217773,-2.915802478790283,31.623764038085938,9.602773666381836,-10.318105697631836,3.0653107166290283,2.0832624435424805,-5.660417556762695,-20.133373260498047,2.7411551475524902,-8.10615348815918,-19.035295486450195,5.789467811584473,12.830404281616213,6.504272937774658,2.265209913253784,-28.62820053100586,-9.355116844177246,-10.111905097961426,-0.458698570728302,-6.313093185424805,8.93951416015625,-7.112671375274658,-2.571350574493408,-5.781284809112549,32.65841293334961,28.89765739440918,27.828594207763672,-14.210997581481934,30.07396507263184,-0.9371402263641356,34.922542572021484,-15.825420379638672,12.44883918762207,-2.525158643722534,13.066327095031738,11.866494178771973,-10.323057174682615,15.386784553527832,11.24264430999756,-22.04275321960449,-10.03948211669922,1.332157015800476,7.984035968780518,-13.77322483062744,-3.575690746307373,-3.224350929260254,13.232121467590332,-26.817296981811523,6.926423072814941,-3.977092266082764,-20.541446685791016,-24.0129451751709,5.1198554039001465,-26.497041702270508,-4.516909599304199,-7.763351917266846,-7.917200565338135,30.2449951171875,19.207300186157227,-29.576141357421875,20.52636337280273,-8.500256538391113,-2.3176748752593994,23.940574645996094,-42.02939987182617,-14.859766006469728,3.3414175510406494,13.542353630065918,-46.892539978027344,11.493888854980469,11.233471870422363,-7.869431972503662,-26.131214141845703,21.729686737060547,3.725302219390869,-17.518268585205078,32.72089385986328,-26.96916389465332,-8.454099655151367,6.451301097869873,4.229946136474609,16.71555519104004,-4.972967624664307,-24.23943519592285,-8.710585594177246,2.841937303543091,7.064731121063232,-21.94000625610352,3.4562747478485107,13.329792022705078,-12.583690643310549,3.550142526626587,-1.2793128490447998,-22.198532104492188,-10.342188835144045,-9.915361404418944,-12.04130744934082,21.15601348876953,-15.885473251342772,-18.757225036621094,-25.087799072265625,-15.784526824951172,-12.886820793151855,14.451067924499512,0.2841877341270447,-2.6490318775177,-12.089574813842772,-10.42935562133789,8.6270112991333,32.638938903808594,11.19148063659668,10.64879035949707,-30.369461059570312,-19.28846740722656,-18.31578826904297,-22.5156364440918,-44.08794403076172,-2.7805821895599365,1.0,0.6812412373755872
OXYR_HUMAN,CHEMBL3813982,CCC(C)C1NC(=O)C(Cc2ccc(O)cc2)N(C)C(=O)CCSSCC(C(=O)N2CCCC2C(=O)NC(CC(C)C)C(=O)NCC(N)=O)N(C)C(=O)C(CC(N)=O)NC(=O)C(CCC(N)=O)NC1=O,0,0,0,0,0,0,0,0,0,0,0,0,0,0,0,0,0,0,0,0,0,0,0,0,0,0,0,0,0,0,0,0,0,0,0,0,0,0,0,0,0,0,0,0,0,0,0,0,0,0,0,0,0,0,0,0,0,0,0,0,0,0,0,0,0,0,0,0,0,0,0,0,0,0,0,0,0,0,0,0,0,0,0,0,0,0,0,0,0,0,0,0,0,0,0,0,0,0,0,0,0,0,0,0,0,0,0,0,0,0,0,0,0,0,0,0,0,0,0,0,0,0,0,0,0,0,0,0,0,0,0,0,0,0,0,0,0,0,0,0,0,0,0,0,0,0,0,0,0,0,0,0,0,0,0,0,0,0,0,0,0,0,0,0,0,0,0,0,0,0,0,0,0,0,0,0,0,0,0,0,0,0,0,0,0,2,4,1,2,2,2,2,3,2,3,2,4,2,2,3,2,0,0,0,0,0,0,0,0,0,0,0,0,0,0,0,0,3,2,2,1,0,0,0,0,0,0,0,0,0,0,0,0,0,0,0,0,0,1,1,2,4,1,3,0,0,0,0,0,0,0,0,0,0,0,5,3,0,0,0,0,0,0,0,0,0,0,0,0,0,0,0,0,0,0,0,0,0,0,0,0,0,0,0,0,0,0,0,0,0,0,0,0,0,0,0,0,0,0,0,0,0,0,0,0,0,0,0,0,0,0,0,0,0,0,0,0,0,0,0,0,0,0,0,0,0,0,0,0,0,0,0,0,0,0,0,0,0,0,0,0,0,0,0,0,0,0,0,0,0,0,0,0,0,0,0,0,0,0,0,0,0,0,0,0,0,0,0,0,0,0,0,0,0,0,0,0,0,0,0,0,0,0,0,0,0,0,0,0,0,0,0,0,0,0,0,0,0,0,0,0,0,0,0,0,0,0,0,0,0,0,0,0,0,0,0,0,0,0,0,0,0,0,0,0,0,0,0,0,0,0,0,0,2,1,1,1,5,5,3,0,0,0,0,0,0,0,0,0,0,0,0,0,0,0,0,0,0,0,0,0,0,0,0,0,0,0,0,0,0,0,0,0,0,0,0,0,0,0,0,0,0,0,0,0,0,0,0,0,0,0,0,0,0,0,0,0,0,0,0,0,0,0,0,0,0,0,0,0,0,0,0,0,0,0,0,0,0,0,0,0,0,0,0,0,0,0,0,0,0,0,0,0,0,0,0,0,0,0,0,0,0,0,0,0,0,0,0,0,0,0,0,0,0,0,0,0,0,0,0,0,0,0,0,0,0,0,0,0,0,0,0,0,0,0,0,0,0,0,0,0,0,0,0,0,0,0,0,0,4,2,2,2,5,2,4,2,0,0,0,0,0,0,0,0,0,0,0,0,0,0,0,0,0,2,2,2,1,2,0,2,2,0,0,0,0,0,0,0,0,0,0,0,2,2,2,2,3,1,3,2,1,0,0,0,0,0,0,2,2,2,2,2,0,0,5,0,0,0,0,3,3,0,0,0,0,0,0,0,0,0,0,0,5,3,5,5,0,0,0,0,0,3,0,0,0,0,0,0,0,5,2,2,2,2,2,5,0,0,0,0,0,0,0,0,0,0,0,0,0,0,0,5,2,3,0,2,2,4,0,0,0,0,0,0,0,0,0,0,0,0,0,0,0,0,0,0,0,0,0,0,0,0,0,0,0,0,0,0,0,0,2,2,2,2,2,2,3,2,2,0,0,0,0,0,0,0,0,0,0,0,0,0,0,0,0,0,0,0,0,0,0,0,0,1,3,2,2,0,0,0,0,0,0,0,0,0,0,0,0,0,0,0,0,0,0,0,0,0,0,0,0,0,0,0,0,0,2,4,2,3,2,5,2,2,1,0,1,4,2,0,0,0,0,0,2,1,0,0,0,0,0,0,0,0,0,0,0,0,0,0,0,0,0,0,0,0,0,0,0,0,0,0,0,0,0,0,0,0,0,0,0,0,0,0,0,0,0,0,0,0,0,0,0,5,0,2,2,5,0,2,2,3,2,2,1,2,2,2,0,0,0,3,3,2,2,0,0,0,0,0,0,0,0,0,0,0,0,2,2,0,0,0,0,0,0,0,0,0,0,0,0,0,0,0,0,0,0,0,0,0,0,0,0,0,0,0,0,0,0,0,2,2,3,2,4,5,0,0,0,0,0,0,0,0,0,0,0,0,0,0,0,0,0,0,0,0,0,0,0,0,0,0,0,0,0,0,0,0,0,0,1,0,0,0,0,0,0,0,0,0,0,0,0,0,0,0,0,0,0,0,0,0,0,0,0,0,0,2,2,0,0,0,0,0,0,2,0,1,3,1,2,0,0,0,0,0,0,0,0,0,0,0,0,0,0,0,0,0,0,0,0,0,0,0,0,0,0,0,0,5,3,0,0,0,0,2,5,5,0,0,5,3,0,0,0,0,0,0,0,0,0,0,0,0,0,0,0,4,5,0,0,0,0,2,2,2,0,0,0,0,2,2,3,2,2,0,0,0,1,1,2,2,2,3,0,0,2,1,3,2,5,0,0,0,0,0,0,0,0,0,0,0,0,2,2,3,0,0,0,0,0,0,0,0,0,0,0,0,0,0,0,0,0,0,0,0,0,0,0,0,0,0,0,0,0,0,0,0,0,0,0,0,0,0,0,2,5,0,0,0,0,4,0,0,0,0,0,0,0,0,0,0,0,0,0,0,0,0,0,0,0,0,0,0,0,0,0,0,0,0,0,0,0,0,0,0,0,0,0,0,0,0,0,0,0,0,0,0,0,0,0,0,0,0,0,0,0,0,0,0,0,0,0,0,0,0,0,0,0,0,0,0,0,0,0,0,0,0,0,0,0,0,0,0,0,0,0,0,0,0,0,0,0,0,0,2,2,0,0,4,1,2,2,4,0,0,0,0,0,1,2,2,2,0,0,0,0,0,0,0,0,0,0,0,0,0,0,0,0,0,0,0,0,0,0,0,0,0,0,0,0,0,0,0,0,0,0,0,0,0,0,0,0,0,0,0,2,2,0,0,0,0,0,0,0,0,0,0,0,0,0,0,0,0,3,1,2,1,1,0,0,0,0,5,0,0,0,0,0,0,0,2,2,0,0,0,0,0,0,0,0,2,3,2,2,0,0,0,3,2,2,2,2,0,2,2,1,2,2,0,2,2,0,0,0,0,0,0,0,0,0,0,0,0,0,0,0,0,0,0,2,2,1,0,0,0,0,0,0,0,0,0,0,0,0,0,0,0,0,2,1,2,2,3,2,0,0,0,0,0,0,0,5,2,0,0,0,0,0,0,0,0,0,0,0,0,0,0,0,0,2,3,0,0,0,0,0,0,0,0,0,0,0,0,0,0,0,0,0,0,0,0,0,0,0,0,0,0,0,0,0,0,0,0,0,0,0,0,0,0,0,0,0,0,0,3,2,5,2,0,0,0,0,0,0,0,0,0,0,0,0,0,0,0,0,0,0,0,0,0,0,0,0,0,0,0,0,0,0,0,0,0,0,0,0,0,0,0,0,0,0,0,0,0,0,0,0,0,0,0,0,0,0,0,0,0,0,0,0,0,0,0,0,0,0,0,0,0,0,0,0,0,0,0,0,0,0,0,0,0,0,0,0,0,0,0,0,0,0,0,0,0,0,0,0,0,0,0,0,0,0,0,0,0,0,0,0,0,0,0,0,0,0,0,0,0,0,0,0,0,0,0,0,0,0,0,0,0,0,0,0,0,0,0,0,0,0,0,5,3,2,2,2,2,2,2,4,2,1,4,1,2,2,2,1,4,1,1,5,2,2,2,2,5,2,3,3,2,5,2,2,3,5,0,0,0,0,0,0,0,0,0,0,0,0,0,0,0,0,0,0,0,0,0,0,0,2,5,2,5,3,2,0,0,0,0,0,0,0,0,5,0,0,0,2,3,2,2,2,2,0,0,0,0,0,2,2,2,2,2,0,0,0,1,2,3,1,2,2,2,0,0,0,0,0,2,3,2,2,3,2,2,4,2,0,0,0,0,0,0,0,0,3,2,1,5,4,2,0,0,0,0,3,0,0,0,0,0,0,0,0,0,0,0,0,0,0,0,0,0,2,0,0,2,0,0,0,0,0,0,0,0,0,0,0,0,0,0,0,0,0,0,0,0,0,0,0,0,0,0,0,0,0,0,0,0,0,0,0,0,0,0,0,0,0,0,0,0,0,0,0,0,0,0,0,0,0,0,0,0,0,0,0,0,0,0,0,0,0,0,0,0,0,0,0,0,0,0,0,0,0,2,2,0,2,0,0,0,0,0,2,2,2,0,2,3,2,3,3,1,1,3,1,2,2,0,0,0,0,0,0,0,2,2,2,2,3,1,5,2,2,5,0,4,2,0,0,0,0,2,3,5,2,0,0,0,0,0,0,0,0,0,0,0,0,0,0,0,0,0,0,0,0,0,0,0,0,0,0,0,0,0,0,0,0,0,0,0,0,0,0,0,0,0,0,0,0,0,0,0,0,0,0,0,0,0,0,0,0,0,0,0,0,0,0,0,0,0,0,0,0,0,0,0,0,0,0,0,0,0,0,0,0,0,0,0,0,0,0,0,0,0,0,0,0,0,0,0,0,2,1,1,3,2,3,2,2,5,1,5,5,2,1,4,3,0,0,0,0,0,0,0,0,0,0,0,0,0,0,0,0,0,0,0,0,0,0,0,0,0,0,0,0,0,0,0,0,0,0,0,0,0,0,0,0,0,0,0,0,0,0,0,0,0,0,0,0,0,0,0,0,0,0,0,0,0,0,0,0,0,0,0,0,0,0,0,0,0,0,0,0,0,0,0,0,0,0,0,0,0,0,0,0,0,0,0,0,0,0,0,0,0,0,0,0,0,0,0,0,0,0,0,0,0,0,0,0,0,0,0,0,0,0,0,0,0,0,0,0,0,0,0,0,0,0,0,0,0,0,0,0,0,0,0,0,0,0,0,0,0,0,0,0,0,0,0,0,0,0,0,0,0,0,0,0,0,0,0,0,0,0,0,0,0,0,0,0,0,0,0,0,0,0,0,0,0,0,0,0,0,0,0,0,0,0,0,0,0,0,0,0,0,0,0,0,0,0,0,0,0,0,0,0,0,0,0,0,0,0,0,0,0,0,0,0,0,0,0,0,0,0,0,0,0,0,0,0,0,0,0,0,0,0,0,0,0,0,0,0,0,0,0,0,0,0,0,0,0,0,0,0,0,0,0,0,0,0,0,0,0,0,0,0,0,0,0,0,0,0,0,0,0,0,0,0,0,0,0,0,3,2,3,5,5,3,3,3,3,3,2,2,2,3,5,5,3,0,0,0,0,0,0,0,0,0,0,0,0,0,0,0,0,0,0,0,0,0,0,0,0,0,0,0,0,0,0,0,0,0,0,0,0,0,0,0,0,0,0,0,0,0,0,0,0,0,0,0,0,0,0,0,0,0,0,0,0,0,0,0,0,0,0,0,0,0,0,0,0,0,0,0,0,0,0,0,0,0,0,0,0,0,0,0,0,0,0,0,0,0,0,0,0,0,0,0,0,0,0,0,0,0,0,0,0,0,0,0,0,0,0,0,0,0,0,0,0,0,0,0,0,0,0,0,0,0,3,3,3,5,3,1,3,3,1,3,3,2,0,0,0,0,0,0,0,0,0,0,0,0,0,0,0,0,0,0,0,0,0,0,0,0,0,0,0,0,0,0,0,0,0,0,0,0,0,0,0,0,0,0,0,0,0,0,0,0,0,0,0,0,0,0,0,0,2.412254810333252,-9.068445205688477,-5.35098934173584,5.327493190765381,3.823145627975464,-16.984140396118164,-29.88541603088379,-4.410181522369385,22.591020584106445,-1.3474925756454468,6.9799346923828125,17.57689094543457,-1.1726781129837036,13.702019691467283,-29.90587043762207,-1.9989665746688845,23.78887367248535,-26.44947624206543,-28.45198631286621,35.069271087646484,7.072556972503662,17.279804229736328,54.11834335327149,16.08159065246582,-18.332111358642575,7.031907558441162,-18.544382095336918,-34.34651565551758,1.832335114479065,-13.002403259277344,19.553955078125,-12.136756896972656,-18.263776779174805,0.490744024515152,-0.7109701633453369,7.8308539390563965,4.400435447692871,-2.4979019165039062,19.61682510375977,20.097028732299805,0.0238341689109802,3.5410428047180176,-4.285648345947266,-9.296249389648438,-23.840377807617188,22.75643348693848,8.34416675567627,36.78596878051758,-8.815937995910645,1.4100333452224731,11.735371589660645,-24.66678237915039,2.177184581756592,-19.703781127929688,-32.62089538574219,-21.702911376953125,-15.017559051513672,15.820508003234863,5.3362345695495605,11.532620429992676,3.198675632476806,-15.289493560791016,-16.423702239990234,12.30965805053711,-41.58720397949219,3.891234159469605,19.91214942932129,7.458139896392822,-17.6733455657959,-2.156013965606689,-10.114110946655272,14.472697257995604,14.924202919006348,-30.734130859375,1.2753517627716064,8.438490867614746,-26.791616439819336,-0.2542592287063598,8.763080596923828,2.157025098800659,19.36064338684082,0.1332955807447433,-7.7729716300964355,-37.5823974609375,20.60193634033203,-12.716781616210938,-14.568857192993164,7.182207584381104,8.696916580200195,-0.9890075922012328,6.771012306213379,13.72205924987793,13.105794906616213,4.648101329803467,8.596033096313477,-4.512917995452881,21.263399124145508,9.2527494430542,18.420515060424805,-10.458152770996094,-7.551922798156738,-21.50994110107422,-26.23834991455078,-14.540733337402344,12.76405429840088,-30.61288452148437,-16.545644760131836,10.576563835144045,6.9050397872924805,-22.37703514099121,-19.265867233276367,14.696496963500977,7.176552772521973,-12.203262329101562,-3.3410816192626958,-8.596840858459473,19.5226993560791,24.00553321838379,-2.81780219078064,7.541598320007324,-12.519180297851562,13.851188659667969,0.638628363609314,30.2592830657959,2.471587419509888,-35.97663879394531,-28.37940216064453,3.799046516418457,-14.5958890914917,-1.1565666198730469,0.9867973923683168,-1.3339064121246338,15.914628982543944,39.67583847045898,7.690133094787598,34.48028945922852,-1.7007088661193848,-11.160194396972656,20.605566024780277,-15.213943481445312,22.117462158203125,-2.345824956893921,-9.442378997802734,-6.288330554962158,14.990195274353027,3.1586596965789795,8.029647827148438,6.75195837020874,8.777341842651367,33.0043830871582,-2.632923126220703,16.32354164123535,16.032299041748047,-23.85052299499512,-5.694095134735107,2.588876247406006,-17.46558952331543,-1.3983376026153564,-1.5880953073501587,-18.31393814086914,4.079649448394775,9.982284545898438,-10.438088417053224,9.460044860839844,16.54944610595703,-24.352264404296875,10.38258934020996,-6.794756889343262,1.0024049282073977,16.343141555786133,-16.118175506591797,-20.06859588623047,34.58046340942383,-2.569986343383789,12.930809020996094,-2.6999833583831787,13.160074234008787,-2.673663377761841,-12.03122615814209,22.40030670166016,-10.411168098449709,24.752992630004883,-2.8141489028930664,30.863998413085938,10.091036796569824,-8.953388214111328,3.164755582809448,1.2172690629959106,-7.242103099822998,-18.58699989318848,2.378590583801269,-6.698193550109863,-18.217819213867188,3.5792179107666016,12.011381149291992,5.724360942840576,-0.5644018650054932,-28.2426700592041,-7.675943374633789,-8.940025329589844,0.8125542998313904,-4.477914333343506,11.835962295532228,-4.131306171417236,-0.709632396697998,-4.679163455963135,33.04267120361328,25.87049674987793,24.418922424316406,-13.624938011169434,34.193050384521484,-1.8012508153915403,34.5378532409668,-15.72670841217041,14.437954902648926,-1.8560539484024048,12.329936027526855,11.089556694030762,-11.84626007080078,13.629314422607422,11.007192611694336,-22.116586685180664,-10.556105613708496,1.7979470491409302,10.304771423339844,-12.692370414733888,-5.009592533111572,-5.383433818817139,11.581358909606934,-24.817575454711918,4.581035614013672,-2.118274211883545,-18.617755889892575,-24.089937210083008,2.3602161407470703,-24.180118560791016,-6.499586582183838,-6.69428300857544,-8.540109634399414,26.803646087646484,19.982789993286133,-25.511940002441406,22.2641716003418,-5.3213324546813965,-2.959242105484009,22.049219131469727,-40.99895858764648,-14.677922248840332,-0.4159421324729919,6.852858543395996,-47.01202774047852,11.038396835327148,10.91738986968994,-7.657670021057129,-27.070533752441406,18.470237731933597,5.195312976837158,-19.509033203125,33.003883361816406,-26.59806632995605,-6.651654243469238,6.527039527893066,2.644172191619873,18.13101577758789,-3.30562162399292,-22.84248161315918,-11.040375709533691,3.676066637039185,6.922309398651123,-20.20311546325684,3.4119040966033936,13.595663070678713,-13.696707725524902,1.0966905355453491,-1.7904876470565796,-23.021120071411133,-10.142884254455566,-9.017778396606444,-11.45185089111328,15.263049125671388,-15.904827117919922,-18.671615600585938,-25.263080596923828,-17.09017562866211,-11.333049774169922,13.766610145568848,-1.168271780014038,-3.616240978240967,-13.470687866210938,-6.9798903465271,7.192870140075684,31.713306427001957,11.719438552856444,6.735635757446289,-30.56354331970215,-16.385868072509766,-14.889280319213867,-21.48838996887207,-43.27832794189453,-0.7450746297836304,1.0,0.9030899869919434
OXYR_HUMAN,CHEMBL603708,O=C(Nc1ccc(C(=O)N2CCCCc3ccccc32)cc1)c1ccccc1-c1ccccc1,0,0,0,0,0,0,0,0,0,0,0,0,0,0,0,0,0,0,0,0,0,0,0,0,0,0,0,0,0,0,0,0,0,0,0,0,0,0,0,0,0,0,0,0,0,0,0,0,0,0,0,0,0,0,0,0,0,0,0,0,0,0,0,0,0,0,0,0,0,0,0,0,0,0,0,0,0,0,0,0,0,0,0,0,0,0,0,0,0,0,0,0,0,0,0,0,0,0,0,0,0,0,0,0,0,0,0,0,0,0,0,0,0,0,0,0,0,0,0,0,0,0,0,0,0,0,0,0,0,0,0,0,0,0,0,0,0,0,0,0,0,0,0,0,0,0,0,0,0,0,0,0,0,0,0,0,0,0,0,0,0,0,0,0,0,0,0,0,0,0,0,0,0,0,0,0,0,0,0,0,0,0,0,0,0,2,4,1,2,2,2,2,3,2,3,2,4,2,2,3,2,0,0,0,0,0,0,0,0,0,0,0,0,0,0,0,0,3,2,2,1,0,0,0,0,0,0,0,0,0,0,0,0,0,0,0,0,0,1,1,2,4,1,3,0,0,0,0,0,0,0,0,0,0,0,5,3,0,0,0,0,0,0,0,0,0,0,0,0,0,0,0,0,0,0,0,0,0,0,0,0,0,0,0,0,0,0,0,0,0,0,0,0,0,0,0,0,0,0,0,0,0,0,0,0,0,0,0,0,0,0,0,0,0,0,0,0,0,0,0,0,0,0,0,0,0,0,0,0,0,0,0,0,0,0,0,0,0,0,0,0,0,0,0,0,0,0,0,0,0,0,0,0,0,0,0,0,0,0,0,0,0,0,0,0,0,0,0,0,0,0,0,0,0,0,0,0,0,0,0,0,0,0,0,0,0,0,0,0,0,0,0,0,0,0,0,0,0,0,0,0,0,0,0,0,0,0,0,0,0,0,0,0,0,0,0,0,0,0,0,0,0,0,0,0,0,0,0,0,0,0,0,0,2,1,1,1,5,5,3,0,0,0,0,0,0,0,0,0,0,0,0,0,0,0,0,0,0,0,0,0,0,0,0,0,0,0,0,0,0,0,0,0,0,0,0,0,0,0,0,0,0,0,0,0,0,0,0,0,0,0,0,0,0,0,0,0,0,0,0,0,0,0,0,0,0,0,0,0,0,0,0,0,0,0,0,0,0,0,0,0,0,0,0,0,0,0,0,0,0,0,0,0,0,0,0,0,0,0,0,0,0,0,0,0,0,0,0,0,0,0,0,0,0,0,0,0,0,0,0,0,0,0,0,0,0,0,0,0,0,0,0,0,0,0,0,0,0,0,0,0,0,0,0,0,0,0,0,0,4,2,2,2,5,2,4,2,0,0,0,0,0,0,0,0,0,0,0,0,0,0,0,0,0,2,2,2,1,2,0,2,2,0,0,0,0,0,0,0,0,0,0,0,2,2,2,2,3,1,3,2,1,0,0,0,0,0,0,2,2,2,2,2,0,0,5,0,0,0,0,3,3,0,0,0,0,0,0,0,0,0,0,0,5,3,5,5,0,0,0,0,0,3,0,0,0,0,0,0,0,5,2,2,2,2,2,5,0,0,0,0,0,0,0,0,0,0,0,0,0,0,0,5,2,3,0,2,2,4,0,0,0,0,0,0,0,0,0,0,0,0,0,0,0,0,0,0,0,0,0,0,0,0,0,0,0,0,0,0,0,0,2,2,2,2,2,2,3,2,2,0,0,0,0,0,0,0,0,0,0,0,0,0,0,0,0,0,0,0,0,0,0,0,0,1,3,2,2,0,0,0,0,0,0,0,0,0,0,0,0,0,0,0,0,0,0,0,0,0,0,0,0,0,0,0,0,0,2,4,2,3,2,5,2,2,1,0,1,4,2,0,0,0,0,0,2,1,0,0,0,0,0,0,0,0,0,0,0,0,0,0,0,0,0,0,0,0,0,0,0,0,0,0,0,0,0,0,0,0,0,0,0,0,0,0,0,0,0,0,0,0,0,0,0,5,0,2,2,5,0,2,2,3,2,2,1,2,2,2,0,0,0,3,3,2,2,0,0,0,0,0,0,0,0,0,0,0,0,2,2,0,0,0,0,0,0,0,0,0,0,0,0,0,0,0,0,0,0,0,0,0,0,0,0,0,0,0,0,0,0,0,2,2,3,2,4,5,0,0,0,0,0,0,0,0,0,0,0,0,0,0,0,0,0,0,0,0,0,0,0,0,0,0,0,0,0,0,0,0,0,0,1,0,0,0,0,0,0,0,0,0,0,0,0,0,0,0,0,0,0,0,0,0,0,0,0,0,0,2,2,0,0,0,0,0,0,2,0,1,3,1,2,0,0,0,0,0,0,0,0,0,0,0,0,0,0,0,0,0,0,0,0,0,0,0,0,0,0,0,0,5,3,0,0,0,0,2,5,5,0,0,5,3,0,0,0,0,0,0,0,0,0,0,0,0,0,0,0,4,5,0,0,0,0,2,2,2,0,0,0,0,2,2,3,2,2,0,0,0,1,1,2,2,2,3,0,0,2,1,3,2,5,0,0,0,0,0,0,0,0,0,0,0,0,2,2,3,0,0,0,0,0,0,0,0,0,0,0,0,0,0,0,0,0,0,0,0,0,0,0,0,0,0,0,0,0,0,0,0,0,0,0,0,0,0,0,2,5,0,0,0,0,4,0,0,0,0,0,0,0,0,0,0,0,0,0,0,0,0,0,0,0,0,0,0,0,0,0,0,0,0,0,0,0,0,0,0,0,0,0,0,0,0,0,0,0,0,0,0,0,0,0,0,0,0,0,0,0,0,0,0,0,0,0,0,0,0,0,0,0,0,0,0,0,0,0,0,0,0,0,0,0,0,0,0,0,0,0,0,0,0,0,0,0,0,0,2,2,0,0,4,1,2,2,4,0,0,0,0,0,1,2,2,2,0,0,0,0,0,0,0,0,0,0,0,0,0,0,0,0,0,0,0,0,0,0,0,0,0,0,0,0,0,0,0,0,0,0,0,0,0,0,0,0,0,0,0,2,2,0,0,0,0,0,0,0,0,0,0,0,0,0,0,0,0,3,1,2,1,1,0,0,0,0,5,0,0,0,0,0,0,0,2,2,0,0,0,0,0,0,0,0,2,3,2,2,0,0,0,3,2,2,2,2,0,2,2,1,2,2,0,2,2,0,0,0,0,0,0,0,0,0,0,0,0,0,0,0,0,0,0,2,2,1,0,0,0,0,0,0,0,0,0,0,0,0,0,0,0,0,2,1,2,2,3,2,0,0,0,0,0,0,0,5,2,0,0,0,0,0,0,0,0,0,0,0,0,0,0,0,0,2,3,0,0,0,0,0,0,0,0,0,0,0,0,0,0,0,0,0,0,0,0,0,0,0,0,0,0,0,0,0,0,0,0,0,0,0,0,0,0,0,0,0,0,0,3,2,5,2,0,0,0,0,0,0,0,0,0,0,0,0,0,0,0,0,0,0,0,0,0,0,0,0,0,0,0,0,0,0,0,0,0,0,0,0,0,0,0,0,0,0,0,0,0,0,0,0,0,0,0,0,0,0,0,0,0,0,0,0,0,0,0,0,0,0,0,0,0,0,0,0,0,0,0,0,0,0,0,0,0,0,0,0,0,0,0,0,0,0,0,0,0,0,0,0,0,0,0,0,0,0,0,0,0,0,0,0,0,0,0,0,0,0,0,0,0,0,0,0,0,0,0,0,0,0,0,0,0,0,0,0,0,0,0,0,0,0,0,5,3,2,2,2,2,2,2,4,2,1,4,1,2,2,2,1,4,1,1,5,2,2,2,2,5,2,3,3,2,5,2,2,3,5,0,0,0,0,0,0,0,0,0,0,0,0,0,0,0,0,0,0,0,0,0,0,0,2,5,2,5,3,2,0,0,0,0,0,0,0,0,5,0,0,0,2,3,2,2,2,2,0,0,0,0,0,2,2,2,2,2,0,0,0,1,2,3,1,2,2,2,0,0,0,0,0,2,3,2,2,3,2,2,4,2,0,0,0,0,0,0,0,0,3,2,1,5,4,2,0,0,0,0,3,0,0,0,0,0,0,0,0,0,0,0,0,0,0,0,0,0,2,0,0,2,0,0,0,0,0,0,0,0,0,0,0,0,0,0,0,0,0,0,0,0,0,0,0,0,0,0,0,0,0,0,0,0,0,0,0,0,0,0,0,0,0,0,0,0,0,0,0,0,0,0,0,0,0,0,0,0,0,0,0,0,0,0,0,0,0,0,0,0,0,0,0,0,0,0,0,0,0,2,2,0,2,0,0,0,0,0,2,2,2,0,2,3,2,3,3,1,1,3,1,2,2,0,0,0,0,0,0,0,2,2,2,2,3,1,5,2,2,5,0,4,2,0,0,0,0,2,3,5,2,0,0,0,0,0,0,0,0,0,0,0,0,0,0,0,0,0,0,0,0,0,0,0,0,0,0,0,0,0,0,0,0,0,0,0,0,0,0,0,0,0,0,0,0,0,0,0,0,0,0,0,0,0,0,0,0,0,0,0,0,0,0,0,0,0,0,0,0,0,0,0,0,0,0,0,0,0,0,0,0,0,0,0,0,0,0,0,0,0,0,0,0,0,0,0,0,2,1,1,3,2,3,2,2,5,1,5,5,2,1,4,3,0,0,0,0,0,0,0,0,0,0,0,0,0,0,0,0,0,0,0,0,0,0,0,0,0,0,0,0,0,0,0,0,0,0,0,0,0,0,0,0,0,0,0,0,0,0,0,0,0,0,0,0,0,0,0,0,0,0,0,0,0,0,0,0,0,0,0,0,0,0,0,0,0,0,0,0,0,0,0,0,0,0,0,0,0,0,0,0,0,0,0,0,0,0,0,0,0,0,0,0,0,0,0,0,0,0,0,0,0,0,0,0,0,0,0,0,0,0,0,0,0,0,0,0,0,0,0,0,0,0,0,0,0,0,0,0,0,0,0,0,0,0,0,0,0,0,0,0,0,0,0,0,0,0,0,0,0,0,0,0,0,0,0,0,0,0,0,0,0,0,0,0,0,0,0,0,0,0,0,0,0,0,0,0,0,0,0,0,0,0,0,0,0,0,0,0,0,0,0,0,0,0,0,0,0,0,0,0,0,0,0,0,0,0,0,0,0,0,0,0,0,0,0,0,0,0,0,0,0,0,0,0,0,0,0,0,0,0,0,0,0,0,0,0,0,0,0,0,0,0,0,0,0,0,0,0,0,0,0,0,0,0,0,0,0,0,0,0,0,0,0,0,0,0,0,0,0,0,0,0,0,0,0,0,3,2,3,5,5,3,3,3,3,3,2,2,2,3,5,5,3,0,0,0,0,0,0,0,0,0,0,0,0,0,0,0,0,0,0,0,0,0,0,0,0,0,0,0,0,0,0,0,0,0,0,0,0,0,0,0,0,0,0,0,0,0,0,0,0,0,0,0,0,0,0,0,0,0,0,0,0,0,0,0,0,0,0,0,0,0,0,0,0,0,0,0,0,0,0,0,0,0,0,0,0,0,0,0,0,0,0,0,0,0,0,0,0,0,0,0,0,0,0,0,0,0,0,0,0,0,0,0,0,0,0,0,0,0,0,0,0,0,0,0,0,0,0,0,0,0,3,3,3,5,3,1,3,3,1,3,3,2,0,0,0,0,0,0,0,0,0,0,0,0,0,0,0,0,0,0,0,0,0,0,0,0,0,0,0,0,0,0,0,0,0,0,0,0,0,0,0,0,0,0,0,0,0,0,0,0,0,0,0,0,0,0,0,0,1.8530349731445312,-4.658527374267578,-4.030849456787109,9.737643241882324,-2.9984943866729736,-1.9661651849746704,-14.96034049987793,0.4598832428455353,13.04044246673584,7.571272850036621,-7.63264274597168,-3.604036569595337,-15.664013862609863,1.204807996749878,-6.500205993652344,-0.9687292575836182,6.0557169914245605,-3.079799175262451,-9.533434867858888,9.322183609008787,1.670101761817932,8.956476211547852,20.80240249633789,7.276330947875977,-12.157814025878906,-0.4610912799835205,-0.1399378329515457,-13.9105224609375,0.3595442771911621,1.7057716846466064,18.18109703063965,-10.523487091064451,-4.180082321166992,-4.945581436157227,4.013066291809082,3.990270137786865,2.3125112056732178,1.2639843225479126,12.580979347229004,6.605502128601074,-4.619199752807617,1.873112440109253,-7.510413646697998,0.5611295700073242,-14.37574577331543,7.909680366516113,-0.4532480835914612,5.840151309967041,-8.0966157913208,5.939896106719971,8.221756935119629,-5.016767501831055,-4.162717819213867,-11.57115077972412,-4.458024024963379,-7.912139892578125,-6.6663899421691895,-0.4653239846229553,6.293329238891602,6.15220832824707,1.3297580480575562,-11.893929481506348,-2.1734774112701416,4.118427753448486,-16.96569061279297,0.4177552163600921,11.561286926269531,-0.0399145372211933,-1.4194875955581665,3.409749984741211,-6.201639652252197,2.1866719722747803,10.036521911621094,-7.521698951721191,-0.4851589798927307,8.891809463500977,-5.44782304763794,5.271335601806641,-1.980424761772156,7.354063034057617,7.577871322631836,-2.8751587867736816,-5.138279914855957,-12.030372619628906,4.25287389755249,-4.969905376434326,-10.863699913024902,6.088937759399414,6.792735576629639,-5.151357173919678,6.174363613128662,3.408080101013184,1.9416725635528564,9.12548542022705,6.022986888885498,0.7924678921699524,5.606646537780762,8.158620834350586,6.674055576324463,5.397951602935791,-5.027764797210693,-12.29220485687256,-7.0614848136901855,-16.85663604736328,6.254953384399414,-11.411067008972168,-0.0749044716358184,5.353038311004639,2.369870901107788,-7.559484481811523,-15.672358512878418,4.442190647125244,5.363010883331299,0.2157223969697952,0.6310232281684875,-7.92146110534668,11.630326271057127,10.166769981384276,-5.099592685699463,7.421009063720703,-13.640725135803224,0.6367079615592957,-2.5963828563690186,8.35844612121582,3.4419448375701904,-8.896722793579102,-12.48739528656006,-2.402193307876587,-7.272159576416016,-0.5893542766571045,1.6692721843719482,3.7106738090515137,13.971692085266112,14.984148979187012,-5.660582542419434,17.27928352355957,18.48720932006836,-2.708685398101806,12.57545280456543,-5.380226135253906,7.393804550170898,-1.6580417156219482,-0.9544976949691772,1.2525255680084229,11.253314971923828,8.729475975036621,1.8493515253067017,2.4063527584075928,-2.822728157043457,11.34857940673828,5.008126258850098,1.4956356287002563,13.439196586608888,-5.796448230743408,-1.141514778137207,1.276637315750122,-8.754419326782227,-8.380428314208984,1.1714117527008057,-6.287244319915772,-3.6631722450256343,-4.266481876373291,-7.744760036468506,2.2702319622039795,0.5364584922790527,-11.464098930358888,1.0395457744598389,-2.612571477890014,2.212550163269043,5.66373348236084,-8.256474494934082,-5.563658714294434,16.521900177001953,-0.5367701053619385,0.4324423670768738,-0.145660862326622,8.855581283569336,-4.272902965545654,-8.640848159790039,11.658939361572266,-5.601600646972656,12.32285499572754,-4.425475597381592,11.125805854797363,14.842090606689451,-2.159653186798096,-5.660470485687256,-4.308452129364014,-6.863964557647705,-6.641556739807129,-2.0419578552246094,-1.112073540687561,-1.8706185817718504,0.718176543712616,3.55500602722168,-2.683093547821045,-7.48737907409668,-14.146921157836914,-4.50576114654541,-0.376456618309021,5.655350685119629,3.592123508453369,5.6093621253967285,4.141177654266357,8.786958694458008,-3.6155519485473633,13.625585556030272,6.748260498046875,10.980544090270996,-0.9585989713668824,14.095067024230955,-2.306509733200073,7.285440444946289,-9.270177841186523,-0.5305300354957581,-0.4747460484504699,-4.933419227600098,7.077274322509766,-8.059866905212402,8.019944190979004,1.854814887046814,-10.058802604675291,-0.409218817949295,1.628612756729126,3.770975112915039,-6.801218986511231,-0.8165393471717834,1.9567605257034304,5.846523284912109,-12.473661422729492,1.148570895195007,-0.8755373358726501,-5.392159938812256,-16.955331802368164,-3.899886131286621,-4.084234237670898,-5.259737968444824,-2.53803825378418,-5.6376142501831055,11.234333038330078,6.572106838226318,1.2470664978027344,6.230426788330078,-1.22527813911438,-9.068314552307127,5.586015224456787,-16.951032638549805,-10.688481330871582,4.998434066772461,-8.31132984161377,-20.84383773803711,2.4661993980407715,-1.799560308456421,-1.3346961736679075,-13.907740592956545,1.5649422407150269,4.914261817932129,-10.17722511291504,10.269938468933104,-8.887068748474121,0.160119891166687,9.236932754516602,6.95370626449585,11.317044258117676,4.046197891235352,-9.105313301086426,-11.011494636535645,8.881538391113281,-1.170666217803955,-9.78513526916504,-2.432509422302246,6.539577484130859,-2.568716049194336,1.7187681198120115,1.1412471532821655,-3.881979465484619,-1.5842764377593994,-2.5016872882843018,-0.8156914114952087,-1.9556443691253664,-9.049471855163574,-7.057839870452881,-19.39498519897461,-8.272579193115234,-0.9994909763336182,5.96936559677124,-2.580027341842652,-4.361774444580078,-10.151061058044434,-0.4086900055408478,-1.4241305589675903,17.28927230834961,14.045676231384276,-0.1921228766441345,-11.240957260131836,-3.73077654838562,-6.168093204498291,-4.489950656890869,-13.359582901000977,-1.7490429878234863,-1.0,2.037426497940624
OXYR_HUMAN,CHEMBL1817704,CCC(C)C1NC(=O)C(Cc2ccccc2)NC(=O)C(N)CSSCC(C(=O)N2CCCC2C(=O)NC(CCCNC(C)C)C(=O)NCC(N)=O)NC(=O)C(CC(N)=O)NC(=O)C(CCC(N)=O)NC1=O,0,0,0,0,0,0,0,0,0,0,0,0,0,0,0,0,0,0,0,0,0,0,0,0,0,0,0,0,0,0,0,0,0,0,0,0,0,0,0,0,0,0,0,0,0,0,0,0,0,0,0,0,0,0,0,0,0,0,0,0,0,0,0,0,0,0,0,0,0,0,0,0,0,0,0,0,0,0,0,0,0,0,0,0,0,0,0,0,0,0,0,0,0,0,0,0,0,0,0,0,0,0,0,0,0,0,0,0,0,0,0,0,0,0,0,0,0,0,0,0,0,0,0,0,0,0,0,0,0,0,0,0,0,0,0,0,0,0,0,0,0,0,0,0,0,0,0,0,0,0,0,0,0,0,0,0,0,0,0,0,0,0,0,0,0,0,0,0,0,0,0,0,0,0,0,0,0,0,0,0,0,0,0,0,0,2,4,1,2,2,2,2,3,2,3,2,4,2,2,3,2,0,0,0,0,0,0,0,0,0,0,0,0,0,0,0,0,3,2,2,1,0,0,0,0,0,0,0,0,0,0,0,0,0,0,0,0,0,1,1,2,4,1,3,0,0,0,0,0,0,0,0,0,0,0,5,3,0,0,0,0,0,0,0,0,0,0,0,0,0,0,0,0,0,0,0,0,0,0,0,0,0,0,0,0,0,0,0,0,0,0,0,0,0,0,0,0,0,0,0,0,0,0,0,0,0,0,0,0,0,0,0,0,0,0,0,0,0,0,0,0,0,0,0,0,0,0,0,0,0,0,0,0,0,0,0,0,0,0,0,0,0,0,0,0,0,0,0,0,0,0,0,0,0,0,0,0,0,0,0,0,0,0,0,0,0,0,0,0,0,0,0,0,0,0,0,0,0,0,0,0,0,0,0,0,0,0,0,0,0,0,0,0,0,0,0,0,0,0,0,0,0,0,0,0,0,0,0,0,0,0,0,0,0,0,0,0,0,0,0,0,0,0,0,0,0,0,0,0,0,0,0,0,2,1,1,1,5,5,3,0,0,0,0,0,0,0,0,0,0,0,0,0,0,0,0,0,0,0,0,0,0,0,0,0,0,0,0,0,0,0,0,0,0,0,0,0,0,0,0,0,0,0,0,0,0,0,0,0,0,0,0,0,0,0,0,0,0,0,0,0,0,0,0,0,0,0,0,0,0,0,0,0,0,0,0,0,0,0,0,0,0,0,0,0,0,0,0,0,0,0,0,0,0,0,0,0,0,0,0,0,0,0,0,0,0,0,0,0,0,0,0,0,0,0,0,0,0,0,0,0,0,0,0,0,0,0,0,0,0,0,0,0,0,0,0,0,0,0,0,0,0,0,0,0,0,0,0,0,4,2,2,2,5,2,4,2,0,0,0,0,0,0,0,0,0,0,0,0,0,0,0,0,0,2,2,2,1,2,0,2,2,0,0,0,0,0,0,0,0,0,0,0,2,2,2,2,3,1,3,2,1,0,0,0,0,0,0,2,2,2,2,2,0,0,5,0,0,0,0,3,3,0,0,0,0,0,0,0,0,0,0,0,5,3,5,5,0,0,0,0,0,3,0,0,0,0,0,0,0,5,2,2,2,2,2,5,0,0,0,0,0,0,0,0,0,0,0,0,0,0,0,5,2,3,0,2,2,4,0,0,0,0,0,0,0,0,0,0,0,0,0,0,0,0,0,0,0,0,0,0,0,0,0,0,0,0,0,0,0,0,2,2,2,2,2,2,3,2,2,0,0,0,0,0,0,0,0,0,0,0,0,0,0,0,0,0,0,0,0,0,0,0,0,1,3,2,2,0,0,0,0,0,0,0,0,0,0,0,0,0,0,0,0,0,0,0,0,0,0,0,0,0,0,0,0,0,2,4,2,3,2,5,2,2,1,0,1,4,2,0,0,0,0,0,2,1,0,0,0,0,0,0,0,0,0,0,0,0,0,0,0,0,0,0,0,0,0,0,0,0,0,0,0,0,0,0,0,0,0,0,0,0,0,0,0,0,0,0,0,0,0,0,0,5,0,2,2,5,0,2,2,3,2,2,1,2,2,2,0,0,0,3,3,2,2,0,0,0,0,0,0,0,0,0,0,0,0,2,2,0,0,0,0,0,0,0,0,0,0,0,0,0,0,0,0,0,0,0,0,0,0,0,0,0,0,0,0,0,0,0,2,2,3,2,4,5,0,0,0,0,0,0,0,0,0,0,0,0,0,0,0,0,0,0,0,0,0,0,0,0,0,0,0,0,0,0,0,0,0,0,1,0,0,0,0,0,0,0,0,0,0,0,0,0,0,0,0,0,0,0,0,0,0,0,0,0,0,2,2,0,0,0,0,0,0,2,0,1,3,1,2,0,0,0,0,0,0,0,0,0,0,0,0,0,0,0,0,0,0,0,0,0,0,0,0,0,0,0,0,5,3,0,0,0,0,2,5,5,0,0,5,3,0,0,0,0,0,0,0,0,0,0,0,0,0,0,0,4,5,0,0,0,0,2,2,2,0,0,0,0,2,2,3,2,2,0,0,0,1,1,2,2,2,3,0,0,2,1,3,2,5,0,0,0,0,0,0,0,0,0,0,0,0,2,2,3,0,0,0,0,0,0,0,0,0,0,0,0,0,0,0,0,0,0,0,0,0,0,0,0,0,0,0,0,0,0,0,0,0,0,0,0,0,0,0,2,5,0,0,0,0,4,0,0,0,0,0,0,0,0,0,0,0,0,0,0,0,0,0,0,0,0,0,0,0,0,0,0,0,0,0,0,0,0,0,0,0,0,0,0,0,0,0,0,0,0,0,0,0,0,0,0,0,0,0,0,0,0,0,0,0,0,0,0,0,0,0,0,0,0,0,0,0,0,0,0,0,0,0,0,0,0,0,0,0,0,0,0,0,0,0,0,0,0,0,2,2,0,0,4,1,2,2,4,0,0,0,0,0,1,2,2,2,0,0,0,0,0,0,0,0,0,0,0,0,0,0,0,0,0,0,0,0,0,0,0,0,0,0,0,0,0,0,0,0,0,0,0,0,0,0,0,0,0,0,0,2,2,0,0,0,0,0,0,0,0,0,0,0,0,0,0,0,0,3,1,2,1,1,0,0,0,0,5,0,0,0,0,0,0,0,2,2,0,0,0,0,0,0,0,0,2,3,2,2,0,0,0,3,2,2,2,2,0,2,2,1,2,2,0,2,2,0,0,0,0,0,0,0,0,0,0,0,0,0,0,0,0,0,0,2,2,1,0,0,0,0,0,0,0,0,0,0,0,0,0,0,0,0,2,1,2,2,3,2,0,0,0,0,0,0,0,5,2,0,0,0,0,0,0,0,0,0,0,0,0,0,0,0,0,2,3,0,0,0,0,0,0,0,0,0,0,0,0,0,0,0,0,0,0,0,0,0,0,0,0,0,0,0,0,0,0,0,0,0,0,0,0,0,0,0,0,0,0,0,3,2,5,2,0,0,0,0,0,0,0,0,0,0,0,0,0,0,0,0,0,0,0,0,0,0,0,0,0,0,0,0,0,0,0,0,0,0,0,0,0,0,0,0,0,0,0,0,0,0,0,0,0,0,0,0,0,0,0,0,0,0,0,0,0,0,0,0,0,0,0,0,0,0,0,0,0,0,0,0,0,0,0,0,0,0,0,0,0,0,0,0,0,0,0,0,0,0,0,0,0,0,0,0,0,0,0,0,0,0,0,0,0,0,0,0,0,0,0,0,0,0,0,0,0,0,0,0,0,0,0,0,0,0,0,0,0,0,0,0,0,0,0,5,3,2,2,2,2,2,2,4,2,1,4,1,2,2,2,1,4,1,1,5,2,2,2,2,5,2,3,3,2,5,2,2,3,5,0,0,0,0,0,0,0,0,0,0,0,0,0,0,0,0,0,0,0,0,0,0,0,2,5,2,5,3,2,0,0,0,0,0,0,0,0,5,0,0,0,2,3,2,2,2,2,0,0,0,0,0,2,2,2,2,2,0,0,0,1,2,3,1,2,2,2,0,0,0,0,0,2,3,2,2,3,2,2,4,2,0,0,0,0,0,0,0,0,3,2,1,5,4,2,0,0,0,0,3,0,0,0,0,0,0,0,0,0,0,0,0,0,0,0,0,0,2,0,0,2,0,0,0,0,0,0,0,0,0,0,0,0,0,0,0,0,0,0,0,0,0,0,0,0,0,0,0,0,0,0,0,0,0,0,0,0,0,0,0,0,0,0,0,0,0,0,0,0,0,0,0,0,0,0,0,0,0,0,0,0,0,0,0,0,0,0,0,0,0,0,0,0,0,0,0,0,0,2,2,0,2,0,0,0,0,0,2,2,2,0,2,3,2,3,3,1,1,3,1,2,2,0,0,0,0,0,0,0,2,2,2,2,3,1,5,2,2,5,0,4,2,0,0,0,0,2,3,5,2,0,0,0,0,0,0,0,0,0,0,0,0,0,0,0,0,0,0,0,0,0,0,0,0,0,0,0,0,0,0,0,0,0,0,0,0,0,0,0,0,0,0,0,0,0,0,0,0,0,0,0,0,0,0,0,0,0,0,0,0,0,0,0,0,0,0,0,0,0,0,0,0,0,0,0,0,0,0,0,0,0,0,0,0,0,0,0,0,0,0,0,0,0,0,0,0,2,1,1,3,2,3,2,2,5,1,5,5,2,1,4,3,0,0,0,0,0,0,0,0,0,0,0,0,0,0,0,0,0,0,0,0,0,0,0,0,0,0,0,0,0,0,0,0,0,0,0,0,0,0,0,0,0,0,0,0,0,0,0,0,0,0,0,0,0,0,0,0,0,0,0,0,0,0,0,0,0,0,0,0,0,0,0,0,0,0,0,0,0,0,0,0,0,0,0,0,0,0,0,0,0,0,0,0,0,0,0,0,0,0,0,0,0,0,0,0,0,0,0,0,0,0,0,0,0,0,0,0,0,0,0,0,0,0,0,0,0,0,0,0,0,0,0,0,0,0,0,0,0,0,0,0,0,0,0,0,0,0,0,0,0,0,0,0,0,0,0,0,0,0,0,0,0,0,0,0,0,0,0,0,0,0,0,0,0,0,0,0,0,0,0,0,0,0,0,0,0,0,0,0,0,0,0,0,0,0,0,0,0,0,0,0,0,0,0,0,0,0,0,0,0,0,0,0,0,0,0,0,0,0,0,0,0,0,0,0,0,0,0,0,0,0,0,0,0,0,0,0,0,0,0,0,0,0,0,0,0,0,0,0,0,0,0,0,0,0,0,0,0,0,0,0,0,0,0,0,0,0,0,0,0,0,0,0,0,0,0,0,0,0,0,0,0,0,0,0,3,2,3,5,5,3,3,3,3,3,2,2,2,3,5,5,3,0,0,0,0,0,0,0,0,0,0,0,0,0,0,0,0,0,0,0,0,0,0,0,0,0,0,0,0,0,0,0,0,0,0,0,0,0,0,0,0,0,0,0,0,0,0,0,0,0,0,0,0,0,0,0,0,0,0,0,0,0,0,0,0,0,0,0,0,0,0,0,0,0,0,0,0,0,0,0,0,0,0,0,0,0,0,0,0,0,0,0,0,0,0,0,0,0,0,0,0,0,0,0,0,0,0,0,0,0,0,0,0,0,0,0,0,0,0,0,0,0,0,0,0,0,0,0,0,0,3,3,3,5,3,1,3,3,1,3,3,2,0,0,0,0,0,0,0,0,0,0,0,0,0,0,0,0,0,0,0,0,0,0,0,0,0,0,0,0,0,0,0,0,0,0,0,0,0,0,0,0,0,0,0,0,0,0,0,0,0,0,0,0,0,0,0,0,0.7975170612335205,-8.222604751586914,-3.277747392654419,7.613437652587891,4.8928070068359375,-18.98014259338379,-31.71497344970703,-5.947093486785889,25.1577205657959,-4.361120700836182,5.2428297996521,22.874408721923828,-0.863813042640686,16.193763732910156,-34.65689849853516,0.4590470790863037,23.32017517089844,-31.14034080505371,-30.542383193969727,37.073280334472656,6.993991374969482,16.131654739379883,57.40361785888672,16.859432220458984,-19.22972679138184,6.45343542098999,-19.413576126098636,-40.04840469360352,1.0060073137283323,-15.60417366027832,20.279590606689453,-12.064467430114746,-16.35504722595215,1.5530182123184204,-1.346968412399292,10.316771507263184,4.560964584350586,-2.600445032119751,21.860515594482425,23.756406784057617,4.749965667724609,4.236366748809815,-5.754374027252197,-11.933917045593262,-25.15257453918457,21.579910278320312,12.90274143218994,43.76571273803711,-8.354735374450684,-0.0224948525428771,9.475274085998535,-24.781570434570312,0.0897055864334106,-19.557268142700195,-33.01801681518555,-23.66415405273437,-17.61639404296875,15.759002685546877,5.415924549102783,8.935938835144043,2.37338924407959,-19.124570846557617,-17.531757354736328,13.539950370788574,-43.40682220458984,4.1036787033081055,20.419898986816406,9.4855318069458,-19.398801803588867,-2.0201938152313232,-6.305954456329346,13.10737419128418,12.473084449768066,-31.291040420532227,0.4171434044837951,5.401627540588379,-28.309253692626957,0.7093476057052612,11.186004638671877,2.363633871078491,20.38247299194336,2.1321442127227783,-9.650583267211914,-42.20140075683594,21.145097732543945,-14.333056449890137,-9.69209098815918,5.595272541046143,8.263123512268066,-2.927229642868042,6.21947193145752,14.720294952392578,16.341583251953125,6.22705602645874,7.744580745697021,-5.432762145996094,19.921037673950195,7.594874382019043,18.975624084472656,-9.70193576812744,-6.089603424072266,-20.115406036376957,-24.14971923828125,-11.310379981994627,13.283092498779297,-32.19874572753906,-17.179414749145508,11.985054969787598,8.144001960754395,-19.53730583190918,-20.84374046325684,15.860143661499023,8.477487564086914,-12.553011894226074,-5.581794738769531,-7.915333271026611,19.880104064941406,22.65578269958496,-2.6238157749176025,5.367121696472168,-11.941049575805664,17.203996658325195,1.2120331525802612,33.52711868286133,-1.92615270614624,-34.049434661865234,-30.804956436157227,3.742031097412109,-15.44957160949707,0.5888976454734802,2.3431198596954346,-3.993860721588135,14.585376739501951,41.9868278503418,7.404453277587891,31.328866958618164,-3.408328056335449,-9.564129829406738,19.607650756835938,-14.692831993103027,24.233383178710938,-2.1023857593536377,-10.70269775390625,-4.978761196136475,13.819470405578612,2.429978132247925,6.662470817565918,6.386806964874268,13.088427543640137,37.7324104309082,-4.286654472351074,19.24116325378418,16.911096572875977,-23.801815032958984,-6.0981035232543945,0.5256506204605103,-16.904165267944336,-2.243591070175171,0.7757254838943481,-19.435291290283203,9.44212818145752,14.012418746948242,-12.38950538635254,5.641932010650635,17.40976905822754,-25.008228302001957,13.346506118774414,-9.266902923583984,1.974971890449524,19.16524124145508,-15.409168243408203,-22.60672950744629,36.09979248046875,-6.126694679260254,13.690343856811523,-2.931743860244751,14.200207710266112,-3.128284215927124,-12.249635696411133,23.36258316040039,-13.178678512573242,24.82260513305664,-3.162386417388916,32.08930206298828,11.133606910705566,-10.86921501159668,3.318528890609741,2.3510122299194336,-7.190008640289307,-19.26496124267578,2.8400607109069824,-9.873659133911133,-19.926767349243164,4.063479423522949,14.636137962341309,6.267786502838135,2.5530014038085938,-29.22232818603516,-8.482304573059082,-9.341075897216797,-0.782855212688446,-7.567742347717285,7.515509128570557,-7.576054096221924,-5.596805572509766,-4.540588855743408,33.17545318603516,30.17544937133789,26.986404418945312,-15.974942207336426,29.437593460083008,-1.0419752597808838,36.19843673706055,-16.268630981445312,12.04491901397705,-3.2132132053375244,12.936810493469238,10.973057746887209,-9.908905029296877,15.010311126708984,9.990154266357422,-21.821834564208984,-11.215880393981934,0.480229914188385,9.194857597351074,-13.499197959899902,-3.837221622467041,-3.6625916957855225,12.51255702972412,-28.683496475219727,7.444218635559082,-3.42771315574646,-20.75410461425781,-24.742406845092773,5.7996931076049805,-25.508150100708008,-5.803854942321777,-8.866798400878906,-6.666172504425049,30.091495513916016,18.21757698059082,-30.94198226928711,19.77377700805664,-9.562597274780272,-2.496417760848999,23.859920501708984,-44.96318817138672,-16.301673889160156,2.570399522781372,12.819616317749023,-47.95730209350586,11.03510284423828,10.961540222167969,-8.516200065612793,-27.06171989440918,22.21679306030273,4.193259239196777,-18.6008243560791,33.41373825073242,-26.202287673950195,-10.08527374267578,7.955804347991943,5.145602703094482,17.80232810974121,-4.303313255310059,-26.160585403442383,-9.493285179138184,1.883267045021057,7.0174078941345215,-22.323719024658203,2.5579099655151367,11.128880500793455,-12.88111686706543,3.8527371883392334,-2.3462631702423096,-22.28482818603516,-11.221728324890137,-10.788311958312988,-12.991918563842772,22.338722229003903,-15.143091201782228,-19.96361351013184,-25.573638916015625,-16.076171875,-13.682549476623535,13.795652389526367,0.7773303389549255,-3.6401777267456055,-11.761816024780272,-10.424324989318848,9.37350368499756,32.28399658203125,11.575040817260742,11.006229400634766,-29.525611877441406,-18.91319465637207,-16.06729507446289,-23.319061279296875,-44.12760925292969,-3.382150411605835,1.0,1.5185139398778873
OXYR_HUMAN,CHEMBL1819440,NCCCC(NC(=O)C1CCCN1C(=O)C1CSSCC(N)C(=O)NC(Cc2ccc(O)cc2)C(=O)NC(Cc2ccccc2)C(=O)NC(CCC(N)=O)C(=O)NC(CC(N)=O)C(=O)N1)C(=O)NCC(N)=O,0,0,0,0,0,0,0,0,0,0,0,0,0,0,0,0,0,0,0,0,0,0,0,0,0,0,0,0,0,0,0,0,0,0,0,0,0,0,0,0,0,0,0,0,0,0,0,0,0,0,0,0,0,0,0,0,0,0,0,0,0,0,0,0,0,0,0,0,0,0,0,0,0,0,0,0,0,0,0,0,0,0,0,0,0,0,0,0,0,0,0,0,0,0,0,0,0,0,0,0,0,0,0,0,0,0,0,0,0,0,0,0,0,0,0,0,0,0,0,0,0,0,0,0,0,0,0,0,0,0,0,0,0,0,0,0,0,0,0,0,0,0,0,0,0,0,0,0,0,0,0,0,0,0,0,0,0,0,0,0,0,0,0,0,0,0,0,0,0,0,0,0,0,0,0,0,0,0,0,0,0,0,0,0,0,2,4,1,2,2,2,2,3,2,3,2,4,2,2,3,2,0,0,0,0,0,0,0,0,0,0,0,0,0,0,0,0,3,2,2,1,0,0,0,0,0,0,0,0,0,0,0,0,0,0,0,0,0,1,1,2,4,1,3,0,0,0,0,0,0,0,0,0,0,0,5,3,0,0,0,0,0,0,0,0,0,0,0,0,0,0,0,0,0,0,0,0,0,0,0,0,0,0,0,0,0,0,0,0,0,0,0,0,0,0,0,0,0,0,0,0,0,0,0,0,0,0,0,0,0,0,0,0,0,0,0,0,0,0,0,0,0,0,0,0,0,0,0,0,0,0,0,0,0,0,0,0,0,0,0,0,0,0,0,0,0,0,0,0,0,0,0,0,0,0,0,0,0,0,0,0,0,0,0,0,0,0,0,0,0,0,0,0,0,0,0,0,0,0,0,0,0,0,0,0,0,0,0,0,0,0,0,0,0,0,0,0,0,0,0,0,0,0,0,0,0,0,0,0,0,0,0,0,0,0,0,0,0,0,0,0,0,0,0,0,0,0,0,0,0,0,0,0,2,1,1,1,5,5,3,0,0,0,0,0,0,0,0,0,0,0,0,0,0,0,0,0,0,0,0,0,0,0,0,0,0,0,0,0,0,0,0,0,0,0,0,0,0,0,0,0,0,0,0,0,0,0,0,0,0,0,0,0,0,0,0,0,0,0,0,0,0,0,0,0,0,0,0,0,0,0,0,0,0,0,0,0,0,0,0,0,0,0,0,0,0,0,0,0,0,0,0,0,0,0,0,0,0,0,0,0,0,0,0,0,0,0,0,0,0,0,0,0,0,0,0,0,0,0,0,0,0,0,0,0,0,0,0,0,0,0,0,0,0,0,0,0,0,0,0,0,0,0,0,0,0,0,0,0,4,2,2,2,5,2,4,2,0,0,0,0,0,0,0,0,0,0,0,0,0,0,0,0,0,2,2,2,1,2,0,2,2,0,0,0,0,0,0,0,0,0,0,0,2,2,2,2,3,1,3,2,1,0,0,0,0,0,0,2,2,2,2,2,0,0,5,0,0,0,0,3,3,0,0,0,0,0,0,0,0,0,0,0,5,3,5,5,0,0,0,0,0,3,0,0,0,0,0,0,0,5,2,2,2,2,2,5,0,0,0,0,0,0,0,0,0,0,0,0,0,0,0,5,2,3,0,2,2,4,0,0,0,0,0,0,0,0,0,0,0,0,0,0,0,0,0,0,0,0,0,0,0,0,0,0,0,0,0,0,0,0,2,2,2,2,2,2,3,2,2,0,0,0,0,0,0,0,0,0,0,0,0,0,0,0,0,0,0,0,0,0,0,0,0,1,3,2,2,0,0,0,0,0,0,0,0,0,0,0,0,0,0,0,0,0,0,0,0,0,0,0,0,0,0,0,0,0,2,4,2,3,2,5,2,2,1,0,1,4,2,0,0,0,0,0,2,1,0,0,0,0,0,0,0,0,0,0,0,0,0,0,0,0,0,0,0,0,0,0,0,0,0,0,0,0,0,0,0,0,0,0,0,0,0,0,0,0,0,0,0,0,0,0,0,5,0,2,2,5,0,2,2,3,2,2,1,2,2,2,0,0,0,3,3,2,2,0,0,0,0,0,0,0,0,0,0,0,0,2,2,0,0,0,0,0,0,0,0,0,0,0,0,0,0,0,0,0,0,0,0,0,0,0,0,0,0,0,0,0,0,0,2,2,3,2,4,5,0,0,0,0,0,0,0,0,0,0,0,0,0,0,0,0,0,0,0,0,0,0,0,0,0,0,0,0,0,0,0,0,0,0,1,0,0,0,0,0,0,0,0,0,0,0,0,0,0,0,0,0,0,0,0,0,0,0,0,0,0,2,2,0,0,0,0,0,0,2,0,1,3,1,2,0,0,0,0,0,0,0,0,0,0,0,0,0,0,0,0,0,0,0,0,0,0,0,0,0,0,0,0,5,3,0,0,0,0,2,5,5,0,0,5,3,0,0,0,0,0,0,0,0,0,0,0,0,0,0,0,4,5,0,0,0,0,2,2,2,0,0,0,0,2,2,3,2,2,0,0,0,1,1,2,2,2,3,0,0,2,1,3,2,5,0,0,0,0,0,0,0,0,0,0,0,0,2,2,3,0,0,0,0,0,0,0,0,0,0,0,0,0,0,0,0,0,0,0,0,0,0,0,0,0,0,0,0,0,0,0,0,0,0,0,0,0,0,0,2,5,0,0,0,0,4,0,0,0,0,0,0,0,0,0,0,0,0,0,0,0,0,0,0,0,0,0,0,0,0,0,0,0,0,0,0,0,0,0,0,0,0,0,0,0,0,0,0,0,0,0,0,0,0,0,0,0,0,0,0,0,0,0,0,0,0,0,0,0,0,0,0,0,0,0,0,0,0,0,0,0,0,0,0,0,0,0,0,0,0,0,0,0,0,0,0,0,0,0,2,2,0,0,4,1,2,2,4,0,0,0,0,0,1,2,2,2,0,0,0,0,0,0,0,0,0,0,0,0,0,0,0,0,0,0,0,0,0,0,0,0,0,0,0,0,0,0,0,0,0,0,0,0,0,0,0,0,0,0,0,2,2,0,0,0,0,0,0,0,0,0,0,0,0,0,0,0,0,3,1,2,1,1,0,0,0,0,5,0,0,0,0,0,0,0,2,2,0,0,0,0,0,0,0,0,2,3,2,2,0,0,0,3,2,2,2,2,0,2,2,1,2,2,0,2,2,0,0,0,0,0,0,0,0,0,0,0,0,0,0,0,0,0,0,2,2,1,0,0,0,0,0,0,0,0,0,0,0,0,0,0,0,0,2,1,2,2,3,2,0,0,0,0,0,0,0,5,2,0,0,0,0,0,0,0,0,0,0,0,0,0,0,0,0,2,3,0,0,0,0,0,0,0,0,0,0,0,0,0,0,0,0,0,0,0,0,0,0,0,0,0,0,0,0,0,0,0,0,0,0,0,0,0,0,0,0,0,0,0,3,2,5,2,0,0,0,0,0,0,0,0,0,0,0,0,0,0,0,0,0,0,0,0,0,0,0,0,0,0,0,0,0,0,0,0,0,0,0,0,0,0,0,0,0,0,0,0,0,0,0,0,0,0,0,0,0,0,0,0,0,0,0,0,0,0,0,0,0,0,0,0,0,0,0,0,0,0,0,0,0,0,0,0,0,0,0,0,0,0,0,0,0,0,0,0,0,0,0,0,0,0,0,0,0,0,0,0,0,0,0,0,0,0,0,0,0,0,0,0,0,0,0,0,0,0,0,0,0,0,0,0,0,0,0,0,0,0,0,0,0,0,0,5,3,2,2,2,2,2,2,4,2,1,4,1,2,2,2,1,4,1,1,5,2,2,2,2,5,2,3,3,2,5,2,2,3,5,0,0,0,0,0,0,0,0,0,0,0,0,0,0,0,0,0,0,0,0,0,0,0,2,5,2,5,3,2,0,0,0,0,0,0,0,0,5,0,0,0,2,3,2,2,2,2,0,0,0,0,0,2,2,2,2,2,0,0,0,1,2,3,1,2,2,2,0,0,0,0,0,2,3,2,2,3,2,2,4,2,0,0,0,0,0,0,0,0,3,2,1,5,4,2,0,0,0,0,3,0,0,0,0,0,0,0,0,0,0,0,0,0,0,0,0,0,2,0,0,2,0,0,0,0,0,0,0,0,0,0,0,0,0,0,0,0,0,0,0,0,0,0,0,0,0,0,0,0,0,0,0,0,0,0,0,0,0,0,0,0,0,0,0,0,0,0,0,0,0,0,0,0,0,0,0,0,0,0,0,0,0,0,0,0,0,0,0,0,0,0,0,0,0,0,0,0,0,2,2,0,2,0,0,0,0,0,2,2,2,0,2,3,2,3,3,1,1,3,1,2,2,0,0,0,0,0,0,0,2,2,2,2,3,1,5,2,2,5,0,4,2,0,0,0,0,2,3,5,2,0,0,0,0,0,0,0,0,0,0,0,0,0,0,0,0,0,0,0,0,0,0,0,0,0,0,0,0,0,0,0,0,0,0,0,0,0,0,0,0,0,0,0,0,0,0,0,0,0,0,0,0,0,0,0,0,0,0,0,0,0,0,0,0,0,0,0,0,0,0,0,0,0,0,0,0,0,0,0,0,0,0,0,0,0,0,0,0,0,0,0,0,0,0,0,0,2,1,1,3,2,3,2,2,5,1,5,5,2,1,4,3,0,0,0,0,0,0,0,0,0,0,0,0,0,0,0,0,0,0,0,0,0,0,0,0,0,0,0,0,0,0,0,0,0,0,0,0,0,0,0,0,0,0,0,0,0,0,0,0,0,0,0,0,0,0,0,0,0,0,0,0,0,0,0,0,0,0,0,0,0,0,0,0,0,0,0,0,0,0,0,0,0,0,0,0,0,0,0,0,0,0,0,0,0,0,0,0,0,0,0,0,0,0,0,0,0,0,0,0,0,0,0,0,0,0,0,0,0,0,0,0,0,0,0,0,0,0,0,0,0,0,0,0,0,0,0,0,0,0,0,0,0,0,0,0,0,0,0,0,0,0,0,0,0,0,0,0,0,0,0,0,0,0,0,0,0,0,0,0,0,0,0,0,0,0,0,0,0,0,0,0,0,0,0,0,0,0,0,0,0,0,0,0,0,0,0,0,0,0,0,0,0,0,0,0,0,0,0,0,0,0,0,0,0,0,0,0,0,0,0,0,0,0,0,0,0,0,0,0,0,0,0,0,0,0,0,0,0,0,0,0,0,0,0,0,0,0,0,0,0,0,0,0,0,0,0,0,0,0,0,0,0,0,0,0,0,0,0,0,0,0,0,0,0,0,0,0,0,0,0,0,0,0,0,0,3,2,3,5,5,3,3,3,3,3,2,2,2,3,5,5,3,0,0,0,0,0,0,0,0,0,0,0,0,0,0,0,0,0,0,0,0,0,0,0,0,0,0,0,0,0,0,0,0,0,0,0,0,0,0,0,0,0,0,0,0,0,0,0,0,0,0,0,0,0,0,0,0,0,0,0,0,0,0,0,0,0,0,0,0,0,0,0,0,0,0,0,0,0,0,0,0,0,0,0,0,0,0,0,0,0,0,0,0,0,0,0,0,0,0,0,0,0,0,0,0,0,0,0,0,0,0,0,0,0,0,0,0,0,0,0,0,0,0,0,0,0,0,0,0,0,3,3,3,5,3,1,3,3,1,3,3,2,0,0,0,0,0,0,0,0,0,0,0,0,0,0,0,0,0,0,0,0,0,0,0,0,0,0,0,0,0,0,0,0,0,0,0,0,0,0,0,0,0,0,0,0,0,0,0,0,0,0,0,0,0,0,0,0,2.111512422561645,-7.143374919891357,-4.401302337646484,10.311911582946776,2.6789770126342773,-17.700895309448242,-31.77334976196289,-4.754020690917969,23.998371124267575,-0.5723741054534912,1.749848484992981,18.974164962768555,-5.01552152633667,14.448801040649414,-36.00103759765625,5.555656433105469,21.36165809631348,-31.27457618713379,-33.57047271728516,36.5793342590332,6.323321342468262,13.447275161743164,58.82900619506836,18.35242080688477,-19.93117332458496,4.189788341522217,-18.25061416625977,-39.573219299316406,-1.0495139360427856,-14.223912239074709,24.74790573120117,-13.81016731262207,-14.935015678405762,0.0711148008704185,-1.3747235536575315,12.55953598022461,6.766470909118652,-1.2297791242599487,21.120655059814453,24.93431854248047,3.634140491485596,2.9734792709350586,-7.121826648712158,-6.869553089141846,-27.267757415771484,20.762285232543945,13.504228591918944,40.91085433959961,-9.751721382141112,0.4734148383140564,12.15209674835205,-23.814010620117188,-2.9119369983673096,-19.88552474975586,-31.34126663208008,-21.613269805908203,-17.617998123168945,12.897649765014648,6.707004070281982,9.459145545959473,1.1014304161071775,-24.472118377685547,-13.171262741088867,16.606340408325195,-41.834205627441406,3.991220712661743,20.85243225097656,8.660938262939453,-16.807353973388672,-3.5026867389678955,-5.927961826324463,14.856539726257324,12.147916793823242,-29.91338157653809,1.7461025714874268,5.884195804595947,-22.8550968170166,2.805139780044556,11.904052734375,3.966263055801392,20.681346893310547,1.5685125589370728,-12.991941452026367,-43.44561767578125,23.62908744812012,-16.056562423706055,-9.254942893981934,6.438476085662842,9.399965286254885,-2.6208043098449707,6.943105220794678,11.826539993286133,13.48441219329834,8.793137550354004,6.060160160064697,-7.341187000274658,17.97368621826172,7.665215492248535,15.010872840881348,-8.29940128326416,-4.861697196960449,-22.39881706237793,-24.215335845947266,-14.221123695373535,11.946388244628906,-30.539745330810547,-14.927555084228516,11.089902877807615,6.173584938049316,-19.59509658813477,-23.90390396118164,15.06074333190918,6.478487968444824,-11.366646766662598,-7.859953880310059,-10.324776649475098,18.83476448059082,22.715473175048828,-5.154549598693848,1.938109397888184,-14.335299491882324,16.727235794067383,1.1765258312225342,35.68157196044922,-4.14667272567749,-31.41836166381836,-32.4539909362793,4.575324058532715,-15.029061317443848,2.1991562843322754,4.732198715209961,-5.653204917907715,18.279335021972656,40.16661071777344,7.4869208335876465,30.74721336364746,0.0936339721083641,-8.271328926086426,18.904638290405277,-14.476107597351074,23.31045150756836,-3.0058534145355225,-8.110251426696777,-2.7870635986328125,15.193122863769531,2.9137542247772217,2.775872230529785,6.02910852432251,11.36862850189209,38.9848518371582,-1.6048377752304075,19.051677703857425,17.774179458618164,-22.94436264038086,-8.168920516967773,0.0569087043404579,-17.57524299621582,-4.0958638191223145,2.425703763961792,-18.38973426818848,8.646061897277832,11.710643768310549,-14.494446754455566,5.150561332702637,17.596210479736328,-27.09087181091309,13.038972854614258,-9.155365943908691,2.844538450241089,17.01774024963379,-13.829726219177246,-21.38838768005371,37.02525329589844,-7.509987831115723,13.173810958862305,-3.2885971069335938,14.95580005645752,-5.523007869720459,-16.240665435791016,23.67602157592773,-13.358986854553224,24.14546012878418,-3.5425562858581543,31.26666259765625,14.802597999572754,-10.697319984436035,0.2170233130455017,1.8713505268096924,-7.169990539550781,-18.93758583068848,1.4627925157546997,-9.192269325256348,-19.461162567138672,4.182641506195068,15.161382675170898,3.0648250579833984,1.1249903440475464,-28.507055282592773,-11.914042472839355,-8.415335655212402,1.3485852479934692,-9.10792350769043,6.928082466125488,-4.864142894744873,-5.9294939041137695,-4.976775646209717,33.51359939575195,30.752466201782227,30.267261505126957,-15.023874282836914,28.45823860168457,-0.1055545359849929,33.8111686706543,-17.695608139038086,9.74461555480957,-2.672872543334961,9.399691581726074,13.207512855529783,-8.666982650756836,19.756258010864254,7.844907760620117,-22.79128646850586,-9.72867202758789,0.3474062979221344,8.99377727508545,-12.963946342468262,-3.1917643547058105,-1.1693432331085205,12.045526504516602,-28.39008331298828,9.411310195922852,-0.4864237010478973,-20.66781997680664,-27.726003646850582,5.90197229385376,-26.346227645874023,-5.39118242263794,-9.830559730529783,-6.560157299041748,28.364107131958008,19.630428314208984,-26.21514320373535,21.1779727935791,-8.635642051696777,-5.393528938293457,24.642478942871094,-45.329246520996094,-18.77166748046875,6.473397731781006,14.438937187194824,-49.245391845703125,10.17513370513916,10.828460693359377,-5.90802812576294,-26.77698516845703,22.21172332763672,3.3141090869903564,-18.729494094848636,32.26323699951172,-23.5296630859375,-12.113122940063477,7.453401565551758,8.092106819152832,17.386756896972656,-5.290206432342529,-29.7085075378418,-12.808475494384766,2.412564516067505,3.9296491146087646,-22.67776870727539,3.375433921813965,10.686220169067385,-10.669371604919434,1.8225252628326416,-3.0024335384368896,-20.90572166442871,-11.632102012634276,-11.078082084655762,-12.154797554016112,22.122722625732425,-15.259722709655762,-20.259246826171875,-28.35880851745605,-14.783037185668944,-12.947443008422852,12.003877639770508,0.7082242965698242,-6.159172534942627,-11.845136642456056,-11.15675926208496,7.521337032318115,35.56071090698242,13.082298278808594,12.000055313110352,-31.165752410888672,-18.64771270751953,-16.48105239868164,-21.72291374206543,-44.82378768920898,-3.2330799102783203,1.0,1.851258348719075
OXYR_HUMAN,CHEMBL1092459,COc1ccc(N(C(=O)c2cnc(-c3cccc(C)c3C)cn2)C(C)C)cn1,0,0,0,0,0,0,0,0,0,0,0,0,0,0,0,0,0,0,0,0,0,0,0,0,0,0,0,0,0,0,0,0,0,0,0,0,0,0,0,0,0,0,0,0,0,0,0,0,0,0,0,0,0,0,0,0,0,0,0,0,0,0,0,0,0,0,0,0,0,0,0,0,0,0,0,0,0,0,0,0,0,0,0,0,0,0,0,0,0,0,0,0,0,0,0,0,0,0,0,0,0,0,0,0,0,0,0,0,0,0,0,0,0,0,0,0,0,0,0,0,0,0,0,0,0,0,0,0,0,0,0,0,0,0,0,0,0,0,0,0,0,0,0,0,0,0,0,0,0,0,0,0,0,0,0,0,0,0,0,0,0,0,0,0,0,0,0,0,0,0,0,0,0,0,0,0,0,0,0,0,0,0,0,0,0,2,4,1,2,2,2,2,3,2,3,2,4,2,2,3,2,0,0,0,0,0,0,0,0,0,0,0,0,0,0,0,0,3,2,2,1,0,0,0,0,0,0,0,0,0,0,0,0,0,0,0,0,0,1,1,2,4,1,3,0,0,0,0,0,0,0,0,0,0,0,5,3,0,0,0,0,0,0,0,0,0,0,0,0,0,0,0,0,0,0,0,0,0,0,0,0,0,0,0,0,0,0,0,0,0,0,0,0,0,0,0,0,0,0,0,0,0,0,0,0,0,0,0,0,0,0,0,0,0,0,0,0,0,0,0,0,0,0,0,0,0,0,0,0,0,0,0,0,0,0,0,0,0,0,0,0,0,0,0,0,0,0,0,0,0,0,0,0,0,0,0,0,0,0,0,0,0,0,0,0,0,0,0,0,0,0,0,0,0,0,0,0,0,0,0,0,0,0,0,0,0,0,0,0,0,0,0,0,0,0,0,0,0,0,0,0,0,0,0,0,0,0,0,0,0,0,0,0,0,0,0,0,0,0,0,0,0,0,0,0,0,0,0,0,0,0,0,0,2,1,1,1,5,5,3,0,0,0,0,0,0,0,0,0,0,0,0,0,0,0,0,0,0,0,0,0,0,0,0,0,0,0,0,0,0,0,0,0,0,0,0,0,0,0,0,0,0,0,0,0,0,0,0,0,0,0,0,0,0,0,0,0,0,0,0,0,0,0,0,0,0,0,0,0,0,0,0,0,0,0,0,0,0,0,0,0,0,0,0,0,0,0,0,0,0,0,0,0,0,0,0,0,0,0,0,0,0,0,0,0,0,0,0,0,0,0,0,0,0,0,0,0,0,0,0,0,0,0,0,0,0,0,0,0,0,0,0,0,0,0,0,0,0,0,0,0,0,0,0,0,0,0,0,0,4,2,2,2,5,2,4,2,0,0,0,0,0,0,0,0,0,0,0,0,0,0,0,0,0,2,2,2,1,2,0,2,2,0,0,0,0,0,0,0,0,0,0,0,2,2,2,2,3,1,3,2,1,0,0,0,0,0,0,2,2,2,2,2,0,0,5,0,0,0,0,3,3,0,0,0,0,0,0,0,0,0,0,0,5,3,5,5,0,0,0,0,0,3,0,0,0,0,0,0,0,5,2,2,2,2,2,5,0,0,0,0,0,0,0,0,0,0,0,0,0,0,0,5,2,3,0,2,2,4,0,0,0,0,0,0,0,0,0,0,0,0,0,0,0,0,0,0,0,0,0,0,0,0,0,0,0,0,0,0,0,0,2,2,2,2,2,2,3,2,2,0,0,0,0,0,0,0,0,0,0,0,0,0,0,0,0,0,0,0,0,0,0,0,0,1,3,2,2,0,0,0,0,0,0,0,0,0,0,0,0,0,0,0,0,0,0,0,0,0,0,0,0,0,0,0,0,0,2,4,2,3,2,5,2,2,1,0,1,4,2,0,0,0,0,0,2,1,0,0,0,0,0,0,0,0,0,0,0,0,0,0,0,0,0,0,0,0,0,0,0,0,0,0,0,0,0,0,0,0,0,0,0,0,0,0,0,0,0,0,0,0,0,0,0,5,0,2,2,5,0,2,2,3,2,2,1,2,2,2,0,0,0,3,3,2,2,0,0,0,0,0,0,0,0,0,0,0,0,2,2,0,0,0,0,0,0,0,0,0,0,0,0,0,0,0,0,0,0,0,0,0,0,0,0,0,0,0,0,0,0,0,2,2,3,2,4,5,0,0,0,0,0,0,0,0,0,0,0,0,0,0,0,0,0,0,0,0,0,0,0,0,0,0,0,0,0,0,0,0,0,0,1,0,0,0,0,0,0,0,0,0,0,0,0,0,0,0,0,0,0,0,0,0,0,0,0,0,0,2,2,0,0,0,0,0,0,2,0,1,3,1,2,0,0,0,0,0,0,0,0,0,0,0,0,0,0,0,0,0,0,0,0,0,0,0,0,0,0,0,0,5,3,0,0,0,0,2,5,5,0,0,5,3,0,0,0,0,0,0,0,0,0,0,0,0,0,0,0,4,5,0,0,0,0,2,2,2,0,0,0,0,2,2,3,2,2,0,0,0,1,1,2,2,2,3,0,0,2,1,3,2,5,0,0,0,0,0,0,0,0,0,0,0,0,2,2,3,0,0,0,0,0,0,0,0,0,0,0,0,0,0,0,0,0,0,0,0,0,0,0,0,0,0,0,0,0,0,0,0,0,0,0,0,0,0,0,2,5,0,0,0,0,4,0,0,0,0,0,0,0,0,0,0,0,0,0,0,0,0,0,0,0,0,0,0,0,0,0,0,0,0,0,0,0,0,0,0,0,0,0,0,0,0,0,0,0,0,0,0,0,0,0,0,0,0,0,0,0,0,0,0,0,0,0,0,0,0,0,0,0,0,0,0,0,0,0,0,0,0,0,0,0,0,0,0,0,0,0,0,0,0,0,0,0,0,0,2,2,0,0,4,1,2,2,4,0,0,0,0,0,1,2,2,2,0,0,0,0,0,0,0,0,0,0,0,0,0,0,0,0,0,0,0,0,0,0,0,0,0,0,0,0,0,0,0,0,0,0,0,0,0,0,0,0,0,0,0,2,2,0,0,0,0,0,0,0,0,0,0,0,0,0,0,0,0,3,1,2,1,1,0,0,0,0,5,0,0,0,0,0,0,0,2,2,0,0,0,0,0,0,0,0,2,3,2,2,0,0,0,3,2,2,2,2,0,2,2,1,2,2,0,2,2,0,0,0,0,0,0,0,0,0,0,0,0,0,0,0,0,0,0,2,2,1,0,0,0,0,0,0,0,0,0,0,0,0,0,0,0,0,2,1,2,2,3,2,0,0,0,0,0,0,0,5,2,0,0,0,0,0,0,0,0,0,0,0,0,0,0,0,0,2,3,0,0,0,0,0,0,0,0,0,0,0,0,0,0,0,0,0,0,0,0,0,0,0,0,0,0,0,0,0,0,0,0,0,0,0,0,0,0,0,0,0,0,0,3,2,5,2,0,0,0,0,0,0,0,0,0,0,0,0,0,0,0,0,0,0,0,0,0,0,0,0,0,0,0,0,0,0,0,0,0,0,0,0,0,0,0,0,0,0,0,0,0,0,0,0,0,0,0,0,0,0,0,0,0,0,0,0,0,0,0,0,0,0,0,0,0,0,0,0,0,0,0,0,0,0,0,0,0,0,0,0,0,0,0,0,0,0,0,0,0,0,0,0,0,0,0,0,0,0,0,0,0,0,0,0,0,0,0,0,0,0,0,0,0,0,0,0,0,0,0,0,0,0,0,0,0,0,0,0,0,0,0,0,0,0,0,5,3,2,2,2,2,2,2,4,2,1,4,1,2,2,2,1,4,1,1,5,2,2,2,2,5,2,3,3,2,5,2,2,3,5,0,0,0,0,0,0,0,0,0,0,0,0,0,0,0,0,0,0,0,0,0,0,0,2,5,2,5,3,2,0,0,0,0,0,0,0,0,5,0,0,0,2,3,2,2,2,2,0,0,0,0,0,2,2,2,2,2,0,0,0,1,2,3,1,2,2,2,0,0,0,0,0,2,3,2,2,3,2,2,4,2,0,0,0,0,0,0,0,0,3,2,1,5,4,2,0,0,0,0,3,0,0,0,0,0,0,0,0,0,0,0,0,0,0,0,0,0,2,0,0,2,0,0,0,0,0,0,0,0,0,0,0,0,0,0,0,0,0,0,0,0,0,0,0,0,0,0,0,0,0,0,0,0,0,0,0,0,0,0,0,0,0,0,0,0,0,0,0,0,0,0,0,0,0,0,0,0,0,0,0,0,0,0,0,0,0,0,0,0,0,0,0,0,0,0,0,0,0,2,2,0,2,0,0,0,0,0,2,2,2,0,2,3,2,3,3,1,1,3,1,2,2,0,0,0,0,0,0,0,2,2,2,2,3,1,5,2,2,5,0,4,2,0,0,0,0,2,3,5,2,0,0,0,0,0,0,0,0,0,0,0,0,0,0,0,0,0,0,0,0,0,0,0,0,0,0,0,0,0,0,0,0,0,0,0,0,0,0,0,0,0,0,0,0,0,0,0,0,0,0,0,0,0,0,0,0,0,0,0,0,0,0,0,0,0,0,0,0,0,0,0,0,0,0,0,0,0,0,0,0,0,0,0,0,0,0,0,0,0,0,0,0,0,0,0,0,2,1,1,3,2,3,2,2,5,1,5,5,2,1,4,3,0,0,0,0,0,0,0,0,0,0,0,0,0,0,0,0,0,0,0,0,0,0,0,0,0,0,0,0,0,0,0,0,0,0,0,0,0,0,0,0,0,0,0,0,0,0,0,0,0,0,0,0,0,0,0,0,0,0,0,0,0,0,0,0,0,0,0,0,0,0,0,0,0,0,0,0,0,0,0,0,0,0,0,0,0,0,0,0,0,0,0,0,0,0,0,0,0,0,0,0,0,0,0,0,0,0,0,0,0,0,0,0,0,0,0,0,0,0,0,0,0,0,0,0,0,0,0,0,0,0,0,0,0,0,0,0,0,0,0,0,0,0,0,0,0,0,0,0,0,0,0,0,0,0,0,0,0,0,0,0,0,0,0,0,0,0,0,0,0,0,0,0,0,0,0,0,0,0,0,0,0,0,0,0,0,0,0,0,0,0,0,0,0,0,0,0,0,0,0,0,0,0,0,0,0,0,0,0,0,0,0,0,0,0,0,0,0,0,0,0,0,0,0,0,0,0,0,0,0,0,0,0,0,0,0,0,0,0,0,0,0,0,0,0,0,0,0,0,0,0,0,0,0,0,0,0,0,0,0,0,0,0,0,0,0,0,0,0,0,0,0,0,0,0,0,0,0,0,0,0,0,0,0,0,3,2,3,5,5,3,3,3,3,3,2,2,2,3,5,5,3,0,0,0,0,0,0,0,0,0,0,0,0,0,0,0,0,0,0,0,0,0,0,0,0,0,0,0,0,0,0,0,0,0,0,0,0,0,0,0,0,0,0,0,0,0,0,0,0,0,0,0,0,0,0,0,0,0,0,0,0,0,0,0,0,0,0,0,0,0,0,0,0,0,0,0,0,0,0,0,0,0,0,0,0,0,0,0,0,0,0,0,0,0,0,0,0,0,0,0,0,0,0,0,0,0,0,0,0,0,0,0,0,0,0,0,0,0,0,0,0,0,0,0,0,0,0,0,0,0,3,3,3,5,3,1,3,3,1,3,3,2,0,0,0,0,0,0,0,0,0,0,0,0,0,0,0,0,0,0,0,0,0,0,0,0,0,0,0,0,0,0,0,0,0,0,0,0,0,0,0,0,0,0,0,0,0,0,0,0,0,0,0,0,0,0,0,0,2.835458278656006,-2.1813957691192627,-4.697361946105957,6.7357587814331055,3.47419810295105,0.7378292083740234,-10.437807083129885,-1.475918889045715,8.765756607055664,0.5628454089164734,-4.157834529876709,1.4075309038162231,-5.20015287399292,-0.3752212524414062,-7.129218578338623,-3.169999122619629,6.650340557098389,-4.222655296325684,-2.970128059387207,9.1210298538208,3.9478163719177246,7.901952266693115,17.088712692260742,5.059170246124268,-8.205039024353027,0.8239190578460693,-1.2310316562652588,-9.230329513549805,3.465827703475952,2.005481481552124,11.678937911987305,-9.334861755371094,-6.238821983337402,-7.707874298095703,4.647170066833496,-0.1179985404014587,0.6152136325836182,-0.7253211736679077,9.39116668701172,1.7573230266571045,-0.1204670518636703,-0.3517690896987915,-7.145692825317383,-0.5456209778785706,-12.338544845581056,4.274170398712158,-2.80962872505188,9.11100959777832,-7.743082046508789,5.899949073791504,10.40678596496582,-7.842662334442139,1.113452434539795,-11.452280044555664,-5.289233207702637,-7.085683822631836,-2.550503730773926,-0.003044456243515,3.636287212371826,5.316047668457031,2.6965560913085938,-8.210148811340332,-3.5944161415100098,0.4159870743751526,-18.651369094848636,-0.0065234303474426,7.302709579467773,1.0208486318588257,-3.1618964672088623,1.2432730197906494,-5.920563697814941,0.7806822657585144,9.827503204345703,-6.149015426635742,-3.5982048511505127,7.404486179351807,-8.46258544921875,1.6681042909622192,-3.8618359565734863,3.8704235553741455,6.295120716094971,-0.8876237869262695,-4.653275966644287,-8.622669219970703,-0.0029886662960052,0.7368131875991821,-8.321213722229004,5.714288711547852,2.980213165283203,-0.5809276103973389,6.993419647216797,2.196683406829834,6.06456184387207,6.939570903778076,3.0220320224761963,0.9654262065887452,4.8548502922058105,6.036334037780762,8.824432373046875,2.2510995864868164,-9.666655540466309,-6.611085891723633,-4.855761528015137,-12.84872055053711,5.923283100128174,-6.832330226898193,-0.7606021761894226,5.511262893676758,1.613052487373352,-3.8700780868530273,-14.049484252929688,3.68442964553833,5.798425197601318,-0.8400677442550659,3.654869556427002,-7.394669055938721,8.122495651245117,10.29368495941162,-3.2045445442199707,6.41267204284668,-9.212479591369627,-0.0390173643827438,-6.141111850738525,5.037513732910156,4.7139387130737305,-11.05700397491455,-9.07144546508789,-1.658536076545715,-4.260672569274902,0.3674157261848449,-2.7656126022338867,3.1390533447265625,9.8798189163208,11.078423500061035,-3.418534994125366,12.66866683959961,11.985757827758787,-0.335143506526947,7.820654392242432,-3.248177528381348,9.559149742126465,-2.144951343536377,-4.9171905517578125,-1.8337409496307373,8.420265197753906,7.994018077850342,2.6917169094085693,0.831534743309021,1.326004981994629,6.973498821258545,6.899036407470703,0.1234290599822998,8.34253215789795,-4.089447498321533,-0.1597360670566558,2.380606412887573,-6.830258846282959,-2.8581130504608154,1.910953164100647,-6.292448997497559,-3.343613147735596,-3.825836420059204,-3.53304123878479,0.030380543321371,2.1123898029327397,-12.591853141784668,-0.3265211880207062,-1.4819797277450562,-0.6462269425392151,4.294161319732666,-9.67024040222168,-7.770388603210449,10.853327751159668,-2.12532901763916,2.823095798492432,5.801290512084961,5.385106563568115,-3.263930082321167,-0.3481907844543457,11.000137329101562,-3.1847519874572754,4.697628974914551,-3.3825979232788086,7.912478446960449,6.864459037780762,-1.320409655570984,-4.681727409362793,-2.527150154113769,-4.015707492828369,-4.862551212310791,-0.4090760350227356,-0.7164295315742493,-0.1949490904808044,2.7673189640045166,2.774578332901001,-1.1788846254348757,-4.309081554412842,-12.49140453338623,-1.6744861602783203,1.9350874423980715,0.9369841814041138,5.337149620056152,3.519883871078491,2.4934568405151367,7.579423904418945,-3.7987618446350098,11.68592929840088,6.156623363494873,11.976258277893066,-1.800101399421692,13.820154190063477,-4.267361640930176,4.212362766265869,-6.237841606140137,1.9302432537078855,1.575446367263794,2.877524137496948,6.800846576690674,-9.091981887817385,4.0627055168151855,3.27346134185791,-7.124876976013184,-4.632629871368408,1.207439422607422,4.774641513824463,-3.702034711837769,-1.361697554588318,1.4740220308303833,5.464603424072266,-8.139264106750488,3.042067050933838,-4.574886798858643,-7.336727619171143,-12.351936340332031,-3.150413274765014,-5.886283874511719,-3.30811095237732,-0.1759499758481979,-4.416798114776611,10.306488037109377,4.545145511627197,-2.1103649139404297,5.321108818054199,-1.113573431968689,-4.368158340454102,4.033718109130859,-13.145648002624512,-5.658336639404297,0.2499099671840667,-5.654753684997559,-15.799631118774414,4.394923686981201,-2.810852289199829,-0.3791135549545288,-15.38409423828125,0.4919086694717407,5.212640762329102,-6.488008499145508,6.326746940612793,-8.587211608886719,2.9129743576049805,7.210998058319092,4.927938461303711,9.44068717956543,3.819598436355591,-3.502373456954956,-9.326422691345217,6.206428527832031,-0.958831548690796,-3.393043041229248,-2.9485023021698,6.079647064208984,-5.852426528930664,5.717933177947998,-0.0975254848599433,-4.2633056640625,-1.811567068099976,-2.990426778793335,0.7088502049446106,1.680360198020935,-8.292557716369629,-6.40770959854126,-14.481877326965332,-6.468721866607666,-0.8707177639007568,2.545376300811768,2.0158047676086426,-0.4710503220558166,-6.578880786895752,0.3912602066993713,0.0860987305641174,10.351245880126951,12.612445831298828,-1.5226449966430664,-7.38616418838501,-4.847016334533691,-3.78851056098938,-3.886496305465698,-14.345627784729004,-2.12349271774292,-1.0,1.1461280356782375
OXYR_HUMAN,CHEMBL474621,Cc1cc(C(=O)N(Cc2ccccc2)CC2CCCO2)ccc1-c1ccccc1,0,0,0,0,0,0,0,0,0,0,0,0,0,0,0,0,0,0,0,0,0,0,0,0,0,0,0,0,0,0,0,0,0,0,0,0,0,0,0,0,0,0,0,0,0,0,0,0,0,0,0,0,0,0,0,0,0,0,0,0,0,0,0,0,0,0,0,0,0,0,0,0,0,0,0,0,0,0,0,0,0,0,0,0,0,0,0,0,0,0,0,0,0,0,0,0,0,0,0,0,0,0,0,0,0,0,0,0,0,0,0,0,0,0,0,0,0,0,0,0,0,0,0,0,0,0,0,0,0,0,0,0,0,0,0,0,0,0,0,0,0,0,0,0,0,0,0,0,0,0,0,0,0,0,0,0,0,0,0,0,0,0,0,0,0,0,0,0,0,0,0,0,0,0,0,0,0,0,0,0,0,0,0,0,0,2,4,1,2,2,2,2,3,2,3,2,4,2,2,3,2,0,0,0,0,0,0,0,0,0,0,0,0,0,0,0,0,3,2,2,1,0,0,0,0,0,0,0,0,0,0,0,0,0,0,0,0,0,1,1,2,4,1,3,0,0,0,0,0,0,0,0,0,0,0,5,3,0,0,0,0,0,0,0,0,0,0,0,0,0,0,0,0,0,0,0,0,0,0,0,0,0,0,0,0,0,0,0,0,0,0,0,0,0,0,0,0,0,0,0,0,0,0,0,0,0,0,0,0,0,0,0,0,0,0,0,0,0,0,0,0,0,0,0,0,0,0,0,0,0,0,0,0,0,0,0,0,0,0,0,0,0,0,0,0,0,0,0,0,0,0,0,0,0,0,0,0,0,0,0,0,0,0,0,0,0,0,0,0,0,0,0,0,0,0,0,0,0,0,0,0,0,0,0,0,0,0,0,0,0,0,0,0,0,0,0,0,0,0,0,0,0,0,0,0,0,0,0,0,0,0,0,0,0,0,0,0,0,0,0,0,0,0,0,0,0,0,0,0,0,0,0,0,2,1,1,1,5,5,3,0,0,0,0,0,0,0,0,0,0,0,0,0,0,0,0,0,0,0,0,0,0,0,0,0,0,0,0,0,0,0,0,0,0,0,0,0,0,0,0,0,0,0,0,0,0,0,0,0,0,0,0,0,0,0,0,0,0,0,0,0,0,0,0,0,0,0,0,0,0,0,0,0,0,0,0,0,0,0,0,0,0,0,0,0,0,0,0,0,0,0,0,0,0,0,0,0,0,0,0,0,0,0,0,0,0,0,0,0,0,0,0,0,0,0,0,0,0,0,0,0,0,0,0,0,0,0,0,0,0,0,0,0,0,0,0,0,0,0,0,0,0,0,0,0,0,0,0,0,4,2,2,2,5,2,4,2,0,0,0,0,0,0,0,0,0,0,0,0,0,0,0,0,0,2,2,2,1,2,0,2,2,0,0,0,0,0,0,0,0,0,0,0,2,2,2,2,3,1,3,2,1,0,0,0,0,0,0,2,2,2,2,2,0,0,5,0,0,0,0,3,3,0,0,0,0,0,0,0,0,0,0,0,5,3,5,5,0,0,0,0,0,3,0,0,0,0,0,0,0,5,2,2,2,2,2,5,0,0,0,0,0,0,0,0,0,0,0,0,0,0,0,5,2,3,0,2,2,4,0,0,0,0,0,0,0,0,0,0,0,0,0,0,0,0,0,0,0,0,0,0,0,0,0,0,0,0,0,0,0,0,2,2,2,2,2,2,3,2,2,0,0,0,0,0,0,0,0,0,0,0,0,0,0,0,0,0,0,0,0,0,0,0,0,1,3,2,2,0,0,0,0,0,0,0,0,0,0,0,0,0,0,0,0,0,0,0,0,0,0,0,0,0,0,0,0,0,2,4,2,3,2,5,2,2,1,0,1,4,2,0,0,0,0,0,2,1,0,0,0,0,0,0,0,0,0,0,0,0,0,0,0,0,0,0,0,0,0,0,0,0,0,0,0,0,0,0,0,0,0,0,0,0,0,0,0,0,0,0,0,0,0,0,0,5,0,2,2,5,0,2,2,3,2,2,1,2,2,2,0,0,0,3,3,2,2,0,0,0,0,0,0,0,0,0,0,0,0,2,2,0,0,0,0,0,0,0,0,0,0,0,0,0,0,0,0,0,0,0,0,0,0,0,0,0,0,0,0,0,0,0,2,2,3,2,4,5,0,0,0,0,0,0,0,0,0,0,0,0,0,0,0,0,0,0,0,0,0,0,0,0,0,0,0,0,0,0,0,0,0,0,1,0,0,0,0,0,0,0,0,0,0,0,0,0,0,0,0,0,0,0,0,0,0,0,0,0,0,2,2,0,0,0,0,0,0,2,0,1,3,1,2,0,0,0,0,0,0,0,0,0,0,0,0,0,0,0,0,0,0,0,0,0,0,0,0,0,0,0,0,5,3,0,0,0,0,2,5,5,0,0,5,3,0,0,0,0,0,0,0,0,0,0,0,0,0,0,0,4,5,0,0,0,0,2,2,2,0,0,0,0,2,2,3,2,2,0,0,0,1,1,2,2,2,3,0,0,2,1,3,2,5,0,0,0,0,0,0,0,0,0,0,0,0,2,2,3,0,0,0,0,0,0,0,0,0,0,0,0,0,0,0,0,0,0,0,0,0,0,0,0,0,0,0,0,0,0,0,0,0,0,0,0,0,0,0,2,5,0,0,0,0,4,0,0,0,0,0,0,0,0,0,0,0,0,0,0,0,0,0,0,0,0,0,0,0,0,0,0,0,0,0,0,0,0,0,0,0,0,0,0,0,0,0,0,0,0,0,0,0,0,0,0,0,0,0,0,0,0,0,0,0,0,0,0,0,0,0,0,0,0,0,0,0,0,0,0,0,0,0,0,0,0,0,0,0,0,0,0,0,0,0,0,0,0,0,2,2,0,0,4,1,2,2,4,0,0,0,0,0,1,2,2,2,0,0,0,0,0,0,0,0,0,0,0,0,0,0,0,0,0,0,0,0,0,0,0,0,0,0,0,0,0,0,0,0,0,0,0,0,0,0,0,0,0,0,0,2,2,0,0,0,0,0,0,0,0,0,0,0,0,0,0,0,0,3,1,2,1,1,0,0,0,0,5,0,0,0,0,0,0,0,2,2,0,0,0,0,0,0,0,0,2,3,2,2,0,0,0,3,2,2,2,2,0,2,2,1,2,2,0,2,2,0,0,0,0,0,0,0,0,0,0,0,0,0,0,0,0,0,0,2,2,1,0,0,0,0,0,0,0,0,0,0,0,0,0,0,0,0,2,1,2,2,3,2,0,0,0,0,0,0,0,5,2,0,0,0,0,0,0,0,0,0,0,0,0,0,0,0,0,2,3,0,0,0,0,0,0,0,0,0,0,0,0,0,0,0,0,0,0,0,0,0,0,0,0,0,0,0,0,0,0,0,0,0,0,0,0,0,0,0,0,0,0,0,3,2,5,2,0,0,0,0,0,0,0,0,0,0,0,0,0,0,0,0,0,0,0,0,0,0,0,0,0,0,0,0,0,0,0,0,0,0,0,0,0,0,0,0,0,0,0,0,0,0,0,0,0,0,0,0,0,0,0,0,0,0,0,0,0,0,0,0,0,0,0,0,0,0,0,0,0,0,0,0,0,0,0,0,0,0,0,0,0,0,0,0,0,0,0,0,0,0,0,0,0,0,0,0,0,0,0,0,0,0,0,0,0,0,0,0,0,0,0,0,0,0,0,0,0,0,0,0,0,0,0,0,0,0,0,0,0,0,0,0,0,0,0,5,3,2,2,2,2,2,2,4,2,1,4,1,2,2,2,1,4,1,1,5,2,2,2,2,5,2,3,3,2,5,2,2,3,5,0,0,0,0,0,0,0,0,0,0,0,0,0,0,0,0,0,0,0,0,0,0,0,2,5,2,5,3,2,0,0,0,0,0,0,0,0,5,0,0,0,2,3,2,2,2,2,0,0,0,0,0,2,2,2,2,2,0,0,0,1,2,3,1,2,2,2,0,0,0,0,0,2,3,2,2,3,2,2,4,2,0,0,0,0,0,0,0,0,3,2,1,5,4,2,0,0,0,0,3,0,0,0,0,0,0,0,0,0,0,0,0,0,0,0,0,0,2,0,0,2,0,0,0,0,0,0,0,0,0,0,0,0,0,0,0,0,0,0,0,0,0,0,0,0,0,0,0,0,0,0,0,0,0,0,0,0,0,0,0,0,0,0,0,0,0,0,0,0,0,0,0,0,0,0,0,0,0,0,0,0,0,0,0,0,0,0,0,0,0,0,0,0,0,0,0,0,0,2,2,0,2,0,0,0,0,0,2,2,2,0,2,3,2,3,3,1,1,3,1,2,2,0,0,0,0,0,0,0,2,2,2,2,3,1,5,2,2,5,0,4,2,0,0,0,0,2,3,5,2,0,0,0,0,0,0,0,0,0,0,0,0,0,0,0,0,0,0,0,0,0,0,0,0,0,0,0,0,0,0,0,0,0,0,0,0,0,0,0,0,0,0,0,0,0,0,0,0,0,0,0,0,0,0,0,0,0,0,0,0,0,0,0,0,0,0,0,0,0,0,0,0,0,0,0,0,0,0,0,0,0,0,0,0,0,0,0,0,0,0,0,0,0,0,0,0,2,1,1,3,2,3,2,2,5,1,5,5,2,1,4,3,0,0,0,0,0,0,0,0,0,0,0,0,0,0,0,0,0,0,0,0,0,0,0,0,0,0,0,0,0,0,0,0,0,0,0,0,0,0,0,0,0,0,0,0,0,0,0,0,0,0,0,0,0,0,0,0,0,0,0,0,0,0,0,0,0,0,0,0,0,0,0,0,0,0,0,0,0,0,0,0,0,0,0,0,0,0,0,0,0,0,0,0,0,0,0,0,0,0,0,0,0,0,0,0,0,0,0,0,0,0,0,0,0,0,0,0,0,0,0,0,0,0,0,0,0,0,0,0,0,0,0,0,0,0,0,0,0,0,0,0,0,0,0,0,0,0,0,0,0,0,0,0,0,0,0,0,0,0,0,0,0,0,0,0,0,0,0,0,0,0,0,0,0,0,0,0,0,0,0,0,0,0,0,0,0,0,0,0,0,0,0,0,0,0,0,0,0,0,0,0,0,0,0,0,0,0,0,0,0,0,0,0,0,0,0,0,0,0,0,0,0,0,0,0,0,0,0,0,0,0,0,0,0,0,0,0,0,0,0,0,0,0,0,0,0,0,0,0,0,0,0,0,0,0,0,0,0,0,0,0,0,0,0,0,0,0,0,0,0,0,0,0,0,0,0,0,0,0,0,0,0,0,0,0,3,2,3,5,5,3,3,3,3,3,2,2,2,3,5,5,3,0,0,0,0,0,0,0,0,0,0,0,0,0,0,0,0,0,0,0,0,0,0,0,0,0,0,0,0,0,0,0,0,0,0,0,0,0,0,0,0,0,0,0,0,0,0,0,0,0,0,0,0,0,0,0,0,0,0,0,0,0,0,0,0,0,0,0,0,0,0,0,0,0,0,0,0,0,0,0,0,0,0,0,0,0,0,0,0,0,0,0,0,0,0,0,0,0,0,0,0,0,0,0,0,0,0,0,0,0,0,0,0,0,0,0,0,0,0,0,0,0,0,0,0,0,0,0,0,0,3,3,3,5,3,1,3,3,1,3,3,2,0,0,0,0,0,0,0,0,0,0,0,0,0,0,0,0,0,0,0,0,0,0,0,0,0,0,0,0,0,0,0,0,0,0,0,0,0,0,0,0,0,0,0,0,0,0,0,0,0,0,0,0,0,0,0,0,1.413427233695984,-2.76103138923645,-4.250002384185791,8.187796592712402,-0.6087165474891663,0.9319949746131896,-12.387847900390623,0.3455854058265686,8.967123031616211,3.5462889671325684,-4.779146671295166,-0.38046795129776,-10.305354118347168,1.1161834001541138,-7.589848518371582,-2.248502492904663,6.718753814697266,-3.857004642486572,-7.117483139038086,7.348249912261963,1.0463913679122925,8.36611557006836,17.9064884185791,7.56620979309082,-6.835855960845947,-0.2432061582803726,-0.0417467802762985,-11.218323707580566,0.8071017861366272,1.024139165878296,13.684019088745115,-7.916794776916504,-5.398411273956299,-7.074643611907959,3.1274502277374268,1.4682096242904663,0.1971245110034942,0.4209142029285431,10.752058029174805,5.312242031097412,-4.47459602355957,-1.5847690105438232,-6.622554779052734,-0.6500794887542725,-12.619643211364746,3.784940004348755,0.7271305918693542,5.895841121673584,-7.146811485290527,5.4848737716674805,6.909631729125977,-6.088709831237793,-1.6778526306152344,-10.562521934509276,-4.232052326202393,-6.074911117553711,-5.346187114715576,-0.4018882513046264,5.1351318359375,5.987849235534668,1.428132176399231,-8.147917747497559,-2.1530025005340576,2.6951708793640137,-15.513802528381348,-1.5605381727218628,9.403091430664062,0.8092883825302124,-2.762956142425537,1.1366900205612185,-6.609895706176758,1.3816336393356323,9.382184982299805,-7.487997055053711,-3.0689446926116943,7.102038860321045,-7.4867119789123535,4.751641750335693,-2.153456687927246,7.343935012817383,5.5529465675354,-0.7685004472732544,-5.535109996795654,-12.640244483947754,0.6349704265594482,-3.0331900119781494,-8.227225303649902,6.460786819458008,5.098691940307617,-4.942314624786377,5.013783931732178,3.107332229614258,3.6072208881378174,8.699870109558105,4.452734470367432,-1.741237759590149,4.024275779724121,5.952184200286865,4.956604480743408,2.797388792037964,-4.236578464508057,-9.22968578338623,-6.444216728210449,-13.288705825805664,5.528806209564209,-9.34706974029541,0.050563246011734,5.179168224334717,-0.0931455194950103,-7.045869827270508,-15.55077838897705,5.592380523681641,4.867465019226074,0.3075849413871765,1.630928635597229,-6.606306076049805,7.644511699676514,11.161009788513184,-5.265961170196533,4.831884860992432,-10.784046173095703,-0.3925066292285919,-4.008902072906494,6.538694858551025,3.1025097370147705,-8.352764129638672,-11.364129066467283,-3.83242416381836,-6.010717868804932,-0.2078544199466705,-1.1054023504257202,3.932811737060547,13.153366088867188,11.934475898742676,-3.3893442153930664,14.538189888000488,14.942667961120604,-0.3109189569950104,8.569466590881348,-4.009069442749023,5.29453706741333,-0.9338640570640564,-0.2485915720462799,0.6903181076049805,8.698830604553223,8.451821327209473,2.1929311752319336,1.6048544645309448,-0.497684121131897,7.691018104553223,3.9433887004852295,3.442089557647705,10.462576866149902,-4.835374355316162,-1.686205267906189,1.393743872642517,-6.350657939910889,-6.821344375610352,0.1843184828758239,-4.855172157287598,-4.0369181632995605,-2.5753798484802246,-7.423146724700928,1.5723285675048828,-1.351811408996582,-9.482086181640623,0.0368993878364563,-2.7885496616363525,0.6866829991340637,5.040325164794922,-5.540047645568848,-4.810584545135498,14.879671096801758,-4.606934070587158,1.4724708795547483,0.3122565746307373,6.706759929656982,-4.308584690093994,-6.628763198852539,14.257245063781738,-2.9081268310546875,10.191710472106934,-2.0155303478240967,7.6656494140625,11.77503490447998,-1.8901816606521609,-4.8815016746521,-2.550532341003418,-6.480769634246826,-4.135176658630371,-0.7789700627326965,-1.4726139307022097,-0.9082895517349244,1.4918168783187866,1.950188159942627,-2.5498321056365967,-4.986641883850098,-13.323118209838867,-2.245807886123657,2.9289557933807373,3.6526076793670654,3.125943183898926,4.127191543579102,3.537270784378052,3.5947091579437256,-2.521450519561768,12.689668655395508,6.838238716125488,10.883148193359377,-1.0618131160736084,13.09195041656494,-3.8545827865600586,4.204947471618652,-7.204529762268066,1.0534303188323977,-0.1002569198608398,1.0652413368225098,6.019148826599121,-6.39030122756958,7.26935863494873,1.0843323469161987,-8.634644508361816,-3.266285896301269,0.9551689028739928,3.735994100570679,-6.20169734954834,-1.1300276517868042,0.3270251154899597,4.633786678314209,-9.077476501464844,2.6218724250793457,0.744341254234314,-5.199841022491455,-13.25517749786377,-2.505357265472412,-3.7653982639312735,-4.268677711486816,-1.047336459159851,-2.546849250793457,8.865464210510254,6.797812461853027,-0.6830189228057861,4.248132705688477,0.0789623707532882,-6.706225872039795,6.0586042404174805,-13.164939880371094,-8.292295455932617,3.933743476867676,-4.004808902740479,-17.792953491210938,3.785956621170044,-0.546215295791626,0.5647827386856079,-13.28115940093994,0.7266862988471985,2.922991991043091,-7.183815002441406,7.655911922454834,-6.992863655090332,0.4389040768146515,8.541874885559082,4.231791496276856,8.750981330871582,4.83371639251709,-7.904862403869629,-10.85030746459961,6.440293788909912,1.330960035324097,-6.785862922668457,-3.0333471298217773,5.125077247619629,-1.5036461353302002,1.9945443868637085,-0.2263911366462707,-2.6334190368652344,-1.864171266555786,-0.7716529965400696,-0.918848752975464,0.4714424610137939,-7.570533752441406,-6.163777828216553,-13.215949058532717,-8.097921371459961,-1.4898439645767212,3.4106669425964355,-2.307835817337036,-2.994760274887085,-7.8220953941345215,-0.846723198890686,-1.3987449407577517,13.912485122680664,11.341288566589355,-0.4662927389144897,-8.641444206237793,-4.89914083480835,-6.290496826171875,-4.019822120666504,-10.965703964233398,-1.854396939277649,-1.0,1.5998830720736876
OXYR_HUMAN,CHEMBL3814744,CCC(C)C1NC(=O)C(Cc2ccc(O)cc2)NC(=O)C(N)CSSCC(C(=O)N2CCCC2C(=O)N(C)C(CC(C)C)C(=O)NCC(N)=O)NC(=O)C(CC(N)=O)NC(=O)C(CCC(N)=O)NC1=O,0,0,0,0,0,0,0,0,0,0,0,0,0,0,0,0,0,0,0,0,0,0,0,0,0,0,0,0,0,0,0,0,0,0,0,0,0,0,0,0,0,0,0,0,0,0,0,0,0,0,0,0,0,0,0,0,0,0,0,0,0,0,0,0,0,0,0,0,0,0,0,0,0,0,0,0,0,0,0,0,0,0,0,0,0,0,0,0,0,0,0,0,0,0,0,0,0,0,0,0,0,0,0,0,0,0,0,0,0,0,0,0,0,0,0,0,0,0,0,0,0,0,0,0,0,0,0,0,0,0,0,0,0,0,0,0,0,0,0,0,0,0,0,0,0,0,0,0,0,0,0,0,0,0,0,0,0,0,0,0,0,0,0,0,0,0,0,0,0,0,0,0,0,0,0,0,0,0,0,0,0,0,0,0,0,2,4,1,2,2,2,2,3,2,3,2,4,2,2,3,2,0,0,0,0,0,0,0,0,0,0,0,0,0,0,0,0,3,2,2,1,0,0,0,0,0,0,0,0,0,0,0,0,0,0,0,0,0,1,1,2,4,1,3,0,0,0,0,0,0,0,0,0,0,0,5,3,0,0,0,0,0,0,0,0,0,0,0,0,0,0,0,0,0,0,0,0,0,0,0,0,0,0,0,0,0,0,0,0,0,0,0,0,0,0,0,0,0,0,0,0,0,0,0,0,0,0,0,0,0,0,0,0,0,0,0,0,0,0,0,0,0,0,0,0,0,0,0,0,0,0,0,0,0,0,0,0,0,0,0,0,0,0,0,0,0,0,0,0,0,0,0,0,0,0,0,0,0,0,0,0,0,0,0,0,0,0,0,0,0,0,0,0,0,0,0,0,0,0,0,0,0,0,0,0,0,0,0,0,0,0,0,0,0,0,0,0,0,0,0,0,0,0,0,0,0,0,0,0,0,0,0,0,0,0,0,0,0,0,0,0,0,0,0,0,0,0,0,0,0,0,0,0,2,1,1,1,5,5,3,0,0,0,0,0,0,0,0,0,0,0,0,0,0,0,0,0,0,0,0,0,0,0,0,0,0,0,0,0,0,0,0,0,0,0,0,0,0,0,0,0,0,0,0,0,0,0,0,0,0,0,0,0,0,0,0,0,0,0,0,0,0,0,0,0,0,0,0,0,0,0,0,0,0,0,0,0,0,0,0,0,0,0,0,0,0,0,0,0,0,0,0,0,0,0,0,0,0,0,0,0,0,0,0,0,0,0,0,0,0,0,0,0,0,0,0,0,0,0,0,0,0,0,0,0,0,0,0,0,0,0,0,0,0,0,0,0,0,0,0,0,0,0,0,0,0,0,0,0,4,2,2,2,5,2,4,2,0,0,0,0,0,0,0,0,0,0,0,0,0,0,0,0,0,2,2,2,1,2,0,2,2,0,0,0,0,0,0,0,0,0,0,0,2,2,2,2,3,1,3,2,1,0,0,0,0,0,0,2,2,2,2,2,0,0,5,0,0,0,0,3,3,0,0,0,0,0,0,0,0,0,0,0,5,3,5,5,0,0,0,0,0,3,0,0,0,0,0,0,0,5,2,2,2,2,2,5,0,0,0,0,0,0,0,0,0,0,0,0,0,0,0,5,2,3,0,2,2,4,0,0,0,0,0,0,0,0,0,0,0,0,0,0,0,0,0,0,0,0,0,0,0,0,0,0,0,0,0,0,0,0,2,2,2,2,2,2,3,2,2,0,0,0,0,0,0,0,0,0,0,0,0,0,0,0,0,0,0,0,0,0,0,0,0,1,3,2,2,0,0,0,0,0,0,0,0,0,0,0,0,0,0,0,0,0,0,0,0,0,0,0,0,0,0,0,0,0,2,4,2,3,2,5,2,2,1,0,1,4,2,0,0,0,0,0,2,1,0,0,0,0,0,0,0,0,0,0,0,0,0,0,0,0,0,0,0,0,0,0,0,0,0,0,0,0,0,0,0,0,0,0,0,0,0,0,0,0,0,0,0,0,0,0,0,5,0,2,2,5,0,2,2,3,2,2,1,2,2,2,0,0,0,3,3,2,2,0,0,0,0,0,0,0,0,0,0,0,0,2,2,0,0,0,0,0,0,0,0,0,0,0,0,0,0,0,0,0,0,0,0,0,0,0,0,0,0,0,0,0,0,0,2,2,3,2,4,5,0,0,0,0,0,0,0,0,0,0,0,0,0,0,0,0,0,0,0,0,0,0,0,0,0,0,0,0,0,0,0,0,0,0,1,0,0,0,0,0,0,0,0,0,0,0,0,0,0,0,0,0,0,0,0,0,0,0,0,0,0,2,2,0,0,0,0,0,0,2,0,1,3,1,2,0,0,0,0,0,0,0,0,0,0,0,0,0,0,0,0,0,0,0,0,0,0,0,0,0,0,0,0,5,3,0,0,0,0,2,5,5,0,0,5,3,0,0,0,0,0,0,0,0,0,0,0,0,0,0,0,4,5,0,0,0,0,2,2,2,0,0,0,0,2,2,3,2,2,0,0,0,1,1,2,2,2,3,0,0,2,1,3,2,5,0,0,0,0,0,0,0,0,0,0,0,0,2,2,3,0,0,0,0,0,0,0,0,0,0,0,0,0,0,0,0,0,0,0,0,0,0,0,0,0,0,0,0,0,0,0,0,0,0,0,0,0,0,0,2,5,0,0,0,0,4,0,0,0,0,0,0,0,0,0,0,0,0,0,0,0,0,0,0,0,0,0,0,0,0,0,0,0,0,0,0,0,0,0,0,0,0,0,0,0,0,0,0,0,0,0,0,0,0,0,0,0,0,0,0,0,0,0,0,0,0,0,0,0,0,0,0,0,0,0,0,0,0,0,0,0,0,0,0,0,0,0,0,0,0,0,0,0,0,0,0,0,0,0,2,2,0,0,4,1,2,2,4,0,0,0,0,0,1,2,2,2,0,0,0,0,0,0,0,0,0,0,0,0,0,0,0,0,0,0,0,0,0,0,0,0,0,0,0,0,0,0,0,0,0,0,0,0,0,0,0,0,0,0,0,2,2,0,0,0,0,0,0,0,0,0,0,0,0,0,0,0,0,3,1,2,1,1,0,0,0,0,5,0,0,0,0,0,0,0,2,2,0,0,0,0,0,0,0,0,2,3,2,2,0,0,0,3,2,2,2,2,0,2,2,1,2,2,0,2,2,0,0,0,0,0,0,0,0,0,0,0,0,0,0,0,0,0,0,2,2,1,0,0,0,0,0,0,0,0,0,0,0,0,0,0,0,0,2,1,2,2,3,2,0,0,0,0,0,0,0,5,2,0,0,0,0,0,0,0,0,0,0,0,0,0,0,0,0,2,3,0,0,0,0,0,0,0,0,0,0,0,0,0,0,0,0,0,0,0,0,0,0,0,0,0,0,0,0,0,0,0,0,0,0,0,0,0,0,0,0,0,0,0,3,2,5,2,0,0,0,0,0,0,0,0,0,0,0,0,0,0,0,0,0,0,0,0,0,0,0,0,0,0,0,0,0,0,0,0,0,0,0,0,0,0,0,0,0,0,0,0,0,0,0,0,0,0,0,0,0,0,0,0,0,0,0,0,0,0,0,0,0,0,0,0,0,0,0,0,0,0,0,0,0,0,0,0,0,0,0,0,0,0,0,0,0,0,0,0,0,0,0,0,0,0,0,0,0,0,0,0,0,0,0,0,0,0,0,0,0,0,0,0,0,0,0,0,0,0,0,0,0,0,0,0,0,0,0,0,0,0,0,0,0,0,0,5,3,2,2,2,2,2,2,4,2,1,4,1,2,2,2,1,4,1,1,5,2,2,2,2,5,2,3,3,2,5,2,2,3,5,0,0,0,0,0,0,0,0,0,0,0,0,0,0,0,0,0,0,0,0,0,0,0,2,5,2,5,3,2,0,0,0,0,0,0,0,0,5,0,0,0,2,3,2,2,2,2,0,0,0,0,0,2,2,2,2,2,0,0,0,1,2,3,1,2,2,2,0,0,0,0,0,2,3,2,2,3,2,2,4,2,0,0,0,0,0,0,0,0,3,2,1,5,4,2,0,0,0,0,3,0,0,0,0,0,0,0,0,0,0,0,0,0,0,0,0,0,2,0,0,2,0,0,0,0,0,0,0,0,0,0,0,0,0,0,0,0,0,0,0,0,0,0,0,0,0,0,0,0,0,0,0,0,0,0,0,0,0,0,0,0,0,0,0,0,0,0,0,0,0,0,0,0,0,0,0,0,0,0,0,0,0,0,0,0,0,0,0,0,0,0,0,0,0,0,0,0,0,2,2,0,2,0,0,0,0,0,2,2,2,0,2,3,2,3,3,1,1,3,1,2,2,0,0,0,0,0,0,0,2,2,2,2,3,1,5,2,2,5,0,4,2,0,0,0,0,2,3,5,2,0,0,0,0,0,0,0,0,0,0,0,0,0,0,0,0,0,0,0,0,0,0,0,0,0,0,0,0,0,0,0,0,0,0,0,0,0,0,0,0,0,0,0,0,0,0,0,0,0,0,0,0,0,0,0,0,0,0,0,0,0,0,0,0,0,0,0,0,0,0,0,0,0,0,0,0,0,0,0,0,0,0,0,0,0,0,0,0,0,0,0,0,0,0,0,0,2,1,1,3,2,3,2,2,5,1,5,5,2,1,4,3,0,0,0,0,0,0,0,0,0,0,0,0,0,0,0,0,0,0,0,0,0,0,0,0,0,0,0,0,0,0,0,0,0,0,0,0,0,0,0,0,0,0,0,0,0,0,0,0,0,0,0,0,0,0,0,0,0,0,0,0,0,0,0,0,0,0,0,0,0,0,0,0,0,0,0,0,0,0,0,0,0,0,0,0,0,0,0,0,0,0,0,0,0,0,0,0,0,0,0,0,0,0,0,0,0,0,0,0,0,0,0,0,0,0,0,0,0,0,0,0,0,0,0,0,0,0,0,0,0,0,0,0,0,0,0,0,0,0,0,0,0,0,0,0,0,0,0,0,0,0,0,0,0,0,0,0,0,0,0,0,0,0,0,0,0,0,0,0,0,0,0,0,0,0,0,0,0,0,0,0,0,0,0,0,0,0,0,0,0,0,0,0,0,0,0,0,0,0,0,0,0,0,0,0,0,0,0,0,0,0,0,0,0,0,0,0,0,0,0,0,0,0,0,0,0,0,0,0,0,0,0,0,0,0,0,0,0,0,0,0,0,0,0,0,0,0,0,0,0,0,0,0,0,0,0,0,0,0,0,0,0,0,0,0,0,0,0,0,0,0,0,0,0,0,0,0,0,0,0,0,0,0,0,0,3,2,3,5,5,3,3,3,3,3,2,2,2,3,5,5,3,0,0,0,0,0,0,0,0,0,0,0,0,0,0,0,0,0,0,0,0,0,0,0,0,0,0,0,0,0,0,0,0,0,0,0,0,0,0,0,0,0,0,0,0,0,0,0,0,0,0,0,0,0,0,0,0,0,0,0,0,0,0,0,0,0,0,0,0,0,0,0,0,0,0,0,0,0,0,0,0,0,0,0,0,0,0,0,0,0,0,0,0,0,0,0,0,0,0,0,0,0,0,0,0,0,0,0,0,0,0,0,0,0,0,0,0,0,0,0,0,0,0,0,0,0,0,0,0,0,3,3,3,5,3,1,3,3,1,3,3,2,0,0,0,0,0,0,0,0,0,0,0,0,0,0,0,0,0,0,0,0,0,0,0,0,0,0,0,0,0,0,0,0,0,0,0,0,0,0,0,0,0,0,0,0,0,0,0,0,0,0,0,0,0,0,0,0,1.7356747388839722,-4.968425273895264,-5.318475723266602,5.026705741882324,4.749932289123535,-19.06734275817871,-28.367830276489254,-4.910287380218506,23.67705345153809,-4.932479381561279,4.416654586791992,21.11074447631836,2.0072524547576904,15.06368350982666,-31.480817794799805,0.359231173992157,25.55364418029785,-29.97542381286621,-31.073976516723636,36.62665939331055,8.648521423339844,16.44257354736328,57.939186096191406,16.511714935302734,-17.49448013305664,7.801452159881592,-17.66754150390625,-35.667720794677734,1.2978886365890503,-14.408140182495115,20.607601165771484,-11.218036651611328,-18.26020622253418,0.7931254506111145,-1.33182954788208,10.185466766357422,5.869513511657715,-2.673383951187134,19.975610733032227,21.62891960144043,2.772610664367676,2.298434257507324,-6.18472146987915,-11.716151237487791,-26.03599548339844,21.59481239318848,9.58327579498291,41.12486267089844,-8.484936714172363,-0.5250797867774963,10.605550765991213,-24.55477333068848,0.808927595615387,-19.9053955078125,-32.580833435058594,-23.00589370727539,-15.376705169677734,15.53465747833252,4.990796089172363,10.926706314086914,2.25962495803833,-18.1773624420166,-17.615089416503906,14.81292724609375,-42.99037170410156,5.229369163513184,20.04450225830078,10.766539573669434,-18.629377365112305,-1.2198387384414673,-8.38359546661377,13.906582832336426,14.493939399719238,-29.288028717041016,-1.9010570049285889,5.576099395751953,-27.85759162902832,0.4277098774909973,8.948393821716309,1.5479949712753296,18.96121406555176,1.8150712251663208,-10.010835647583008,-39.98250961303711,19.810651779174805,-14.01858615875244,-9.913214683532717,7.220474720001221,7.238312721252441,-1.0523966550827026,5.000286102294922,15.274530410766602,16.201513290405273,6.615866661071777,6.188892364501953,-4.575783729553223,19.329103469848636,9.87663745880127,17.28619384765625,-12.327751159667969,-7.464982032775879,-21.609743118286133,-23.991531372070312,-11.50917911529541,12.337425231933594,-30.774812698364254,-15.590181350708008,12.55282497406006,8.622782707214355,-19.241308212280277,-21.758241653442383,14.968828201293944,6.487472057342529,-11.392630577087402,-4.451920509338379,-8.87032699584961,16.981689453125,23.276762008666992,-4.6872758865356445,3.0970847606658936,-11.068939208984377,16.99632453918457,-0.9834024906158448,34.2305908203125,-0.2286454439163208,-34.758052825927734,-30.620962142944336,5.406700134277344,-16.015174865722656,0.0907018780708313,1.063040852546692,-3.200660228729248,15.27375030517578,38.83513259887695,7.435564517974853,30.067995071411133,-3.260316848754883,-9.26828384399414,17.687501907348633,-14.67039394378662,25.22299575805664,-1.7724971771240234,-9.781648635864258,-5.3519062995910645,13.811299324035645,3.125819683074951,6.978837966918945,6.954704284667969,13.30675220489502,35.082462310791016,-3.420011043548584,17.15059471130371,16.27427101135254,-22.392135620117188,-5.372608184814453,0.0049341022968292,-16.02204704284668,-0.7488568425178528,-0.0128920525312423,-19.213605880737305,8.224333763122559,12.75100803375244,-12.451985359191896,6.017286777496338,17.831741333007812,-26.08226776123047,11.792938232421877,-9.616448402404783,2.1967198848724365,16.914560317993164,-14.380934715270996,-21.59375762939453,34.51031494140625,-5.559258937835693,15.649884223937988,-3.6475679874420166,13.435075759887695,-2.886045217514038,-10.702507972717283,24.025707244873047,-11.70888614654541,23.412139892578125,-1.7660876512527466,31.53386688232422,10.097262382507324,-10.549398422241213,1.864970088005066,3.060272216796875,-4.421754360198975,-19.16419792175293,3.657302856445313,-8.363618850708008,-18.079708099365234,5.510232448577881,13.350625038146973,3.310656785964966,2.4099786281585693,-28.74480438232422,-7.571357727050781,-7.084629535675049,-1.5838971138000488,-5.8769378662109375,7.563859939575195,-5.543710231781006,-4.740050315856934,-5.274423122406006,33.934539794921875,28.373157501220703,28.44198608398437,-15.34468936920166,31.1446590423584,-1.7854379415512085,34.56365966796875,-17.592512130737305,11.245294570922852,-2.568471670150757,12.929291725158691,12.778416633605955,-9.186931610107422,16.301616668701172,10.86624526977539,-22.40771102905273,-10.841353416442873,2.0092098712921143,6.874475479125977,-13.2438383102417,-4.795042514801025,-5.074893474578857,10.522396087646484,-26.584875106811523,7.404972076416016,-3.5919554233551025,-20.350988388061523,-24.35888671875,4.712174892425537,-27.15712547302246,-5.431848049163818,-9.81839370727539,-7.43784236907959,29.411434173583984,18.5374698638916,-28.173831939697266,21.26230239868164,-8.43410873413086,-2.4471275806427,25.403358459472656,-43.10606384277344,-15.09799575805664,3.0731589794158936,14.679800033569336,-46.823524475097656,12.276453971862791,11.473505973815918,-7.000450611114502,-27.62849998474121,20.61009407043457,4.608497619628906,-16.902664184570312,33.70538711547852,-26.297941207885746,-8.309446334838867,7.275742053985596,2.8916778564453125,16.72968292236328,-4.387516975402832,-25.016515731811523,-9.21222972869873,2.352094888687134,3.744551658630371,-20.71796989440918,3.643518686294556,12.321840286254885,-11.264246940612791,3.6872808933258057,-1.6891533136367798,-21.96500587463379,-11.251343727111816,-8.843360900878906,-11.595510482788086,22.15842056274414,-15.16734218597412,-20.999977111816406,-22.895431518554688,-15.345438957214355,-12.964287757873535,13.768319129943848,-0.5678682327270508,-3.3774585723876958,-10.160672187805176,-10.976922988891602,8.297881126403809,32.18115997314453,10.416374206542969,10.723987579345703,-30.01827812194824,-19.16771697998047,-17.59099578857422,-21.761415481567383,-45.74945831298828,-2.7638919353485107,1.0,-0.3010299956639811
OXYR_HUMAN,CHEMBL3301668,CCC(C)C1NC(=O)C(Cc2ccc(OC)cc2)NC(=O)CCCSCC(C(=O)N2CCCC2C(=O)NC(CC(C)C)C(=O)NCC(N)=O)NC(=O)C(CC(N)=O)NC(=O)C(CCC(N)=O)NC1=O,0,0,0,0,0,0,0,0,0,0,0,0,0,0,0,0,0,0,0,0,0,0,0,0,0,0,0,0,0,0,0,0,0,0,0,0,0,0,0,0,0,0,0,0,0,0,0,0,0,0,0,0,0,0,0,0,0,0,0,0,0,0,0,0,0,0,0,0,0,0,0,0,0,0,0,0,0,0,0,0,0,0,0,0,0,0,0,0,0,0,0,0,0,0,0,0,0,0,0,0,0,0,0,0,0,0,0,0,0,0,0,0,0,0,0,0,0,0,0,0,0,0,0,0,0,0,0,0,0,0,0,0,0,0,0,0,0,0,0,0,0,0,0,0,0,0,0,0,0,0,0,0,0,0,0,0,0,0,0,0,0,0,0,0,0,0,0,0,0,0,0,0,0,0,0,0,0,0,0,0,0,0,0,0,0,2,4,1,2,2,2,2,3,2,3,2,4,2,2,3,2,0,0,0,0,0,0,0,0,0,0,0,0,0,0,0,0,3,2,2,1,0,0,0,0,0,0,0,0,0,0,0,0,0,0,0,0,0,1,1,2,4,1,3,0,0,0,0,0,0,0,0,0,0,0,5,3,0,0,0,0,0,0,0,0,0,0,0,0,0,0,0,0,0,0,0,0,0,0,0,0,0,0,0,0,0,0,0,0,0,0,0,0,0,0,0,0,0,0,0,0,0,0,0,0,0,0,0,0,0,0,0,0,0,0,0,0,0,0,0,0,0,0,0,0,0,0,0,0,0,0,0,0,0,0,0,0,0,0,0,0,0,0,0,0,0,0,0,0,0,0,0,0,0,0,0,0,0,0,0,0,0,0,0,0,0,0,0,0,0,0,0,0,0,0,0,0,0,0,0,0,0,0,0,0,0,0,0,0,0,0,0,0,0,0,0,0,0,0,0,0,0,0,0,0,0,0,0,0,0,0,0,0,0,0,0,0,0,0,0,0,0,0,0,0,0,0,0,0,0,0,0,0,2,1,1,1,5,5,3,0,0,0,0,0,0,0,0,0,0,0,0,0,0,0,0,0,0,0,0,0,0,0,0,0,0,0,0,0,0,0,0,0,0,0,0,0,0,0,0,0,0,0,0,0,0,0,0,0,0,0,0,0,0,0,0,0,0,0,0,0,0,0,0,0,0,0,0,0,0,0,0,0,0,0,0,0,0,0,0,0,0,0,0,0,0,0,0,0,0,0,0,0,0,0,0,0,0,0,0,0,0,0,0,0,0,0,0,0,0,0,0,0,0,0,0,0,0,0,0,0,0,0,0,0,0,0,0,0,0,0,0,0,0,0,0,0,0,0,0,0,0,0,0,0,0,0,0,0,4,2,2,2,5,2,4,2,0,0,0,0,0,0,0,0,0,0,0,0,0,0,0,0,0,2,2,2,1,2,0,2,2,0,0,0,0,0,0,0,0,0,0,0,2,2,2,2,3,1,3,2,1,0,0,0,0,0,0,2,2,2,2,2,0,0,5,0,0,0,0,3,3,0,0,0,0,0,0,0,0,0,0,0,5,3,5,5,0,0,0,0,0,3,0,0,0,0,0,0,0,5,2,2,2,2,2,5,0,0,0,0,0,0,0,0,0,0,0,0,0,0,0,5,2,3,0,2,2,4,0,0,0,0,0,0,0,0,0,0,0,0,0,0,0,0,0,0,0,0,0,0,0,0,0,0,0,0,0,0,0,0,2,2,2,2,2,2,3,2,2,0,0,0,0,0,0,0,0,0,0,0,0,0,0,0,0,0,0,0,0,0,0,0,0,1,3,2,2,0,0,0,0,0,0,0,0,0,0,0,0,0,0,0,0,0,0,0,0,0,0,0,0,0,0,0,0,0,2,4,2,3,2,5,2,2,1,0,1,4,2,0,0,0,0,0,2,1,0,0,0,0,0,0,0,0,0,0,0,0,0,0,0,0,0,0,0,0,0,0,0,0,0,0,0,0,0,0,0,0,0,0,0,0,0,0,0,0,0,0,0,0,0,0,0,5,0,2,2,5,0,2,2,3,2,2,1,2,2,2,0,0,0,3,3,2,2,0,0,0,0,0,0,0,0,0,0,0,0,2,2,0,0,0,0,0,0,0,0,0,0,0,0,0,0,0,0,0,0,0,0,0,0,0,0,0,0,0,0,0,0,0,2,2,3,2,4,5,0,0,0,0,0,0,0,0,0,0,0,0,0,0,0,0,0,0,0,0,0,0,0,0,0,0,0,0,0,0,0,0,0,0,1,0,0,0,0,0,0,0,0,0,0,0,0,0,0,0,0,0,0,0,0,0,0,0,0,0,0,2,2,0,0,0,0,0,0,2,0,1,3,1,2,0,0,0,0,0,0,0,0,0,0,0,0,0,0,0,0,0,0,0,0,0,0,0,0,0,0,0,0,5,3,0,0,0,0,2,5,5,0,0,5,3,0,0,0,0,0,0,0,0,0,0,0,0,0,0,0,4,5,0,0,0,0,2,2,2,0,0,0,0,2,2,3,2,2,0,0,0,1,1,2,2,2,3,0,0,2,1,3,2,5,0,0,0,0,0,0,0,0,0,0,0,0,2,2,3,0,0,0,0,0,0,0,0,0,0,0,0,0,0,0,0,0,0,0,0,0,0,0,0,0,0,0,0,0,0,0,0,0,0,0,0,0,0,0,2,5,0,0,0,0,4,0,0,0,0,0,0,0,0,0,0,0,0,0,0,0,0,0,0,0,0,0,0,0,0,0,0,0,0,0,0,0,0,0,0,0,0,0,0,0,0,0,0,0,0,0,0,0,0,0,0,0,0,0,0,0,0,0,0,0,0,0,0,0,0,0,0,0,0,0,0,0,0,0,0,0,0,0,0,0,0,0,0,0,0,0,0,0,0,0,0,0,0,0,2,2,0,0,4,1,2,2,4,0,0,0,0,0,1,2,2,2,0,0,0,0,0,0,0,0,0,0,0,0,0,0,0,0,0,0,0,0,0,0,0,0,0,0,0,0,0,0,0,0,0,0,0,0,0,0,0,0,0,0,0,2,2,0,0,0,0,0,0,0,0,0,0,0,0,0,0,0,0,3,1,2,1,1,0,0,0,0,5,0,0,0,0,0,0,0,2,2,0,0,0,0,0,0,0,0,2,3,2,2,0,0,0,3,2,2,2,2,0,2,2,1,2,2,0,2,2,0,0,0,0,0,0,0,0,0,0,0,0,0,0,0,0,0,0,2,2,1,0,0,0,0,0,0,0,0,0,0,0,0,0,0,0,0,2,1,2,2,3,2,0,0,0,0,0,0,0,5,2,0,0,0,0,0,0,0,0,0,0,0,0,0,0,0,0,2,3,0,0,0,0,0,0,0,0,0,0,0,0,0,0,0,0,0,0,0,0,0,0,0,0,0,0,0,0,0,0,0,0,0,0,0,0,0,0,0,0,0,0,0,3,2,5,2,0,0,0,0,0,0,0,0,0,0,0,0,0,0,0,0,0,0,0,0,0,0,0,0,0,0,0,0,0,0,0,0,0,0,0,0,0,0,0,0,0,0,0,0,0,0,0,0,0,0,0,0,0,0,0,0,0,0,0,0,0,0,0,0,0,0,0,0,0,0,0,0,0,0,0,0,0,0,0,0,0,0,0,0,0,0,0,0,0,0,0,0,0,0,0,0,0,0,0,0,0,0,0,0,0,0,0,0,0,0,0,0,0,0,0,0,0,0,0,0,0,0,0,0,0,0,0,0,0,0,0,0,0,0,0,0,0,0,0,5,3,2,2,2,2,2,2,4,2,1,4,1,2,2,2,1,4,1,1,5,2,2,2,2,5,2,3,3,2,5,2,2,3,5,0,0,0,0,0,0,0,0,0,0,0,0,0,0,0,0,0,0,0,0,0,0,0,2,5,2,5,3,2,0,0,0,0,0,0,0,0,5,0,0,0,2,3,2,2,2,2,0,0,0,0,0,2,2,2,2,2,0,0,0,1,2,3,1,2,2,2,0,0,0,0,0,2,3,2,2,3,2,2,4,2,0,0,0,0,0,0,0,0,3,2,1,5,4,2,0,0,0,0,3,0,0,0,0,0,0,0,0,0,0,0,0,0,0,0,0,0,2,0,0,2,0,0,0,0,0,0,0,0,0,0,0,0,0,0,0,0,0,0,0,0,0,0,0,0,0,0,0,0,0,0,0,0,0,0,0,0,0,0,0,0,0,0,0,0,0,0,0,0,0,0,0,0,0,0,0,0,0,0,0,0,0,0,0,0,0,0,0,0,0,0,0,0,0,0,0,0,0,2,2,0,2,0,0,0,0,0,2,2,2,0,2,3,2,3,3,1,1,3,1,2,2,0,0,0,0,0,0,0,2,2,2,2,3,1,5,2,2,5,0,4,2,0,0,0,0,2,3,5,2,0,0,0,0,0,0,0,0,0,0,0,0,0,0,0,0,0,0,0,0,0,0,0,0,0,0,0,0,0,0,0,0,0,0,0,0,0,0,0,0,0,0,0,0,0,0,0,0,0,0,0,0,0,0,0,0,0,0,0,0,0,0,0,0,0,0,0,0,0,0,0,0,0,0,0,0,0,0,0,0,0,0,0,0,0,0,0,0,0,0,0,0,0,0,0,0,2,1,1,3,2,3,2,2,5,1,5,5,2,1,4,3,0,0,0,0,0,0,0,0,0,0,0,0,0,0,0,0,0,0,0,0,0,0,0,0,0,0,0,0,0,0,0,0,0,0,0,0,0,0,0,0,0,0,0,0,0,0,0,0,0,0,0,0,0,0,0,0,0,0,0,0,0,0,0,0,0,0,0,0,0,0,0,0,0,0,0,0,0,0,0,0,0,0,0,0,0,0,0,0,0,0,0,0,0,0,0,0,0,0,0,0,0,0,0,0,0,0,0,0,0,0,0,0,0,0,0,0,0,0,0,0,0,0,0,0,0,0,0,0,0,0,0,0,0,0,0,0,0,0,0,0,0,0,0,0,0,0,0,0,0,0,0,0,0,0,0,0,0,0,0,0,0,0,0,0,0,0,0,0,0,0,0,0,0,0,0,0,0,0,0,0,0,0,0,0,0,0,0,0,0,0,0,0,0,0,0,0,0,0,0,0,0,0,0,0,0,0,0,0,0,0,0,0,0,0,0,0,0,0,0,0,0,0,0,0,0,0,0,0,0,0,0,0,0,0,0,0,0,0,0,0,0,0,0,0,0,0,0,0,0,0,0,0,0,0,0,0,0,0,0,0,0,0,0,0,0,0,0,0,0,0,0,0,0,0,0,0,0,0,0,0,0,0,0,0,3,2,3,5,5,3,3,3,3,3,2,2,2,3,5,5,3,0,0,0,0,0,0,0,0,0,0,0,0,0,0,0,0,0,0,0,0,0,0,0,0,0,0,0,0,0,0,0,0,0,0,0,0,0,0,0,0,0,0,0,0,0,0,0,0,0,0,0,0,0,0,0,0,0,0,0,0,0,0,0,0,0,0,0,0,0,0,0,0,0,0,0,0,0,0,0,0,0,0,0,0,0,0,0,0,0,0,0,0,0,0,0,0,0,0,0,0,0,0,0,0,0,0,0,0,0,0,0,0,0,0,0,0,0,0,0,0,0,0,0,0,0,0,0,0,0,3,3,3,5,3,1,3,3,1,3,3,2,0,0,0,0,0,0,0,0,0,0,0,0,0,0,0,0,0,0,0,0,0,0,0,0,0,0,0,0,0,0,0,0,0,0,0,0,0,0,0,0,0,0,0,0,0,0,0,0,0,0,0,0,0,0,0,0,1.6753648519515991,-8.535529136657715,-5.391932487487793,7.211055755615234,3.80426287651062,-18.428117752075195,-28.71275329589844,-5.076474666595459,24.374513626098636,-3.2237069606781006,4.975407600402832,19.413692474365234,-1.1412419080734253,14.177794456481934,-29.92635536193848,-2.0910675525665283,22.80070304870605,-27.655414581298828,-29.268388748168945,34.63145065307617,7.865984439849853,16.918203353881836,54.177513122558594,16.488088607788086,-18.869218826293945,5.70418119430542,-17.005599975585938,-36.77472686767578,2.645955801010132,-14.70863437652588,19.15969657897949,-9.726370811462402,-16.72574806213379,1.6049082279205322,-2.280136823654175,9.379443168640137,3.368511199951172,-3.611652374267578,20.83607292175293,21.15187263488769,1.8807873725891116,2.9740524291992188,-4.374898910522461,-11.50078582763672,-23.87942886352539,19.37865447998047,10.759535789489746,37.35794448852539,-10.137665748596191,2.4710614681243896,9.841696739196776,-25.208816528320312,0.8073144555091858,-19.05099296569824,-32.99674987792969,-23.57888603210449,-14.740025520324709,13.429465293884276,6.094801425933838,9.49172592163086,1.7969738245010376,-17.487274169921875,-17.032262802124023,11.841160774230955,-43.35248565673828,3.2019526958465576,20.00063705444336,7.668917179107666,-15.944215774536133,-0.6357318758964539,-8.121502876281738,12.677383422851562,13.96152687072754,-29.27754211425781,-0.7601275444030762,6.061918258666992,-28.23086166381836,0.60924232006073,8.526686668395996,2.100998640060425,19.60621452331543,-0.607765793800354,-7.35032844543457,-37.63743591308594,20.05071258544922,-12.340110778808594,-12.42202091217041,5.47288179397583,7.172664165496826,-1.8057798147201536,7.137578010559082,14.569951057434082,14.556554794311523,5.676647186279297,8.01607894897461,-2.383962392807007,20.142297744750977,11.661641120910645,19.214229583740234,-7.246842861175537,-9.783858299255373,-20.7783203125,-24.05289459228516,-14.253544807434082,13.120935440063477,-29.26770401000977,-16.003820419311523,12.232950210571287,7.695250511169434,-19.064119338989254,-20.12490463256836,16.228086471557617,9.148025512695312,-13.096196174621582,-4.475247383117676,-8.093179702758789,19.37964630126953,22.23324203491211,-3.0360286235809326,6.868797779083252,-13.638910293579102,15.454877853393556,0.459276795387268,31.709135055541992,-0.0260530710220336,-34.32592010498047,-27.996004104614254,4.178893566131592,-15.900596618652344,0.0762619972229003,2.4961307048797607,-3.5330517292022705,13.840389251708984,38.833717346191406,6.048992156982422,32.777854919433594,-1.7586658000946045,-9.625373840332031,19.91011619567871,-14.589777946472168,23.8515625,-2.426706552505493,-10.593411445617676,-5.571970462799072,16.240758895874023,5.169362545013428,5.843547821044922,8.524457931518555,10.993348121643066,33.9041862487793,-3.775972366333008,16.936769485473633,16.720504760742188,-22.74663543701172,-5.780562877655029,-0.0404790304601192,-16.74829864501953,-4.206964015960693,-0.5098434090614319,-18.15770721435547,6.149600505828857,12.290323257446287,-11.76503562927246,6.535412311553955,16.085304260253906,-24.12353515625,12.365073204040527,-7.740460872650146,1.6480940580368042,17.703472137451172,-14.986886024475098,-22.4389591217041,35.93714141845703,-3.966011285781861,13.117712020874023,-2.942347764968872,14.305168151855469,-3.8423640727996826,-11.44451141357422,21.21731758117676,-12.374629020690918,24.213661193847656,-1.8812772035598757,30.33970260620117,11.386988639831545,-10.045831680297852,3.3517777919769287,1.5265682935714722,-6.116954803466797,-17.659080505371094,3.276731014251709,-7.724164009094238,-18.3492431640625,4.030885696411133,9.943117141723633,6.858744144439697,0.2470319271087646,-27.310909271240234,-9.08471965789795,-8.93918514251709,0.3819587826728821,-5.528961181640625,9.58973789215088,-5.973941802978516,-1.9014662504196167,-3.695175647735596,31.62047004699707,27.446163177490234,26.2853946685791,-14.704912185668944,30.755128860473636,-0.9763081073760986,34.90036392211914,-15.368980407714844,13.874027252197266,-4.011806011199951,12.610943794250488,10.57004451751709,-10.137149810791016,15.304200172424316,12.118242263793944,-20.82257461547852,-8.871400833129883,0.5031998753547668,7.7713751792907715,-13.680621147155762,-3.6913321018218994,-2.9175946712493896,11.913870811462402,-26.479707717895508,6.491323471069336,-3.573333263397217,-19.59249687194824,-25.76205825805664,4.89474630355835,-24.614458084106445,-6.308268070220947,-7.204284191131592,-9.699430465698242,29.582935333251957,18.693246841430664,-24.98895263671875,19.753738403320312,-6.84389591217041,-3.8373687267303462,22.685035705566406,-42.7215461730957,-14.564130783081056,0.7206827998161316,11.07049560546875,-45.60742950439453,11.457124710083008,11.211979866027832,-6.638657093048096,-24.437580108642575,17.685110092163086,4.175159454345703,-16.919702529907227,32.25886535644531,-25.71989631652832,-8.030009269714355,9.17953109741211,2.7748188972473145,18.48533058166504,-3.951157093048096,-23.42581367492676,-10.02525234222412,4.802418231964111,5.914604663848877,-21.548566818237305,2.708545684814453,11.03586483001709,-14.498592376708984,1.798421859741211,-0.9911333322525024,-21.138824462890625,-9.976040840148926,-8.543573379516602,-10.800697326660156,18.775230407714844,-14.248517036437988,-18.637868881225582,-24.522926330566406,-15.774627685546877,-10.585168838500977,13.80995750427246,1.7027212381362915,-4.001522541046143,-12.27760887145996,-9.08360481262207,8.664716720581055,32.91850280761719,9.800809860229492,9.058348655700684,-28.96177673339844,-19.86258888244629,-15.241068840026855,-22.46653175354004,-41.66886901855469,-2.1893908977508545,1.0,1.6127838567197357
OXYR_HUMAN,CHEMBL200403,CCOc1ccc(S(=O)(=O)N(CC(=O)NNC2=c3ccccc3=NC2=O)c2ccccc2)cc1,0,0,0,0,0,0,0,0,0,0,0,0,0,0,0,0,0,0,0,0,0,0,0,0,0,0,0,0,0,0,0,0,0,0,0,0,0,0,0,0,0,0,0,0,0,0,0,0,0,0,0,0,0,0,0,0,0,0,0,0,0,0,0,0,0,0,0,0,0,0,0,0,0,0,0,0,0,0,0,0,0,0,0,0,0,0,0,0,0,0,0,0,0,0,0,0,0,0,0,0,0,0,0,0,0,0,0,0,0,0,0,0,0,0,0,0,0,0,0,0,0,0,0,0,0,0,0,0,0,0,0,0,0,0,0,0,0,0,0,0,0,0,0,0,0,0,0,0,0,0,0,0,0,0,0,0,0,0,0,0,0,0,0,0,0,0,0,0,0,0,0,0,0,0,0,0,0,0,0,0,0,0,0,0,0,2,4,1,2,2,2,2,3,2,3,2,4,2,2,3,2,0,0,0,0,0,0,0,0,0,0,0,0,0,0,0,0,3,2,2,1,0,0,0,0,0,0,0,0,0,0,0,0,0,0,0,0,0,1,1,2,4,1,3,0,0,0,0,0,0,0,0,0,0,0,5,3,0,0,0,0,0,0,0,0,0,0,0,0,0,0,0,0,0,0,0,0,0,0,0,0,0,0,0,0,0,0,0,0,0,0,0,0,0,0,0,0,0,0,0,0,0,0,0,0,0,0,0,0,0,0,0,0,0,0,0,0,0,0,0,0,0,0,0,0,0,0,0,0,0,0,0,0,0,0,0,0,0,0,0,0,0,0,0,0,0,0,0,0,0,0,0,0,0,0,0,0,0,0,0,0,0,0,0,0,0,0,0,0,0,0,0,0,0,0,0,0,0,0,0,0,0,0,0,0,0,0,0,0,0,0,0,0,0,0,0,0,0,0,0,0,0,0,0,0,0,0,0,0,0,0,0,0,0,0,0,0,0,0,0,0,0,0,0,0,0,0,0,0,0,0,0,0,2,1,1,1,5,5,3,0,0,0,0,0,0,0,0,0,0,0,0,0,0,0,0,0,0,0,0,0,0,0,0,0,0,0,0,0,0,0,0,0,0,0,0,0,0,0,0,0,0,0,0,0,0,0,0,0,0,0,0,0,0,0,0,0,0,0,0,0,0,0,0,0,0,0,0,0,0,0,0,0,0,0,0,0,0,0,0,0,0,0,0,0,0,0,0,0,0,0,0,0,0,0,0,0,0,0,0,0,0,0,0,0,0,0,0,0,0,0,0,0,0,0,0,0,0,0,0,0,0,0,0,0,0,0,0,0,0,0,0,0,0,0,0,0,0,0,0,0,0,0,0,0,0,0,0,0,4,2,2,2,5,2,4,2,0,0,0,0,0,0,0,0,0,0,0,0,0,0,0,0,0,2,2,2,1,2,0,2,2,0,0,0,0,0,0,0,0,0,0,0,2,2,2,2,3,1,3,2,1,0,0,0,0,0,0,2,2,2,2,2,0,0,5,0,0,0,0,3,3,0,0,0,0,0,0,0,0,0,0,0,5,3,5,5,0,0,0,0,0,3,0,0,0,0,0,0,0,5,2,2,2,2,2,5,0,0,0,0,0,0,0,0,0,0,0,0,0,0,0,5,2,3,0,2,2,4,0,0,0,0,0,0,0,0,0,0,0,0,0,0,0,0,0,0,0,0,0,0,0,0,0,0,0,0,0,0,0,0,2,2,2,2,2,2,3,2,2,0,0,0,0,0,0,0,0,0,0,0,0,0,0,0,0,0,0,0,0,0,0,0,0,1,3,2,2,0,0,0,0,0,0,0,0,0,0,0,0,0,0,0,0,0,0,0,0,0,0,0,0,0,0,0,0,0,2,4,2,3,2,5,2,2,1,0,1,4,2,0,0,0,0,0,2,1,0,0,0,0,0,0,0,0,0,0,0,0,0,0,0,0,0,0,0,0,0,0,0,0,0,0,0,0,0,0,0,0,0,0,0,0,0,0,0,0,0,0,0,0,0,0,0,5,0,2,2,5,0,2,2,3,2,2,1,2,2,2,0,0,0,3,3,2,2,0,0,0,0,0,0,0,0,0,0,0,0,2,2,0,0,0,0,0,0,0,0,0,0,0,0,0,0,0,0,0,0,0,0,0,0,0,0,0,0,0,0,0,0,0,2,2,3,2,4,5,0,0,0,0,0,0,0,0,0,0,0,0,0,0,0,0,0,0,0,0,0,0,0,0,0,0,0,0,0,0,0,0,0,0,1,0,0,0,0,0,0,0,0,0,0,0,0,0,0,0,0,0,0,0,0,0,0,0,0,0,0,2,2,0,0,0,0,0,0,2,0,1,3,1,2,0,0,0,0,0,0,0,0,0,0,0,0,0,0,0,0,0,0,0,0,0,0,0,0,0,0,0,0,5,3,0,0,0,0,2,5,5,0,0,5,3,0,0,0,0,0,0,0,0,0,0,0,0,0,0,0,4,5,0,0,0,0,2,2,2,0,0,0,0,2,2,3,2,2,0,0,0,1,1,2,2,2,3,0,0,2,1,3,2,5,0,0,0,0,0,0,0,0,0,0,0,0,2,2,3,0,0,0,0,0,0,0,0,0,0,0,0,0,0,0,0,0,0,0,0,0,0,0,0,0,0,0,0,0,0,0,0,0,0,0,0,0,0,0,2,5,0,0,0,0,4,0,0,0,0,0,0,0,0,0,0,0,0,0,0,0,0,0,0,0,0,0,0,0,0,0,0,0,0,0,0,0,0,0,0,0,0,0,0,0,0,0,0,0,0,0,0,0,0,0,0,0,0,0,0,0,0,0,0,0,0,0,0,0,0,0,0,0,0,0,0,0,0,0,0,0,0,0,0,0,0,0,0,0,0,0,0,0,0,0,0,0,0,0,2,2,0,0,4,1,2,2,4,0,0,0,0,0,1,2,2,2,0,0,0,0,0,0,0,0,0,0,0,0,0,0,0,0,0,0,0,0,0,0,0,0,0,0,0,0,0,0,0,0,0,0,0,0,0,0,0,0,0,0,0,2,2,0,0,0,0,0,0,0,0,0,0,0,0,0,0,0,0,3,1,2,1,1,0,0,0,0,5,0,0,0,0,0,0,0,2,2,0,0,0,0,0,0,0,0,2,3,2,2,0,0,0,3,2,2,2,2,0,2,2,1,2,2,0,2,2,0,0,0,0,0,0,0,0,0,0,0,0,0,0,0,0,0,0,2,2,1,0,0,0,0,0,0,0,0,0,0,0,0,0,0,0,0,2,1,2,2,3,2,0,0,0,0,0,0,0,5,2,0,0,0,0,0,0,0,0,0,0,0,0,0,0,0,0,2,3,0,0,0,0,0,0,0,0,0,0,0,0,0,0,0,0,0,0,0,0,0,0,0,0,0,0,0,0,0,0,0,0,0,0,0,0,0,0,0,0,0,0,0,3,2,5,2,0,0,0,0,0,0,0,0,0,0,0,0,0,0,0,0,0,0,0,0,0,0,0,0,0,0,0,0,0,0,0,0,0,0,0,0,0,0,0,0,0,0,0,0,0,0,0,0,0,0,0,0,0,0,0,0,0,0,0,0,0,0,0,0,0,0,0,0,0,0,0,0,0,0,0,0,0,0,0,0,0,0,0,0,0,0,0,0,0,0,0,0,0,0,0,0,0,0,0,0,0,0,0,0,0,0,0,0,0,0,0,0,0,0,0,0,0,0,0,0,0,0,0,0,0,0,0,0,0,0,0,0,0,0,0,0,0,0,0,5,3,2,2,2,2,2,2,4,2,1,4,1,2,2,2,1,4,1,1,5,2,2,2,2,5,2,3,3,2,5,2,2,3,5,0,0,0,0,0,0,0,0,0,0,0,0,0,0,0,0,0,0,0,0,0,0,0,2,5,2,5,3,2,0,0,0,0,0,0,0,0,5,0,0,0,2,3,2,2,2,2,0,0,0,0,0,2,2,2,2,2,0,0,0,1,2,3,1,2,2,2,0,0,0,0,0,2,3,2,2,3,2,2,4,2,0,0,0,0,0,0,0,0,3,2,1,5,4,2,0,0,0,0,3,0,0,0,0,0,0,0,0,0,0,0,0,0,0,0,0,0,2,0,0,2,0,0,0,0,0,0,0,0,0,0,0,0,0,0,0,0,0,0,0,0,0,0,0,0,0,0,0,0,0,0,0,0,0,0,0,0,0,0,0,0,0,0,0,0,0,0,0,0,0,0,0,0,0,0,0,0,0,0,0,0,0,0,0,0,0,0,0,0,0,0,0,0,0,0,0,0,0,2,2,0,2,0,0,0,0,0,2,2,2,0,2,3,2,3,3,1,1,3,1,2,2,0,0,0,0,0,0,0,2,2,2,2,3,1,5,2,2,5,0,4,2,0,0,0,0,2,3,5,2,0,0,0,0,0,0,0,0,0,0,0,0,0,0,0,0,0,0,0,0,0,0,0,0,0,0,0,0,0,0,0,0,0,0,0,0,0,0,0,0,0,0,0,0,0,0,0,0,0,0,0,0,0,0,0,0,0,0,0,0,0,0,0,0,0,0,0,0,0,0,0,0,0,0,0,0,0,0,0,0,0,0,0,0,0,0,0,0,0,0,0,0,0,0,0,0,2,1,1,3,2,3,2,2,5,1,5,5,2,1,4,3,0,0,0,0,0,0,0,0,0,0,0,0,0,0,0,0,0,0,0,0,0,0,0,0,0,0,0,0,0,0,0,0,0,0,0,0,0,0,0,0,0,0,0,0,0,0,0,0,0,0,0,0,0,0,0,0,0,0,0,0,0,0,0,0,0,0,0,0,0,0,0,0,0,0,0,0,0,0,0,0,0,0,0,0,0,0,0,0,0,0,0,0,0,0,0,0,0,0,0,0,0,0,0,0,0,0,0,0,0,0,0,0,0,0,0,0,0,0,0,0,0,0,0,0,0,0,0,0,0,0,0,0,0,0,0,0,0,0,0,0,0,0,0,0,0,0,0,0,0,0,0,0,0,0,0,0,0,0,0,0,0,0,0,0,0,0,0,0,0,0,0,0,0,0,0,0,0,0,0,0,0,0,0,0,0,0,0,0,0,0,0,0,0,0,0,0,0,0,0,0,0,0,0,0,0,0,0,0,0,0,0,0,0,0,0,0,0,0,0,0,0,0,0,0,0,0,0,0,0,0,0,0,0,0,0,0,0,0,0,0,0,0,0,0,0,0,0,0,0,0,0,0,0,0,0,0,0,0,0,0,0,0,0,0,0,0,0,0,0,0,0,0,0,0,0,0,0,0,0,0,0,0,0,0,3,2,3,5,5,3,3,3,3,3,2,2,2,3,5,5,3,0,0,0,0,0,0,0,0,0,0,0,0,0,0,0,0,0,0,0,0,0,0,0,0,0,0,0,0,0,0,0,0,0,0,0,0,0,0,0,0,0,0,0,0,0,0,0,0,0,0,0,0,0,0,0,0,0,0,0,0,0,0,0,0,0,0,0,0,0,0,0,0,0,0,0,0,0,0,0,0,0,0,0,0,0,0,0,0,0,0,0,0,0,0,0,0,0,0,0,0,0,0,0,0,0,0,0,0,0,0,0,0,0,0,0,0,0,0,0,0,0,0,0,0,0,0,0,0,0,3,3,3,5,3,1,3,3,1,3,3,2,0,0,0,0,0,0,0,0,0,0,0,0,0,0,0,0,0,0,0,0,0,0,0,0,0,0,0,0,0,0,0,0,0,0,0,0,0,0,0,0,0,0,0,0,0,0,0,0,0,0,0,0,0,0,0,0,1.477420687675476,-3.987571477890015,-5.458878517150879,8.631773948669434,1.864574909210205,-1.095501184463501,-16.330841064453125,-0.1250226199626922,12.662674903869627,6.809786796569824,-6.495678424835205,1.3118435144424438,-13.406411170959473,1.541246771812439,-6.768171310424805,0.4107453823089599,5.157041549682617,-5.1639084815979,-6.285050868988037,9.610785484313965,-1.231478214263916,7.995591163635254,21.269550323486328,7.779943466186523,-12.429893493652344,-0.7744158506393433,1.270161509513855,-11.529054641723633,2.759161233901977,0.4377558827400207,15.69546127319336,-9.081515312194824,-3.011315107345581,-8.178010940551758,3.3091540336608887,0.939846932888031,2.19754958152771,2.0247585773468018,9.335984230041504,5.215867519378662,-0.2087231129407882,-1.693816900253296,-9.147588729858398,0.5425794124603271,-13.678749084472656,4.2542805671691895,-0.1866401731967926,10.617639541625977,-8.3499116897583,2.0774126052856445,6.900443077087402,-7.557355880737305,-6.435978412628174,-9.31647777557373,-7.448324203491211,-7.647410869598389,-3.284090757369995,0.5219579339027405,6.540317535400391,2.3175244331359863,-0.9014149308204652,-9.78391170501709,-2.88102126121521,6.290361404418945,-15.620440483093262,-0.6186519861221313,12.454493522644045,3.1884117126464844,-3.4195032119750977,3.886806011199951,-6.900976657867432,1.6205955743789673,7.534998416900635,-9.26931858062744,-2.9244496822357178,6.72020435333252,-6.724909782409668,4.895045280456543,-1.2170110940933228,5.895360946655273,7.242181301116943,-2.167762517929077,-8.378891944885254,-11.278687477111816,2.728057146072388,-0.170810580253601,-8.080179214477539,5.617275238037109,4.060251235961914,-1.584600567817688,4.695484161376953,3.479477405548096,3.363633871078491,11.701371192932127,3.463509321212769,-0.5307480096817017,3.638659000396729,2.093194007873535,7.061846733093262,2.347874402999878,-4.667032241821289,-10.356781959533691,-6.907735347747803,-12.043495178222656,2.3894405364990234,-10.280495643615724,-5.271103382110596,4.128602981567383,2.263983249664306,-8.40594482421875,-17.954607009887695,3.500246524810791,5.08213472366333,-1.3232978582382202,0.1830036044120788,-6.438581466674805,10.42722988128662,9.759106636047363,-4.16649866104126,5.923525333404541,-14.11148166656494,1.207674860954285,-3.8109664916992183,7.211243152618408,5.286623001098633,-9.614646911621094,-14.09853744506836,-2.133247137069702,-1.7276219129562378,0.7114821672439575,-0.7800301313400269,1.6071155071258545,10.462319374084473,17.23281478881836,-2.144050121307373,14.624693870544434,13.956814765930176,1.1491423845291138,14.303857803344728,-3.819306373596192,11.619325637817385,-1.9917242527008057,-0.1554549932479858,1.537481427192688,14.237466812133787,10.230291366577148,2.480984926223755,2.498579978942871,1.696747064590454,11.348748207092283,8.222466468811035,4.677300453186035,10.455105781555176,-4.921666622161865,-2.1952152252197266,3.575610399246216,-6.672312259674072,-8.828539848327637,5.425423622131348,-9.18024444580078,-3.125807046890259,-2.8889334201812744,-9.129558563232422,4.0650715827941895,2.826254367828369,-8.431144714355469,1.9497535228729248,-5.034025192260742,1.0912264585494995,8.322793960571289,-7.359257698059082,-2.865891218185425,15.165200233459473,-5.61135196685791,-0.7659897804260254,0.3005116581916809,6.307418346405029,-1.9199885129928589,-8.455413818359375,12.233908653259276,-6.559292316436768,8.70040225982666,-1.581882119178772,9.469762802124023,10.89925479888916,-4.855061531066895,-1.1303223371505735,-1.030508041381836,-9.08824348449707,-4.479548454284668,-1.6434648036956787,-1.6560581922531128,-0.8859293460845947,1.0625609159469604,3.5493054389953613,0.1797455102205276,-6.746602535247803,-11.804455757141112,-1.4092694520950315,-1.6342535018920898,1.9172327518463133,2.346686363220215,7.222888469696045,1.2185841798782349,5.07772970199585,-4.445441722869873,15.34653091430664,7.679302215576172,12.623734474182127,-3.1600584983825684,16.044511795043945,-3.028172492980957,6.984144687652588,-3.947683334350586,4.469699859619141,5.5768914222717285,2.87466049194336,4.044313430786133,-8.348188400268555,6.412558078765869,3.0400850772857666,-9.915972709655762,-1.0700525045394895,1.0339046716690063,2.10730504989624,-4.6133222579956055,-1.598763942718506,3.853307008743286,10.255450248718262,-13.057785987854004,2.482298851013184,-3.196394681930542,-10.572327613830566,-14.884446144104004,-3.9900777339935294,-3.1070470809936523,-2.410935878753662,-3.027557611465454,-6.1138410568237305,10.176548957824709,3.9328906536102295,1.0547715425491333,3.677267789840698,-0.8338645100593567,-4.36764669418335,4.460837364196777,-15.404315948486328,-8.432238578796387,1.0538389682769775,-8.516029357910156,-18.85717391967773,2.1340200901031494,-3.167592287063598,0.4206944406032562,-13.5580415725708,1.660044550895691,5.268161296844482,-13.965267181396484,9.605704307556152,-7.68086051940918,-4.861373424530029,7.637365818023682,5.143867015838623,13.252025604248049,2.7172086238861084,-6.219187736511231,-8.699043273925781,6.751158714294434,1.4836921691894531,-9.587163925170898,-2.282722949981689,5.870217323303223,0.0438189730048179,5.052073955535889,-0.1951076537370681,-7.114581108093262,-2.4390225410461426,-4.245118141174316,-1.7125613689422607,-1.651387333869934,-9.441930770874023,-6.56734561920166,-20.016357421875,-8.544575691223145,-0.1526262313127517,1.9487004280090328,0.5875576734542847,-2.1395459175109863,-8.566924095153809,-1.2400721311569214,0.6583880186080933,14.081459999084473,14.350708961486816,2.5412542819976807,-11.725300788879396,-1.5981732606887815,-6.7370195388793945,-4.263942241668701,-12.948760986328123,-3.6308114528656006,-1.0,0.7781512503836435
OXYR_HUMAN,CHEMBL481568,COc1ccc(C)cc1-c1ccc(C(=O)N(Cc2ccccc2)CC2CCCO2)cc1,0,0,0,0,0,0,0,0,0,0,0,0,0,0,0,0,0,0,0,0,0,0,0,0,0,0,0,0,0,0,0,0,0,0,0,0,0,0,0,0,0,0,0,0,0,0,0,0,0,0,0,0,0,0,0,0,0,0,0,0,0,0,0,0,0,0,0,0,0,0,0,0,0,0,0,0,0,0,0,0,0,0,0,0,0,0,0,0,0,0,0,0,0,0,0,0,0,0,0,0,0,0,0,0,0,0,0,0,0,0,0,0,0,0,0,0,0,0,0,0,0,0,0,0,0,0,0,0,0,0,0,0,0,0,0,0,0,0,0,0,0,0,0,0,0,0,0,0,0,0,0,0,0,0,0,0,0,0,0,0,0,0,0,0,0,0,0,0,0,0,0,0,0,0,0,0,0,0,0,0,0,0,0,0,0,2,4,1,2,2,2,2,3,2,3,2,4,2,2,3,2,0,0,0,0,0,0,0,0,0,0,0,0,0,0,0,0,3,2,2,1,0,0,0,0,0,0,0,0,0,0,0,0,0,0,0,0,0,1,1,2,4,1,3,0,0,0,0,0,0,0,0,0,0,0,5,3,0,0,0,0,0,0,0,0,0,0,0,0,0,0,0,0,0,0,0,0,0,0,0,0,0,0,0,0,0,0,0,0,0,0,0,0,0,0,0,0,0,0,0,0,0,0,0,0,0,0,0,0,0,0,0,0,0,0,0,0,0,0,0,0,0,0,0,0,0,0,0,0,0,0,0,0,0,0,0,0,0,0,0,0,0,0,0,0,0,0,0,0,0,0,0,0,0,0,0,0,0,0,0,0,0,0,0,0,0,0,0,0,0,0,0,0,0,0,0,0,0,0,0,0,0,0,0,0,0,0,0,0,0,0,0,0,0,0,0,0,0,0,0,0,0,0,0,0,0,0,0,0,0,0,0,0,0,0,0,0,0,0,0,0,0,0,0,0,0,0,0,0,0,0,0,0,2,1,1,1,5,5,3,0,0,0,0,0,0,0,0,0,0,0,0,0,0,0,0,0,0,0,0,0,0,0,0,0,0,0,0,0,0,0,0,0,0,0,0,0,0,0,0,0,0,0,0,0,0,0,0,0,0,0,0,0,0,0,0,0,0,0,0,0,0,0,0,0,0,0,0,0,0,0,0,0,0,0,0,0,0,0,0,0,0,0,0,0,0,0,0,0,0,0,0,0,0,0,0,0,0,0,0,0,0,0,0,0,0,0,0,0,0,0,0,0,0,0,0,0,0,0,0,0,0,0,0,0,0,0,0,0,0,0,0,0,0,0,0,0,0,0,0,0,0,0,0,0,0,0,0,0,4,2,2,2,5,2,4,2,0,0,0,0,0,0,0,0,0,0,0,0,0,0,0,0,0,2,2,2,1,2,0,2,2,0,0,0,0,0,0,0,0,0,0,0,2,2,2,2,3,1,3,2,1,0,0,0,0,0,0,2,2,2,2,2,0,0,5,0,0,0,0,3,3,0,0,0,0,0,0,0,0,0,0,0,5,3,5,5,0,0,0,0,0,3,0,0,0,0,0,0,0,5,2,2,2,2,2,5,0,0,0,0,0,0,0,0,0,0,0,0,0,0,0,5,2,3,0,2,2,4,0,0,0,0,0,0,0,0,0,0,0,0,0,0,0,0,0,0,0,0,0,0,0,0,0,0,0,0,0,0,0,0,2,2,2,2,2,2,3,2,2,0,0,0,0,0,0,0,0,0,0,0,0,0,0,0,0,0,0,0,0,0,0,0,0,1,3,2,2,0,0,0,0,0,0,0,0,0,0,0,0,0,0,0,0,0,0,0,0,0,0,0,0,0,0,0,0,0,2,4,2,3,2,5,2,2,1,0,1,4,2,0,0,0,0,0,2,1,0,0,0,0,0,0,0,0,0,0,0,0,0,0,0,0,0,0,0,0,0,0,0,0,0,0,0,0,0,0,0,0,0,0,0,0,0,0,0,0,0,0,0,0,0,0,0,5,0,2,2,5,0,2,2,3,2,2,1,2,2,2,0,0,0,3,3,2,2,0,0,0,0,0,0,0,0,0,0,0,0,2,2,0,0,0,0,0,0,0,0,0,0,0,0,0,0,0,0,0,0,0,0,0,0,0,0,0,0,0,0,0,0,0,2,2,3,2,4,5,0,0,0,0,0,0,0,0,0,0,0,0,0,0,0,0,0,0,0,0,0,0,0,0,0,0,0,0,0,0,0,0,0,0,1,0,0,0,0,0,0,0,0,0,0,0,0,0,0,0,0,0,0,0,0,0,0,0,0,0,0,2,2,0,0,0,0,0,0,2,0,1,3,1,2,0,0,0,0,0,0,0,0,0,0,0,0,0,0,0,0,0,0,0,0,0,0,0,0,0,0,0,0,5,3,0,0,0,0,2,5,5,0,0,5,3,0,0,0,0,0,0,0,0,0,0,0,0,0,0,0,4,5,0,0,0,0,2,2,2,0,0,0,0,2,2,3,2,2,0,0,0,1,1,2,2,2,3,0,0,2,1,3,2,5,0,0,0,0,0,0,0,0,0,0,0,0,2,2,3,0,0,0,0,0,0,0,0,0,0,0,0,0,0,0,0,0,0,0,0,0,0,0,0,0,0,0,0,0,0,0,0,0,0,0,0,0,0,0,2,5,0,0,0,0,4,0,0,0,0,0,0,0,0,0,0,0,0,0,0,0,0,0,0,0,0,0,0,0,0,0,0,0,0,0,0,0,0,0,0,0,0,0,0,0,0,0,0,0,0,0,0,0,0,0,0,0,0,0,0,0,0,0,0,0,0,0,0,0,0,0,0,0,0,0,0,0,0,0,0,0,0,0,0,0,0,0,0,0,0,0,0,0,0,0,0,0,0,0,2,2,0,0,4,1,2,2,4,0,0,0,0,0,1,2,2,2,0,0,0,0,0,0,0,0,0,0,0,0,0,0,0,0,0,0,0,0,0,0,0,0,0,0,0,0,0,0,0,0,0,0,0,0,0,0,0,0,0,0,0,2,2,0,0,0,0,0,0,0,0,0,0,0,0,0,0,0,0,3,1,2,1,1,0,0,0,0,5,0,0,0,0,0,0,0,2,2,0,0,0,0,0,0,0,0,2,3,2,2,0,0,0,3,2,2,2,2,0,2,2,1,2,2,0,2,2,0,0,0,0,0,0,0,0,0,0,0,0,0,0,0,0,0,0,2,2,1,0,0,0,0,0,0,0,0,0,0,0,0,0,0,0,0,2,1,2,2,3,2,0,0,0,0,0,0,0,5,2,0,0,0,0,0,0,0,0,0,0,0,0,0,0,0,0,2,3,0,0,0,0,0,0,0,0,0,0,0,0,0,0,0,0,0,0,0,0,0,0,0,0,0,0,0,0,0,0,0,0,0,0,0,0,0,0,0,0,0,0,0,3,2,5,2,0,0,0,0,0,0,0,0,0,0,0,0,0,0,0,0,0,0,0,0,0,0,0,0,0,0,0,0,0,0,0,0,0,0,0,0,0,0,0,0,0,0,0,0,0,0,0,0,0,0,0,0,0,0,0,0,0,0,0,0,0,0,0,0,0,0,0,0,0,0,0,0,0,0,0,0,0,0,0,0,0,0,0,0,0,0,0,0,0,0,0,0,0,0,0,0,0,0,0,0,0,0,0,0,0,0,0,0,0,0,0,0,0,0,0,0,0,0,0,0,0,0,0,0,0,0,0,0,0,0,0,0,0,0,0,0,0,0,0,5,3,2,2,2,2,2,2,4,2,1,4,1,2,2,2,1,4,1,1,5,2,2,2,2,5,2,3,3,2,5,2,2,3,5,0,0,0,0,0,0,0,0,0,0,0,0,0,0,0,0,0,0,0,0,0,0,0,2,5,2,5,3,2,0,0,0,0,0,0,0,0,5,0,0,0,2,3,2,2,2,2,0,0,0,0,0,2,2,2,2,2,0,0,0,1,2,3,1,2,2,2,0,0,0,0,0,2,3,2,2,3,2,2,4,2,0,0,0,0,0,0,0,0,3,2,1,5,4,2,0,0,0,0,3,0,0,0,0,0,0,0,0,0,0,0,0,0,0,0,0,0,2,0,0,2,0,0,0,0,0,0,0,0,0,0,0,0,0,0,0,0,0,0,0,0,0,0,0,0,0,0,0,0,0,0,0,0,0,0,0,0,0,0,0,0,0,0,0,0,0,0,0,0,0,0,0,0,0,0,0,0,0,0,0,0,0,0,0,0,0,0,0,0,0,0,0,0,0,0,0,0,0,2,2,0,2,0,0,0,0,0,2,2,2,0,2,3,2,3,3,1,1,3,1,2,2,0,0,0,0,0,0,0,2,2,2,2,3,1,5,2,2,5,0,4,2,0,0,0,0,2,3,5,2,0,0,0,0,0,0,0,0,0,0,0,0,0,0,0,0,0,0,0,0,0,0,0,0,0,0,0,0,0,0,0,0,0,0,0,0,0,0,0,0,0,0,0,0,0,0,0,0,0,0,0,0,0,0,0,0,0,0,0,0,0,0,0,0,0,0,0,0,0,0,0,0,0,0,0,0,0,0,0,0,0,0,0,0,0,0,0,0,0,0,0,0,0,0,0,0,2,1,1,3,2,3,2,2,5,1,5,5,2,1,4,3,0,0,0,0,0,0,0,0,0,0,0,0,0,0,0,0,0,0,0,0,0,0,0,0,0,0,0,0,0,0,0,0,0,0,0,0,0,0,0,0,0,0,0,0,0,0,0,0,0,0,0,0,0,0,0,0,0,0,0,0,0,0,0,0,0,0,0,0,0,0,0,0,0,0,0,0,0,0,0,0,0,0,0,0,0,0,0,0,0,0,0,0,0,0,0,0,0,0,0,0,0,0,0,0,0,0,0,0,0,0,0,0,0,0,0,0,0,0,0,0,0,0,0,0,0,0,0,0,0,0,0,0,0,0,0,0,0,0,0,0,0,0,0,0,0,0,0,0,0,0,0,0,0,0,0,0,0,0,0,0,0,0,0,0,0,0,0,0,0,0,0,0,0,0,0,0,0,0,0,0,0,0,0,0,0,0,0,0,0,0,0,0,0,0,0,0,0,0,0,0,0,0,0,0,0,0,0,0,0,0,0,0,0,0,0,0,0,0,0,0,0,0,0,0,0,0,0,0,0,0,0,0,0,0,0,0,0,0,0,0,0,0,0,0,0,0,0,0,0,0,0,0,0,0,0,0,0,0,0,0,0,0,0,0,0,0,0,0,0,0,0,0,0,0,0,0,0,0,0,0,0,0,0,0,3,2,3,5,5,3,3,3,3,3,2,2,2,3,5,5,3,0,0,0,0,0,0,0,0,0,0,0,0,0,0,0,0,0,0,0,0,0,0,0,0,0,0,0,0,0,0,0,0,0,0,0,0,0,0,0,0,0,0,0,0,0,0,0,0,0,0,0,0,0,0,0,0,0,0,0,0,0,0,0,0,0,0,0,0,0,0,0,0,0,0,0,0,0,0,0,0,0,0,0,0,0,0,0,0,0,0,0,0,0,0,0,0,0,0,0,0,0,0,0,0,0,0,0,0,0,0,0,0,0,0,0,0,0,0,0,0,0,0,0,0,0,0,0,0,0,3,3,3,5,3,1,3,3,1,3,3,2,0,0,0,0,0,0,0,0,0,0,0,0,0,0,0,0,0,0,0,0,0,0,0,0,0,0,0,0,0,0,0,0,0,0,0,0,0,0,0,0,0,0,0,0,0,0,0,0,0,0,0,0,0,0,0,0,1.3495168685913086,-3.4116432666778564,-4.8525390625,8.383321762084961,0.0332010015845298,0.4912002384662628,-13.106111526489258,0.0405627116560936,9.268407821655272,3.256516933441162,-4.24089241027832,0.0950406566262245,-10.08847427368164,0.7687788009643555,-7.25225305557251,-2.498156785964966,6.674191474914551,-4.269558429718018,-6.121674537658691,8.700839042663574,1.796736717224121,8.838268280029297,18.83326911926269,8.122197151184082,-7.884248733520508,-0.4282283186912536,0.4200989603996277,-11.188697814941406,1.482349514961243,1.116629958152771,13.897066116333008,-8.978950500488281,-5.689675331115723,-7.891511917114258,2.7613816261291504,0.2310824990272522,-0.44674152135849,0.1942739933729171,11.359073638916016,5.590251922607422,-3.9181952476501465,-1.877418041229248,-6.572786331176758,-0.4418404996395111,-13.01173210144043,4.439332485198975,0.6701966524124146,6.265121936798096,-8.144804954528809,6.540006160736084,7.033892631530762,-7.597002983093262,-1.743934154510498,-11.45230484008789,-5.457622051239014,-6.854401588439941,-5.351139545440674,-1.1650023460388184,5.93358039855957,7.035796165466309,0.3266023099422455,-8.30581283569336,-2.4531376361846924,2.264349937438965,-17.50312614440918,-1.2629045248031616,10.391676902770996,0.3710207045078277,-2.758939266204834,0.3429842591285705,-7.653670310974121,1.375693440437317,10.430330276489258,-7.996272563934326,-3.408841371536255,7.858839988708496,-9.024343490600586,5.114839553833008,-2.904508113861084,6.930985450744629,6.244931221008301,-1.8663735389709477,-5.794587135314941,-13.10378360748291,0.6003368496894836,-2.5826447010040283,-9.028422355651855,7.51231050491333,5.27549934387207,-3.84054183959961,5.890498161315918,3.5162875652313232,3.893148183822632,8.424553871154785,4.018622875213623,-1.4164568185806274,5.0659356117248535,6.405657768249512,6.155049800872803,3.5259664058685303,-5.50836992263794,-8.842331886291504,-7.360073089599609,-14.450815200805664,5.21182918548584,-9.457088470458984,-0.7736812829971313,5.484588146209717,0.351103812456131,-7.767807483673096,-15.822637557983398,6.184846878051758,5.578594207763672,0.0872300192713737,2.729432821273804,-6.4493279457092285,8.41773509979248,12.077807426452637,-5.5430426597595215,5.830690383911133,-11.432646751403809,-0.2662812173366546,-4.291625499725342,6.548192977905273,3.9665544033050537,-8.862176895141602,-11.30053997039795,-3.4594221115112305,-6.417292594909668,0.5157244205474854,-1.2306901216506958,4.194479942321777,13.57205295562744,12.666489601135254,-2.2705228328704834,15.721385955810549,15.640469551086426,-0.4109661281108856,10.076836585998535,-4.214769840240479,7.072479724884033,-1.0964654684066772,-0.2475792467594146,-0.1256502270698547,10.081975936889648,9.668485641479492,2.45668363571167,1.970964193344116,-0.1553400456905365,7.383838653564453,4.296299934387207,3.3573131561279297,9.901860237121582,-3.896764755249024,-2.338041305541992,2.3651540279388428,-7.345495223999023,-6.690476417541504,0.4245663583278656,-5.709128379821777,-4.775315284729004,-2.096782684326172,-7.0950608253479,1.4054622650146484,-1.1795679330825806,-10.228696823120115,0.015738621354103,-2.8601319789886475,-0.00981180742383,6.259834289550781,-6.428889274597168,-5.007288932800293,15.00310230255127,-4.228977203369141,0.7515016794204712,1.4233516454696655,6.724184989929199,-3.881821155548096,-5.707278728485107,14.792986869812012,-2.4616849422454834,9.753148078918455,-2.1899008750915527,9.14831829071045,11.677495956420898,-2.613861560821533,-4.984185218811035,-2.58613395690918,-6.879765033721924,-3.4749081134796143,-0.9687099456787108,-1.454930067062378,-0.1940990835428238,1.2230050563812256,-0.1096318587660789,-2.072452545166016,-5.787021636962891,-13.162450790405272,-2.396669864654541,3.2005650997161865,5.147258281707764,3.8980307579040527,4.210383892059326,3.8594071865081783,4.171484470367432,-2.3724770545959477,13.26128387451172,6.882609844207764,13.028223037719728,-1.574792742729187,14.49989414215088,-4.121930599212647,5.344480991363525,-7.22199821472168,2.207995176315308,0.0266278907656669,2.06169056892395,6.3810200691223145,-7.082921981811523,7.158863544464111,1.686781883239746,-9.859827995300291,-3.833998203277588,0.6078115105628967,3.907828569412232,-6.412092208862305,-2.195556640625,0.3440612256526947,5.682526588439941,-8.717771530151367,3.114307403564453,-0.0096562281250953,-5.690475463867188,-14.415687561035156,-2.484175682067871,-4.580657958984375,-4.838186264038086,-0.927016258239746,-3.5291779041290283,9.64217472076416,7.760042190551758,-0.6380935907363892,4.93979549407959,1.3275408744812012,-7.099880218505859,5.893279552459717,-13.967050552368164,-8.208365440368652,2.687760353088379,-4.106960773468018,-18.326770782470703,4.906113147735596,-0.8607917428016663,0.5621923804283142,-14.080693244934082,0.1767669469118118,3.5349984169006348,-7.831833839416504,7.570373058319092,-7.300030708312988,0.8956398963928223,9.309978485107422,4.72927188873291,9.6900053024292,4.3618879318237305,-7.488776206970215,-11.39292812347412,7.757271289825439,1.5407100915908811,-6.383299350738525,-2.9483113288879395,5.722024917602539,-2.5378215312957764,2.241885185241699,-0.0970125198364257,-3.6225414276123047,-1.322571039199829,-1.2902836799621582,0.1902560889720916,0.8020016551017761,-8.432209968566895,-6.550690174102783,-14.717915534973145,-8.373222351074219,-0.9102466106414796,3.4557735919952397,-1.89670729637146,-2.6859824657440186,-8.2295560836792,-0.7711498141288757,-0.8319227695465088,14.750158309936523,11.368413925170898,-0.8366944193840027,-9.35014533996582,-6.090022563934326,-7.402108669281006,-4.591937065124512,-12.232197761535645,-2.193525075912476,-1.0,3.800001827817969
OXYR_HUMAN,CHEMBL492029,CCOCc1nnc(-c2ccc(OCC)c(C)c2)n1-c1ccc(OC)nc1,0,0,0,0,0,0,0,0,0,0,0,0,0,0,0,0,0,0,0,0,0,0,0,0,0,0,0,0,0,0,0,0,0,0,0,0,0,0,0,0,0,0,0,0,0,0,0,0,0,0,0,0,0,0,0,0,0,0,0,0,0,0,0,0,0,0,0,0,0,0,0,0,0,0,0,0,0,0,0,0,0,0,0,0,0,0,0,0,0,0,0,0,0,0,0,0,0,0,0,0,0,0,0,0,0,0,0,0,0,0,0,0,0,0,0,0,0,0,0,0,0,0,0,0,0,0,0,0,0,0,0,0,0,0,0,0,0,0,0,0,0,0,0,0,0,0,0,0,0,0,0,0,0,0,0,0,0,0,0,0,0,0,0,0,0,0,0,0,0,0,0,0,0,0,0,0,0,0,0,0,0,0,0,0,0,2,4,1,2,2,2,2,3,2,3,2,4,2,2,3,2,0,0,0,0,0,0,0,0,0,0,0,0,0,0,0,0,3,2,2,1,0,0,0,0,0,0,0,0,0,0,0,0,0,0,0,0,0,1,1,2,4,1,3,0,0,0,0,0,0,0,0,0,0,0,5,3,0,0,0,0,0,0,0,0,0,0,0,0,0,0,0,0,0,0,0,0,0,0,0,0,0,0,0,0,0,0,0,0,0,0,0,0,0,0,0,0,0,0,0,0,0,0,0,0,0,0,0,0,0,0,0,0,0,0,0,0,0,0,0,0,0,0,0,0,0,0,0,0,0,0,0,0,0,0,0,0,0,0,0,0,0,0,0,0,0,0,0,0,0,0,0,0,0,0,0,0,0,0,0,0,0,0,0,0,0,0,0,0,0,0,0,0,0,0,0,0,0,0,0,0,0,0,0,0,0,0,0,0,0,0,0,0,0,0,0,0,0,0,0,0,0,0,0,0,0,0,0,0,0,0,0,0,0,0,0,0,0,0,0,0,0,0,0,0,0,0,0,0,0,0,0,0,2,1,1,1,5,5,3,0,0,0,0,0,0,0,0,0,0,0,0,0,0,0,0,0,0,0,0,0,0,0,0,0,0,0,0,0,0,0,0,0,0,0,0,0,0,0,0,0,0,0,0,0,0,0,0,0,0,0,0,0,0,0,0,0,0,0,0,0,0,0,0,0,0,0,0,0,0,0,0,0,0,0,0,0,0,0,0,0,0,0,0,0,0,0,0,0,0,0,0,0,0,0,0,0,0,0,0,0,0,0,0,0,0,0,0,0,0,0,0,0,0,0,0,0,0,0,0,0,0,0,0,0,0,0,0,0,0,0,0,0,0,0,0,0,0,0,0,0,0,0,0,0,0,0,0,0,4,2,2,2,5,2,4,2,0,0,0,0,0,0,0,0,0,0,0,0,0,0,0,0,0,2,2,2,1,2,0,2,2,0,0,0,0,0,0,0,0,0,0,0,2,2,2,2,3,1,3,2,1,0,0,0,0,0,0,2,2,2,2,2,0,0,5,0,0,0,0,3,3,0,0,0,0,0,0,0,0,0,0,0,5,3,5,5,0,0,0,0,0,3,0,0,0,0,0,0,0,5,2,2,2,2,2,5,0,0,0,0,0,0,0,0,0,0,0,0,0,0,0,5,2,3,0,2,2,4,0,0,0,0,0,0,0,0,0,0,0,0,0,0,0,0,0,0,0,0,0,0,0,0,0,0,0,0,0,0,0,0,2,2,2,2,2,2,3,2,2,0,0,0,0,0,0,0,0,0,0,0,0,0,0,0,0,0,0,0,0,0,0,0,0,1,3,2,2,0,0,0,0,0,0,0,0,0,0,0,0,0,0,0,0,0,0,0,0,0,0,0,0,0,0,0,0,0,2,4,2,3,2,5,2,2,1,0,1,4,2,0,0,0,0,0,2,1,0,0,0,0,0,0,0,0,0,0,0,0,0,0,0,0,0,0,0,0,0,0,0,0,0,0,0,0,0,0,0,0,0,0,0,0,0,0,0,0,0,0,0,0,0,0,0,5,0,2,2,5,0,2,2,3,2,2,1,2,2,2,0,0,0,3,3,2,2,0,0,0,0,0,0,0,0,0,0,0,0,2,2,0,0,0,0,0,0,0,0,0,0,0,0,0,0,0,0,0,0,0,0,0,0,0,0,0,0,0,0,0,0,0,2,2,3,2,4,5,0,0,0,0,0,0,0,0,0,0,0,0,0,0,0,0,0,0,0,0,0,0,0,0,0,0,0,0,0,0,0,0,0,0,1,0,0,0,0,0,0,0,0,0,0,0,0,0,0,0,0,0,0,0,0,0,0,0,0,0,0,2,2,0,0,0,0,0,0,2,0,1,3,1,2,0,0,0,0,0,0,0,0,0,0,0,0,0,0,0,0,0,0,0,0,0,0,0,0,0,0,0,0,5,3,0,0,0,0,2,5,5,0,0,5,3,0,0,0,0,0,0,0,0,0,0,0,0,0,0,0,4,5,0,0,0,0,2,2,2,0,0,0,0,2,2,3,2,2,0,0,0,1,1,2,2,2,3,0,0,2,1,3,2,5,0,0,0,0,0,0,0,0,0,0,0,0,2,2,3,0,0,0,0,0,0,0,0,0,0,0,0,0,0,0,0,0,0,0,0,0,0,0,0,0,0,0,0,0,0,0,0,0,0,0,0,0,0,0,2,5,0,0,0,0,4,0,0,0,0,0,0,0,0,0,0,0,0,0,0,0,0,0,0,0,0,0,0,0,0,0,0,0,0,0,0,0,0,0,0,0,0,0,0,0,0,0,0,0,0,0,0,0,0,0,0,0,0,0,0,0,0,0,0,0,0,0,0,0,0,0,0,0,0,0,0,0,0,0,0,0,0,0,0,0,0,0,0,0,0,0,0,0,0,0,0,0,0,0,2,2,0,0,4,1,2,2,4,0,0,0,0,0,1,2,2,2,0,0,0,0,0,0,0,0,0,0,0,0,0,0,0,0,0,0,0,0,0,0,0,0,0,0,0,0,0,0,0,0,0,0,0,0,0,0,0,0,0,0,0,2,2,0,0,0,0,0,0,0,0,0,0,0,0,0,0,0,0,3,1,2,1,1,0,0,0,0,5,0,0,0,0,0,0,0,2,2,0,0,0,0,0,0,0,0,2,3,2,2,0,0,0,3,2,2,2,2,0,2,2,1,2,2,0,2,2,0,0,0,0,0,0,0,0,0,0,0,0,0,0,0,0,0,0,2,2,1,0,0,0,0,0,0,0,0,0,0,0,0,0,0,0,0,2,1,2,2,3,2,0,0,0,0,0,0,0,5,2,0,0,0,0,0,0,0,0,0,0,0,0,0,0,0,0,2,3,0,0,0,0,0,0,0,0,0,0,0,0,0,0,0,0,0,0,0,0,0,0,0,0,0,0,0,0,0,0,0,0,0,0,0,0,0,0,0,0,0,0,0,3,2,5,2,0,0,0,0,0,0,0,0,0,0,0,0,0,0,0,0,0,0,0,0,0,0,0,0,0,0,0,0,0,0,0,0,0,0,0,0,0,0,0,0,0,0,0,0,0,0,0,0,0,0,0,0,0,0,0,0,0,0,0,0,0,0,0,0,0,0,0,0,0,0,0,0,0,0,0,0,0,0,0,0,0,0,0,0,0,0,0,0,0,0,0,0,0,0,0,0,0,0,0,0,0,0,0,0,0,0,0,0,0,0,0,0,0,0,0,0,0,0,0,0,0,0,0,0,0,0,0,0,0,0,0,0,0,0,0,0,0,0,0,5,3,2,2,2,2,2,2,4,2,1,4,1,2,2,2,1,4,1,1,5,2,2,2,2,5,2,3,3,2,5,2,2,3,5,0,0,0,0,0,0,0,0,0,0,0,0,0,0,0,0,0,0,0,0,0,0,0,2,5,2,5,3,2,0,0,0,0,0,0,0,0,5,0,0,0,2,3,2,2,2,2,0,0,0,0,0,2,2,2,2,2,0,0,0,1,2,3,1,2,2,2,0,0,0,0,0,2,3,2,2,3,2,2,4,2,0,0,0,0,0,0,0,0,3,2,1,5,4,2,0,0,0,0,3,0,0,0,0,0,0,0,0,0,0,0,0,0,0,0,0,0,2,0,0,2,0,0,0,0,0,0,0,0,0,0,0,0,0,0,0,0,0,0,0,0,0,0,0,0,0,0,0,0,0,0,0,0,0,0,0,0,0,0,0,0,0,0,0,0,0,0,0,0,0,0,0,0,0,0,0,0,0,0,0,0,0,0,0,0,0,0,0,0,0,0,0,0,0,0,0,0,0,2,2,0,2,0,0,0,0,0,2,2,2,0,2,3,2,3,3,1,1,3,1,2,2,0,0,0,0,0,0,0,2,2,2,2,3,1,5,2,2,5,0,4,2,0,0,0,0,2,3,5,2,0,0,0,0,0,0,0,0,0,0,0,0,0,0,0,0,0,0,0,0,0,0,0,0,0,0,0,0,0,0,0,0,0,0,0,0,0,0,0,0,0,0,0,0,0,0,0,0,0,0,0,0,0,0,0,0,0,0,0,0,0,0,0,0,0,0,0,0,0,0,0,0,0,0,0,0,0,0,0,0,0,0,0,0,0,0,0,0,0,0,0,0,0,0,0,0,2,1,1,3,2,3,2,2,5,1,5,5,2,1,4,3,0,0,0,0,0,0,0,0,0,0,0,0,0,0,0,0,0,0,0,0,0,0,0,0,0,0,0,0,0,0,0,0,0,0,0,0,0,0,0,0,0,0,0,0,0,0,0,0,0,0,0,0,0,0,0,0,0,0,0,0,0,0,0,0,0,0,0,0,0,0,0,0,0,0,0,0,0,0,0,0,0,0,0,0,0,0,0,0,0,0,0,0,0,0,0,0,0,0,0,0,0,0,0,0,0,0,0,0,0,0,0,0,0,0,0,0,0,0,0,0,0,0,0,0,0,0,0,0,0,0,0,0,0,0,0,0,0,0,0,0,0,0,0,0,0,0,0,0,0,0,0,0,0,0,0,0,0,0,0,0,0,0,0,0,0,0,0,0,0,0,0,0,0,0,0,0,0,0,0,0,0,0,0,0,0,0,0,0,0,0,0,0,0,0,0,0,0,0,0,0,0,0,0,0,0,0,0,0,0,0,0,0,0,0,0,0,0,0,0,0,0,0,0,0,0,0,0,0,0,0,0,0,0,0,0,0,0,0,0,0,0,0,0,0,0,0,0,0,0,0,0,0,0,0,0,0,0,0,0,0,0,0,0,0,0,0,0,0,0,0,0,0,0,0,0,0,0,0,0,0,0,0,0,0,3,2,3,5,5,3,3,3,3,3,2,2,2,3,5,5,3,0,0,0,0,0,0,0,0,0,0,0,0,0,0,0,0,0,0,0,0,0,0,0,0,0,0,0,0,0,0,0,0,0,0,0,0,0,0,0,0,0,0,0,0,0,0,0,0,0,0,0,0,0,0,0,0,0,0,0,0,0,0,0,0,0,0,0,0,0,0,0,0,0,0,0,0,0,0,0,0,0,0,0,0,0,0,0,0,0,0,0,0,0,0,0,0,0,0,0,0,0,0,0,0,0,0,0,0,0,0,0,0,0,0,0,0,0,0,0,0,0,0,0,0,0,0,0,0,0,3,3,3,5,3,1,3,3,1,3,3,2,0,0,0,0,0,0,0,0,0,0,0,0,0,0,0,0,0,0,0,0,0,0,0,0,0,0,0,0,0,0,0,0,0,0,0,0,0,0,0,0,0,0,0,0,0,0,0,0,0,0,0,0,0,0,0,0,2.0886261463165283,-3.213761806488037,-3.282597780227661,9.747790336608888,3.05507493019104,0.4371338784694671,-10.23793888092041,-2.674651861190796,6.627585411071777,-0.3081567585468292,-4.379572868347168,1.8366217613220213,-6.438231945037842,1.6005001068115234,-7.951209545135498,-1.049086093902588,5.1227874755859375,-6.07250452041626,-0.3827676773071289,8.534394264221191,4.134338855743408,4.9507904052734375,13.939045906066896,9.432559967041016,-9.341195106506348,-1.524689555168152,-1.5773383378982544,-9.8546724319458,2.000501871109009,0.4561215043067932,10.807136535644531,-9.694231033325195,-6.256143569946289,-6.928487777709961,2.312052965164185,-1.1237019300460815,-1.242727518081665,-1.0781883001327517,9.562819480895996,3.2016305923461914,-0.5756135582923889,-0.3661757707595825,-6.35302734375,0.1443792134523391,-10.540399551391602,3.6258950233459473,0.186551034450531,8.893665313720703,-6.566198348999023,8.231840133666992,4.133225440979004,-6.512950420379639,-1.727772831916809,-9.546904563903809,-6.182315349578857,-4.580471038818359,-4.246951580047607,0.2530432343482971,2.346241950988769,5.027472019195557,1.428981900215149,-7.381457805633545,-4.480644226074219,-1.331558346748352,-17.436321258544922,-2.7380259037017822,7.992593765258789,-0.805535614490509,-2.345964908599853,0.3774918913841247,-6.166361331939697,-0.3017763197422027,10.016310691833496,-7.868402004241943,-1.709503173828125,7.703452587127685,-8.710615158081055,2.618358373641968,-4.144104957580566,2.228553771972656,7.885908126831055,-2.534120798110962,-6.049968719482422,-7.161648750305176,1.1591434478759766,1.7281920909881592,-8.580975532531738,7.499924182891846,3.639584541320801,0.6541406512260437,7.491291522979736,0.0955509021878242,4.820676803588867,5.657621383666992,0.3892374038696289,-0.2704735696315765,5.466365814208984,3.76543927192688,6.838925361633301,5.418639659881592,-8.920764923095703,-3.5121102333068848,-5.618592262268066,-14.570956230163574,4.46746826171875,-5.3335676193237305,-2.775714159011841,3.320704460144043,-0.7725973129272461,-5.836211681365967,-10.314789772033691,4.818942070007324,5.716684341430664,-0.7331221699714661,4.370774269104004,-6.129973888397217,10.817505836486816,9.871042251586914,-2.022115707397461,6.281873226165772,-10.036211967468262,0.2423489987850189,-4.922600746154785,4.176187038421631,5.270515441894531,-9.829686164855955,-7.098530292510986,-0.8340908288955688,-4.829647064208984,0.7125357985496521,-2.626375436782837,3.176769495010376,9.705925941467283,9.632562637329102,-0.7586812376976013,12.422794342041016,11.471056938171388,-1.622094750404358,10.070147514343262,-2.054139375686645,7.536068439483643,-1.840407371520996,-2.279021739959717,-0.8364155888557434,10.297886848449709,7.490430355072021,0.1482926607131958,1.7568365335464478,2.131439208984375,5.502604961395264,6.781131744384766,2.959340333938598,7.291704177856445,-3.402634620666504,-1.5950863361358645,4.579710006713867,-7.305741786956787,-7.506044387817383,1.804182052612305,-5.270719528198242,-5.916407108306885,-2.295945644378662,-1.6421456336975098,-2.319464683532715,0.3222895264625549,-10.05599594116211,2.280216217041016,-1.3986947536468506,-0.3181028068065643,7.473932266235352,-8.526382446289062,-4.089219093322754,9.855411529541016,-1.8931087255477903,0.1690355837345123,4.656964302062988,5.351397514343262,-4.520737171173096,-2.904052257537842,10.282220840454102,-1.5133405923843384,4.093135356903076,-3.200714111328125,10.699289321899414,6.884496212005615,-3.7006618976593018,-2.482062816619873,-3.0413529872894287,-4.580087661743164,1.428185224533081,-2.0150513648986816,-1.880640149116516,0.4090236723423004,0.9641406536102296,-1.9838013648986816,2.517009973526001,-6.584752082824707,-9.142315864562988,-0.4732024669647217,0.6181890964508057,4.478326797485352,4.704676628112793,3.94456958770752,1.890335202217102,4.603392601013184,-2.979833602905273,11.148290634155272,4.941762924194336,11.069811820983888,-2.8598146438598637,12.182162284851074,-7.140403747558594,5.493037700653076,-5.901904582977295,4.381195545196533,2.3809564113616943,2.4500186443328857,4.332152843475342,-10.758258819580078,3.261322498321533,2.062736749649048,-8.038454055786133,-5.450469970703125,-1.1606014966964722,4.04941463470459,-2.945061206817627,-3.154225349426269,1.6226372718811035,6.84537935256958,-4.532933712005615,1.8823615312576292,-0.4560987949371338,-5.234402179718018,-11.418076515197754,0.7663416266441345,-6.627326965332031,-5.474909782409668,-0.494911640882492,-4.830409526824951,9.576465606689451,2.3448987007141118,-1.4338761568069458,3.2020492553710938,2.5855441093444824,-4.856561660766602,3.7756521701812735,-13.812040328979492,-7.488783359527588,-1.0562646389007568,-5.426455497741699,-14.426718711853027,3.4207987785339355,-2.875110626220703,-2.5795040130615234,-14.85667610168457,2.3559398651123047,4.224907875061035,-7.896062850952148,4.720422744750977,-7.197203159332275,-1.1458364725112915,6.296403408050537,5.728705406188965,12.007320404052734,3.205800771713257,-2.8984744548797607,-10.878050804138184,7.5738115310668945,0.365298718214035,-1.4292709827423096,-4.068577766418457,2.216287612915039,-3.4434654712677,2.4152140617370605,-1.1654516458511353,-5.434452056884766,0.1913435906171798,-0.8330115079879761,1.0976595878601074,0.579754114151001,-8.67902660369873,-3.7508368492126474,-15.49120044708252,-7.220259189605713,-1.545561909675598,2.852846384048462,1.1769927740097046,1.0572044849395752,-4.269196510314941,1.6927953958511353,-1.651828050613403,9.444896697998049,10.927611351013184,-3.606692314147949,-6.506476402282715,-4.248392105102539,-2.6256039142608643,-3.9926328659057617,-11.15622615814209,-4.817746639251709,-1.0,1.447158031342219
OXYR_HUMAN,CHEMBL439044,CCC(C)C1NC(=O)C(Cc2ccc(O)cc2)NC(=O)CCSSCC(C(=O)N2CCCC2C(=O)NC(CC(C)C)C(=O)NCC(N)=O)NC(=O)C(CC(N)=O)NC(=O)C(CCC(N)=O)NC1=O,0,0,0,0,0,0,0,0,0,0,0,0,0,0,0,0,0,0,0,0,0,0,0,0,0,0,0,0,0,0,0,0,0,0,0,0,0,0,0,0,0,0,0,0,0,0,0,0,0,0,0,0,0,0,0,0,0,0,0,0,0,0,0,0,0,0,0,0,0,0,0,0,0,0,0,0,0,0,0,0,0,0,0,0,0,0,0,0,0,0,0,0,0,0,0,0,0,0,0,0,0,0,0,0,0,0,0,0,0,0,0,0,0,0,0,0,0,0,0,0,0,0,0,0,0,0,0,0,0,0,0,0,0,0,0,0,0,0,0,0,0,0,0,0,0,0,0,0,0,0,0,0,0,0,0,0,0,0,0,0,0,0,0,0,0,0,0,0,0,0,0,0,0,0,0,0,0,0,0,0,0,0,0,0,0,2,4,1,2,2,2,2,3,2,3,2,4,2,2,3,2,0,0,0,0,0,0,0,0,0,0,0,0,0,0,0,0,3,2,2,1,0,0,0,0,0,0,0,0,0,0,0,0,0,0,0,0,0,1,1,2,4,1,3,0,0,0,0,0,0,0,0,0,0,0,5,3,0,0,0,0,0,0,0,0,0,0,0,0,0,0,0,0,0,0,0,0,0,0,0,0,0,0,0,0,0,0,0,0,0,0,0,0,0,0,0,0,0,0,0,0,0,0,0,0,0,0,0,0,0,0,0,0,0,0,0,0,0,0,0,0,0,0,0,0,0,0,0,0,0,0,0,0,0,0,0,0,0,0,0,0,0,0,0,0,0,0,0,0,0,0,0,0,0,0,0,0,0,0,0,0,0,0,0,0,0,0,0,0,0,0,0,0,0,0,0,0,0,0,0,0,0,0,0,0,0,0,0,0,0,0,0,0,0,0,0,0,0,0,0,0,0,0,0,0,0,0,0,0,0,0,0,0,0,0,0,0,0,0,0,0,0,0,0,0,0,0,0,0,0,0,0,0,2,1,1,1,5,5,3,0,0,0,0,0,0,0,0,0,0,0,0,0,0,0,0,0,0,0,0,0,0,0,0,0,0,0,0,0,0,0,0,0,0,0,0,0,0,0,0,0,0,0,0,0,0,0,0,0,0,0,0,0,0,0,0,0,0,0,0,0,0,0,0,0,0,0,0,0,0,0,0,0,0,0,0,0,0,0,0,0,0,0,0,0,0,0,0,0,0,0,0,0,0,0,0,0,0,0,0,0,0,0,0,0,0,0,0,0,0,0,0,0,0,0,0,0,0,0,0,0,0,0,0,0,0,0,0,0,0,0,0,0,0,0,0,0,0,0,0,0,0,0,0,0,0,0,0,0,4,2,2,2,5,2,4,2,0,0,0,0,0,0,0,0,0,0,0,0,0,0,0,0,0,2,2,2,1,2,0,2,2,0,0,0,0,0,0,0,0,0,0,0,2,2,2,2,3,1,3,2,1,0,0,0,0,0,0,2,2,2,2,2,0,0,5,0,0,0,0,3,3,0,0,0,0,0,0,0,0,0,0,0,5,3,5,5,0,0,0,0,0,3,0,0,0,0,0,0,0,5,2,2,2,2,2,5,0,0,0,0,0,0,0,0,0,0,0,0,0,0,0,5,2,3,0,2,2,4,0,0,0,0,0,0,0,0,0,0,0,0,0,0,0,0,0,0,0,0,0,0,0,0,0,0,0,0,0,0,0,0,2,2,2,2,2,2,3,2,2,0,0,0,0,0,0,0,0,0,0,0,0,0,0,0,0,0,0,0,0,0,0,0,0,1,3,2,2,0,0,0,0,0,0,0,0,0,0,0,0,0,0,0,0,0,0,0,0,0,0,0,0,0,0,0,0,0,2,4,2,3,2,5,2,2,1,0,1,4,2,0,0,0,0,0,2,1,0,0,0,0,0,0,0,0,0,0,0,0,0,0,0,0,0,0,0,0,0,0,0,0,0,0,0,0,0,0,0,0,0,0,0,0,0,0,0,0,0,0,0,0,0,0,0,5,0,2,2,5,0,2,2,3,2,2,1,2,2,2,0,0,0,3,3,2,2,0,0,0,0,0,0,0,0,0,0,0,0,2,2,0,0,0,0,0,0,0,0,0,0,0,0,0,0,0,0,0,0,0,0,0,0,0,0,0,0,0,0,0,0,0,2,2,3,2,4,5,0,0,0,0,0,0,0,0,0,0,0,0,0,0,0,0,0,0,0,0,0,0,0,0,0,0,0,0,0,0,0,0,0,0,1,0,0,0,0,0,0,0,0,0,0,0,0,0,0,0,0,0,0,0,0,0,0,0,0,0,0,2,2,0,0,0,0,0,0,2,0,1,3,1,2,0,0,0,0,0,0,0,0,0,0,0,0,0,0,0,0,0,0,0,0,0,0,0,0,0,0,0,0,5,3,0,0,0,0,2,5,5,0,0,5,3,0,0,0,0,0,0,0,0,0,0,0,0,0,0,0,4,5,0,0,0,0,2,2,2,0,0,0,0,2,2,3,2,2,0,0,0,1,1,2,2,2,3,0,0,2,1,3,2,5,0,0,0,0,0,0,0,0,0,0,0,0,2,2,3,0,0,0,0,0,0,0,0,0,0,0,0,0,0,0,0,0,0,0,0,0,0,0,0,0,0,0,0,0,0,0,0,0,0,0,0,0,0,0,2,5,0,0,0,0,4,0,0,0,0,0,0,0,0,0,0,0,0,0,0,0,0,0,0,0,0,0,0,0,0,0,0,0,0,0,0,0,0,0,0,0,0,0,0,0,0,0,0,0,0,0,0,0,0,0,0,0,0,0,0,0,0,0,0,0,0,0,0,0,0,0,0,0,0,0,0,0,0,0,0,0,0,0,0,0,0,0,0,0,0,0,0,0,0,0,0,0,0,0,2,2,0,0,4,1,2,2,4,0,0,0,0,0,1,2,2,2,0,0,0,0,0,0,0,0,0,0,0,0,0,0,0,0,0,0,0,0,0,0,0,0,0,0,0,0,0,0,0,0,0,0,0,0,0,0,0,0,0,0,0,2,2,0,0,0,0,0,0,0,0,0,0,0,0,0,0,0,0,3,1,2,1,1,0,0,0,0,5,0,0,0,0,0,0,0,2,2,0,0,0,0,0,0,0,0,2,3,2,2,0,0,0,3,2,2,2,2,0,2,2,1,2,2,0,2,2,0,0,0,0,0,0,0,0,0,0,0,0,0,0,0,0,0,0,2,2,1,0,0,0,0,0,0,0,0,0,0,0,0,0,0,0,0,2,1,2,2,3,2,0,0,0,0,0,0,0,5,2,0,0,0,0,0,0,0,0,0,0,0,0,0,0,0,0,2,3,0,0,0,0,0,0,0,0,0,0,0,0,0,0,0,0,0,0,0,0,0,0,0,0,0,0,0,0,0,0,0,0,0,0,0,0,0,0,0,0,0,0,0,3,2,5,2,0,0,0,0,0,0,0,0,0,0,0,0,0,0,0,0,0,0,0,0,0,0,0,0,0,0,0,0,0,0,0,0,0,0,0,0,0,0,0,0,0,0,0,0,0,0,0,0,0,0,0,0,0,0,0,0,0,0,0,0,0,0,0,0,0,0,0,0,0,0,0,0,0,0,0,0,0,0,0,0,0,0,0,0,0,0,0,0,0,0,0,0,0,0,0,0,0,0,0,0,0,0,0,0,0,0,0,0,0,0,0,0,0,0,0,0,0,0,0,0,0,0,0,0,0,0,0,0,0,0,0,0,0,0,0,0,0,0,0,5,3,2,2,2,2,2,2,4,2,1,4,1,2,2,2,1,4,1,1,5,2,2,2,2,5,2,3,3,2,5,2,2,3,5,0,0,0,0,0,0,0,0,0,0,0,0,0,0,0,0,0,0,0,0,0,0,0,2,5,2,5,3,2,0,0,0,0,0,0,0,0,5,0,0,0,2,3,2,2,2,2,0,0,0,0,0,2,2,2,2,2,0,0,0,1,2,3,1,2,2,2,0,0,0,0,0,2,3,2,2,3,2,2,4,2,0,0,0,0,0,0,0,0,3,2,1,5,4,2,0,0,0,0,3,0,0,0,0,0,0,0,0,0,0,0,0,0,0,0,0,0,2,0,0,2,0,0,0,0,0,0,0,0,0,0,0,0,0,0,0,0,0,0,0,0,0,0,0,0,0,0,0,0,0,0,0,0,0,0,0,0,0,0,0,0,0,0,0,0,0,0,0,0,0,0,0,0,0,0,0,0,0,0,0,0,0,0,0,0,0,0,0,0,0,0,0,0,0,0,0,0,0,2,2,0,2,0,0,0,0,0,2,2,2,0,2,3,2,3,3,1,1,3,1,2,2,0,0,0,0,0,0,0,2,2,2,2,3,1,5,2,2,5,0,4,2,0,0,0,0,2,3,5,2,0,0,0,0,0,0,0,0,0,0,0,0,0,0,0,0,0,0,0,0,0,0,0,0,0,0,0,0,0,0,0,0,0,0,0,0,0,0,0,0,0,0,0,0,0,0,0,0,0,0,0,0,0,0,0,0,0,0,0,0,0,0,0,0,0,0,0,0,0,0,0,0,0,0,0,0,0,0,0,0,0,0,0,0,0,0,0,0,0,0,0,0,0,0,0,0,2,1,1,3,2,3,2,2,5,1,5,5,2,1,4,3,0,0,0,0,0,0,0,0,0,0,0,0,0,0,0,0,0,0,0,0,0,0,0,0,0,0,0,0,0,0,0,0,0,0,0,0,0,0,0,0,0,0,0,0,0,0,0,0,0,0,0,0,0,0,0,0,0,0,0,0,0,0,0,0,0,0,0,0,0,0,0,0,0,0,0,0,0,0,0,0,0,0,0,0,0,0,0,0,0,0,0,0,0,0,0,0,0,0,0,0,0,0,0,0,0,0,0,0,0,0,0,0,0,0,0,0,0,0,0,0,0,0,0,0,0,0,0,0,0,0,0,0,0,0,0,0,0,0,0,0,0,0,0,0,0,0,0,0,0,0,0,0,0,0,0,0,0,0,0,0,0,0,0,0,0,0,0,0,0,0,0,0,0,0,0,0,0,0,0,0,0,0,0,0,0,0,0,0,0,0,0,0,0,0,0,0,0,0,0,0,0,0,0,0,0,0,0,0,0,0,0,0,0,0,0,0,0,0,0,0,0,0,0,0,0,0,0,0,0,0,0,0,0,0,0,0,0,0,0,0,0,0,0,0,0,0,0,0,0,0,0,0,0,0,0,0,0,0,0,0,0,0,0,0,0,0,0,0,0,0,0,0,0,0,0,0,0,0,0,0,0,0,0,0,3,2,3,5,5,3,3,3,3,3,2,2,2,3,5,5,3,0,0,0,0,0,0,0,0,0,0,0,0,0,0,0,0,0,0,0,0,0,0,0,0,0,0,0,0,0,0,0,0,0,0,0,0,0,0,0,0,0,0,0,0,0,0,0,0,0,0,0,0,0,0,0,0,0,0,0,0,0,0,0,0,0,0,0,0,0,0,0,0,0,0,0,0,0,0,0,0,0,0,0,0,0,0,0,0,0,0,0,0,0,0,0,0,0,0,0,0,0,0,0,0,0,0,0,0,0,0,0,0,0,0,0,0,0,0,0,0,0,0,0,0,0,0,0,0,0,3,3,3,5,3,1,3,3,1,3,3,2,0,0,0,0,0,0,0,0,0,0,0,0,0,0,0,0,0,0,0,0,0,0,0,0,0,0,0,0,0,0,0,0,0,0,0,0,0,0,0,0,0,0,0,0,0,0,0,0,0,0,0,0,0,0,0,0,1.6688369512557983,-6.853531360626221,-4.529476165771484,6.619172096252441,3.6324071884155273,-17.9785099029541,-29.17388153076172,-5.109398365020752,23.709333419799805,-3.5967109203338623,4.237626552581787,20.33136367797852,0.2058372497558593,14.44207000732422,-30.64755630493164,0.069479689002037,22.40397071838379,-28.185283660888672,-30.968669891357425,35.849609375,7.69870662689209,16.36695671081543,54.92032623291016,15.59731388092041,-18.25365447998047,5.899169445037842,-17.842456817626953,-35.76078414916992,1.7594317197799685,-14.886445045471191,20.045312881469727,-10.056696891784668,-16.617679595947266,2.809987068176269,-2.2922956943511963,10.519969940185549,4.612051963806152,-3.185849905014038,19.85702514648437,20.66587257385254,2.7150158882141118,3.574857234954834,-4.762513637542725,-10.73866844177246,-24.763484954833984,20.30448341369629,11.250555038452148,39.21413040161133,-9.177014350891112,-0.1235238909721374,9.343031883239746,-24.90617561340332,0.3969244062900543,-18.372989654541016,-33.024147033691406,-22.5552978515625,-16.41714096069336,15.291780471801758,5.337888717651367,9.964902877807615,1.9517112970352173,-17.943819046020508,-17.812618255615234,14.099629402160645,-41.566497802734375,4.74925422668457,19.471189498901367,9.42513942718506,-17.47454833984375,-0.5719437003135681,-6.851691722869873,13.985618591308594,13.59228801727295,-30.30426597595215,0.2199577391147613,5.621182441711426,-26.14022254943848,0.5001006126403809,8.374260902404785,0.5966344475746155,18.78306770324707,0.4660906791687011,-9.047684669494627,-38.90937805175781,20.3977108001709,-13.881481170654297,-10.991397857666016,5.328332424163818,8.453182220458984,-2.662017583847046,5.396766662597656,14.188955307006836,13.944131851196287,5.379608631134033,7.504680633544922,-3.556715726852417,19.514108657836918,10.45907497406006,18.24595642089844,-9.468704223632812,-7.671924591064453,-20.6657657623291,-24.158565521240234,-12.136805534362791,11.90284538269043,-30.556554794311523,-15.029909133911133,11.989602088928224,7.704707145690918,-19.11054229736328,-19.63573455810547,15.660881042480469,7.854556083679199,-12.73060703277588,-5.379411220550537,-8.282744407653809,18.73883056640625,21.73237991333008,-3.311931848526001,5.215023040771484,-11.914142608642578,15.794967651367188,1.0079525709152222,32.84092712402344,-0.0753480195999145,-33.84477233886719,-28.84015274047852,4.503691673278809,-15.320941925048828,-0.3665168285369873,2.075662612915039,-4.589257717132568,14.01249885559082,39.248931884765625,6.0051589012146,31.629247665405277,-3.1553258895874023,-8.830155372619629,18.463354110717773,-13.411462783813477,23.347972869873047,-2.434931993484497,-10.49527359008789,-5.566635608673096,13.545392036437988,3.431607246398926,6.114315032958984,6.967161178588867,11.23888111114502,34.66900634765625,-3.0127010345458984,17.02781867980957,16.519140243530273,-22.95820426940918,-4.987314701080322,0.1612665355205536,-16.93655776977539,-3.067638635635376,-0.1161296814680099,-17.700027465820312,7.770677089691162,12.683424949645996,-11.920666694641112,6.657735347747803,16.990921020507812,-25.619792938232425,12.311654090881348,-8.55811882019043,2.295508623123169,16.4632511138916,-13.912015914916992,-20.86141014099121,34.46247863769531,-4.50295352935791,14.213700294494627,-4.67017936706543,14.194536209106444,-3.0932061672210693,-12.101350784301758,20.21581649780273,-12.527031898498535,23.86139297485352,-1.887234807014465,29.59894180297852,11.262484550476074,-9.442956924438477,2.8048770427703857,2.2583467960357666,-5.692792892456055,-19.18343544006348,3.2057223320007324,-7.241087436676025,-18.577049255371094,5.32299280166626,12.575521469116213,5.721282958984375,0.8224116563796997,-27.80118560791016,-8.771679878234863,-10.242642402648926,-0.8680223822593689,-6.459661483764648,8.277253150939941,-5.701379299163818,-2.3656458854675293,-5.689062595367432,32.03529739379883,27.914087295532227,26.114795684814453,-14.476759910583496,30.049760818481445,-0.3815212249755859,33.2518196105957,-15.821653366088867,11.614911079406738,-3.4216933250427246,11.783610343933104,10.643834114074709,-10.371688842773438,15.170223236083984,11.702263832092283,-20.74785041809082,-9.169245719909668,1.4987305402755735,7.491793632507324,-13.66331958770752,-3.392621755599976,-3.3044934272766118,11.555734634399414,-26.54100227355957,6.584615707397461,-3.797309637069702,-20.20145606994629,-23.506547927856445,4.770737171173096,-25.44271850585937,-5.2719550132751465,-8.245530128479004,-8.330496788024902,28.83696746826172,19.189882278442383,-27.202136993408203,20.42290496826172,-7.4148268699646,-3.8073580265045166,23.179630279541016,-41.73519515991211,-15.324776649475098,2.36614727973938,12.275148391723633,-46.0533332824707,11.24838638305664,10.80217170715332,-7.6955766677856445,-25.194355010986328,19.828481674194336,3.427250385284424,-16.889986038208008,32.53036117553711,-26.089506149291992,-8.2825927734375,7.031838417053223,3.1047253608703613,16.910768508911133,-3.731261730194092,-24.110570907592773,-9.392291069030762,2.884883165359497,5.776990413665772,-20.810447692871094,3.871840238571167,12.049217224121094,-13.324981689453123,2.540567636489868,-0.7104069590568542,-21.37660217285156,-10.225996971130373,-9.101548194885254,-11.249589920043944,19.67899703979492,-13.95635986328125,-18.807640075683597,-23.782615661621094,-14.26097583770752,-12.211553573608398,13.575516700744627,0.5211010575294495,-2.801855087280273,-11.735259056091309,-9.30836296081543,7.917614459991455,32.217918395996094,9.826299667358398,9.58104419708252,-29.396265029907227,-19.174095153808597,-16.08695411682129,-22.485795974731445,-42.56488037109375,-1.3759227991104126,1.0,-0.9999999999999998
OXYR_HUMAN,CHEMBL3814617,CCC(C)C1NC(=O)C(Cc2ccc(O)cc2)NC(=O)C(N)CSSCC(C(=O)N2CCCC2C(=O)NC(CC(C)C)C(=O)NCC(N)=O)NC(=O)C(CC(N)=O)N(C)C(=O)C(CCC(N)=O)NC1=O,0,0,0,0,0,0,0,0,0,0,0,0,0,0,0,0,0,0,0,0,0,0,0,0,0,0,0,0,0,0,0,0,0,0,0,0,0,0,0,0,0,0,0,0,0,0,0,0,0,0,0,0,0,0,0,0,0,0,0,0,0,0,0,0,0,0,0,0,0,0,0,0,0,0,0,0,0,0,0,0,0,0,0,0,0,0,0,0,0,0,0,0,0,0,0,0,0,0,0,0,0,0,0,0,0,0,0,0,0,0,0,0,0,0,0,0,0,0,0,0,0,0,0,0,0,0,0,0,0,0,0,0,0,0,0,0,0,0,0,0,0,0,0,0,0,0,0,0,0,0,0,0,0,0,0,0,0,0,0,0,0,0,0,0,0,0,0,0,0,0,0,0,0,0,0,0,0,0,0,0,0,0,0,0,0,2,4,1,2,2,2,2,3,2,3,2,4,2,2,3,2,0,0,0,0,0,0,0,0,0,0,0,0,0,0,0,0,3,2,2,1,0,0,0,0,0,0,0,0,0,0,0,0,0,0,0,0,0,1,1,2,4,1,3,0,0,0,0,0,0,0,0,0,0,0,5,3,0,0,0,0,0,0,0,0,0,0,0,0,0,0,0,0,0,0,0,0,0,0,0,0,0,0,0,0,0,0,0,0,0,0,0,0,0,0,0,0,0,0,0,0,0,0,0,0,0,0,0,0,0,0,0,0,0,0,0,0,0,0,0,0,0,0,0,0,0,0,0,0,0,0,0,0,0,0,0,0,0,0,0,0,0,0,0,0,0,0,0,0,0,0,0,0,0,0,0,0,0,0,0,0,0,0,0,0,0,0,0,0,0,0,0,0,0,0,0,0,0,0,0,0,0,0,0,0,0,0,0,0,0,0,0,0,0,0,0,0,0,0,0,0,0,0,0,0,0,0,0,0,0,0,0,0,0,0,0,0,0,0,0,0,0,0,0,0,0,0,0,0,0,0,0,0,2,1,1,1,5,5,3,0,0,0,0,0,0,0,0,0,0,0,0,0,0,0,0,0,0,0,0,0,0,0,0,0,0,0,0,0,0,0,0,0,0,0,0,0,0,0,0,0,0,0,0,0,0,0,0,0,0,0,0,0,0,0,0,0,0,0,0,0,0,0,0,0,0,0,0,0,0,0,0,0,0,0,0,0,0,0,0,0,0,0,0,0,0,0,0,0,0,0,0,0,0,0,0,0,0,0,0,0,0,0,0,0,0,0,0,0,0,0,0,0,0,0,0,0,0,0,0,0,0,0,0,0,0,0,0,0,0,0,0,0,0,0,0,0,0,0,0,0,0,0,0,0,0,0,0,0,4,2,2,2,5,2,4,2,0,0,0,0,0,0,0,0,0,0,0,0,0,0,0,0,0,2,2,2,1,2,0,2,2,0,0,0,0,0,0,0,0,0,0,0,2,2,2,2,3,1,3,2,1,0,0,0,0,0,0,2,2,2,2,2,0,0,5,0,0,0,0,3,3,0,0,0,0,0,0,0,0,0,0,0,5,3,5,5,0,0,0,0,0,3,0,0,0,0,0,0,0,5,2,2,2,2,2,5,0,0,0,0,0,0,0,0,0,0,0,0,0,0,0,5,2,3,0,2,2,4,0,0,0,0,0,0,0,0,0,0,0,0,0,0,0,0,0,0,0,0,0,0,0,0,0,0,0,0,0,0,0,0,2,2,2,2,2,2,3,2,2,0,0,0,0,0,0,0,0,0,0,0,0,0,0,0,0,0,0,0,0,0,0,0,0,1,3,2,2,0,0,0,0,0,0,0,0,0,0,0,0,0,0,0,0,0,0,0,0,0,0,0,0,0,0,0,0,0,2,4,2,3,2,5,2,2,1,0,1,4,2,0,0,0,0,0,2,1,0,0,0,0,0,0,0,0,0,0,0,0,0,0,0,0,0,0,0,0,0,0,0,0,0,0,0,0,0,0,0,0,0,0,0,0,0,0,0,0,0,0,0,0,0,0,0,5,0,2,2,5,0,2,2,3,2,2,1,2,2,2,0,0,0,3,3,2,2,0,0,0,0,0,0,0,0,0,0,0,0,2,2,0,0,0,0,0,0,0,0,0,0,0,0,0,0,0,0,0,0,0,0,0,0,0,0,0,0,0,0,0,0,0,2,2,3,2,4,5,0,0,0,0,0,0,0,0,0,0,0,0,0,0,0,0,0,0,0,0,0,0,0,0,0,0,0,0,0,0,0,0,0,0,1,0,0,0,0,0,0,0,0,0,0,0,0,0,0,0,0,0,0,0,0,0,0,0,0,0,0,2,2,0,0,0,0,0,0,2,0,1,3,1,2,0,0,0,0,0,0,0,0,0,0,0,0,0,0,0,0,0,0,0,0,0,0,0,0,0,0,0,0,5,3,0,0,0,0,2,5,5,0,0,5,3,0,0,0,0,0,0,0,0,0,0,0,0,0,0,0,4,5,0,0,0,0,2,2,2,0,0,0,0,2,2,3,2,2,0,0,0,1,1,2,2,2,3,0,0,2,1,3,2,5,0,0,0,0,0,0,0,0,0,0,0,0,2,2,3,0,0,0,0,0,0,0,0,0,0,0,0,0,0,0,0,0,0,0,0,0,0,0,0,0,0,0,0,0,0,0,0,0,0,0,0,0,0,0,2,5,0,0,0,0,4,0,0,0,0,0,0,0,0,0,0,0,0,0,0,0,0,0,0,0,0,0,0,0,0,0,0,0,0,0,0,0,0,0,0,0,0,0,0,0,0,0,0,0,0,0,0,0,0,0,0,0,0,0,0,0,0,0,0,0,0,0,0,0,0,0,0,0,0,0,0,0,0,0,0,0,0,0,0,0,0,0,0,0,0,0,0,0,0,0,0,0,0,0,2,2,0,0,4,1,2,2,4,0,0,0,0,0,1,2,2,2,0,0,0,0,0,0,0,0,0,0,0,0,0,0,0,0,0,0,0,0,0,0,0,0,0,0,0,0,0,0,0,0,0,0,0,0,0,0,0,0,0,0,0,2,2,0,0,0,0,0,0,0,0,0,0,0,0,0,0,0,0,3,1,2,1,1,0,0,0,0,5,0,0,0,0,0,0,0,2,2,0,0,0,0,0,0,0,0,2,3,2,2,0,0,0,3,2,2,2,2,0,2,2,1,2,2,0,2,2,0,0,0,0,0,0,0,0,0,0,0,0,0,0,0,0,0,0,2,2,1,0,0,0,0,0,0,0,0,0,0,0,0,0,0,0,0,2,1,2,2,3,2,0,0,0,0,0,0,0,5,2,0,0,0,0,0,0,0,0,0,0,0,0,0,0,0,0,2,3,0,0,0,0,0,0,0,0,0,0,0,0,0,0,0,0,0,0,0,0,0,0,0,0,0,0,0,0,0,0,0,0,0,0,0,0,0,0,0,0,0,0,0,3,2,5,2,0,0,0,0,0,0,0,0,0,0,0,0,0,0,0,0,0,0,0,0,0,0,0,0,0,0,0,0,0,0,0,0,0,0,0,0,0,0,0,0,0,0,0,0,0,0,0,0,0,0,0,0,0,0,0,0,0,0,0,0,0,0,0,0,0,0,0,0,0,0,0,0,0,0,0,0,0,0,0,0,0,0,0,0,0,0,0,0,0,0,0,0,0,0,0,0,0,0,0,0,0,0,0,0,0,0,0,0,0,0,0,0,0,0,0,0,0,0,0,0,0,0,0,0,0,0,0,0,0,0,0,0,0,0,0,0,0,0,0,5,3,2,2,2,2,2,2,4,2,1,4,1,2,2,2,1,4,1,1,5,2,2,2,2,5,2,3,3,2,5,2,2,3,5,0,0,0,0,0,0,0,0,0,0,0,0,0,0,0,0,0,0,0,0,0,0,0,2,5,2,5,3,2,0,0,0,0,0,0,0,0,5,0,0,0,2,3,2,2,2,2,0,0,0,0,0,2,2,2,2,2,0,0,0,1,2,3,1,2,2,2,0,0,0,0,0,2,3,2,2,3,2,2,4,2,0,0,0,0,0,0,0,0,3,2,1,5,4,2,0,0,0,0,3,0,0,0,0,0,0,0,0,0,0,0,0,0,0,0,0,0,2,0,0,2,0,0,0,0,0,0,0,0,0,0,0,0,0,0,0,0,0,0,0,0,0,0,0,0,0,0,0,0,0,0,0,0,0,0,0,0,0,0,0,0,0,0,0,0,0,0,0,0,0,0,0,0,0,0,0,0,0,0,0,0,0,0,0,0,0,0,0,0,0,0,0,0,0,0,0,0,0,2,2,0,2,0,0,0,0,0,2,2,2,0,2,3,2,3,3,1,1,3,1,2,2,0,0,0,0,0,0,0,2,2,2,2,3,1,5,2,2,5,0,4,2,0,0,0,0,2,3,5,2,0,0,0,0,0,0,0,0,0,0,0,0,0,0,0,0,0,0,0,0,0,0,0,0,0,0,0,0,0,0,0,0,0,0,0,0,0,0,0,0,0,0,0,0,0,0,0,0,0,0,0,0,0,0,0,0,0,0,0,0,0,0,0,0,0,0,0,0,0,0,0,0,0,0,0,0,0,0,0,0,0,0,0,0,0,0,0,0,0,0,0,0,0,0,0,0,2,1,1,3,2,3,2,2,5,1,5,5,2,1,4,3,0,0,0,0,0,0,0,0,0,0,0,0,0,0,0,0,0,0,0,0,0,0,0,0,0,0,0,0,0,0,0,0,0,0,0,0,0,0,0,0,0,0,0,0,0,0,0,0,0,0,0,0,0,0,0,0,0,0,0,0,0,0,0,0,0,0,0,0,0,0,0,0,0,0,0,0,0,0,0,0,0,0,0,0,0,0,0,0,0,0,0,0,0,0,0,0,0,0,0,0,0,0,0,0,0,0,0,0,0,0,0,0,0,0,0,0,0,0,0,0,0,0,0,0,0,0,0,0,0,0,0,0,0,0,0,0,0,0,0,0,0,0,0,0,0,0,0,0,0,0,0,0,0,0,0,0,0,0,0,0,0,0,0,0,0,0,0,0,0,0,0,0,0,0,0,0,0,0,0,0,0,0,0,0,0,0,0,0,0,0,0,0,0,0,0,0,0,0,0,0,0,0,0,0,0,0,0,0,0,0,0,0,0,0,0,0,0,0,0,0,0,0,0,0,0,0,0,0,0,0,0,0,0,0,0,0,0,0,0,0,0,0,0,0,0,0,0,0,0,0,0,0,0,0,0,0,0,0,0,0,0,0,0,0,0,0,0,0,0,0,0,0,0,0,0,0,0,0,0,0,0,0,0,0,3,2,3,5,5,3,3,3,3,3,2,2,2,3,5,5,3,0,0,0,0,0,0,0,0,0,0,0,0,0,0,0,0,0,0,0,0,0,0,0,0,0,0,0,0,0,0,0,0,0,0,0,0,0,0,0,0,0,0,0,0,0,0,0,0,0,0,0,0,0,0,0,0,0,0,0,0,0,0,0,0,0,0,0,0,0,0,0,0,0,0,0,0,0,0,0,0,0,0,0,0,0,0,0,0,0,0,0,0,0,0,0,0,0,0,0,0,0,0,0,0,0,0,0,0,0,0,0,0,0,0,0,0,0,0,0,0,0,0,0,0,0,0,0,0,0,3,3,3,5,3,1,3,3,1,3,3,2,0,0,0,0,0,0,0,0,0,0,0,0,0,0,0,0,0,0,0,0,0,0,0,0,0,0,0,0,0,0,0,0,0,0,0,0,0,0,0,0,0,0,0,0,0,0,0,0,0,0,0,0,0,0,0,0,2.051504611968994,-7.606394290924072,-5.480371475219727,5.04424524307251,4.238373756408691,-18.59071922302246,-30.18677520751953,-5.549929141998291,22.777603149414062,-2.6280319690704346,6.3118157386779785,20.27820587158203,-0.4041978716850281,15.005830764770508,-31.601795196533203,0.0912999361753463,24.326040267944336,-28.43227195739746,-29.174015045166016,36.65296936035156,7.954983234405518,16.505722045898438,55.28872299194336,16.647422790527344,-18.810884475708008,7.07968282699585,-18.082550048828125,-36.05772399902344,0.9686118364334106,-14.443154335021973,20.58506774902344,-12.717974662780762,-17.61660385131836,1.4681260585784912,-1.0898923873901367,9.714788436889648,4.886778354644775,-2.975785732269287,20.50583267211914,22.0540828704834,2.131546974182129,3.6999740600585938,-5.30026912689209,-9.864707946777344,-24.432954788208008,23.41514778137207,10.07511043548584,40.120243072509766,-8.075540542602539,-0.2963765859603882,11.17819881439209,-24.799280166625977,1.0739128589630127,-20.14918327331543,-32.93085479736328,-22.377864837646484,-16.45499038696289,15.612496376037598,5.786972999572754,10.974188804626465,2.323169231414795,-16.624204635620117,-17.01323127746582,13.706144332885742,-42.514625549316406,4.3119893074035645,20.57502555847168,8.490180015563965,-18.27646827697754,-2.404127359390259,-9.124557495117188,14.752644538879396,13.934349060058594,-30.58763313293457,0.2214634716510772,6.389721870422363,-27.50344467163086,-0.1960558891296386,10.023481369018556,2.1157443523406982,19.72824478149414,1.3426443338394165,-8.917906761169434,-39.35784149169922,21.279624938964844,-13.835407257080078,-12.211058616638184,6.6391215324401855,8.515976905822754,-1.052658200263977,6.161508560180664,14.091876983642578,14.381591796875,4.701996803283691,7.855202198028564,-5.169168949127197,20.869600296020508,8.122200012207031,18.01231575012207,-11.565433502197266,-6.217035293579102,-20.774982452392575,-25.37110137939453,-13.18560028076172,11.94810390472412,-31.38800048828125,-16.756284713745117,11.882826805114746,7.688353538513184,-20.216211318969727,-20.72065544128418,14.978876113891602,7.184079647064209,-12.10529613494873,-4.771031856536865,-8.326583862304688,19.694873809814453,23.34230613708496,-3.6780736446380615,4.50912618637085,-11.28093719482422,15.48345184326172,0.6588107943534851,32.774532318115234,0.5307767391204834,-34.713714599609375,-29.2633056640625,4.664210319519043,-15.42742919921875,-0.1011122614145279,1.524284601211548,-3.754757881164551,15.134481430053713,40.439674377441406,8.0912504196167,32.34523391723633,-2.9026620388031006,-10.29886245727539,19.664419174194336,-14.710732460021973,23.54428100585937,-2.4094808101654053,-10.480879783630373,-6.54304838180542,13.319796562194824,2.2896077632904053,6.350774765014648,6.390459537506104,11.475264549255373,34.21828079223633,-3.16135311126709,17.71101188659668,16.389755249023438,-23.496782302856445,-6.125478744506836,1.373761534690857,-16.856372833251953,-0.5387598872184753,-0.5176182389259338,-18.49620056152344,6.9165472984313965,11.561175346374512,-11.44746208190918,7.8268609046936035,17.967987060546875,-25.710220336914062,11.310225486755373,-7.727035999298096,0.8668860793113708,17.603954315185547,-15.209542274475098,-21.009620666503903,34.33146286010742,-3.488235712051392,13.961695671081545,-3.2231481075286865,13.81455898284912,-2.7027571201324463,-11.791537284851074,22.46406555175781,-11.030659675598145,23.243364334106445,-2.7470357418060303,31.999656677246094,10.03482437133789,-8.884956359863281,3.165329694747925,2.189943552017212,-5.959982395172119,-20.00751304626465,3.0549683570861816,-7.9659528732299805,-18.625471115112305,4.244091987609863,13.1065034866333,5.105472087860107,0.8713334798812866,-28.289112091064453,-8.034869194030762,-8.922094345092773,-0.3388364315032959,-5.576192855834961,9.16115379333496,-5.465592861175537,-3.0648412704467773,-4.371802806854248,33.17906188964844,28.23143768310547,26.69903564453125,-14.305763244628906,32.223331451416016,-1.5876213312149048,34.85158920288086,-16.530500411987305,12.713379859924316,-2.3381476402282715,13.024699211120604,11.934086799621582,-11.080965042114258,14.59409999847412,10.653514862060549,-22.461977005004883,-11.075173377990724,2.430466890335083,8.255146980285645,-12.57783031463623,-5.210185050964356,-4.734723567962647,11.576834678649902,-26.19911766052246,6.280499458312988,-2.7411811351776123,-19.54882431030273,-24.339815139770508,4.611579418182373,-25.87118148803711,-5.604727745056152,-8.705999374389648,-7.30005931854248,28.21495056152344,18.547548294067383,-28.450977325439453,22.18656539916992,-6.717514991760254,-2.515022039413452,23.5629940032959,-42.47509002685547,-15.662158012390137,1.615666747093201,11.287814140319824,-47.01350784301758,12.472996711730955,12.040654182434082,-7.318807125091553,-28.05355262756348,20.956430435180664,5.820947647094727,-18.84770774841309,33.312381744384766,-26.71025657653809,-8.197920799255371,5.939848899841309,3.756655216217041,17.569576263427734,-5.296781063079834,-24.637720108032227,-9.767077445983888,3.285318613052368,5.102970600128174,-20.41570472717285,2.982016324996948,13.110601425170898,-12.908580780029297,2.2120890617370605,-1.1781892776489258,-22.243600845336918,-11.491362571716309,-9.147969245910645,-11.80629539489746,19.395471572875977,-15.622751235961914,-19.357555389404297,-25.144851684570312,-17.05513572692871,-13.486170768737791,13.708392143249512,-1.3544164896011353,-3.9933037757873535,-12.16701602935791,-8.626107215881348,8.393634796142578,31.53058242797852,10.836793899536133,9.182068824768066,-30.45330619812012,-17.686410903930664,-16.03430938720703,-21.38170623779297,-44.72698211669922,-1.896833658218384,1.0,1.414973347970818
OXYR_HUMAN,CHEMBL2113201,CN(C)CCCOc1ccc(S(=O)(=O)N(CC(=O)NNC2=c3ccccc3=NC2=O)c2ccc(Cl)cc2)cc1,0,0,0,0,0,0,0,0,0,0,0,0,0,0,0,0,0,0,0,0,0,0,0,0,0,0,0,0,0,0,0,0,0,0,0,0,0,0,0,0,0,0,0,0,0,0,0,0,0,0,0,0,0,0,0,0,0,0,0,0,0,0,0,0,0,0,0,0,0,0,0,0,0,0,0,0,0,0,0,0,0,0,0,0,0,0,0,0,0,0,0,0,0,0,0,0,0,0,0,0,0,0,0,0,0,0,0,0,0,0,0,0,0,0,0,0,0,0,0,0,0,0,0,0,0,0,0,0,0,0,0,0,0,0,0,0,0,0,0,0,0,0,0,0,0,0,0,0,0,0,0,0,0,0,0,0,0,0,0,0,0,0,0,0,0,0,0,0,0,0,0,0,0,0,0,0,0,0,0,0,0,0,0,0,0,2,4,1,2,2,2,2,3,2,3,2,4,2,2,3,2,0,0,0,0,0,0,0,0,0,0,0,0,0,0,0,0,3,2,2,1,0,0,0,0,0,0,0,0,0,0,0,0,0,0,0,0,0,1,1,2,4,1,3,0,0,0,0,0,0,0,0,0,0,0,5,3,0,0,0,0,0,0,0,0,0,0,0,0,0,0,0,0,0,0,0,0,0,0,0,0,0,0,0,0,0,0,0,0,0,0,0,0,0,0,0,0,0,0,0,0,0,0,0,0,0,0,0,0,0,0,0,0,0,0,0,0,0,0,0,0,0,0,0,0,0,0,0,0,0,0,0,0,0,0,0,0,0,0,0,0,0,0,0,0,0,0,0,0,0,0,0,0,0,0,0,0,0,0,0,0,0,0,0,0,0,0,0,0,0,0,0,0,0,0,0,0,0,0,0,0,0,0,0,0,0,0,0,0,0,0,0,0,0,0,0,0,0,0,0,0,0,0,0,0,0,0,0,0,0,0,0,0,0,0,0,0,0,0,0,0,0,0,0,0,0,0,0,0,0,0,0,0,2,1,1,1,5,5,3,0,0,0,0,0,0,0,0,0,0,0,0,0,0,0,0,0,0,0,0,0,0,0,0,0,0,0,0,0,0,0,0,0,0,0,0,0,0,0,0,0,0,0,0,0,0,0,0,0,0,0,0,0,0,0,0,0,0,0,0,0,0,0,0,0,0,0,0,0,0,0,0,0,0,0,0,0,0,0,0,0,0,0,0,0,0,0,0,0,0,0,0,0,0,0,0,0,0,0,0,0,0,0,0,0,0,0,0,0,0,0,0,0,0,0,0,0,0,0,0,0,0,0,0,0,0,0,0,0,0,0,0,0,0,0,0,0,0,0,0,0,0,0,0,0,0,0,0,0,4,2,2,2,5,2,4,2,0,0,0,0,0,0,0,0,0,0,0,0,0,0,0,0,0,2,2,2,1,2,0,2,2,0,0,0,0,0,0,0,0,0,0,0,2,2,2,2,3,1,3,2,1,0,0,0,0,0,0,2,2,2,2,2,0,0,5,0,0,0,0,3,3,0,0,0,0,0,0,0,0,0,0,0,5,3,5,5,0,0,0,0,0,3,0,0,0,0,0,0,0,5,2,2,2,2,2,5,0,0,0,0,0,0,0,0,0,0,0,0,0,0,0,5,2,3,0,2,2,4,0,0,0,0,0,0,0,0,0,0,0,0,0,0,0,0,0,0,0,0,0,0,0,0,0,0,0,0,0,0,0,0,2,2,2,2,2,2,3,2,2,0,0,0,0,0,0,0,0,0,0,0,0,0,0,0,0,0,0,0,0,0,0,0,0,1,3,2,2,0,0,0,0,0,0,0,0,0,0,0,0,0,0,0,0,0,0,0,0,0,0,0,0,0,0,0,0,0,2,4,2,3,2,5,2,2,1,0,1,4,2,0,0,0,0,0,2,1,0,0,0,0,0,0,0,0,0,0,0,0,0,0,0,0,0,0,0,0,0,0,0,0,0,0,0,0,0,0,0,0,0,0,0,0,0,0,0,0,0,0,0,0,0,0,0,5,0,2,2,5,0,2,2,3,2,2,1,2,2,2,0,0,0,3,3,2,2,0,0,0,0,0,0,0,0,0,0,0,0,2,2,0,0,0,0,0,0,0,0,0,0,0,0,0,0,0,0,0,0,0,0,0,0,0,0,0,0,0,0,0,0,0,2,2,3,2,4,5,0,0,0,0,0,0,0,0,0,0,0,0,0,0,0,0,0,0,0,0,0,0,0,0,0,0,0,0,0,0,0,0,0,0,1,0,0,0,0,0,0,0,0,0,0,0,0,0,0,0,0,0,0,0,0,0,0,0,0,0,0,2,2,0,0,0,0,0,0,2,0,1,3,1,2,0,0,0,0,0,0,0,0,0,0,0,0,0,0,0,0,0,0,0,0,0,0,0,0,0,0,0,0,5,3,0,0,0,0,2,5,5,0,0,5,3,0,0,0,0,0,0,0,0,0,0,0,0,0,0,0,4,5,0,0,0,0,2,2,2,0,0,0,0,2,2,3,2,2,0,0,0,1,1,2,2,2,3,0,0,2,1,3,2,5,0,0,0,0,0,0,0,0,0,0,0,0,2,2,3,0,0,0,0,0,0,0,0,0,0,0,0,0,0,0,0,0,0,0,0,0,0,0,0,0,0,0,0,0,0,0,0,0,0,0,0,0,0,0,2,5,0,0,0,0,4,0,0,0,0,0,0,0,0,0,0,0,0,0,0,0,0,0,0,0,0,0,0,0,0,0,0,0,0,0,0,0,0,0,0,0,0,0,0,0,0,0,0,0,0,0,0,0,0,0,0,0,0,0,0,0,0,0,0,0,0,0,0,0,0,0,0,0,0,0,0,0,0,0,0,0,0,0,0,0,0,0,0,0,0,0,0,0,0,0,0,0,0,0,2,2,0,0,4,1,2,2,4,0,0,0,0,0,1,2,2,2,0,0,0,0,0,0,0,0,0,0,0,0,0,0,0,0,0,0,0,0,0,0,0,0,0,0,0,0,0,0,0,0,0,0,0,0,0,0,0,0,0,0,0,2,2,0,0,0,0,0,0,0,0,0,0,0,0,0,0,0,0,3,1,2,1,1,0,0,0,0,5,0,0,0,0,0,0,0,2,2,0,0,0,0,0,0,0,0,2,3,2,2,0,0,0,3,2,2,2,2,0,2,2,1,2,2,0,2,2,0,0,0,0,0,0,0,0,0,0,0,0,0,0,0,0,0,0,2,2,1,0,0,0,0,0,0,0,0,0,0,0,0,0,0,0,0,2,1,2,2,3,2,0,0,0,0,0,0,0,5,2,0,0,0,0,0,0,0,0,0,0,0,0,0,0,0,0,2,3,0,0,0,0,0,0,0,0,0,0,0,0,0,0,0,0,0,0,0,0,0,0,0,0,0,0,0,0,0,0,0,0,0,0,0,0,0,0,0,0,0,0,0,3,2,5,2,0,0,0,0,0,0,0,0,0,0,0,0,0,0,0,0,0,0,0,0,0,0,0,0,0,0,0,0,0,0,0,0,0,0,0,0,0,0,0,0,0,0,0,0,0,0,0,0,0,0,0,0,0,0,0,0,0,0,0,0,0,0,0,0,0,0,0,0,0,0,0,0,0,0,0,0,0,0,0,0,0,0,0,0,0,0,0,0,0,0,0,0,0,0,0,0,0,0,0,0,0,0,0,0,0,0,0,0,0,0,0,0,0,0,0,0,0,0,0,0,0,0,0,0,0,0,0,0,0,0,0,0,0,0,0,0,0,0,0,5,3,2,2,2,2,2,2,4,2,1,4,1,2,2,2,1,4,1,1,5,2,2,2,2,5,2,3,3,2,5,2,2,3,5,0,0,0,0,0,0,0,0,0,0,0,0,0,0,0,0,0,0,0,0,0,0,0,2,5,2,5,3,2,0,0,0,0,0,0,0,0,5,0,0,0,2,3,2,2,2,2,0,0,0,0,0,2,2,2,2,2,0,0,0,1,2,3,1,2,2,2,0,0,0,0,0,2,3,2,2,3,2,2,4,2,0,0,0,0,0,0,0,0,3,2,1,5,4,2,0,0,0,0,3,0,0,0,0,0,0,0,0,0,0,0,0,0,0,0,0,0,2,0,0,2,0,0,0,0,0,0,0,0,0,0,0,0,0,0,0,0,0,0,0,0,0,0,0,0,0,0,0,0,0,0,0,0,0,0,0,0,0,0,0,0,0,0,0,0,0,0,0,0,0,0,0,0,0,0,0,0,0,0,0,0,0,0,0,0,0,0,0,0,0,0,0,0,0,0,0,0,0,2,2,0,2,0,0,0,0,0,2,2,2,0,2,3,2,3,3,1,1,3,1,2,2,0,0,0,0,0,0,0,2,2,2,2,3,1,5,2,2,5,0,4,2,0,0,0,0,2,3,5,2,0,0,0,0,0,0,0,0,0,0,0,0,0,0,0,0,0,0,0,0,0,0,0,0,0,0,0,0,0,0,0,0,0,0,0,0,0,0,0,0,0,0,0,0,0,0,0,0,0,0,0,0,0,0,0,0,0,0,0,0,0,0,0,0,0,0,0,0,0,0,0,0,0,0,0,0,0,0,0,0,0,0,0,0,0,0,0,0,0,0,0,0,0,0,0,0,2,1,1,3,2,3,2,2,5,1,5,5,2,1,4,3,0,0,0,0,0,0,0,0,0,0,0,0,0,0,0,0,0,0,0,0,0,0,0,0,0,0,0,0,0,0,0,0,0,0,0,0,0,0,0,0,0,0,0,0,0,0,0,0,0,0,0,0,0,0,0,0,0,0,0,0,0,0,0,0,0,0,0,0,0,0,0,0,0,0,0,0,0,0,0,0,0,0,0,0,0,0,0,0,0,0,0,0,0,0,0,0,0,0,0,0,0,0,0,0,0,0,0,0,0,0,0,0,0,0,0,0,0,0,0,0,0,0,0,0,0,0,0,0,0,0,0,0,0,0,0,0,0,0,0,0,0,0,0,0,0,0,0,0,0,0,0,0,0,0,0,0,0,0,0,0,0,0,0,0,0,0,0,0,0,0,0,0,0,0,0,0,0,0,0,0,0,0,0,0,0,0,0,0,0,0,0,0,0,0,0,0,0,0,0,0,0,0,0,0,0,0,0,0,0,0,0,0,0,0,0,0,0,0,0,0,0,0,0,0,0,0,0,0,0,0,0,0,0,0,0,0,0,0,0,0,0,0,0,0,0,0,0,0,0,0,0,0,0,0,0,0,0,0,0,0,0,0,0,0,0,0,0,0,0,0,0,0,0,0,0,0,0,0,0,0,0,0,0,0,3,2,3,5,5,3,3,3,3,3,2,2,2,3,5,5,3,0,0,0,0,0,0,0,0,0,0,0,0,0,0,0,0,0,0,0,0,0,0,0,0,0,0,0,0,0,0,0,0,0,0,0,0,0,0,0,0,0,0,0,0,0,0,0,0,0,0,0,0,0,0,0,0,0,0,0,0,0,0,0,0,0,0,0,0,0,0,0,0,0,0,0,0,0,0,0,0,0,0,0,0,0,0,0,0,0,0,0,0,0,0,0,0,0,0,0,0,0,0,0,0,0,0,0,0,0,0,0,0,0,0,0,0,0,0,0,0,0,0,0,0,0,0,0,0,0,3,3,3,5,3,1,3,3,1,3,3,2,0,0,0,0,0,0,0,0,0,0,0,0,0,0,0,0,0,0,0,0,0,0,0,0,0,0,0,0,0,0,0,0,0,0,0,0,0,0,0,0,0,0,0,0,0,0,0,0,0,0,0,0,0,0,0,0,1.646056056022644,-4.765597820281982,-5.236805438995361,7.806903839111328,3.414825439453125,0.6493203043937683,-17.19837760925293,0.7493433356285095,13.76085376739502,6.405728340148926,-6.584971904754639,1.2473695278167725,-14.261157035827637,1.6186389923095703,-8.209250450134277,0.3406164050102234,5.60407829284668,-8.385052680969238,-7.0456953048706055,9.595613479614258,-0.4796101748943329,8.382607460021973,24.271148681640625,9.144427299499512,-12.00469970703125,-1.817971110343933,-0.4672017693519592,-12.491865158081056,4.312148571014404,1.0898767709732056,15.774045944213867,-10.033987045288086,-4.374350547790527,-10.325204849243164,4.348100185394287,-0.0162454172968864,0.8620446920394897,3.2163426876068115,11.208308219909668,6.388887882232666,-0.6291730403900146,-2.127104997634888,-9.70069408416748,-0.7543410062789917,-15.622084617614746,3.9437777996063232,-0.2222244441509246,12.053466796875,-9.952706336975098,3.639612197875977,8.803061485290527,-10.732688903808594,-5.897999286651611,-12.455562591552734,-10.142311096191406,-9.11585807800293,-2.527312755584717,1.669459342956543,6.414095878601074,3.8211636543273926,-1.4706618785858154,-10.089221954345703,-2.8092968463897705,6.713886260986328,-18.907676696777344,-0.5173362493515015,11.892922401428224,4.389760971069336,-5.274843692779541,2.332682847976685,-8.708427429199219,1.4716871976852417,9.568804740905762,-11.155481338500977,-4.236098766326904,8.186678886413574,-9.20924186706543,4.48360538482666,-0.3194178938865661,5.152259826660156,8.635783195495605,-2.1885886192321777,-9.24268913269043,-14.861063957214355,1.688983678817749,-0.2811779379844665,-8.905280113220215,7.633358955383301,4.3081159591674805,-1.011055588722229,6.670915603637695,5.372756481170654,5.067187786102295,14.383808135986328,2.347137689590454,-2.1776607036590576,3.4498000144958496,1.9554471969604488,8.127867698669434,1.9524271488189695,-6.210356712341309,-12.163663864135742,-9.047934532165527,-13.665946006774902,2.8165152072906494,-8.505915641784668,-6.079115867614746,3.873619556427002,1.8974380493164065,-10.23636531829834,-20.35572052001953,3.798544406890869,4.853262424468994,-0.5488805174827576,1.4738720655441284,-6.152756690979004,9.38945770263672,11.253278732299805,-4.560344219207764,8.559999465942383,-17.34157371520996,1.649458885192871,-6.228753566741943,7.915452003479004,7.683456420898437,-12.012682914733888,-17.581886291503906,-1.6860129833221436,-1.9688329696655276,1.8445273637771609,-1.8413417339324951,3.075308084487915,11.874388694763184,18.032835006713867,-1.4172550439834597,16.89759063720703,16.10101318359375,1.7198909521102903,15.464234352111816,-4.448964595794678,13.54116153717041,-1.528431415557861,0.3112590312957763,1.8143210411071775,15.428580284118652,10.840229034423828,4.883197784423828,2.434381484985352,3.324824810028076,12.503562927246094,9.059611320495604,5.200397491455078,9.627697944641112,-5.058952808380127,-2.9788146018981934,4.817668914794922,-8.049848556518555,-9.154047966003418,5.66220235824585,-10.09539794921875,-4.249475002288818,-1.4453649520874023,-9.607369422912598,4.091306686401367,3.1368179321289062,-8.921919822692871,0.5523886680603027,-6.675454139709473,1.268268346786499,9.153703689575195,-10.181204795837402,-3.327173948287964,18.013656616210938,-7.331998825073242,-0.4469123482704162,2.2840325832366943,6.7963948249816895,-2.937472105026245,-8.198086738586426,17.482425689697266,-5.8778228759765625,10.735549926757812,-1.1022303104400637,11.382258415222168,12.243203163146973,-5.845219135284424,-2.678591012954712,-1.5041166543960571,-11.365364074707031,-4.841064929962158,-1.2621434926986694,-1.175642013549805,-0.9379853010177612,0.3217844665050506,3.501860380172729,0.5092660784721375,-5.997973442077637,-13.708518028259276,-1.5273765325546265,0.198779284954071,3.777944564819336,1.7396767139434814,10.914687156677246,2.0105159282684326,4.011497497558594,-5.212006092071533,19.74120330810547,7.041248798370361,14.480840682983398,-3.643728494644165,18.89908218383789,-4.432231903076172,8.176240921020508,-5.281280517578125,4.750969886779785,4.902856826782227,5.417032241821289,5.860512733459473,-8.683273315429688,7.335477352142334,1.5903115272521973,-11.629459381103516,-1.7741295099258425,1.8743033409118648,3.500715970993042,-3.898400068283081,-1.9848947525024412,3.346494436264038,11.840641975402832,-14.047348976135254,4.518253326416016,-2.2945029735565186,-11.795297622680664,-16.46619415283203,-5.292415142059326,-4.7149434089660645,-3.4963538646698,-3.111746311187744,-5.375860214233398,11.648319244384766,4.664533615112305,-0.7492836713790894,4.889049053192139,0.429897129535675,-4.4000563621521,5.878740787506104,-17.39789390563965,-9.973302841186523,0.0608569160103797,-8.8626070022583,-21.824892044067383,3.6708929538726807,-3.167654275894165,-0.0461747273802757,-15.772951126098633,0.1059508174657821,4.343690872192383,-15.397701263427734,11.905820846557615,-9.765634536743164,-5.211305141448975,9.40510368347168,5.457907676696777,14.857192993164062,3.96403431892395,-8.248353004455566,-10.055665969848633,6.645539283752441,3.515636444091797,-10.023566246032717,-2.058241844177246,6.445794582366943,0.0201029852032661,6.571382522583008,0.1111484542489051,-9.333715438842772,-2.3789620399475098,-5.563663482666016,-1.095008373260498,-1.2977430820465088,-10.552754402160645,-7.795758247375488,-22.37886047363281,-8.29848575592041,1.9419047832489011,2.5995469093322754,1.9616196155548096,-2.033964872360229,-9.180910110473633,-2.474689722061157,0.5354127883911133,15.777766227722168,17.248523712158203,3.84379506111145,-13.853498458862305,-2.7938711643218994,-8.169610977172852,-6.039436340332031,-15.777106285095217,-5.019674777984619,-1.0,0.041392685158225
OXYR_HUMAN,CHEMBL1817706,CCCNCCCC(NC(=O)C1CCCN1C(=O)C1CSSCC(N)C(=O)NC(Cc2ccccc2)C(=O)NC(C(C)CC)C(=O)NC(CCC(N)=O)C(=O)NC(CC(N)=O)C(=O)N1)C(=O)NCC(N)=O,0,0,0,0,0,0,0,0,0,0,0,0,0,0,0,0,0,0,0,0,0,0,0,0,0,0,0,0,0,0,0,0,0,0,0,0,0,0,0,0,0,0,0,0,0,0,0,0,0,0,0,0,0,0,0,0,0,0,0,0,0,0,0,0,0,0,0,0,0,0,0,0,0,0,0,0,0,0,0,0,0,0,0,0,0,0,0,0,0,0,0,0,0,0,0,0,0,0,0,0,0,0,0,0,0,0,0,0,0,0,0,0,0,0,0,0,0,0,0,0,0,0,0,0,0,0,0,0,0,0,0,0,0,0,0,0,0,0,0,0,0,0,0,0,0,0,0,0,0,0,0,0,0,0,0,0,0,0,0,0,0,0,0,0,0,0,0,0,0,0,0,0,0,0,0,0,0,0,0,0,0,0,0,0,0,2,4,1,2,2,2,2,3,2,3,2,4,2,2,3,2,0,0,0,0,0,0,0,0,0,0,0,0,0,0,0,0,3,2,2,1,0,0,0,0,0,0,0,0,0,0,0,0,0,0,0,0,0,1,1,2,4,1,3,0,0,0,0,0,0,0,0,0,0,0,5,3,0,0,0,0,0,0,0,0,0,0,0,0,0,0,0,0,0,0,0,0,0,0,0,0,0,0,0,0,0,0,0,0,0,0,0,0,0,0,0,0,0,0,0,0,0,0,0,0,0,0,0,0,0,0,0,0,0,0,0,0,0,0,0,0,0,0,0,0,0,0,0,0,0,0,0,0,0,0,0,0,0,0,0,0,0,0,0,0,0,0,0,0,0,0,0,0,0,0,0,0,0,0,0,0,0,0,0,0,0,0,0,0,0,0,0,0,0,0,0,0,0,0,0,0,0,0,0,0,0,0,0,0,0,0,0,0,0,0,0,0,0,0,0,0,0,0,0,0,0,0,0,0,0,0,0,0,0,0,0,0,0,0,0,0,0,0,0,0,0,0,0,0,0,0,0,0,2,1,1,1,5,5,3,0,0,0,0,0,0,0,0,0,0,0,0,0,0,0,0,0,0,0,0,0,0,0,0,0,0,0,0,0,0,0,0,0,0,0,0,0,0,0,0,0,0,0,0,0,0,0,0,0,0,0,0,0,0,0,0,0,0,0,0,0,0,0,0,0,0,0,0,0,0,0,0,0,0,0,0,0,0,0,0,0,0,0,0,0,0,0,0,0,0,0,0,0,0,0,0,0,0,0,0,0,0,0,0,0,0,0,0,0,0,0,0,0,0,0,0,0,0,0,0,0,0,0,0,0,0,0,0,0,0,0,0,0,0,0,0,0,0,0,0,0,0,0,0,0,0,0,0,0,4,2,2,2,5,2,4,2,0,0,0,0,0,0,0,0,0,0,0,0,0,0,0,0,0,2,2,2,1,2,0,2,2,0,0,0,0,0,0,0,0,0,0,0,2,2,2,2,3,1,3,2,1,0,0,0,0,0,0,2,2,2,2,2,0,0,5,0,0,0,0,3,3,0,0,0,0,0,0,0,0,0,0,0,5,3,5,5,0,0,0,0,0,3,0,0,0,0,0,0,0,5,2,2,2,2,2,5,0,0,0,0,0,0,0,0,0,0,0,0,0,0,0,5,2,3,0,2,2,4,0,0,0,0,0,0,0,0,0,0,0,0,0,0,0,0,0,0,0,0,0,0,0,0,0,0,0,0,0,0,0,0,2,2,2,2,2,2,3,2,2,0,0,0,0,0,0,0,0,0,0,0,0,0,0,0,0,0,0,0,0,0,0,0,0,1,3,2,2,0,0,0,0,0,0,0,0,0,0,0,0,0,0,0,0,0,0,0,0,0,0,0,0,0,0,0,0,0,2,4,2,3,2,5,2,2,1,0,1,4,2,0,0,0,0,0,2,1,0,0,0,0,0,0,0,0,0,0,0,0,0,0,0,0,0,0,0,0,0,0,0,0,0,0,0,0,0,0,0,0,0,0,0,0,0,0,0,0,0,0,0,0,0,0,0,5,0,2,2,5,0,2,2,3,2,2,1,2,2,2,0,0,0,3,3,2,2,0,0,0,0,0,0,0,0,0,0,0,0,2,2,0,0,0,0,0,0,0,0,0,0,0,0,0,0,0,0,0,0,0,0,0,0,0,0,0,0,0,0,0,0,0,2,2,3,2,4,5,0,0,0,0,0,0,0,0,0,0,0,0,0,0,0,0,0,0,0,0,0,0,0,0,0,0,0,0,0,0,0,0,0,0,1,0,0,0,0,0,0,0,0,0,0,0,0,0,0,0,0,0,0,0,0,0,0,0,0,0,0,2,2,0,0,0,0,0,0,2,0,1,3,1,2,0,0,0,0,0,0,0,0,0,0,0,0,0,0,0,0,0,0,0,0,0,0,0,0,0,0,0,0,5,3,0,0,0,0,2,5,5,0,0,5,3,0,0,0,0,0,0,0,0,0,0,0,0,0,0,0,4,5,0,0,0,0,2,2,2,0,0,0,0,2,2,3,2,2,0,0,0,1,1,2,2,2,3,0,0,2,1,3,2,5,0,0,0,0,0,0,0,0,0,0,0,0,2,2,3,0,0,0,0,0,0,0,0,0,0,0,0,0,0,0,0,0,0,0,0,0,0,0,0,0,0,0,0,0,0,0,0,0,0,0,0,0,0,0,2,5,0,0,0,0,4,0,0,0,0,0,0,0,0,0,0,0,0,0,0,0,0,0,0,0,0,0,0,0,0,0,0,0,0,0,0,0,0,0,0,0,0,0,0,0,0,0,0,0,0,0,0,0,0,0,0,0,0,0,0,0,0,0,0,0,0,0,0,0,0,0,0,0,0,0,0,0,0,0,0,0,0,0,0,0,0,0,0,0,0,0,0,0,0,0,0,0,0,0,2,2,0,0,4,1,2,2,4,0,0,0,0,0,1,2,2,2,0,0,0,0,0,0,0,0,0,0,0,0,0,0,0,0,0,0,0,0,0,0,0,0,0,0,0,0,0,0,0,0,0,0,0,0,0,0,0,0,0,0,0,2,2,0,0,0,0,0,0,0,0,0,0,0,0,0,0,0,0,3,1,2,1,1,0,0,0,0,5,0,0,0,0,0,0,0,2,2,0,0,0,0,0,0,0,0,2,3,2,2,0,0,0,3,2,2,2,2,0,2,2,1,2,2,0,2,2,0,0,0,0,0,0,0,0,0,0,0,0,0,0,0,0,0,0,2,2,1,0,0,0,0,0,0,0,0,0,0,0,0,0,0,0,0,2,1,2,2,3,2,0,0,0,0,0,0,0,5,2,0,0,0,0,0,0,0,0,0,0,0,0,0,0,0,0,2,3,0,0,0,0,0,0,0,0,0,0,0,0,0,0,0,0,0,0,0,0,0,0,0,0,0,0,0,0,0,0,0,0,0,0,0,0,0,0,0,0,0,0,0,3,2,5,2,0,0,0,0,0,0,0,0,0,0,0,0,0,0,0,0,0,0,0,0,0,0,0,0,0,0,0,0,0,0,0,0,0,0,0,0,0,0,0,0,0,0,0,0,0,0,0,0,0,0,0,0,0,0,0,0,0,0,0,0,0,0,0,0,0,0,0,0,0,0,0,0,0,0,0,0,0,0,0,0,0,0,0,0,0,0,0,0,0,0,0,0,0,0,0,0,0,0,0,0,0,0,0,0,0,0,0,0,0,0,0,0,0,0,0,0,0,0,0,0,0,0,0,0,0,0,0,0,0,0,0,0,0,0,0,0,0,0,0,5,3,2,2,2,2,2,2,4,2,1,4,1,2,2,2,1,4,1,1,5,2,2,2,2,5,2,3,3,2,5,2,2,3,5,0,0,0,0,0,0,0,0,0,0,0,0,0,0,0,0,0,0,0,0,0,0,0,2,5,2,5,3,2,0,0,0,0,0,0,0,0,5,0,0,0,2,3,2,2,2,2,0,0,0,0,0,2,2,2,2,2,0,0,0,1,2,3,1,2,2,2,0,0,0,0,0,2,3,2,2,3,2,2,4,2,0,0,0,0,0,0,0,0,3,2,1,5,4,2,0,0,0,0,3,0,0,0,0,0,0,0,0,0,0,0,0,0,0,0,0,0,2,0,0,2,0,0,0,0,0,0,0,0,0,0,0,0,0,0,0,0,0,0,0,0,0,0,0,0,0,0,0,0,0,0,0,0,0,0,0,0,0,0,0,0,0,0,0,0,0,0,0,0,0,0,0,0,0,0,0,0,0,0,0,0,0,0,0,0,0,0,0,0,0,0,0,0,0,0,0,0,0,2,2,0,2,0,0,0,0,0,2,2,2,0,2,3,2,3,3,1,1,3,1,2,2,0,0,0,0,0,0,0,2,2,2,2,3,1,5,2,2,5,0,4,2,0,0,0,0,2,3,5,2,0,0,0,0,0,0,0,0,0,0,0,0,0,0,0,0,0,0,0,0,0,0,0,0,0,0,0,0,0,0,0,0,0,0,0,0,0,0,0,0,0,0,0,0,0,0,0,0,0,0,0,0,0,0,0,0,0,0,0,0,0,0,0,0,0,0,0,0,0,0,0,0,0,0,0,0,0,0,0,0,0,0,0,0,0,0,0,0,0,0,0,0,0,0,0,0,2,1,1,3,2,3,2,2,5,1,5,5,2,1,4,3,0,0,0,0,0,0,0,0,0,0,0,0,0,0,0,0,0,0,0,0,0,0,0,0,0,0,0,0,0,0,0,0,0,0,0,0,0,0,0,0,0,0,0,0,0,0,0,0,0,0,0,0,0,0,0,0,0,0,0,0,0,0,0,0,0,0,0,0,0,0,0,0,0,0,0,0,0,0,0,0,0,0,0,0,0,0,0,0,0,0,0,0,0,0,0,0,0,0,0,0,0,0,0,0,0,0,0,0,0,0,0,0,0,0,0,0,0,0,0,0,0,0,0,0,0,0,0,0,0,0,0,0,0,0,0,0,0,0,0,0,0,0,0,0,0,0,0,0,0,0,0,0,0,0,0,0,0,0,0,0,0,0,0,0,0,0,0,0,0,0,0,0,0,0,0,0,0,0,0,0,0,0,0,0,0,0,0,0,0,0,0,0,0,0,0,0,0,0,0,0,0,0,0,0,0,0,0,0,0,0,0,0,0,0,0,0,0,0,0,0,0,0,0,0,0,0,0,0,0,0,0,0,0,0,0,0,0,0,0,0,0,0,0,0,0,0,0,0,0,0,0,0,0,0,0,0,0,0,0,0,0,0,0,0,0,0,0,0,0,0,0,0,0,0,0,0,0,0,0,0,0,0,0,0,3,2,3,5,5,3,3,3,3,3,2,2,2,3,5,5,3,0,0,0,0,0,0,0,0,0,0,0,0,0,0,0,0,0,0,0,0,0,0,0,0,0,0,0,0,0,0,0,0,0,0,0,0,0,0,0,0,0,0,0,0,0,0,0,0,0,0,0,0,0,0,0,0,0,0,0,0,0,0,0,0,0,0,0,0,0,0,0,0,0,0,0,0,0,0,0,0,0,0,0,0,0,0,0,0,0,0,0,0,0,0,0,0,0,0,0,0,0,0,0,0,0,0,0,0,0,0,0,0,0,0,0,0,0,0,0,0,0,0,0,0,0,0,0,0,0,3,3,3,5,3,1,3,3,1,3,3,2,0,0,0,0,0,0,0,0,0,0,0,0,0,0,0,0,0,0,0,0,0,0,0,0,0,0,0,0,0,0,0,0,0,0,0,0,0,0,0,0,0,0,0,0,0,0,0,0,0,0,0,0,0,0,0,0,0.4918861091136932,-8.436190605163574,-3.316622734069824,6.971996784210205,5.034870147705078,-18.607053756713867,-32.324317932128906,-5.683609008789063,23.950824737548828,-4.0515313148498535,4.874124050140381,22.38750267028809,-1.3652716875076294,16.982799530029297,-35.338741302490234,1.5378401279449463,22.94028854370117,-31.224931716918945,-31.20549964904785,37.08562088012695,6.241202354431152,14.744478225708008,57.84025955200195,17.838581085205078,-20.02969741821289,5.243940353393555,-19.026779174804688,-40.61334609985352,0.9558699131011964,-15.114084243774414,19.64155387878418,-12.580395698547363,-15.709904670715332,0.5797598958015442,-1.877946257591248,10.198226928710938,4.215757846832275,-1.9855031967163088,21.400053024291992,25.143218994140625,5.015503883361816,3.703941822052002,-4.800076961517334,-11.691381454467772,-25.666807174682617,21.13690757751465,13.550094604492188,44.11437225341797,-8.409600257873535,0.6309004426002502,8.486015319824219,-24.4256534576416,-0.5980381965637207,-18.66544342041016,-32.09693908691406,-23.13443756103516,-17.015514373779297,15.985391616821287,4.416730880737305,8.67462158203125,1.5819242000579834,-19.665403366088867,-16.582029342651367,13.456012725830078,-42.20638275146485,3.253790616989136,19.020998001098636,8.672078132629395,-19.28730010986328,-3.0783345699310303,-6.125640869140625,12.878966331481934,13.109841346740724,-31.76096534729004,-0.3285912573337555,4.987884998321533,-27.63487243652344,1.428429126739502,11.022159576416016,1.8949700593948364,21.60221290588379,1.4812663793563845,-10.74733066558838,-43.43522644042969,20.80662727355957,-13.639253616333008,-9.706682205200195,6.530974864959717,8.195136070251465,-3.150088310241699,6.648439884185791,13.97207260131836,15.969300270080566,6.969834804534912,5.834757328033447,-6.692564487457275,19.874217987060547,8.07398509979248,17.50960350036621,-8.003073692321777,-4.446479797363281,-18.76631546020508,-23.500444412231445,-11.329761505126951,12.56121826171875,-31.645862579345703,-17.311264038085938,11.240964889526367,6.510684967041016,-20.03802299499512,-19.708641052246094,16.255645751953125,8.127043724060059,-12.295536041259766,-5.323730945587158,-8.588013648986816,19.370847702026367,22.088132858276367,-1.8258192539215088,4.484155654907227,-13.116393089294434,17.1648006439209,1.1250367164611816,33.4688835144043,-2.7180678844451904,-34.13547897338867,-31.760107040405277,3.785679340362549,-15.310942649841309,0.3980420231819153,1.3642596006393433,-2.8876919746398926,15.198590278625488,40.99737548828125,7.5373969078063965,30.93770408630371,-4.059318542480469,-10.074869155883787,19.651918411254883,-14.565302848815918,23.80311584472656,-1.866701602935791,-9.567450523376465,-3.1005406379699707,15.002967834472656,1.6132574081420898,5.886209011077881,7.107179164886475,13.00468921661377,37.90794372558594,-4.14936113357544,20.185943603515625,16.244503021240234,-24.16029930114746,-6.932205677032471,1.708337664604187,-17.619773864746094,-3.6059606075286874,0.8176558017730713,-19.04192924499512,8.575636863708496,14.46058464050293,-12.45971393585205,5.507323265075684,16.72228240966797,-24.25248908996582,13.817177772521973,-10.10348415374756,2.173755407333374,19.765893936157227,-15.51152515411377,-21.271615982055664,36.74864959716797,-7.759535312652588,12.83346462249756,-3.026539802551269,14.150628089904783,-3.402799367904663,-13.783894538879396,23.99465751647949,-13.69154453277588,25.149133682250977,-3.274631977081299,31.49477767944336,12.634416580200195,-11.298457145690918,2.445847749710083,2.529378890991211,-7.927723884582519,-18.49872398376465,2.6385269165039062,-9.67125129699707,-20.268945693969727,2.7192652225494385,14.08949851989746,6.5815277099609375,2.5499396324157715,-27.65379905700684,-9.137001037597656,-9.351816177368164,1.3570271730422974,-7.571856498718262,7.166785717010498,-7.495067119598389,-7.192670822143555,-4.126057147979736,33.471073150634766,30.34202003479004,27.517963409423828,-17.094993591308594,29.234161376953125,-2.3561902046203613,36.04594421386719,-15.735281944274902,12.102420806884766,-2.4482312202453613,13.079656600952148,10.907305717468262,-8.641077041625977,16.382232666015625,8.861333847045898,-21.551877975463867,-11.503832817077637,0.1665339022874832,10.177570343017578,-13.134039878845217,-3.1484203338623047,-2.7246086597442627,13.205778121948242,-28.450115203857425,7.21452522277832,-0.9353896975517272,-20.54266357421875,-24.50282859802246,6.449761390686035,-25.106407165527344,-7.019169330596924,-8.571525573730469,-6.271381855010986,30.082284927368164,18.24747085571289,-31.63930320739746,20.316030502319336,-9.37303352355957,-2.8239939212799072,24.12778091430664,-45.46085357666016,-16.723651885986328,3.2309131622314453,12.161914825439451,-47.65734100341797,9.87992000579834,10.5744047164917,-9.075602531433104,-26.44014549255371,21.808305740356445,3.6898467540740967,-18.90245819091797,34.058292388916016,-26.01850128173828,-11.566202163696287,8.198601722717285,7.09838342666626,18.595996856689453,-4.180600643157959,-26.750919342041016,-11.19572639465332,1.87715744972229,7.926881313323975,-21.90450859069824,1.6880075931549072,9.086678504943848,-12.460406303405762,3.7440602779388423,-3.2946290969848637,-22.288719177246094,-9.828051567077637,-9.89863395690918,-13.427327156066896,21.61546516418457,-14.443711280822754,-19.19315719604492,-26.45570945739746,-16.002735137939453,-12.988693237304688,13.170772552490234,1.0781495571136477,-3.284242630004883,-10.4381103515625,-10.82993984222412,9.11709213256836,32.2855339050293,12.237932205200195,10.960896492004396,-29.479158401489254,-18.66927528381348,-16.090967178344727,-23.00343894958496,-44.56441879272461,-4.8555169105529785,1.0,1.5051499783199058
OXYR_HUMAN,CHEMBL439044,CCC(C)C1NC(=O)C(Cc2ccc(O)cc2)NC(=O)CCSSCC(C(=O)N2CCCC2C(=O)NC(CC(C)C)C(=O)NCC(N)=O)NC(=O)C(CC(N)=O)NC(=O)C(CCC(N)=O)NC1=O,0,0,0,0,0,0,0,0,0,0,0,0,0,0,0,0,0,0,0,0,0,0,0,0,0,0,0,0,0,0,0,0,0,0,0,0,0,0,0,0,0,0,0,0,0,0,0,0,0,0,0,0,0,0,0,0,0,0,0,0,0,0,0,0,0,0,0,0,0,0,0,0,0,0,0,0,0,0,0,0,0,0,0,0,0,0,0,0,0,0,0,0,0,0,0,0,0,0,0,0,0,0,0,0,0,0,0,0,0,0,0,0,0,0,0,0,0,0,0,0,0,0,0,0,0,0,0,0,0,0,0,0,0,0,0,0,0,0,0,0,0,0,0,0,0,0,0,0,0,0,0,0,0,0,0,0,0,0,0,0,0,0,0,0,0,0,0,0,0,0,0,0,0,0,0,0,0,0,0,0,0,0,0,0,0,2,4,1,2,2,2,2,3,2,3,2,4,2,2,3,2,0,0,0,0,0,0,0,0,0,0,0,0,0,0,0,0,3,2,2,1,0,0,0,0,0,0,0,0,0,0,0,0,0,0,0,0,0,1,1,2,4,1,3,0,0,0,0,0,0,0,0,0,0,0,5,3,0,0,0,0,0,0,0,0,0,0,0,0,0,0,0,0,0,0,0,0,0,0,0,0,0,0,0,0,0,0,0,0,0,0,0,0,0,0,0,0,0,0,0,0,0,0,0,0,0,0,0,0,0,0,0,0,0,0,0,0,0,0,0,0,0,0,0,0,0,0,0,0,0,0,0,0,0,0,0,0,0,0,0,0,0,0,0,0,0,0,0,0,0,0,0,0,0,0,0,0,0,0,0,0,0,0,0,0,0,0,0,0,0,0,0,0,0,0,0,0,0,0,0,0,0,0,0,0,0,0,0,0,0,0,0,0,0,0,0,0,0,0,0,0,0,0,0,0,0,0,0,0,0,0,0,0,0,0,0,0,0,0,0,0,0,0,0,0,0,0,0,0,0,0,0,0,2,1,1,1,5,5,3,0,0,0,0,0,0,0,0,0,0,0,0,0,0,0,0,0,0,0,0,0,0,0,0,0,0,0,0,0,0,0,0,0,0,0,0,0,0,0,0,0,0,0,0,0,0,0,0,0,0,0,0,0,0,0,0,0,0,0,0,0,0,0,0,0,0,0,0,0,0,0,0,0,0,0,0,0,0,0,0,0,0,0,0,0,0,0,0,0,0,0,0,0,0,0,0,0,0,0,0,0,0,0,0,0,0,0,0,0,0,0,0,0,0,0,0,0,0,0,0,0,0,0,0,0,0,0,0,0,0,0,0,0,0,0,0,0,0,0,0,0,0,0,0,0,0,0,0,0,4,2,2,2,5,2,4,2,0,0,0,0,0,0,0,0,0,0,0,0,0,0,0,0,0,2,2,2,1,2,0,2,2,0,0,0,0,0,0,0,0,0,0,0,2,2,2,2,3,1,3,2,1,0,0,0,0,0,0,2,2,2,2,2,0,0,5,0,0,0,0,3,3,0,0,0,0,0,0,0,0,0,0,0,5,3,5,5,0,0,0,0,0,3,0,0,0,0,0,0,0,5,2,2,2,2,2,5,0,0,0,0,0,0,0,0,0,0,0,0,0,0,0,5,2,3,0,2,2,4,0,0,0,0,0,0,0,0,0,0,0,0,0,0,0,0,0,0,0,0,0,0,0,0,0,0,0,0,0,0,0,0,2,2,2,2,2,2,3,2,2,0,0,0,0,0,0,0,0,0,0,0,0,0,0,0,0,0,0,0,0,0,0,0,0,1,3,2,2,0,0,0,0,0,0,0,0,0,0,0,0,0,0,0,0,0,0,0,0,0,0,0,0,0,0,0,0,0,2,4,2,3,2,5,2,2,1,0,1,4,2,0,0,0,0,0,2,1,0,0,0,0,0,0,0,0,0,0,0,0,0,0,0,0,0,0,0,0,0,0,0,0,0,0,0,0,0,0,0,0,0,0,0,0,0,0,0,0,0,0,0,0,0,0,0,5,0,2,2,5,0,2,2,3,2,2,1,2,2,2,0,0,0,3,3,2,2,0,0,0,0,0,0,0,0,0,0,0,0,2,2,0,0,0,0,0,0,0,0,0,0,0,0,0,0,0,0,0,0,0,0,0,0,0,0,0,0,0,0,0,0,0,2,2,3,2,4,5,0,0,0,0,0,0,0,0,0,0,0,0,0,0,0,0,0,0,0,0,0,0,0,0,0,0,0,0,0,0,0,0,0,0,1,0,0,0,0,0,0,0,0,0,0,0,0,0,0,0,0,0,0,0,0,0,0,0,0,0,0,2,2,0,0,0,0,0,0,2,0,1,3,1,2,0,0,0,0,0,0,0,0,0,0,0,0,0,0,0,0,0,0,0,0,0,0,0,0,0,0,0,0,5,3,0,0,0,0,2,5,5,0,0,5,3,0,0,0,0,0,0,0,0,0,0,0,0,0,0,0,4,5,0,0,0,0,2,2,2,0,0,0,0,2,2,3,2,2,0,0,0,1,1,2,2,2,3,0,0,2,1,3,2,5,0,0,0,0,0,0,0,0,0,0,0,0,2,2,3,0,0,0,0,0,0,0,0,0,0,0,0,0,0,0,0,0,0,0,0,0,0,0,0,0,0,0,0,0,0,0,0,0,0,0,0,0,0,0,2,5,0,0,0,0,4,0,0,0,0,0,0,0,0,0,0,0,0,0,0,0,0,0,0,0,0,0,0,0,0,0,0,0,0,0,0,0,0,0,0,0,0,0,0,0,0,0,0,0,0,0,0,0,0,0,0,0,0,0,0,0,0,0,0,0,0,0,0,0,0,0,0,0,0,0,0,0,0,0,0,0,0,0,0,0,0,0,0,0,0,0,0,0,0,0,0,0,0,0,2,2,0,0,4,1,2,2,4,0,0,0,0,0,1,2,2,2,0,0,0,0,0,0,0,0,0,0,0,0,0,0,0,0,0,0,0,0,0,0,0,0,0,0,0,0,0,0,0,0,0,0,0,0,0,0,0,0,0,0,0,2,2,0,0,0,0,0,0,0,0,0,0,0,0,0,0,0,0,3,1,2,1,1,0,0,0,0,5,0,0,0,0,0,0,0,2,2,0,0,0,0,0,0,0,0,2,3,2,2,0,0,0,3,2,2,2,2,0,2,2,1,2,2,0,2,2,0,0,0,0,0,0,0,0,0,0,0,0,0,0,0,0,0,0,2,2,1,0,0,0,0,0,0,0,0,0,0,0,0,0,0,0,0,2,1,2,2,3,2,0,0,0,0,0,0,0,5,2,0,0,0,0,0,0,0,0,0,0,0,0,0,0,0,0,2,3,0,0,0,0,0,0,0,0,0,0,0,0,0,0,0,0,0,0,0,0,0,0,0,0,0,0,0,0,0,0,0,0,0,0,0,0,0,0,0,0,0,0,0,3,2,5,2,0,0,0,0,0,0,0,0,0,0,0,0,0,0,0,0,0,0,0,0,0,0,0,0,0,0,0,0,0,0,0,0,0,0,0,0,0,0,0,0,0,0,0,0,0,0,0,0,0,0,0,0,0,0,0,0,0,0,0,0,0,0,0,0,0,0,0,0,0,0,0,0,0,0,0,0,0,0,0,0,0,0,0,0,0,0,0,0,0,0,0,0,0,0,0,0,0,0,0,0,0,0,0,0,0,0,0,0,0,0,0,0,0,0,0,0,0,0,0,0,0,0,0,0,0,0,0,0,0,0,0,0,0,0,0,0,0,0,0,5,3,2,2,2,2,2,2,4,2,1,4,1,2,2,2,1,4,1,1,5,2,2,2,2,5,2,3,3,2,5,2,2,3,5,0,0,0,0,0,0,0,0,0,0,0,0,0,0,0,0,0,0,0,0,0,0,0,2,5,2,5,3,2,0,0,0,0,0,0,0,0,5,0,0,0,2,3,2,2,2,2,0,0,0,0,0,2,2,2,2,2,0,0,0,1,2,3,1,2,2,2,0,0,0,0,0,2,3,2,2,3,2,2,4,2,0,0,0,0,0,0,0,0,3,2,1,5,4,2,0,0,0,0,3,0,0,0,0,0,0,0,0,0,0,0,0,0,0,0,0,0,2,0,0,2,0,0,0,0,0,0,0,0,0,0,0,0,0,0,0,0,0,0,0,0,0,0,0,0,0,0,0,0,0,0,0,0,0,0,0,0,0,0,0,0,0,0,0,0,0,0,0,0,0,0,0,0,0,0,0,0,0,0,0,0,0,0,0,0,0,0,0,0,0,0,0,0,0,0,0,0,0,2,2,0,2,0,0,0,0,0,2,2,2,0,2,3,2,3,3,1,1,3,1,2,2,0,0,0,0,0,0,0,2,2,2,2,3,1,5,2,2,5,0,4,2,0,0,0,0,2,3,5,2,0,0,0,0,0,0,0,0,0,0,0,0,0,0,0,0,0,0,0,0,0,0,0,0,0,0,0,0,0,0,0,0,0,0,0,0,0,0,0,0,0,0,0,0,0,0,0,0,0,0,0,0,0,0,0,0,0,0,0,0,0,0,0,0,0,0,0,0,0,0,0,0,0,0,0,0,0,0,0,0,0,0,0,0,0,0,0,0,0,0,0,0,0,0,0,0,2,1,1,3,2,3,2,2,5,1,5,5,2,1,4,3,0,0,0,0,0,0,0,0,0,0,0,0,0,0,0,0,0,0,0,0,0,0,0,0,0,0,0,0,0,0,0,0,0,0,0,0,0,0,0,0,0,0,0,0,0,0,0,0,0,0,0,0,0,0,0,0,0,0,0,0,0,0,0,0,0,0,0,0,0,0,0,0,0,0,0,0,0,0,0,0,0,0,0,0,0,0,0,0,0,0,0,0,0,0,0,0,0,0,0,0,0,0,0,0,0,0,0,0,0,0,0,0,0,0,0,0,0,0,0,0,0,0,0,0,0,0,0,0,0,0,0,0,0,0,0,0,0,0,0,0,0,0,0,0,0,0,0,0,0,0,0,0,0,0,0,0,0,0,0,0,0,0,0,0,0,0,0,0,0,0,0,0,0,0,0,0,0,0,0,0,0,0,0,0,0,0,0,0,0,0,0,0,0,0,0,0,0,0,0,0,0,0,0,0,0,0,0,0,0,0,0,0,0,0,0,0,0,0,0,0,0,0,0,0,0,0,0,0,0,0,0,0,0,0,0,0,0,0,0,0,0,0,0,0,0,0,0,0,0,0,0,0,0,0,0,0,0,0,0,0,0,0,0,0,0,0,0,0,0,0,0,0,0,0,0,0,0,0,0,0,0,0,0,0,3,2,3,5,5,3,3,3,3,3,2,2,2,3,5,5,3,0,0,0,0,0,0,0,0,0,0,0,0,0,0,0,0,0,0,0,0,0,0,0,0,0,0,0,0,0,0,0,0,0,0,0,0,0,0,0,0,0,0,0,0,0,0,0,0,0,0,0,0,0,0,0,0,0,0,0,0,0,0,0,0,0,0,0,0,0,0,0,0,0,0,0,0,0,0,0,0,0,0,0,0,0,0,0,0,0,0,0,0,0,0,0,0,0,0,0,0,0,0,0,0,0,0,0,0,0,0,0,0,0,0,0,0,0,0,0,0,0,0,0,0,0,0,0,0,0,3,3,3,5,3,1,3,3,1,3,3,2,0,0,0,0,0,0,0,0,0,0,0,0,0,0,0,0,0,0,0,0,0,0,0,0,0,0,0,0,0,0,0,0,0,0,0,0,0,0,0,0,0,0,0,0,0,0,0,0,0,0,0,0,0,0,0,0,1.6688369512557983,-6.853531360626221,-4.529476165771484,6.619172096252441,3.6324071884155273,-17.9785099029541,-29.17388153076172,-5.109398365020752,23.709333419799805,-3.5967109203338623,4.237626552581787,20.33136367797852,0.2058372497558593,14.44207000732422,-30.64755630493164,0.069479689002037,22.40397071838379,-28.185283660888672,-30.968669891357425,35.849609375,7.69870662689209,16.36695671081543,54.92032623291016,15.59731388092041,-18.25365447998047,5.899169445037842,-17.842456817626953,-35.76078414916992,1.7594317197799685,-14.886445045471191,20.045312881469727,-10.056696891784668,-16.617679595947266,2.809987068176269,-2.2922956943511963,10.519969940185549,4.612051963806152,-3.185849905014038,19.85702514648437,20.66587257385254,2.7150158882141118,3.574857234954834,-4.762513637542725,-10.73866844177246,-24.763484954833984,20.30448341369629,11.250555038452148,39.21413040161133,-9.177014350891112,-0.1235238909721374,9.343031883239746,-24.90617561340332,0.3969244062900543,-18.372989654541016,-33.024147033691406,-22.5552978515625,-16.41714096069336,15.291780471801758,5.337888717651367,9.964902877807615,1.9517112970352173,-17.943819046020508,-17.812618255615234,14.099629402160645,-41.566497802734375,4.74925422668457,19.471189498901367,9.42513942718506,-17.47454833984375,-0.5719437003135681,-6.851691722869873,13.985618591308594,13.59228801727295,-30.30426597595215,0.2199577391147613,5.621182441711426,-26.14022254943848,0.5001006126403809,8.374260902404785,0.5966344475746155,18.78306770324707,0.4660906791687011,-9.047684669494627,-38.90937805175781,20.3977108001709,-13.881481170654297,-10.991397857666016,5.328332424163818,8.453182220458984,-2.662017583847046,5.396766662597656,14.188955307006836,13.944131851196287,5.379608631134033,7.504680633544922,-3.556715726852417,19.514108657836918,10.45907497406006,18.24595642089844,-9.468704223632812,-7.671924591064453,-20.6657657623291,-24.158565521240234,-12.136805534362791,11.90284538269043,-30.556554794311523,-15.029909133911133,11.989602088928224,7.704707145690918,-19.11054229736328,-19.63573455810547,15.660881042480469,7.854556083679199,-12.73060703277588,-5.379411220550537,-8.282744407653809,18.73883056640625,21.73237991333008,-3.311931848526001,5.215023040771484,-11.914142608642578,15.794967651367188,1.0079525709152222,32.84092712402344,-0.0753480195999145,-33.84477233886719,-28.84015274047852,4.503691673278809,-15.320941925048828,-0.3665168285369873,2.075662612915039,-4.589257717132568,14.01249885559082,39.248931884765625,6.0051589012146,31.629247665405277,-3.1553258895874023,-8.830155372619629,18.463354110717773,-13.411462783813477,23.347972869873047,-2.434931993484497,-10.49527359008789,-5.566635608673096,13.545392036437988,3.431607246398926,6.114315032958984,6.967161178588867,11.23888111114502,34.66900634765625,-3.0127010345458984,17.02781867980957,16.519140243530273,-22.95820426940918,-4.987314701080322,0.1612665355205536,-16.93655776977539,-3.067638635635376,-0.1161296814680099,-17.700027465820312,7.770677089691162,12.683424949645996,-11.920666694641112,6.657735347747803,16.990921020507812,-25.619792938232425,12.311654090881348,-8.55811882019043,2.295508623123169,16.4632511138916,-13.912015914916992,-20.86141014099121,34.46247863769531,-4.50295352935791,14.213700294494627,-4.67017936706543,14.194536209106444,-3.0932061672210693,-12.101350784301758,20.21581649780273,-12.527031898498535,23.86139297485352,-1.887234807014465,29.59894180297852,11.262484550476074,-9.442956924438477,2.8048770427703857,2.2583467960357666,-5.692792892456055,-19.18343544006348,3.2057223320007324,-7.241087436676025,-18.577049255371094,5.32299280166626,12.575521469116213,5.721282958984375,0.8224116563796997,-27.80118560791016,-8.771679878234863,-10.242642402648926,-0.8680223822593689,-6.459661483764648,8.277253150939941,-5.701379299163818,-2.3656458854675293,-5.689062595367432,32.03529739379883,27.914087295532227,26.114795684814453,-14.476759910583496,30.049760818481445,-0.3815212249755859,33.2518196105957,-15.821653366088867,11.614911079406738,-3.4216933250427246,11.783610343933104,10.643834114074709,-10.371688842773438,15.170223236083984,11.702263832092283,-20.74785041809082,-9.169245719909668,1.4987305402755735,7.491793632507324,-13.66331958770752,-3.392621755599976,-3.3044934272766118,11.555734634399414,-26.54100227355957,6.584615707397461,-3.797309637069702,-20.20145606994629,-23.506547927856445,4.770737171173096,-25.44271850585937,-5.2719550132751465,-8.245530128479004,-8.330496788024902,28.83696746826172,19.189882278442383,-27.202136993408203,20.42290496826172,-7.4148268699646,-3.8073580265045166,23.179630279541016,-41.73519515991211,-15.324776649475098,2.36614727973938,12.275148391723633,-46.0533332824707,11.24838638305664,10.80217170715332,-7.6955766677856445,-25.194355010986328,19.828481674194336,3.427250385284424,-16.889986038208008,32.53036117553711,-26.089506149291992,-8.2825927734375,7.031838417053223,3.1047253608703613,16.910768508911133,-3.731261730194092,-24.110570907592773,-9.392291069030762,2.884883165359497,5.776990413665772,-20.810447692871094,3.871840238571167,12.049217224121094,-13.324981689453123,2.540567636489868,-0.7104069590568542,-21.37660217285156,-10.225996971130373,-9.101548194885254,-11.249589920043944,19.67899703979492,-13.95635986328125,-18.807640075683597,-23.782615661621094,-14.26097583770752,-12.211553573608398,13.575516700744627,0.5211010575294495,-2.801855087280273,-11.735259056091309,-9.30836296081543,7.917614459991455,32.217918395996094,9.826299667358398,9.58104419708252,-29.396265029907227,-19.174095153808597,-16.08695411682129,-22.485795974731445,-42.56488037109375,-1.3759227991104126,1.0,0.01
OXYR_HUMAN,CHEMBL3353943,CCC(C)C1NC(=O)C(Cc2ccc(O)cc2)NC(=O)CCSSCC(C(=O)N(CCCO)CC(=O)NC(CC(C)C)C(=O)NCC(N)=O)NC(=O)C(CC(N)=O)NC(=O)C(CCC(N)=O)NC1=O,0,0,0,0,0,0,0,0,0,0,0,0,0,0,0,0,0,0,0,0,0,0,0,0,0,0,0,0,0,0,0,0,0,0,0,0,0,0,0,0,0,0,0,0,0,0,0,0,0,0,0,0,0,0,0,0,0,0,0,0,0,0,0,0,0,0,0,0,0,0,0,0,0,0,0,0,0,0,0,0,0,0,0,0,0,0,0,0,0,0,0,0,0,0,0,0,0,0,0,0,0,0,0,0,0,0,0,0,0,0,0,0,0,0,0,0,0,0,0,0,0,0,0,0,0,0,0,0,0,0,0,0,0,0,0,0,0,0,0,0,0,0,0,0,0,0,0,0,0,0,0,0,0,0,0,0,0,0,0,0,0,0,0,0,0,0,0,0,0,0,0,0,0,0,0,0,0,0,0,0,0,0,0,0,0,2,4,1,2,2,2,2,3,2,3,2,4,2,2,3,2,0,0,0,0,0,0,0,0,0,0,0,0,0,0,0,0,3,2,2,1,0,0,0,0,0,0,0,0,0,0,0,0,0,0,0,0,0,1,1,2,4,1,3,0,0,0,0,0,0,0,0,0,0,0,5,3,0,0,0,0,0,0,0,0,0,0,0,0,0,0,0,0,0,0,0,0,0,0,0,0,0,0,0,0,0,0,0,0,0,0,0,0,0,0,0,0,0,0,0,0,0,0,0,0,0,0,0,0,0,0,0,0,0,0,0,0,0,0,0,0,0,0,0,0,0,0,0,0,0,0,0,0,0,0,0,0,0,0,0,0,0,0,0,0,0,0,0,0,0,0,0,0,0,0,0,0,0,0,0,0,0,0,0,0,0,0,0,0,0,0,0,0,0,0,0,0,0,0,0,0,0,0,0,0,0,0,0,0,0,0,0,0,0,0,0,0,0,0,0,0,0,0,0,0,0,0,0,0,0,0,0,0,0,0,0,0,0,0,0,0,0,0,0,0,0,0,0,0,0,0,0,0,2,1,1,1,5,5,3,0,0,0,0,0,0,0,0,0,0,0,0,0,0,0,0,0,0,0,0,0,0,0,0,0,0,0,0,0,0,0,0,0,0,0,0,0,0,0,0,0,0,0,0,0,0,0,0,0,0,0,0,0,0,0,0,0,0,0,0,0,0,0,0,0,0,0,0,0,0,0,0,0,0,0,0,0,0,0,0,0,0,0,0,0,0,0,0,0,0,0,0,0,0,0,0,0,0,0,0,0,0,0,0,0,0,0,0,0,0,0,0,0,0,0,0,0,0,0,0,0,0,0,0,0,0,0,0,0,0,0,0,0,0,0,0,0,0,0,0,0,0,0,0,0,0,0,0,0,4,2,2,2,5,2,4,2,0,0,0,0,0,0,0,0,0,0,0,0,0,0,0,0,0,2,2,2,1,2,0,2,2,0,0,0,0,0,0,0,0,0,0,0,2,2,2,2,3,1,3,2,1,0,0,0,0,0,0,2,2,2,2,2,0,0,5,0,0,0,0,3,3,0,0,0,0,0,0,0,0,0,0,0,5,3,5,5,0,0,0,0,0,3,0,0,0,0,0,0,0,5,2,2,2,2,2,5,0,0,0,0,0,0,0,0,0,0,0,0,0,0,0,5,2,3,0,2,2,4,0,0,0,0,0,0,0,0,0,0,0,0,0,0,0,0,0,0,0,0,0,0,0,0,0,0,0,0,0,0,0,0,2,2,2,2,2,2,3,2,2,0,0,0,0,0,0,0,0,0,0,0,0,0,0,0,0,0,0,0,0,0,0,0,0,1,3,2,2,0,0,0,0,0,0,0,0,0,0,0,0,0,0,0,0,0,0,0,0,0,0,0,0,0,0,0,0,0,2,4,2,3,2,5,2,2,1,0,1,4,2,0,0,0,0,0,2,1,0,0,0,0,0,0,0,0,0,0,0,0,0,0,0,0,0,0,0,0,0,0,0,0,0,0,0,0,0,0,0,0,0,0,0,0,0,0,0,0,0,0,0,0,0,0,0,5,0,2,2,5,0,2,2,3,2,2,1,2,2,2,0,0,0,3,3,2,2,0,0,0,0,0,0,0,0,0,0,0,0,2,2,0,0,0,0,0,0,0,0,0,0,0,0,0,0,0,0,0,0,0,0,0,0,0,0,0,0,0,0,0,0,0,2,2,3,2,4,5,0,0,0,0,0,0,0,0,0,0,0,0,0,0,0,0,0,0,0,0,0,0,0,0,0,0,0,0,0,0,0,0,0,0,1,0,0,0,0,0,0,0,0,0,0,0,0,0,0,0,0,0,0,0,0,0,0,0,0,0,0,2,2,0,0,0,0,0,0,2,0,1,3,1,2,0,0,0,0,0,0,0,0,0,0,0,0,0,0,0,0,0,0,0,0,0,0,0,0,0,0,0,0,5,3,0,0,0,0,2,5,5,0,0,5,3,0,0,0,0,0,0,0,0,0,0,0,0,0,0,0,4,5,0,0,0,0,2,2,2,0,0,0,0,2,2,3,2,2,0,0,0,1,1,2,2,2,3,0,0,2,1,3,2,5,0,0,0,0,0,0,0,0,0,0,0,0,2,2,3,0,0,0,0,0,0,0,0,0,0,0,0,0,0,0,0,0,0,0,0,0,0,0,0,0,0,0,0,0,0,0,0,0,0,0,0,0,0,0,2,5,0,0,0,0,4,0,0,0,0,0,0,0,0,0,0,0,0,0,0,0,0,0,0,0,0,0,0,0,0,0,0,0,0,0,0,0,0,0,0,0,0,0,0,0,0,0,0,0,0,0,0,0,0,0,0,0,0,0,0,0,0,0,0,0,0,0,0,0,0,0,0,0,0,0,0,0,0,0,0,0,0,0,0,0,0,0,0,0,0,0,0,0,0,0,0,0,0,0,2,2,0,0,4,1,2,2,4,0,0,0,0,0,1,2,2,2,0,0,0,0,0,0,0,0,0,0,0,0,0,0,0,0,0,0,0,0,0,0,0,0,0,0,0,0,0,0,0,0,0,0,0,0,0,0,0,0,0,0,0,2,2,0,0,0,0,0,0,0,0,0,0,0,0,0,0,0,0,3,1,2,1,1,0,0,0,0,5,0,0,0,0,0,0,0,2,2,0,0,0,0,0,0,0,0,2,3,2,2,0,0,0,3,2,2,2,2,0,2,2,1,2,2,0,2,2,0,0,0,0,0,0,0,0,0,0,0,0,0,0,0,0,0,0,2,2,1,0,0,0,0,0,0,0,0,0,0,0,0,0,0,0,0,2,1,2,2,3,2,0,0,0,0,0,0,0,5,2,0,0,0,0,0,0,0,0,0,0,0,0,0,0,0,0,2,3,0,0,0,0,0,0,0,0,0,0,0,0,0,0,0,0,0,0,0,0,0,0,0,0,0,0,0,0,0,0,0,0,0,0,0,0,0,0,0,0,0,0,0,3,2,5,2,0,0,0,0,0,0,0,0,0,0,0,0,0,0,0,0,0,0,0,0,0,0,0,0,0,0,0,0,0,0,0,0,0,0,0,0,0,0,0,0,0,0,0,0,0,0,0,0,0,0,0,0,0,0,0,0,0,0,0,0,0,0,0,0,0,0,0,0,0,0,0,0,0,0,0,0,0,0,0,0,0,0,0,0,0,0,0,0,0,0,0,0,0,0,0,0,0,0,0,0,0,0,0,0,0,0,0,0,0,0,0,0,0,0,0,0,0,0,0,0,0,0,0,0,0,0,0,0,0,0,0,0,0,0,0,0,0,0,0,5,3,2,2,2,2,2,2,4,2,1,4,1,2,2,2,1,4,1,1,5,2,2,2,2,5,2,3,3,2,5,2,2,3,5,0,0,0,0,0,0,0,0,0,0,0,0,0,0,0,0,0,0,0,0,0,0,0,2,5,2,5,3,2,0,0,0,0,0,0,0,0,5,0,0,0,2,3,2,2,2,2,0,0,0,0,0,2,2,2,2,2,0,0,0,1,2,3,1,2,2,2,0,0,0,0,0,2,3,2,2,3,2,2,4,2,0,0,0,0,0,0,0,0,3,2,1,5,4,2,0,0,0,0,3,0,0,0,0,0,0,0,0,0,0,0,0,0,0,0,0,0,2,0,0,2,0,0,0,0,0,0,0,0,0,0,0,0,0,0,0,0,0,0,0,0,0,0,0,0,0,0,0,0,0,0,0,0,0,0,0,0,0,0,0,0,0,0,0,0,0,0,0,0,0,0,0,0,0,0,0,0,0,0,0,0,0,0,0,0,0,0,0,0,0,0,0,0,0,0,0,0,0,2,2,0,2,0,0,0,0,0,2,2,2,0,2,3,2,3,3,1,1,3,1,2,2,0,0,0,0,0,0,0,2,2,2,2,3,1,5,2,2,5,0,4,2,0,0,0,0,2,3,5,2,0,0,0,0,0,0,0,0,0,0,0,0,0,0,0,0,0,0,0,0,0,0,0,0,0,0,0,0,0,0,0,0,0,0,0,0,0,0,0,0,0,0,0,0,0,0,0,0,0,0,0,0,0,0,0,0,0,0,0,0,0,0,0,0,0,0,0,0,0,0,0,0,0,0,0,0,0,0,0,0,0,0,0,0,0,0,0,0,0,0,0,0,0,0,0,0,2,1,1,3,2,3,2,2,5,1,5,5,2,1,4,3,0,0,0,0,0,0,0,0,0,0,0,0,0,0,0,0,0,0,0,0,0,0,0,0,0,0,0,0,0,0,0,0,0,0,0,0,0,0,0,0,0,0,0,0,0,0,0,0,0,0,0,0,0,0,0,0,0,0,0,0,0,0,0,0,0,0,0,0,0,0,0,0,0,0,0,0,0,0,0,0,0,0,0,0,0,0,0,0,0,0,0,0,0,0,0,0,0,0,0,0,0,0,0,0,0,0,0,0,0,0,0,0,0,0,0,0,0,0,0,0,0,0,0,0,0,0,0,0,0,0,0,0,0,0,0,0,0,0,0,0,0,0,0,0,0,0,0,0,0,0,0,0,0,0,0,0,0,0,0,0,0,0,0,0,0,0,0,0,0,0,0,0,0,0,0,0,0,0,0,0,0,0,0,0,0,0,0,0,0,0,0,0,0,0,0,0,0,0,0,0,0,0,0,0,0,0,0,0,0,0,0,0,0,0,0,0,0,0,0,0,0,0,0,0,0,0,0,0,0,0,0,0,0,0,0,0,0,0,0,0,0,0,0,0,0,0,0,0,0,0,0,0,0,0,0,0,0,0,0,0,0,0,0,0,0,0,0,0,0,0,0,0,0,0,0,0,0,0,0,0,0,0,0,0,3,2,3,5,5,3,3,3,3,3,2,2,2,3,5,5,3,0,0,0,0,0,0,0,0,0,0,0,0,0,0,0,0,0,0,0,0,0,0,0,0,0,0,0,0,0,0,0,0,0,0,0,0,0,0,0,0,0,0,0,0,0,0,0,0,0,0,0,0,0,0,0,0,0,0,0,0,0,0,0,0,0,0,0,0,0,0,0,0,0,0,0,0,0,0,0,0,0,0,0,0,0,0,0,0,0,0,0,0,0,0,0,0,0,0,0,0,0,0,0,0,0,0,0,0,0,0,0,0,0,0,0,0,0,0,0,0,0,0,0,0,0,0,0,0,0,3,3,3,5,3,1,3,3,1,3,3,2,0,0,0,0,0,0,0,0,0,0,0,0,0,0,0,0,0,0,0,0,0,0,0,0,0,0,0,0,0,0,0,0,0,0,0,0,0,0,0,0,0,0,0,0,0,0,0,0,0,0,0,0,0,0,0,0,0.9365013837814332,-4.560086727142334,-4.423313140869141,4.742700576782227,6.971334457397461,-16.2587833404541,-30.151098251342773,-5.852437496185303,24.269533157348636,-5.710212230682373,2.9097516536712646,23.284698486328125,1.2442132234573364,14.226503372192385,-33.43330001831055,1.9792912006378172,23.625661849975582,-30.548376083374023,-30.15117073059082,35.06585693359375,7.171356201171875,16.694692611694336,58.1787338256836,15.730151176452637,-17.00783348083496,6.421239376068115,-17.448848724365234,-35.730003356933594,1.7309514284133911,-12.685619354248049,19.819921493530277,-10.043200492858888,-15.61313533782959,-0.8583401441574097,-3.160806894302368,8.917192459106445,3.422306060791016,-0.993180513381958,19.373748779296875,19.928564071655277,4.092024326324463,1.1456694602966309,-5.8023858070373535,-10.922913551330566,-26.925539016723636,18.500093460083008,11.85352897644043,41.47378540039063,-8.647706985473633,-0.255564272403717,9.828115463256836,-27.45391082763672,0.3055495321750641,-21.033802032470703,-32.97020721435547,-22.479248046875,-13.712218284606934,14.52561855316162,3.528519868850708,9.336841583251951,1.4466122388839722,-16.08765983581543,-16.883100509643555,13.732383728027344,-40.81763458251953,4.698057174682617,19.040876388549805,11.54811191558838,-20.63105773925781,-4.07304573059082,-6.847184658050537,12.248127937316896,14.791534423828123,-32.90253829956055,-3.532862663269043,5.9865007400512695,-27.0380916595459,1.949521780014038,8.204092025756836,0.6565987467765808,18.56303024291992,2.1438019275665283,-10.831539154052734,-40.57049179077149,16.469175338745117,-11.130313873291016,-9.586735725402832,5.070813655853272,8.191485404968262,-2.663796186447144,8.018879890441895,13.81352996826172,15.803607940673828,8.466056823730469,3.499025344848633,-5.381697654724121,20.45659828186035,7.355951309204102,17.490419387817383,-9.918331146240234,-6.125454902648926,-20.724082946777344,-25.27239990234375,-10.705095291137695,9.977996826171877,-31.56578254699707,-16.63939094543457,11.7314453125,7.62669563293457,-20.29935073852539,-20.727739334106445,16.45965003967285,10.06619644165039,-13.234599113464355,-3.077943801879883,-9.660667419433594,17.20524787902832,22.9034366607666,-2.742809534072876,6.310497283935547,-14.597318649291992,16.0941162109375,-2.4804837703704834,33.03300094604492,0.5348978042602539,-34.83426284790039,-32.105281829833984,3.6797242164611816,-14.03440284729004,1.6965384483337402,-0.2766171097755432,-3.7778453826904297,13.827192306518556,41.641231536865234,8.19959545135498,29.953702926635746,-1.789846420288086,-6.967586040496826,16.533273696899414,-12.650492668151855,25.439743041992188,-0.3965333104133606,-7.77053165435791,-3.4644291400909424,13.852225303649902,3.268239498138428,7.662996292114258,4.295275688171387,14.970953941345217,34.93695831298828,-2.8881425857543945,17.199628829956055,15.33571434020996,-23.31669044494629,-5.171883583068848,1.4340826272964478,-18.048263549804688,-5.210464000701904,1.333877682685852,-19.28999900817871,8.004918098449707,14.776062965393066,-12.200602531433104,6.586055278778076,16.7210750579834,-26.12447738647461,11.16635036468506,-10.72694969177246,4.585235118865967,17.923202514648438,-13.98545742034912,-19.11736488342285,35.30864334106445,-7.916536331176758,12.711482048034668,-2.436180830001831,12.744296073913574,-4.472352504730225,-14.562689781188965,22.30537796020508,-13.704587936401367,24.976259231567383,0.7215995788574219,28.9459228515625,10.243560791015623,-12.1842041015625,2.078758478164673,5.32921028137207,-7.599311351776123,-17.627883911132812,3.995416641235352,-8.20576286315918,-16.592763900756836,5.583076477050781,14.405960083007812,6.586547374725342,0.3613029718399048,-26.73966217041016,-8.374494552612305,-10.661225318908691,-0.4389670491218567,-7.2281904220581055,9.51246738433838,-5.416319847106934,-6.821057319641113,-6.071456432342529,33.393150329589844,26.98788452148437,27.315603256225582,-16.20832633972168,32.115482330322266,-1.518518328666687,32.73051834106445,-13.862686157226562,13.222784042358398,-0.3232845962047577,16.570449829101562,10.299063682556152,-10.834827423095703,15.549481391906738,10.211790084838867,-21.47076988220215,-10.160353660583496,1.8258029222488403,7.249116897583008,-12.9697847366333,-3.237419366836548,-0.7031760215759277,14.087032318115234,-26.988985061645508,6.247516632080078,-4.426776885986328,-21.911890029907227,-21.706748962402344,5.309591770172119,-27.294979095458984,-5.244901180267334,-9.063020706176758,-6.426061630249023,28.590057373046875,17.530553817749023,-29.887794494628903,18.81075668334961,-7.056006908416748,-3.758363962173462,23.391963958740234,-42.48180770874024,-15.758578300476074,3.520735502243042,12.55372714996338,-46.867435455322266,10.129189491271973,10.084925651550291,-7.095909595489502,-25.26533317565918,18.038352966308597,3.588122844696045,-17.76340675354004,31.832763671875,-26.499780654907227,-10.397886276245115,9.18642807006836,1.648687720298767,16.447425842285156,-4.024117946624756,-24.701265335083008,-12.436680793762209,-0.0181057974696159,7.597002983093262,-18.814355850219727,1.6079652309417725,11.795422554016112,-12.945697784423828,5.697165966033936,-0.6871129870414734,-21.960176467895508,-10.499653816223145,-10.543209075927734,-11.38818359375,21.29478454589844,-14.001191139221191,-17.322860717773438,-24.64204406738281,-13.436864852905272,-12.27519702911377,11.853854179382324,1.1832903623580933,0.2184945046901703,-10.720309257507324,-10.13496208190918,7.137150287628174,29.428905487060547,13.648143768310549,11.906949043273926,-28.632524490356445,-19.368465423583984,-14.777570724487305,-24.088254928588867,-42.55416870117188,-3.507284879684448,1.0,-0.3979400086720375
OXYR_HUMAN,CHEMBL2035010,Cc1ccccc1C(C(=O)NC(C)C)N1C(=O)C(C2Cc3ccccc3C2)NC(=O)C1CC(C)C,0,0,0,0,0,0,0,0,0,0,0,0,0,0,0,0,0,0,0,0,0,0,0,0,0,0,0,0,0,0,0,0,0,0,0,0,0,0,0,0,0,0,0,0,0,0,0,0,0,0,0,0,0,0,0,0,0,0,0,0,0,0,0,0,0,0,0,0,0,0,0,0,0,0,0,0,0,0,0,0,0,0,0,0,0,0,0,0,0,0,0,0,0,0,0,0,0,0,0,0,0,0,0,0,0,0,0,0,0,0,0,0,0,0,0,0,0,0,0,0,0,0,0,0,0,0,0,0,0,0,0,0,0,0,0,0,0,0,0,0,0,0,0,0,0,0,0,0,0,0,0,0,0,0,0,0,0,0,0,0,0,0,0,0,0,0,0,0,0,0,0,0,0,0,0,0,0,0,0,0,0,0,0,0,0,2,4,1,2,2,2,2,3,2,3,2,4,2,2,3,2,0,0,0,0,0,0,0,0,0,0,0,0,0,0,0,0,3,2,2,1,0,0,0,0,0,0,0,0,0,0,0,0,0,0,0,0,0,1,1,2,4,1,3,0,0,0,0,0,0,0,0,0,0,0,5,3,0,0,0,0,0,0,0,0,0,0,0,0,0,0,0,0,0,0,0,0,0,0,0,0,0,0,0,0,0,0,0,0,0,0,0,0,0,0,0,0,0,0,0,0,0,0,0,0,0,0,0,0,0,0,0,0,0,0,0,0,0,0,0,0,0,0,0,0,0,0,0,0,0,0,0,0,0,0,0,0,0,0,0,0,0,0,0,0,0,0,0,0,0,0,0,0,0,0,0,0,0,0,0,0,0,0,0,0,0,0,0,0,0,0,0,0,0,0,0,0,0,0,0,0,0,0,0,0,0,0,0,0,0,0,0,0,0,0,0,0,0,0,0,0,0,0,0,0,0,0,0,0,0,0,0,0,0,0,0,0,0,0,0,0,0,0,0,0,0,0,0,0,0,0,0,0,2,1,1,1,5,5,3,0,0,0,0,0,0,0,0,0,0,0,0,0,0,0,0,0,0,0,0,0,0,0,0,0,0,0,0,0,0,0,0,0,0,0,0,0,0,0,0,0,0,0,0,0,0,0,0,0,0,0,0,0,0,0,0,0,0,0,0,0,0,0,0,0,0,0,0,0,0,0,0,0,0,0,0,0,0,0,0,0,0,0,0,0,0,0,0,0,0,0,0,0,0,0,0,0,0,0,0,0,0,0,0,0,0,0,0,0,0,0,0,0,0,0,0,0,0,0,0,0,0,0,0,0,0,0,0,0,0,0,0,0,0,0,0,0,0,0,0,0,0,0,0,0,0,0,0,0,4,2,2,2,5,2,4,2,0,0,0,0,0,0,0,0,0,0,0,0,0,0,0,0,0,2,2,2,1,2,0,2,2,0,0,0,0,0,0,0,0,0,0,0,2,2,2,2,3,1,3,2,1,0,0,0,0,0,0,2,2,2,2,2,0,0,5,0,0,0,0,3,3,0,0,0,0,0,0,0,0,0,0,0,5,3,5,5,0,0,0,0,0,3,0,0,0,0,0,0,0,5,2,2,2,2,2,5,0,0,0,0,0,0,0,0,0,0,0,0,0,0,0,5,2,3,0,2,2,4,0,0,0,0,0,0,0,0,0,0,0,0,0,0,0,0,0,0,0,0,0,0,0,0,0,0,0,0,0,0,0,0,2,2,2,2,2,2,3,2,2,0,0,0,0,0,0,0,0,0,0,0,0,0,0,0,0,0,0,0,0,0,0,0,0,1,3,2,2,0,0,0,0,0,0,0,0,0,0,0,0,0,0,0,0,0,0,0,0,0,0,0,0,0,0,0,0,0,2,4,2,3,2,5,2,2,1,0,1,4,2,0,0,0,0,0,2,1,0,0,0,0,0,0,0,0,0,0,0,0,0,0,0,0,0,0,0,0,0,0,0,0,0,0,0,0,0,0,0,0,0,0,0,0,0,0,0,0,0,0,0,0,0,0,0,5,0,2,2,5,0,2,2,3,2,2,1,2,2,2,0,0,0,3,3,2,2,0,0,0,0,0,0,0,0,0,0,0,0,2,2,0,0,0,0,0,0,0,0,0,0,0,0,0,0,0,0,0,0,0,0,0,0,0,0,0,0,0,0,0,0,0,2,2,3,2,4,5,0,0,0,0,0,0,0,0,0,0,0,0,0,0,0,0,0,0,0,0,0,0,0,0,0,0,0,0,0,0,0,0,0,0,1,0,0,0,0,0,0,0,0,0,0,0,0,0,0,0,0,0,0,0,0,0,0,0,0,0,0,2,2,0,0,0,0,0,0,2,0,1,3,1,2,0,0,0,0,0,0,0,0,0,0,0,0,0,0,0,0,0,0,0,0,0,0,0,0,0,0,0,0,5,3,0,0,0,0,2,5,5,0,0,5,3,0,0,0,0,0,0,0,0,0,0,0,0,0,0,0,4,5,0,0,0,0,2,2,2,0,0,0,0,2,2,3,2,2,0,0,0,1,1,2,2,2,3,0,0,2,1,3,2,5,0,0,0,0,0,0,0,0,0,0,0,0,2,2,3,0,0,0,0,0,0,0,0,0,0,0,0,0,0,0,0,0,0,0,0,0,0,0,0,0,0,0,0,0,0,0,0,0,0,0,0,0,0,0,2,5,0,0,0,0,4,0,0,0,0,0,0,0,0,0,0,0,0,0,0,0,0,0,0,0,0,0,0,0,0,0,0,0,0,0,0,0,0,0,0,0,0,0,0,0,0,0,0,0,0,0,0,0,0,0,0,0,0,0,0,0,0,0,0,0,0,0,0,0,0,0,0,0,0,0,0,0,0,0,0,0,0,0,0,0,0,0,0,0,0,0,0,0,0,0,0,0,0,0,2,2,0,0,4,1,2,2,4,0,0,0,0,0,1,2,2,2,0,0,0,0,0,0,0,0,0,0,0,0,0,0,0,0,0,0,0,0,0,0,0,0,0,0,0,0,0,0,0,0,0,0,0,0,0,0,0,0,0,0,0,2,2,0,0,0,0,0,0,0,0,0,0,0,0,0,0,0,0,3,1,2,1,1,0,0,0,0,5,0,0,0,0,0,0,0,2,2,0,0,0,0,0,0,0,0,2,3,2,2,0,0,0,3,2,2,2,2,0,2,2,1,2,2,0,2,2,0,0,0,0,0,0,0,0,0,0,0,0,0,0,0,0,0,0,2,2,1,0,0,0,0,0,0,0,0,0,0,0,0,0,0,0,0,2,1,2,2,3,2,0,0,0,0,0,0,0,5,2,0,0,0,0,0,0,0,0,0,0,0,0,0,0,0,0,2,3,0,0,0,0,0,0,0,0,0,0,0,0,0,0,0,0,0,0,0,0,0,0,0,0,0,0,0,0,0,0,0,0,0,0,0,0,0,0,0,0,0,0,0,3,2,5,2,0,0,0,0,0,0,0,0,0,0,0,0,0,0,0,0,0,0,0,0,0,0,0,0,0,0,0,0,0,0,0,0,0,0,0,0,0,0,0,0,0,0,0,0,0,0,0,0,0,0,0,0,0,0,0,0,0,0,0,0,0,0,0,0,0,0,0,0,0,0,0,0,0,0,0,0,0,0,0,0,0,0,0,0,0,0,0,0,0,0,0,0,0,0,0,0,0,0,0,0,0,0,0,0,0,0,0,0,0,0,0,0,0,0,0,0,0,0,0,0,0,0,0,0,0,0,0,0,0,0,0,0,0,0,0,0,0,0,0,5,3,2,2,2,2,2,2,4,2,1,4,1,2,2,2,1,4,1,1,5,2,2,2,2,5,2,3,3,2,5,2,2,3,5,0,0,0,0,0,0,0,0,0,0,0,0,0,0,0,0,0,0,0,0,0,0,0,2,5,2,5,3,2,0,0,0,0,0,0,0,0,5,0,0,0,2,3,2,2,2,2,0,0,0,0,0,2,2,2,2,2,0,0,0,1,2,3,1,2,2,2,0,0,0,0,0,2,3,2,2,3,2,2,4,2,0,0,0,0,0,0,0,0,3,2,1,5,4,2,0,0,0,0,3,0,0,0,0,0,0,0,0,0,0,0,0,0,0,0,0,0,2,0,0,2,0,0,0,0,0,0,0,0,0,0,0,0,0,0,0,0,0,0,0,0,0,0,0,0,0,0,0,0,0,0,0,0,0,0,0,0,0,0,0,0,0,0,0,0,0,0,0,0,0,0,0,0,0,0,0,0,0,0,0,0,0,0,0,0,0,0,0,0,0,0,0,0,0,0,0,0,0,2,2,0,2,0,0,0,0,0,2,2,2,0,2,3,2,3,3,1,1,3,1,2,2,0,0,0,0,0,0,0,2,2,2,2,3,1,5,2,2,5,0,4,2,0,0,0,0,2,3,5,2,0,0,0,0,0,0,0,0,0,0,0,0,0,0,0,0,0,0,0,0,0,0,0,0,0,0,0,0,0,0,0,0,0,0,0,0,0,0,0,0,0,0,0,0,0,0,0,0,0,0,0,0,0,0,0,0,0,0,0,0,0,0,0,0,0,0,0,0,0,0,0,0,0,0,0,0,0,0,0,0,0,0,0,0,0,0,0,0,0,0,0,0,0,0,0,0,2,1,1,3,2,3,2,2,5,1,5,5,2,1,4,3,0,0,0,0,0,0,0,0,0,0,0,0,0,0,0,0,0,0,0,0,0,0,0,0,0,0,0,0,0,0,0,0,0,0,0,0,0,0,0,0,0,0,0,0,0,0,0,0,0,0,0,0,0,0,0,0,0,0,0,0,0,0,0,0,0,0,0,0,0,0,0,0,0,0,0,0,0,0,0,0,0,0,0,0,0,0,0,0,0,0,0,0,0,0,0,0,0,0,0,0,0,0,0,0,0,0,0,0,0,0,0,0,0,0,0,0,0,0,0,0,0,0,0,0,0,0,0,0,0,0,0,0,0,0,0,0,0,0,0,0,0,0,0,0,0,0,0,0,0,0,0,0,0,0,0,0,0,0,0,0,0,0,0,0,0,0,0,0,0,0,0,0,0,0,0,0,0,0,0,0,0,0,0,0,0,0,0,0,0,0,0,0,0,0,0,0,0,0,0,0,0,0,0,0,0,0,0,0,0,0,0,0,0,0,0,0,0,0,0,0,0,0,0,0,0,0,0,0,0,0,0,0,0,0,0,0,0,0,0,0,0,0,0,0,0,0,0,0,0,0,0,0,0,0,0,0,0,0,0,0,0,0,0,0,0,0,0,0,0,0,0,0,0,0,0,0,0,0,0,0,0,0,0,0,3,2,3,5,5,3,3,3,3,3,2,2,2,3,5,5,3,0,0,0,0,0,0,0,0,0,0,0,0,0,0,0,0,0,0,0,0,0,0,0,0,0,0,0,0,0,0,0,0,0,0,0,0,0,0,0,0,0,0,0,0,0,0,0,0,0,0,0,0,0,0,0,0,0,0,0,0,0,0,0,0,0,0,0,0,0,0,0,0,0,0,0,0,0,0,0,0,0,0,0,0,0,0,0,0,0,0,0,0,0,0,0,0,0,0,0,0,0,0,0,0,0,0,0,0,0,0,0,0,0,0,0,0,0,0,0,0,0,0,0,0,0,0,0,0,0,3,3,3,5,3,1,3,3,1,3,3,2,0,0,0,0,0,0,0,0,0,0,0,0,0,0,0,0,0,0,0,0,0,0,0,0,0,0,0,0,0,0,0,0,0,0,0,0,0,0,0,0,0,0,0,0,0,0,0,0,0,0,0,0,0,0,0,0,1.576991081237793,-4.576022148132324,-3.4484798908233643,7.227730751037598,0.9107635021209716,-3.752483129501343,-14.340822219848633,-1.7792696952819824,13.72291374206543,-0.8052636981010437,1.560102462768555,4.538179397583008,-3.7565178871154794,2.735326051712036,-10.12955379486084,-4.064699172973633,10.778820037841797,-7.446481227874756,-8.149052619934082,11.697980880737305,4.562063217163086,10.924260139465332,20.14146041870117,7.975514411926269,-9.174032211303713,5.43172025680542,-2.9192323684692383,-16.809682846069336,-0.5243062973022461,-3.7352545261383057,12.461398124694824,-7.111001968383789,-9.63363552093506,-3.175971984863281,2.2184383869171143,3.4468636512756348,4.140322685241699,-0.0022245366126298,11.79916286468506,4.999203681945801,-2.8265035152435303,-0.8001238703727722,-5.910455703735352,-5.0907883644104,-11.432245254516602,8.816871643066406,-1.2651209831237793,14.181159019470217,-5.96476411819458,-0.5198603868484497,4.240674018859863,-13.476054191589355,-1.341062068939209,-10.019888877868652,-11.857470512390137,-8.309470176696777,-7.0017924308776855,3.002851247787476,4.586522579193115,5.5264153480529785,1.7066823244094849,-7.62047004699707,-8.88725757598877,4.004905700683594,-20.27802276611328,2.5470080375671387,11.817716598510742,2.811406135559082,-7.303397178649902,2.149138927459717,-6.713039398193359,2.9576430320739746,8.158531188964844,-11.043842315673828,-3.3032989501953125,4.89992094039917,-11.45799446105957,0.3363828957080841,1.297534704208374,4.974123001098633,6.876031398773193,-0.6581793427467346,-3.810009479522705,-12.726223945617676,5.170903205871582,-2.2700324058532715,-10.95401096343994,3.38824462890625,4.883782863616943,-2.888451337814331,2.8237087726593018,7.324370861053467,4.114425182342529,3.859626293182373,7.857992172241211,-0.4797899425029754,10.555726051330566,4.472189903259277,11.893861770629885,-3.7218308448791504,-9.29271125793457,-12.244709014892578,-10.82303524017334,-13.718785285949709,6.565423011779785,-14.815107345581056,-5.267393112182617,8.093362808227539,3.922707080841065,-7.492197513580322,-15.257831573486328,5.391751289367676,6.82282018661499,-5.147976875305176,0.0999199301004409,-3.999756336212158,12.646770477294922,11.801671981811523,-1.5765931606292725,6.278043746948242,-8.404152870178223,3.251680850982666,-2.631990909576416,12.952670097351074,5.601580619812012,-17.57672119140625,-14.51168727874756,-2.8501951694488525,-7.126030445098877,-0.8567242622375488,-0.4209295213222503,1.583344578742981,10.825539588928224,18.414539337158203,0.2123021483421325,18.010276794433594,8.23695182800293,-3.4583089351654053,11.27055549621582,-6.742015838623047,11.02025318145752,-1.646503448486328,-5.400161743164063,-1.829002261161804,8.343634605407715,6.637617111206055,5.105898857116699,-0.779070258140564,4.164732933044434,12.417845726013184,2.752434253692627,4.167895317077637,9.722929000854492,-9.058488845825195,-0.4384933114051819,0.1010405719280242,-6.460906505584717,-4.8015851974487305,-0.4569728970527649,-6.668222904205322,-2.0704033374786377,0.4499157071113586,-4.736814975738525,1.5118706226348877,6.224688529968262,-12.314570426940918,2.7791547775268555,-1.4441378116607666,-0.4161783158779144,8.057096481323242,-8.278315544128418,-11.37367343902588,17.062326431274414,0.7245115637779236,2.725376844406128,-0.7918018102645874,5.712322235107422,-3.7165560722351074,-5.824751377105713,11.171401977539062,-4.539125442504883,10.27126121520996,-0.5425728559494019,15.385838508605955,6.996692657470703,-4.508321285247803,-0.5951790809631348,-0.6489913463592529,-4.048052310943604,-6.26850700378418,-0.4220646917819977,-0.7331987619400024,-5.575594425201416,-0.0683783143758773,3.8239240646362314,0.7070308327674866,-4.348723411560059,-15.995165824890137,-0.7946888208389282,-2.6783735752105717,-0.0190901160240173,0.5908225774765015,6.680872440338135,-2.8698883056640625,3.782986879348755,1.7294819355010986,14.945476531982422,9.793330192565918,9.985782623291016,-2.161573886871338,17.00973129272461,-2.514092206954956,12.02070426940918,-8.729944229125977,4.118956565856934,-3.061764717102051,5.7320637702941895,6.331445217132568,-8.025547981262207,4.590766906738281,5.68923807144165,-13.316082954406738,-6.607463359832764,1.4254693984985352,4.148074150085449,-7.987453460693359,-3.3319079875946045,-1.648545742034912,7.418776988983154,-12.015056610107422,2.05228853225708,-3.845050573348999,-7.632535457611084,-15.84958839416504,-2.293877124786377,-11.032297134399414,-2.083709478378296,-3.302208423614502,-4.700438976287842,13.337773323059082,7.51461935043335,-6.46064043045044,5.745994567871094,-1.3839786052703855,-2.574402093887329,8.216279029846191,-18.471576690673828,-8.04867172241211,-1.9702465534210205,-0.1405520141124725,-23.508516311645508,7.244099617004394,2.962620973587036,-1.2867904901504517,-13.806282043457031,5.0135040283203125,4.410014152526856,-8.7957181930542,13.41770076751709,-12.89667797088623,0.3025923669338226,6.305256366729736,-0.4175568222999573,10.08333683013916,0.3238928318023681,-9.850505828857422,-6.079187870025635,5.525798797607422,3.4175009727478027,-10.08349895477295,-2.021373748779297,9.444184303283691,-8.01927661895752,0.6839373111724854,1.2785325050354004,-7.688538551330566,-4.719235897064209,-3.921926021575928,-3.145932674407959,5.2625885009765625,-11.53074550628662,-8.710450172424316,-14.704977989196776,-11.560091018676758,-3.507731437683105,7.399380207061768,-2.0755455493927,-2.258284568786621,-9.856083869934082,-1.3991649150848389,0.93205326795578,14.84941864013672,7.66912317276001,1.368313193321228,-12.16202163696289,-6.963181972503662,-5.903706073760986,-7.270270824432373,-17.306264877319336,0.5816555619239807,-1.0,0.8976270912904415
OXYR_HUMAN,CHEMBL3354581,CCCCN(CC(=O)NC(CC(C)C)C(=O)NCC(N)=O)C(=O)C1CSCCCC(=O)NC(Cc2ccc(O)cc2)C(=O)NC(C(C)CC)C(=O)NC(CCC(N)=O)C(=O)NC(CC(N)=O)C(=O)N1,0,0,0,0,0,0,0,0,0,0,0,0,0,0,0,0,0,0,0,0,0,0,0,0,0,0,0,0,0,0,0,0,0,0,0,0,0,0,0,0,0,0,0,0,0,0,0,0,0,0,0,0,0,0,0,0,0,0,0,0,0,0,0,0,0,0,0,0,0,0,0,0,0,0,0,0,0,0,0,0,0,0,0,0,0,0,0,0,0,0,0,0,0,0,0,0,0,0,0,0,0,0,0,0,0,0,0,0,0,0,0,0,0,0,0,0,0,0,0,0,0,0,0,0,0,0,0,0,0,0,0,0,0,0,0,0,0,0,0,0,0,0,0,0,0,0,0,0,0,0,0,0,0,0,0,0,0,0,0,0,0,0,0,0,0,0,0,0,0,0,0,0,0,0,0,0,0,0,0,0,0,0,0,0,0,2,4,1,2,2,2,2,3,2,3,2,4,2,2,3,2,0,0,0,0,0,0,0,0,0,0,0,0,0,0,0,0,3,2,2,1,0,0,0,0,0,0,0,0,0,0,0,0,0,0,0,0,0,1,1,2,4,1,3,0,0,0,0,0,0,0,0,0,0,0,5,3,0,0,0,0,0,0,0,0,0,0,0,0,0,0,0,0,0,0,0,0,0,0,0,0,0,0,0,0,0,0,0,0,0,0,0,0,0,0,0,0,0,0,0,0,0,0,0,0,0,0,0,0,0,0,0,0,0,0,0,0,0,0,0,0,0,0,0,0,0,0,0,0,0,0,0,0,0,0,0,0,0,0,0,0,0,0,0,0,0,0,0,0,0,0,0,0,0,0,0,0,0,0,0,0,0,0,0,0,0,0,0,0,0,0,0,0,0,0,0,0,0,0,0,0,0,0,0,0,0,0,0,0,0,0,0,0,0,0,0,0,0,0,0,0,0,0,0,0,0,0,0,0,0,0,0,0,0,0,0,0,0,0,0,0,0,0,0,0,0,0,0,0,0,0,0,0,2,1,1,1,5,5,3,0,0,0,0,0,0,0,0,0,0,0,0,0,0,0,0,0,0,0,0,0,0,0,0,0,0,0,0,0,0,0,0,0,0,0,0,0,0,0,0,0,0,0,0,0,0,0,0,0,0,0,0,0,0,0,0,0,0,0,0,0,0,0,0,0,0,0,0,0,0,0,0,0,0,0,0,0,0,0,0,0,0,0,0,0,0,0,0,0,0,0,0,0,0,0,0,0,0,0,0,0,0,0,0,0,0,0,0,0,0,0,0,0,0,0,0,0,0,0,0,0,0,0,0,0,0,0,0,0,0,0,0,0,0,0,0,0,0,0,0,0,0,0,0,0,0,0,0,0,4,2,2,2,5,2,4,2,0,0,0,0,0,0,0,0,0,0,0,0,0,0,0,0,0,2,2,2,1,2,0,2,2,0,0,0,0,0,0,0,0,0,0,0,2,2,2,2,3,1,3,2,1,0,0,0,0,0,0,2,2,2,2,2,0,0,5,0,0,0,0,3,3,0,0,0,0,0,0,0,0,0,0,0,5,3,5,5,0,0,0,0,0,3,0,0,0,0,0,0,0,5,2,2,2,2,2,5,0,0,0,0,0,0,0,0,0,0,0,0,0,0,0,5,2,3,0,2,2,4,0,0,0,0,0,0,0,0,0,0,0,0,0,0,0,0,0,0,0,0,0,0,0,0,0,0,0,0,0,0,0,0,2,2,2,2,2,2,3,2,2,0,0,0,0,0,0,0,0,0,0,0,0,0,0,0,0,0,0,0,0,0,0,0,0,1,3,2,2,0,0,0,0,0,0,0,0,0,0,0,0,0,0,0,0,0,0,0,0,0,0,0,0,0,0,0,0,0,2,4,2,3,2,5,2,2,1,0,1,4,2,0,0,0,0,0,2,1,0,0,0,0,0,0,0,0,0,0,0,0,0,0,0,0,0,0,0,0,0,0,0,0,0,0,0,0,0,0,0,0,0,0,0,0,0,0,0,0,0,0,0,0,0,0,0,5,0,2,2,5,0,2,2,3,2,2,1,2,2,2,0,0,0,3,3,2,2,0,0,0,0,0,0,0,0,0,0,0,0,2,2,0,0,0,0,0,0,0,0,0,0,0,0,0,0,0,0,0,0,0,0,0,0,0,0,0,0,0,0,0,0,0,2,2,3,2,4,5,0,0,0,0,0,0,0,0,0,0,0,0,0,0,0,0,0,0,0,0,0,0,0,0,0,0,0,0,0,0,0,0,0,0,1,0,0,0,0,0,0,0,0,0,0,0,0,0,0,0,0,0,0,0,0,0,0,0,0,0,0,2,2,0,0,0,0,0,0,2,0,1,3,1,2,0,0,0,0,0,0,0,0,0,0,0,0,0,0,0,0,0,0,0,0,0,0,0,0,0,0,0,0,5,3,0,0,0,0,2,5,5,0,0,5,3,0,0,0,0,0,0,0,0,0,0,0,0,0,0,0,4,5,0,0,0,0,2,2,2,0,0,0,0,2,2,3,2,2,0,0,0,1,1,2,2,2,3,0,0,2,1,3,2,5,0,0,0,0,0,0,0,0,0,0,0,0,2,2,3,0,0,0,0,0,0,0,0,0,0,0,0,0,0,0,0,0,0,0,0,0,0,0,0,0,0,0,0,0,0,0,0,0,0,0,0,0,0,0,2,5,0,0,0,0,4,0,0,0,0,0,0,0,0,0,0,0,0,0,0,0,0,0,0,0,0,0,0,0,0,0,0,0,0,0,0,0,0,0,0,0,0,0,0,0,0,0,0,0,0,0,0,0,0,0,0,0,0,0,0,0,0,0,0,0,0,0,0,0,0,0,0,0,0,0,0,0,0,0,0,0,0,0,0,0,0,0,0,0,0,0,0,0,0,0,0,0,0,0,2,2,0,0,4,1,2,2,4,0,0,0,0,0,1,2,2,2,0,0,0,0,0,0,0,0,0,0,0,0,0,0,0,0,0,0,0,0,0,0,0,0,0,0,0,0,0,0,0,0,0,0,0,0,0,0,0,0,0,0,0,2,2,0,0,0,0,0,0,0,0,0,0,0,0,0,0,0,0,3,1,2,1,1,0,0,0,0,5,0,0,0,0,0,0,0,2,2,0,0,0,0,0,0,0,0,2,3,2,2,0,0,0,3,2,2,2,2,0,2,2,1,2,2,0,2,2,0,0,0,0,0,0,0,0,0,0,0,0,0,0,0,0,0,0,2,2,1,0,0,0,0,0,0,0,0,0,0,0,0,0,0,0,0,2,1,2,2,3,2,0,0,0,0,0,0,0,5,2,0,0,0,0,0,0,0,0,0,0,0,0,0,0,0,0,2,3,0,0,0,0,0,0,0,0,0,0,0,0,0,0,0,0,0,0,0,0,0,0,0,0,0,0,0,0,0,0,0,0,0,0,0,0,0,0,0,0,0,0,0,3,2,5,2,0,0,0,0,0,0,0,0,0,0,0,0,0,0,0,0,0,0,0,0,0,0,0,0,0,0,0,0,0,0,0,0,0,0,0,0,0,0,0,0,0,0,0,0,0,0,0,0,0,0,0,0,0,0,0,0,0,0,0,0,0,0,0,0,0,0,0,0,0,0,0,0,0,0,0,0,0,0,0,0,0,0,0,0,0,0,0,0,0,0,0,0,0,0,0,0,0,0,0,0,0,0,0,0,0,0,0,0,0,0,0,0,0,0,0,0,0,0,0,0,0,0,0,0,0,0,0,0,0,0,0,0,0,0,0,0,0,0,0,5,3,2,2,2,2,2,2,4,2,1,4,1,2,2,2,1,4,1,1,5,2,2,2,2,5,2,3,3,2,5,2,2,3,5,0,0,0,0,0,0,0,0,0,0,0,0,0,0,0,0,0,0,0,0,0,0,0,2,5,2,5,3,2,0,0,0,0,0,0,0,0,5,0,0,0,2,3,2,2,2,2,0,0,0,0,0,2,2,2,2,2,0,0,0,1,2,3,1,2,2,2,0,0,0,0,0,2,3,2,2,3,2,2,4,2,0,0,0,0,0,0,0,0,3,2,1,5,4,2,0,0,0,0,3,0,0,0,0,0,0,0,0,0,0,0,0,0,0,0,0,0,2,0,0,2,0,0,0,0,0,0,0,0,0,0,0,0,0,0,0,0,0,0,0,0,0,0,0,0,0,0,0,0,0,0,0,0,0,0,0,0,0,0,0,0,0,0,0,0,0,0,0,0,0,0,0,0,0,0,0,0,0,0,0,0,0,0,0,0,0,0,0,0,0,0,0,0,0,0,0,0,0,2,2,0,2,0,0,0,0,0,2,2,2,0,2,3,2,3,3,1,1,3,1,2,2,0,0,0,0,0,0,0,2,2,2,2,3,1,5,2,2,5,0,4,2,0,0,0,0,2,3,5,2,0,0,0,0,0,0,0,0,0,0,0,0,0,0,0,0,0,0,0,0,0,0,0,0,0,0,0,0,0,0,0,0,0,0,0,0,0,0,0,0,0,0,0,0,0,0,0,0,0,0,0,0,0,0,0,0,0,0,0,0,0,0,0,0,0,0,0,0,0,0,0,0,0,0,0,0,0,0,0,0,0,0,0,0,0,0,0,0,0,0,0,0,0,0,0,0,2,1,1,3,2,3,2,2,5,1,5,5,2,1,4,3,0,0,0,0,0,0,0,0,0,0,0,0,0,0,0,0,0,0,0,0,0,0,0,0,0,0,0,0,0,0,0,0,0,0,0,0,0,0,0,0,0,0,0,0,0,0,0,0,0,0,0,0,0,0,0,0,0,0,0,0,0,0,0,0,0,0,0,0,0,0,0,0,0,0,0,0,0,0,0,0,0,0,0,0,0,0,0,0,0,0,0,0,0,0,0,0,0,0,0,0,0,0,0,0,0,0,0,0,0,0,0,0,0,0,0,0,0,0,0,0,0,0,0,0,0,0,0,0,0,0,0,0,0,0,0,0,0,0,0,0,0,0,0,0,0,0,0,0,0,0,0,0,0,0,0,0,0,0,0,0,0,0,0,0,0,0,0,0,0,0,0,0,0,0,0,0,0,0,0,0,0,0,0,0,0,0,0,0,0,0,0,0,0,0,0,0,0,0,0,0,0,0,0,0,0,0,0,0,0,0,0,0,0,0,0,0,0,0,0,0,0,0,0,0,0,0,0,0,0,0,0,0,0,0,0,0,0,0,0,0,0,0,0,0,0,0,0,0,0,0,0,0,0,0,0,0,0,0,0,0,0,0,0,0,0,0,0,0,0,0,0,0,0,0,0,0,0,0,0,0,0,0,0,0,3,2,3,5,5,3,3,3,3,3,2,2,2,3,5,5,3,0,0,0,0,0,0,0,0,0,0,0,0,0,0,0,0,0,0,0,0,0,0,0,0,0,0,0,0,0,0,0,0,0,0,0,0,0,0,0,0,0,0,0,0,0,0,0,0,0,0,0,0,0,0,0,0,0,0,0,0,0,0,0,0,0,0,0,0,0,0,0,0,0,0,0,0,0,0,0,0,0,0,0,0,0,0,0,0,0,0,0,0,0,0,0,0,0,0,0,0,0,0,0,0,0,0,0,0,0,0,0,0,0,0,0,0,0,0,0,0,0,0,0,0,0,0,0,0,0,3,3,3,5,3,1,3,3,1,3,3,2,0,0,0,0,0,0,0,0,0,0,0,0,0,0,0,0,0,0,0,0,0,0,0,0,0,0,0,0,0,0,0,0,0,0,0,0,0,0,0,0,0,0,0,0,0,0,0,0,0,0,0,0,0,0,0,0,0.6427781581878662,-4.526605129241943,-4.981345653533936,4.832544326782227,6.799715042114258,-15.672130584716797,-29.748592376708984,-6.033713340759277,24.81100845336914,-5.468844890594482,3.090113878250122,21.528209686279297,0.4348819255828857,14.55739688873291,-32.91331481933594,0.0151134729385375,24.63605499267578,-29.089818954467773,-29.029327392578125,34.28066635131836,6.05244255065918,16.71015167236328,57.32988739013672,17.35425567626953,-16.47537612915039,5.827662944793701,-16.77448844909668,-36.87776947021485,2.8887746334075928,-12.69802188873291,18.93707275390625,-8.702350616455078,-15.519977569580078,-1.6793313026428225,-2.589498281478882,8.29548454284668,2.7739415168762207,-1.1401091814041138,19.673259735107425,19.526765823364254,2.635265350341797,1.3584377765655518,-5.0557861328125,-12.199694633483888,-26.04659080505371,17.88123893737793,11.73241901397705,39.85538482666016,-8.78671932220459,1.5817592144012451,9.906564712524414,-26.794652938842773,1.3971987962722778,-21.06367874145508,-33.00625228881836,-23.02068328857422,-12.680364608764648,13.831851959228516,3.8801848888397217,8.367260932922363,1.3959479331970217,-15.438237190246582,-17.113439559936523,11.887033462524414,-41.45155334472656,2.576608896255493,18.83973693847656,10.293228149414062,-19.70136070251465,-3.249370813369751,-6.704670906066895,10.77680492401123,14.66884422302246,-31.56973648071289,-4.9423909187316895,5.962180614471436,-28.728899002075195,1.8829922676086424,7.64619255065918,1.392635941505432,19.435909271240234,1.2288126945495603,-9.4979248046875,-39.69049072265625,15.753791809082031,-10.03824520111084,-11.47169589996338,4.475745677947998,6.770190715789795,-1.8334898948669436,9.06956386566162,14.234206199645996,15.870590209960938,9.074183464050291,3.546900987625122,-4.4134840965271,20.67068672180176,8.258133888244629,17.65845489501953,-8.776265144348145,-7.788138389587402,-20.05841445922852,-25.28706741333008,-12.373441696166992,10.923514366149902,-31.095781326293945,-17.000513076782227,11.909723281860352,7.300175666809082,-19.59698486328125,-20.86436080932617,16.674480438232422,11.88530158996582,-13.833433151245115,-1.92402982711792,-10.23700714111328,16.706064224243164,22.45173454284668,-2.4721028804779053,6.9579901695251465,-14.744606018066406,14.136459350585938,-2.664649248123169,32.00856399536133,0.5206940174102783,-35.54121398925781,-31.535888671875,3.111711978912353,-14.96619701385498,1.4760347604751587,-0.3289478421211242,-3.667412042617798,13.82795524597168,40.742462158203125,7.042945861816406,30.66277503967285,-2.6795520782470703,-8.138225555419922,17.60474967956543,-12.915285110473633,25.8839168548584,0.2793080508708954,-8.030230522155762,-2.742482185363769,15.977843284606934,4.163907051086426,7.874303340911865,6.270928382873535,14.57456111907959,33.44970703125,-3.669687986373901,17.389755249023438,15.451375961303713,-23.293556213378903,-4.790186882019043,0.95444256067276,-17.116336822509766,-5.772003650665283,0.5670448541641235,-19.2681827545166,6.364221572875977,14.760103225708008,-11.7739839553833,6.8708577156066895,16.174287796020508,-24.14307403564453,10.889232635498049,-9.806188583374023,4.617809295654297,18.7501220703125,-14.01927661895752,-19.8576774597168,36.51079559326172,-8.156607627868652,12.156206130981444,-2.190580368041992,12.5125732421875,-5.424115180969238,-14.549219131469728,22.81375312805176,-14.7487154006958,24.958480834960938,0.8308756947517395,29.64911651611328,9.795825958251951,-12.267362594604492,3.485511779785156,4.220449924468994,-7.496301174163818,-16.452590942382812,3.878098249435425,-8.081984519958496,-17.14525604248047,4.267968654632568,12.180750846862791,7.5181121826171875,-0.1131644546985626,-25.32291030883789,-7.929140090942383,-9.563482284545898,-0.0380194783210754,-6.580602645874023,10.891901969909668,-6.629983425140381,-6.882176399230957,-4.750094413757324,32.74995422363281,26.762859344482425,26.295658111572266,-16.478862762451172,33.23493957519531,-2.663069009780884,33.96475982666016,-13.375128746032717,13.946510314941406,-0.1624045372009277,16.719343185424805,10.053780555725098,-11.043224334716797,15.57615566253662,10.98924160003662,-20.21611976623535,-10.217178344726562,1.875777125358581,7.184751987457275,-13.4157075881958,-3.1073479652404785,-1.0775543451309204,14.918045997619627,-26.58010482788086,5.814794540405273,-3.8758840560913086,-20.92004776000977,-23.406232833862305,4.317458152770996,-26.33449363708496,-6.201148509979248,-8.853654861450195,-7.083859443664551,29.116050720214844,16.17654800415039,-27.685302734375,18.78344345092773,-6.495545387268066,-3.247620105743408,23.235841751098636,-42.58113479614258,-14.476103782653809,1.8402169942855835,11.49893569946289,-46.111236572265625,9.52248191833496,10.226221084594728,-7.726495742797852,-24.38650131225586,16.287202835083008,3.021600246429444,-17.766931533813477,32.22248458862305,-26.52959251403809,-11.064448356628418,10.253021240234377,1.46365487575531,17.753400802612305,-4.462150096893311,-24.07662010192871,-12.95266819000244,1.2269957065582275,7.558977127075195,-19.90428924560547,0.5912700891494751,11.079751014709473,-14.01241683959961,5.1780266761779785,-0.8029397130012512,-21.066375732421875,-9.392630577087402,-9.577974319458008,-11.552778244018556,20.29410552978516,-13.949824333190918,-16.530242919921875,-25.0296630859375,-14.631163597106934,-10.919326782226562,11.915850639343262,1.6543956995010376,-0.6059995889663696,-11.198531150817873,-10.21923828125,7.112783908843994,30.07723045349121,14.25582504272461,11.936723709106444,-27.39756393432617,-18.78218078613281,-14.232423782348633,-23.536725997924805,-41.79689025878906,-4.3024187088012695,1.0,-0.9999999999999998
OXYR_HUMAN,CHEMBL2113194,CCOc1ccc(S(=O)(=O)N(c2ccc(C)cc2)C(C)C(=O)NNC2=c3ccccc3=NC2=O)cc1,0,0,0,0,0,0,0,0,0,0,0,0,0,0,0,0,0,0,0,0,0,0,0,0,0,0,0,0,0,0,0,0,0,0,0,0,0,0,0,0,0,0,0,0,0,0,0,0,0,0,0,0,0,0,0,0,0,0,0,0,0,0,0,0,0,0,0,0,0,0,0,0,0,0,0,0,0,0,0,0,0,0,0,0,0,0,0,0,0,0,0,0,0,0,0,0,0,0,0,0,0,0,0,0,0,0,0,0,0,0,0,0,0,0,0,0,0,0,0,0,0,0,0,0,0,0,0,0,0,0,0,0,0,0,0,0,0,0,0,0,0,0,0,0,0,0,0,0,0,0,0,0,0,0,0,0,0,0,0,0,0,0,0,0,0,0,0,0,0,0,0,0,0,0,0,0,0,0,0,0,0,0,0,0,0,2,4,1,2,2,2,2,3,2,3,2,4,2,2,3,2,0,0,0,0,0,0,0,0,0,0,0,0,0,0,0,0,3,2,2,1,0,0,0,0,0,0,0,0,0,0,0,0,0,0,0,0,0,1,1,2,4,1,3,0,0,0,0,0,0,0,0,0,0,0,5,3,0,0,0,0,0,0,0,0,0,0,0,0,0,0,0,0,0,0,0,0,0,0,0,0,0,0,0,0,0,0,0,0,0,0,0,0,0,0,0,0,0,0,0,0,0,0,0,0,0,0,0,0,0,0,0,0,0,0,0,0,0,0,0,0,0,0,0,0,0,0,0,0,0,0,0,0,0,0,0,0,0,0,0,0,0,0,0,0,0,0,0,0,0,0,0,0,0,0,0,0,0,0,0,0,0,0,0,0,0,0,0,0,0,0,0,0,0,0,0,0,0,0,0,0,0,0,0,0,0,0,0,0,0,0,0,0,0,0,0,0,0,0,0,0,0,0,0,0,0,0,0,0,0,0,0,0,0,0,0,0,0,0,0,0,0,0,0,0,0,0,0,0,0,0,0,0,2,1,1,1,5,5,3,0,0,0,0,0,0,0,0,0,0,0,0,0,0,0,0,0,0,0,0,0,0,0,0,0,0,0,0,0,0,0,0,0,0,0,0,0,0,0,0,0,0,0,0,0,0,0,0,0,0,0,0,0,0,0,0,0,0,0,0,0,0,0,0,0,0,0,0,0,0,0,0,0,0,0,0,0,0,0,0,0,0,0,0,0,0,0,0,0,0,0,0,0,0,0,0,0,0,0,0,0,0,0,0,0,0,0,0,0,0,0,0,0,0,0,0,0,0,0,0,0,0,0,0,0,0,0,0,0,0,0,0,0,0,0,0,0,0,0,0,0,0,0,0,0,0,0,0,0,4,2,2,2,5,2,4,2,0,0,0,0,0,0,0,0,0,0,0,0,0,0,0,0,0,2,2,2,1,2,0,2,2,0,0,0,0,0,0,0,0,0,0,0,2,2,2,2,3,1,3,2,1,0,0,0,0,0,0,2,2,2,2,2,0,0,5,0,0,0,0,3,3,0,0,0,0,0,0,0,0,0,0,0,5,3,5,5,0,0,0,0,0,3,0,0,0,0,0,0,0,5,2,2,2,2,2,5,0,0,0,0,0,0,0,0,0,0,0,0,0,0,0,5,2,3,0,2,2,4,0,0,0,0,0,0,0,0,0,0,0,0,0,0,0,0,0,0,0,0,0,0,0,0,0,0,0,0,0,0,0,0,2,2,2,2,2,2,3,2,2,0,0,0,0,0,0,0,0,0,0,0,0,0,0,0,0,0,0,0,0,0,0,0,0,1,3,2,2,0,0,0,0,0,0,0,0,0,0,0,0,0,0,0,0,0,0,0,0,0,0,0,0,0,0,0,0,0,2,4,2,3,2,5,2,2,1,0,1,4,2,0,0,0,0,0,2,1,0,0,0,0,0,0,0,0,0,0,0,0,0,0,0,0,0,0,0,0,0,0,0,0,0,0,0,0,0,0,0,0,0,0,0,0,0,0,0,0,0,0,0,0,0,0,0,5,0,2,2,5,0,2,2,3,2,2,1,2,2,2,0,0,0,3,3,2,2,0,0,0,0,0,0,0,0,0,0,0,0,2,2,0,0,0,0,0,0,0,0,0,0,0,0,0,0,0,0,0,0,0,0,0,0,0,0,0,0,0,0,0,0,0,2,2,3,2,4,5,0,0,0,0,0,0,0,0,0,0,0,0,0,0,0,0,0,0,0,0,0,0,0,0,0,0,0,0,0,0,0,0,0,0,1,0,0,0,0,0,0,0,0,0,0,0,0,0,0,0,0,0,0,0,0,0,0,0,0,0,0,2,2,0,0,0,0,0,0,2,0,1,3,1,2,0,0,0,0,0,0,0,0,0,0,0,0,0,0,0,0,0,0,0,0,0,0,0,0,0,0,0,0,5,3,0,0,0,0,2,5,5,0,0,5,3,0,0,0,0,0,0,0,0,0,0,0,0,0,0,0,4,5,0,0,0,0,2,2,2,0,0,0,0,2,2,3,2,2,0,0,0,1,1,2,2,2,3,0,0,2,1,3,2,5,0,0,0,0,0,0,0,0,0,0,0,0,2,2,3,0,0,0,0,0,0,0,0,0,0,0,0,0,0,0,0,0,0,0,0,0,0,0,0,0,0,0,0,0,0,0,0,0,0,0,0,0,0,0,2,5,0,0,0,0,4,0,0,0,0,0,0,0,0,0,0,0,0,0,0,0,0,0,0,0,0,0,0,0,0,0,0,0,0,0,0,0,0,0,0,0,0,0,0,0,0,0,0,0,0,0,0,0,0,0,0,0,0,0,0,0,0,0,0,0,0,0,0,0,0,0,0,0,0,0,0,0,0,0,0,0,0,0,0,0,0,0,0,0,0,0,0,0,0,0,0,0,0,0,2,2,0,0,4,1,2,2,4,0,0,0,0,0,1,2,2,2,0,0,0,0,0,0,0,0,0,0,0,0,0,0,0,0,0,0,0,0,0,0,0,0,0,0,0,0,0,0,0,0,0,0,0,0,0,0,0,0,0,0,0,2,2,0,0,0,0,0,0,0,0,0,0,0,0,0,0,0,0,3,1,2,1,1,0,0,0,0,5,0,0,0,0,0,0,0,2,2,0,0,0,0,0,0,0,0,2,3,2,2,0,0,0,3,2,2,2,2,0,2,2,1,2,2,0,2,2,0,0,0,0,0,0,0,0,0,0,0,0,0,0,0,0,0,0,2,2,1,0,0,0,0,0,0,0,0,0,0,0,0,0,0,0,0,2,1,2,2,3,2,0,0,0,0,0,0,0,5,2,0,0,0,0,0,0,0,0,0,0,0,0,0,0,0,0,2,3,0,0,0,0,0,0,0,0,0,0,0,0,0,0,0,0,0,0,0,0,0,0,0,0,0,0,0,0,0,0,0,0,0,0,0,0,0,0,0,0,0,0,0,3,2,5,2,0,0,0,0,0,0,0,0,0,0,0,0,0,0,0,0,0,0,0,0,0,0,0,0,0,0,0,0,0,0,0,0,0,0,0,0,0,0,0,0,0,0,0,0,0,0,0,0,0,0,0,0,0,0,0,0,0,0,0,0,0,0,0,0,0,0,0,0,0,0,0,0,0,0,0,0,0,0,0,0,0,0,0,0,0,0,0,0,0,0,0,0,0,0,0,0,0,0,0,0,0,0,0,0,0,0,0,0,0,0,0,0,0,0,0,0,0,0,0,0,0,0,0,0,0,0,0,0,0,0,0,0,0,0,0,0,0,0,0,5,3,2,2,2,2,2,2,4,2,1,4,1,2,2,2,1,4,1,1,5,2,2,2,2,5,2,3,3,2,5,2,2,3,5,0,0,0,0,0,0,0,0,0,0,0,0,0,0,0,0,0,0,0,0,0,0,0,2,5,2,5,3,2,0,0,0,0,0,0,0,0,5,0,0,0,2,3,2,2,2,2,0,0,0,0,0,2,2,2,2,2,0,0,0,1,2,3,1,2,2,2,0,0,0,0,0,2,3,2,2,3,2,2,4,2,0,0,0,0,0,0,0,0,3,2,1,5,4,2,0,0,0,0,3,0,0,0,0,0,0,0,0,0,0,0,0,0,0,0,0,0,2,0,0,2,0,0,0,0,0,0,0,0,0,0,0,0,0,0,0,0,0,0,0,0,0,0,0,0,0,0,0,0,0,0,0,0,0,0,0,0,0,0,0,0,0,0,0,0,0,0,0,0,0,0,0,0,0,0,0,0,0,0,0,0,0,0,0,0,0,0,0,0,0,0,0,0,0,0,0,0,0,2,2,0,2,0,0,0,0,0,2,2,2,0,2,3,2,3,3,1,1,3,1,2,2,0,0,0,0,0,0,0,2,2,2,2,3,1,5,2,2,5,0,4,2,0,0,0,0,2,3,5,2,0,0,0,0,0,0,0,0,0,0,0,0,0,0,0,0,0,0,0,0,0,0,0,0,0,0,0,0,0,0,0,0,0,0,0,0,0,0,0,0,0,0,0,0,0,0,0,0,0,0,0,0,0,0,0,0,0,0,0,0,0,0,0,0,0,0,0,0,0,0,0,0,0,0,0,0,0,0,0,0,0,0,0,0,0,0,0,0,0,0,0,0,0,0,0,0,2,1,1,3,2,3,2,2,5,1,5,5,2,1,4,3,0,0,0,0,0,0,0,0,0,0,0,0,0,0,0,0,0,0,0,0,0,0,0,0,0,0,0,0,0,0,0,0,0,0,0,0,0,0,0,0,0,0,0,0,0,0,0,0,0,0,0,0,0,0,0,0,0,0,0,0,0,0,0,0,0,0,0,0,0,0,0,0,0,0,0,0,0,0,0,0,0,0,0,0,0,0,0,0,0,0,0,0,0,0,0,0,0,0,0,0,0,0,0,0,0,0,0,0,0,0,0,0,0,0,0,0,0,0,0,0,0,0,0,0,0,0,0,0,0,0,0,0,0,0,0,0,0,0,0,0,0,0,0,0,0,0,0,0,0,0,0,0,0,0,0,0,0,0,0,0,0,0,0,0,0,0,0,0,0,0,0,0,0,0,0,0,0,0,0,0,0,0,0,0,0,0,0,0,0,0,0,0,0,0,0,0,0,0,0,0,0,0,0,0,0,0,0,0,0,0,0,0,0,0,0,0,0,0,0,0,0,0,0,0,0,0,0,0,0,0,0,0,0,0,0,0,0,0,0,0,0,0,0,0,0,0,0,0,0,0,0,0,0,0,0,0,0,0,0,0,0,0,0,0,0,0,0,0,0,0,0,0,0,0,0,0,0,0,0,0,0,0,0,0,3,2,3,5,5,3,3,3,3,3,2,2,2,3,5,5,3,0,0,0,0,0,0,0,0,0,0,0,0,0,0,0,0,0,0,0,0,0,0,0,0,0,0,0,0,0,0,0,0,0,0,0,0,0,0,0,0,0,0,0,0,0,0,0,0,0,0,0,0,0,0,0,0,0,0,0,0,0,0,0,0,0,0,0,0,0,0,0,0,0,0,0,0,0,0,0,0,0,0,0,0,0,0,0,0,0,0,0,0,0,0,0,0,0,0,0,0,0,0,0,0,0,0,0,0,0,0,0,0,0,0,0,0,0,0,0,0,0,0,0,0,0,0,0,0,0,3,3,3,5,3,1,3,3,1,3,3,2,0,0,0,0,0,0,0,0,0,0,0,0,0,0,0,0,0,0,0,0,0,0,0,0,0,0,0,0,0,0,0,0,0,0,0,0,0,0,0,0,0,0,0,0,0,0,0,0,0,0,0,0,0,0,0,0,1.6907552480697632,-3.4672000408172607,-5.672325134277344,8.496345520019531,2.349360466003418,-0.2796273231506347,-15.195256233215332,-1.9292728900909424,14.619400024414062,5.681941032409668,-5.110004425048828,2.413004875183105,-11.030860900878906,0.521510899066925,-6.23783016204834,-0.2906808257102966,6.213126659393311,-4.464197158813477,-5.924147605895996,9.499564170837402,-0.0042453333735466,8.400679588317871,21.555965423583984,7.70509147644043,-13.720784187316896,0.4230275154113769,1.062503457069397,-11.810460090637209,4.11240291595459,-0.5455545783042908,15.293376922607422,-8.895424842834473,-4.3779120445251465,-8.035713195800781,4.237778663635254,0.576926052570343,2.2718505859375,1.1212096214294434,10.24914264678955,5.3446455001831055,-0.5006623864173889,-2.162308692932129,-9.322769165039062,-0.8853830099105835,-14.632363319396973,4.175824165344238,-1.4471471309661863,11.42201328277588,-9.955570220947266,1.4965864419937134,6.565681457519531,-9.412458419799805,-5.783191680908203,-8.984199523925781,-8.919417381286621,-8.764598846435547,-3.271512985229492,0.5834806561470032,5.791112899780273,3.7370080947875977,-0.7850362062454224,-9.646833419799805,-3.945921659469605,5.6383795738220215,-17.300548553466797,-0.891464114189148,12.845948219299316,3.8898472785949703,-4.277055263519287,4.8363189697265625,-6.987263202667236,1.9055359363555908,7.816885471343994,-10.425092697143556,-3.1887693405151367,7.406361103057861,-8.894384384155273,4.281258583068848,-1.456832766532898,5.01963996887207,7.539196968078613,-1.5297865867614746,-8.740004539489746,-11.65687656402588,3.088828563690185,-0.8282010555267334,-8.874258995056152,6.312046051025391,3.377553939819336,-0.9974867105484008,3.604973793029785,4.958840847015381,3.874150514602661,11.458919525146484,4.2447509765625,0.582771360874176,5.363568305969238,3.9066805839538574,8.22677230834961,0.8584104180335999,-7.090940475463867,-10.53226375579834,-7.464400291442871,-13.859696388244627,2.816593647003174,-10.86593246459961,-6.436234951019287,5.835307121276856,2.639021396636963,-8.1571044921875,-18.92360496520996,4.348283767700195,7.038333415985107,-2.1677286624908447,2.216450452804565,-7.10481071472168,11.849404335021973,11.035951614379885,-4.484864711761475,6.990561008453369,-13.443544387817385,0.478052407503128,-4.635324954986572,7.038379669189453,6.557988166809082,-10.6577730178833,-16.020231246948242,-2.386782646179199,-2.31030821800232,0.6476479768753052,-0.9570605754852296,0.4241054356098175,11.27983283996582,18.934329986572266,-2.8371989727020264,15.994723320007324,13.6243896484375,1.4425650835037231,15.175336837768556,-3.141775608062744,13.750401496887209,-3.304677724838257,-1.0942342281341553,0.6860290169715881,14.40627670288086,10.61105728149414,3.4683377742767334,2.8398399353027344,2.439646482467652,12.096531867980955,8.227239608764648,3.4505205154418945,10.266533851623535,-4.903246879577637,-1.7889810800552368,3.197411060333252,-6.238792896270752,-7.985036373138428,5.218547821044922,-10.648685455322266,-3.015299081802368,-2.2104122638702397,-8.98131275177002,3.963661193847656,4.571559429168701,-10.155743598937988,1.4947203397750854,-4.245439529418945,0.4203893542289734,7.73076581954956,-9.347844123840332,-4.77652645111084,15.114520072937012,-4.626621723175049,-0.974293053150177,0.4251296520233154,6.095291614532471,-1.548421025276184,-6.2001495361328125,12.384385108947754,-7.138071060180664,8.525193214416504,-1.8450199365615845,11.204363822937012,9.421053886413574,-5.71450138092041,-0.3741450905799866,-1.4980781078338623,-8.23154067993164,-5.013374328613281,-1.4886207580566406,-0.921268343925476,-2.483921527862549,0.4484389126300812,3.1272287368774414,-0.2410609573125839,-7.640798091888428,-12.936407089233398,-1.1522612571716309,-1.4721955060958862,0.4596603512763977,3.628244161605835,7.533828735351562,0.8915762305259705,6.75214147567749,-4.213499069213867,15.642192840576172,9.550599098205566,12.578753471374512,-2.0302653312683105,18.475675582885746,-2.955690860748291,8.62960147857666,-5.281007289886475,4.717121124267578,4.669649124145508,2.858833312988281,5.203415393829346,-9.625136375427246,5.753141403198242,4.887216567993164,-10.87303066253662,-2.085129976272583,1.7497049570083618,2.1432783603668213,-4.20631217956543,-2.156594753265381,4.437834739685059,10.441035270690918,-13.021939277648926,1.8274763822555544,-6.032940864562988,-12.123867988586426,-16.251054763793945,-5.937126159667969,-3.719024181365967,-2.009223937988281,-3.0812971591949463,-7.1364569664001465,10.94649600982666,4.829843521118164,1.330338478088379,4.647769451141357,-1.2581710815429688,-4.419072151184082,3.729382038116455,-16.880393981933594,-8.192559242248535,0.0524008944630622,-8.243602752685547,-20.95793342590332,3.8450870513916016,-3.2888283729553223,-0.2656604945659637,-15.056302070617676,1.4109598398208618,5.460046768188477,-13.54326343536377,10.289299011230469,-9.89702033996582,-3.9579358100891113,7.600940704345703,4.970716953277588,13.165109634399414,3.047199487686157,-5.998484611511231,-8.244114875793457,7.553073406219482,2.3508403301239014,-9.900299072265623,-1.7432570457458496,7.408973217010498,-0.963127076625824,6.271739482879639,-0.4232527911663055,-8.092854499816895,-2.4866902828216557,-4.643859386444092,-0.9146283864974976,-0.9158284068107604,-10.917943000793455,-7.351844787597656,-19.464412689208984,-9.007030487060547,0.9676723480224608,1.8690545558929443,0.5182844400405884,-2.2837464809417725,-9.288300514221191,-1.4252465963363647,1.1572190523147583,13.933493614196776,14.75514793395996,1.431619644165039,-12.265731811523438,-1.830965518951416,-6.316187858581543,-4.427123546600342,-15.04868507385254,-4.115764617919922,-1.0,2.651278013998144
OXYR_HUMAN,CHEMBL3353956,CCC(C)C1NC(=O)C(Cc2ccc(O)cc2)NC(=O)CCSSCC(C(=O)N(CC(=O)NC(CC(C)C)C(=O)NCC(N)=O)Cc2cccs2)NC(=O)C(CC(N)=O)NC(=O)C(CCC(N)=O)NC1=O,0,0,0,0,0,0,0,0,0,0,0,0,0,0,0,0,0,0,0,0,0,0,0,0,0,0,0,0,0,0,0,0,0,0,0,0,0,0,0,0,0,0,0,0,0,0,0,0,0,0,0,0,0,0,0,0,0,0,0,0,0,0,0,0,0,0,0,0,0,0,0,0,0,0,0,0,0,0,0,0,0,0,0,0,0,0,0,0,0,0,0,0,0,0,0,0,0,0,0,0,0,0,0,0,0,0,0,0,0,0,0,0,0,0,0,0,0,0,0,0,0,0,0,0,0,0,0,0,0,0,0,0,0,0,0,0,0,0,0,0,0,0,0,0,0,0,0,0,0,0,0,0,0,0,0,0,0,0,0,0,0,0,0,0,0,0,0,0,0,0,0,0,0,0,0,0,0,0,0,0,0,0,0,0,0,2,4,1,2,2,2,2,3,2,3,2,4,2,2,3,2,0,0,0,0,0,0,0,0,0,0,0,0,0,0,0,0,3,2,2,1,0,0,0,0,0,0,0,0,0,0,0,0,0,0,0,0,0,1,1,2,4,1,3,0,0,0,0,0,0,0,0,0,0,0,5,3,0,0,0,0,0,0,0,0,0,0,0,0,0,0,0,0,0,0,0,0,0,0,0,0,0,0,0,0,0,0,0,0,0,0,0,0,0,0,0,0,0,0,0,0,0,0,0,0,0,0,0,0,0,0,0,0,0,0,0,0,0,0,0,0,0,0,0,0,0,0,0,0,0,0,0,0,0,0,0,0,0,0,0,0,0,0,0,0,0,0,0,0,0,0,0,0,0,0,0,0,0,0,0,0,0,0,0,0,0,0,0,0,0,0,0,0,0,0,0,0,0,0,0,0,0,0,0,0,0,0,0,0,0,0,0,0,0,0,0,0,0,0,0,0,0,0,0,0,0,0,0,0,0,0,0,0,0,0,0,0,0,0,0,0,0,0,0,0,0,0,0,0,0,0,0,0,2,1,1,1,5,5,3,0,0,0,0,0,0,0,0,0,0,0,0,0,0,0,0,0,0,0,0,0,0,0,0,0,0,0,0,0,0,0,0,0,0,0,0,0,0,0,0,0,0,0,0,0,0,0,0,0,0,0,0,0,0,0,0,0,0,0,0,0,0,0,0,0,0,0,0,0,0,0,0,0,0,0,0,0,0,0,0,0,0,0,0,0,0,0,0,0,0,0,0,0,0,0,0,0,0,0,0,0,0,0,0,0,0,0,0,0,0,0,0,0,0,0,0,0,0,0,0,0,0,0,0,0,0,0,0,0,0,0,0,0,0,0,0,0,0,0,0,0,0,0,0,0,0,0,0,0,4,2,2,2,5,2,4,2,0,0,0,0,0,0,0,0,0,0,0,0,0,0,0,0,0,2,2,2,1,2,0,2,2,0,0,0,0,0,0,0,0,0,0,0,2,2,2,2,3,1,3,2,1,0,0,0,0,0,0,2,2,2,2,2,0,0,5,0,0,0,0,3,3,0,0,0,0,0,0,0,0,0,0,0,5,3,5,5,0,0,0,0,0,3,0,0,0,0,0,0,0,5,2,2,2,2,2,5,0,0,0,0,0,0,0,0,0,0,0,0,0,0,0,5,2,3,0,2,2,4,0,0,0,0,0,0,0,0,0,0,0,0,0,0,0,0,0,0,0,0,0,0,0,0,0,0,0,0,0,0,0,0,2,2,2,2,2,2,3,2,2,0,0,0,0,0,0,0,0,0,0,0,0,0,0,0,0,0,0,0,0,0,0,0,0,1,3,2,2,0,0,0,0,0,0,0,0,0,0,0,0,0,0,0,0,0,0,0,0,0,0,0,0,0,0,0,0,0,2,4,2,3,2,5,2,2,1,0,1,4,2,0,0,0,0,0,2,1,0,0,0,0,0,0,0,0,0,0,0,0,0,0,0,0,0,0,0,0,0,0,0,0,0,0,0,0,0,0,0,0,0,0,0,0,0,0,0,0,0,0,0,0,0,0,0,5,0,2,2,5,0,2,2,3,2,2,1,2,2,2,0,0,0,3,3,2,2,0,0,0,0,0,0,0,0,0,0,0,0,2,2,0,0,0,0,0,0,0,0,0,0,0,0,0,0,0,0,0,0,0,0,0,0,0,0,0,0,0,0,0,0,0,2,2,3,2,4,5,0,0,0,0,0,0,0,0,0,0,0,0,0,0,0,0,0,0,0,0,0,0,0,0,0,0,0,0,0,0,0,0,0,0,1,0,0,0,0,0,0,0,0,0,0,0,0,0,0,0,0,0,0,0,0,0,0,0,0,0,0,2,2,0,0,0,0,0,0,2,0,1,3,1,2,0,0,0,0,0,0,0,0,0,0,0,0,0,0,0,0,0,0,0,0,0,0,0,0,0,0,0,0,5,3,0,0,0,0,2,5,5,0,0,5,3,0,0,0,0,0,0,0,0,0,0,0,0,0,0,0,4,5,0,0,0,0,2,2,2,0,0,0,0,2,2,3,2,2,0,0,0,1,1,2,2,2,3,0,0,2,1,3,2,5,0,0,0,0,0,0,0,0,0,0,0,0,2,2,3,0,0,0,0,0,0,0,0,0,0,0,0,0,0,0,0,0,0,0,0,0,0,0,0,0,0,0,0,0,0,0,0,0,0,0,0,0,0,0,2,5,0,0,0,0,4,0,0,0,0,0,0,0,0,0,0,0,0,0,0,0,0,0,0,0,0,0,0,0,0,0,0,0,0,0,0,0,0,0,0,0,0,0,0,0,0,0,0,0,0,0,0,0,0,0,0,0,0,0,0,0,0,0,0,0,0,0,0,0,0,0,0,0,0,0,0,0,0,0,0,0,0,0,0,0,0,0,0,0,0,0,0,0,0,0,0,0,0,0,2,2,0,0,4,1,2,2,4,0,0,0,0,0,1,2,2,2,0,0,0,0,0,0,0,0,0,0,0,0,0,0,0,0,0,0,0,0,0,0,0,0,0,0,0,0,0,0,0,0,0,0,0,0,0,0,0,0,0,0,0,2,2,0,0,0,0,0,0,0,0,0,0,0,0,0,0,0,0,3,1,2,1,1,0,0,0,0,5,0,0,0,0,0,0,0,2,2,0,0,0,0,0,0,0,0,2,3,2,2,0,0,0,3,2,2,2,2,0,2,2,1,2,2,0,2,2,0,0,0,0,0,0,0,0,0,0,0,0,0,0,0,0,0,0,2,2,1,0,0,0,0,0,0,0,0,0,0,0,0,0,0,0,0,2,1,2,2,3,2,0,0,0,0,0,0,0,5,2,0,0,0,0,0,0,0,0,0,0,0,0,0,0,0,0,2,3,0,0,0,0,0,0,0,0,0,0,0,0,0,0,0,0,0,0,0,0,0,0,0,0,0,0,0,0,0,0,0,0,0,0,0,0,0,0,0,0,0,0,0,3,2,5,2,0,0,0,0,0,0,0,0,0,0,0,0,0,0,0,0,0,0,0,0,0,0,0,0,0,0,0,0,0,0,0,0,0,0,0,0,0,0,0,0,0,0,0,0,0,0,0,0,0,0,0,0,0,0,0,0,0,0,0,0,0,0,0,0,0,0,0,0,0,0,0,0,0,0,0,0,0,0,0,0,0,0,0,0,0,0,0,0,0,0,0,0,0,0,0,0,0,0,0,0,0,0,0,0,0,0,0,0,0,0,0,0,0,0,0,0,0,0,0,0,0,0,0,0,0,0,0,0,0,0,0,0,0,0,0,0,0,0,0,5,3,2,2,2,2,2,2,4,2,1,4,1,2,2,2,1,4,1,1,5,2,2,2,2,5,2,3,3,2,5,2,2,3,5,0,0,0,0,0,0,0,0,0,0,0,0,0,0,0,0,0,0,0,0,0,0,0,2,5,2,5,3,2,0,0,0,0,0,0,0,0,5,0,0,0,2,3,2,2,2,2,0,0,0,0,0,2,2,2,2,2,0,0,0,1,2,3,1,2,2,2,0,0,0,0,0,2,3,2,2,3,2,2,4,2,0,0,0,0,0,0,0,0,3,2,1,5,4,2,0,0,0,0,3,0,0,0,0,0,0,0,0,0,0,0,0,0,0,0,0,0,2,0,0,2,0,0,0,0,0,0,0,0,0,0,0,0,0,0,0,0,0,0,0,0,0,0,0,0,0,0,0,0,0,0,0,0,0,0,0,0,0,0,0,0,0,0,0,0,0,0,0,0,0,0,0,0,0,0,0,0,0,0,0,0,0,0,0,0,0,0,0,0,0,0,0,0,0,0,0,0,0,2,2,0,2,0,0,0,0,0,2,2,2,0,2,3,2,3,3,1,1,3,1,2,2,0,0,0,0,0,0,0,2,2,2,2,3,1,5,2,2,5,0,4,2,0,0,0,0,2,3,5,2,0,0,0,0,0,0,0,0,0,0,0,0,0,0,0,0,0,0,0,0,0,0,0,0,0,0,0,0,0,0,0,0,0,0,0,0,0,0,0,0,0,0,0,0,0,0,0,0,0,0,0,0,0,0,0,0,0,0,0,0,0,0,0,0,0,0,0,0,0,0,0,0,0,0,0,0,0,0,0,0,0,0,0,0,0,0,0,0,0,0,0,0,0,0,0,0,2,1,1,3,2,3,2,2,5,1,5,5,2,1,4,3,0,0,0,0,0,0,0,0,0,0,0,0,0,0,0,0,0,0,0,0,0,0,0,0,0,0,0,0,0,0,0,0,0,0,0,0,0,0,0,0,0,0,0,0,0,0,0,0,0,0,0,0,0,0,0,0,0,0,0,0,0,0,0,0,0,0,0,0,0,0,0,0,0,0,0,0,0,0,0,0,0,0,0,0,0,0,0,0,0,0,0,0,0,0,0,0,0,0,0,0,0,0,0,0,0,0,0,0,0,0,0,0,0,0,0,0,0,0,0,0,0,0,0,0,0,0,0,0,0,0,0,0,0,0,0,0,0,0,0,0,0,0,0,0,0,0,0,0,0,0,0,0,0,0,0,0,0,0,0,0,0,0,0,0,0,0,0,0,0,0,0,0,0,0,0,0,0,0,0,0,0,0,0,0,0,0,0,0,0,0,0,0,0,0,0,0,0,0,0,0,0,0,0,0,0,0,0,0,0,0,0,0,0,0,0,0,0,0,0,0,0,0,0,0,0,0,0,0,0,0,0,0,0,0,0,0,0,0,0,0,0,0,0,0,0,0,0,0,0,0,0,0,0,0,0,0,0,0,0,0,0,0,0,0,0,0,0,0,0,0,0,0,0,0,0,0,0,0,0,0,0,0,0,0,3,2,3,5,5,3,3,3,3,3,2,2,2,3,5,5,3,0,0,0,0,0,0,0,0,0,0,0,0,0,0,0,0,0,0,0,0,0,0,0,0,0,0,0,0,0,0,0,0,0,0,0,0,0,0,0,0,0,0,0,0,0,0,0,0,0,0,0,0,0,0,0,0,0,0,0,0,0,0,0,0,0,0,0,0,0,0,0,0,0,0,0,0,0,0,0,0,0,0,0,0,0,0,0,0,0,0,0,0,0,0,0,0,0,0,0,0,0,0,0,0,0,0,0,0,0,0,0,0,0,0,0,0,0,0,0,0,0,0,0,0,0,0,0,0,0,3,3,3,5,3,1,3,3,1,3,3,2,0,0,0,0,0,0,0,0,0,0,0,0,0,0,0,0,0,0,0,0,0,0,0,0,0,0,0,0,0,0,0,0,0,0,0,0,0,0,0,0,0,0,0,0,0,0,0,0,0,0,0,0,0,0,0,0,-0.2200605422258377,-4.202495574951172,-4.336779594421387,7.144115447998047,5.570436477661133,-16.07306480407715,-30.74988174438477,-5.619466304779053,26.940385818481445,-3.863006591796875,1.0968561172485352,22.208236694335938,-0.4644659161567688,12.828286170959473,-32.64078903198242,2.377227067947388,24.26176643371582,-28.669639587402344,-29.85076904296875,35.97212600708008,8.251116752624512,18.348529815673828,58.76063537597656,16.814199447631836,-17.395671844482422,7.512086391448975,-16.09043312072754,-36.403079986572266,1.2945983409881592,-11.492181777954102,21.82770538330078,-10.959894180297852,-16.430391311645508,-0.5461628437042236,-2.3555386066436768,10.427278518676758,4.831582069396973,-1.4561864137649536,19.646095275878903,20.1892147064209,4.189542770385742,0.6497201323509216,-6.322971343994141,-10.161802291870115,-28.40095329284668,19.24125289916992,11.828237533569336,41.80179977416992,-9.77440357208252,0.1718117445707321,12.109541893005373,-26.463747024536133,-0.0403879806399345,-22.47783660888672,-31.769649505615234,-21.906509399414062,-15.48816204071045,13.595098495483398,4.786074638366699,9.43710231781006,1.862634301185608,-18.703746795654297,-17.482379913330078,14.202195167541504,-42.31226348876953,5.878601551055908,20.81287384033203,12.026455879211426,-18.534799575805664,-2.0750067234039307,-7.777420997619629,11.90163803100586,16.393749237060547,-31.93174743652344,-3.318115711212158,7.180737495422363,-26.09090614318848,3.4101123809814453,6.665386199951172,1.1216169595718384,18.835620880126957,2.520402669906616,-12.26810073852539,-41.16534423828125,16.771440505981445,-12.094796180725098,-10.679309844970703,4.350367069244385,9.452800750732422,-2.9980809688568115,6.672410011291504,14.131865501403809,15.613882064819336,9.261673927307127,5.079179286956787,-4.925978660583496,19.52329444885254,9.263483047485352,18.11528968811035,-9.532343864440918,-7.280373573303223,-20.62966728210449,-25.048419952392575,-11.74874782562256,11.499802589416504,-32.096981048583984,-14.170125961303713,12.406524658203123,7.880583763122559,-20.10126304626465,-23.61576271057129,14.945884704589844,10.617250442504885,-11.148548126220703,-4.077867031097412,-10.833316802978516,17.868913650512695,22.513660430908203,-4.183773040771484,5.80213737487793,-14.606807708740234,15.11915111541748,-3.371035099029541,32.20663833618164,0.630657434463501,-34.9857063293457,-31.067785263061523,3.5523643493652344,-14.724979400634766,1.0257713794708252,0.3239597082138061,-5.549612522125244,15.099615097045898,41.37651824951172,5.711094856262207,31.01914405822754,1.0781772136688232,-7.418917179107666,18.116619110107425,-13.568878173828123,26.0443115234375,0.0196550637483596,-9.26837921142578,-3.9873838424682617,15.469267845153809,4.369547367095947,7.5520920753479,4.901464462280273,14.252774238586426,35.15261459350586,-2.30670166015625,16.342208862304688,17.13374137878418,-23.663663864135746,-4.952531337738037,0.306464672088623,-18.59198760986328,-5.510980606079102,1.6263161897659302,-18.848833084106445,7.32765007019043,13.451061248779297,-13.583024978637695,6.25791597366333,16.168739318847656,-27.24532699584961,11.403616905212402,-9.945451736450195,4.056009292602539,16.859180450439453,-12.667431831359863,-19.723283767700195,35.0996208190918,-6.975566864013672,13.523149490356444,-2.459747552871704,13.131135940551758,-4.464152812957764,-13.767444610595703,22.7053279876709,-13.689789772033691,24.599475860595703,-0.4155053496360779,28.439430236816406,12.306329727172852,-10.444080352783203,1.474765658378601,4.40183162689209,-8.35380744934082,-18.974069595336918,2.185250759124756,-8.166582107543945,-17.196733474731445,6.858738899230957,14.116101264953612,5.212545394897461,-0.7728954553604126,-28.58184242248535,-8.663220405578613,-10.657880783081056,-1.801422119140625,-6.263286590576172,8.654458999633789,-5.367593765258789,-5.164166450500488,-8.081957817077637,34.949310302734375,27.58048439025879,27.89645004272461,-15.72318172454834,32.29249572753906,0.0022889822721481,30.834056854248047,-14.128555297851562,12.778365135192873,1.4890035390853882,15.24813175201416,10.502161979675291,-11.679956436157228,15.9729642868042,10.655413627624512,-21.33950424194336,-8.626379013061523,0.4009903073310852,7.153035640716553,-14.55383586883545,-4.1282267570495605,-1.1317377090454102,12.92170524597168,-27.9289608001709,6.800738334655762,-5.346554756164551,-22.97430419921875,-23.18951988220215,4.577052116394043,-27.22539329528809,-6.204211711883545,-10.328636169433594,-7.338186740875244,29.76645278930664,18.247777938842773,-28.14730834960937,19.094078063964844,-7.513770580291748,-4.497276306152344,23.42298698425293,-42.090476989746094,-16.214941024780273,3.8836920261383057,10.36061954498291,-47.60837936401367,10.475214004516602,9.703612327575684,-6.438421726226807,-25.82682037353516,19.27661895751953,4.216460704803467,-19.15429306030273,32.719703674316406,-25.66544914245605,-10.385329246520996,9.070672988891602,2.7720298767089844,15.787818908691406,-3.644203186035156,-25.51613044738769,-12.8646821975708,2.1910488605499268,6.998165607452393,-19.266143798828125,0.3576750159263611,11.962213516235352,-12.357152938842772,5.694749355316162,0.1846807152032852,-20.13329696655273,-10.795809745788574,-10.564461708068848,-10.920772552490234,21.30364227294922,-14.712138175964355,-19.517597198486328,-25.199424743652344,-14.098101615905762,-12.227046966552734,12.40807819366455,1.6251055002212524,-1.5642462968826294,-12.045940399169922,-9.654726028442385,7.548869609832764,32.338829040527344,14.174095153808594,11.197266578674316,-27.95767974853516,-18.237136840820312,-15.624197006225586,-22.90611267089844,-43.10954284667969,-2.2102468013763428,1.0,0.01
OXYR_HUMAN,CHEMBL3354589,CCC(C)C1NC(=O)C(Cc2ccc(O)cc2)NC(=O)CCSCCC(C(=O)N(CC(=O)NC(CC(C)C)C(=O)NCC(N)=O)Cc2ccccc2)NC(=O)C(CC(N)=O)NC(=O)C(CCC(N)=O)NC1=O,0,0,0,0,0,0,0,0,0,0,0,0,0,0,0,0,0,0,0,0,0,0,0,0,0,0,0,0,0,0,0,0,0,0,0,0,0,0,0,0,0,0,0,0,0,0,0,0,0,0,0,0,0,0,0,0,0,0,0,0,0,0,0,0,0,0,0,0,0,0,0,0,0,0,0,0,0,0,0,0,0,0,0,0,0,0,0,0,0,0,0,0,0,0,0,0,0,0,0,0,0,0,0,0,0,0,0,0,0,0,0,0,0,0,0,0,0,0,0,0,0,0,0,0,0,0,0,0,0,0,0,0,0,0,0,0,0,0,0,0,0,0,0,0,0,0,0,0,0,0,0,0,0,0,0,0,0,0,0,0,0,0,0,0,0,0,0,0,0,0,0,0,0,0,0,0,0,0,0,0,0,0,0,0,0,2,4,1,2,2,2,2,3,2,3,2,4,2,2,3,2,0,0,0,0,0,0,0,0,0,0,0,0,0,0,0,0,3,2,2,1,0,0,0,0,0,0,0,0,0,0,0,0,0,0,0,0,0,1,1,2,4,1,3,0,0,0,0,0,0,0,0,0,0,0,5,3,0,0,0,0,0,0,0,0,0,0,0,0,0,0,0,0,0,0,0,0,0,0,0,0,0,0,0,0,0,0,0,0,0,0,0,0,0,0,0,0,0,0,0,0,0,0,0,0,0,0,0,0,0,0,0,0,0,0,0,0,0,0,0,0,0,0,0,0,0,0,0,0,0,0,0,0,0,0,0,0,0,0,0,0,0,0,0,0,0,0,0,0,0,0,0,0,0,0,0,0,0,0,0,0,0,0,0,0,0,0,0,0,0,0,0,0,0,0,0,0,0,0,0,0,0,0,0,0,0,0,0,0,0,0,0,0,0,0,0,0,0,0,0,0,0,0,0,0,0,0,0,0,0,0,0,0,0,0,0,0,0,0,0,0,0,0,0,0,0,0,0,0,0,0,0,0,2,1,1,1,5,5,3,0,0,0,0,0,0,0,0,0,0,0,0,0,0,0,0,0,0,0,0,0,0,0,0,0,0,0,0,0,0,0,0,0,0,0,0,0,0,0,0,0,0,0,0,0,0,0,0,0,0,0,0,0,0,0,0,0,0,0,0,0,0,0,0,0,0,0,0,0,0,0,0,0,0,0,0,0,0,0,0,0,0,0,0,0,0,0,0,0,0,0,0,0,0,0,0,0,0,0,0,0,0,0,0,0,0,0,0,0,0,0,0,0,0,0,0,0,0,0,0,0,0,0,0,0,0,0,0,0,0,0,0,0,0,0,0,0,0,0,0,0,0,0,0,0,0,0,0,0,4,2,2,2,5,2,4,2,0,0,0,0,0,0,0,0,0,0,0,0,0,0,0,0,0,2,2,2,1,2,0,2,2,0,0,0,0,0,0,0,0,0,0,0,2,2,2,2,3,1,3,2,1,0,0,0,0,0,0,2,2,2,2,2,0,0,5,0,0,0,0,3,3,0,0,0,0,0,0,0,0,0,0,0,5,3,5,5,0,0,0,0,0,3,0,0,0,0,0,0,0,5,2,2,2,2,2,5,0,0,0,0,0,0,0,0,0,0,0,0,0,0,0,5,2,3,0,2,2,4,0,0,0,0,0,0,0,0,0,0,0,0,0,0,0,0,0,0,0,0,0,0,0,0,0,0,0,0,0,0,0,0,2,2,2,2,2,2,3,2,2,0,0,0,0,0,0,0,0,0,0,0,0,0,0,0,0,0,0,0,0,0,0,0,0,1,3,2,2,0,0,0,0,0,0,0,0,0,0,0,0,0,0,0,0,0,0,0,0,0,0,0,0,0,0,0,0,0,2,4,2,3,2,5,2,2,1,0,1,4,2,0,0,0,0,0,2,1,0,0,0,0,0,0,0,0,0,0,0,0,0,0,0,0,0,0,0,0,0,0,0,0,0,0,0,0,0,0,0,0,0,0,0,0,0,0,0,0,0,0,0,0,0,0,0,5,0,2,2,5,0,2,2,3,2,2,1,2,2,2,0,0,0,3,3,2,2,0,0,0,0,0,0,0,0,0,0,0,0,2,2,0,0,0,0,0,0,0,0,0,0,0,0,0,0,0,0,0,0,0,0,0,0,0,0,0,0,0,0,0,0,0,2,2,3,2,4,5,0,0,0,0,0,0,0,0,0,0,0,0,0,0,0,0,0,0,0,0,0,0,0,0,0,0,0,0,0,0,0,0,0,0,1,0,0,0,0,0,0,0,0,0,0,0,0,0,0,0,0,0,0,0,0,0,0,0,0,0,0,2,2,0,0,0,0,0,0,2,0,1,3,1,2,0,0,0,0,0,0,0,0,0,0,0,0,0,0,0,0,0,0,0,0,0,0,0,0,0,0,0,0,5,3,0,0,0,0,2,5,5,0,0,5,3,0,0,0,0,0,0,0,0,0,0,0,0,0,0,0,4,5,0,0,0,0,2,2,2,0,0,0,0,2,2,3,2,2,0,0,0,1,1,2,2,2,3,0,0,2,1,3,2,5,0,0,0,0,0,0,0,0,0,0,0,0,2,2,3,0,0,0,0,0,0,0,0,0,0,0,0,0,0,0,0,0,0,0,0,0,0,0,0,0,0,0,0,0,0,0,0,0,0,0,0,0,0,0,2,5,0,0,0,0,4,0,0,0,0,0,0,0,0,0,0,0,0,0,0,0,0,0,0,0,0,0,0,0,0,0,0,0,0,0,0,0,0,0,0,0,0,0,0,0,0,0,0,0,0,0,0,0,0,0,0,0,0,0,0,0,0,0,0,0,0,0,0,0,0,0,0,0,0,0,0,0,0,0,0,0,0,0,0,0,0,0,0,0,0,0,0,0,0,0,0,0,0,0,2,2,0,0,4,1,2,2,4,0,0,0,0,0,1,2,2,2,0,0,0,0,0,0,0,0,0,0,0,0,0,0,0,0,0,0,0,0,0,0,0,0,0,0,0,0,0,0,0,0,0,0,0,0,0,0,0,0,0,0,0,2,2,0,0,0,0,0,0,0,0,0,0,0,0,0,0,0,0,3,1,2,1,1,0,0,0,0,5,0,0,0,0,0,0,0,2,2,0,0,0,0,0,0,0,0,2,3,2,2,0,0,0,3,2,2,2,2,0,2,2,1,2,2,0,2,2,0,0,0,0,0,0,0,0,0,0,0,0,0,0,0,0,0,0,2,2,1,0,0,0,0,0,0,0,0,0,0,0,0,0,0,0,0,2,1,2,2,3,2,0,0,0,0,0,0,0,5,2,0,0,0,0,0,0,0,0,0,0,0,0,0,0,0,0,2,3,0,0,0,0,0,0,0,0,0,0,0,0,0,0,0,0,0,0,0,0,0,0,0,0,0,0,0,0,0,0,0,0,0,0,0,0,0,0,0,0,0,0,0,3,2,5,2,0,0,0,0,0,0,0,0,0,0,0,0,0,0,0,0,0,0,0,0,0,0,0,0,0,0,0,0,0,0,0,0,0,0,0,0,0,0,0,0,0,0,0,0,0,0,0,0,0,0,0,0,0,0,0,0,0,0,0,0,0,0,0,0,0,0,0,0,0,0,0,0,0,0,0,0,0,0,0,0,0,0,0,0,0,0,0,0,0,0,0,0,0,0,0,0,0,0,0,0,0,0,0,0,0,0,0,0,0,0,0,0,0,0,0,0,0,0,0,0,0,0,0,0,0,0,0,0,0,0,0,0,0,0,0,0,0,0,0,5,3,2,2,2,2,2,2,4,2,1,4,1,2,2,2,1,4,1,1,5,2,2,2,2,5,2,3,3,2,5,2,2,3,5,0,0,0,0,0,0,0,0,0,0,0,0,0,0,0,0,0,0,0,0,0,0,0,2,5,2,5,3,2,0,0,0,0,0,0,0,0,5,0,0,0,2,3,2,2,2,2,0,0,0,0,0,2,2,2,2,2,0,0,0,1,2,3,1,2,2,2,0,0,0,0,0,2,3,2,2,3,2,2,4,2,0,0,0,0,0,0,0,0,3,2,1,5,4,2,0,0,0,0,3,0,0,0,0,0,0,0,0,0,0,0,0,0,0,0,0,0,2,0,0,2,0,0,0,0,0,0,0,0,0,0,0,0,0,0,0,0,0,0,0,0,0,0,0,0,0,0,0,0,0,0,0,0,0,0,0,0,0,0,0,0,0,0,0,0,0,0,0,0,0,0,0,0,0,0,0,0,0,0,0,0,0,0,0,0,0,0,0,0,0,0,0,0,0,0,0,0,0,2,2,0,2,0,0,0,0,0,2,2,2,0,2,3,2,3,3,1,1,3,1,2,2,0,0,0,0,0,0,0,2,2,2,2,3,1,5,2,2,5,0,4,2,0,0,0,0,2,3,5,2,0,0,0,0,0,0,0,0,0,0,0,0,0,0,0,0,0,0,0,0,0,0,0,0,0,0,0,0,0,0,0,0,0,0,0,0,0,0,0,0,0,0,0,0,0,0,0,0,0,0,0,0,0,0,0,0,0,0,0,0,0,0,0,0,0,0,0,0,0,0,0,0,0,0,0,0,0,0,0,0,0,0,0,0,0,0,0,0,0,0,0,0,0,0,0,0,2,1,1,3,2,3,2,2,5,1,5,5,2,1,4,3,0,0,0,0,0,0,0,0,0,0,0,0,0,0,0,0,0,0,0,0,0,0,0,0,0,0,0,0,0,0,0,0,0,0,0,0,0,0,0,0,0,0,0,0,0,0,0,0,0,0,0,0,0,0,0,0,0,0,0,0,0,0,0,0,0,0,0,0,0,0,0,0,0,0,0,0,0,0,0,0,0,0,0,0,0,0,0,0,0,0,0,0,0,0,0,0,0,0,0,0,0,0,0,0,0,0,0,0,0,0,0,0,0,0,0,0,0,0,0,0,0,0,0,0,0,0,0,0,0,0,0,0,0,0,0,0,0,0,0,0,0,0,0,0,0,0,0,0,0,0,0,0,0,0,0,0,0,0,0,0,0,0,0,0,0,0,0,0,0,0,0,0,0,0,0,0,0,0,0,0,0,0,0,0,0,0,0,0,0,0,0,0,0,0,0,0,0,0,0,0,0,0,0,0,0,0,0,0,0,0,0,0,0,0,0,0,0,0,0,0,0,0,0,0,0,0,0,0,0,0,0,0,0,0,0,0,0,0,0,0,0,0,0,0,0,0,0,0,0,0,0,0,0,0,0,0,0,0,0,0,0,0,0,0,0,0,0,0,0,0,0,0,0,0,0,0,0,0,0,0,0,0,0,0,3,2,3,5,5,3,3,3,3,3,2,2,2,3,5,5,3,0,0,0,0,0,0,0,0,0,0,0,0,0,0,0,0,0,0,0,0,0,0,0,0,0,0,0,0,0,0,0,0,0,0,0,0,0,0,0,0,0,0,0,0,0,0,0,0,0,0,0,0,0,0,0,0,0,0,0,0,0,0,0,0,0,0,0,0,0,0,0,0,0,0,0,0,0,0,0,0,0,0,0,0,0,0,0,0,0,0,0,0,0,0,0,0,0,0,0,0,0,0,0,0,0,0,0,0,0,0,0,0,0,0,0,0,0,0,0,0,0,0,0,0,0,0,0,0,0,3,3,3,5,3,1,3,3,1,3,3,2,0,0,0,0,0,0,0,0,0,0,0,0,0,0,0,0,0,0,0,0,0,0,0,0,0,0,0,0,0,0,0,0,0,0,0,0,0,0,0,0,0,0,0,0,0,0,0,0,0,0,0,0,0,0,0,0,1.0478724241256714,-4.937537670135498,-5.694491386413574,8.393939018249512,5.380932807922363,-16.04704475402832,-31.07353973388672,-5.73831033706665,27.347944259643555,-2.8128087520599365,1.0143942832946775,20.459339141845703,-3.1491358280181885,12.735610961914062,-32.12733840942383,0.6241674423217773,24.306306838989254,-27.794376373291016,-30.16974258422852,34.29093170166016,7.086019039154053,18.65596008300781,58.70624542236328,16.83673667907715,-17.333709716796875,6.765515804290772,-15.06179428100586,-38.046836853027344,2.379302978515625,-11.510239601135254,23.479909896850582,-10.38155746459961,-15.360322952270508,-2.718998432159424,-1.5556397438049316,9.67624282836914,4.586644172668457,-1.1686017513275146,20.92058753967285,19.220705032348636,1.147000789642334,0.0924640446901321,-7.824649333953857,-10.28780460357666,-28.03785896301269,18.08973503112793,11.172371864318848,38.34315490722656,-9.808663368225098,2.7384650707244877,12.16096305847168,-25.771896362304688,-0.300006628036499,-22.16102409362793,-31.902631759643555,-23.00691795349121,-14.12578582763672,12.277456283569336,5.960181713104248,9.216811180114746,2.18936824798584,-18.54308319091797,-16.9417724609375,13.028674125671388,-42.410064697265625,3.48161244392395,21.155292510986328,10.2532320022583,-17.386625289916992,-1.3893755674362185,-7.618712425231934,11.51777172088623,16.173513412475586,-30.87438201904297,-4.5018310546875,7.27374267578125,-27.35885238647461,3.035829544067383,7.239105224609375,3.099768877029419,18.54718971252441,1.277678608894348,-10.94491958618164,-39.33838272094727,16.74761199951172,-11.237090110778809,-12.873367309570312,3.700070381164551,8.401562690734863,-2.8903205394744877,9.101923942565918,13.895039558410645,15.379772186279297,9.813261032104492,5.652315616607666,-3.8366811275482178,20.489656448364254,10.015201568603516,18.00294303894043,-7.90620231628418,-8.54735279083252,-22.63094711303711,-24.934398651123047,-14.96940803527832,11.907246589660645,-31.420316696166992,-14.937078475952148,12.943026542663574,8.16806411743164,-19.30930519104004,-24.50914001464844,16.278329849243164,12.053375244140623,-12.736366271972656,-3.459609031677246,-10.661826133728027,18.478769302368164,23.39845466613769,-4.545219421386719,7.165250301361084,-16.287410736083984,14.093107223510742,-3.5404109954833984,32.55673599243164,0.3537962138652801,-34.282955169677734,-32.21540832519531,2.313760995864868,-15.026294708251951,1.0660054683685305,0.6581472754478455,-4.420875549316406,16.098337173461914,42.19147872924805,4.890208721160889,32.22122573852539,3.0713064670562744,-7.108032703399658,18.9008846282959,-13.615764617919922,25.18587875366211,0.5659170150756836,-8.222911834716797,-3.206223964691162,16.970462799072266,6.435801029205322,7.505105495452881,5.472117900848389,13.573452949523926,34.41603088378906,-1.667991280555725,16.522064208984375,18.59081077575684,-23.416534423828125,-4.749752998352051,0.1988866329193115,-17.43691062927246,-7.296330451965332,0.8720921277999878,-19.237194061279297,5.232612609863281,12.60794734954834,-13.74897575378418,6.868499279022217,15.338547706604004,-26.41910171508789,10.895469665527344,-9.136417388916016,4.729506492614746,17.049406051635742,-13.602812767028809,-20.66191291809082,37.73295974731445,-7.650340557098389,12.25330638885498,-2.8613955974578857,13.836684226989746,-6.296388149261475,-16.071327209472656,23.82044982910156,-14.96152114868164,25.64903450012207,0.0004825145006179,29.848217010498047,12.37502098083496,-11.295381546020508,2.139376401901245,3.4972407817840576,-7.613402843475342,-17.953685760498047,2.297097682952881,-7.758407592773437,-16.467164993286133,5.483094692230225,13.54063320159912,5.502009868621826,-1.8894191980361936,-27.54240608215332,-8.092705726623535,-9.694133758544922,0.1208915710449218,-6.29843807220459,11.121750831604004,-5.111891746520996,-4.186389923095703,-5.034591197967529,33.30516052246094,27.83746719360352,27.982711791992188,-15.33219051361084,33.70186996459961,-0.6952914595603943,32.925018310546875,-15.110837936401367,13.255488395690918,0.2178822457790374,13.689351081848145,11.230267524719238,-11.702735900878906,16.50560760498047,11.65683650970459,-20.95362663269043,-9.127798080444336,0.9822604060173036,6.440421581268311,-14.867213249206545,-3.297119617462158,-0.1403765976428985,14.456942558288574,-28.2783145904541,6.184483528137207,-5.079867362976074,-21.72819709777832,-25.6375789642334,3.291830062866211,-26.11645126342773,-6.365330219268799,-9.682554244995115,-7.563329219818115,29.69521713256836,17.511198043823242,-24.12903594970703,18.406776428222656,-7.019780158996582,-5.047019958496094,23.87998390197754,-43.8575553894043,-15.763635635375977,4.106700897216797,10.351948738098145,-48.34417343139648,9.919522285461426,9.129061698913574,-5.311782360076904,-25.569536209106445,16.64862060546875,3.892533540725708,-18.445213317871094,31.848804473876957,-25.40115547180176,-9.605091094970703,11.586973190307615,1.8501356840133667,17.227798461914062,-3.679882049560547,-25.301137924194336,-13.900069236755373,2.5997321605682373,5.931029319763184,-21.34816551208496,0.024075262248516,12.48566722869873,-13.442965507507324,4.569217681884766,-0.3310619592666626,-19.90577507019043,-9.888323783874512,-10.015697479248049,-10.65770149230957,20.02793502807617,-15.168156623840332,-18.262325286865234,-26.63724136352539,-14.757619857788086,-11.34945583343506,12.922905921936035,1.0419601202011108,-2.806993007659912,-12.94579029083252,-9.484617233276367,5.8919219970703125,32.75933074951172,15.677139282226562,11.74102783203125,-28.19624137878418,-18.375871658325195,-14.156209945678713,-22.435400009155277,-41.87532043457031,-2.760132074356079,1.0,-0.9999999999999998
OXYR_HUMAN,CHEMBL589128,COCc1nnc(N2CC(Oc3ccc(F)cc3C)C2)n1-c1ccc(OC)nc1,0,0,0,0,0,0,0,0,0,0,0,0,0,0,0,0,0,0,0,0,0,0,0,0,0,0,0,0,0,0,0,0,0,0,0,0,0,0,0,0,0,0,0,0,0,0,0,0,0,0,0,0,0,0,0,0,0,0,0,0,0,0,0,0,0,0,0,0,0,0,0,0,0,0,0,0,0,0,0,0,0,0,0,0,0,0,0,0,0,0,0,0,0,0,0,0,0,0,0,0,0,0,0,0,0,0,0,0,0,0,0,0,0,0,0,0,0,0,0,0,0,0,0,0,0,0,0,0,0,0,0,0,0,0,0,0,0,0,0,0,0,0,0,0,0,0,0,0,0,0,0,0,0,0,0,0,0,0,0,0,0,0,0,0,0,0,0,0,0,0,0,0,0,0,0,0,0,0,0,0,0,0,0,0,0,2,4,1,2,2,2,2,3,2,3,2,4,2,2,3,2,0,0,0,0,0,0,0,0,0,0,0,0,0,0,0,0,3,2,2,1,0,0,0,0,0,0,0,0,0,0,0,0,0,0,0,0,0,1,1,2,4,1,3,0,0,0,0,0,0,0,0,0,0,0,5,3,0,0,0,0,0,0,0,0,0,0,0,0,0,0,0,0,0,0,0,0,0,0,0,0,0,0,0,0,0,0,0,0,0,0,0,0,0,0,0,0,0,0,0,0,0,0,0,0,0,0,0,0,0,0,0,0,0,0,0,0,0,0,0,0,0,0,0,0,0,0,0,0,0,0,0,0,0,0,0,0,0,0,0,0,0,0,0,0,0,0,0,0,0,0,0,0,0,0,0,0,0,0,0,0,0,0,0,0,0,0,0,0,0,0,0,0,0,0,0,0,0,0,0,0,0,0,0,0,0,0,0,0,0,0,0,0,0,0,0,0,0,0,0,0,0,0,0,0,0,0,0,0,0,0,0,0,0,0,0,0,0,0,0,0,0,0,0,0,0,0,0,0,0,0,0,0,2,1,1,1,5,5,3,0,0,0,0,0,0,0,0,0,0,0,0,0,0,0,0,0,0,0,0,0,0,0,0,0,0,0,0,0,0,0,0,0,0,0,0,0,0,0,0,0,0,0,0,0,0,0,0,0,0,0,0,0,0,0,0,0,0,0,0,0,0,0,0,0,0,0,0,0,0,0,0,0,0,0,0,0,0,0,0,0,0,0,0,0,0,0,0,0,0,0,0,0,0,0,0,0,0,0,0,0,0,0,0,0,0,0,0,0,0,0,0,0,0,0,0,0,0,0,0,0,0,0,0,0,0,0,0,0,0,0,0,0,0,0,0,0,0,0,0,0,0,0,0,0,0,0,0,0,4,2,2,2,5,2,4,2,0,0,0,0,0,0,0,0,0,0,0,0,0,0,0,0,0,2,2,2,1,2,0,2,2,0,0,0,0,0,0,0,0,0,0,0,2,2,2,2,3,1,3,2,1,0,0,0,0,0,0,2,2,2,2,2,0,0,5,0,0,0,0,3,3,0,0,0,0,0,0,0,0,0,0,0,5,3,5,5,0,0,0,0,0,3,0,0,0,0,0,0,0,5,2,2,2,2,2,5,0,0,0,0,0,0,0,0,0,0,0,0,0,0,0,5,2,3,0,2,2,4,0,0,0,0,0,0,0,0,0,0,0,0,0,0,0,0,0,0,0,0,0,0,0,0,0,0,0,0,0,0,0,0,2,2,2,2,2,2,3,2,2,0,0,0,0,0,0,0,0,0,0,0,0,0,0,0,0,0,0,0,0,0,0,0,0,1,3,2,2,0,0,0,0,0,0,0,0,0,0,0,0,0,0,0,0,0,0,0,0,0,0,0,0,0,0,0,0,0,2,4,2,3,2,5,2,2,1,0,1,4,2,0,0,0,0,0,2,1,0,0,0,0,0,0,0,0,0,0,0,0,0,0,0,0,0,0,0,0,0,0,0,0,0,0,0,0,0,0,0,0,0,0,0,0,0,0,0,0,0,0,0,0,0,0,0,5,0,2,2,5,0,2,2,3,2,2,1,2,2,2,0,0,0,3,3,2,2,0,0,0,0,0,0,0,0,0,0,0,0,2,2,0,0,0,0,0,0,0,0,0,0,0,0,0,0,0,0,0,0,0,0,0,0,0,0,0,0,0,0,0,0,0,2,2,3,2,4,5,0,0,0,0,0,0,0,0,0,0,0,0,0,0,0,0,0,0,0,0,0,0,0,0,0,0,0,0,0,0,0,0,0,0,1,0,0,0,0,0,0,0,0,0,0,0,0,0,0,0,0,0,0,0,0,0,0,0,0,0,0,2,2,0,0,0,0,0,0,2,0,1,3,1,2,0,0,0,0,0,0,0,0,0,0,0,0,0,0,0,0,0,0,0,0,0,0,0,0,0,0,0,0,5,3,0,0,0,0,2,5,5,0,0,5,3,0,0,0,0,0,0,0,0,0,0,0,0,0,0,0,4,5,0,0,0,0,2,2,2,0,0,0,0,2,2,3,2,2,0,0,0,1,1,2,2,2,3,0,0,2,1,3,2,5,0,0,0,0,0,0,0,0,0,0,0,0,2,2,3,0,0,0,0,0,0,0,0,0,0,0,0,0,0,0,0,0,0,0,0,0,0,0,0,0,0,0,0,0,0,0,0,0,0,0,0,0,0,0,2,5,0,0,0,0,4,0,0,0,0,0,0,0,0,0,0,0,0,0,0,0,0,0,0,0,0,0,0,0,0,0,0,0,0,0,0,0,0,0,0,0,0,0,0,0,0,0,0,0,0,0,0,0,0,0,0,0,0,0,0,0,0,0,0,0,0,0,0,0,0,0,0,0,0,0,0,0,0,0,0,0,0,0,0,0,0,0,0,0,0,0,0,0,0,0,0,0,0,0,2,2,0,0,4,1,2,2,4,0,0,0,0,0,1,2,2,2,0,0,0,0,0,0,0,0,0,0,0,0,0,0,0,0,0,0,0,0,0,0,0,0,0,0,0,0,0,0,0,0,0,0,0,0,0,0,0,0,0,0,0,2,2,0,0,0,0,0,0,0,0,0,0,0,0,0,0,0,0,3,1,2,1,1,0,0,0,0,5,0,0,0,0,0,0,0,2,2,0,0,0,0,0,0,0,0,2,3,2,2,0,0,0,3,2,2,2,2,0,2,2,1,2,2,0,2,2,0,0,0,0,0,0,0,0,0,0,0,0,0,0,0,0,0,0,2,2,1,0,0,0,0,0,0,0,0,0,0,0,0,0,0,0,0,2,1,2,2,3,2,0,0,0,0,0,0,0,5,2,0,0,0,0,0,0,0,0,0,0,0,0,0,0,0,0,2,3,0,0,0,0,0,0,0,0,0,0,0,0,0,0,0,0,0,0,0,0,0,0,0,0,0,0,0,0,0,0,0,0,0,0,0,0,0,0,0,0,0,0,0,3,2,5,2,0,0,0,0,0,0,0,0,0,0,0,0,0,0,0,0,0,0,0,0,0,0,0,0,0,0,0,0,0,0,0,0,0,0,0,0,0,0,0,0,0,0,0,0,0,0,0,0,0,0,0,0,0,0,0,0,0,0,0,0,0,0,0,0,0,0,0,0,0,0,0,0,0,0,0,0,0,0,0,0,0,0,0,0,0,0,0,0,0,0,0,0,0,0,0,0,0,0,0,0,0,0,0,0,0,0,0,0,0,0,0,0,0,0,0,0,0,0,0,0,0,0,0,0,0,0,0,0,0,0,0,0,0,0,0,0,0,0,0,5,3,2,2,2,2,2,2,4,2,1,4,1,2,2,2,1,4,1,1,5,2,2,2,2,5,2,3,3,2,5,2,2,3,5,0,0,0,0,0,0,0,0,0,0,0,0,0,0,0,0,0,0,0,0,0,0,0,2,5,2,5,3,2,0,0,0,0,0,0,0,0,5,0,0,0,2,3,2,2,2,2,0,0,0,0,0,2,2,2,2,2,0,0,0,1,2,3,1,2,2,2,0,0,0,0,0,2,3,2,2,3,2,2,4,2,0,0,0,0,0,0,0,0,3,2,1,5,4,2,0,0,0,0,3,0,0,0,0,0,0,0,0,0,0,0,0,0,0,0,0,0,2,0,0,2,0,0,0,0,0,0,0,0,0,0,0,0,0,0,0,0,0,0,0,0,0,0,0,0,0,0,0,0,0,0,0,0,0,0,0,0,0,0,0,0,0,0,0,0,0,0,0,0,0,0,0,0,0,0,0,0,0,0,0,0,0,0,0,0,0,0,0,0,0,0,0,0,0,0,0,0,0,2,2,0,2,0,0,0,0,0,2,2,2,0,2,3,2,3,3,1,1,3,1,2,2,0,0,0,0,0,0,0,2,2,2,2,3,1,5,2,2,5,0,4,2,0,0,0,0,2,3,5,2,0,0,0,0,0,0,0,0,0,0,0,0,0,0,0,0,0,0,0,0,0,0,0,0,0,0,0,0,0,0,0,0,0,0,0,0,0,0,0,0,0,0,0,0,0,0,0,0,0,0,0,0,0,0,0,0,0,0,0,0,0,0,0,0,0,0,0,0,0,0,0,0,0,0,0,0,0,0,0,0,0,0,0,0,0,0,0,0,0,0,0,0,0,0,0,0,2,1,1,3,2,3,2,2,5,1,5,5,2,1,4,3,0,0,0,0,0,0,0,0,0,0,0,0,0,0,0,0,0,0,0,0,0,0,0,0,0,0,0,0,0,0,0,0,0,0,0,0,0,0,0,0,0,0,0,0,0,0,0,0,0,0,0,0,0,0,0,0,0,0,0,0,0,0,0,0,0,0,0,0,0,0,0,0,0,0,0,0,0,0,0,0,0,0,0,0,0,0,0,0,0,0,0,0,0,0,0,0,0,0,0,0,0,0,0,0,0,0,0,0,0,0,0,0,0,0,0,0,0,0,0,0,0,0,0,0,0,0,0,0,0,0,0,0,0,0,0,0,0,0,0,0,0,0,0,0,0,0,0,0,0,0,0,0,0,0,0,0,0,0,0,0,0,0,0,0,0,0,0,0,0,0,0,0,0,0,0,0,0,0,0,0,0,0,0,0,0,0,0,0,0,0,0,0,0,0,0,0,0,0,0,0,0,0,0,0,0,0,0,0,0,0,0,0,0,0,0,0,0,0,0,0,0,0,0,0,0,0,0,0,0,0,0,0,0,0,0,0,0,0,0,0,0,0,0,0,0,0,0,0,0,0,0,0,0,0,0,0,0,0,0,0,0,0,0,0,0,0,0,0,0,0,0,0,0,0,0,0,0,0,0,0,0,0,0,0,3,2,3,5,5,3,3,3,3,3,2,2,2,3,5,5,3,0,0,0,0,0,0,0,0,0,0,0,0,0,0,0,0,0,0,0,0,0,0,0,0,0,0,0,0,0,0,0,0,0,0,0,0,0,0,0,0,0,0,0,0,0,0,0,0,0,0,0,0,0,0,0,0,0,0,0,0,0,0,0,0,0,0,0,0,0,0,0,0,0,0,0,0,0,0,0,0,0,0,0,0,0,0,0,0,0,0,0,0,0,0,0,0,0,0,0,0,0,0,0,0,0,0,0,0,0,0,0,0,0,0,0,0,0,0,0,0,0,0,0,0,0,0,0,0,0,3,3,3,5,3,1,3,3,1,3,3,2,0,0,0,0,0,0,0,0,0,0,0,0,0,0,0,0,0,0,0,0,0,0,0,0,0,0,0,0,0,0,0,0,0,0,0,0,0,0,0,0,0,0,0,0,0,0,0,0,0,0,0,0,0,0,0,0,2.7172205448150635,-7.152318954467773,-3.19093918800354,10.35710620880127,0.7094583511352539,-0.5854389667510986,-11.15243911743164,-1.2715743780136108,8.055976867675781,1.936049222946167,-2.363523483276367,1.1558605432510376,-6.845315456390381,1.6630594730377195,-6.708078861236572,-2.254437208175659,5.032206535339356,-6.4852800369262695,-1.9071766138076784,8.069229125976562,6.935562610626221,5.318667888641357,13.300616264343262,9.49453353881836,-9.832975387573242,-2.2796196937561035,-2.269209861755371,-9.609868049621582,1.2450551986694336,-0.1847184896469116,11.414888381958008,-11.10891819000244,-7.364289283752441,-6.422135353088379,2.7990176677703857,0.7981835603713989,-1.6054291725158691,-1.774421453475952,9.761842727661133,2.5092580318450928,-2.517584562301636,-0.5411040186882019,-6.380433559417725,-0.6560930609703064,-11.104110717773438,5.070817470550537,-1.4895994663238523,7.594305515289307,-7.972632884979248,10.317502975463867,5.856576919555664,-5.192246913909912,-2.405076265335083,-10.019845962524414,-6.965651988983154,-6.712334156036377,-5.864209175109863,-0.4405245780944824,3.6748061180114746,6.071233749389648,2.2554452419281006,-10.39992618560791,-3.3453683853149414,0.0542511641979217,-19.347736358642575,-3.0268003940582275,9.952302932739258,-2.6512224674224854,-1.676513671875,0.8126712441444397,-7.645693302154541,0.2398603856563568,10.324689865112305,-5.800413131713867,0.1368401646614074,6.896894454956055,-7.644744873046875,1.9511260986328125,-3.642370223999024,2.435057640075684,6.959006786346436,-1.7036137580871582,-3.695417642593384,-9.307340621948242,4.417050838470459,-1.6832501888275146,-8.528412818908691,8.832932472229004,3.9665255546569824,-0.647551417350769,6.913774013519287,0.0582538321614265,4.739438056945801,4.048184871673584,3.71877384185791,-0.7675384283065796,2.950073719024658,8.330649375915527,5.914898872375488,6.074877262115479,-8.955451965332031,-6.0862226486206055,-5.40029239654541,-14.03235149383545,4.504737854003906,-3.655840158462525,-2.027308225631714,3.654245853424072,-1.1540621519088743,-6.089360237121582,-11.376585960388184,4.774938583374023,3.6667773723602295,-0.8311722874641418,3.2031383514404297,-5.17609977722168,10.369220733642578,10.613198280334473,-3.9879019260406494,6.136585712432861,-10.397890090942385,0.3907864093780517,-3.9096271991729736,4.896808624267578,5.467753410339356,-9.421700477600098,-5.754648208618164,-1.9499568939208984,-6.476344585418701,2.0053153038024902,-2.5139997005462646,4.533738136291504,9.834815979003906,8.425617218017578,-0.9581077694892884,15.84097671508789,12.697781562805176,-1.262798547744751,10.553488731384276,-3.953857660293579,6.050412654876709,-2.3798482418060303,-4.435822010040283,-2.6047842502593994,9.248230934143066,7.82983922958374,-0.6114487051963806,1.6951531171798706,-0.6443328857421875,6.67948579788208,10.359454154968262,2.615443229675293,8.459639549255371,-2.1464273929595947,-1.608540415763855,4.447348594665527,-7.573246955871582,-5.313559532165527,0.4826282262802124,-4.885731220245361,-5.231247425079346,-5.371995449066162,-4.400282859802246,-2.5793356895446777,0.0013305097818374,-10.41126823425293,1.2931478023529053,-1.0749542713165283,-1.2333751916885376,6.263020515441895,-9.324712753295898,-6.125136375427246,10.565189361572266,0.3932704031467438,2.966174602508545,4.351910591125488,5.550613880157471,-2.066048622131348,-0.7412383556365967,10.764567375183104,0.3261500298976898,5.806181907653809,-4.478832721710205,12.11546802520752,6.827562808990479,-2.7118124961853027,-3.562530040740967,-4.684760570526123,-5.269186496734619,-0.8280044198036194,-1.9841428995132449,-0.7473437190055847,1.7291871309280396,1.615347981452942,-2.2576797008514404,1.407888650894165,-6.095930099487305,-10.926939964294434,-1.614951491355896,2.0579395294189453,6.175928592681885,4.312349796295166,5.1704816818237305,3.7000069618225098,6.203855514526367,-2.0969839096069336,12.62599754333496,5.966061592102051,11.689969062805176,-2.0749142169952397,10.602486610412598,-4.505859375,7.437978267669678,-8.002882957458496,3.449837446212769,0.0024731010198593,1.103770732879639,6.144289016723633,-8.794596672058105,4.145994186401367,1.76676607131958,-9.676108360290527,-4.942338943481445,-0.7838713526725769,4.535131931304932,-2.521059989929199,-5.359188556671143,0.697311282157898,4.123607158660889,-5.0087714195251465,5.4088006019592285,-0.8118864297866821,-5.496320724487305,-12.130812644958496,-2.25894546508789,-7.676569938659668,-6.327865123748779,0.7624419927597046,-6.391453266143799,9.442346572875977,6.060811996459961,-1.3127065896987915,4.406250476837158,2.543278694152832,-5.566495895385742,4.124322891235352,-14.546268463134766,-9.783004760742188,-1.3534245491027832,-4.300615310668945,-14.987793922424316,4.649059772491455,-1.3965122699737549,0.1748846024274826,-15.57572078704834,1.244331955909729,3.642962455749512,-7.418118000030518,4.284736633300781,-5.6384100914001465,2.118335247039795,6.985593318939209,6.641207695007324,11.315004348754885,4.951989650726318,-3.8006415367126474,-9.77542781829834,8.404828071594238,-1.1688148975372314,-3.4261245727539062,-4.0602898597717285,2.004131317138672,-3.4634158611297607,1.160323143005371,-1.5883125066757202,-5.973678112030029,-1.4073152542114258,-1.4962671995162964,0.7737548351287842,0.1571634709835052,-6.954464912414551,-6.254638671875,-15.136962890625,-7.953244686126709,-1.0475378036499023,4.612343788146973,0.4784129559993744,-0.9731005430221558,-4.434545516967773,0.8450882434844971,-0.872029721736908,11.555813789367676,9.77540111541748,-3.732574939727783,-9.441661834716797,-5.702072620391846,-4.626079559326172,-4.909265995025635,-12.580805778503418,-2.8848230838775635,-1.0,1.2648178230095364
OXYR_HUMAN,CHEMBL2113214,CCC(C)(C)c1ccc(S(=O)(=O)N(CC(=O)NNC2=c3ccccc3=NC2=O)c2ccc(Cl)cc2)cc1,0,0,0,0,0,0,0,0,0,0,0,0,0,0,0,0,0,0,0,0,0,0,0,0,0,0,0,0,0,0,0,0,0,0,0,0,0,0,0,0,0,0,0,0,0,0,0,0,0,0,0,0,0,0,0,0,0,0,0,0,0,0,0,0,0,0,0,0,0,0,0,0,0,0,0,0,0,0,0,0,0,0,0,0,0,0,0,0,0,0,0,0,0,0,0,0,0,0,0,0,0,0,0,0,0,0,0,0,0,0,0,0,0,0,0,0,0,0,0,0,0,0,0,0,0,0,0,0,0,0,0,0,0,0,0,0,0,0,0,0,0,0,0,0,0,0,0,0,0,0,0,0,0,0,0,0,0,0,0,0,0,0,0,0,0,0,0,0,0,0,0,0,0,0,0,0,0,0,0,0,0,0,0,0,0,2,4,1,2,2,2,2,3,2,3,2,4,2,2,3,2,0,0,0,0,0,0,0,0,0,0,0,0,0,0,0,0,3,2,2,1,0,0,0,0,0,0,0,0,0,0,0,0,0,0,0,0,0,1,1,2,4,1,3,0,0,0,0,0,0,0,0,0,0,0,5,3,0,0,0,0,0,0,0,0,0,0,0,0,0,0,0,0,0,0,0,0,0,0,0,0,0,0,0,0,0,0,0,0,0,0,0,0,0,0,0,0,0,0,0,0,0,0,0,0,0,0,0,0,0,0,0,0,0,0,0,0,0,0,0,0,0,0,0,0,0,0,0,0,0,0,0,0,0,0,0,0,0,0,0,0,0,0,0,0,0,0,0,0,0,0,0,0,0,0,0,0,0,0,0,0,0,0,0,0,0,0,0,0,0,0,0,0,0,0,0,0,0,0,0,0,0,0,0,0,0,0,0,0,0,0,0,0,0,0,0,0,0,0,0,0,0,0,0,0,0,0,0,0,0,0,0,0,0,0,0,0,0,0,0,0,0,0,0,0,0,0,0,0,0,0,0,0,2,1,1,1,5,5,3,0,0,0,0,0,0,0,0,0,0,0,0,0,0,0,0,0,0,0,0,0,0,0,0,0,0,0,0,0,0,0,0,0,0,0,0,0,0,0,0,0,0,0,0,0,0,0,0,0,0,0,0,0,0,0,0,0,0,0,0,0,0,0,0,0,0,0,0,0,0,0,0,0,0,0,0,0,0,0,0,0,0,0,0,0,0,0,0,0,0,0,0,0,0,0,0,0,0,0,0,0,0,0,0,0,0,0,0,0,0,0,0,0,0,0,0,0,0,0,0,0,0,0,0,0,0,0,0,0,0,0,0,0,0,0,0,0,0,0,0,0,0,0,0,0,0,0,0,0,4,2,2,2,5,2,4,2,0,0,0,0,0,0,0,0,0,0,0,0,0,0,0,0,0,2,2,2,1,2,0,2,2,0,0,0,0,0,0,0,0,0,0,0,2,2,2,2,3,1,3,2,1,0,0,0,0,0,0,2,2,2,2,2,0,0,5,0,0,0,0,3,3,0,0,0,0,0,0,0,0,0,0,0,5,3,5,5,0,0,0,0,0,3,0,0,0,0,0,0,0,5,2,2,2,2,2,5,0,0,0,0,0,0,0,0,0,0,0,0,0,0,0,5,2,3,0,2,2,4,0,0,0,0,0,0,0,0,0,0,0,0,0,0,0,0,0,0,0,0,0,0,0,0,0,0,0,0,0,0,0,0,2,2,2,2,2,2,3,2,2,0,0,0,0,0,0,0,0,0,0,0,0,0,0,0,0,0,0,0,0,0,0,0,0,1,3,2,2,0,0,0,0,0,0,0,0,0,0,0,0,0,0,0,0,0,0,0,0,0,0,0,0,0,0,0,0,0,2,4,2,3,2,5,2,2,1,0,1,4,2,0,0,0,0,0,2,1,0,0,0,0,0,0,0,0,0,0,0,0,0,0,0,0,0,0,0,0,0,0,0,0,0,0,0,0,0,0,0,0,0,0,0,0,0,0,0,0,0,0,0,0,0,0,0,5,0,2,2,5,0,2,2,3,2,2,1,2,2,2,0,0,0,3,3,2,2,0,0,0,0,0,0,0,0,0,0,0,0,2,2,0,0,0,0,0,0,0,0,0,0,0,0,0,0,0,0,0,0,0,0,0,0,0,0,0,0,0,0,0,0,0,2,2,3,2,4,5,0,0,0,0,0,0,0,0,0,0,0,0,0,0,0,0,0,0,0,0,0,0,0,0,0,0,0,0,0,0,0,0,0,0,1,0,0,0,0,0,0,0,0,0,0,0,0,0,0,0,0,0,0,0,0,0,0,0,0,0,0,2,2,0,0,0,0,0,0,2,0,1,3,1,2,0,0,0,0,0,0,0,0,0,0,0,0,0,0,0,0,0,0,0,0,0,0,0,0,0,0,0,0,5,3,0,0,0,0,2,5,5,0,0,5,3,0,0,0,0,0,0,0,0,0,0,0,0,0,0,0,4,5,0,0,0,0,2,2,2,0,0,0,0,2,2,3,2,2,0,0,0,1,1,2,2,2,3,0,0,2,1,3,2,5,0,0,0,0,0,0,0,0,0,0,0,0,2,2,3,0,0,0,0,0,0,0,0,0,0,0,0,0,0,0,0,0,0,0,0,0,0,0,0,0,0,0,0,0,0,0,0,0,0,0,0,0,0,0,2,5,0,0,0,0,4,0,0,0,0,0,0,0,0,0,0,0,0,0,0,0,0,0,0,0,0,0,0,0,0,0,0,0,0,0,0,0,0,0,0,0,0,0,0,0,0,0,0,0,0,0,0,0,0,0,0,0,0,0,0,0,0,0,0,0,0,0,0,0,0,0,0,0,0,0,0,0,0,0,0,0,0,0,0,0,0,0,0,0,0,0,0,0,0,0,0,0,0,0,2,2,0,0,4,1,2,2,4,0,0,0,0,0,1,2,2,2,0,0,0,0,0,0,0,0,0,0,0,0,0,0,0,0,0,0,0,0,0,0,0,0,0,0,0,0,0,0,0,0,0,0,0,0,0,0,0,0,0,0,0,2,2,0,0,0,0,0,0,0,0,0,0,0,0,0,0,0,0,3,1,2,1,1,0,0,0,0,5,0,0,0,0,0,0,0,2,2,0,0,0,0,0,0,0,0,2,3,2,2,0,0,0,3,2,2,2,2,0,2,2,1,2,2,0,2,2,0,0,0,0,0,0,0,0,0,0,0,0,0,0,0,0,0,0,2,2,1,0,0,0,0,0,0,0,0,0,0,0,0,0,0,0,0,2,1,2,2,3,2,0,0,0,0,0,0,0,5,2,0,0,0,0,0,0,0,0,0,0,0,0,0,0,0,0,2,3,0,0,0,0,0,0,0,0,0,0,0,0,0,0,0,0,0,0,0,0,0,0,0,0,0,0,0,0,0,0,0,0,0,0,0,0,0,0,0,0,0,0,0,3,2,5,2,0,0,0,0,0,0,0,0,0,0,0,0,0,0,0,0,0,0,0,0,0,0,0,0,0,0,0,0,0,0,0,0,0,0,0,0,0,0,0,0,0,0,0,0,0,0,0,0,0,0,0,0,0,0,0,0,0,0,0,0,0,0,0,0,0,0,0,0,0,0,0,0,0,0,0,0,0,0,0,0,0,0,0,0,0,0,0,0,0,0,0,0,0,0,0,0,0,0,0,0,0,0,0,0,0,0,0,0,0,0,0,0,0,0,0,0,0,0,0,0,0,0,0,0,0,0,0,0,0,0,0,0,0,0,0,0,0,0,0,5,3,2,2,2,2,2,2,4,2,1,4,1,2,2,2,1,4,1,1,5,2,2,2,2,5,2,3,3,2,5,2,2,3,5,0,0,0,0,0,0,0,0,0,0,0,0,0,0,0,0,0,0,0,0,0,0,0,2,5,2,5,3,2,0,0,0,0,0,0,0,0,5,0,0,0,2,3,2,2,2,2,0,0,0,0,0,2,2,2,2,2,0,0,0,1,2,3,1,2,2,2,0,0,0,0,0,2,3,2,2,3,2,2,4,2,0,0,0,0,0,0,0,0,3,2,1,5,4,2,0,0,0,0,3,0,0,0,0,0,0,0,0,0,0,0,0,0,0,0,0,0,2,0,0,2,0,0,0,0,0,0,0,0,0,0,0,0,0,0,0,0,0,0,0,0,0,0,0,0,0,0,0,0,0,0,0,0,0,0,0,0,0,0,0,0,0,0,0,0,0,0,0,0,0,0,0,0,0,0,0,0,0,0,0,0,0,0,0,0,0,0,0,0,0,0,0,0,0,0,0,0,0,2,2,0,2,0,0,0,0,0,2,2,2,0,2,3,2,3,3,1,1,3,1,2,2,0,0,0,0,0,0,0,2,2,2,2,3,1,5,2,2,5,0,4,2,0,0,0,0,2,3,5,2,0,0,0,0,0,0,0,0,0,0,0,0,0,0,0,0,0,0,0,0,0,0,0,0,0,0,0,0,0,0,0,0,0,0,0,0,0,0,0,0,0,0,0,0,0,0,0,0,0,0,0,0,0,0,0,0,0,0,0,0,0,0,0,0,0,0,0,0,0,0,0,0,0,0,0,0,0,0,0,0,0,0,0,0,0,0,0,0,0,0,0,0,0,0,0,0,2,1,1,3,2,3,2,2,5,1,5,5,2,1,4,3,0,0,0,0,0,0,0,0,0,0,0,0,0,0,0,0,0,0,0,0,0,0,0,0,0,0,0,0,0,0,0,0,0,0,0,0,0,0,0,0,0,0,0,0,0,0,0,0,0,0,0,0,0,0,0,0,0,0,0,0,0,0,0,0,0,0,0,0,0,0,0,0,0,0,0,0,0,0,0,0,0,0,0,0,0,0,0,0,0,0,0,0,0,0,0,0,0,0,0,0,0,0,0,0,0,0,0,0,0,0,0,0,0,0,0,0,0,0,0,0,0,0,0,0,0,0,0,0,0,0,0,0,0,0,0,0,0,0,0,0,0,0,0,0,0,0,0,0,0,0,0,0,0,0,0,0,0,0,0,0,0,0,0,0,0,0,0,0,0,0,0,0,0,0,0,0,0,0,0,0,0,0,0,0,0,0,0,0,0,0,0,0,0,0,0,0,0,0,0,0,0,0,0,0,0,0,0,0,0,0,0,0,0,0,0,0,0,0,0,0,0,0,0,0,0,0,0,0,0,0,0,0,0,0,0,0,0,0,0,0,0,0,0,0,0,0,0,0,0,0,0,0,0,0,0,0,0,0,0,0,0,0,0,0,0,0,0,0,0,0,0,0,0,0,0,0,0,0,0,0,0,0,0,0,3,2,3,5,5,3,3,3,3,3,2,2,2,3,5,5,3,0,0,0,0,0,0,0,0,0,0,0,0,0,0,0,0,0,0,0,0,0,0,0,0,0,0,0,0,0,0,0,0,0,0,0,0,0,0,0,0,0,0,0,0,0,0,0,0,0,0,0,0,0,0,0,0,0,0,0,0,0,0,0,0,0,0,0,0,0,0,0,0,0,0,0,0,0,0,0,0,0,0,0,0,0,0,0,0,0,0,0,0,0,0,0,0,0,0,0,0,0,0,0,0,0,0,0,0,0,0,0,0,0,0,0,0,0,0,0,0,0,0,0,0,0,0,0,0,0,3,3,3,5,3,1,3,3,1,3,3,2,0,0,0,0,0,0,0,0,0,0,0,0,0,0,0,0,0,0,0,0,0,0,0,0,0,0,0,0,0,0,0,0,0,0,0,0,0,0,0,0,0,0,0,0,0,0,0,0,0,0,0,0,0,0,0,0,0.8714820146560669,-2.574249505996704,-5.201613426208496,8.071950912475586,2.107444524765014,-0.777899444103241,-17.36993980407715,0.0258577838540077,14.786150932312012,8.230241775512695,-6.832123756408691,-0.9768324494361876,-13.250226974487305,0.9950506687164308,-6.2810540199279785,-0.2554740905761719,6.640250205993652,-3.418641328811645,-6.169627189636231,9.264120101928713,-0.9853515028953552,7.481629371643066,20.928844451904297,8.657780647277832,-11.747867584228516,-2.064482450485229,2.812161445617676,-11.49215030670166,1.8470689058303835,0.2437395453453064,14.901714324951172,-8.921466827392578,-4.600172519683838,-8.115028381347656,4.570646286010742,0.0240753255784511,1.9487131834030151,1.6629122495651243,9.56058406829834,5.377928256988525,-0.7567569613456726,-1.4322030544281006,-9.016243934631348,0.4214151799678802,-14.374005317687988,4.619137763977051,-1.2723482847213743,10.363304138183594,-8.71729564666748,3.580972671508789,8.723431587219238,-10.913217544555664,-7.548110485076904,-10.857181549072266,-8.671407699584961,-8.019848823547363,-3.889021635055542,0.524179220199585,7.644601821899414,3.1709790229797363,-1.1088377237319946,-9.656085968017578,-3.967849969863892,5.004542827606201,-17.446306228637695,-0.5005511045455933,12.880781173706056,2.8429195880889893,-5.507282733917236,2.662900686264038,-8.68211555480957,2.0396547317504883,8.823298454284668,-11.564324378967283,-3.6018524169921875,6.097793102264404,-8.657209396362305,5.533016681671143,-0.8767107129096985,4.945314884185791,7.03374719619751,-1.609013319015503,-9.515419006347656,-12.324295043945312,3.997141122817993,-1.3950650691986084,-8.513327598571777,6.93787145614624,1.013289213180542,-0.7236581444740295,4.183497428894043,3.4687514305114746,3.4751248359680176,11.790740966796877,4.11922550201416,-0.8946365118026733,2.8492300510406494,4.112843990325928,9.501769065856934,1.325353741645813,-6.051318168640137,-12.117239952087402,-6.676456451416016,-12.083081245422363,4.267056465148926,-9.923821449279783,-7.411917686462402,4.490557193756104,3.2189292907714844,-9.502203941345217,-19.157520294189453,3.7103559970855713,5.3871660232543945,-2.9075441360473637,0.5847752690315247,-6.422720909118652,9.513341903686523,9.851760864257812,-5.507927417755127,6.4563889503479,-14.47761058807373,0.6997122764587402,-4.896299362182617,9.31089210510254,7.634008407592773,-9.717158317565918,-15.976739883422852,-0.6039395928382874,-0.9518640041351318,0.473283976316452,-5.590032577514648,1.094533085823059,10.106800079345703,17.690458297729492,-3.517690896987915,16.290014266967773,16.61736488342285,2.289280414581299,15.69841480255127,-3.5823678970336914,11.401009559631348,-2.0734333992004395,0.2137998938560485,-0.4937281310558319,15.295828819274902,9.434873580932615,5.418402671813965,1.1957612037658691,2.3257226943969727,11.66184425354004,9.221515655517578,3.6246960163116455,10.239250183105469,-4.088841438293457,-0.8627691864967346,2.9382870197296143,-8.096622467041016,-8.674027442932129,5.650047302246094,-9.613727569580078,-2.0870792865753174,-2.6247341632843018,-9.668871879577637,5.855903625488281,3.164299726486206,-8.2426118850708,2.624669551849365,-6.153044700622559,0.2498067319393158,7.202289581298828,-9.972574234008787,-5.260600090026856,16.314334869384766,-4.222388744354248,0.1514036357402801,-0.2656894326210022,6.7934651374816895,-3.136679172515869,-7.982633590698242,12.691784858703612,-6.641541004180908,9.101154327392578,-3.704402923583984,10.05520725250244,10.968908309936523,-4.871978759765625,-2.345754146575928,-3.4355270862579346,-9.039865493774414,-6.083871841430664,-1.73362934589386,-0.2048504650592804,-2.78341007232666,1.2284595966339111,4.354654788970947,0.3620352149009704,-5.482478141784668,-12.612683296203612,-0.205848291516304,-0.6699395179748535,1.0369842052459717,2.098010301589966,8.942626953125,0.3097160160541534,5.864848136901856,-4.93951416015625,15.354371070861816,6.843328475952148,13.238222122192385,-2.8210952281951904,18.535423278808597,-2.3225743770599365,8.814078330993652,-6.024507999420166,4.692175388336182,5.791904449462891,2.766091823577881,5.865768432617188,-10.17678165435791,7.231770038604736,3.747543811798096,-11.35476303100586,-1.3621846437454224,0.9349349737167358,4.727516174316406,-6.670241832733154,-1.854643940925598,4.048492908477783,11.668386459350586,-14.029279708862305,5.45926570892334,-3.218940019607544,-12.801833152770996,-15.353588104248049,-5.2421698570251465,-3.456113338470459,-1.910060286521912,-4.101528167724609,-6.767028331756592,12.025802612304688,4.305202007293701,-0.931708574295044,5.784780979156494,-0.5614156126976013,-6.045460224151611,5.717718601226807,-16.14178466796875,-10.755250930786133,-0.2519343495368957,-10.380285263061523,-21.50793838500977,3.062638282775879,-2.3571252822875977,-0.3601089119911194,-17.129192352294922,1.766862154006958,5.966238498687744,-13.999451637268066,11.965391159057615,-8.945417404174805,-3.201429843902588,7.119485378265381,6.291308403015137,13.74022388458252,2.1158154010772705,-6.466763496398926,-7.453900337219238,4.501335620880127,1.5515251159667969,-9.93769359588623,-1.2727223634719849,5.937349319458008,0.2599390149116516,5.495296955108643,0.3633060157299042,-7.464656829833984,-2.822307586669922,-3.618866682052612,-1.4598782062530518,-1.4938735961914062,-9.822322845458984,-5.820437431335449,-22.52793884277344,-9.121712684631348,0.7934422492980957,2.1470017433166504,1.0345685482025146,-2.434272766113281,-6.936406135559082,-0.2152255922555923,-0.7644606828689575,14.466270446777344,16.456356048583984,2.5590877532958984,-12.322443962097168,-3.275969982147217,-6.495182514190674,-5.011264801025391,-15.508749961853027,-4.170201301574707,-1.0,3.243038048686294
OXYR_HUMAN,CHEMBL2113204,O=C(CN(c1ccc(Cl)cc1)S(=O)(=O)c1cccs1)NNC1=c2ccccc2=NC1=O,0,0,0,0,0,0,0,0,0,0,0,0,0,0,0,0,0,0,0,0,0,0,0,0,0,0,0,0,0,0,0,0,0,0,0,0,0,0,0,0,0,0,0,0,0,0,0,0,0,0,0,0,0,0,0,0,0,0,0,0,0,0,0,0,0,0,0,0,0,0,0,0,0,0,0,0,0,0,0,0,0,0,0,0,0,0,0,0,0,0,0,0,0,0,0,0,0,0,0,0,0,0,0,0,0,0,0,0,0,0,0,0,0,0,0,0,0,0,0,0,0,0,0,0,0,0,0,0,0,0,0,0,0,0,0,0,0,0,0,0,0,0,0,0,0,0,0,0,0,0,0,0,0,0,0,0,0,0,0,0,0,0,0,0,0,0,0,0,0,0,0,0,0,0,0,0,0,0,0,0,0,0,0,0,0,2,4,1,2,2,2,2,3,2,3,2,4,2,2,3,2,0,0,0,0,0,0,0,0,0,0,0,0,0,0,0,0,3,2,2,1,0,0,0,0,0,0,0,0,0,0,0,0,0,0,0,0,0,1,1,2,4,1,3,0,0,0,0,0,0,0,0,0,0,0,5,3,0,0,0,0,0,0,0,0,0,0,0,0,0,0,0,0,0,0,0,0,0,0,0,0,0,0,0,0,0,0,0,0,0,0,0,0,0,0,0,0,0,0,0,0,0,0,0,0,0,0,0,0,0,0,0,0,0,0,0,0,0,0,0,0,0,0,0,0,0,0,0,0,0,0,0,0,0,0,0,0,0,0,0,0,0,0,0,0,0,0,0,0,0,0,0,0,0,0,0,0,0,0,0,0,0,0,0,0,0,0,0,0,0,0,0,0,0,0,0,0,0,0,0,0,0,0,0,0,0,0,0,0,0,0,0,0,0,0,0,0,0,0,0,0,0,0,0,0,0,0,0,0,0,0,0,0,0,0,0,0,0,0,0,0,0,0,0,0,0,0,0,0,0,0,0,0,2,1,1,1,5,5,3,0,0,0,0,0,0,0,0,0,0,0,0,0,0,0,0,0,0,0,0,0,0,0,0,0,0,0,0,0,0,0,0,0,0,0,0,0,0,0,0,0,0,0,0,0,0,0,0,0,0,0,0,0,0,0,0,0,0,0,0,0,0,0,0,0,0,0,0,0,0,0,0,0,0,0,0,0,0,0,0,0,0,0,0,0,0,0,0,0,0,0,0,0,0,0,0,0,0,0,0,0,0,0,0,0,0,0,0,0,0,0,0,0,0,0,0,0,0,0,0,0,0,0,0,0,0,0,0,0,0,0,0,0,0,0,0,0,0,0,0,0,0,0,0,0,0,0,0,0,4,2,2,2,5,2,4,2,0,0,0,0,0,0,0,0,0,0,0,0,0,0,0,0,0,2,2,2,1,2,0,2,2,0,0,0,0,0,0,0,0,0,0,0,2,2,2,2,3,1,3,2,1,0,0,0,0,0,0,2,2,2,2,2,0,0,5,0,0,0,0,3,3,0,0,0,0,0,0,0,0,0,0,0,5,3,5,5,0,0,0,0,0,3,0,0,0,0,0,0,0,5,2,2,2,2,2,5,0,0,0,0,0,0,0,0,0,0,0,0,0,0,0,5,2,3,0,2,2,4,0,0,0,0,0,0,0,0,0,0,0,0,0,0,0,0,0,0,0,0,0,0,0,0,0,0,0,0,0,0,0,0,2,2,2,2,2,2,3,2,2,0,0,0,0,0,0,0,0,0,0,0,0,0,0,0,0,0,0,0,0,0,0,0,0,1,3,2,2,0,0,0,0,0,0,0,0,0,0,0,0,0,0,0,0,0,0,0,0,0,0,0,0,0,0,0,0,0,2,4,2,3,2,5,2,2,1,0,1,4,2,0,0,0,0,0,2,1,0,0,0,0,0,0,0,0,0,0,0,0,0,0,0,0,0,0,0,0,0,0,0,0,0,0,0,0,0,0,0,0,0,0,0,0,0,0,0,0,0,0,0,0,0,0,0,5,0,2,2,5,0,2,2,3,2,2,1,2,2,2,0,0,0,3,3,2,2,0,0,0,0,0,0,0,0,0,0,0,0,2,2,0,0,0,0,0,0,0,0,0,0,0,0,0,0,0,0,0,0,0,0,0,0,0,0,0,0,0,0,0,0,0,2,2,3,2,4,5,0,0,0,0,0,0,0,0,0,0,0,0,0,0,0,0,0,0,0,0,0,0,0,0,0,0,0,0,0,0,0,0,0,0,1,0,0,0,0,0,0,0,0,0,0,0,0,0,0,0,0,0,0,0,0,0,0,0,0,0,0,2,2,0,0,0,0,0,0,2,0,1,3,1,2,0,0,0,0,0,0,0,0,0,0,0,0,0,0,0,0,0,0,0,0,0,0,0,0,0,0,0,0,5,3,0,0,0,0,2,5,5,0,0,5,3,0,0,0,0,0,0,0,0,0,0,0,0,0,0,0,4,5,0,0,0,0,2,2,2,0,0,0,0,2,2,3,2,2,0,0,0,1,1,2,2,2,3,0,0,2,1,3,2,5,0,0,0,0,0,0,0,0,0,0,0,0,2,2,3,0,0,0,0,0,0,0,0,0,0,0,0,0,0,0,0,0,0,0,0,0,0,0,0,0,0,0,0,0,0,0,0,0,0,0,0,0,0,0,2,5,0,0,0,0,4,0,0,0,0,0,0,0,0,0,0,0,0,0,0,0,0,0,0,0,0,0,0,0,0,0,0,0,0,0,0,0,0,0,0,0,0,0,0,0,0,0,0,0,0,0,0,0,0,0,0,0,0,0,0,0,0,0,0,0,0,0,0,0,0,0,0,0,0,0,0,0,0,0,0,0,0,0,0,0,0,0,0,0,0,0,0,0,0,0,0,0,0,0,2,2,0,0,4,1,2,2,4,0,0,0,0,0,1,2,2,2,0,0,0,0,0,0,0,0,0,0,0,0,0,0,0,0,0,0,0,0,0,0,0,0,0,0,0,0,0,0,0,0,0,0,0,0,0,0,0,0,0,0,0,2,2,0,0,0,0,0,0,0,0,0,0,0,0,0,0,0,0,3,1,2,1,1,0,0,0,0,5,0,0,0,0,0,0,0,2,2,0,0,0,0,0,0,0,0,2,3,2,2,0,0,0,3,2,2,2,2,0,2,2,1,2,2,0,2,2,0,0,0,0,0,0,0,0,0,0,0,0,0,0,0,0,0,0,2,2,1,0,0,0,0,0,0,0,0,0,0,0,0,0,0,0,0,2,1,2,2,3,2,0,0,0,0,0,0,0,5,2,0,0,0,0,0,0,0,0,0,0,0,0,0,0,0,0,2,3,0,0,0,0,0,0,0,0,0,0,0,0,0,0,0,0,0,0,0,0,0,0,0,0,0,0,0,0,0,0,0,0,0,0,0,0,0,0,0,0,0,0,0,3,2,5,2,0,0,0,0,0,0,0,0,0,0,0,0,0,0,0,0,0,0,0,0,0,0,0,0,0,0,0,0,0,0,0,0,0,0,0,0,0,0,0,0,0,0,0,0,0,0,0,0,0,0,0,0,0,0,0,0,0,0,0,0,0,0,0,0,0,0,0,0,0,0,0,0,0,0,0,0,0,0,0,0,0,0,0,0,0,0,0,0,0,0,0,0,0,0,0,0,0,0,0,0,0,0,0,0,0,0,0,0,0,0,0,0,0,0,0,0,0,0,0,0,0,0,0,0,0,0,0,0,0,0,0,0,0,0,0,0,0,0,0,5,3,2,2,2,2,2,2,4,2,1,4,1,2,2,2,1,4,1,1,5,2,2,2,2,5,2,3,3,2,5,2,2,3,5,0,0,0,0,0,0,0,0,0,0,0,0,0,0,0,0,0,0,0,0,0,0,0,2,5,2,5,3,2,0,0,0,0,0,0,0,0,5,0,0,0,2,3,2,2,2,2,0,0,0,0,0,2,2,2,2,2,0,0,0,1,2,3,1,2,2,2,0,0,0,0,0,2,3,2,2,3,2,2,4,2,0,0,0,0,0,0,0,0,3,2,1,5,4,2,0,0,0,0,3,0,0,0,0,0,0,0,0,0,0,0,0,0,0,0,0,0,2,0,0,2,0,0,0,0,0,0,0,0,0,0,0,0,0,0,0,0,0,0,0,0,0,0,0,0,0,0,0,0,0,0,0,0,0,0,0,0,0,0,0,0,0,0,0,0,0,0,0,0,0,0,0,0,0,0,0,0,0,0,0,0,0,0,0,0,0,0,0,0,0,0,0,0,0,0,0,0,0,2,2,0,2,0,0,0,0,0,2,2,2,0,2,3,2,3,3,1,1,3,1,2,2,0,0,0,0,0,0,0,2,2,2,2,3,1,5,2,2,5,0,4,2,0,0,0,0,2,3,5,2,0,0,0,0,0,0,0,0,0,0,0,0,0,0,0,0,0,0,0,0,0,0,0,0,0,0,0,0,0,0,0,0,0,0,0,0,0,0,0,0,0,0,0,0,0,0,0,0,0,0,0,0,0,0,0,0,0,0,0,0,0,0,0,0,0,0,0,0,0,0,0,0,0,0,0,0,0,0,0,0,0,0,0,0,0,0,0,0,0,0,0,0,0,0,0,0,2,1,1,3,2,3,2,2,5,1,5,5,2,1,4,3,0,0,0,0,0,0,0,0,0,0,0,0,0,0,0,0,0,0,0,0,0,0,0,0,0,0,0,0,0,0,0,0,0,0,0,0,0,0,0,0,0,0,0,0,0,0,0,0,0,0,0,0,0,0,0,0,0,0,0,0,0,0,0,0,0,0,0,0,0,0,0,0,0,0,0,0,0,0,0,0,0,0,0,0,0,0,0,0,0,0,0,0,0,0,0,0,0,0,0,0,0,0,0,0,0,0,0,0,0,0,0,0,0,0,0,0,0,0,0,0,0,0,0,0,0,0,0,0,0,0,0,0,0,0,0,0,0,0,0,0,0,0,0,0,0,0,0,0,0,0,0,0,0,0,0,0,0,0,0,0,0,0,0,0,0,0,0,0,0,0,0,0,0,0,0,0,0,0,0,0,0,0,0,0,0,0,0,0,0,0,0,0,0,0,0,0,0,0,0,0,0,0,0,0,0,0,0,0,0,0,0,0,0,0,0,0,0,0,0,0,0,0,0,0,0,0,0,0,0,0,0,0,0,0,0,0,0,0,0,0,0,0,0,0,0,0,0,0,0,0,0,0,0,0,0,0,0,0,0,0,0,0,0,0,0,0,0,0,0,0,0,0,0,0,0,0,0,0,0,0,0,0,0,0,3,2,3,5,5,3,3,3,3,3,2,2,2,3,5,5,3,0,0,0,0,0,0,0,0,0,0,0,0,0,0,0,0,0,0,0,0,0,0,0,0,0,0,0,0,0,0,0,0,0,0,0,0,0,0,0,0,0,0,0,0,0,0,0,0,0,0,0,0,0,0,0,0,0,0,0,0,0,0,0,0,0,0,0,0,0,0,0,0,0,0,0,0,0,0,0,0,0,0,0,0,0,0,0,0,0,0,0,0,0,0,0,0,0,0,0,0,0,0,0,0,0,0,0,0,0,0,0,0,0,0,0,0,0,0,0,0,0,0,0,0,0,0,0,0,0,3,3,3,5,3,1,3,3,1,3,3,2,0,0,0,0,0,0,0,0,0,0,0,0,0,0,0,0,0,0,0,0,0,0,0,0,0,0,0,0,0,0,0,0,0,0,0,0,0,0,0,0,0,0,0,0,0,0,0,0,0,0,0,0,0,0,0,0,0.666640043258667,-4.183767318725586,-4.577438354492188,7.0882487297058105,0.8758574724197388,0.4312729835510254,-14.225441932678224,1.14276385307312,11.502572059631348,7.395662784576416,-5.86115312576294,0.3904938697814941,-12.69069766998291,0.3824643194675445,-5.227198600769043,1.4771342277526855,3.902292728424072,-4.126756191253662,-6.811989784240723,8.385778427124023,0.0060400860384106,7.643027305603027,19.391393661499023,7.391571044921875,-10.847207069396973,0.4347600936889648,1.0767720937728882,-10.26712703704834,2.774522542953491,0.7354652285575867,14.88078784942627,-7.8731513023376465,-3.14248275756836,-6.317059516906738,3.769282341003418,1.801053166389465,1.8100924491882324,2.4610562324523926,7.908386707305908,3.6203343868255615,1.2749168872833252,-2.14656925201416,-6.897964954376221,-0.233806774020195,-12.653446197509766,4.807648658752441,-0.1660663038492202,9.885846138000488,-8.317041397094727,0.9388169646263124,8.532266616821289,-7.402346611022949,-5.9426798820495605,-9.090521812438965,-6.403682708740234,-6.130864143371582,-3.5589914321899414,1.4141840934753418,6.029613971710205,1.2310967445373535,-1.6207518577575684,-9.5118989944458,-3.148134469985962,6.308996677398682,-13.575831413269045,0.3187442421913147,11.253747940063477,2.937338590621948,-3.1537253856658936,3.306873321533203,-6.519603252410889,2.589241504669189,6.797530174255371,-8.832978248596191,-2.152107715606689,6.797425270080566,-3.888671875,5.473555564880371,-0.5919355750083923,4.310786247253418,5.583630561828613,-0.1411166787147522,-8.555062294006348,-11.821475982666016,3.58538556098938,-1.1856873035430908,-5.928842067718506,4.887763023376465,4.354727268218994,-1.8923189640045168,1.7465764284133911,3.213892698287964,2.122110366821289,10.788640975952148,3.4414966106414795,-1.3105865716934204,0.6583173274993896,2.9374449253082275,6.743358135223389,0.9592085480690002,-4.112987518310547,-10.508877754211426,-5.359656810760498,-9.206120491027832,2.3547234535217285,-8.039018630981445,-3.8105974197387695,3.065002918243408,0.8665933609008789,-7.776662826538086,-17.704326629638672,0.7289692163467407,3.444171667098999,0.2352379858493805,-1.0892266035079956,-5.744787693023682,8.411362648010254,7.431278705596924,-4.416941165924072,5.252307415008545,-12.452900886535645,0.8631902933120728,-3.3720703125,5.899592876434326,4.875704288482666,-8.438420295715332,-13.144416809082031,-1.2925655841827393,-0.0876835882663726,-0.1566029340028762,-1.6308200359344482,0.1272380650043487,9.051353454589844,14.128812789916992,-2.3497331142425537,14.2444429397583,12.757539749145508,1.3518215417861938,12.67909336090088,-4.39759635925293,9.90225315093994,-2.686447858810425,-2.262444019317627,0.5572550296783447,12.216737747192385,7.789309501647949,2.3312668800354004,1.3768740892410278,1.0509414672851562,10.843600273132324,8.552464485168457,2.7833642959594727,9.788390159606934,-3.9514973163604736,-2.061826229095459,1.9529175758361816,-6.324963092803955,-7.4385151863098145,5.868228435516357,-8.196287155151367,-2.0717875957489014,-3.2843620777130127,-9.100457191467283,3.6956787109375,2.692248106002808,-8.31969165802002,1.5910588502883911,-5.397979259490967,0.409851610660553,6.540385723114014,-6.423051357269287,-2.539994239807129,13.10916233062744,-4.9311299324035645,0.0284283868968486,0.0410446673631668,6.441299915313721,-0.7802289724349976,-6.3959150314331055,11.089421272277832,-5.505897998809815,8.096513748168945,-2.6316018104553223,7.118700981140137,10.781536102294922,-2.3435115814208984,-1.4808958768844604,-0.819159746170044,-9.904745101928713,-6.490362167358398,-1.822999596595764,-0.3900396823883056,-1.7784180641174316,1.486469864845276,3.6561474800109854,0.1657257974147796,-4.486859321594238,-11.557363510131836,-1.7350187301635742,-1.9801193475723269,0.1933362782001495,0.890295147895813,6.865166664123535,1.4315505027770996,5.071858406066895,-5.4986114501953125,14.58284854888916,6.181550979614258,10.626434326171877,-2.028090476989746,13.323404312133787,-0.0569896250963211,5.09166431427002,-4.417004108428955,2.2519237995147705,5.253190994262695,3.034320116043091,4.571690559387207,-7.341767311096191,6.5055832862854,2.374030351638794,-8.419730186462402,1.4168068170547483,0.9935461282730104,2.638829469680786,-3.5543222427368164,-2.366401195526123,2.2540218830108643,7.740596294403076,-12.42202377319336,3.663094282150269,-3.5963501930236816,-10.526689529418944,-13.35981273651123,-3.926376819610596,-2.6438889503479004,-1.7925000190734863,-3.787268877029419,-5.270422458648682,9.371878623962402,3.543865442276001,0.4999145269393921,4.084763526916504,-1.1328463554382324,-4.105827808380127,3.443744659423828,-12.071356773376465,-8.748116493225098,0.4205476939678192,-8.729394912719727,-16.90028190612793,1.4130419492721558,-0.9070820212364196,1.1746240854263306,-12.581157684326172,1.8868224620819087,4.900909423828125,-13.22087860107422,10.668169975280762,-6.486392498016357,-4.366713523864746,5.66192102432251,4.269310474395752,11.127367973327637,2.55337142944336,-6.932077884674072,-7.228011608123779,6.079151153564453,1.5129302740097046,-8.081838607788086,-2.5075104236602783,5.100467681884766,1.119875431060791,5.212923526763916,0.1541522890329361,-5.45127010345459,-3.64615797996521,-4.2184882164001465,-1.1467820405960083,-2.207925081253052,-6.945489883422852,-7.304794311523437,-18.01937484741211,-7.78350305557251,0.6994376182556152,1.8713374137878416,1.480807900428772,-2.30932354927063,-8.436018943786621,-0.3159809112548828,0.540113091468811,13.884917259216309,13.293943405151367,2.186439037322998,-10.82436180114746,-0.6944410800933838,-7.371833801269531,-2.7344870567321777,-11.571353912353516,-2.132274627685547,-1.0,1.5682017240669948
OXYR_HUMAN,CHEMBL3352839,CCC(C)C1NC(=O)C(Cc2ccccc2)NC(=O)CCSCCC(C(=O)N(CCCO)CC(=O)NC(CC(C)C)C(=O)NCC(N)=O)NC(=O)C(CC(N)=O)NC(=O)C(CCC(N)=O)NC1=O,0,0,0,0,0,0,0,0,0,0,0,0,0,0,0,0,0,0,0,0,0,0,0,0,0,0,0,0,0,0,0,0,0,0,0,0,0,0,0,0,0,0,0,0,0,0,0,0,0,0,0,0,0,0,0,0,0,0,0,0,0,0,0,0,0,0,0,0,0,0,0,0,0,0,0,0,0,0,0,0,0,0,0,0,0,0,0,0,0,0,0,0,0,0,0,0,0,0,0,0,0,0,0,0,0,0,0,0,0,0,0,0,0,0,0,0,0,0,0,0,0,0,0,0,0,0,0,0,0,0,0,0,0,0,0,0,0,0,0,0,0,0,0,0,0,0,0,0,0,0,0,0,0,0,0,0,0,0,0,0,0,0,0,0,0,0,0,0,0,0,0,0,0,0,0,0,0,0,0,0,0,0,0,0,0,2,4,1,2,2,2,2,3,2,3,2,4,2,2,3,2,0,0,0,0,0,0,0,0,0,0,0,0,0,0,0,0,3,2,2,1,0,0,0,0,0,0,0,0,0,0,0,0,0,0,0,0,0,1,1,2,4,1,3,0,0,0,0,0,0,0,0,0,0,0,5,3,0,0,0,0,0,0,0,0,0,0,0,0,0,0,0,0,0,0,0,0,0,0,0,0,0,0,0,0,0,0,0,0,0,0,0,0,0,0,0,0,0,0,0,0,0,0,0,0,0,0,0,0,0,0,0,0,0,0,0,0,0,0,0,0,0,0,0,0,0,0,0,0,0,0,0,0,0,0,0,0,0,0,0,0,0,0,0,0,0,0,0,0,0,0,0,0,0,0,0,0,0,0,0,0,0,0,0,0,0,0,0,0,0,0,0,0,0,0,0,0,0,0,0,0,0,0,0,0,0,0,0,0,0,0,0,0,0,0,0,0,0,0,0,0,0,0,0,0,0,0,0,0,0,0,0,0,0,0,0,0,0,0,0,0,0,0,0,0,0,0,0,0,0,0,0,0,2,1,1,1,5,5,3,0,0,0,0,0,0,0,0,0,0,0,0,0,0,0,0,0,0,0,0,0,0,0,0,0,0,0,0,0,0,0,0,0,0,0,0,0,0,0,0,0,0,0,0,0,0,0,0,0,0,0,0,0,0,0,0,0,0,0,0,0,0,0,0,0,0,0,0,0,0,0,0,0,0,0,0,0,0,0,0,0,0,0,0,0,0,0,0,0,0,0,0,0,0,0,0,0,0,0,0,0,0,0,0,0,0,0,0,0,0,0,0,0,0,0,0,0,0,0,0,0,0,0,0,0,0,0,0,0,0,0,0,0,0,0,0,0,0,0,0,0,0,0,0,0,0,0,0,0,4,2,2,2,5,2,4,2,0,0,0,0,0,0,0,0,0,0,0,0,0,0,0,0,0,2,2,2,1,2,0,2,2,0,0,0,0,0,0,0,0,0,0,0,2,2,2,2,3,1,3,2,1,0,0,0,0,0,0,2,2,2,2,2,0,0,5,0,0,0,0,3,3,0,0,0,0,0,0,0,0,0,0,0,5,3,5,5,0,0,0,0,0,3,0,0,0,0,0,0,0,5,2,2,2,2,2,5,0,0,0,0,0,0,0,0,0,0,0,0,0,0,0,5,2,3,0,2,2,4,0,0,0,0,0,0,0,0,0,0,0,0,0,0,0,0,0,0,0,0,0,0,0,0,0,0,0,0,0,0,0,0,2,2,2,2,2,2,3,2,2,0,0,0,0,0,0,0,0,0,0,0,0,0,0,0,0,0,0,0,0,0,0,0,0,1,3,2,2,0,0,0,0,0,0,0,0,0,0,0,0,0,0,0,0,0,0,0,0,0,0,0,0,0,0,0,0,0,2,4,2,3,2,5,2,2,1,0,1,4,2,0,0,0,0,0,2,1,0,0,0,0,0,0,0,0,0,0,0,0,0,0,0,0,0,0,0,0,0,0,0,0,0,0,0,0,0,0,0,0,0,0,0,0,0,0,0,0,0,0,0,0,0,0,0,5,0,2,2,5,0,2,2,3,2,2,1,2,2,2,0,0,0,3,3,2,2,0,0,0,0,0,0,0,0,0,0,0,0,2,2,0,0,0,0,0,0,0,0,0,0,0,0,0,0,0,0,0,0,0,0,0,0,0,0,0,0,0,0,0,0,0,2,2,3,2,4,5,0,0,0,0,0,0,0,0,0,0,0,0,0,0,0,0,0,0,0,0,0,0,0,0,0,0,0,0,0,0,0,0,0,0,1,0,0,0,0,0,0,0,0,0,0,0,0,0,0,0,0,0,0,0,0,0,0,0,0,0,0,2,2,0,0,0,0,0,0,2,0,1,3,1,2,0,0,0,0,0,0,0,0,0,0,0,0,0,0,0,0,0,0,0,0,0,0,0,0,0,0,0,0,5,3,0,0,0,0,2,5,5,0,0,5,3,0,0,0,0,0,0,0,0,0,0,0,0,0,0,0,4,5,0,0,0,0,2,2,2,0,0,0,0,2,2,3,2,2,0,0,0,1,1,2,2,2,3,0,0,2,1,3,2,5,0,0,0,0,0,0,0,0,0,0,0,0,2,2,3,0,0,0,0,0,0,0,0,0,0,0,0,0,0,0,0,0,0,0,0,0,0,0,0,0,0,0,0,0,0,0,0,0,0,0,0,0,0,0,2,5,0,0,0,0,4,0,0,0,0,0,0,0,0,0,0,0,0,0,0,0,0,0,0,0,0,0,0,0,0,0,0,0,0,0,0,0,0,0,0,0,0,0,0,0,0,0,0,0,0,0,0,0,0,0,0,0,0,0,0,0,0,0,0,0,0,0,0,0,0,0,0,0,0,0,0,0,0,0,0,0,0,0,0,0,0,0,0,0,0,0,0,0,0,0,0,0,0,0,2,2,0,0,4,1,2,2,4,0,0,0,0,0,1,2,2,2,0,0,0,0,0,0,0,0,0,0,0,0,0,0,0,0,0,0,0,0,0,0,0,0,0,0,0,0,0,0,0,0,0,0,0,0,0,0,0,0,0,0,0,2,2,0,0,0,0,0,0,0,0,0,0,0,0,0,0,0,0,3,1,2,1,1,0,0,0,0,5,0,0,0,0,0,0,0,2,2,0,0,0,0,0,0,0,0,2,3,2,2,0,0,0,3,2,2,2,2,0,2,2,1,2,2,0,2,2,0,0,0,0,0,0,0,0,0,0,0,0,0,0,0,0,0,0,2,2,1,0,0,0,0,0,0,0,0,0,0,0,0,0,0,0,0,2,1,2,2,3,2,0,0,0,0,0,0,0,5,2,0,0,0,0,0,0,0,0,0,0,0,0,0,0,0,0,2,3,0,0,0,0,0,0,0,0,0,0,0,0,0,0,0,0,0,0,0,0,0,0,0,0,0,0,0,0,0,0,0,0,0,0,0,0,0,0,0,0,0,0,0,3,2,5,2,0,0,0,0,0,0,0,0,0,0,0,0,0,0,0,0,0,0,0,0,0,0,0,0,0,0,0,0,0,0,0,0,0,0,0,0,0,0,0,0,0,0,0,0,0,0,0,0,0,0,0,0,0,0,0,0,0,0,0,0,0,0,0,0,0,0,0,0,0,0,0,0,0,0,0,0,0,0,0,0,0,0,0,0,0,0,0,0,0,0,0,0,0,0,0,0,0,0,0,0,0,0,0,0,0,0,0,0,0,0,0,0,0,0,0,0,0,0,0,0,0,0,0,0,0,0,0,0,0,0,0,0,0,0,0,0,0,0,0,5,3,2,2,2,2,2,2,4,2,1,4,1,2,2,2,1,4,1,1,5,2,2,2,2,5,2,3,3,2,5,2,2,3,5,0,0,0,0,0,0,0,0,0,0,0,0,0,0,0,0,0,0,0,0,0,0,0,2,5,2,5,3,2,0,0,0,0,0,0,0,0,5,0,0,0,2,3,2,2,2,2,0,0,0,0,0,2,2,2,2,2,0,0,0,1,2,3,1,2,2,2,0,0,0,0,0,2,3,2,2,3,2,2,4,2,0,0,0,0,0,0,0,0,3,2,1,5,4,2,0,0,0,0,3,0,0,0,0,0,0,0,0,0,0,0,0,0,0,0,0,0,2,0,0,2,0,0,0,0,0,0,0,0,0,0,0,0,0,0,0,0,0,0,0,0,0,0,0,0,0,0,0,0,0,0,0,0,0,0,0,0,0,0,0,0,0,0,0,0,0,0,0,0,0,0,0,0,0,0,0,0,0,0,0,0,0,0,0,0,0,0,0,0,0,0,0,0,0,0,0,0,0,2,2,0,2,0,0,0,0,0,2,2,2,0,2,3,2,3,3,1,1,3,1,2,2,0,0,0,0,0,0,0,2,2,2,2,3,1,5,2,2,5,0,4,2,0,0,0,0,2,3,5,2,0,0,0,0,0,0,0,0,0,0,0,0,0,0,0,0,0,0,0,0,0,0,0,0,0,0,0,0,0,0,0,0,0,0,0,0,0,0,0,0,0,0,0,0,0,0,0,0,0,0,0,0,0,0,0,0,0,0,0,0,0,0,0,0,0,0,0,0,0,0,0,0,0,0,0,0,0,0,0,0,0,0,0,0,0,0,0,0,0,0,0,0,0,0,0,0,2,1,1,3,2,3,2,2,5,1,5,5,2,1,4,3,0,0,0,0,0,0,0,0,0,0,0,0,0,0,0,0,0,0,0,0,0,0,0,0,0,0,0,0,0,0,0,0,0,0,0,0,0,0,0,0,0,0,0,0,0,0,0,0,0,0,0,0,0,0,0,0,0,0,0,0,0,0,0,0,0,0,0,0,0,0,0,0,0,0,0,0,0,0,0,0,0,0,0,0,0,0,0,0,0,0,0,0,0,0,0,0,0,0,0,0,0,0,0,0,0,0,0,0,0,0,0,0,0,0,0,0,0,0,0,0,0,0,0,0,0,0,0,0,0,0,0,0,0,0,0,0,0,0,0,0,0,0,0,0,0,0,0,0,0,0,0,0,0,0,0,0,0,0,0,0,0,0,0,0,0,0,0,0,0,0,0,0,0,0,0,0,0,0,0,0,0,0,0,0,0,0,0,0,0,0,0,0,0,0,0,0,0,0,0,0,0,0,0,0,0,0,0,0,0,0,0,0,0,0,0,0,0,0,0,0,0,0,0,0,0,0,0,0,0,0,0,0,0,0,0,0,0,0,0,0,0,0,0,0,0,0,0,0,0,0,0,0,0,0,0,0,0,0,0,0,0,0,0,0,0,0,0,0,0,0,0,0,0,0,0,0,0,0,0,0,0,0,0,0,3,2,3,5,5,3,3,3,3,3,2,2,2,3,5,5,3,0,0,0,0,0,0,0,0,0,0,0,0,0,0,0,0,0,0,0,0,0,0,0,0,0,0,0,0,0,0,0,0,0,0,0,0,0,0,0,0,0,0,0,0,0,0,0,0,0,0,0,0,0,0,0,0,0,0,0,0,0,0,0,0,0,0,0,0,0,0,0,0,0,0,0,0,0,0,0,0,0,0,0,0,0,0,0,0,0,0,0,0,0,0,0,0,0,0,0,0,0,0,0,0,0,0,0,0,0,0,0,0,0,0,0,0,0,0,0,0,0,0,0,0,0,0,0,0,0,3,3,3,5,3,1,3,3,1,3,3,2,0,0,0,0,0,0,0,0,0,0,0,0,0,0,0,0,0,0,0,0,0,0,0,0,0,0,0,0,0,0,0,0,0,0,0,0,0,0,0,0,0,0,0,0,0,0,0,0,0,0,0,0,0,0,0,0,0.933590292930603,-5.864227771759033,-4.451618194580078,5.216538429260254,6.708663940429688,-16.187681198120117,-29.19215583801269,-5.517213344573975,24.82761573791504,-5.209561824798584,3.4783055782318115,21.56805419921875,-0.610261082649231,14.031219482421877,-32.45811080932617,-0.2331076562404632,23.40428924560547,-29.173397064208984,-29.6096305847168,32.414527893066406,6.707847595214844,16.63915252685547,56.446083068847656,15.761175155639648,-16.9117488861084,6.537917613983154,-16.914865493774414,-36.5543212890625,2.48563551902771,-12.325549125671388,18.7561092376709,-8.66620922088623,-15.389902114868164,-1.755204677581787,-2.543004274368286,8.743825912475586,2.763269662857056,-1.0193560123443604,19.81571388244629,19.447484970092773,2.6167125701904297,0.3105499744415283,-5.526750087738037,-11.634937286376951,-25.48622703552246,17.063840866088867,11.179402351379396,38.94536209106445,-8.493547439575195,1.9728825092315676,10.08835792541504,-25.68832015991211,0.8231964707374573,-20.425561904907227,-31.98197364807129,-23.00397682189941,-12.208864212036133,13.56601619720459,3.8847951889038086,8.112902641296387,2.288087844848633,-15.268957138061523,-15.973169326782228,11.116106033325195,-40.32770538330078,2.9611012935638428,18.325756072998047,9.782788276672363,-18.86178207397461,-3.464071035385132,-6.832348346710205,11.030271530151367,14.405710220336914,-31.64461326599121,-4.535584926605225,5.849184036254883,-27.536609649658203,1.8868134021759035,8.738855361938477,2.373011350631714,18.310937881469727,2.059082269668579,-8.970890045166016,-38.67436981201172,16.22931671142578,-9.760065078735352,-10.30913543701172,4.146361827850342,6.941371440887451,-2.724055051803589,8.719191551208496,14.026387214660645,15.852685928344728,8.760919570922852,4.333987236022949,-4.655811786651611,20.01279640197754,8.112064361572266,17.516023635864258,-8.0596923828125,-6.9713335037231445,-21.138351440429688,-23.917091369628903,-11.464348793029783,11.653834342956545,-29.81438636779785,-16.779659271240234,11.723313331604004,7.230432510375977,-19.609174728393555,-20.593507766723636,16.323204040527344,10.730384826660156,-13.495394706726074,-3.517073631286621,-9.514305114746094,16.86705780029297,22.418516159057617,-2.033029556274414,7.398900985717773,-15.622354507446287,15.441604614257812,-2.8680248260498047,31.303142547607425,-0.3047829568386078,-34.708492279052734,-31.2994441986084,2.76354455947876,-13.68214225769043,1.3643088340759275,-0.2314658612012863,-2.82051682472229,13.061563491821287,40.19357681274414,7.226401329040527,30.2291316986084,-0.8174470663070679,-7.573658943176269,16.51904296875,-13.603520393371582,24.15517807006836,0.1750911027193069,-8.062372207641602,-2.9909772872924805,15.366463661193848,3.872001171112061,6.989317893981934,5.597292423248291,14.221264839172363,34.03996658325195,-3.831387519836426,17.222951889038086,16.254289627075195,-23.588842391967773,-5.293593883514404,0.5721920728683472,-16.639665603637695,-6.887382507324219,0.5138752460479736,-18.69924545288086,6.31547212600708,13.991861343383787,-12.465006828308104,6.110593318939209,15.263418197631836,-23.613380432128903,11.309657096862791,-9.625192642211914,4.688469886779785,17.82809829711914,-14.223747253417969,-20.21513938903809,36.883819580078125,-7.9694318771362305,12.290797233581545,-1.9879167079925537,12.805453300476074,-5.373068332672119,-14.710128784179688,22.629758834838867,-14.145611763000488,25.45527648925781,0.5549303293228149,28.43683624267578,10.460198402404783,-12.343679428100586,2.761131525039673,4.555871486663818,-8.062137603759766,-16.616342544555664,4.086127281188965,-8.284682273864746,-17.07754898071289,4.597263336181641,13.803401947021484,7.293598651885986,0.36931312084198,-26.281137466430664,-8.226264953613281,-9.899001121520996,0.2805712819099426,-7.345054626464844,10.79427719116211,-5.886719703674316,-6.847695350646973,-4.189250469207764,31.839723587036133,26.66681861877441,25.172143936157227,-16.17587661743164,31.52005958557129,-1.5170048475265503,33.58017349243164,-13.486774444580078,14.261957168579102,-0.8840493559837341,16.343332290649414,9.577696800231934,-9.788890838623049,15.423148155212402,10.829586029052734,-19.76095390319824,-9.084227561950684,1.0533497333526611,7.482188701629639,-12.805136680603027,-2.410742282867432,-0.5171852111816406,13.591120719909668,-27.285261154174805,5.445317268371582,-3.731865882873535,-20.42263603210449,-22.650434494018555,4.972205638885498,-25.549680709838867,-5.731785297393799,-8.32091236114502,-7.127427101135254,28.68608856201172,16.46638298034668,-26.67011260986328,17.42862319946289,-7.180089473724365,-3.898918390274048,23.11526679992676,-42.39488983154297,-14.751654624938965,2.982194185256958,11.421426773071287,-45.95022201538086,8.951167106628418,10.594528198242188,-5.653761386871338,-23.676225662231445,16.101213455200195,3.661529064178467,-16.986801147460938,31.045629501342773,-25.155607223510746,-10.463253021240234,10.957637786865234,0.73973548412323,16.659229278564453,-3.556038856506348,-24.731325149536133,-12.300490379333496,0.6420456171035767,7.381761074066162,-20.119434356689453,0.0498058795928955,10.355509757995604,-13.73472023010254,4.268655300140381,-1.1716539859771729,-20.3404483795166,-10.287720680236816,-9.481819152832031,-11.634973526000977,19.82044219970703,-13.421915054321287,-16.45433807373047,-24.184986114501957,-14.600764274597168,-11.064231872558594,12.195714950561523,2.195434808731079,-1.2370870113372805,-10.926239967346191,-9.177520751953123,7.028542995452881,29.54610061645508,13.472728729248049,11.184380531311035,-27.6741943359375,-18.878293991088867,-12.90797996520996,-23.666540145874023,-40.13116455078125,-4.111424922943115,1.0,-0.0457574905606751
OXYR_HUMAN,CHEMBL1094002,CCN(C(=O)c1cnc(-c2ccc(C#N)cc2C)cn1)c1ccc(OC)nc1,0,0,0,0,0,0,0,0,0,0,0,0,0,0,0,0,0,0,0,0,0,0,0,0,0,0,0,0,0,0,0,0,0,0,0,0,0,0,0,0,0,0,0,0,0,0,0,0,0,0,0,0,0,0,0,0,0,0,0,0,0,0,0,0,0,0,0,0,0,0,0,0,0,0,0,0,0,0,0,0,0,0,0,0,0,0,0,0,0,0,0,0,0,0,0,0,0,0,0,0,0,0,0,0,0,0,0,0,0,0,0,0,0,0,0,0,0,0,0,0,0,0,0,0,0,0,0,0,0,0,0,0,0,0,0,0,0,0,0,0,0,0,0,0,0,0,0,0,0,0,0,0,0,0,0,0,0,0,0,0,0,0,0,0,0,0,0,0,0,0,0,0,0,0,0,0,0,0,0,0,0,0,0,0,0,2,4,1,2,2,2,2,3,2,3,2,4,2,2,3,2,0,0,0,0,0,0,0,0,0,0,0,0,0,0,0,0,3,2,2,1,0,0,0,0,0,0,0,0,0,0,0,0,0,0,0,0,0,1,1,2,4,1,3,0,0,0,0,0,0,0,0,0,0,0,5,3,0,0,0,0,0,0,0,0,0,0,0,0,0,0,0,0,0,0,0,0,0,0,0,0,0,0,0,0,0,0,0,0,0,0,0,0,0,0,0,0,0,0,0,0,0,0,0,0,0,0,0,0,0,0,0,0,0,0,0,0,0,0,0,0,0,0,0,0,0,0,0,0,0,0,0,0,0,0,0,0,0,0,0,0,0,0,0,0,0,0,0,0,0,0,0,0,0,0,0,0,0,0,0,0,0,0,0,0,0,0,0,0,0,0,0,0,0,0,0,0,0,0,0,0,0,0,0,0,0,0,0,0,0,0,0,0,0,0,0,0,0,0,0,0,0,0,0,0,0,0,0,0,0,0,0,0,0,0,0,0,0,0,0,0,0,0,0,0,0,0,0,0,0,0,0,0,2,1,1,1,5,5,3,0,0,0,0,0,0,0,0,0,0,0,0,0,0,0,0,0,0,0,0,0,0,0,0,0,0,0,0,0,0,0,0,0,0,0,0,0,0,0,0,0,0,0,0,0,0,0,0,0,0,0,0,0,0,0,0,0,0,0,0,0,0,0,0,0,0,0,0,0,0,0,0,0,0,0,0,0,0,0,0,0,0,0,0,0,0,0,0,0,0,0,0,0,0,0,0,0,0,0,0,0,0,0,0,0,0,0,0,0,0,0,0,0,0,0,0,0,0,0,0,0,0,0,0,0,0,0,0,0,0,0,0,0,0,0,0,0,0,0,0,0,0,0,0,0,0,0,0,0,4,2,2,2,5,2,4,2,0,0,0,0,0,0,0,0,0,0,0,0,0,0,0,0,0,2,2,2,1,2,0,2,2,0,0,0,0,0,0,0,0,0,0,0,2,2,2,2,3,1,3,2,1,0,0,0,0,0,0,2,2,2,2,2,0,0,5,0,0,0,0,3,3,0,0,0,0,0,0,0,0,0,0,0,5,3,5,5,0,0,0,0,0,3,0,0,0,0,0,0,0,5,2,2,2,2,2,5,0,0,0,0,0,0,0,0,0,0,0,0,0,0,0,5,2,3,0,2,2,4,0,0,0,0,0,0,0,0,0,0,0,0,0,0,0,0,0,0,0,0,0,0,0,0,0,0,0,0,0,0,0,0,2,2,2,2,2,2,3,2,2,0,0,0,0,0,0,0,0,0,0,0,0,0,0,0,0,0,0,0,0,0,0,0,0,1,3,2,2,0,0,0,0,0,0,0,0,0,0,0,0,0,0,0,0,0,0,0,0,0,0,0,0,0,0,0,0,0,2,4,2,3,2,5,2,2,1,0,1,4,2,0,0,0,0,0,2,1,0,0,0,0,0,0,0,0,0,0,0,0,0,0,0,0,0,0,0,0,0,0,0,0,0,0,0,0,0,0,0,0,0,0,0,0,0,0,0,0,0,0,0,0,0,0,0,5,0,2,2,5,0,2,2,3,2,2,1,2,2,2,0,0,0,3,3,2,2,0,0,0,0,0,0,0,0,0,0,0,0,2,2,0,0,0,0,0,0,0,0,0,0,0,0,0,0,0,0,0,0,0,0,0,0,0,0,0,0,0,0,0,0,0,2,2,3,2,4,5,0,0,0,0,0,0,0,0,0,0,0,0,0,0,0,0,0,0,0,0,0,0,0,0,0,0,0,0,0,0,0,0,0,0,1,0,0,0,0,0,0,0,0,0,0,0,0,0,0,0,0,0,0,0,0,0,0,0,0,0,0,2,2,0,0,0,0,0,0,2,0,1,3,1,2,0,0,0,0,0,0,0,0,0,0,0,0,0,0,0,0,0,0,0,0,0,0,0,0,0,0,0,0,5,3,0,0,0,0,2,5,5,0,0,5,3,0,0,0,0,0,0,0,0,0,0,0,0,0,0,0,4,5,0,0,0,0,2,2,2,0,0,0,0,2,2,3,2,2,0,0,0,1,1,2,2,2,3,0,0,2,1,3,2,5,0,0,0,0,0,0,0,0,0,0,0,0,2,2,3,0,0,0,0,0,0,0,0,0,0,0,0,0,0,0,0,0,0,0,0,0,0,0,0,0,0,0,0,0,0,0,0,0,0,0,0,0,0,0,2,5,0,0,0,0,4,0,0,0,0,0,0,0,0,0,0,0,0,0,0,0,0,0,0,0,0,0,0,0,0,0,0,0,0,0,0,0,0,0,0,0,0,0,0,0,0,0,0,0,0,0,0,0,0,0,0,0,0,0,0,0,0,0,0,0,0,0,0,0,0,0,0,0,0,0,0,0,0,0,0,0,0,0,0,0,0,0,0,0,0,0,0,0,0,0,0,0,0,0,2,2,0,0,4,1,2,2,4,0,0,0,0,0,1,2,2,2,0,0,0,0,0,0,0,0,0,0,0,0,0,0,0,0,0,0,0,0,0,0,0,0,0,0,0,0,0,0,0,0,0,0,0,0,0,0,0,0,0,0,0,2,2,0,0,0,0,0,0,0,0,0,0,0,0,0,0,0,0,3,1,2,1,1,0,0,0,0,5,0,0,0,0,0,0,0,2,2,0,0,0,0,0,0,0,0,2,3,2,2,0,0,0,3,2,2,2,2,0,2,2,1,2,2,0,2,2,0,0,0,0,0,0,0,0,0,0,0,0,0,0,0,0,0,0,2,2,1,0,0,0,0,0,0,0,0,0,0,0,0,0,0,0,0,2,1,2,2,3,2,0,0,0,0,0,0,0,5,2,0,0,0,0,0,0,0,0,0,0,0,0,0,0,0,0,2,3,0,0,0,0,0,0,0,0,0,0,0,0,0,0,0,0,0,0,0,0,0,0,0,0,0,0,0,0,0,0,0,0,0,0,0,0,0,0,0,0,0,0,0,3,2,5,2,0,0,0,0,0,0,0,0,0,0,0,0,0,0,0,0,0,0,0,0,0,0,0,0,0,0,0,0,0,0,0,0,0,0,0,0,0,0,0,0,0,0,0,0,0,0,0,0,0,0,0,0,0,0,0,0,0,0,0,0,0,0,0,0,0,0,0,0,0,0,0,0,0,0,0,0,0,0,0,0,0,0,0,0,0,0,0,0,0,0,0,0,0,0,0,0,0,0,0,0,0,0,0,0,0,0,0,0,0,0,0,0,0,0,0,0,0,0,0,0,0,0,0,0,0,0,0,0,0,0,0,0,0,0,0,0,0,0,0,5,3,2,2,2,2,2,2,4,2,1,4,1,2,2,2,1,4,1,1,5,2,2,2,2,5,2,3,3,2,5,2,2,3,5,0,0,0,0,0,0,0,0,0,0,0,0,0,0,0,0,0,0,0,0,0,0,0,2,5,2,5,3,2,0,0,0,0,0,0,0,0,5,0,0,0,2,3,2,2,2,2,0,0,0,0,0,2,2,2,2,2,0,0,0,1,2,3,1,2,2,2,0,0,0,0,0,2,3,2,2,3,2,2,4,2,0,0,0,0,0,0,0,0,3,2,1,5,4,2,0,0,0,0,3,0,0,0,0,0,0,0,0,0,0,0,0,0,0,0,0,0,2,0,0,2,0,0,0,0,0,0,0,0,0,0,0,0,0,0,0,0,0,0,0,0,0,0,0,0,0,0,0,0,0,0,0,0,0,0,0,0,0,0,0,0,0,0,0,0,0,0,0,0,0,0,0,0,0,0,0,0,0,0,0,0,0,0,0,0,0,0,0,0,0,0,0,0,0,0,0,0,0,2,2,0,2,0,0,0,0,0,2,2,2,0,2,3,2,3,3,1,1,3,1,2,2,0,0,0,0,0,0,0,2,2,2,2,3,1,5,2,2,5,0,4,2,0,0,0,0,2,3,5,2,0,0,0,0,0,0,0,0,0,0,0,0,0,0,0,0,0,0,0,0,0,0,0,0,0,0,0,0,0,0,0,0,0,0,0,0,0,0,0,0,0,0,0,0,0,0,0,0,0,0,0,0,0,0,0,0,0,0,0,0,0,0,0,0,0,0,0,0,0,0,0,0,0,0,0,0,0,0,0,0,0,0,0,0,0,0,0,0,0,0,0,0,0,0,0,0,2,1,1,3,2,3,2,2,5,1,5,5,2,1,4,3,0,0,0,0,0,0,0,0,0,0,0,0,0,0,0,0,0,0,0,0,0,0,0,0,0,0,0,0,0,0,0,0,0,0,0,0,0,0,0,0,0,0,0,0,0,0,0,0,0,0,0,0,0,0,0,0,0,0,0,0,0,0,0,0,0,0,0,0,0,0,0,0,0,0,0,0,0,0,0,0,0,0,0,0,0,0,0,0,0,0,0,0,0,0,0,0,0,0,0,0,0,0,0,0,0,0,0,0,0,0,0,0,0,0,0,0,0,0,0,0,0,0,0,0,0,0,0,0,0,0,0,0,0,0,0,0,0,0,0,0,0,0,0,0,0,0,0,0,0,0,0,0,0,0,0,0,0,0,0,0,0,0,0,0,0,0,0,0,0,0,0,0,0,0,0,0,0,0,0,0,0,0,0,0,0,0,0,0,0,0,0,0,0,0,0,0,0,0,0,0,0,0,0,0,0,0,0,0,0,0,0,0,0,0,0,0,0,0,0,0,0,0,0,0,0,0,0,0,0,0,0,0,0,0,0,0,0,0,0,0,0,0,0,0,0,0,0,0,0,0,0,0,0,0,0,0,0,0,0,0,0,0,0,0,0,0,0,0,0,0,0,0,0,0,0,0,0,0,0,0,0,0,0,0,3,2,3,5,5,3,3,3,3,3,2,2,2,3,5,5,3,0,0,0,0,0,0,0,0,0,0,0,0,0,0,0,0,0,0,0,0,0,0,0,0,0,0,0,0,0,0,0,0,0,0,0,0,0,0,0,0,0,0,0,0,0,0,0,0,0,0,0,0,0,0,0,0,0,0,0,0,0,0,0,0,0,0,0,0,0,0,0,0,0,0,0,0,0,0,0,0,0,0,0,0,0,0,0,0,0,0,0,0,0,0,0,0,0,0,0,0,0,0,0,0,0,0,0,0,0,0,0,0,0,0,0,0,0,0,0,0,0,0,0,0,0,0,0,0,0,3,3,3,5,3,1,3,3,1,3,3,2,0,0,0,0,0,0,0,0,0,0,0,0,0,0,0,0,0,0,0,0,0,0,0,0,0,0,0,0,0,0,0,0,0,0,0,0,0,0,0,0,0,0,0,0,0,0,0,0,0,0,0,0,0,0,0,0,4.244820594787598,-2.101518154144287,-4.574371337890625,7.055129528045654,3.385105609893799,0.5155180096626282,-12.087824821472168,-1.7770239114761353,7.251497745513916,2.640655994415283,-5.962118625640869,-0.3598894476890564,-5.920478343963623,0.2248589396476745,-7.492946147918701,-0.6552316546440125,6.181618690490723,-3.5884382724761963,-2.916008472442627,9.839982986450195,2.769695281982422,6.7927093505859375,16.831289291381836,6.099394798278809,-9.22489070892334,-1.156549096107483,-1.2315500974655151,-8.124258995056152,3.210347890853882,2.6928327083587646,11.312143325805664,-7.890232563018799,-4.715734481811523,-7.324399471282959,3.211332082748413,0.166441410779953,-0.8565583229064941,-0.2073443233966827,9.925376892089844,1.9013113975524905,-0.3617594242095947,-0.0557424314320087,-5.793459892272949,0.5924354195594788,-13.520434379577637,3.819904565811157,-1.922011137008667,9.783167839050291,-7.505335807800293,6.75018835067749,10.194890975952148,-7.755352973937988,1.1492096185684204,-11.275816917419434,-4.582836627960205,-6.325282096862793,-2.722983121871948,0.4769864082336426,4.172055721282959,7.129748821258545,2.5226054191589355,-8.235099792480469,-2.086021423339844,-0.2211429923772812,-17.976533889770508,-2.7186167240142822,8.885896682739258,-1.8343853950500488,-1.9882408380508425,1.1052218675613403,-7.1841888427734375,1.0590569972991943,10.34084129333496,-5.59425163269043,-4.346948623657227,6.751458644866943,-8.731966972351074,2.3221137523651123,-3.2336173057556152,2.970945358276367,6.8098883628845215,-0.8854524493217468,-4.764482975006104,-11.241385459899902,-0.5819571614265442,0.6270553469657898,-8.529947280883789,6.6831231117248535,4.229261875152588,-0.8012516498565674,6.943362712860107,-0.2358298301696777,5.01596736907959,8.050456047058105,0.5146432518959045,0.4755254685878753,4.281983375549316,6.832132339477539,5.71773099899292,3.34725022315979,-10.06987476348877,-4.763595104217529,-4.724159717559815,-12.95132064819336,4.2950439453125,-4.390822887420654,-0.648752748966217,3.6753978729248047,1.5382744073867798,-3.3722376823425293,-13.50852108001709,2.541492223739624,6.819522380828857,0.3570576012134552,3.2904248237609863,-7.787832260131836,8.527156829833984,9.72795581817627,-2.1015493869781494,6.769064903259277,-10.740276336669922,-0.8542062044143677,-5.793058395385742,5.153822898864746,3.3370580673217773,-9.198225021362305,-10.07068920135498,-1.8724851608276367,-3.69884729385376,2.731917381286621,-2.492628335952759,1.6244083642959597,9.197675704956056,8.241284370422363,-4.064517498016357,13.440404891967772,12.054271697998049,0.3352924585342407,7.958084106445312,-2.631326913833618,7.595410346984863,-3.8393595218658447,-5.192002773284912,-1.6149975061416626,8.266627311706543,7.193016052246094,1.5295411348342896,3.282845497131348,0.8200769424438477,8.64885425567627,7.101840019226074,1.6005597114562988,9.60633373260498,-2.9751405715942383,-1.3196390867233276,3.074506521224976,-6.6648383140563965,-3.51765513420105,4.403581142425537,-5.976136207580566,-4.476223468780518,-3.965398550033569,-6.2094573974609375,-0.1504022181034088,1.3659274578094482,-10.941139221191406,-0.2236166596412658,-1.513721942901611,1.3079524040222168,3.3026556968688965,-9.23138427734375,-6.572139739990234,11.482501983642578,-2.933851480484009,1.734756350517273,4.889492988586426,5.968521118164063,-4.249441623687744,-1.8439836502075195,10.75641632080078,-3.7393558025360103,6.262228012084961,-5.736963748931885,7.547008514404297,7.828085422515869,-1.8479602336883545,-5.0134477615356445,-4.839757919311523,-4.680051803588867,-3.793137311935425,-2.42686128616333,-0.3184846639633178,-0.408569186925888,1.6752938032150269,2.478732824325561,-1.44286048412323,-3.562467336654663,-10.564003944396973,-2.1058695316314697,3.4868080615997314,3.3480803966522217,3.915537357330322,4.108893394470215,2.618541717529297,7.820428848266602,-5.065474987030029,12.664437294006348,6.723810195922852,11.73129177093506,-1.848366141319275,14.473631858825684,-4.704875469207764,2.879233360290528,-6.8058061599731445,2.8025448322296143,0.6266274452209473,2.522711038589477,7.251262187957764,-7.854541778564453,4.257540702819824,1.1819307804107666,-6.226352214813232,-3.332326412200928,0.6307474374771118,5.154603004455566,-4.959351539611816,-2.127027034759521,1.1543173789978027,7.556468963623047,-7.617649078369141,4.018556594848633,-2.6784234046936035,-5.622068405151367,-12.220112800598145,-0.5631709098815918,-5.079033374786377,-2.719251871109009,0.9644548892974854,-5.247452735900879,10.02861213684082,2.587066411972046,-2.6647117137908936,5.743302822113037,0.6787285804748535,-5.4294304847717285,3.057548761367798,-12.419004440307615,-6.358287811279297,-0.985093593597412,-7.59039306640625,-15.95618724822998,3.03182315826416,-3.02168083190918,-0.5542407631874084,-15.77843189239502,1.6273753643035889,5.94965124130249,-6.304496765136719,3.885215759277344,-8.00318431854248,1.549549221992493,6.699658393859863,6.930702686309815,9.146867752075195,5.024816036224365,-4.72200345993042,-9.891592979431152,7.007748126983643,-0.7587559819221497,-4.9392194747924805,-3.917944192886353,4.692748069763184,-4.615428447723389,4.705510139465332,0.2201255708932876,-3.503338575363159,-3.663180112838745,-2.2518768310546875,0.2309886068105697,2.319681167602539,-7.29206371307373,-6.064182758331299,-13.71048641204834,-4.874292373657227,0.1378746181726455,1.6362957954406738,1.5930298566818235,-1.0298210382461548,-4.2397050857543945,0.153993934392929,-0.6924530267715454,10.11905002593994,12.976563453674316,-0.5030083656311035,-8.615757942199707,-5.744436740875244,-6.347901821136475,-3.565199851989746,-12.97622013092041,-2.358095645904541,-1.0,2.5943925503754266
OXYR_HUMAN,CHEMBL1643588,CCCNCc1ccc(-c2nc(CN(C3CCCC3)S(=O)(=O)c3ccc(OC)cc3)cs2)cc1,0,0,0,0,0,0,0,0,0,0,0,0,0,0,0,0,0,0,0,0,0,0,0,0,0,0,0,0,0,0,0,0,0,0,0,0,0,0,0,0,0,0,0,0,0,0,0,0,0,0,0,0,0,0,0,0,0,0,0,0,0,0,0,0,0,0,0,0,0,0,0,0,0,0,0,0,0,0,0,0,0,0,0,0,0,0,0,0,0,0,0,0,0,0,0,0,0,0,0,0,0,0,0,0,0,0,0,0,0,0,0,0,0,0,0,0,0,0,0,0,0,0,0,0,0,0,0,0,0,0,0,0,0,0,0,0,0,0,0,0,0,0,0,0,0,0,0,0,0,0,0,0,0,0,0,0,0,0,0,0,0,0,0,0,0,0,0,0,0,0,0,0,0,0,0,0,0,0,0,0,0,0,0,0,0,2,4,1,2,2,2,2,3,2,3,2,4,2,2,3,2,0,0,0,0,0,0,0,0,0,0,0,0,0,0,0,0,3,2,2,1,0,0,0,0,0,0,0,0,0,0,0,0,0,0,0,0,0,1,1,2,4,1,3,0,0,0,0,0,0,0,0,0,0,0,5,3,0,0,0,0,0,0,0,0,0,0,0,0,0,0,0,0,0,0,0,0,0,0,0,0,0,0,0,0,0,0,0,0,0,0,0,0,0,0,0,0,0,0,0,0,0,0,0,0,0,0,0,0,0,0,0,0,0,0,0,0,0,0,0,0,0,0,0,0,0,0,0,0,0,0,0,0,0,0,0,0,0,0,0,0,0,0,0,0,0,0,0,0,0,0,0,0,0,0,0,0,0,0,0,0,0,0,0,0,0,0,0,0,0,0,0,0,0,0,0,0,0,0,0,0,0,0,0,0,0,0,0,0,0,0,0,0,0,0,0,0,0,0,0,0,0,0,0,0,0,0,0,0,0,0,0,0,0,0,0,0,0,0,0,0,0,0,0,0,0,0,0,0,0,0,0,0,2,1,1,1,5,5,3,0,0,0,0,0,0,0,0,0,0,0,0,0,0,0,0,0,0,0,0,0,0,0,0,0,0,0,0,0,0,0,0,0,0,0,0,0,0,0,0,0,0,0,0,0,0,0,0,0,0,0,0,0,0,0,0,0,0,0,0,0,0,0,0,0,0,0,0,0,0,0,0,0,0,0,0,0,0,0,0,0,0,0,0,0,0,0,0,0,0,0,0,0,0,0,0,0,0,0,0,0,0,0,0,0,0,0,0,0,0,0,0,0,0,0,0,0,0,0,0,0,0,0,0,0,0,0,0,0,0,0,0,0,0,0,0,0,0,0,0,0,0,0,0,0,0,0,0,0,4,2,2,2,5,2,4,2,0,0,0,0,0,0,0,0,0,0,0,0,0,0,0,0,0,2,2,2,1,2,0,2,2,0,0,0,0,0,0,0,0,0,0,0,2,2,2,2,3,1,3,2,1,0,0,0,0,0,0,2,2,2,2,2,0,0,5,0,0,0,0,3,3,0,0,0,0,0,0,0,0,0,0,0,5,3,5,5,0,0,0,0,0,3,0,0,0,0,0,0,0,5,2,2,2,2,2,5,0,0,0,0,0,0,0,0,0,0,0,0,0,0,0,5,2,3,0,2,2,4,0,0,0,0,0,0,0,0,0,0,0,0,0,0,0,0,0,0,0,0,0,0,0,0,0,0,0,0,0,0,0,0,2,2,2,2,2,2,3,2,2,0,0,0,0,0,0,0,0,0,0,0,0,0,0,0,0,0,0,0,0,0,0,0,0,1,3,2,2,0,0,0,0,0,0,0,0,0,0,0,0,0,0,0,0,0,0,0,0,0,0,0,0,0,0,0,0,0,2,4,2,3,2,5,2,2,1,0,1,4,2,0,0,0,0,0,2,1,0,0,0,0,0,0,0,0,0,0,0,0,0,0,0,0,0,0,0,0,0,0,0,0,0,0,0,0,0,0,0,0,0,0,0,0,0,0,0,0,0,0,0,0,0,0,0,5,0,2,2,5,0,2,2,3,2,2,1,2,2,2,0,0,0,3,3,2,2,0,0,0,0,0,0,0,0,0,0,0,0,2,2,0,0,0,0,0,0,0,0,0,0,0,0,0,0,0,0,0,0,0,0,0,0,0,0,0,0,0,0,0,0,0,2,2,3,2,4,5,0,0,0,0,0,0,0,0,0,0,0,0,0,0,0,0,0,0,0,0,0,0,0,0,0,0,0,0,0,0,0,0,0,0,1,0,0,0,0,0,0,0,0,0,0,0,0,0,0,0,0,0,0,0,0,0,0,0,0,0,0,2,2,0,0,0,0,0,0,2,0,1,3,1,2,0,0,0,0,0,0,0,0,0,0,0,0,0,0,0,0,0,0,0,0,0,0,0,0,0,0,0,0,5,3,0,0,0,0,2,5,5,0,0,5,3,0,0,0,0,0,0,0,0,0,0,0,0,0,0,0,4,5,0,0,0,0,2,2,2,0,0,0,0,2,2,3,2,2,0,0,0,1,1,2,2,2,3,0,0,2,1,3,2,5,0,0,0,0,0,0,0,0,0,0,0,0,2,2,3,0,0,0,0,0,0,0,0,0,0,0,0,0,0,0,0,0,0,0,0,0,0,0,0,0,0,0,0,0,0,0,0,0,0,0,0,0,0,0,2,5,0,0,0,0,4,0,0,0,0,0,0,0,0,0,0,0,0,0,0,0,0,0,0,0,0,0,0,0,0,0,0,0,0,0,0,0,0,0,0,0,0,0,0,0,0,0,0,0,0,0,0,0,0,0,0,0,0,0,0,0,0,0,0,0,0,0,0,0,0,0,0,0,0,0,0,0,0,0,0,0,0,0,0,0,0,0,0,0,0,0,0,0,0,0,0,0,0,0,2,2,0,0,4,1,2,2,4,0,0,0,0,0,1,2,2,2,0,0,0,0,0,0,0,0,0,0,0,0,0,0,0,0,0,0,0,0,0,0,0,0,0,0,0,0,0,0,0,0,0,0,0,0,0,0,0,0,0,0,0,2,2,0,0,0,0,0,0,0,0,0,0,0,0,0,0,0,0,3,1,2,1,1,0,0,0,0,5,0,0,0,0,0,0,0,2,2,0,0,0,0,0,0,0,0,2,3,2,2,0,0,0,3,2,2,2,2,0,2,2,1,2,2,0,2,2,0,0,0,0,0,0,0,0,0,0,0,0,0,0,0,0,0,0,2,2,1,0,0,0,0,0,0,0,0,0,0,0,0,0,0,0,0,2,1,2,2,3,2,0,0,0,0,0,0,0,5,2,0,0,0,0,0,0,0,0,0,0,0,0,0,0,0,0,2,3,0,0,0,0,0,0,0,0,0,0,0,0,0,0,0,0,0,0,0,0,0,0,0,0,0,0,0,0,0,0,0,0,0,0,0,0,0,0,0,0,0,0,0,3,2,5,2,0,0,0,0,0,0,0,0,0,0,0,0,0,0,0,0,0,0,0,0,0,0,0,0,0,0,0,0,0,0,0,0,0,0,0,0,0,0,0,0,0,0,0,0,0,0,0,0,0,0,0,0,0,0,0,0,0,0,0,0,0,0,0,0,0,0,0,0,0,0,0,0,0,0,0,0,0,0,0,0,0,0,0,0,0,0,0,0,0,0,0,0,0,0,0,0,0,0,0,0,0,0,0,0,0,0,0,0,0,0,0,0,0,0,0,0,0,0,0,0,0,0,0,0,0,0,0,0,0,0,0,0,0,0,0,0,0,0,0,5,3,2,2,2,2,2,2,4,2,1,4,1,2,2,2,1,4,1,1,5,2,2,2,2,5,2,3,3,2,5,2,2,3,5,0,0,0,0,0,0,0,0,0,0,0,0,0,0,0,0,0,0,0,0,0,0,0,2,5,2,5,3,2,0,0,0,0,0,0,0,0,5,0,0,0,2,3,2,2,2,2,0,0,0,0,0,2,2,2,2,2,0,0,0,1,2,3,1,2,2,2,0,0,0,0,0,2,3,2,2,3,2,2,4,2,0,0,0,0,0,0,0,0,3,2,1,5,4,2,0,0,0,0,3,0,0,0,0,0,0,0,0,0,0,0,0,0,0,0,0,0,2,0,0,2,0,0,0,0,0,0,0,0,0,0,0,0,0,0,0,0,0,0,0,0,0,0,0,0,0,0,0,0,0,0,0,0,0,0,0,0,0,0,0,0,0,0,0,0,0,0,0,0,0,0,0,0,0,0,0,0,0,0,0,0,0,0,0,0,0,0,0,0,0,0,0,0,0,0,0,0,0,2,2,0,2,0,0,0,0,0,2,2,2,0,2,3,2,3,3,1,1,3,1,2,2,0,0,0,0,0,0,0,2,2,2,2,3,1,5,2,2,5,0,4,2,0,0,0,0,2,3,5,2,0,0,0,0,0,0,0,0,0,0,0,0,0,0,0,0,0,0,0,0,0,0,0,0,0,0,0,0,0,0,0,0,0,0,0,0,0,0,0,0,0,0,0,0,0,0,0,0,0,0,0,0,0,0,0,0,0,0,0,0,0,0,0,0,0,0,0,0,0,0,0,0,0,0,0,0,0,0,0,0,0,0,0,0,0,0,0,0,0,0,0,0,0,0,0,0,2,1,1,3,2,3,2,2,5,1,5,5,2,1,4,3,0,0,0,0,0,0,0,0,0,0,0,0,0,0,0,0,0,0,0,0,0,0,0,0,0,0,0,0,0,0,0,0,0,0,0,0,0,0,0,0,0,0,0,0,0,0,0,0,0,0,0,0,0,0,0,0,0,0,0,0,0,0,0,0,0,0,0,0,0,0,0,0,0,0,0,0,0,0,0,0,0,0,0,0,0,0,0,0,0,0,0,0,0,0,0,0,0,0,0,0,0,0,0,0,0,0,0,0,0,0,0,0,0,0,0,0,0,0,0,0,0,0,0,0,0,0,0,0,0,0,0,0,0,0,0,0,0,0,0,0,0,0,0,0,0,0,0,0,0,0,0,0,0,0,0,0,0,0,0,0,0,0,0,0,0,0,0,0,0,0,0,0,0,0,0,0,0,0,0,0,0,0,0,0,0,0,0,0,0,0,0,0,0,0,0,0,0,0,0,0,0,0,0,0,0,0,0,0,0,0,0,0,0,0,0,0,0,0,0,0,0,0,0,0,0,0,0,0,0,0,0,0,0,0,0,0,0,0,0,0,0,0,0,0,0,0,0,0,0,0,0,0,0,0,0,0,0,0,0,0,0,0,0,0,0,0,0,0,0,0,0,0,0,0,0,0,0,0,0,0,0,0,0,0,3,2,3,5,5,3,3,3,3,3,2,2,2,3,5,5,3,0,0,0,0,0,0,0,0,0,0,0,0,0,0,0,0,0,0,0,0,0,0,0,0,0,0,0,0,0,0,0,0,0,0,0,0,0,0,0,0,0,0,0,0,0,0,0,0,0,0,0,0,0,0,0,0,0,0,0,0,0,0,0,0,0,0,0,0,0,0,0,0,0,0,0,0,0,0,0,0,0,0,0,0,0,0,0,0,0,0,0,0,0,0,0,0,0,0,0,0,0,0,0,0,0,0,0,0,0,0,0,0,0,0,0,0,0,0,0,0,0,0,0,0,0,0,0,0,0,3,3,3,5,3,1,3,3,1,3,3,2,0,0,0,0,0,0,0,0,0,0,0,0,0,0,0,0,0,0,0,0,0,0,0,0,0,0,0,0,0,0,0,0,0,0,0,0,0,0,0,0,0,0,0,0,0,0,0,0,0,0,0,0,0,0,0,0,1.215846300125122,-4.585982799530029,-2.97579026222229,7.201843738555908,1.6334781646728516,0.8926972150802612,-15.00791072845459,-1.0280003547668457,11.418045043945312,3.2475926876068115,-3.603513240814209,-0.4197387397289276,-9.1639404296875,2.408156394958496,-7.334639072418213,-0.8684984445571899,6.35474967956543,-5.373209476470947,-5.320682525634766,8.098284721374512,1.915433883666992,10.076776504516602,19.65742874145508,10.223803520202637,-10.884077072143556,-1.6627439260482788,-0.9031124114990234,-12.572072982788086,2.32930326461792,0.5070321559906006,12.363489151000977,-9.653379440307615,-9.18247890472412,-7.26408576965332,5.061555862426758,-1.692413568496704,-1.440159797668457,0.7647208571434021,11.624829292297363,8.603567123413086,-1.0309878587722778,-2.2685279846191406,-7.054623126983643,-2.473175287246704,-14.43901824951172,4.46199369430542,1.5370404720306396,10.291948318481444,-9.47382926940918,7.157317161560059,7.5402021408081055,-10.75356101989746,-1.69317626953125,-11.399399757385254,-8.861432075500488,-7.350922107696533,-2.8226706981658936,1.4211435317993164,5.06926155090332,6.169769287109375,-0.2884234189987182,-10.288219451904297,-4.34231424331665,3.2330188751220703,-17.14875030517578,-1.2927637100219729,11.885287284851074,0.100858561694622,-3.7724318504333496,1.4121971130371094,-7.6819071769714355,0.7686496376991272,10.933428764343262,-9.190862655639648,-3.7319397926330566,8.382495880126953,-9.891423225402832,2.8777072429656982,-0.95246559381485,6.159154891967773,9.15586280822754,-1.667347073554993,-5.676701068878174,-16.00678062438965,0.8306213021278381,-1.342771053314209,-9.064811706542969,7.519328117370605,4.371092796325684,-5.807799816131592,4.164973735809326,3.628628969192505,5.445973873138428,7.732852458953857,4.507118701934815,-1.51339590549469,2.602037191390991,5.890315532684326,8.798710823059082,3.662383317947388,-5.894473075866699,-6.955351829528809,-7.139374732971191,-13.136487007141112,3.1921932697296143,-7.617733001708984,-3.8821558952331534,3.904755353927612,-1.813706398010254,-7.378809928894043,-17.77153968811035,6.272750854492188,4.756866931915283,-0.1824793070554733,0.6015063524246216,-6.5672526359558105,9.600289344787598,12.127302169799805,-1.7407249212265017,6.91225528717041,-11.375994682312012,0.099456787109375,-7.619531154632568,6.791831016540527,5.031129360198975,-11.477532386779783,-11.982732772827148,-3.6263232231140137,-7.03962516784668,-2.3076171875,-0.9427896738052368,5.368095397949219,12.930665016174316,12.863441467285156,-1.9506511688232424,16.51020622253418,13.950641632080078,-0.989824652671814,13.608119010925291,-3.5209357738494877,9.390154838562012,-1.756397724151611,-2.425133228302002,1.2547277212142944,12.185894966125488,7.795261383056641,3.293262481689453,2.355146646499634,0.4433268010616302,10.87143611907959,5.917507171630859,3.979563474655152,9.224245071411133,-4.209051132202148,-2.616311550140381,4.798288345336914,-8.015168190002441,-7.159395217895508,3.188293218612671,-7.240638732910156,-3.8871803283691406,-3.1793837547302246,-8.557511329650879,1.0203639268875122,-1.6608171463012695,-6.168989181518555,1.2347735166549685,-2.561298370361328,-2.136461973190308,7.903285503387451,-7.640896797180176,-5.57952880859375,16.004789352416992,-5.57916784286499,2.102031707763672,3.0260932445526123,6.384481430053711,-3.8146562576293945,-5.393224239349365,16.234561920166016,-3.909933567047119,12.932169914245604,-2.7200183868408203,10.030375480651855,11.773683547973633,-3.8826308250427246,-5.429828643798828,-2.3158295154571533,-7.750797271728516,-4.309737205505371,-0.7825902700424194,-2.2210564613342285,-3.1656203269958496,0.7806054353713989,0.7598505020141602,-0.9748283624649048,-6.270605087280273,-13.806260108947754,-2.059046506881714,0.555586040019989,4.862049579620361,4.13925313949585,4.785650730133057,3.10554313659668,4.082913398742676,-5.368014335632324,14.914617538452148,7.431365966796875,13.388419151306152,-4.383921146392822,14.966874122619627,-3.2544753551483154,8.164484977722168,-7.941935539245605,4.942278861999512,0.4570194780826568,1.8841458559036253,5.157067775726318,-7.749285697937012,5.474887371063232,1.4986426830291748,-9.567469596862791,-2.4593629837036133,0.6778078079223633,5.701906681060791,-7.564011573791504,-0.967012345790863,0.0025528073310852,5.601852416992188,-8.395170211791992,4.217525005340576,-0.3664504885673523,-7.626580238342285,-14.223803520202637,-1.9505809545516968,-4.05920934677124,-7.321774005889893,-0.0379652306437492,-5.665533542633057,11.259207725524902,9.184762954711914,-4.388267993927002,6.659500598907471,1.8023037910461424,-4.180199146270752,3.83647346496582,-15.126614570617676,-8.80705451965332,-0.485767513513565,-4.9633893966674805,-19.41991806030273,3.5508291721343994,0.6576141119003296,-1.6779041290283203,-15.18374729156494,2.2470703125,4.021477699279785,-9.690661430358888,10.643250465393066,-8.650155067443848,-0.8914024829864502,7.298248767852783,7.177905559539795,14.40645980834961,4.18147611618042,-7.065576553344727,-9.685518264770508,8.151556015014648,3.2889087200164795,-6.743678092956543,-5.121543884277344,2.820197820663452,-2.5861153602600098,4.0472493171691895,-0.955588698387146,-7.004266262054443,-0.5967856049537659,-2.014164686203003,-0.5203844904899597,0.9692270755767822,-7.673871994018555,-8.360621452331543,-18.654428482055664,-7.913756847381592,-2.558446884155273,2.674093723297119,-0.3382936418056488,-1.7873762845993042,-6.480551719665527,-1.7859816551208496,0.6835629343986511,15.914711952209473,11.762948036193848,-1.114940166473389,-10.767411231994627,-5.328179836273193,-7.878167152404785,-5.158297538757324,-14.65817928314209,-3.0240588188171387,-1.0,3.800001827817969
OXYR_HUMAN,CHEMBL3813771,CCC(C)C1NC(=O)C(Cc2ccc(O)cc2)NC(=O)CCSSCC(C(=O)N2CCCC2C(=O)NC(CC(C)C)C(=O)NCC(N)=O)N(C)C(=O)C(CC(N)=O)NC(=O)C(CCC(N)=O)NC1=O,0,0,0,0,0,0,0,0,0,0,0,0,0,0,0,0,0,0,0,0,0,0,0,0,0,0,0,0,0,0,0,0,0,0,0,0,0,0,0,0,0,0,0,0,0,0,0,0,0,0,0,0,0,0,0,0,0,0,0,0,0,0,0,0,0,0,0,0,0,0,0,0,0,0,0,0,0,0,0,0,0,0,0,0,0,0,0,0,0,0,0,0,0,0,0,0,0,0,0,0,0,0,0,0,0,0,0,0,0,0,0,0,0,0,0,0,0,0,0,0,0,0,0,0,0,0,0,0,0,0,0,0,0,0,0,0,0,0,0,0,0,0,0,0,0,0,0,0,0,0,0,0,0,0,0,0,0,0,0,0,0,0,0,0,0,0,0,0,0,0,0,0,0,0,0,0,0,0,0,0,0,0,0,0,0,2,4,1,2,2,2,2,3,2,3,2,4,2,2,3,2,0,0,0,0,0,0,0,0,0,0,0,0,0,0,0,0,3,2,2,1,0,0,0,0,0,0,0,0,0,0,0,0,0,0,0,0,0,1,1,2,4,1,3,0,0,0,0,0,0,0,0,0,0,0,5,3,0,0,0,0,0,0,0,0,0,0,0,0,0,0,0,0,0,0,0,0,0,0,0,0,0,0,0,0,0,0,0,0,0,0,0,0,0,0,0,0,0,0,0,0,0,0,0,0,0,0,0,0,0,0,0,0,0,0,0,0,0,0,0,0,0,0,0,0,0,0,0,0,0,0,0,0,0,0,0,0,0,0,0,0,0,0,0,0,0,0,0,0,0,0,0,0,0,0,0,0,0,0,0,0,0,0,0,0,0,0,0,0,0,0,0,0,0,0,0,0,0,0,0,0,0,0,0,0,0,0,0,0,0,0,0,0,0,0,0,0,0,0,0,0,0,0,0,0,0,0,0,0,0,0,0,0,0,0,0,0,0,0,0,0,0,0,0,0,0,0,0,0,0,0,0,0,2,1,1,1,5,5,3,0,0,0,0,0,0,0,0,0,0,0,0,0,0,0,0,0,0,0,0,0,0,0,0,0,0,0,0,0,0,0,0,0,0,0,0,0,0,0,0,0,0,0,0,0,0,0,0,0,0,0,0,0,0,0,0,0,0,0,0,0,0,0,0,0,0,0,0,0,0,0,0,0,0,0,0,0,0,0,0,0,0,0,0,0,0,0,0,0,0,0,0,0,0,0,0,0,0,0,0,0,0,0,0,0,0,0,0,0,0,0,0,0,0,0,0,0,0,0,0,0,0,0,0,0,0,0,0,0,0,0,0,0,0,0,0,0,0,0,0,0,0,0,0,0,0,0,0,0,4,2,2,2,5,2,4,2,0,0,0,0,0,0,0,0,0,0,0,0,0,0,0,0,0,2,2,2,1,2,0,2,2,0,0,0,0,0,0,0,0,0,0,0,2,2,2,2,3,1,3,2,1,0,0,0,0,0,0,2,2,2,2,2,0,0,5,0,0,0,0,3,3,0,0,0,0,0,0,0,0,0,0,0,5,3,5,5,0,0,0,0,0,3,0,0,0,0,0,0,0,5,2,2,2,2,2,5,0,0,0,0,0,0,0,0,0,0,0,0,0,0,0,5,2,3,0,2,2,4,0,0,0,0,0,0,0,0,0,0,0,0,0,0,0,0,0,0,0,0,0,0,0,0,0,0,0,0,0,0,0,0,2,2,2,2,2,2,3,2,2,0,0,0,0,0,0,0,0,0,0,0,0,0,0,0,0,0,0,0,0,0,0,0,0,1,3,2,2,0,0,0,0,0,0,0,0,0,0,0,0,0,0,0,0,0,0,0,0,0,0,0,0,0,0,0,0,0,2,4,2,3,2,5,2,2,1,0,1,4,2,0,0,0,0,0,2,1,0,0,0,0,0,0,0,0,0,0,0,0,0,0,0,0,0,0,0,0,0,0,0,0,0,0,0,0,0,0,0,0,0,0,0,0,0,0,0,0,0,0,0,0,0,0,0,5,0,2,2,5,0,2,2,3,2,2,1,2,2,2,0,0,0,3,3,2,2,0,0,0,0,0,0,0,0,0,0,0,0,2,2,0,0,0,0,0,0,0,0,0,0,0,0,0,0,0,0,0,0,0,0,0,0,0,0,0,0,0,0,0,0,0,2,2,3,2,4,5,0,0,0,0,0,0,0,0,0,0,0,0,0,0,0,0,0,0,0,0,0,0,0,0,0,0,0,0,0,0,0,0,0,0,1,0,0,0,0,0,0,0,0,0,0,0,0,0,0,0,0,0,0,0,0,0,0,0,0,0,0,2,2,0,0,0,0,0,0,2,0,1,3,1,2,0,0,0,0,0,0,0,0,0,0,0,0,0,0,0,0,0,0,0,0,0,0,0,0,0,0,0,0,5,3,0,0,0,0,2,5,5,0,0,5,3,0,0,0,0,0,0,0,0,0,0,0,0,0,0,0,4,5,0,0,0,0,2,2,2,0,0,0,0,2,2,3,2,2,0,0,0,1,1,2,2,2,3,0,0,2,1,3,2,5,0,0,0,0,0,0,0,0,0,0,0,0,2,2,3,0,0,0,0,0,0,0,0,0,0,0,0,0,0,0,0,0,0,0,0,0,0,0,0,0,0,0,0,0,0,0,0,0,0,0,0,0,0,0,2,5,0,0,0,0,4,0,0,0,0,0,0,0,0,0,0,0,0,0,0,0,0,0,0,0,0,0,0,0,0,0,0,0,0,0,0,0,0,0,0,0,0,0,0,0,0,0,0,0,0,0,0,0,0,0,0,0,0,0,0,0,0,0,0,0,0,0,0,0,0,0,0,0,0,0,0,0,0,0,0,0,0,0,0,0,0,0,0,0,0,0,0,0,0,0,0,0,0,0,2,2,0,0,4,1,2,2,4,0,0,0,0,0,1,2,2,2,0,0,0,0,0,0,0,0,0,0,0,0,0,0,0,0,0,0,0,0,0,0,0,0,0,0,0,0,0,0,0,0,0,0,0,0,0,0,0,0,0,0,0,2,2,0,0,0,0,0,0,0,0,0,0,0,0,0,0,0,0,3,1,2,1,1,0,0,0,0,5,0,0,0,0,0,0,0,2,2,0,0,0,0,0,0,0,0,2,3,2,2,0,0,0,3,2,2,2,2,0,2,2,1,2,2,0,2,2,0,0,0,0,0,0,0,0,0,0,0,0,0,0,0,0,0,0,2,2,1,0,0,0,0,0,0,0,0,0,0,0,0,0,0,0,0,2,1,2,2,3,2,0,0,0,0,0,0,0,5,2,0,0,0,0,0,0,0,0,0,0,0,0,0,0,0,0,2,3,0,0,0,0,0,0,0,0,0,0,0,0,0,0,0,0,0,0,0,0,0,0,0,0,0,0,0,0,0,0,0,0,0,0,0,0,0,0,0,0,0,0,0,3,2,5,2,0,0,0,0,0,0,0,0,0,0,0,0,0,0,0,0,0,0,0,0,0,0,0,0,0,0,0,0,0,0,0,0,0,0,0,0,0,0,0,0,0,0,0,0,0,0,0,0,0,0,0,0,0,0,0,0,0,0,0,0,0,0,0,0,0,0,0,0,0,0,0,0,0,0,0,0,0,0,0,0,0,0,0,0,0,0,0,0,0,0,0,0,0,0,0,0,0,0,0,0,0,0,0,0,0,0,0,0,0,0,0,0,0,0,0,0,0,0,0,0,0,0,0,0,0,0,0,0,0,0,0,0,0,0,0,0,0,0,0,5,3,2,2,2,2,2,2,4,2,1,4,1,2,2,2,1,4,1,1,5,2,2,2,2,5,2,3,3,2,5,2,2,3,5,0,0,0,0,0,0,0,0,0,0,0,0,0,0,0,0,0,0,0,0,0,0,0,2,5,2,5,3,2,0,0,0,0,0,0,0,0,5,0,0,0,2,3,2,2,2,2,0,0,0,0,0,2,2,2,2,2,0,0,0,1,2,3,1,2,2,2,0,0,0,0,0,2,3,2,2,3,2,2,4,2,0,0,0,0,0,0,0,0,3,2,1,5,4,2,0,0,0,0,3,0,0,0,0,0,0,0,0,0,0,0,0,0,0,0,0,0,2,0,0,2,0,0,0,0,0,0,0,0,0,0,0,0,0,0,0,0,0,0,0,0,0,0,0,0,0,0,0,0,0,0,0,0,0,0,0,0,0,0,0,0,0,0,0,0,0,0,0,0,0,0,0,0,0,0,0,0,0,0,0,0,0,0,0,0,0,0,0,0,0,0,0,0,0,0,0,0,0,2,2,0,2,0,0,0,0,0,2,2,2,0,2,3,2,3,3,1,1,3,1,2,2,0,0,0,0,0,0,0,2,2,2,2,3,1,5,2,2,5,0,4,2,0,0,0,0,2,3,5,2,0,0,0,0,0,0,0,0,0,0,0,0,0,0,0,0,0,0,0,0,0,0,0,0,0,0,0,0,0,0,0,0,0,0,0,0,0,0,0,0,0,0,0,0,0,0,0,0,0,0,0,0,0,0,0,0,0,0,0,0,0,0,0,0,0,0,0,0,0,0,0,0,0,0,0,0,0,0,0,0,0,0,0,0,0,0,0,0,0,0,0,0,0,0,0,0,2,1,1,3,2,3,2,2,5,1,5,5,2,1,4,3,0,0,0,0,0,0,0,0,0,0,0,0,0,0,0,0,0,0,0,0,0,0,0,0,0,0,0,0,0,0,0,0,0,0,0,0,0,0,0,0,0,0,0,0,0,0,0,0,0,0,0,0,0,0,0,0,0,0,0,0,0,0,0,0,0,0,0,0,0,0,0,0,0,0,0,0,0,0,0,0,0,0,0,0,0,0,0,0,0,0,0,0,0,0,0,0,0,0,0,0,0,0,0,0,0,0,0,0,0,0,0,0,0,0,0,0,0,0,0,0,0,0,0,0,0,0,0,0,0,0,0,0,0,0,0,0,0,0,0,0,0,0,0,0,0,0,0,0,0,0,0,0,0,0,0,0,0,0,0,0,0,0,0,0,0,0,0,0,0,0,0,0,0,0,0,0,0,0,0,0,0,0,0,0,0,0,0,0,0,0,0,0,0,0,0,0,0,0,0,0,0,0,0,0,0,0,0,0,0,0,0,0,0,0,0,0,0,0,0,0,0,0,0,0,0,0,0,0,0,0,0,0,0,0,0,0,0,0,0,0,0,0,0,0,0,0,0,0,0,0,0,0,0,0,0,0,0,0,0,0,0,0,0,0,0,0,0,0,0,0,0,0,0,0,0,0,0,0,0,0,0,0,0,0,3,2,3,5,5,3,3,3,3,3,2,2,2,3,5,5,3,0,0,0,0,0,0,0,0,0,0,0,0,0,0,0,0,0,0,0,0,0,0,0,0,0,0,0,0,0,0,0,0,0,0,0,0,0,0,0,0,0,0,0,0,0,0,0,0,0,0,0,0,0,0,0,0,0,0,0,0,0,0,0,0,0,0,0,0,0,0,0,0,0,0,0,0,0,0,0,0,0,0,0,0,0,0,0,0,0,0,0,0,0,0,0,0,0,0,0,0,0,0,0,0,0,0,0,0,0,0,0,0,0,0,0,0,0,0,0,0,0,0,0,0,0,0,0,0,0,3,3,3,5,3,1,3,3,1,3,3,2,0,0,0,0,0,0,0,0,0,0,0,0,0,0,0,0,0,0,0,0,0,0,0,0,0,0,0,0,0,0,0,0,0,0,0,0,0,0,0,0,0,0,0,0,0,0,0,0,0,0,0,0,0,0,0,0,1.890248656272888,-8.32922077178955,-4.637958526611328,6.081976413726807,3.643136501312256,-17.424951553344727,-29.495763778686523,-4.512163639068604,23.064531326293945,-2.706029176712036,5.259170055389404,18.808338165283203,-0.6980048418045044,13.998968124389648,-30.621212005615234,-1.0629130601882937,23.199970245361328,-27.57537841796875,-30.098188400268555,35.558799743652344,7.288390159606934,16.54953956604004,54.84815979003906,16.137313842773438,-18.202959060668945,6.536675930023193,-18.182811737060547,-34.96757125854492,1.7203840017318726,-13.959781646728516,19.62171173095703,-10.81878662109375,-17.449077606201172,1.8695340156555176,-1.54013991355896,9.467731475830078,4.398436069488525,-2.6621482372283936,19.52474975585937,19.99215507507324,1.4303297996520996,3.8318920135498047,-4.379591464996338,-9.977728843688965,-24.524736404418945,21.25936889648437,9.711417198181152,37.964969635009766,-9.235231399536133,0.7604748606681824,10.774548530578612,-24.521427154541016,1.3217408657073977,-18.505992889404297,-32.73270797729492,-22.429893493652344,-15.758718490600586,15.30074405670166,5.618655204772949,10.352709770202637,2.3717970848083496,-17.10109519958496,-17.161575317382812,13.309792518615724,-41.52317810058594,4.58053731918335,19.993539810180664,8.39507007598877,-17.787250518798828,-1.4007216691970823,-7.914296150207519,14.04184341430664,14.01502513885498,-30.266021728515625,1.196290135383606,6.99418306350708,-26.580337524414062,0.5834919214248657,8.525345802307129,1.4263569116592407,18.93805313110352,0.4868175983428955,-8.492279052734375,-38.318138122558594,20.283212661743164,-13.226441383361816,-12.828036308288574,6.375745296478272,8.427297592163086,-1.7721189260482788,6.163030624389648,14.54750156402588,13.522335052490234,5.057032585144043,8.144698143005371,-3.8384430408477774,20.197736740112305,10.404458999633787,18.294597625732425,-9.747981071472168,-8.048726081848145,-21.05959701538086,-25.160938262939453,-13.013877868652344,12.665660858154297,-30.992637634277344,-15.761220932006836,11.376811027526855,7.378513336181641,-20.438743591308597,-19.468812942504883,15.329137802124023,7.69639778137207,-12.922094345092772,-4.191779136657715,-8.328787803649902,18.86467742919922,22.896137237548828,-2.878371000289917,6.662947177886963,-11.995784759521484,14.871212005615234,0.9772011041641236,31.63397026062012,0.9356086254119872,-34.63933563232422,-28.64611053466797,4.047847747802734,-14.944340705871582,-0.7978932857513428,1.3594223260879517,-3.184216022491455,15.178016662597656,39.3393669128418,6.505015850067139,32.71809005737305,-2.6813015937805176,-9.999286651611328,19.762317657470703,-14.30137062072754,22.596210479736328,-2.853861093521118,-10.240241050720217,-5.967861652374268,14.476563453674316,3.366145610809326,7.238935947418213,6.962771415710449,9.859265327453612,34.20972442626953,-2.978306770324707,16.630887985229492,16.64535140991211,-23.438739776611328,-4.862210750579834,1.2172917127609253,-17.406614303588867,-2.253903150558472,-0.8683696389198303,-18.228858947753903,5.558201313018799,11.566603660583496,-11.260756492614746,8.316333770751953,16.677921295166016,-24.801456451416016,11.519412994384766,-7.79571008682251,1.9089068174362185,15.974444389343262,-14.907641410827637,-20.479076385498047,34.205223083496094,-3.4820215702056885,13.747916221618652,-3.726342439651489,13.583418846130373,-2.995342493057251,-12.3612642288208,21.08049201965332,-11.563976287841797,24.77309799194336,-2.4242348670959477,29.995338439941406,10.553637504577637,-9.518577575683594,3.3786771297454834,1.558969259262085,-6.4583516120910645,-19.10403060913086,2.860675811767578,-6.955526351928711,-18.88475608825684,4.253161907196045,12.697877883911133,6.245787620544434,0.2011871337890625,-28.06422996520996,-8.009505271911621,-9.564476013183594,0.0716438293457031,-5.311643123626709,10.057287216186523,-4.740935802459717,-1.5250474214553833,-5.1206135749816895,32.18959426879883,26.75101089477539,25.34589195251465,-13.652467727661133,32.32427978515625,-0.9378368854522704,33.952972412109375,-15.666260719299316,13.193408012390137,-2.7523155212402344,11.6057767868042,10.873812675476074,-10.673267364501951,14.25706672668457,11.392258644104004,-21.00470352172852,-9.768816947937012,1.549953818321228,8.901960372924805,-13.19202709197998,-4.156248092651367,-4.662454128265381,11.62785530090332,-25.87105369567871,5.9704132080078125,-3.357221841812134,-19.469627380371094,-23.66385269165039,3.1201000213623047,-24.63524055480957,-5.944241523742676,-7.217411518096924,-9.088616371154783,27.732967376708984,19.61435890197754,-26.20494842529297,21.30924224853516,-6.606884956359863,-2.88452410697937,22.235843658447266,-41.20480346679688,-14.992716789245604,1.2570067644119265,9.80180835723877,-46.41328811645508,11.080537796020508,10.685559272766112,-7.856610774993896,-26.131336212158203,19.56962776184082,3.993182182312012,-18.37457656860352,32.53805923461914,-26.08717918395996,-7.2736663818359375,6.668406486511231,2.8343563079833984,17.3570556640625,-3.176555156707764,-23.10834312438965,-10.5126371383667,3.116652727127075,6.411162853240967,-20.506637573242188,3.7069852352142334,12.535386085510254,-13.332942008972168,2.0497846603393555,-1.806423306465149,-22.298194885253903,-9.819907188415527,-9.269543647766112,-11.323579788208008,17.243444442749023,-14.784537315368652,-19.076330184936523,-25.02552032470703,-15.725751876831056,-11.397295951843262,13.590425491333008,-0.4310594201087951,-3.132094383239746,-12.746014595031738,-8.049583435058594,7.457773685455322,32.37492370605469,10.80276870727539,8.448554992675781,-30.05217933654785,-18.23304557800293,-15.603333473205566,-22.226009368896484,-42.96318817138672,-0.6177033185958862,1.0,-0.5228787452803376
OXYR_HUMAN,CHEMBL1643586,CCN(CC)Cc1ccc(-c2nc(CN(C3CCCC3)S(=O)(=O)c3ccc(OC)cc3)cs2)cc1,0,0,0,0,0,0,0,0,0,0,0,0,0,0,0,0,0,0,0,0,0,0,0,0,0,0,0,0,0,0,0,0,0,0,0,0,0,0,0,0,0,0,0,0,0,0,0,0,0,0,0,0,0,0,0,0,0,0,0,0,0,0,0,0,0,0,0,0,0,0,0,0,0,0,0,0,0,0,0,0,0,0,0,0,0,0,0,0,0,0,0,0,0,0,0,0,0,0,0,0,0,0,0,0,0,0,0,0,0,0,0,0,0,0,0,0,0,0,0,0,0,0,0,0,0,0,0,0,0,0,0,0,0,0,0,0,0,0,0,0,0,0,0,0,0,0,0,0,0,0,0,0,0,0,0,0,0,0,0,0,0,0,0,0,0,0,0,0,0,0,0,0,0,0,0,0,0,0,0,0,0,0,0,0,0,2,4,1,2,2,2,2,3,2,3,2,4,2,2,3,2,0,0,0,0,0,0,0,0,0,0,0,0,0,0,0,0,3,2,2,1,0,0,0,0,0,0,0,0,0,0,0,0,0,0,0,0,0,1,1,2,4,1,3,0,0,0,0,0,0,0,0,0,0,0,5,3,0,0,0,0,0,0,0,0,0,0,0,0,0,0,0,0,0,0,0,0,0,0,0,0,0,0,0,0,0,0,0,0,0,0,0,0,0,0,0,0,0,0,0,0,0,0,0,0,0,0,0,0,0,0,0,0,0,0,0,0,0,0,0,0,0,0,0,0,0,0,0,0,0,0,0,0,0,0,0,0,0,0,0,0,0,0,0,0,0,0,0,0,0,0,0,0,0,0,0,0,0,0,0,0,0,0,0,0,0,0,0,0,0,0,0,0,0,0,0,0,0,0,0,0,0,0,0,0,0,0,0,0,0,0,0,0,0,0,0,0,0,0,0,0,0,0,0,0,0,0,0,0,0,0,0,0,0,0,0,0,0,0,0,0,0,0,0,0,0,0,0,0,0,0,0,0,2,1,1,1,5,5,3,0,0,0,0,0,0,0,0,0,0,0,0,0,0,0,0,0,0,0,0,0,0,0,0,0,0,0,0,0,0,0,0,0,0,0,0,0,0,0,0,0,0,0,0,0,0,0,0,0,0,0,0,0,0,0,0,0,0,0,0,0,0,0,0,0,0,0,0,0,0,0,0,0,0,0,0,0,0,0,0,0,0,0,0,0,0,0,0,0,0,0,0,0,0,0,0,0,0,0,0,0,0,0,0,0,0,0,0,0,0,0,0,0,0,0,0,0,0,0,0,0,0,0,0,0,0,0,0,0,0,0,0,0,0,0,0,0,0,0,0,0,0,0,0,0,0,0,0,0,4,2,2,2,5,2,4,2,0,0,0,0,0,0,0,0,0,0,0,0,0,0,0,0,0,2,2,2,1,2,0,2,2,0,0,0,0,0,0,0,0,0,0,0,2,2,2,2,3,1,3,2,1,0,0,0,0,0,0,2,2,2,2,2,0,0,5,0,0,0,0,3,3,0,0,0,0,0,0,0,0,0,0,0,5,3,5,5,0,0,0,0,0,3,0,0,0,0,0,0,0,5,2,2,2,2,2,5,0,0,0,0,0,0,0,0,0,0,0,0,0,0,0,5,2,3,0,2,2,4,0,0,0,0,0,0,0,0,0,0,0,0,0,0,0,0,0,0,0,0,0,0,0,0,0,0,0,0,0,0,0,0,2,2,2,2,2,2,3,2,2,0,0,0,0,0,0,0,0,0,0,0,0,0,0,0,0,0,0,0,0,0,0,0,0,1,3,2,2,0,0,0,0,0,0,0,0,0,0,0,0,0,0,0,0,0,0,0,0,0,0,0,0,0,0,0,0,0,2,4,2,3,2,5,2,2,1,0,1,4,2,0,0,0,0,0,2,1,0,0,0,0,0,0,0,0,0,0,0,0,0,0,0,0,0,0,0,0,0,0,0,0,0,0,0,0,0,0,0,0,0,0,0,0,0,0,0,0,0,0,0,0,0,0,0,5,0,2,2,5,0,2,2,3,2,2,1,2,2,2,0,0,0,3,3,2,2,0,0,0,0,0,0,0,0,0,0,0,0,2,2,0,0,0,0,0,0,0,0,0,0,0,0,0,0,0,0,0,0,0,0,0,0,0,0,0,0,0,0,0,0,0,2,2,3,2,4,5,0,0,0,0,0,0,0,0,0,0,0,0,0,0,0,0,0,0,0,0,0,0,0,0,0,0,0,0,0,0,0,0,0,0,1,0,0,0,0,0,0,0,0,0,0,0,0,0,0,0,0,0,0,0,0,0,0,0,0,0,0,2,2,0,0,0,0,0,0,2,0,1,3,1,2,0,0,0,0,0,0,0,0,0,0,0,0,0,0,0,0,0,0,0,0,0,0,0,0,0,0,0,0,5,3,0,0,0,0,2,5,5,0,0,5,3,0,0,0,0,0,0,0,0,0,0,0,0,0,0,0,4,5,0,0,0,0,2,2,2,0,0,0,0,2,2,3,2,2,0,0,0,1,1,2,2,2,3,0,0,2,1,3,2,5,0,0,0,0,0,0,0,0,0,0,0,0,2,2,3,0,0,0,0,0,0,0,0,0,0,0,0,0,0,0,0,0,0,0,0,0,0,0,0,0,0,0,0,0,0,0,0,0,0,0,0,0,0,0,2,5,0,0,0,0,4,0,0,0,0,0,0,0,0,0,0,0,0,0,0,0,0,0,0,0,0,0,0,0,0,0,0,0,0,0,0,0,0,0,0,0,0,0,0,0,0,0,0,0,0,0,0,0,0,0,0,0,0,0,0,0,0,0,0,0,0,0,0,0,0,0,0,0,0,0,0,0,0,0,0,0,0,0,0,0,0,0,0,0,0,0,0,0,0,0,0,0,0,0,2,2,0,0,4,1,2,2,4,0,0,0,0,0,1,2,2,2,0,0,0,0,0,0,0,0,0,0,0,0,0,0,0,0,0,0,0,0,0,0,0,0,0,0,0,0,0,0,0,0,0,0,0,0,0,0,0,0,0,0,0,2,2,0,0,0,0,0,0,0,0,0,0,0,0,0,0,0,0,3,1,2,1,1,0,0,0,0,5,0,0,0,0,0,0,0,2,2,0,0,0,0,0,0,0,0,2,3,2,2,0,0,0,3,2,2,2,2,0,2,2,1,2,2,0,2,2,0,0,0,0,0,0,0,0,0,0,0,0,0,0,0,0,0,0,2,2,1,0,0,0,0,0,0,0,0,0,0,0,0,0,0,0,0,2,1,2,2,3,2,0,0,0,0,0,0,0,5,2,0,0,0,0,0,0,0,0,0,0,0,0,0,0,0,0,2,3,0,0,0,0,0,0,0,0,0,0,0,0,0,0,0,0,0,0,0,0,0,0,0,0,0,0,0,0,0,0,0,0,0,0,0,0,0,0,0,0,0,0,0,3,2,5,2,0,0,0,0,0,0,0,0,0,0,0,0,0,0,0,0,0,0,0,0,0,0,0,0,0,0,0,0,0,0,0,0,0,0,0,0,0,0,0,0,0,0,0,0,0,0,0,0,0,0,0,0,0,0,0,0,0,0,0,0,0,0,0,0,0,0,0,0,0,0,0,0,0,0,0,0,0,0,0,0,0,0,0,0,0,0,0,0,0,0,0,0,0,0,0,0,0,0,0,0,0,0,0,0,0,0,0,0,0,0,0,0,0,0,0,0,0,0,0,0,0,0,0,0,0,0,0,0,0,0,0,0,0,0,0,0,0,0,0,5,3,2,2,2,2,2,2,4,2,1,4,1,2,2,2,1,4,1,1,5,2,2,2,2,5,2,3,3,2,5,2,2,3,5,0,0,0,0,0,0,0,0,0,0,0,0,0,0,0,0,0,0,0,0,0,0,0,2,5,2,5,3,2,0,0,0,0,0,0,0,0,5,0,0,0,2,3,2,2,2,2,0,0,0,0,0,2,2,2,2,2,0,0,0,1,2,3,1,2,2,2,0,0,0,0,0,2,3,2,2,3,2,2,4,2,0,0,0,0,0,0,0,0,3,2,1,5,4,2,0,0,0,0,3,0,0,0,0,0,0,0,0,0,0,0,0,0,0,0,0,0,2,0,0,2,0,0,0,0,0,0,0,0,0,0,0,0,0,0,0,0,0,0,0,0,0,0,0,0,0,0,0,0,0,0,0,0,0,0,0,0,0,0,0,0,0,0,0,0,0,0,0,0,0,0,0,0,0,0,0,0,0,0,0,0,0,0,0,0,0,0,0,0,0,0,0,0,0,0,0,0,0,2,2,0,2,0,0,0,0,0,2,2,2,0,2,3,2,3,3,1,1,3,1,2,2,0,0,0,0,0,0,0,2,2,2,2,3,1,5,2,2,5,0,4,2,0,0,0,0,2,3,5,2,0,0,0,0,0,0,0,0,0,0,0,0,0,0,0,0,0,0,0,0,0,0,0,0,0,0,0,0,0,0,0,0,0,0,0,0,0,0,0,0,0,0,0,0,0,0,0,0,0,0,0,0,0,0,0,0,0,0,0,0,0,0,0,0,0,0,0,0,0,0,0,0,0,0,0,0,0,0,0,0,0,0,0,0,0,0,0,0,0,0,0,0,0,0,0,0,2,1,1,3,2,3,2,2,5,1,5,5,2,1,4,3,0,0,0,0,0,0,0,0,0,0,0,0,0,0,0,0,0,0,0,0,0,0,0,0,0,0,0,0,0,0,0,0,0,0,0,0,0,0,0,0,0,0,0,0,0,0,0,0,0,0,0,0,0,0,0,0,0,0,0,0,0,0,0,0,0,0,0,0,0,0,0,0,0,0,0,0,0,0,0,0,0,0,0,0,0,0,0,0,0,0,0,0,0,0,0,0,0,0,0,0,0,0,0,0,0,0,0,0,0,0,0,0,0,0,0,0,0,0,0,0,0,0,0,0,0,0,0,0,0,0,0,0,0,0,0,0,0,0,0,0,0,0,0,0,0,0,0,0,0,0,0,0,0,0,0,0,0,0,0,0,0,0,0,0,0,0,0,0,0,0,0,0,0,0,0,0,0,0,0,0,0,0,0,0,0,0,0,0,0,0,0,0,0,0,0,0,0,0,0,0,0,0,0,0,0,0,0,0,0,0,0,0,0,0,0,0,0,0,0,0,0,0,0,0,0,0,0,0,0,0,0,0,0,0,0,0,0,0,0,0,0,0,0,0,0,0,0,0,0,0,0,0,0,0,0,0,0,0,0,0,0,0,0,0,0,0,0,0,0,0,0,0,0,0,0,0,0,0,0,0,0,0,0,0,3,2,3,5,5,3,3,3,3,3,2,2,2,3,5,5,3,0,0,0,0,0,0,0,0,0,0,0,0,0,0,0,0,0,0,0,0,0,0,0,0,0,0,0,0,0,0,0,0,0,0,0,0,0,0,0,0,0,0,0,0,0,0,0,0,0,0,0,0,0,0,0,0,0,0,0,0,0,0,0,0,0,0,0,0,0,0,0,0,0,0,0,0,0,0,0,0,0,0,0,0,0,0,0,0,0,0,0,0,0,0,0,0,0,0,0,0,0,0,0,0,0,0,0,0,0,0,0,0,0,0,0,0,0,0,0,0,0,0,0,0,0,0,0,0,0,3,3,3,5,3,1,3,3,1,3,3,2,0,0,0,0,0,0,0,0,0,0,0,0,0,0,0,0,0,0,0,0,0,0,0,0,0,0,0,0,0,0,0,0,0,0,0,0,0,0,0,0,0,0,0,0,0,0,0,0,0,0,0,0,0,0,0,0,1.1915767192840576,-3.955157518386841,-3.5391085147857666,6.160421371459961,2.858150720596313,1.0226500034332275,-14.712568283081056,-0.2300911247730255,11.27829360961914,3.227368116378784,-4.26767635345459,-0.1361145824193954,-8.191981315612793,2.17937445640564,-7.855945110321045,-1.7937451601028442,6.942216873168945,-4.951723098754883,-4.516379833221436,8.935585975646973,1.5600494146347046,10.862781524658203,20.78527069091797,10.87635898590088,-8.9337797164917,-2.704205274581909,-1.1406283378601074,-10.224994659423828,3.298818588256836,1.629117488861084,11.360644340515137,-8.897711753845215,-9.957834243774414,-7.82966136932373,4.329006671905518,-1.2194058895111084,-1.0886601209640503,0.9403000473976136,10.78665256500244,7.998212814331055,-2.1338722705841064,-3.72148323059082,-7.319046974182129,-1.443826675415039,-16.10171890258789,4.575070381164551,1.0560357570648191,10.460618019104004,-8.5581636428833,7.319042205810547,8.227364540100098,-10.457403182983398,0.8912315368652344,-12.578853607177734,-9.587068557739258,-8.021079063415527,-2.223876714706421,2.492607593536377,5.080038070678711,6.911866188049316,0.0250238440930843,-10.087376594543455,-4.199276924133301,2.2061421871185303,-18.19534111022949,-1.9360082149505613,12.95040512084961,0.983770489692688,-4.240015983581543,1.6376954317092896,-8.373587608337402,-0.0839817076921463,12.07615566253662,-9.210817337036133,-6.888999938964844,8.195272445678711,-11.73271942138672,3.000105142593384,-2.811151027679444,7.69306755065918,8.518781661987305,-2.242313861846924,-6.506784915924072,-16.622058868408203,-2.2124392986297607,-1.172872543334961,-9.068613052368164,8.327614784240723,4.674454689025879,-4.618654251098633,4.776866912841797,3.9075729846954346,6.74920654296875,8.29256534576416,3.8175899982452393,-1.751513123512268,2.6558334827423096,5.05915641784668,8.202741622924805,2.966841459274292,-7.085972785949707,-7.307681083679199,-7.91603946685791,-12.689301490783691,3.492415189743042,-9.14943790435791,-3.5605454444885254,3.1989634037017822,-1.4869637489318848,-7.759702205657959,-18.694808959960938,6.942287445068359,5.351614475250244,1.3002227544784546,0.9394041299819946,-7.042020797729492,8.665244102478027,12.936580657958984,-1.9354476928710935,6.847691059112549,-12.110106468200684,0.3268304169178009,-9.807291030883787,6.715729236602783,5.87344217300415,-13.159883499145508,-13.210172653198242,-4.7935051918029785,-6.878697872161865,-1.846626162528992,-2.222037076950073,5.19818925857544,13.48006534576416,11.934015274047852,-2.172461032867432,17.595443725585938,14.330881118774414,-0.0540209710597991,12.774163246154783,-4.205470561981201,10.734016418457031,-1.9732069969177248,-1.2988793849945068,0.1594130396842956,13.998539924621582,8.34426212310791,4.633502006530762,3.373615503311157,1.4193941354751587,10.150627136230469,5.736366748809815,4.430959701538086,9.93496799468994,-4.026978015899658,-2.973374843597412,4.807834625244141,-7.932845115661621,-6.603863716125488,3.751984119415283,-7.249643325805664,-3.5441367626190186,-2.6807539463043213,-8.981146812438965,1.7072761058807373,-1.5912816524505615,-5.857614517211914,0.7909311056137085,-3.6688833236694336,-1.0960478782653809,7.570961475372314,-7.191102027893066,-4.72135591506958,16.47930908203125,-6.406153202056885,2.8118858337402344,2.353002548217773,5.35050106048584,-5.409254550933838,-4.447031021118164,18.63699722290039,-3.22434663772583,12.682816505432127,-2.4453415870666504,9.689520835876465,11.80011749267578,-4.896512031555176,-5.419932842254639,-3.1428585052490234,-7.816490650177002,-3.231451272964477,0.2628524303436279,-2.2934861183166504,-2.1185131072998047,2.185842037200928,1.1606417894363403,-2.958975553512573,-6.952889442443848,-13.869696617126465,-1.2875744104385376,2.4166412353515625,4.183394908905029,4.747464656829834,4.832442283630371,3.555572032928467,3.502045154571533,-6.96699333190918,15.777953147888184,6.845296859741211,14.596186637878418,-6.403586864471436,17.06690788269043,-4.68394136428833,7.756679058074951,-7.507364273071289,5.437908172607422,1.4452308416366575,3.670278310775757,4.64520788192749,-8.242388725280762,6.265679359436035,1.2052786350250244,-9.896479606628418,-2.350050449371338,0.5907716751098633,5.62966775894165,-7.473832130432129,-1.4832710027694702,-1.6092467308044434,5.693613529205322,-7.86284065246582,4.280915260314941,-1.124805212020874,-7.686997413635254,-15.272208213806152,-1.841387391090393,-4.6669087409973145,-6.5240983963012695,-0.1196607202291488,-5.666287899017334,11.58142375946045,8.352875709533691,-3.69978141784668,7.456275463104248,2.7917122840881348,-3.398301601409912,4.739462852478027,-14.557571411132812,-9.143560409545898,-1.2276053428649902,-4.381947994232178,-18.720378875732425,3.1727664470672607,0.2269472479820251,-1.6542677879333496,-15.720414161682127,2.2585930824279785,4.838136672973633,-9.980022430419922,11.116854667663574,-8.967070579528809,-1.3284918069839478,7.303526878356934,6.864302158355713,13.668685913085938,4.832559108734131,-7.836256980895996,-10.515776634216309,8.299283027648926,2.031431198120117,-6.478809356689453,-5.469602584838867,3.036296367645264,-2.3310439586639404,4.685886383056641,-0.2494726777076721,-7.280868530273437,-1.824005365371704,-1.5356369018554688,-1.0202350616455078,1.9947514533996584,-7.584496974945068,-8.776813507080078,-18.318544387817383,-8.956939697265625,-2.343055248260498,2.5235137939453125,-0.8581550121307373,-0.1781761795282364,-5.61024284362793,-1.74560809135437,1.1128298044204712,15.212302207946776,13.212878227233888,-1.189279079437256,-11.915632247924805,-5.894306659698486,-8.510001182556152,-5.0304789543151855,-14.036818504333496,-3.851466655731201,-1.0,3.60000308662774
OXYR_HUMAN,CHEMBL200415,Cc1ccc(N(CC(=O)Nc2cccc(Cl)c2C)S(=O)(=O)c2ccccc2)cc1,0,0,0,0,0,0,0,0,0,0,0,0,0,0,0,0,0,0,0,0,0,0,0,0,0,0,0,0,0,0,0,0,0,0,0,0,0,0,0,0,0,0,0,0,0,0,0,0,0,0,0,0,0,0,0,0,0,0,0,0,0,0,0,0,0,0,0,0,0,0,0,0,0,0,0,0,0,0,0,0,0,0,0,0,0,0,0,0,0,0,0,0,0,0,0,0,0,0,0,0,0,0,0,0,0,0,0,0,0,0,0,0,0,0,0,0,0,0,0,0,0,0,0,0,0,0,0,0,0,0,0,0,0,0,0,0,0,0,0,0,0,0,0,0,0,0,0,0,0,0,0,0,0,0,0,0,0,0,0,0,0,0,0,0,0,0,0,0,0,0,0,0,0,0,0,0,0,0,0,0,0,0,0,0,0,2,4,1,2,2,2,2,3,2,3,2,4,2,2,3,2,0,0,0,0,0,0,0,0,0,0,0,0,0,0,0,0,3,2,2,1,0,0,0,0,0,0,0,0,0,0,0,0,0,0,0,0,0,1,1,2,4,1,3,0,0,0,0,0,0,0,0,0,0,0,5,3,0,0,0,0,0,0,0,0,0,0,0,0,0,0,0,0,0,0,0,0,0,0,0,0,0,0,0,0,0,0,0,0,0,0,0,0,0,0,0,0,0,0,0,0,0,0,0,0,0,0,0,0,0,0,0,0,0,0,0,0,0,0,0,0,0,0,0,0,0,0,0,0,0,0,0,0,0,0,0,0,0,0,0,0,0,0,0,0,0,0,0,0,0,0,0,0,0,0,0,0,0,0,0,0,0,0,0,0,0,0,0,0,0,0,0,0,0,0,0,0,0,0,0,0,0,0,0,0,0,0,0,0,0,0,0,0,0,0,0,0,0,0,0,0,0,0,0,0,0,0,0,0,0,0,0,0,0,0,0,0,0,0,0,0,0,0,0,0,0,0,0,0,0,0,0,0,2,1,1,1,5,5,3,0,0,0,0,0,0,0,0,0,0,0,0,0,0,0,0,0,0,0,0,0,0,0,0,0,0,0,0,0,0,0,0,0,0,0,0,0,0,0,0,0,0,0,0,0,0,0,0,0,0,0,0,0,0,0,0,0,0,0,0,0,0,0,0,0,0,0,0,0,0,0,0,0,0,0,0,0,0,0,0,0,0,0,0,0,0,0,0,0,0,0,0,0,0,0,0,0,0,0,0,0,0,0,0,0,0,0,0,0,0,0,0,0,0,0,0,0,0,0,0,0,0,0,0,0,0,0,0,0,0,0,0,0,0,0,0,0,0,0,0,0,0,0,0,0,0,0,0,0,4,2,2,2,5,2,4,2,0,0,0,0,0,0,0,0,0,0,0,0,0,0,0,0,0,2,2,2,1,2,0,2,2,0,0,0,0,0,0,0,0,0,0,0,2,2,2,2,3,1,3,2,1,0,0,0,0,0,0,2,2,2,2,2,0,0,5,0,0,0,0,3,3,0,0,0,0,0,0,0,0,0,0,0,5,3,5,5,0,0,0,0,0,3,0,0,0,0,0,0,0,5,2,2,2,2,2,5,0,0,0,0,0,0,0,0,0,0,0,0,0,0,0,5,2,3,0,2,2,4,0,0,0,0,0,0,0,0,0,0,0,0,0,0,0,0,0,0,0,0,0,0,0,0,0,0,0,0,0,0,0,0,2,2,2,2,2,2,3,2,2,0,0,0,0,0,0,0,0,0,0,0,0,0,0,0,0,0,0,0,0,0,0,0,0,1,3,2,2,0,0,0,0,0,0,0,0,0,0,0,0,0,0,0,0,0,0,0,0,0,0,0,0,0,0,0,0,0,2,4,2,3,2,5,2,2,1,0,1,4,2,0,0,0,0,0,2,1,0,0,0,0,0,0,0,0,0,0,0,0,0,0,0,0,0,0,0,0,0,0,0,0,0,0,0,0,0,0,0,0,0,0,0,0,0,0,0,0,0,0,0,0,0,0,0,5,0,2,2,5,0,2,2,3,2,2,1,2,2,2,0,0,0,3,3,2,2,0,0,0,0,0,0,0,0,0,0,0,0,2,2,0,0,0,0,0,0,0,0,0,0,0,0,0,0,0,0,0,0,0,0,0,0,0,0,0,0,0,0,0,0,0,2,2,3,2,4,5,0,0,0,0,0,0,0,0,0,0,0,0,0,0,0,0,0,0,0,0,0,0,0,0,0,0,0,0,0,0,0,0,0,0,1,0,0,0,0,0,0,0,0,0,0,0,0,0,0,0,0,0,0,0,0,0,0,0,0,0,0,2,2,0,0,0,0,0,0,2,0,1,3,1,2,0,0,0,0,0,0,0,0,0,0,0,0,0,0,0,0,0,0,0,0,0,0,0,0,0,0,0,0,5,3,0,0,0,0,2,5,5,0,0,5,3,0,0,0,0,0,0,0,0,0,0,0,0,0,0,0,4,5,0,0,0,0,2,2,2,0,0,0,0,2,2,3,2,2,0,0,0,1,1,2,2,2,3,0,0,2,1,3,2,5,0,0,0,0,0,0,0,0,0,0,0,0,2,2,3,0,0,0,0,0,0,0,0,0,0,0,0,0,0,0,0,0,0,0,0,0,0,0,0,0,0,0,0,0,0,0,0,0,0,0,0,0,0,0,2,5,0,0,0,0,4,0,0,0,0,0,0,0,0,0,0,0,0,0,0,0,0,0,0,0,0,0,0,0,0,0,0,0,0,0,0,0,0,0,0,0,0,0,0,0,0,0,0,0,0,0,0,0,0,0,0,0,0,0,0,0,0,0,0,0,0,0,0,0,0,0,0,0,0,0,0,0,0,0,0,0,0,0,0,0,0,0,0,0,0,0,0,0,0,0,0,0,0,0,2,2,0,0,4,1,2,2,4,0,0,0,0,0,1,2,2,2,0,0,0,0,0,0,0,0,0,0,0,0,0,0,0,0,0,0,0,0,0,0,0,0,0,0,0,0,0,0,0,0,0,0,0,0,0,0,0,0,0,0,0,2,2,0,0,0,0,0,0,0,0,0,0,0,0,0,0,0,0,3,1,2,1,1,0,0,0,0,5,0,0,0,0,0,0,0,2,2,0,0,0,0,0,0,0,0,2,3,2,2,0,0,0,3,2,2,2,2,0,2,2,1,2,2,0,2,2,0,0,0,0,0,0,0,0,0,0,0,0,0,0,0,0,0,0,2,2,1,0,0,0,0,0,0,0,0,0,0,0,0,0,0,0,0,2,1,2,2,3,2,0,0,0,0,0,0,0,5,2,0,0,0,0,0,0,0,0,0,0,0,0,0,0,0,0,2,3,0,0,0,0,0,0,0,0,0,0,0,0,0,0,0,0,0,0,0,0,0,0,0,0,0,0,0,0,0,0,0,0,0,0,0,0,0,0,0,0,0,0,0,3,2,5,2,0,0,0,0,0,0,0,0,0,0,0,0,0,0,0,0,0,0,0,0,0,0,0,0,0,0,0,0,0,0,0,0,0,0,0,0,0,0,0,0,0,0,0,0,0,0,0,0,0,0,0,0,0,0,0,0,0,0,0,0,0,0,0,0,0,0,0,0,0,0,0,0,0,0,0,0,0,0,0,0,0,0,0,0,0,0,0,0,0,0,0,0,0,0,0,0,0,0,0,0,0,0,0,0,0,0,0,0,0,0,0,0,0,0,0,0,0,0,0,0,0,0,0,0,0,0,0,0,0,0,0,0,0,0,0,0,0,0,0,5,3,2,2,2,2,2,2,4,2,1,4,1,2,2,2,1,4,1,1,5,2,2,2,2,5,2,3,3,2,5,2,2,3,5,0,0,0,0,0,0,0,0,0,0,0,0,0,0,0,0,0,0,0,0,0,0,0,2,5,2,5,3,2,0,0,0,0,0,0,0,0,5,0,0,0,2,3,2,2,2,2,0,0,0,0,0,2,2,2,2,2,0,0,0,1,2,3,1,2,2,2,0,0,0,0,0,2,3,2,2,3,2,2,4,2,0,0,0,0,0,0,0,0,3,2,1,5,4,2,0,0,0,0,3,0,0,0,0,0,0,0,0,0,0,0,0,0,0,0,0,0,2,0,0,2,0,0,0,0,0,0,0,0,0,0,0,0,0,0,0,0,0,0,0,0,0,0,0,0,0,0,0,0,0,0,0,0,0,0,0,0,0,0,0,0,0,0,0,0,0,0,0,0,0,0,0,0,0,0,0,0,0,0,0,0,0,0,0,0,0,0,0,0,0,0,0,0,0,0,0,0,0,2,2,0,2,0,0,0,0,0,2,2,2,0,2,3,2,3,3,1,1,3,1,2,2,0,0,0,0,0,0,0,2,2,2,2,3,1,5,2,2,5,0,4,2,0,0,0,0,2,3,5,2,0,0,0,0,0,0,0,0,0,0,0,0,0,0,0,0,0,0,0,0,0,0,0,0,0,0,0,0,0,0,0,0,0,0,0,0,0,0,0,0,0,0,0,0,0,0,0,0,0,0,0,0,0,0,0,0,0,0,0,0,0,0,0,0,0,0,0,0,0,0,0,0,0,0,0,0,0,0,0,0,0,0,0,0,0,0,0,0,0,0,0,0,0,0,0,0,2,1,1,3,2,3,2,2,5,1,5,5,2,1,4,3,0,0,0,0,0,0,0,0,0,0,0,0,0,0,0,0,0,0,0,0,0,0,0,0,0,0,0,0,0,0,0,0,0,0,0,0,0,0,0,0,0,0,0,0,0,0,0,0,0,0,0,0,0,0,0,0,0,0,0,0,0,0,0,0,0,0,0,0,0,0,0,0,0,0,0,0,0,0,0,0,0,0,0,0,0,0,0,0,0,0,0,0,0,0,0,0,0,0,0,0,0,0,0,0,0,0,0,0,0,0,0,0,0,0,0,0,0,0,0,0,0,0,0,0,0,0,0,0,0,0,0,0,0,0,0,0,0,0,0,0,0,0,0,0,0,0,0,0,0,0,0,0,0,0,0,0,0,0,0,0,0,0,0,0,0,0,0,0,0,0,0,0,0,0,0,0,0,0,0,0,0,0,0,0,0,0,0,0,0,0,0,0,0,0,0,0,0,0,0,0,0,0,0,0,0,0,0,0,0,0,0,0,0,0,0,0,0,0,0,0,0,0,0,0,0,0,0,0,0,0,0,0,0,0,0,0,0,0,0,0,0,0,0,0,0,0,0,0,0,0,0,0,0,0,0,0,0,0,0,0,0,0,0,0,0,0,0,0,0,0,0,0,0,0,0,0,0,0,0,0,0,0,0,0,3,2,3,5,5,3,3,3,3,3,2,2,2,3,5,5,3,0,0,0,0,0,0,0,0,0,0,0,0,0,0,0,0,0,0,0,0,0,0,0,0,0,0,0,0,0,0,0,0,0,0,0,0,0,0,0,0,0,0,0,0,0,0,0,0,0,0,0,0,0,0,0,0,0,0,0,0,0,0,0,0,0,0,0,0,0,0,0,0,0,0,0,0,0,0,0,0,0,0,0,0,0,0,0,0,0,0,0,0,0,0,0,0,0,0,0,0,0,0,0,0,0,0,0,0,0,0,0,0,0,0,0,0,0,0,0,0,0,0,0,0,0,0,0,0,0,3,3,3,5,3,1,3,3,1,3,3,2,0,0,0,0,0,0,0,0,0,0,0,0,0,0,0,0,0,0,0,0,0,0,0,0,0,0,0,0,0,0,0,0,0,0,0,0,0,0,0,0,0,0,0,0,0,0,0,0,0,0,0,0,0,0,0,0,1.4458801746368408,-3.03348159790039,-2.4797234535217285,6.701315879821777,-0.7538781762123108,-0.3826068341732025,-11.877004623413086,0.8291710615158081,12.081649780273438,6.780987739562988,-6.810158729553223,-0.621580183506012,-13.079584121704102,0.7945661544799805,-5.2224321365356445,-1.2154368162155151,5.763516426086426,-2.9218313694000244,-4.122732639312744,5.777596473693848,0.3253624141216278,7.461837291717529,18.53691291809082,5.640914916992188,-9.895790100097656,-1.1592934131622314,2.3188045024871826,-9.61521816253662,1.8462475538253784,0.8380300998687744,13.622661590576172,-9.401262283325195,-4.7526679039001465,-7.742798805236816,3.62703275680542,-0.348596453666687,2.1067380905151367,1.527079939842224,9.342950820922852,5.160696029663086,-2.388011932373047,-1.634200096130371,-7.106264114379883,0.0173907466232776,-13.814471244812012,4.313733577728272,0.5682347416877747,6.844663619995117,-7.565473079681396,2.995272397994995,7.37427282333374,-6.25424861907959,-3.124924898147583,-11.262009620666504,-5.974344730377197,-7.192307472229004,-2.7501108646392822,-2.059752941131592,5.869394302368164,3.8617424964904794,-1.470575928688049,-9.267227172851562,-1.9028643369674685,4.16904354095459,-15.466175079345703,0.1791229248046875,9.184364318847656,3.081182718276977,-3.839435577392578,3.175384759902954,-7.606345653533935,0.4674905240535736,9.236817359924316,-6.904963970184326,-4.8950042724609375,7.596862316131592,-6.675207138061523,4.371812343597412,-1.729461908340454,4.8005146980285645,5.861971378326416,-0.7480040788650513,-7.362487316131592,-10.704205513000488,1.5959631204605105,-3.5456788539886475,-9.062719345092772,3.039376974105835,4.847750663757324,-2.7271440029144287,5.152380466461182,2.824544668197632,3.948968410491944,10.960933685302734,1.315294623374939,-1.496765375137329,3.954896688461304,3.3558411598205566,5.851682662963867,2.659609079360962,-3.971869707107544,-8.811055183410645,-5.892570495605469,-11.545287132263184,3.885241985321045,-9.089993476867676,-1.9829236268997192,2.6735708713531494,1.567153811454773,-6.505743026733398,-15.500214576721191,3.0427358150482178,5.619638442993164,-1.147383689880371,2.757013320922852,-5.751194477081299,8.036933898925781,9.63070297241211,-3.512320280075073,6.186772346496582,-10.707947731018066,0.5718935132026672,-6.090000152587891,6.764791965484619,4.945761203765869,-8.738676071166992,-11.33903980255127,-1.8034427165985107,-3.9351048469543457,-0.8659763336181641,-1.2142009735107422,1.6134884357452393,10.247588157653809,13.942827224731444,-3.8742079734802246,15.085497856140137,13.782500267028809,1.706451177597046,11.836971282958984,-3.0281805992126465,9.551728248596191,-1.5163158178329468,-2.2838149070739746,0.0475441962480545,11.47551727294922,8.788324356079102,3.336519956588745,1.2348487377166748,1.3681597709655762,8.899545669555664,5.859599113464356,0.9763888120651244,9.627098083496094,-2.642385721206665,-0.7887277603149414,3.5203611850738525,-7.081387996673584,-6.82832670211792,3.949741840362549,-8.022281646728516,-2.1440110206604004,-2.8667938709259038,-7.608602046966553,4.07159948348999,0.1561113148927688,-8.387908935546875,0.9176629781723022,-2.9543168544769287,1.6613776683807373,5.745844841003418,-7.1776628494262695,-2.9253640174865723,13.817801475524902,-3.97253942489624,0.2778599858283996,1.3371740579605105,5.486788272857666,-3.576425790786743,-5.95640754699707,11.73807144165039,-4.062801361083984,10.737662315368652,-2.307717084884644,6.170590400695801,10.813931465148926,-2.6237642765045166,-3.5358593463897705,-2.4444029331207275,-6.666808605194092,-6.288502216339111,-2.322547912597656,-0.108536273241043,-2.8247902393341064,0.277961403131485,5.5152788162231445,0.5268990397453308,-5.207315444946289,-11.152539253234863,-0.3811801970005035,0.2156732976436615,2.2240138053894043,2.4037744998931885,7.413123607635498,0.6355684995651245,5.657597541809082,-3.554168701171875,13.31258487701416,5.893383502960205,11.473553657531738,-2.041616916656494,13.25976276397705,0.2351016849279403,4.946141719818115,-4.6258225440979,1.9084230661392207,2.463047504425049,1.302464723587036,5.185916900634766,-7.728476524353027,6.17751932144165,1.3276007175445557,-7.289115905761719,-0.8820791840553284,0.1606789827346801,3.074618101119995,-2.8344850540161133,-1.720301628112793,2.602292776107788,6.7352705001831055,-10.326301574707031,3.313930988311768,-2.4725823402404785,-8.565797805786133,-12.499820709228516,-4.485809326171875,-3.700817823410034,-4.583309650421143,-3.563939332962036,-5.889509201049805,10.761933326721191,3.80255913734436,0.5153720378875732,3.2031397819519043,0.3611192107200622,-3.3700108528137207,2.544630527496338,-13.148710250854492,-7.440077781677246,1.0533692836761477,-6.240119934082031,-16.86920928955078,2.83665132522583,-1.20617938041687,0.5125293135643005,-13.3030424118042,-0.1818909645080566,4.600729942321777,-9.533116340637209,7.068658828735352,-6.960643291473389,-1.391911506652832,7.8654351234436035,6.932305335998535,11.058478355407717,3.5703141689300537,-4.141121864318848,-7.266718864440918,5.6891374588012695,1.1410366296768188,-6.6146345138549805,-2.7979846000671387,5.901771545410156,-1.0836875438690186,6.755943775177002,0.8813303709030151,-4.415448188781738,-1.926745891571045,-4.605599403381348,-0.0912880450487136,-0.3901464343070984,-8.035165786743164,-6.353524684906006,-18.08584213256836,-6.3197832107543945,-0.4769018590450287,2.268113851547241,0.3440148830413818,-2.6713860034942627,-8.016023635864258,-0.5127238631248474,-1.526650071144104,11.649065017700195,14.50137710571289,0.4304246604442596,-9.49208927154541,-1.863125324249268,-5.20516300201416,-3.2747812271118164,-11.947928428649902,-4.390941143035889,-1.0,1.968482948553935
OXYR_HUMAN,CHEMBL3354570,CCC(C)C1NC(=O)C(Cc2ccc(O)cc2)NC(=O)CCSSCC(C(=O)N(CC(=O)NC(CC(C)C)C(=O)NCC(N)=O)Cc2ccco2)NC(=O)C(CC(N)=O)NC(=O)C(CCC(N)=O)NC1=O,0,0,0,0,0,0,0,0,0,0,0,0,0,0,0,0,0,0,0,0,0,0,0,0,0,0,0,0,0,0,0,0,0,0,0,0,0,0,0,0,0,0,0,0,0,0,0,0,0,0,0,0,0,0,0,0,0,0,0,0,0,0,0,0,0,0,0,0,0,0,0,0,0,0,0,0,0,0,0,0,0,0,0,0,0,0,0,0,0,0,0,0,0,0,0,0,0,0,0,0,0,0,0,0,0,0,0,0,0,0,0,0,0,0,0,0,0,0,0,0,0,0,0,0,0,0,0,0,0,0,0,0,0,0,0,0,0,0,0,0,0,0,0,0,0,0,0,0,0,0,0,0,0,0,0,0,0,0,0,0,0,0,0,0,0,0,0,0,0,0,0,0,0,0,0,0,0,0,0,0,0,0,0,0,0,2,4,1,2,2,2,2,3,2,3,2,4,2,2,3,2,0,0,0,0,0,0,0,0,0,0,0,0,0,0,0,0,3,2,2,1,0,0,0,0,0,0,0,0,0,0,0,0,0,0,0,0,0,1,1,2,4,1,3,0,0,0,0,0,0,0,0,0,0,0,5,3,0,0,0,0,0,0,0,0,0,0,0,0,0,0,0,0,0,0,0,0,0,0,0,0,0,0,0,0,0,0,0,0,0,0,0,0,0,0,0,0,0,0,0,0,0,0,0,0,0,0,0,0,0,0,0,0,0,0,0,0,0,0,0,0,0,0,0,0,0,0,0,0,0,0,0,0,0,0,0,0,0,0,0,0,0,0,0,0,0,0,0,0,0,0,0,0,0,0,0,0,0,0,0,0,0,0,0,0,0,0,0,0,0,0,0,0,0,0,0,0,0,0,0,0,0,0,0,0,0,0,0,0,0,0,0,0,0,0,0,0,0,0,0,0,0,0,0,0,0,0,0,0,0,0,0,0,0,0,0,0,0,0,0,0,0,0,0,0,0,0,0,0,0,0,0,0,2,1,1,1,5,5,3,0,0,0,0,0,0,0,0,0,0,0,0,0,0,0,0,0,0,0,0,0,0,0,0,0,0,0,0,0,0,0,0,0,0,0,0,0,0,0,0,0,0,0,0,0,0,0,0,0,0,0,0,0,0,0,0,0,0,0,0,0,0,0,0,0,0,0,0,0,0,0,0,0,0,0,0,0,0,0,0,0,0,0,0,0,0,0,0,0,0,0,0,0,0,0,0,0,0,0,0,0,0,0,0,0,0,0,0,0,0,0,0,0,0,0,0,0,0,0,0,0,0,0,0,0,0,0,0,0,0,0,0,0,0,0,0,0,0,0,0,0,0,0,0,0,0,0,0,0,4,2,2,2,5,2,4,2,0,0,0,0,0,0,0,0,0,0,0,0,0,0,0,0,0,2,2,2,1,2,0,2,2,0,0,0,0,0,0,0,0,0,0,0,2,2,2,2,3,1,3,2,1,0,0,0,0,0,0,2,2,2,2,2,0,0,5,0,0,0,0,3,3,0,0,0,0,0,0,0,0,0,0,0,5,3,5,5,0,0,0,0,0,3,0,0,0,0,0,0,0,5,2,2,2,2,2,5,0,0,0,0,0,0,0,0,0,0,0,0,0,0,0,5,2,3,0,2,2,4,0,0,0,0,0,0,0,0,0,0,0,0,0,0,0,0,0,0,0,0,0,0,0,0,0,0,0,0,0,0,0,0,2,2,2,2,2,2,3,2,2,0,0,0,0,0,0,0,0,0,0,0,0,0,0,0,0,0,0,0,0,0,0,0,0,1,3,2,2,0,0,0,0,0,0,0,0,0,0,0,0,0,0,0,0,0,0,0,0,0,0,0,0,0,0,0,0,0,2,4,2,3,2,5,2,2,1,0,1,4,2,0,0,0,0,0,2,1,0,0,0,0,0,0,0,0,0,0,0,0,0,0,0,0,0,0,0,0,0,0,0,0,0,0,0,0,0,0,0,0,0,0,0,0,0,0,0,0,0,0,0,0,0,0,0,5,0,2,2,5,0,2,2,3,2,2,1,2,2,2,0,0,0,3,3,2,2,0,0,0,0,0,0,0,0,0,0,0,0,2,2,0,0,0,0,0,0,0,0,0,0,0,0,0,0,0,0,0,0,0,0,0,0,0,0,0,0,0,0,0,0,0,2,2,3,2,4,5,0,0,0,0,0,0,0,0,0,0,0,0,0,0,0,0,0,0,0,0,0,0,0,0,0,0,0,0,0,0,0,0,0,0,1,0,0,0,0,0,0,0,0,0,0,0,0,0,0,0,0,0,0,0,0,0,0,0,0,0,0,2,2,0,0,0,0,0,0,2,0,1,3,1,2,0,0,0,0,0,0,0,0,0,0,0,0,0,0,0,0,0,0,0,0,0,0,0,0,0,0,0,0,5,3,0,0,0,0,2,5,5,0,0,5,3,0,0,0,0,0,0,0,0,0,0,0,0,0,0,0,4,5,0,0,0,0,2,2,2,0,0,0,0,2,2,3,2,2,0,0,0,1,1,2,2,2,3,0,0,2,1,3,2,5,0,0,0,0,0,0,0,0,0,0,0,0,2,2,3,0,0,0,0,0,0,0,0,0,0,0,0,0,0,0,0,0,0,0,0,0,0,0,0,0,0,0,0,0,0,0,0,0,0,0,0,0,0,0,2,5,0,0,0,0,4,0,0,0,0,0,0,0,0,0,0,0,0,0,0,0,0,0,0,0,0,0,0,0,0,0,0,0,0,0,0,0,0,0,0,0,0,0,0,0,0,0,0,0,0,0,0,0,0,0,0,0,0,0,0,0,0,0,0,0,0,0,0,0,0,0,0,0,0,0,0,0,0,0,0,0,0,0,0,0,0,0,0,0,0,0,0,0,0,0,0,0,0,0,2,2,0,0,4,1,2,2,4,0,0,0,0,0,1,2,2,2,0,0,0,0,0,0,0,0,0,0,0,0,0,0,0,0,0,0,0,0,0,0,0,0,0,0,0,0,0,0,0,0,0,0,0,0,0,0,0,0,0,0,0,2,2,0,0,0,0,0,0,0,0,0,0,0,0,0,0,0,0,3,1,2,1,1,0,0,0,0,5,0,0,0,0,0,0,0,2,2,0,0,0,0,0,0,0,0,2,3,2,2,0,0,0,3,2,2,2,2,0,2,2,1,2,2,0,2,2,0,0,0,0,0,0,0,0,0,0,0,0,0,0,0,0,0,0,2,2,1,0,0,0,0,0,0,0,0,0,0,0,0,0,0,0,0,2,1,2,2,3,2,0,0,0,0,0,0,0,5,2,0,0,0,0,0,0,0,0,0,0,0,0,0,0,0,0,2,3,0,0,0,0,0,0,0,0,0,0,0,0,0,0,0,0,0,0,0,0,0,0,0,0,0,0,0,0,0,0,0,0,0,0,0,0,0,0,0,0,0,0,0,3,2,5,2,0,0,0,0,0,0,0,0,0,0,0,0,0,0,0,0,0,0,0,0,0,0,0,0,0,0,0,0,0,0,0,0,0,0,0,0,0,0,0,0,0,0,0,0,0,0,0,0,0,0,0,0,0,0,0,0,0,0,0,0,0,0,0,0,0,0,0,0,0,0,0,0,0,0,0,0,0,0,0,0,0,0,0,0,0,0,0,0,0,0,0,0,0,0,0,0,0,0,0,0,0,0,0,0,0,0,0,0,0,0,0,0,0,0,0,0,0,0,0,0,0,0,0,0,0,0,0,0,0,0,0,0,0,0,0,0,0,0,0,5,3,2,2,2,2,2,2,4,2,1,4,1,2,2,2,1,4,1,1,5,2,2,2,2,5,2,3,3,2,5,2,2,3,5,0,0,0,0,0,0,0,0,0,0,0,0,0,0,0,0,0,0,0,0,0,0,0,2,5,2,5,3,2,0,0,0,0,0,0,0,0,5,0,0,0,2,3,2,2,2,2,0,0,0,0,0,2,2,2,2,2,0,0,0,1,2,3,1,2,2,2,0,0,0,0,0,2,3,2,2,3,2,2,4,2,0,0,0,0,0,0,0,0,3,2,1,5,4,2,0,0,0,0,3,0,0,0,0,0,0,0,0,0,0,0,0,0,0,0,0,0,2,0,0,2,0,0,0,0,0,0,0,0,0,0,0,0,0,0,0,0,0,0,0,0,0,0,0,0,0,0,0,0,0,0,0,0,0,0,0,0,0,0,0,0,0,0,0,0,0,0,0,0,0,0,0,0,0,0,0,0,0,0,0,0,0,0,0,0,0,0,0,0,0,0,0,0,0,0,0,0,0,2,2,0,2,0,0,0,0,0,2,2,2,0,2,3,2,3,3,1,1,3,1,2,2,0,0,0,0,0,0,0,2,2,2,2,3,1,5,2,2,5,0,4,2,0,0,0,0,2,3,5,2,0,0,0,0,0,0,0,0,0,0,0,0,0,0,0,0,0,0,0,0,0,0,0,0,0,0,0,0,0,0,0,0,0,0,0,0,0,0,0,0,0,0,0,0,0,0,0,0,0,0,0,0,0,0,0,0,0,0,0,0,0,0,0,0,0,0,0,0,0,0,0,0,0,0,0,0,0,0,0,0,0,0,0,0,0,0,0,0,0,0,0,0,0,0,0,0,2,1,1,3,2,3,2,2,5,1,5,5,2,1,4,3,0,0,0,0,0,0,0,0,0,0,0,0,0,0,0,0,0,0,0,0,0,0,0,0,0,0,0,0,0,0,0,0,0,0,0,0,0,0,0,0,0,0,0,0,0,0,0,0,0,0,0,0,0,0,0,0,0,0,0,0,0,0,0,0,0,0,0,0,0,0,0,0,0,0,0,0,0,0,0,0,0,0,0,0,0,0,0,0,0,0,0,0,0,0,0,0,0,0,0,0,0,0,0,0,0,0,0,0,0,0,0,0,0,0,0,0,0,0,0,0,0,0,0,0,0,0,0,0,0,0,0,0,0,0,0,0,0,0,0,0,0,0,0,0,0,0,0,0,0,0,0,0,0,0,0,0,0,0,0,0,0,0,0,0,0,0,0,0,0,0,0,0,0,0,0,0,0,0,0,0,0,0,0,0,0,0,0,0,0,0,0,0,0,0,0,0,0,0,0,0,0,0,0,0,0,0,0,0,0,0,0,0,0,0,0,0,0,0,0,0,0,0,0,0,0,0,0,0,0,0,0,0,0,0,0,0,0,0,0,0,0,0,0,0,0,0,0,0,0,0,0,0,0,0,0,0,0,0,0,0,0,0,0,0,0,0,0,0,0,0,0,0,0,0,0,0,0,0,0,0,0,0,0,0,3,2,3,5,5,3,3,3,3,3,2,2,2,3,5,5,3,0,0,0,0,0,0,0,0,0,0,0,0,0,0,0,0,0,0,0,0,0,0,0,0,0,0,0,0,0,0,0,0,0,0,0,0,0,0,0,0,0,0,0,0,0,0,0,0,0,0,0,0,0,0,0,0,0,0,0,0,0,0,0,0,0,0,0,0,0,0,0,0,0,0,0,0,0,0,0,0,0,0,0,0,0,0,0,0,0,0,0,0,0,0,0,0,0,0,0,0,0,0,0,0,0,0,0,0,0,0,0,0,0,0,0,0,0,0,0,0,0,0,0,0,0,0,0,0,0,3,3,3,5,3,1,3,3,1,3,3,2,0,0,0,0,0,0,0,0,0,0,0,0,0,0,0,0,0,0,0,0,0,0,0,0,0,0,0,0,0,0,0,0,0,0,0,0,0,0,0,0,0,0,0,0,0,0,0,0,0,0,0,0,0,0,0,0,0.5274117588996887,-5.249220371246338,-4.974786758422852,6.45814847946167,5.526759147644043,-16.74245262145996,-29.921260833740234,-6.319303035736084,25.73917579650879,-4.8301100730896,1.6414437294006348,21.695396423339844,-0.1455718874931335,12.6072416305542,-32.8284797668457,1.279310941696167,24.241121292114254,-28.92790985107422,-29.94885635375977,35.49962615966797,7.066161632537842,19.01068687438965,59.1426010131836,16.578420639038086,-17.485435485839844,6.122317790985107,-16.17847442626953,-37.28743362426758,1.456560730934143,-12.232979774475098,21.592180252075195,-10.038641929626465,-14.983949661254885,-2.0453829765319824,-2.797736406326294,10.20081901550293,4.209476470947266,-2.2273614406585693,20.433990478515625,19.204633712768555,3.448927402496338,-0.0416707843542099,-7.007640361785889,-9.642793655395508,-28.265159606933597,18.810176849365234,11.858182907104492,40.65017318725586,-9.687420845031738,0.673361599445343,11.420443534851074,-25.27524757385254,-0.688886284828186,-22.327993392944336,-31.768875122070312,-22.4655876159668,-15.66073226928711,14.251117706298828,4.668565273284912,8.887789726257324,2.432412624359131,-17.78253173828125,-17.63631820678711,14.066909790039062,-42.860618591308594,5.353072643280029,20.323314666748047,11.928814888000488,-18.08869361877441,-1.4553371667861938,-7.50704288482666,11.919013023376465,16.679033279418945,-31.423603057861328,-3.281865119934082,6.83783483505249,-26.3039665222168,3.372868537902832,6.722492694854736,2.275141954421997,18.043476104736328,2.3667683601379395,-12.182615280151367,-40.387237548828125,16.565624237060547,-12.428260803222656,-10.841619491577148,4.201744556427002,8.844724655151367,-2.654669523239136,8.322863578796387,12.739483833312988,15.829679489135742,9.98568630218506,5.174163818359375,-5.193543434143066,19.61616325378418,9.648688316345217,17.28278160095215,-9.163228034973145,-8.101672172546387,-21.04889678955078,-25.075115203857425,-13.130964279174805,11.566757202148438,-32.59816360473633,-14.532569885253906,12.905728340148926,8.522538185119629,-19.467453002929688,-22.66278076171875,15.163070678710938,10.689184188842772,-12.468788146972656,-2.673015594482422,-9.943558692932127,18.023141860961918,24.37677001953125,-5.065990447998047,6.200372695922852,-14.112083435058594,15.086522102355955,-2.5404257774353027,33.42243957519531,0.3913855254650116,-34.56550216674805,-31.28646850585937,3.1101622581481934,-14.076183319091797,1.212388038635254,-0.2882857918739319,-5.5667595863342285,16.07890510559082,42.00689697265625,5.949523448944092,31.65118980407715,1.0414063930511477,-7.393773555755615,17.876272201538086,-13.26112461090088,25.621665954589844,0.3120587468147278,-8.892316818237305,-4.796774387359619,15.29631519317627,5.504909515380859,6.997704029083252,5.091714859008789,14.173954963684082,35.16891860961914,-1.6198559999465942,16.191204071044922,17.04178237915039,-22.95249366760254,-4.929352283477783,1.3687838315963743,-18.240554809570312,-6.131771564483643,0.1921611577272415,-19.02740859985352,6.705835342407227,13.765997886657717,-13.4047269821167,7.209764003753662,16.371614456176758,-26.54871368408203,11.982159614562988,-10.192768096923828,3.598560571670532,16.79047203063965,-12.810431480407717,-18.617755889892575,34.771026611328125,-7.628497123718262,13.792166709899902,-2.774430513381958,12.792096138000488,-4.660348415374756,-14.37146282196045,23.9871768951416,-13.539505004882812,24.54705238342285,-0.0392396971583366,29.600727081298828,11.57210922241211,-10.87872314453125,1.9348684549331665,4.1929850578308105,-6.399446964263916,-19.084545135498047,3.1487154960632324,-7.748012542724609,-16.608619689941406,6.174004077911377,14.971036911010742,4.508427619934082,-0.5049853920936584,-28.44062805175781,-7.669641494750977,-10.065532684326172,-1.552161693572998,-7.040485382080078,9.010149955749512,-5.7443437576293945,-5.169267654418945,-6.402101993560791,34.41865539550781,27.560585021972656,28.86943244934082,-15.100664138793944,32.93404006958008,-0.5314255356788635,30.936798095703125,-14.734783172607422,12.773715019226074,0.6775029897689819,15.07998752593994,10.807448387145996,-11.321918487548828,15.488512992858888,10.81039047241211,-21.160982131958008,-9.779117584228516,0.777280867099762,6.705772876739502,-14.350777626037598,-3.5631871223449707,-0.5286157131195068,14.59420108795166,-27.059255599975582,6.481529235839844,-4.1786723136901855,-22.379335403442383,-24.07132911682129,4.017237663269043,-26.644798278808597,-6.157898426055908,-9.522872924804688,-7.036266326904297,29.040771484375,18.1618709564209,-28.64521026611328,18.74859619140625,-7.640927314758301,-4.6341872215271,24.25121688842773,-42.25827407836914,-16.262863159179688,2.9125373363494877,11.471749305725098,-47.89645385742188,10.304069519042969,9.922530174255373,-7.078826427459717,-25.033184051513672,17.520977020263672,3.90712571144104,-17.970115661621094,32.181392669677734,-25.93220329284668,-9.874000549316406,10.41360855102539,2.1001014709472656,15.507445335388184,-3.5212554931640625,-25.25948143005371,-13.664719581604004,1.934359669685364,6.949406623840332,-19.444074630737305,1.809818983078003,12.01806640625,-12.16477394104004,5.668528079986572,-0.3967452049255371,-20.122825622558597,-10.78574275970459,-9.78614616394043,-10.86939811706543,21.241601943969727,-14.46438694000244,-19.315065383911133,-25.29361724853516,-13.296085357666016,-12.486621856689451,11.677891731262209,0.4097791314125061,-1.5750895738601685,-11.874953269958496,-9.277331352233888,7.103413105010986,31.695165634155277,14.477035522460938,11.351656913757324,-28.336355209350582,-18.78890609741211,-16.258865356445312,-22.34134864807129,-42.88755798339844,-2.600642442703247,1.0,-0.9999999999999998
OXYR_HUMAN,CHEMBL1088767,CCN(C(=O)c1cnn(-c2ccc(OC)cc2)c1C)c1ccc(OC)nc1,0,0,0,0,0,0,0,0,0,0,0,0,0,0,0,0,0,0,0,0,0,0,0,0,0,0,0,0,0,0,0,0,0,0,0,0,0,0,0,0,0,0,0,0,0,0,0,0,0,0,0,0,0,0,0,0,0,0,0,0,0,0,0,0,0,0,0,0,0,0,0,0,0,0,0,0,0,0,0,0,0,0,0,0,0,0,0,0,0,0,0,0,0,0,0,0,0,0,0,0,0,0,0,0,0,0,0,0,0,0,0,0,0,0,0,0,0,0,0,0,0,0,0,0,0,0,0,0,0,0,0,0,0,0,0,0,0,0,0,0,0,0,0,0,0,0,0,0,0,0,0,0,0,0,0,0,0,0,0,0,0,0,0,0,0,0,0,0,0,0,0,0,0,0,0,0,0,0,0,0,0,0,0,0,0,2,4,1,2,2,2,2,3,2,3,2,4,2,2,3,2,0,0,0,0,0,0,0,0,0,0,0,0,0,0,0,0,3,2,2,1,0,0,0,0,0,0,0,0,0,0,0,0,0,0,0,0,0,1,1,2,4,1,3,0,0,0,0,0,0,0,0,0,0,0,5,3,0,0,0,0,0,0,0,0,0,0,0,0,0,0,0,0,0,0,0,0,0,0,0,0,0,0,0,0,0,0,0,0,0,0,0,0,0,0,0,0,0,0,0,0,0,0,0,0,0,0,0,0,0,0,0,0,0,0,0,0,0,0,0,0,0,0,0,0,0,0,0,0,0,0,0,0,0,0,0,0,0,0,0,0,0,0,0,0,0,0,0,0,0,0,0,0,0,0,0,0,0,0,0,0,0,0,0,0,0,0,0,0,0,0,0,0,0,0,0,0,0,0,0,0,0,0,0,0,0,0,0,0,0,0,0,0,0,0,0,0,0,0,0,0,0,0,0,0,0,0,0,0,0,0,0,0,0,0,0,0,0,0,0,0,0,0,0,0,0,0,0,0,0,0,0,0,2,1,1,1,5,5,3,0,0,0,0,0,0,0,0,0,0,0,0,0,0,0,0,0,0,0,0,0,0,0,0,0,0,0,0,0,0,0,0,0,0,0,0,0,0,0,0,0,0,0,0,0,0,0,0,0,0,0,0,0,0,0,0,0,0,0,0,0,0,0,0,0,0,0,0,0,0,0,0,0,0,0,0,0,0,0,0,0,0,0,0,0,0,0,0,0,0,0,0,0,0,0,0,0,0,0,0,0,0,0,0,0,0,0,0,0,0,0,0,0,0,0,0,0,0,0,0,0,0,0,0,0,0,0,0,0,0,0,0,0,0,0,0,0,0,0,0,0,0,0,0,0,0,0,0,0,4,2,2,2,5,2,4,2,0,0,0,0,0,0,0,0,0,0,0,0,0,0,0,0,0,2,2,2,1,2,0,2,2,0,0,0,0,0,0,0,0,0,0,0,2,2,2,2,3,1,3,2,1,0,0,0,0,0,0,2,2,2,2,2,0,0,5,0,0,0,0,3,3,0,0,0,0,0,0,0,0,0,0,0,5,3,5,5,0,0,0,0,0,3,0,0,0,0,0,0,0,5,2,2,2,2,2,5,0,0,0,0,0,0,0,0,0,0,0,0,0,0,0,5,2,3,0,2,2,4,0,0,0,0,0,0,0,0,0,0,0,0,0,0,0,0,0,0,0,0,0,0,0,0,0,0,0,0,0,0,0,0,2,2,2,2,2,2,3,2,2,0,0,0,0,0,0,0,0,0,0,0,0,0,0,0,0,0,0,0,0,0,0,0,0,1,3,2,2,0,0,0,0,0,0,0,0,0,0,0,0,0,0,0,0,0,0,0,0,0,0,0,0,0,0,0,0,0,2,4,2,3,2,5,2,2,1,0,1,4,2,0,0,0,0,0,2,1,0,0,0,0,0,0,0,0,0,0,0,0,0,0,0,0,0,0,0,0,0,0,0,0,0,0,0,0,0,0,0,0,0,0,0,0,0,0,0,0,0,0,0,0,0,0,0,5,0,2,2,5,0,2,2,3,2,2,1,2,2,2,0,0,0,3,3,2,2,0,0,0,0,0,0,0,0,0,0,0,0,2,2,0,0,0,0,0,0,0,0,0,0,0,0,0,0,0,0,0,0,0,0,0,0,0,0,0,0,0,0,0,0,0,2,2,3,2,4,5,0,0,0,0,0,0,0,0,0,0,0,0,0,0,0,0,0,0,0,0,0,0,0,0,0,0,0,0,0,0,0,0,0,0,1,0,0,0,0,0,0,0,0,0,0,0,0,0,0,0,0,0,0,0,0,0,0,0,0,0,0,2,2,0,0,0,0,0,0,2,0,1,3,1,2,0,0,0,0,0,0,0,0,0,0,0,0,0,0,0,0,0,0,0,0,0,0,0,0,0,0,0,0,5,3,0,0,0,0,2,5,5,0,0,5,3,0,0,0,0,0,0,0,0,0,0,0,0,0,0,0,4,5,0,0,0,0,2,2,2,0,0,0,0,2,2,3,2,2,0,0,0,1,1,2,2,2,3,0,0,2,1,3,2,5,0,0,0,0,0,0,0,0,0,0,0,0,2,2,3,0,0,0,0,0,0,0,0,0,0,0,0,0,0,0,0,0,0,0,0,0,0,0,0,0,0,0,0,0,0,0,0,0,0,0,0,0,0,0,2,5,0,0,0,0,4,0,0,0,0,0,0,0,0,0,0,0,0,0,0,0,0,0,0,0,0,0,0,0,0,0,0,0,0,0,0,0,0,0,0,0,0,0,0,0,0,0,0,0,0,0,0,0,0,0,0,0,0,0,0,0,0,0,0,0,0,0,0,0,0,0,0,0,0,0,0,0,0,0,0,0,0,0,0,0,0,0,0,0,0,0,0,0,0,0,0,0,0,0,2,2,0,0,4,1,2,2,4,0,0,0,0,0,1,2,2,2,0,0,0,0,0,0,0,0,0,0,0,0,0,0,0,0,0,0,0,0,0,0,0,0,0,0,0,0,0,0,0,0,0,0,0,0,0,0,0,0,0,0,0,2,2,0,0,0,0,0,0,0,0,0,0,0,0,0,0,0,0,3,1,2,1,1,0,0,0,0,5,0,0,0,0,0,0,0,2,2,0,0,0,0,0,0,0,0,2,3,2,2,0,0,0,3,2,2,2,2,0,2,2,1,2,2,0,2,2,0,0,0,0,0,0,0,0,0,0,0,0,0,0,0,0,0,0,2,2,1,0,0,0,0,0,0,0,0,0,0,0,0,0,0,0,0,2,1,2,2,3,2,0,0,0,0,0,0,0,5,2,0,0,0,0,0,0,0,0,0,0,0,0,0,0,0,0,2,3,0,0,0,0,0,0,0,0,0,0,0,0,0,0,0,0,0,0,0,0,0,0,0,0,0,0,0,0,0,0,0,0,0,0,0,0,0,0,0,0,0,0,0,3,2,5,2,0,0,0,0,0,0,0,0,0,0,0,0,0,0,0,0,0,0,0,0,0,0,0,0,0,0,0,0,0,0,0,0,0,0,0,0,0,0,0,0,0,0,0,0,0,0,0,0,0,0,0,0,0,0,0,0,0,0,0,0,0,0,0,0,0,0,0,0,0,0,0,0,0,0,0,0,0,0,0,0,0,0,0,0,0,0,0,0,0,0,0,0,0,0,0,0,0,0,0,0,0,0,0,0,0,0,0,0,0,0,0,0,0,0,0,0,0,0,0,0,0,0,0,0,0,0,0,0,0,0,0,0,0,0,0,0,0,0,0,5,3,2,2,2,2,2,2,4,2,1,4,1,2,2,2,1,4,1,1,5,2,2,2,2,5,2,3,3,2,5,2,2,3,5,0,0,0,0,0,0,0,0,0,0,0,0,0,0,0,0,0,0,0,0,0,0,0,2,5,2,5,3,2,0,0,0,0,0,0,0,0,5,0,0,0,2,3,2,2,2,2,0,0,0,0,0,2,2,2,2,2,0,0,0,1,2,3,1,2,2,2,0,0,0,0,0,2,3,2,2,3,2,2,4,2,0,0,0,0,0,0,0,0,3,2,1,5,4,2,0,0,0,0,3,0,0,0,0,0,0,0,0,0,0,0,0,0,0,0,0,0,2,0,0,2,0,0,0,0,0,0,0,0,0,0,0,0,0,0,0,0,0,0,0,0,0,0,0,0,0,0,0,0,0,0,0,0,0,0,0,0,0,0,0,0,0,0,0,0,0,0,0,0,0,0,0,0,0,0,0,0,0,0,0,0,0,0,0,0,0,0,0,0,0,0,0,0,0,0,0,0,0,2,2,0,2,0,0,0,0,0,2,2,2,0,2,3,2,3,3,1,1,3,1,2,2,0,0,0,0,0,0,0,2,2,2,2,3,1,5,2,2,5,0,4,2,0,0,0,0,2,3,5,2,0,0,0,0,0,0,0,0,0,0,0,0,0,0,0,0,0,0,0,0,0,0,0,0,0,0,0,0,0,0,0,0,0,0,0,0,0,0,0,0,0,0,0,0,0,0,0,0,0,0,0,0,0,0,0,0,0,0,0,0,0,0,0,0,0,0,0,0,0,0,0,0,0,0,0,0,0,0,0,0,0,0,0,0,0,0,0,0,0,0,0,0,0,0,0,0,2,1,1,3,2,3,2,2,5,1,5,5,2,1,4,3,0,0,0,0,0,0,0,0,0,0,0,0,0,0,0,0,0,0,0,0,0,0,0,0,0,0,0,0,0,0,0,0,0,0,0,0,0,0,0,0,0,0,0,0,0,0,0,0,0,0,0,0,0,0,0,0,0,0,0,0,0,0,0,0,0,0,0,0,0,0,0,0,0,0,0,0,0,0,0,0,0,0,0,0,0,0,0,0,0,0,0,0,0,0,0,0,0,0,0,0,0,0,0,0,0,0,0,0,0,0,0,0,0,0,0,0,0,0,0,0,0,0,0,0,0,0,0,0,0,0,0,0,0,0,0,0,0,0,0,0,0,0,0,0,0,0,0,0,0,0,0,0,0,0,0,0,0,0,0,0,0,0,0,0,0,0,0,0,0,0,0,0,0,0,0,0,0,0,0,0,0,0,0,0,0,0,0,0,0,0,0,0,0,0,0,0,0,0,0,0,0,0,0,0,0,0,0,0,0,0,0,0,0,0,0,0,0,0,0,0,0,0,0,0,0,0,0,0,0,0,0,0,0,0,0,0,0,0,0,0,0,0,0,0,0,0,0,0,0,0,0,0,0,0,0,0,0,0,0,0,0,0,0,0,0,0,0,0,0,0,0,0,0,0,0,0,0,0,0,0,0,0,0,0,3,2,3,5,5,3,3,3,3,3,2,2,2,3,5,5,3,0,0,0,0,0,0,0,0,0,0,0,0,0,0,0,0,0,0,0,0,0,0,0,0,0,0,0,0,0,0,0,0,0,0,0,0,0,0,0,0,0,0,0,0,0,0,0,0,0,0,0,0,0,0,0,0,0,0,0,0,0,0,0,0,0,0,0,0,0,0,0,0,0,0,0,0,0,0,0,0,0,0,0,0,0,0,0,0,0,0,0,0,0,0,0,0,0,0,0,0,0,0,0,0,0,0,0,0,0,0,0,0,0,0,0,0,0,0,0,0,0,0,0,0,0,0,0,0,0,3,3,3,5,3,1,3,3,1,3,3,2,0,0,0,0,0,0,0,0,0,0,0,0,0,0,0,0,0,0,0,0,0,0,0,0,0,0,0,0,0,0,0,0,0,0,0,0,0,0,0,0,0,0,0,0,0,0,0,0,0,0,0,0,0,0,0,0,2.4680886268615723,-3.355928421020508,-4.632412910461426,6.577432155609131,2.8700661659240723,-1.1356170177459717,-10.80784511566162,-0.7039509415626526,8.425524711608887,1.80419397354126,-5.0527663230896,1.2524019479751587,-6.193579196929932,0.5124260187149048,-6.605249881744385,-2.0740115642547607,5.516300201416016,-3.5089809894561768,-1.8532294034957888,9.268890380859377,3.938539266586304,7.181351661682129,15.95449161529541,6.401671409606934,-7.526521682739258,-0.9307337403297424,0.8549495339393616,-7.363160133361816,2.5559017658233643,2.5979738235473637,11.207294464111328,-8.02750301361084,-4.47518253326416,-7.469089508056641,1.5782692432403564,-0.5799121856689453,-0.1352162957191467,0.3916945457458496,6.989940166473389,2.3283822536468506,-0.7766886949539185,-0.955021858215332,-6.0495195388793945,0.0774761140346527,-12.194334030151367,4.502221584320068,-1.444563627243042,7.478509902954102,-7.3336005210876465,5.9146728515625,7.312586784362793,-5.944531440734863,0.6159980297088623,-9.90247917175293,-6.165405750274658,-7.392399787902832,-2.8693225383758545,0.3037727475166321,4.109671592712402,5.982725143432617,0.9449082612991332,-7.662979125976562,-1.6305688619613647,-0.2774911224842071,-16.22509765625,-1.6647475957870483,8.364408493041992,0.5391302704811096,-2.789400100708008,0.4094800055027008,-6.519387245178223,0.309654027223587,9.842384338378906,-6.324297904968262,-2.9657013416290283,6.863516807556152,-9.370529174804688,3.073460578918457,-3.701107978820801,4.07285737991333,6.618150234222412,-1.3981196880340576,-6.123961925506592,-8.791597366333008,0.3626644015312195,-0.4219013154506683,-6.838695049285889,5.76874303817749,3.3883838653564453,1.413290023803711,6.862247467041016,1.5792982578277588,4.6560564041137695,6.833675861358643,0.4636388719081878,0.5796521902084351,5.357787132263184,4.703634738922119,6.197859287261963,3.72348427772522,-8.171289443969727,-5.689062595367432,-7.042924880981445,-11.55949592590332,3.6071889400482178,-6.127840995788574,-1.3925343751907349,4.155070781707764,1.9696171283721924,-4.3499956130981445,-12.237003326416016,3.5019400119781494,6.538758277893066,0.3219155967235565,4.905872821807861,-5.810363292694092,7.314316749572754,9.513716697692873,-3.0520946979522705,5.598988056182861,-10.215700149536133,-0.4968874454498291,-5.176138877868652,4.224944591522217,4.845660209655762,-10.079588890075684,-8.949347496032715,-1.588903307914734,-4.593462944030762,1.5143272876739502,-2.213956594467163,2.2002058029174805,9.534875869750977,10.624831199645996,-0.8002472519874573,13.469369888305664,12.46524429321289,-1.0366637706756592,9.126583099365234,-3.377638578414917,8.641236305236816,-1.8007783889770508,-2.885113000869751,-1.7150249481201172,10.57646369934082,7.983016490936279,3.073460578918457,2.7467682361602783,0.0125037617981433,5.646183490753174,6.562716960906982,1.0856401920318604,6.685723304748535,-4.338758945465088,-1.7449129819869995,3.6952004432678223,-7.197113037109375,-4.131652355194092,1.6693174839019775,-5.904486656188965,-4.510530471801758,-2.645009994506836,-4.436462879180908,0.208935797214508,0.9816845059394836,-10.514907836914062,-0.4335849583148956,-2.5985403060913086,0.4536570012569427,5.780071258544922,-8.28690242767334,-5.426830768585205,10.091707229614258,-1.79338276386261,1.1000494956970217,3.7584283351898193,5.486984252929688,-3.5955443382263184,-2.5641775131225586,11.276894569396973,-2.499939203262329,5.976649284362793,-3.584022045135498,8.317148208618164,7.907166004180908,-3.3460397720336914,-4.507761955261231,-3.1837282180786133,-4.461342811584473,-1.7370229959487915,-1.5041731595993042,-0.9733275175094604,-0.3391998708248138,0.1354137659072876,0.017586812376976,-0.5596282482147217,-5.344213008880615,-9.433743476867676,-2.449148654937744,1.584702968597412,4.832561492919922,4.962979793548584,4.316519260406494,3.348853588104248,6.308794021606445,-3.663780689239502,10.985434532165527,5.343185424804688,12.912031173706056,-2.3039257526397705,13.377284049987791,-4.111725330352783,4.725544452667236,-4.668088912963867,3.654956817626953,3.061026334762573,2.983769178390503,6.443227291107178,-7.912011623382568,3.992644309997559,1.9087107181549072,-8.32133960723877,-3.1521849632263184,0.8589694499969482,3.882425546646118,-3.857288360595703,-2.889770030975342,1.5484237670898438,6.341538429260254,-5.990808963775635,3.4181246757507324,-1.836986064910889,-6.077353000640869,-11.430464744567873,-2.4614436626434326,-6.153576850891113,-4.488141536712647,0.0212728828191757,-4.631824493408203,9.946584701538086,4.422564506530762,0.5234483480453491,4.488505840301514,1.5703763961791992,-4.929256439208984,3.884927988052368,-13.575167655944824,-6.1561055183410645,-0.1622433066368103,-6.232509613037109,-15.069295883178713,3.1563353538513184,-3.3238747119903564,-1.6305365562438965,-12.030319213867188,-0.3055428862571716,5.006223201751709,-7.821690082550049,4.471648216247559,-6.437405109405518,1.8725858926773071,6.631500244140625,5.457180500030518,9.251092910766602,3.364579916000366,-3.5078558921813965,-10.252525329589844,6.342286586761475,-0.0526563972234725,-3.3279809951782227,-4.118319034576416,4.122174263000488,-3.861677408218384,4.083118915557861,-0.4029257893562317,-5.226193428039551,-1.912457823753357,-2.69802188873291,0.7142964601516724,1.1446406841278076,-7.685723781585693,-5.281136512756348,-15.172358512878418,-5.819737434387207,0.968554139137268,2.5763394832611084,-0.4020198285579681,-0.816347599029541,-5.60870885848999,-0.0482749193906784,0.2685649394989013,9.998856544494627,11.796645164489746,-0.2646872997283935,-6.888143539428711,-4.176697731018066,-4.878594875335693,-3.4816465377807617,-12.39193058013916,-4.52006196975708,-1.0,1.9590413923210928
OXYR_HUMAN,CHEMBL280678,CC(O)CN1CCCC(C(=O)NC2CC3CCC2(CS(=O)(=O)N2CCC4(CCc5ccccc54)CC2)C3(C)C)C1,0,0,0,0,0,0,0,0,0,0,0,0,0,0,0,0,0,0,0,0,0,0,0,0,0,0,0,0,0,0,0,0,0,0,0,0,0,0,0,0,0,0,0,0,0,0,0,0,0,0,0,0,0,0,0,0,0,0,0,0,0,0,0,0,0,0,0,0,0,0,0,0,0,0,0,0,0,0,0,0,0,0,0,0,0,0,0,0,0,0,0,0,0,0,0,0,0,0,0,0,0,0,0,0,0,0,0,0,0,0,0,0,0,0,0,0,0,0,0,0,0,0,0,0,0,0,0,0,0,0,0,0,0,0,0,0,0,0,0,0,0,0,0,0,0,0,0,0,0,0,0,0,0,0,0,0,0,0,0,0,0,0,0,0,0,0,0,0,0,0,0,0,0,0,0,0,0,0,0,0,0,0,0,0,0,2,4,1,2,2,2,2,3,2,3,2,4,2,2,3,2,0,0,0,0,0,0,0,0,0,0,0,0,0,0,0,0,3,2,2,1,0,0,0,0,0,0,0,0,0,0,0,0,0,0,0,0,0,1,1,2,4,1,3,0,0,0,0,0,0,0,0,0,0,0,5,3,0,0,0,0,0,0,0,0,0,0,0,0,0,0,0,0,0,0,0,0,0,0,0,0,0,0,0,0,0,0,0,0,0,0,0,0,0,0,0,0,0,0,0,0,0,0,0,0,0,0,0,0,0,0,0,0,0,0,0,0,0,0,0,0,0,0,0,0,0,0,0,0,0,0,0,0,0,0,0,0,0,0,0,0,0,0,0,0,0,0,0,0,0,0,0,0,0,0,0,0,0,0,0,0,0,0,0,0,0,0,0,0,0,0,0,0,0,0,0,0,0,0,0,0,0,0,0,0,0,0,0,0,0,0,0,0,0,0,0,0,0,0,0,0,0,0,0,0,0,0,0,0,0,0,0,0,0,0,0,0,0,0,0,0,0,0,0,0,0,0,0,0,0,0,0,0,2,1,1,1,5,5,3,0,0,0,0,0,0,0,0,0,0,0,0,0,0,0,0,0,0,0,0,0,0,0,0,0,0,0,0,0,0,0,0,0,0,0,0,0,0,0,0,0,0,0,0,0,0,0,0,0,0,0,0,0,0,0,0,0,0,0,0,0,0,0,0,0,0,0,0,0,0,0,0,0,0,0,0,0,0,0,0,0,0,0,0,0,0,0,0,0,0,0,0,0,0,0,0,0,0,0,0,0,0,0,0,0,0,0,0,0,0,0,0,0,0,0,0,0,0,0,0,0,0,0,0,0,0,0,0,0,0,0,0,0,0,0,0,0,0,0,0,0,0,0,0,0,0,0,0,0,4,2,2,2,5,2,4,2,0,0,0,0,0,0,0,0,0,0,0,0,0,0,0,0,0,2,2,2,1,2,0,2,2,0,0,0,0,0,0,0,0,0,0,0,2,2,2,2,3,1,3,2,1,0,0,0,0,0,0,2,2,2,2,2,0,0,5,0,0,0,0,3,3,0,0,0,0,0,0,0,0,0,0,0,5,3,5,5,0,0,0,0,0,3,0,0,0,0,0,0,0,5,2,2,2,2,2,5,0,0,0,0,0,0,0,0,0,0,0,0,0,0,0,5,2,3,0,2,2,4,0,0,0,0,0,0,0,0,0,0,0,0,0,0,0,0,0,0,0,0,0,0,0,0,0,0,0,0,0,0,0,0,2,2,2,2,2,2,3,2,2,0,0,0,0,0,0,0,0,0,0,0,0,0,0,0,0,0,0,0,0,0,0,0,0,1,3,2,2,0,0,0,0,0,0,0,0,0,0,0,0,0,0,0,0,0,0,0,0,0,0,0,0,0,0,0,0,0,2,4,2,3,2,5,2,2,1,0,1,4,2,0,0,0,0,0,2,1,0,0,0,0,0,0,0,0,0,0,0,0,0,0,0,0,0,0,0,0,0,0,0,0,0,0,0,0,0,0,0,0,0,0,0,0,0,0,0,0,0,0,0,0,0,0,0,5,0,2,2,5,0,2,2,3,2,2,1,2,2,2,0,0,0,3,3,2,2,0,0,0,0,0,0,0,0,0,0,0,0,2,2,0,0,0,0,0,0,0,0,0,0,0,0,0,0,0,0,0,0,0,0,0,0,0,0,0,0,0,0,0,0,0,2,2,3,2,4,5,0,0,0,0,0,0,0,0,0,0,0,0,0,0,0,0,0,0,0,0,0,0,0,0,0,0,0,0,0,0,0,0,0,0,1,0,0,0,0,0,0,0,0,0,0,0,0,0,0,0,0,0,0,0,0,0,0,0,0,0,0,2,2,0,0,0,0,0,0,2,0,1,3,1,2,0,0,0,0,0,0,0,0,0,0,0,0,0,0,0,0,0,0,0,0,0,0,0,0,0,0,0,0,5,3,0,0,0,0,2,5,5,0,0,5,3,0,0,0,0,0,0,0,0,0,0,0,0,0,0,0,4,5,0,0,0,0,2,2,2,0,0,0,0,2,2,3,2,2,0,0,0,1,1,2,2,2,3,0,0,2,1,3,2,5,0,0,0,0,0,0,0,0,0,0,0,0,2,2,3,0,0,0,0,0,0,0,0,0,0,0,0,0,0,0,0,0,0,0,0,0,0,0,0,0,0,0,0,0,0,0,0,0,0,0,0,0,0,0,2,5,0,0,0,0,4,0,0,0,0,0,0,0,0,0,0,0,0,0,0,0,0,0,0,0,0,0,0,0,0,0,0,0,0,0,0,0,0,0,0,0,0,0,0,0,0,0,0,0,0,0,0,0,0,0,0,0,0,0,0,0,0,0,0,0,0,0,0,0,0,0,0,0,0,0,0,0,0,0,0,0,0,0,0,0,0,0,0,0,0,0,0,0,0,0,0,0,0,0,2,2,0,0,4,1,2,2,4,0,0,0,0,0,1,2,2,2,0,0,0,0,0,0,0,0,0,0,0,0,0,0,0,0,0,0,0,0,0,0,0,0,0,0,0,0,0,0,0,0,0,0,0,0,0,0,0,0,0,0,0,2,2,0,0,0,0,0,0,0,0,0,0,0,0,0,0,0,0,3,1,2,1,1,0,0,0,0,5,0,0,0,0,0,0,0,2,2,0,0,0,0,0,0,0,0,2,3,2,2,0,0,0,3,2,2,2,2,0,2,2,1,2,2,0,2,2,0,0,0,0,0,0,0,0,0,0,0,0,0,0,0,0,0,0,2,2,1,0,0,0,0,0,0,0,0,0,0,0,0,0,0,0,0,2,1,2,2,3,2,0,0,0,0,0,0,0,5,2,0,0,0,0,0,0,0,0,0,0,0,0,0,0,0,0,2,3,0,0,0,0,0,0,0,0,0,0,0,0,0,0,0,0,0,0,0,0,0,0,0,0,0,0,0,0,0,0,0,0,0,0,0,0,0,0,0,0,0,0,0,3,2,5,2,0,0,0,0,0,0,0,0,0,0,0,0,0,0,0,0,0,0,0,0,0,0,0,0,0,0,0,0,0,0,0,0,0,0,0,0,0,0,0,0,0,0,0,0,0,0,0,0,0,0,0,0,0,0,0,0,0,0,0,0,0,0,0,0,0,0,0,0,0,0,0,0,0,0,0,0,0,0,0,0,0,0,0,0,0,0,0,0,0,0,0,0,0,0,0,0,0,0,0,0,0,0,0,0,0,0,0,0,0,0,0,0,0,0,0,0,0,0,0,0,0,0,0,0,0,0,0,0,0,0,0,0,0,0,0,0,0,0,0,5,3,2,2,2,2,2,2,4,2,1,4,1,2,2,2,1,4,1,1,5,2,2,2,2,5,2,3,3,2,5,2,2,3,5,0,0,0,0,0,0,0,0,0,0,0,0,0,0,0,0,0,0,0,0,0,0,0,2,5,2,5,3,2,0,0,0,0,0,0,0,0,5,0,0,0,2,3,2,2,2,2,0,0,0,0,0,2,2,2,2,2,0,0,0,1,2,3,1,2,2,2,0,0,0,0,0,2,3,2,2,3,2,2,4,2,0,0,0,0,0,0,0,0,3,2,1,5,4,2,0,0,0,0,3,0,0,0,0,0,0,0,0,0,0,0,0,0,0,0,0,0,2,0,0,2,0,0,0,0,0,0,0,0,0,0,0,0,0,0,0,0,0,0,0,0,0,0,0,0,0,0,0,0,0,0,0,0,0,0,0,0,0,0,0,0,0,0,0,0,0,0,0,0,0,0,0,0,0,0,0,0,0,0,0,0,0,0,0,0,0,0,0,0,0,0,0,0,0,0,0,0,0,2,2,0,2,0,0,0,0,0,2,2,2,0,2,3,2,3,3,1,1,3,1,2,2,0,0,0,0,0,0,0,2,2,2,2,3,1,5,2,2,5,0,4,2,0,0,0,0,2,3,5,2,0,0,0,0,0,0,0,0,0,0,0,0,0,0,0,0,0,0,0,0,0,0,0,0,0,0,0,0,0,0,0,0,0,0,0,0,0,0,0,0,0,0,0,0,0,0,0,0,0,0,0,0,0,0,0,0,0,0,0,0,0,0,0,0,0,0,0,0,0,0,0,0,0,0,0,0,0,0,0,0,0,0,0,0,0,0,0,0,0,0,0,0,0,0,0,0,2,1,1,3,2,3,2,2,5,1,5,5,2,1,4,3,0,0,0,0,0,0,0,0,0,0,0,0,0,0,0,0,0,0,0,0,0,0,0,0,0,0,0,0,0,0,0,0,0,0,0,0,0,0,0,0,0,0,0,0,0,0,0,0,0,0,0,0,0,0,0,0,0,0,0,0,0,0,0,0,0,0,0,0,0,0,0,0,0,0,0,0,0,0,0,0,0,0,0,0,0,0,0,0,0,0,0,0,0,0,0,0,0,0,0,0,0,0,0,0,0,0,0,0,0,0,0,0,0,0,0,0,0,0,0,0,0,0,0,0,0,0,0,0,0,0,0,0,0,0,0,0,0,0,0,0,0,0,0,0,0,0,0,0,0,0,0,0,0,0,0,0,0,0,0,0,0,0,0,0,0,0,0,0,0,0,0,0,0,0,0,0,0,0,0,0,0,0,0,0,0,0,0,0,0,0,0,0,0,0,0,0,0,0,0,0,0,0,0,0,0,0,0,0,0,0,0,0,0,0,0,0,0,0,0,0,0,0,0,0,0,0,0,0,0,0,0,0,0,0,0,0,0,0,0,0,0,0,0,0,0,0,0,0,0,0,0,0,0,0,0,0,0,0,0,0,0,0,0,0,0,0,0,0,0,0,0,0,0,0,0,0,0,0,0,0,0,0,0,0,3,2,3,5,5,3,3,3,3,3,2,2,2,3,5,5,3,0,0,0,0,0,0,0,0,0,0,0,0,0,0,0,0,0,0,0,0,0,0,0,0,0,0,0,0,0,0,0,0,0,0,0,0,0,0,0,0,0,0,0,0,0,0,0,0,0,0,0,0,0,0,0,0,0,0,0,0,0,0,0,0,0,0,0,0,0,0,0,0,0,0,0,0,0,0,0,0,0,0,0,0,0,0,0,0,0,0,0,0,0,0,0,0,0,0,0,0,0,0,0,0,0,0,0,0,0,0,0,0,0,0,0,0,0,0,0,0,0,0,0,0,0,0,0,0,0,3,3,3,5,3,1,3,3,1,3,3,2,0,0,0,0,0,0,0,0,0,0,0,0,0,0,0,0,0,0,0,0,0,0,0,0,0,0,0,0,0,0,0,0,0,0,0,0,0,0,0,0,0,0,0,0,0,0,0,0,0,0,0,0,0,0,0,0,1.487460732460022,-9.098505973815918,-2.5067899227142334,-0.3779312372207641,-2.696563959121704,-5.473148345947266,-16.113296508789062,4.919203281402588,8.601628303527832,3.0497376918792725,5.278946876525879,-0.3769878447055816,-2.753765821456909,7.028160095214844,-4.589730262756348,-5.491277694702148,8.84321403503418,-7.003911018371582,-12.361652374267578,5.969130039215088,7.589066982269287,8.547985076904297,18.80144500732422,11.423030853271484,-15.253031730651855,-3.5301284790039062,-7.880706787109375,-11.679354667663574,6.947489738464356,-9.14579963684082,6.394278049468994,-6.667185783386231,-12.432147026062012,4.228751182556152,3.961191177368164,1.637149453163147,-5.988971710205078,-2.634565114974976,18.4766845703125,10.536091804504396,-6.321537017822266,-0.9263975620269777,-6.045632362365723,-7.261429309844971,-8.396590232849121,12.362164497375488,-1.8096859455108645,8.290431022644043,-8.656142234802246,6.611696243286133,-0.6689291000366211,-10.41481113433838,-0.0124730449169874,-5.825986385345459,-20.26778030395508,-12.96005916595459,-9.45073127746582,12.05936336517334,4.321460247039795,6.94867467880249,-2.1053342819213867,-9.595094680786133,-8.23613452911377,5.694604396820068,-21.961889266967773,-3.028548002243042,12.441036224365234,0.2040387392044067,-7.946408748626709,0.3301889300346374,-8.266046524047852,10.091146469116213,8.932859420776367,-11.190693855285645,-0.3267866969108581,6.297156810760498,-14.907305717468262,1.3873224258422852,1.175593376159668,3.642957448959351,10.0414457321167,-4.444513320922852,3.7505407333374015,-15.06925106048584,9.865607261657717,-2.8757472038269043,-8.636614799499512,16.07263946533203,4.757918357849121,-6.973759174346924,5.053158760070801,5.816963195800781,-0.4024868607521057,2.925705909729004,11.5806884765625,-6.200678825378418,1.4782954454421997,14.305460929870604,7.667215824127197,2.208341360092163,-8.119510650634766,-11.342759132385254,-6.864945411682129,-9.21757984161377,10.5670747756958,-7.732212543487549,-7.620203495025635,7.29771089553833,-2.5689451694488525,-15.808752059936523,-17.549100875854492,8.8525972366333,1.757681369781494,-4.1672210693359375,-1.7378236055374146,-3.8351874351501465,12.027494430541992,11.844393730163574,-4.066183090209961,7.340044021606445,-8.571599960327148,6.652050495147705,1.7825942039489746,10.656086921691896,6.348106384277344,-18.685007095336918,-10.435093879699709,-4.238444805145264,-9.885737419128418,-6.751944065093994,-3.223092794418335,13.094738960266112,8.971563339233398,12.15797996520996,0.8087800741195679,24.038366317749023,8.826996803283691,-6.0957441329956055,14.93657684326172,-11.08846378326416,7.123866081237793,-5.017508506774902,-6.944456100463867,-2.7476401329040527,9.22163200378418,4.756241321563721,-1.150873064994812,8.9694242477417,-7.069104671478272,12.588603019714355,2.869208335876465,6.334990978240967,12.226156234741213,-6.044008255004883,-0.967001736164093,8.240806579589844,-10.007104873657228,-2.860353469848633,-2.46994686126709,-4.110427379608154,-0.6817054152488708,-4.956094741821289,-10.473353385925291,3.404597759246826,0.8399394154548645,-2.7679905891418457,6.857669353485107,-4.524546146392822,-2.1226279735565186,6.732716083526611,-10.396926879882812,-6.563654899597168,21.64252281188965,-11.047228813171388,14.396592140197754,-3.703125476837158,8.961148262023926,1.9142060279846191,-3.720373392105103,19.229167938232425,-1.4753426313400269,17.898290634155273,-6.881613731384277,17.055524826049805,12.084976196289062,-6.956652641296387,-7.20030689239502,-5.10845422744751,-7.904352188110352,-8.10112476348877,-0.9172075986862184,-1.097063660621643,-6.788983345031738,-2.072808027267456,4.804824352264404,-4.132440567016602,-5.064890384674072,-18.83504676818848,-5.172195911407471,1.67233145236969,8.796735763549805,7.926304817199707,11.577937126159668,8.158844947814941,7.598489761352539,-3.0198023319244385,14.450695037841797,11.575852394104004,8.461756706237793,-3.2726638317108154,14.332797050476074,-5.304915904998779,15.899750709533691,-9.148442268371582,8.597636222839355,-6.548475742340088,-1.33864426612854,9.390166282653809,-9.588769912719728,7.106007099151611,3.293364286422729,-8.536733627319336,-7.814633369445801,5.44248104095459,7.232100486755371,-12.820656776428224,-3.339704990386963,-10.420867919921877,0.6346659064292908,-6.8113274574279785,1.4048181772232056,2.5536751747131348,-8.186746597290039,-15.787772178649902,-9.572265625,-6.706678867340088,-3.504851818084717,1.3128352165222168,-8.826667785644531,12.748230934143066,14.906649589538574,-9.952516555786133,12.734225273132324,5.068525314331055,-4.850668430328369,4.651367664337158,-15.317194938659668,-11.97043228149414,-3.229174852371216,1.2376513481140137,-24.68711280822754,5.705286502838135,8.968645095825195,-1.8041762113571167,-20.938962936401367,5.316623687744141,4.042956829071045,-4.838224411010742,17.76731300354004,-14.751683235168455,4.240756988525391,8.364828109741211,6.682982921600342,18.26745986938477,9.123180389404297,-8.90422248840332,-1.3398643732070925,5.304111003875732,3.063711166381836,-13.268651962280272,3.270207166671753,7.227544784545898,-2.595211267471313,-6.507471084594727,-1.352747082710266,-10.164934158325195,-2.0566415786743164,1.1011900901794434,-4.505108833312988,-2.3525595664978027,-9.341954231262209,-10.44013214111328,-16.222097396850586,-10.986095428466797,-4.804609298706055,14.062726974487305,-3.508952617645264,-4.654914379119873,-5.827139377593994,1.5008374452590942,0.050870731472969,22.033878326416016,5.137414455413818,-2.0799310207366943,-20.767831802368164,-10.839374542236328,-12.630056381225586,-7.468402862548828,-16.45638084411621,-0.0262263864278793,-1.0,2.1139433523068365
OXYR_HUMAN,CHEMBL284120,CC(=O)CCCC(=O)NC1N=C(c2ccccc2)c2ccccc2N(CC(=O)NC(Cc2ccc(Cl)c(Cl)c2)C(N)=O)C1=O,0,0,0,0,0,0,0,0,0,0,0,0,0,0,0,0,0,0,0,0,0,0,0,0,0,0,0,0,0,0,0,0,0,0,0,0,0,0,0,0,0,0,0,0,0,0,0,0,0,0,0,0,0,0,0,0,0,0,0,0,0,0,0,0,0,0,0,0,0,0,0,0,0,0,0,0,0,0,0,0,0,0,0,0,0,0,0,0,0,0,0,0,0,0,0,0,0,0,0,0,0,0,0,0,0,0,0,0,0,0,0,0,0,0,0,0,0,0,0,0,0,0,0,0,0,0,0,0,0,0,0,0,0,0,0,0,0,0,0,0,0,0,0,0,0,0,0,0,0,0,0,0,0,0,0,0,0,0,0,0,0,0,0,0,0,0,0,0,0,0,0,0,0,0,0,0,0,0,0,0,0,0,0,0,0,2,4,1,2,2,2,2,3,2,3,2,4,2,2,3,2,0,0,0,0,0,0,0,0,0,0,0,0,0,0,0,0,3,2,2,1,0,0,0,0,0,0,0,0,0,0,0,0,0,0,0,0,0,1,1,2,4,1,3,0,0,0,0,0,0,0,0,0,0,0,5,3,0,0,0,0,0,0,0,0,0,0,0,0,0,0,0,0,0,0,0,0,0,0,0,0,0,0,0,0,0,0,0,0,0,0,0,0,0,0,0,0,0,0,0,0,0,0,0,0,0,0,0,0,0,0,0,0,0,0,0,0,0,0,0,0,0,0,0,0,0,0,0,0,0,0,0,0,0,0,0,0,0,0,0,0,0,0,0,0,0,0,0,0,0,0,0,0,0,0,0,0,0,0,0,0,0,0,0,0,0,0,0,0,0,0,0,0,0,0,0,0,0,0,0,0,0,0,0,0,0,0,0,0,0,0,0,0,0,0,0,0,0,0,0,0,0,0,0,0,0,0,0,0,0,0,0,0,0,0,0,0,0,0,0,0,0,0,0,0,0,0,0,0,0,0,0,0,2,1,1,1,5,5,3,0,0,0,0,0,0,0,0,0,0,0,0,0,0,0,0,0,0,0,0,0,0,0,0,0,0,0,0,0,0,0,0,0,0,0,0,0,0,0,0,0,0,0,0,0,0,0,0,0,0,0,0,0,0,0,0,0,0,0,0,0,0,0,0,0,0,0,0,0,0,0,0,0,0,0,0,0,0,0,0,0,0,0,0,0,0,0,0,0,0,0,0,0,0,0,0,0,0,0,0,0,0,0,0,0,0,0,0,0,0,0,0,0,0,0,0,0,0,0,0,0,0,0,0,0,0,0,0,0,0,0,0,0,0,0,0,0,0,0,0,0,0,0,0,0,0,0,0,0,4,2,2,2,5,2,4,2,0,0,0,0,0,0,0,0,0,0,0,0,0,0,0,0,0,2,2,2,1,2,0,2,2,0,0,0,0,0,0,0,0,0,0,0,2,2,2,2,3,1,3,2,1,0,0,0,0,0,0,2,2,2,2,2,0,0,5,0,0,0,0,3,3,0,0,0,0,0,0,0,0,0,0,0,5,3,5,5,0,0,0,0,0,3,0,0,0,0,0,0,0,5,2,2,2,2,2,5,0,0,0,0,0,0,0,0,0,0,0,0,0,0,0,5,2,3,0,2,2,4,0,0,0,0,0,0,0,0,0,0,0,0,0,0,0,0,0,0,0,0,0,0,0,0,0,0,0,0,0,0,0,0,2,2,2,2,2,2,3,2,2,0,0,0,0,0,0,0,0,0,0,0,0,0,0,0,0,0,0,0,0,0,0,0,0,1,3,2,2,0,0,0,0,0,0,0,0,0,0,0,0,0,0,0,0,0,0,0,0,0,0,0,0,0,0,0,0,0,2,4,2,3,2,5,2,2,1,0,1,4,2,0,0,0,0,0,2,1,0,0,0,0,0,0,0,0,0,0,0,0,0,0,0,0,0,0,0,0,0,0,0,0,0,0,0,0,0,0,0,0,0,0,0,0,0,0,0,0,0,0,0,0,0,0,0,5,0,2,2,5,0,2,2,3,2,2,1,2,2,2,0,0,0,3,3,2,2,0,0,0,0,0,0,0,0,0,0,0,0,2,2,0,0,0,0,0,0,0,0,0,0,0,0,0,0,0,0,0,0,0,0,0,0,0,0,0,0,0,0,0,0,0,2,2,3,2,4,5,0,0,0,0,0,0,0,0,0,0,0,0,0,0,0,0,0,0,0,0,0,0,0,0,0,0,0,0,0,0,0,0,0,0,1,0,0,0,0,0,0,0,0,0,0,0,0,0,0,0,0,0,0,0,0,0,0,0,0,0,0,2,2,0,0,0,0,0,0,2,0,1,3,1,2,0,0,0,0,0,0,0,0,0,0,0,0,0,0,0,0,0,0,0,0,0,0,0,0,0,0,0,0,5,3,0,0,0,0,2,5,5,0,0,5,3,0,0,0,0,0,0,0,0,0,0,0,0,0,0,0,4,5,0,0,0,0,2,2,2,0,0,0,0,2,2,3,2,2,0,0,0,1,1,2,2,2,3,0,0,2,1,3,2,5,0,0,0,0,0,0,0,0,0,0,0,0,2,2,3,0,0,0,0,0,0,0,0,0,0,0,0,0,0,0,0,0,0,0,0,0,0,0,0,0,0,0,0,0,0,0,0,0,0,0,0,0,0,0,2,5,0,0,0,0,4,0,0,0,0,0,0,0,0,0,0,0,0,0,0,0,0,0,0,0,0,0,0,0,0,0,0,0,0,0,0,0,0,0,0,0,0,0,0,0,0,0,0,0,0,0,0,0,0,0,0,0,0,0,0,0,0,0,0,0,0,0,0,0,0,0,0,0,0,0,0,0,0,0,0,0,0,0,0,0,0,0,0,0,0,0,0,0,0,0,0,0,0,0,2,2,0,0,4,1,2,2,4,0,0,0,0,0,1,2,2,2,0,0,0,0,0,0,0,0,0,0,0,0,0,0,0,0,0,0,0,0,0,0,0,0,0,0,0,0,0,0,0,0,0,0,0,0,0,0,0,0,0,0,0,2,2,0,0,0,0,0,0,0,0,0,0,0,0,0,0,0,0,3,1,2,1,1,0,0,0,0,5,0,0,0,0,0,0,0,2,2,0,0,0,0,0,0,0,0,2,3,2,2,0,0,0,3,2,2,2,2,0,2,2,1,2,2,0,2,2,0,0,0,0,0,0,0,0,0,0,0,0,0,0,0,0,0,0,2,2,1,0,0,0,0,0,0,0,0,0,0,0,0,0,0,0,0,2,1,2,2,3,2,0,0,0,0,0,0,0,5,2,0,0,0,0,0,0,0,0,0,0,0,0,0,0,0,0,2,3,0,0,0,0,0,0,0,0,0,0,0,0,0,0,0,0,0,0,0,0,0,0,0,0,0,0,0,0,0,0,0,0,0,0,0,0,0,0,0,0,0,0,0,3,2,5,2,0,0,0,0,0,0,0,0,0,0,0,0,0,0,0,0,0,0,0,0,0,0,0,0,0,0,0,0,0,0,0,0,0,0,0,0,0,0,0,0,0,0,0,0,0,0,0,0,0,0,0,0,0,0,0,0,0,0,0,0,0,0,0,0,0,0,0,0,0,0,0,0,0,0,0,0,0,0,0,0,0,0,0,0,0,0,0,0,0,0,0,0,0,0,0,0,0,0,0,0,0,0,0,0,0,0,0,0,0,0,0,0,0,0,0,0,0,0,0,0,0,0,0,0,0,0,0,0,0,0,0,0,0,0,0,0,0,0,0,5,3,2,2,2,2,2,2,4,2,1,4,1,2,2,2,1,4,1,1,5,2,2,2,2,5,2,3,3,2,5,2,2,3,5,0,0,0,0,0,0,0,0,0,0,0,0,0,0,0,0,0,0,0,0,0,0,0,2,5,2,5,3,2,0,0,0,0,0,0,0,0,5,0,0,0,2,3,2,2,2,2,0,0,0,0,0,2,2,2,2,2,0,0,0,1,2,3,1,2,2,2,0,0,0,0,0,2,3,2,2,3,2,2,4,2,0,0,0,0,0,0,0,0,3,2,1,5,4,2,0,0,0,0,3,0,0,0,0,0,0,0,0,0,0,0,0,0,0,0,0,0,2,0,0,2,0,0,0,0,0,0,0,0,0,0,0,0,0,0,0,0,0,0,0,0,0,0,0,0,0,0,0,0,0,0,0,0,0,0,0,0,0,0,0,0,0,0,0,0,0,0,0,0,0,0,0,0,0,0,0,0,0,0,0,0,0,0,0,0,0,0,0,0,0,0,0,0,0,0,0,0,0,2,2,0,2,0,0,0,0,0,2,2,2,0,2,3,2,3,3,1,1,3,1,2,2,0,0,0,0,0,0,0,2,2,2,2,3,1,5,2,2,5,0,4,2,0,0,0,0,2,3,5,2,0,0,0,0,0,0,0,0,0,0,0,0,0,0,0,0,0,0,0,0,0,0,0,0,0,0,0,0,0,0,0,0,0,0,0,0,0,0,0,0,0,0,0,0,0,0,0,0,0,0,0,0,0,0,0,0,0,0,0,0,0,0,0,0,0,0,0,0,0,0,0,0,0,0,0,0,0,0,0,0,0,0,0,0,0,0,0,0,0,0,0,0,0,0,0,0,2,1,1,3,2,3,2,2,5,1,5,5,2,1,4,3,0,0,0,0,0,0,0,0,0,0,0,0,0,0,0,0,0,0,0,0,0,0,0,0,0,0,0,0,0,0,0,0,0,0,0,0,0,0,0,0,0,0,0,0,0,0,0,0,0,0,0,0,0,0,0,0,0,0,0,0,0,0,0,0,0,0,0,0,0,0,0,0,0,0,0,0,0,0,0,0,0,0,0,0,0,0,0,0,0,0,0,0,0,0,0,0,0,0,0,0,0,0,0,0,0,0,0,0,0,0,0,0,0,0,0,0,0,0,0,0,0,0,0,0,0,0,0,0,0,0,0,0,0,0,0,0,0,0,0,0,0,0,0,0,0,0,0,0,0,0,0,0,0,0,0,0,0,0,0,0,0,0,0,0,0,0,0,0,0,0,0,0,0,0,0,0,0,0,0,0,0,0,0,0,0,0,0,0,0,0,0,0,0,0,0,0,0,0,0,0,0,0,0,0,0,0,0,0,0,0,0,0,0,0,0,0,0,0,0,0,0,0,0,0,0,0,0,0,0,0,0,0,0,0,0,0,0,0,0,0,0,0,0,0,0,0,0,0,0,0,0,0,0,0,0,0,0,0,0,0,0,0,0,0,0,0,0,0,0,0,0,0,0,0,0,0,0,0,0,0,0,0,0,0,3,2,3,5,5,3,3,3,3,3,2,2,2,3,5,5,3,0,0,0,0,0,0,0,0,0,0,0,0,0,0,0,0,0,0,0,0,0,0,0,0,0,0,0,0,0,0,0,0,0,0,0,0,0,0,0,0,0,0,0,0,0,0,0,0,0,0,0,0,0,0,0,0,0,0,0,0,0,0,0,0,0,0,0,0,0,0,0,0,0,0,0,0,0,0,0,0,0,0,0,0,0,0,0,0,0,0,0,0,0,0,0,0,0,0,0,0,0,0,0,0,0,0,0,0,0,0,0,0,0,0,0,0,0,0,0,0,0,0,0,0,0,0,0,0,0,3,3,3,5,3,1,3,3,1,3,3,2,0,0,0,0,0,0,0,0,0,0,0,0,0,0,0,0,0,0,0,0,0,0,0,0,0,0,0,0,0,0,0,0,0,0,0,0,0,0,0,0,0,0,0,0,0,0,0,0,0,0,0,0,0,0,0,0,-0.8365898728370667,-5.56792688369751,-4.461243629455566,8.006977081298828,0.5009500980377197,-2.175911426544189,-19.3020133972168,-3.049557685852051,15.379480361938477,6.546136379241943,-5.93332576751709,3.025598526000977,-15.57770824432373,2.583826780319214,-16.115694046020508,2.095752000808716,9.843737602233888,-11.306833267211914,-12.323904037475586,13.951495170593262,3.3126416206359863,8.211971282958984,31.27178955078125,11.584686279296877,-12.06558322906494,3.0483553409576416,-5.076582908630371,-21.15061378479004,1.643962264060974,-1.7566879987716677,18.342180252075195,-12.338960647583008,-4.162064075469971,-7.870440006256103,2.2420201301574707,2.200690031051636,0.8659321665763855,1.9176207780838013,15.082531929016112,9.410515785217283,-3.1467411518096924,3.553643226623535,-8.061300277709961,-2.358426332473755,-14.959404945373535,8.937127113342285,1.9155693054199217,16.70882797241211,-10.242883682250977,6.600459098815918,6.705774307250977,-10.550793647766112,-3.828158378601074,-14.906047821044922,-11.030020713806152,-10.853373527526855,-8.162450790405273,2.2000532150268555,4.033400535583496,4.886942863464356,-1.3564269542694092,-12.948153495788574,-5.588367938995361,6.295452117919922,-22.92071914672852,0.4346296191215515,13.049602508544922,2.003981828689575,-8.011099815368652,-1.0892226696014404,-6.608409881591797,5.954129695892334,10.599678993225098,-14.084016799926758,-1.505190134048462,11.109824180603027,-11.436147689819336,5.303210258483887,1.3299189805984497,5.851064682006836,10.254037857055664,-1.111301302909851,-6.324127197265625,-19.6536922454834,8.376506805419922,-2.3698112964630127,-12.218125343322754,3.409982204437256,8.02767562866211,-2.121133089065552,8.778353691101074,5.039965152740479,3.623915433883667,13.16090965270996,5.258295059204102,-1.2505148649215698,10.096517562866213,6.882723808288574,11.096983909606934,3.16267204284668,-2.846684455871582,-14.516653060913086,-11.058414459228516,-14.903424263000488,7.298325538635254,-15.89194679260254,-4.416090488433838,5.972413539886475,2.64404034614563,-13.124075889587402,-19.80156135559082,7.308231353759766,7.837296962738037,-5.032398700714111,1.7461676597595217,-11.066617965698242,11.555310249328612,13.076709747314451,-3.7579615116119385,10.479044914245604,-15.160513877868652,1.867037415504456,-3.346790313720703,11.94921875,5.9187541007995605,-13.868000984191896,-16.888111114501953,0.290165364742279,-6.676723480224609,2.079707145690918,0.3888143301010132,1.4578288793563845,13.523725509643556,25.07132339477539,-0.8626552224159241,20.42734909057617,15.181981086730955,-2.7070324420928955,13.382145881652832,-5.970516681671143,9.703974723815918,-2.987473964691162,-1.8329534530639648,-0.2444482147693634,12.775675773620604,6.7412428855896,2.427422046661377,1.9496992826461792,5.281866550445557,16.784704208374023,2.327044010162353,5.089040279388428,12.7886323928833,-9.670708656311035,-2.157419919967652,4.923012733459473,-12.16525650024414,-6.650732517242432,2.8513705730438232,-10.623600006103516,-1.4927436113357544,1.1893224716186523,-7.710043430328369,7.042728900909424,6.209846496582031,-15.78347110748291,2.4469099044799805,-3.205469846725464,2.278850078582764,9.711061477661133,-13.627455711364746,-7.59986686706543,20.19021797180176,-2.7389907836914062,0.4485978484153747,3.88261079788208,11.031024932861328,-5.171746253967285,-11.288143157958984,14.965109825134276,-7.211877822875977,13.903581619262695,-3.1841320991516118,16.20102310180664,11.795783042907717,-4.691109657287598,-0.4991293549537658,-0.2560139894485473,-10.30828094482422,-9.801380157470703,-0.4336961805820465,-2.391317844390869,-4.365835666656494,-0.2502032816410064,7.815268516540527,3.404527187347412,-4.904306888580322,-16.412559509277344,-4.033654689788818,-3.267675399780273,4.39098072052002,-0.5928681492805481,13.381634712219238,-0.1257082372903823,1.8319889307022093,-2.620908260345459,17.601882934570312,10.343420028686523,14.66660976409912,-3.437540292739868,21.32823371887207,-2.1812052726745605,13.778678894042969,-9.647531509399414,6.81486177444458,5.217644691467285,4.462258338928223,8.162522315979004,-9.571406364440918,10.204385757446287,2.1080164909362797,-12.991424560546877,-2.6322343349456787,0.7844370007514954,5.305391788482666,-4.048696994781494,-1.5087623596191406,4.326041221618652,12.545892715454102,-17.60843276977539,2.6941475868225098,-0.5654662847518921,-11.953709602355955,-16.238435745239258,-2.722283840179444,-7.939454078674316,-7.671435832977295,-3.2927613258361816,-5.021751403808594,14.676339149475098,6.876933574676514,-8.672988891601562,7.9910101890563965,-2.072428703308105,-7.427702903747559,6.759501457214356,-23.76749610900879,-12.73430633544922,1.8249269723892207,-5.89321231842041,-28.547481536865234,2.054112195968628,0.7067469954490662,-3.1352150440216064,-19.866247177124023,6.761881351470947,3.455237627029419,-15.724427223205566,15.135777473449709,-13.318066596984863,-1.6223535537719729,8.64427661895752,6.963965892791748,12.119815826416016,2.3676581382751465,-11.526718139648438,-16.194324493408203,5.90602445602417,2.392911911010742,-12.37399196624756,-4.871267318725586,7.642500877380371,-3.140641212463379,3.787656784057617,1.613592267036438,-6.955286502838135,-3.534030675888061,-5.862320423126221,-0.6852388381958008,1.796360731124878,-11.035298347473145,-7.762049198150635,-24.75007057189941,-11.49317455291748,-2.887021780014038,9.641035079956056,-1.573979139328003,-1.7937906980514526,-12.048669815063477,0.0153276734054088,-1.905043721199036,18.004222869873047,19.879514694213867,5.228211879730225,-12.78758430480957,-3.4356882572174072,-4.310340404510498,-9.357487678527832,-18.77232551574707,-4.438766479492188,-1.0,0.6989700043360187
OXYR_HUMAN,CHEMBL590349,COCc1nnc(N2CC(Oc3ccccc3Cl)C2)n1-c1ccc(OC)nc1,0,0,0,0,0,0,0,0,0,0,0,0,0,0,0,0,0,0,0,0,0,0,0,0,0,0,0,0,0,0,0,0,0,0,0,0,0,0,0,0,0,0,0,0,0,0,0,0,0,0,0,0,0,0,0,0,0,0,0,0,0,0,0,0,0,0,0,0,0,0,0,0,0,0,0,0,0,0,0,0,0,0,0,0,0,0,0,0,0,0,0,0,0,0,0,0,0,0,0,0,0,0,0,0,0,0,0,0,0,0,0,0,0,0,0,0,0,0,0,0,0,0,0,0,0,0,0,0,0,0,0,0,0,0,0,0,0,0,0,0,0,0,0,0,0,0,0,0,0,0,0,0,0,0,0,0,0,0,0,0,0,0,0,0,0,0,0,0,0,0,0,0,0,0,0,0,0,0,0,0,0,0,0,0,0,2,4,1,2,2,2,2,3,2,3,2,4,2,2,3,2,0,0,0,0,0,0,0,0,0,0,0,0,0,0,0,0,3,2,2,1,0,0,0,0,0,0,0,0,0,0,0,0,0,0,0,0,0,1,1,2,4,1,3,0,0,0,0,0,0,0,0,0,0,0,5,3,0,0,0,0,0,0,0,0,0,0,0,0,0,0,0,0,0,0,0,0,0,0,0,0,0,0,0,0,0,0,0,0,0,0,0,0,0,0,0,0,0,0,0,0,0,0,0,0,0,0,0,0,0,0,0,0,0,0,0,0,0,0,0,0,0,0,0,0,0,0,0,0,0,0,0,0,0,0,0,0,0,0,0,0,0,0,0,0,0,0,0,0,0,0,0,0,0,0,0,0,0,0,0,0,0,0,0,0,0,0,0,0,0,0,0,0,0,0,0,0,0,0,0,0,0,0,0,0,0,0,0,0,0,0,0,0,0,0,0,0,0,0,0,0,0,0,0,0,0,0,0,0,0,0,0,0,0,0,0,0,0,0,0,0,0,0,0,0,0,0,0,0,0,0,0,0,2,1,1,1,5,5,3,0,0,0,0,0,0,0,0,0,0,0,0,0,0,0,0,0,0,0,0,0,0,0,0,0,0,0,0,0,0,0,0,0,0,0,0,0,0,0,0,0,0,0,0,0,0,0,0,0,0,0,0,0,0,0,0,0,0,0,0,0,0,0,0,0,0,0,0,0,0,0,0,0,0,0,0,0,0,0,0,0,0,0,0,0,0,0,0,0,0,0,0,0,0,0,0,0,0,0,0,0,0,0,0,0,0,0,0,0,0,0,0,0,0,0,0,0,0,0,0,0,0,0,0,0,0,0,0,0,0,0,0,0,0,0,0,0,0,0,0,0,0,0,0,0,0,0,0,0,4,2,2,2,5,2,4,2,0,0,0,0,0,0,0,0,0,0,0,0,0,0,0,0,0,2,2,2,1,2,0,2,2,0,0,0,0,0,0,0,0,0,0,0,2,2,2,2,3,1,3,2,1,0,0,0,0,0,0,2,2,2,2,2,0,0,5,0,0,0,0,3,3,0,0,0,0,0,0,0,0,0,0,0,5,3,5,5,0,0,0,0,0,3,0,0,0,0,0,0,0,5,2,2,2,2,2,5,0,0,0,0,0,0,0,0,0,0,0,0,0,0,0,5,2,3,0,2,2,4,0,0,0,0,0,0,0,0,0,0,0,0,0,0,0,0,0,0,0,0,0,0,0,0,0,0,0,0,0,0,0,0,2,2,2,2,2,2,3,2,2,0,0,0,0,0,0,0,0,0,0,0,0,0,0,0,0,0,0,0,0,0,0,0,0,1,3,2,2,0,0,0,0,0,0,0,0,0,0,0,0,0,0,0,0,0,0,0,0,0,0,0,0,0,0,0,0,0,2,4,2,3,2,5,2,2,1,0,1,4,2,0,0,0,0,0,2,1,0,0,0,0,0,0,0,0,0,0,0,0,0,0,0,0,0,0,0,0,0,0,0,0,0,0,0,0,0,0,0,0,0,0,0,0,0,0,0,0,0,0,0,0,0,0,0,5,0,2,2,5,0,2,2,3,2,2,1,2,2,2,0,0,0,3,3,2,2,0,0,0,0,0,0,0,0,0,0,0,0,2,2,0,0,0,0,0,0,0,0,0,0,0,0,0,0,0,0,0,0,0,0,0,0,0,0,0,0,0,0,0,0,0,2,2,3,2,4,5,0,0,0,0,0,0,0,0,0,0,0,0,0,0,0,0,0,0,0,0,0,0,0,0,0,0,0,0,0,0,0,0,0,0,1,0,0,0,0,0,0,0,0,0,0,0,0,0,0,0,0,0,0,0,0,0,0,0,0,0,0,2,2,0,0,0,0,0,0,2,0,1,3,1,2,0,0,0,0,0,0,0,0,0,0,0,0,0,0,0,0,0,0,0,0,0,0,0,0,0,0,0,0,5,3,0,0,0,0,2,5,5,0,0,5,3,0,0,0,0,0,0,0,0,0,0,0,0,0,0,0,4,5,0,0,0,0,2,2,2,0,0,0,0,2,2,3,2,2,0,0,0,1,1,2,2,2,3,0,0,2,1,3,2,5,0,0,0,0,0,0,0,0,0,0,0,0,2,2,3,0,0,0,0,0,0,0,0,0,0,0,0,0,0,0,0,0,0,0,0,0,0,0,0,0,0,0,0,0,0,0,0,0,0,0,0,0,0,0,2,5,0,0,0,0,4,0,0,0,0,0,0,0,0,0,0,0,0,0,0,0,0,0,0,0,0,0,0,0,0,0,0,0,0,0,0,0,0,0,0,0,0,0,0,0,0,0,0,0,0,0,0,0,0,0,0,0,0,0,0,0,0,0,0,0,0,0,0,0,0,0,0,0,0,0,0,0,0,0,0,0,0,0,0,0,0,0,0,0,0,0,0,0,0,0,0,0,0,0,2,2,0,0,4,1,2,2,4,0,0,0,0,0,1,2,2,2,0,0,0,0,0,0,0,0,0,0,0,0,0,0,0,0,0,0,0,0,0,0,0,0,0,0,0,0,0,0,0,0,0,0,0,0,0,0,0,0,0,0,0,2,2,0,0,0,0,0,0,0,0,0,0,0,0,0,0,0,0,3,1,2,1,1,0,0,0,0,5,0,0,0,0,0,0,0,2,2,0,0,0,0,0,0,0,0,2,3,2,2,0,0,0,3,2,2,2,2,0,2,2,1,2,2,0,2,2,0,0,0,0,0,0,0,0,0,0,0,0,0,0,0,0,0,0,2,2,1,0,0,0,0,0,0,0,0,0,0,0,0,0,0,0,0,2,1,2,2,3,2,0,0,0,0,0,0,0,5,2,0,0,0,0,0,0,0,0,0,0,0,0,0,0,0,0,2,3,0,0,0,0,0,0,0,0,0,0,0,0,0,0,0,0,0,0,0,0,0,0,0,0,0,0,0,0,0,0,0,0,0,0,0,0,0,0,0,0,0,0,0,3,2,5,2,0,0,0,0,0,0,0,0,0,0,0,0,0,0,0,0,0,0,0,0,0,0,0,0,0,0,0,0,0,0,0,0,0,0,0,0,0,0,0,0,0,0,0,0,0,0,0,0,0,0,0,0,0,0,0,0,0,0,0,0,0,0,0,0,0,0,0,0,0,0,0,0,0,0,0,0,0,0,0,0,0,0,0,0,0,0,0,0,0,0,0,0,0,0,0,0,0,0,0,0,0,0,0,0,0,0,0,0,0,0,0,0,0,0,0,0,0,0,0,0,0,0,0,0,0,0,0,0,0,0,0,0,0,0,0,0,0,0,0,5,3,2,2,2,2,2,2,4,2,1,4,1,2,2,2,1,4,1,1,5,2,2,2,2,5,2,3,3,2,5,2,2,3,5,0,0,0,0,0,0,0,0,0,0,0,0,0,0,0,0,0,0,0,0,0,0,0,2,5,2,5,3,2,0,0,0,0,0,0,0,0,5,0,0,0,2,3,2,2,2,2,0,0,0,0,0,2,2,2,2,2,0,0,0,1,2,3,1,2,2,2,0,0,0,0,0,2,3,2,2,3,2,2,4,2,0,0,0,0,0,0,0,0,3,2,1,5,4,2,0,0,0,0,3,0,0,0,0,0,0,0,0,0,0,0,0,0,0,0,0,0,2,0,0,2,0,0,0,0,0,0,0,0,0,0,0,0,0,0,0,0,0,0,0,0,0,0,0,0,0,0,0,0,0,0,0,0,0,0,0,0,0,0,0,0,0,0,0,0,0,0,0,0,0,0,0,0,0,0,0,0,0,0,0,0,0,0,0,0,0,0,0,0,0,0,0,0,0,0,0,0,0,2,2,0,2,0,0,0,0,0,2,2,2,0,2,3,2,3,3,1,1,3,1,2,2,0,0,0,0,0,0,0,2,2,2,2,3,1,5,2,2,5,0,4,2,0,0,0,0,2,3,5,2,0,0,0,0,0,0,0,0,0,0,0,0,0,0,0,0,0,0,0,0,0,0,0,0,0,0,0,0,0,0,0,0,0,0,0,0,0,0,0,0,0,0,0,0,0,0,0,0,0,0,0,0,0,0,0,0,0,0,0,0,0,0,0,0,0,0,0,0,0,0,0,0,0,0,0,0,0,0,0,0,0,0,0,0,0,0,0,0,0,0,0,0,0,0,0,0,2,1,1,3,2,3,2,2,5,1,5,5,2,1,4,3,0,0,0,0,0,0,0,0,0,0,0,0,0,0,0,0,0,0,0,0,0,0,0,0,0,0,0,0,0,0,0,0,0,0,0,0,0,0,0,0,0,0,0,0,0,0,0,0,0,0,0,0,0,0,0,0,0,0,0,0,0,0,0,0,0,0,0,0,0,0,0,0,0,0,0,0,0,0,0,0,0,0,0,0,0,0,0,0,0,0,0,0,0,0,0,0,0,0,0,0,0,0,0,0,0,0,0,0,0,0,0,0,0,0,0,0,0,0,0,0,0,0,0,0,0,0,0,0,0,0,0,0,0,0,0,0,0,0,0,0,0,0,0,0,0,0,0,0,0,0,0,0,0,0,0,0,0,0,0,0,0,0,0,0,0,0,0,0,0,0,0,0,0,0,0,0,0,0,0,0,0,0,0,0,0,0,0,0,0,0,0,0,0,0,0,0,0,0,0,0,0,0,0,0,0,0,0,0,0,0,0,0,0,0,0,0,0,0,0,0,0,0,0,0,0,0,0,0,0,0,0,0,0,0,0,0,0,0,0,0,0,0,0,0,0,0,0,0,0,0,0,0,0,0,0,0,0,0,0,0,0,0,0,0,0,0,0,0,0,0,0,0,0,0,0,0,0,0,0,0,0,0,0,0,3,2,3,5,5,3,3,3,3,3,2,2,2,3,5,5,3,0,0,0,0,0,0,0,0,0,0,0,0,0,0,0,0,0,0,0,0,0,0,0,0,0,0,0,0,0,0,0,0,0,0,0,0,0,0,0,0,0,0,0,0,0,0,0,0,0,0,0,0,0,0,0,0,0,0,0,0,0,0,0,0,0,0,0,0,0,0,0,0,0,0,0,0,0,0,0,0,0,0,0,0,0,0,0,0,0,0,0,0,0,0,0,0,0,0,0,0,0,0,0,0,0,0,0,0,0,0,0,0,0,0,0,0,0,0,0,0,0,0,0,0,0,0,0,0,0,3,3,3,5,3,1,3,3,1,3,3,2,0,0,0,0,0,0,0,0,0,0,0,0,0,0,0,0,0,0,0,0,0,0,0,0,0,0,0,0,0,0,0,0,0,0,0,0,0,0,0,0,0,0,0,0,0,0,0,0,0,0,0,0,0,0,0,0,1.927593469619751,-7.688732147216797,-2.6915972232818604,10.205623626708984,0.4190454483032226,-0.5773898363113403,-10.126265525817873,-0.9232574105262756,7.966795921325684,2.681790351867676,-3.1085338592529297,0.5676659941673279,-7.101518154144287,0.4811759889125824,-6.587196826934815,-1.1164138317108154,4.355018615722656,-5.970843315124512,-2.333714485168457,8.155584335327148,6.308365345001221,5.493530750274658,12.73271942138672,9.464927673339844,-8.24488639831543,-2.1011929512023926,-1.6705409288406372,-9.78518772125244,1.0339289903640747,-0.7617979645729065,11.627742767333984,-10.21463394165039,-6.437239646911621,-6.900061130523682,1.9446547031402588,1.3575009107589722,-1.02982759475708,-0.996009349822998,8.989555358886719,2.5412087440490723,-1.5296382904052734,-0.4174603223800659,-6.691397190093994,-0.776055634021759,-9.948052406311035,5.299959659576416,-1.017510175704956,6.791049957275391,-7.318767547607422,9.531815528869627,5.509807109832764,-4.901740550994873,-2.7839901447296143,-10.285831451416016,-6.677476406097412,-5.78018856048584,-6.018233299255371,-0.1883053630590438,3.047325849533081,5.319558620452881,2.462395668029785,-10.839861869812012,-3.6722254753112793,-0.2245982438325882,-17.822551727294922,-2.542487382888794,9.414840698242188,-2.505290269851685,-0.7375717759132385,1.0417274236679075,-7.24651575088501,0.7781838178634644,9.681944847106934,-5.398540496826172,0.537569522857666,7.15858793258667,-6.983529090881348,2.4760758876800537,-3.566716194152832,3.4547667503356934,6.572600364685059,-2.13613224029541,-3.940219402313232,-8.755627632141113,4.17823600769043,-1.6191500425338743,-8.275064468383789,8.351112365722656,4.195656776428223,-0.3687185943126678,6.218360900878906,-0.3606531918048858,2.9054102897644043,3.8504388332366943,3.870740413665772,-0.9423187971115112,2.563612461090088,7.873322486877441,5.937590599060059,5.729160785675049,-7.619993209838867,-7.129652500152588,-5.356770515441895,-13.723870277404783,4.354842185974121,-3.4100732803344727,-1.5254634618759155,3.5292110443115234,-1.4378098249435425,-5.729880809783936,-11.484733581542969,4.795687675476074,3.050647258758545,-0.6054210066795349,2.180408000946045,-4.708897590637207,10.06156063079834,9.54369831085205,-3.309201002120972,6.331634998321533,-10.218809127807615,0.2260511517524719,-3.651801824569702,4.260632038116455,4.9465179443359375,-8.388922691345215,-6.019343376159668,-1.9255375862121584,-6.039964199066162,0.9252604842185974,-2.764410734176636,4.632051467895508,9.479507446289062,8.495013236999512,0.3599197268486023,14.699628829956056,13.000338554382324,-1.4596216678619385,9.934595108032228,-4.293716430664063,5.530155658721924,-2.3913376331329346,-4.137542724609375,-3.246594190597534,9.434000968933104,7.023791313171387,-0.99901682138443,1.1369231939315796,-0.7334535121917725,6.740466594696045,9.49008846282959,3.1383848190307617,8.87617015838623,-2.907461643218994,-1.9198079109191892,3.849485397338867,-7.259548664093018,-5.379006862640381,0.4666557908058166,-5.0547871589660645,-4.916872978210449,-4.677640914916992,-4.784143924713135,-3.566577434539795,-0.9558418393135072,-10.328935623168944,1.4648799896240234,-2.188899278640747,-0.418087899684906,6.160444259643555,-9.252981185913086,-5.530887126922607,10.793832778930664,-0.1941142827272415,2.4948246479034424,2.9695687294006348,6.370358467102051,-2.591634750366211,-1.4784049987792969,10.921294212341309,0.6633766293525696,6.045169353485107,-4.193484306335449,11.207819938659668,6.931180000305176,-2.0904905796051025,-3.713036298751831,-4.117088794708252,-5.238869667053223,-0.3953108191490173,-2.55582332611084,-1.878907561302185,1.2122300863265991,1.290878176689148,-1.6245845556259155,1.6994518041610718,-4.937252044677734,-10.84289836883545,-1.4022568464279177,1.9592307806015012,5.947664737701416,3.424250602722168,5.619481086730957,3.4240622520446777,6.083201408386231,-1.4862806797027588,13.156661033630373,5.543059349060059,10.687055587768556,-2.486326217651367,8.953511238098145,-4.275413990020752,7.319913387298584,-8.244047164916992,3.3612513542175293,-0.1384346783161163,0.490368515253067,6.287137031555176,-7.88299560546875,4.298389434814453,1.018833875656128,-9.63253402709961,-4.339094161987305,-0.9323062300682068,4.352607727050781,-2.43897557258606,-4.9385600090026855,0.1694341748952865,4.606006145477295,-5.447070121765137,5.164201259613037,0.0320917069911956,-4.828357696533203,-11.863415718078612,-1.579709529876709,-6.484394550323486,-6.255734443664551,0.8936352729797363,-5.16364860534668,9.716205596923828,5.67759895324707,-0.4949403405189514,3.683234453201294,1.3698852062225342,-5.342435836791992,4.149686336517334,-14.234145164489746,-9.572552680969238,-0.5028266906738281,-4.013818264007568,-14.150259017944336,4.410211086273193,-0.9944834113121032,-0.870002806186676,-15.12763214111328,1.0327646732330322,4.044429302215576,-7.385552406311035,4.818881034851074,-4.403682708740234,1.9514142274856567,6.148116588592529,5.825778961181641,10.637773513793944,4.819021224975586,-4.999638080596924,-9.70101547241211,8.303932189941406,-1.3724656105041504,-4.136576175689697,-4.53427791595459,1.3546768426895142,-3.179471254348755,0.6168273687362671,-1.2230223417282104,-5.696234703063965,-1.0298740863800049,-1.455494403839111,1.2302358150482178,0.5003046989440918,-7.426933765411377,-6.58679723739624,-15.470757484436035,-7.496334552764893,-0.6454980373382568,6.0054802894592285,0.5121110081672668,-1.4840232133865356,-4.579442024230957,0.4416971802711487,-1.324934482574463,11.8356294631958,10.202269554138184,-3.1963398456573486,-8.731382369995117,-4.407219409942627,-4.159733295440674,-3.980672836303711,-11.042798042297363,-2.494292974472046,-1.0,1.5118833609788742
OXYR_HUMAN,CHEMBL382301,CCOc1ccc(CC2NC(=O)CCSSCC(C(=O)N3CCCC3C(=O)NC(CCCN)C(=O)NCC(N)=O)NC(=O)C(CC(N)=O)NC(=O)C(C(C)O)NC(=O)C(C(C)CC)NC2=O)cc1,0,0,0,0,0,0,0,0,0,0,0,0,0,0,0,0,0,0,0,0,0,0,0,0,0,0,0,0,0,0,0,0,0,0,0,0,0,0,0,0,0,0,0,0,0,0,0,0,0,0,0,0,0,0,0,0,0,0,0,0,0,0,0,0,0,0,0,0,0,0,0,0,0,0,0,0,0,0,0,0,0,0,0,0,0,0,0,0,0,0,0,0,0,0,0,0,0,0,0,0,0,0,0,0,0,0,0,0,0,0,0,0,0,0,0,0,0,0,0,0,0,0,0,0,0,0,0,0,0,0,0,0,0,0,0,0,0,0,0,0,0,0,0,0,0,0,0,0,0,0,0,0,0,0,0,0,0,0,0,0,0,0,0,0,0,0,0,0,0,0,0,0,0,0,0,0,0,0,0,0,0,0,0,0,0,2,4,1,2,2,2,2,3,2,3,2,4,2,2,3,2,0,0,0,0,0,0,0,0,0,0,0,0,0,0,0,0,3,2,2,1,0,0,0,0,0,0,0,0,0,0,0,0,0,0,0,0,0,1,1,2,4,1,3,0,0,0,0,0,0,0,0,0,0,0,5,3,0,0,0,0,0,0,0,0,0,0,0,0,0,0,0,0,0,0,0,0,0,0,0,0,0,0,0,0,0,0,0,0,0,0,0,0,0,0,0,0,0,0,0,0,0,0,0,0,0,0,0,0,0,0,0,0,0,0,0,0,0,0,0,0,0,0,0,0,0,0,0,0,0,0,0,0,0,0,0,0,0,0,0,0,0,0,0,0,0,0,0,0,0,0,0,0,0,0,0,0,0,0,0,0,0,0,0,0,0,0,0,0,0,0,0,0,0,0,0,0,0,0,0,0,0,0,0,0,0,0,0,0,0,0,0,0,0,0,0,0,0,0,0,0,0,0,0,0,0,0,0,0,0,0,0,0,0,0,0,0,0,0,0,0,0,0,0,0,0,0,0,0,0,0,0,0,2,1,1,1,5,5,3,0,0,0,0,0,0,0,0,0,0,0,0,0,0,0,0,0,0,0,0,0,0,0,0,0,0,0,0,0,0,0,0,0,0,0,0,0,0,0,0,0,0,0,0,0,0,0,0,0,0,0,0,0,0,0,0,0,0,0,0,0,0,0,0,0,0,0,0,0,0,0,0,0,0,0,0,0,0,0,0,0,0,0,0,0,0,0,0,0,0,0,0,0,0,0,0,0,0,0,0,0,0,0,0,0,0,0,0,0,0,0,0,0,0,0,0,0,0,0,0,0,0,0,0,0,0,0,0,0,0,0,0,0,0,0,0,0,0,0,0,0,0,0,0,0,0,0,0,0,4,2,2,2,5,2,4,2,0,0,0,0,0,0,0,0,0,0,0,0,0,0,0,0,0,2,2,2,1,2,0,2,2,0,0,0,0,0,0,0,0,0,0,0,2,2,2,2,3,1,3,2,1,0,0,0,0,0,0,2,2,2,2,2,0,0,5,0,0,0,0,3,3,0,0,0,0,0,0,0,0,0,0,0,5,3,5,5,0,0,0,0,0,3,0,0,0,0,0,0,0,5,2,2,2,2,2,5,0,0,0,0,0,0,0,0,0,0,0,0,0,0,0,5,2,3,0,2,2,4,0,0,0,0,0,0,0,0,0,0,0,0,0,0,0,0,0,0,0,0,0,0,0,0,0,0,0,0,0,0,0,0,2,2,2,2,2,2,3,2,2,0,0,0,0,0,0,0,0,0,0,0,0,0,0,0,0,0,0,0,0,0,0,0,0,1,3,2,2,0,0,0,0,0,0,0,0,0,0,0,0,0,0,0,0,0,0,0,0,0,0,0,0,0,0,0,0,0,2,4,2,3,2,5,2,2,1,0,1,4,2,0,0,0,0,0,2,1,0,0,0,0,0,0,0,0,0,0,0,0,0,0,0,0,0,0,0,0,0,0,0,0,0,0,0,0,0,0,0,0,0,0,0,0,0,0,0,0,0,0,0,0,0,0,0,5,0,2,2,5,0,2,2,3,2,2,1,2,2,2,0,0,0,3,3,2,2,0,0,0,0,0,0,0,0,0,0,0,0,2,2,0,0,0,0,0,0,0,0,0,0,0,0,0,0,0,0,0,0,0,0,0,0,0,0,0,0,0,0,0,0,0,2,2,3,2,4,5,0,0,0,0,0,0,0,0,0,0,0,0,0,0,0,0,0,0,0,0,0,0,0,0,0,0,0,0,0,0,0,0,0,0,1,0,0,0,0,0,0,0,0,0,0,0,0,0,0,0,0,0,0,0,0,0,0,0,0,0,0,2,2,0,0,0,0,0,0,2,0,1,3,1,2,0,0,0,0,0,0,0,0,0,0,0,0,0,0,0,0,0,0,0,0,0,0,0,0,0,0,0,0,5,3,0,0,0,0,2,5,5,0,0,5,3,0,0,0,0,0,0,0,0,0,0,0,0,0,0,0,4,5,0,0,0,0,2,2,2,0,0,0,0,2,2,3,2,2,0,0,0,1,1,2,2,2,3,0,0,2,1,3,2,5,0,0,0,0,0,0,0,0,0,0,0,0,2,2,3,0,0,0,0,0,0,0,0,0,0,0,0,0,0,0,0,0,0,0,0,0,0,0,0,0,0,0,0,0,0,0,0,0,0,0,0,0,0,0,2,5,0,0,0,0,4,0,0,0,0,0,0,0,0,0,0,0,0,0,0,0,0,0,0,0,0,0,0,0,0,0,0,0,0,0,0,0,0,0,0,0,0,0,0,0,0,0,0,0,0,0,0,0,0,0,0,0,0,0,0,0,0,0,0,0,0,0,0,0,0,0,0,0,0,0,0,0,0,0,0,0,0,0,0,0,0,0,0,0,0,0,0,0,0,0,0,0,0,0,2,2,0,0,4,1,2,2,4,0,0,0,0,0,1,2,2,2,0,0,0,0,0,0,0,0,0,0,0,0,0,0,0,0,0,0,0,0,0,0,0,0,0,0,0,0,0,0,0,0,0,0,0,0,0,0,0,0,0,0,0,2,2,0,0,0,0,0,0,0,0,0,0,0,0,0,0,0,0,3,1,2,1,1,0,0,0,0,5,0,0,0,0,0,0,0,2,2,0,0,0,0,0,0,0,0,2,3,2,2,0,0,0,3,2,2,2,2,0,2,2,1,2,2,0,2,2,0,0,0,0,0,0,0,0,0,0,0,0,0,0,0,0,0,0,2,2,1,0,0,0,0,0,0,0,0,0,0,0,0,0,0,0,0,2,1,2,2,3,2,0,0,0,0,0,0,0,5,2,0,0,0,0,0,0,0,0,0,0,0,0,0,0,0,0,2,3,0,0,0,0,0,0,0,0,0,0,0,0,0,0,0,0,0,0,0,0,0,0,0,0,0,0,0,0,0,0,0,0,0,0,0,0,0,0,0,0,0,0,0,3,2,5,2,0,0,0,0,0,0,0,0,0,0,0,0,0,0,0,0,0,0,0,0,0,0,0,0,0,0,0,0,0,0,0,0,0,0,0,0,0,0,0,0,0,0,0,0,0,0,0,0,0,0,0,0,0,0,0,0,0,0,0,0,0,0,0,0,0,0,0,0,0,0,0,0,0,0,0,0,0,0,0,0,0,0,0,0,0,0,0,0,0,0,0,0,0,0,0,0,0,0,0,0,0,0,0,0,0,0,0,0,0,0,0,0,0,0,0,0,0,0,0,0,0,0,0,0,0,0,0,0,0,0,0,0,0,0,0,0,0,0,0,5,3,2,2,2,2,2,2,4,2,1,4,1,2,2,2,1,4,1,1,5,2,2,2,2,5,2,3,3,2,5,2,2,3,5,0,0,0,0,0,0,0,0,0,0,0,0,0,0,0,0,0,0,0,0,0,0,0,2,5,2,5,3,2,0,0,0,0,0,0,0,0,5,0,0,0,2,3,2,2,2,2,0,0,0,0,0,2,2,2,2,2,0,0,0,1,2,3,1,2,2,2,0,0,0,0,0,2,3,2,2,3,2,2,4,2,0,0,0,0,0,0,0,0,3,2,1,5,4,2,0,0,0,0,3,0,0,0,0,0,0,0,0,0,0,0,0,0,0,0,0,0,2,0,0,2,0,0,0,0,0,0,0,0,0,0,0,0,0,0,0,0,0,0,0,0,0,0,0,0,0,0,0,0,0,0,0,0,0,0,0,0,0,0,0,0,0,0,0,0,0,0,0,0,0,0,0,0,0,0,0,0,0,0,0,0,0,0,0,0,0,0,0,0,0,0,0,0,0,0,0,0,0,2,2,0,2,0,0,0,0,0,2,2,2,0,2,3,2,3,3,1,1,3,1,2,2,0,0,0,0,0,0,0,2,2,2,2,3,1,5,2,2,5,0,4,2,0,0,0,0,2,3,5,2,0,0,0,0,0,0,0,0,0,0,0,0,0,0,0,0,0,0,0,0,0,0,0,0,0,0,0,0,0,0,0,0,0,0,0,0,0,0,0,0,0,0,0,0,0,0,0,0,0,0,0,0,0,0,0,0,0,0,0,0,0,0,0,0,0,0,0,0,0,0,0,0,0,0,0,0,0,0,0,0,0,0,0,0,0,0,0,0,0,0,0,0,0,0,0,0,2,1,1,3,2,3,2,2,5,1,5,5,2,1,4,3,0,0,0,0,0,0,0,0,0,0,0,0,0,0,0,0,0,0,0,0,0,0,0,0,0,0,0,0,0,0,0,0,0,0,0,0,0,0,0,0,0,0,0,0,0,0,0,0,0,0,0,0,0,0,0,0,0,0,0,0,0,0,0,0,0,0,0,0,0,0,0,0,0,0,0,0,0,0,0,0,0,0,0,0,0,0,0,0,0,0,0,0,0,0,0,0,0,0,0,0,0,0,0,0,0,0,0,0,0,0,0,0,0,0,0,0,0,0,0,0,0,0,0,0,0,0,0,0,0,0,0,0,0,0,0,0,0,0,0,0,0,0,0,0,0,0,0,0,0,0,0,0,0,0,0,0,0,0,0,0,0,0,0,0,0,0,0,0,0,0,0,0,0,0,0,0,0,0,0,0,0,0,0,0,0,0,0,0,0,0,0,0,0,0,0,0,0,0,0,0,0,0,0,0,0,0,0,0,0,0,0,0,0,0,0,0,0,0,0,0,0,0,0,0,0,0,0,0,0,0,0,0,0,0,0,0,0,0,0,0,0,0,0,0,0,0,0,0,0,0,0,0,0,0,0,0,0,0,0,0,0,0,0,0,0,0,0,0,0,0,0,0,0,0,0,0,0,0,0,0,0,0,0,0,3,2,3,5,5,3,3,3,3,3,2,2,2,3,5,5,3,0,0,0,0,0,0,0,0,0,0,0,0,0,0,0,0,0,0,0,0,0,0,0,0,0,0,0,0,0,0,0,0,0,0,0,0,0,0,0,0,0,0,0,0,0,0,0,0,0,0,0,0,0,0,0,0,0,0,0,0,0,0,0,0,0,0,0,0,0,0,0,0,0,0,0,0,0,0,0,0,0,0,0,0,0,0,0,0,0,0,0,0,0,0,0,0,0,0,0,0,0,0,0,0,0,0,0,0,0,0,0,0,0,0,0,0,0,0,0,0,0,0,0,0,0,0,0,0,0,3,3,3,5,3,1,3,3,1,3,3,2,0,0,0,0,0,0,0,0,0,0,0,0,0,0,0,0,0,0,0,0,0,0,0,0,0,0,0,0,0,0,0,0,0,0,0,0,0,0,0,0,0,0,0,0,0,0,0,0,0,0,0,0,0,0,0,0,1.2095423936843872,-7.72816276550293,-4.159270763397217,8.384449005126953,5.378117561340332,-17.168691635131836,-29.81187057495117,-4.697679042816162,23.27521514892578,-4.750771522521973,4.988823890686035,21.470857620239254,1.2739320993423462,14.819425582885742,-30.61948776245117,-0.737754225730896,21.336626052856445,-27.32492446899414,-29.61319923400879,34.45636367797852,7.283584594726562,16.07218360900879,53.51583862304688,16.993328094482422,-19.01554298400879,4.744041919708252,-18.075105667114254,-36.64214324951172,2.0400516986846924,-13.740721702575684,18.88352394104004,-10.390742301940918,-16.599781036376953,2.171371936798096,-2.044532060623169,10.721898078918455,4.204439640045166,-3.33915376663208,21.47086524963379,21.282114028930664,2.96988296508789,2.2893972396850586,-4.469992637634277,-11.286019325256348,-25.08574867248535,19.49384880065918,10.792854309082031,40.56494140625,-9.798587799072266,0.334623634815216,5.573690414428711,-24.35931205749512,0.6515440940856934,-16.95401954650879,-31.937108993530277,-22.533830642700195,-17.413450241088867,14.030532836914062,5.189226150512695,10.957752227783203,2.255363702774048,-19.321149826049805,-18.758081436157227,11.924026489257812,-42.60557174682617,4.348977088928223,19.274023056030277,8.441054344177246,-15.866924285888672,-0.5182862877845764,-6.8373122215271,12.845169067382812,14.08908462524414,-29.286142349243164,0.102291502058506,5.452248573303223,-26.0368709564209,-0.2215092033147812,8.501364707946777,0.2641259729862213,19.33070182800293,0.3155133128166199,-8.90760326385498,-37.99848175048828,18.5933837890625,-12.6678466796875,-11.075103759765623,9.168322563171388,7.788300514221191,-1.6811259984970093,4.754283905029297,12.78307056427002,14.801839828491213,3.2556850910186768,6.189680576324463,-3.8956358432769775,19.091163635253903,9.420960426330566,17.76222038269043,-8.22269058227539,-7.884546756744385,-19.55760955810547,-24.0378475189209,-11.583856582641602,11.295636177062988,-29.7471981048584,-15.535622596740724,11.354598999023438,7.795591354370117,-19.772350311279297,-18.55687713623047,16.821836471557617,7.502889633178711,-11.714534759521484,-5.55225944519043,-7.879650115966797,20.09064674377441,22.788049697875977,-2.4412527084350586,4.967333793640137,-13.989975929260254,17.70265769958496,-0.7995320558547974,31.688758850097656,0.51216059923172,-32.002662658691406,-29.47963523864746,3.190938711166382,-15.819998741149902,-1.495588779449463,1.1621919870376587,-3.036914825439453,13.848869323730469,37.42448425292969,6.519801139831543,31.79755973815918,-0.5358076095581055,-8.589079856872559,19.287572860717773,-14.347972869873049,22.47967338562012,-1.8593194484710691,-10.219072341918944,-4.439547061920166,14.44974136352539,2.1989049911499023,6.094990253448486,6.137781143188477,12.202744483947754,34.627098083496094,-2.194225311279297,17.912378311157227,15.167771339416504,-21.809648513793945,-5.608775615692139,-0.3280366659164428,-15.90549373626709,-3.2964138984680176,0.6168699264526367,-17.383045196533203,7.866978168487549,12.35099983215332,-10.539563179016112,4.267283439636231,15.247013092041016,-25.23719596862793,12.684831619262695,-8.816798210144043,1.0906848907470703,17.267520904541016,-13.396594047546388,-19.50228309631348,33.423301696777344,-5.614001750946045,13.987855911254885,-3.97945237159729,13.025272369384766,-3.3501956462860107,-11.452614784240724,22.15936851501465,-12.521764755249023,23.4791259765625,-2.7648582458496094,30.125123977661133,10.539739608764648,-11.739517211914062,1.9263399839401243,1.6271708011627195,-6.452158451080322,-16.385507583618164,2.906479835510254,-8.704788208007812,-17.814918518066406,2.7137508392333984,9.796574592590332,6.396030902862549,0.387450098991394,-27.385541915893555,-7.57894229888916,-9.121755599975586,-0.7909314632415771,-6.423892021179199,7.33359956741333,-5.131594657897949,-1.902186393737793,-3.499739170074463,31.26818084716797,27.399658203125,25.352617263793945,-15.398276329040527,29.19075584411621,-3.7440052032470703,31.736309051513672,-15.406661987304688,12.464517593383787,-4.272112846374512,11.72992992401123,10.48037338256836,-12.095499038696287,14.490239143371582,9.95954704284668,-21.89426612854004,-10.395872116088867,1.5053664445877075,7.817816734313965,-12.918208122253418,-4.019121646881104,-3.023146867752075,11.519128799438477,-24.820741653442383,5.741678237915039,-3.0211899280548096,-19.401355743408203,-23.554149627685547,6.964951515197754,-24.841161727905277,-6.6684746742248535,-8.569680213928223,-8.786870002746582,28.787670135498047,16.424745559692383,-28.513368606567383,19.269683837890625,-7.018839359283447,-3.3957326412200928,22.821901321411133,-41.52575302124024,-14.860259056091309,1.3500298261642456,10.850299835205078,-45.74082565307617,10.910408020019531,9.689358711242676,-8.876932144165039,-25.23569679260254,20.59500503540039,3.5426928997039795,-16.043907165527344,33.3731689453125,-25.02176856994629,-10.1119966506958,7.151702880859375,5.2851152420043945,18.83666610717773,-3.176978349685669,-23.968019485473636,-9.48380184173584,2.7594356536865234,6.045011043548584,-19.97704696655273,2.1831159591674805,10.23642921447754,-12.902735710144045,3.5347354412078857,-3.29081130027771,-22.19104766845703,-7.733517169952393,-8.310461044311523,-11.54164695739746,20.34407997131348,-13.829594612121582,-19.61516761779785,-25.37242889404297,-15.595381736755373,-11.693929672241213,14.047450065612791,0.8834590911865234,-1.288203477859497,-10.5346040725708,-9.360333442687988,7.644567966461182,31.786272048950195,9.538371086120604,9.347119331359863,-30.33992958068848,-20.406309127807617,-15.299200057983398,-22.566850662231445,-39.76919555664063,-2.827486276626587,-1.0,1.4313637641589871
OXYR_HUMAN,CHEMBL480584,N#Cc1ccccc1-c1ccc(C(=O)N(Cc2ccccc2)CC2CCCO2)cc1,0,0,0,0,0,0,0,0,0,0,0,0,0,0,0,0,0,0,0,0,0,0,0,0,0,0,0,0,0,0,0,0,0,0,0,0,0,0,0,0,0,0,0,0,0,0,0,0,0,0,0,0,0,0,0,0,0,0,0,0,0,0,0,0,0,0,0,0,0,0,0,0,0,0,0,0,0,0,0,0,0,0,0,0,0,0,0,0,0,0,0,0,0,0,0,0,0,0,0,0,0,0,0,0,0,0,0,0,0,0,0,0,0,0,0,0,0,0,0,0,0,0,0,0,0,0,0,0,0,0,0,0,0,0,0,0,0,0,0,0,0,0,0,0,0,0,0,0,0,0,0,0,0,0,0,0,0,0,0,0,0,0,0,0,0,0,0,0,0,0,0,0,0,0,0,0,0,0,0,0,0,0,0,0,0,2,4,1,2,2,2,2,3,2,3,2,4,2,2,3,2,0,0,0,0,0,0,0,0,0,0,0,0,0,0,0,0,3,2,2,1,0,0,0,0,0,0,0,0,0,0,0,0,0,0,0,0,0,1,1,2,4,1,3,0,0,0,0,0,0,0,0,0,0,0,5,3,0,0,0,0,0,0,0,0,0,0,0,0,0,0,0,0,0,0,0,0,0,0,0,0,0,0,0,0,0,0,0,0,0,0,0,0,0,0,0,0,0,0,0,0,0,0,0,0,0,0,0,0,0,0,0,0,0,0,0,0,0,0,0,0,0,0,0,0,0,0,0,0,0,0,0,0,0,0,0,0,0,0,0,0,0,0,0,0,0,0,0,0,0,0,0,0,0,0,0,0,0,0,0,0,0,0,0,0,0,0,0,0,0,0,0,0,0,0,0,0,0,0,0,0,0,0,0,0,0,0,0,0,0,0,0,0,0,0,0,0,0,0,0,0,0,0,0,0,0,0,0,0,0,0,0,0,0,0,0,0,0,0,0,0,0,0,0,0,0,0,0,0,0,0,0,0,2,1,1,1,5,5,3,0,0,0,0,0,0,0,0,0,0,0,0,0,0,0,0,0,0,0,0,0,0,0,0,0,0,0,0,0,0,0,0,0,0,0,0,0,0,0,0,0,0,0,0,0,0,0,0,0,0,0,0,0,0,0,0,0,0,0,0,0,0,0,0,0,0,0,0,0,0,0,0,0,0,0,0,0,0,0,0,0,0,0,0,0,0,0,0,0,0,0,0,0,0,0,0,0,0,0,0,0,0,0,0,0,0,0,0,0,0,0,0,0,0,0,0,0,0,0,0,0,0,0,0,0,0,0,0,0,0,0,0,0,0,0,0,0,0,0,0,0,0,0,0,0,0,0,0,0,4,2,2,2,5,2,4,2,0,0,0,0,0,0,0,0,0,0,0,0,0,0,0,0,0,2,2,2,1,2,0,2,2,0,0,0,0,0,0,0,0,0,0,0,2,2,2,2,3,1,3,2,1,0,0,0,0,0,0,2,2,2,2,2,0,0,5,0,0,0,0,3,3,0,0,0,0,0,0,0,0,0,0,0,5,3,5,5,0,0,0,0,0,3,0,0,0,0,0,0,0,5,2,2,2,2,2,5,0,0,0,0,0,0,0,0,0,0,0,0,0,0,0,5,2,3,0,2,2,4,0,0,0,0,0,0,0,0,0,0,0,0,0,0,0,0,0,0,0,0,0,0,0,0,0,0,0,0,0,0,0,0,2,2,2,2,2,2,3,2,2,0,0,0,0,0,0,0,0,0,0,0,0,0,0,0,0,0,0,0,0,0,0,0,0,1,3,2,2,0,0,0,0,0,0,0,0,0,0,0,0,0,0,0,0,0,0,0,0,0,0,0,0,0,0,0,0,0,2,4,2,3,2,5,2,2,1,0,1,4,2,0,0,0,0,0,2,1,0,0,0,0,0,0,0,0,0,0,0,0,0,0,0,0,0,0,0,0,0,0,0,0,0,0,0,0,0,0,0,0,0,0,0,0,0,0,0,0,0,0,0,0,0,0,0,5,0,2,2,5,0,2,2,3,2,2,1,2,2,2,0,0,0,3,3,2,2,0,0,0,0,0,0,0,0,0,0,0,0,2,2,0,0,0,0,0,0,0,0,0,0,0,0,0,0,0,0,0,0,0,0,0,0,0,0,0,0,0,0,0,0,0,2,2,3,2,4,5,0,0,0,0,0,0,0,0,0,0,0,0,0,0,0,0,0,0,0,0,0,0,0,0,0,0,0,0,0,0,0,0,0,0,1,0,0,0,0,0,0,0,0,0,0,0,0,0,0,0,0,0,0,0,0,0,0,0,0,0,0,2,2,0,0,0,0,0,0,2,0,1,3,1,2,0,0,0,0,0,0,0,0,0,0,0,0,0,0,0,0,0,0,0,0,0,0,0,0,0,0,0,0,5,3,0,0,0,0,2,5,5,0,0,5,3,0,0,0,0,0,0,0,0,0,0,0,0,0,0,0,4,5,0,0,0,0,2,2,2,0,0,0,0,2,2,3,2,2,0,0,0,1,1,2,2,2,3,0,0,2,1,3,2,5,0,0,0,0,0,0,0,0,0,0,0,0,2,2,3,0,0,0,0,0,0,0,0,0,0,0,0,0,0,0,0,0,0,0,0,0,0,0,0,0,0,0,0,0,0,0,0,0,0,0,0,0,0,0,2,5,0,0,0,0,4,0,0,0,0,0,0,0,0,0,0,0,0,0,0,0,0,0,0,0,0,0,0,0,0,0,0,0,0,0,0,0,0,0,0,0,0,0,0,0,0,0,0,0,0,0,0,0,0,0,0,0,0,0,0,0,0,0,0,0,0,0,0,0,0,0,0,0,0,0,0,0,0,0,0,0,0,0,0,0,0,0,0,0,0,0,0,0,0,0,0,0,0,0,2,2,0,0,4,1,2,2,4,0,0,0,0,0,1,2,2,2,0,0,0,0,0,0,0,0,0,0,0,0,0,0,0,0,0,0,0,0,0,0,0,0,0,0,0,0,0,0,0,0,0,0,0,0,0,0,0,0,0,0,0,2,2,0,0,0,0,0,0,0,0,0,0,0,0,0,0,0,0,3,1,2,1,1,0,0,0,0,5,0,0,0,0,0,0,0,2,2,0,0,0,0,0,0,0,0,2,3,2,2,0,0,0,3,2,2,2,2,0,2,2,1,2,2,0,2,2,0,0,0,0,0,0,0,0,0,0,0,0,0,0,0,0,0,0,2,2,1,0,0,0,0,0,0,0,0,0,0,0,0,0,0,0,0,2,1,2,2,3,2,0,0,0,0,0,0,0,5,2,0,0,0,0,0,0,0,0,0,0,0,0,0,0,0,0,2,3,0,0,0,0,0,0,0,0,0,0,0,0,0,0,0,0,0,0,0,0,0,0,0,0,0,0,0,0,0,0,0,0,0,0,0,0,0,0,0,0,0,0,0,3,2,5,2,0,0,0,0,0,0,0,0,0,0,0,0,0,0,0,0,0,0,0,0,0,0,0,0,0,0,0,0,0,0,0,0,0,0,0,0,0,0,0,0,0,0,0,0,0,0,0,0,0,0,0,0,0,0,0,0,0,0,0,0,0,0,0,0,0,0,0,0,0,0,0,0,0,0,0,0,0,0,0,0,0,0,0,0,0,0,0,0,0,0,0,0,0,0,0,0,0,0,0,0,0,0,0,0,0,0,0,0,0,0,0,0,0,0,0,0,0,0,0,0,0,0,0,0,0,0,0,0,0,0,0,0,0,0,0,0,0,0,0,5,3,2,2,2,2,2,2,4,2,1,4,1,2,2,2,1,4,1,1,5,2,2,2,2,5,2,3,3,2,5,2,2,3,5,0,0,0,0,0,0,0,0,0,0,0,0,0,0,0,0,0,0,0,0,0,0,0,2,5,2,5,3,2,0,0,0,0,0,0,0,0,5,0,0,0,2,3,2,2,2,2,0,0,0,0,0,2,2,2,2,2,0,0,0,1,2,3,1,2,2,2,0,0,0,0,0,2,3,2,2,3,2,2,4,2,0,0,0,0,0,0,0,0,3,2,1,5,4,2,0,0,0,0,3,0,0,0,0,0,0,0,0,0,0,0,0,0,0,0,0,0,2,0,0,2,0,0,0,0,0,0,0,0,0,0,0,0,0,0,0,0,0,0,0,0,0,0,0,0,0,0,0,0,0,0,0,0,0,0,0,0,0,0,0,0,0,0,0,0,0,0,0,0,0,0,0,0,0,0,0,0,0,0,0,0,0,0,0,0,0,0,0,0,0,0,0,0,0,0,0,0,0,2,2,0,2,0,0,0,0,0,2,2,2,0,2,3,2,3,3,1,1,3,1,2,2,0,0,0,0,0,0,0,2,2,2,2,3,1,5,2,2,5,0,4,2,0,0,0,0,2,3,5,2,0,0,0,0,0,0,0,0,0,0,0,0,0,0,0,0,0,0,0,0,0,0,0,0,0,0,0,0,0,0,0,0,0,0,0,0,0,0,0,0,0,0,0,0,0,0,0,0,0,0,0,0,0,0,0,0,0,0,0,0,0,0,0,0,0,0,0,0,0,0,0,0,0,0,0,0,0,0,0,0,0,0,0,0,0,0,0,0,0,0,0,0,0,0,0,0,2,1,1,3,2,3,2,2,5,1,5,5,2,1,4,3,0,0,0,0,0,0,0,0,0,0,0,0,0,0,0,0,0,0,0,0,0,0,0,0,0,0,0,0,0,0,0,0,0,0,0,0,0,0,0,0,0,0,0,0,0,0,0,0,0,0,0,0,0,0,0,0,0,0,0,0,0,0,0,0,0,0,0,0,0,0,0,0,0,0,0,0,0,0,0,0,0,0,0,0,0,0,0,0,0,0,0,0,0,0,0,0,0,0,0,0,0,0,0,0,0,0,0,0,0,0,0,0,0,0,0,0,0,0,0,0,0,0,0,0,0,0,0,0,0,0,0,0,0,0,0,0,0,0,0,0,0,0,0,0,0,0,0,0,0,0,0,0,0,0,0,0,0,0,0,0,0,0,0,0,0,0,0,0,0,0,0,0,0,0,0,0,0,0,0,0,0,0,0,0,0,0,0,0,0,0,0,0,0,0,0,0,0,0,0,0,0,0,0,0,0,0,0,0,0,0,0,0,0,0,0,0,0,0,0,0,0,0,0,0,0,0,0,0,0,0,0,0,0,0,0,0,0,0,0,0,0,0,0,0,0,0,0,0,0,0,0,0,0,0,0,0,0,0,0,0,0,0,0,0,0,0,0,0,0,0,0,0,0,0,0,0,0,0,0,0,0,0,0,0,3,2,3,5,5,3,3,3,3,3,2,2,2,3,5,5,3,0,0,0,0,0,0,0,0,0,0,0,0,0,0,0,0,0,0,0,0,0,0,0,0,0,0,0,0,0,0,0,0,0,0,0,0,0,0,0,0,0,0,0,0,0,0,0,0,0,0,0,0,0,0,0,0,0,0,0,0,0,0,0,0,0,0,0,0,0,0,0,0,0,0,0,0,0,0,0,0,0,0,0,0,0,0,0,0,0,0,0,0,0,0,0,0,0,0,0,0,0,0,0,0,0,0,0,0,0,0,0,0,0,0,0,0,0,0,0,0,0,0,0,0,0,0,0,0,0,3,3,3,5,3,1,3,3,1,3,3,2,0,0,0,0,0,0,0,0,0,0,0,0,0,0,0,0,0,0,0,0,0,0,0,0,0,0,0,0,0,0,0,0,0,0,0,0,0,0,0,0,0,0,0,0,0,0,0,0,0,0,0,0,0,0,0,0,2.146718740463257,-2.583593368530273,-4.608473777770996,8.361226081848145,-0.8133167028427124,0.1032179817557334,-14.154480934143066,-0.5539394617080688,9.072209358215332,5.497969627380371,-6.1355462074279785,-2.0959389209747314,-10.507857322692873,0.3224300742149353,-7.33164644241333,-0.2256957292556762,7.5000691413879395,-3.6728343963623047,-8.211746215820312,7.902004241943359,-0.0066453553736209,7.501179218292236,18.15310478210449,8.790626525878906,-8.13841438293457,-0.3250205218791961,-0.6093923449516296,-10.69200325012207,0.3002063632011413,0.7613288164138794,14.023602485656738,-6.194523811340332,-4.8814616203308105,-7.103999137878418,2.7648849487304688,2.0221381187438965,0.1780000627040863,0.0538049302995204,11.326261520385742,4.311954975128174,-4.025570869445801,-1.704198122024536,-6.231683731079102,-0.713317334651947,-13.923003196716309,3.642714262008667,1.2142444849014282,6.94964075088501,-6.522823333740234,5.817124843597412,7.743821620941162,-7.370067596435547,-1.8850462436676023,-10.761075973510742,-4.659457683563232,-5.716836452484131,-5.315587520599365,-0.1135577857494354,5.5587158203125,7.424141883850098,2.289616584777832,-8.608510971069336,-1.4101907014846802,2.155855417251587,-15.74918270111084,-2.6322174072265625,10.791898727416992,-0.8484314680099487,-1.852621793746948,1.0171469449996948,-7.755572319030762,2.12343978881836,9.19838047027588,-7.124863147735596,-3.23986291885376,7.196815967559815,-8.041054725646973,5.0548996925354,-1.4677971601486206,6.738457679748535,6.23790168762207,-0.4000211358070373,-4.482607841491699,-14.095176696777344,-0.0418273732066154,-1.924091935157776,-8.56198787689209,7.4190545082092285,5.823416233062744,-5.11234188079834,5.063536167144775,2.05291748046875,3.2668464183807373,10.187312126159668,4.2047038078308105,-0.99314546585083,3.0718533992767334,6.9554972648620605,4.867900371551514,2.574493169784546,-4.490881443023682,-9.460095405578612,-5.664946556091309,-13.143631935119627,5.378232955932617,-8.307068824768066,-0.8773423433303833,4.737016201019287,0.9721078872680664,-6.761020183563232,-16.55715560913086,5.315451145172119,5.988034248352051,1.0586055517196655,1.0104849338531494,-6.676175117492676,8.71396255493164,11.351837158203123,-4.7689642906188965,6.029484748840332,-11.254196166992188,0.355430394411087,-4.342024326324463,6.329811096191406,2.261603593826294,-6.355189323425293,-12.100801467895508,-3.111923933029175,-5.639593601226807,1.264831781387329,-1.1131834983825684,2.727226734161377,12.608199119567873,10.895462989807127,-3.6856167316436768,14.954891204833984,15.499322891235352,-0.1808691471815109,9.301918983459473,-4.997730255126953,4.118228912353516,-2.024502992630005,-0.9590394496917723,0.3395706713199615,7.392797946929932,7.493087768554687,1.6533794403076172,2.8061091899871826,-0.8138390183448792,9.178449630737305,4.301594257354736,4.193079471588135,12.223034858703612,-3.976144313812256,-1.978428840637207,1.6520671844482422,-5.299197673797607,-6.2713942527771,1.8210868835449217,-5.184079170227051,-5.3663763999938965,-2.848390817642212,-8.291947364807129,1.6634745597839355,-1.9167922735214236,-9.09783935546875,1.2049187421798706,-2.150970220565796,1.4225518703460691,3.841001510620117,-5.528326988220215,-5.104441642761231,15.803570747375488,-4.70157527923584,2.0588796138763428,0.4024235904216766,7.225669860839844,-4.835765361785889,-7.501586437225342,13.91274356842041,-3.202177762985229,11.448097229003906,-3.231712102890014,7.661284446716309,11.737459182739258,-1.217645525932312,-5.717187881469727,-3.81649112701416,-5.947604179382324,-3.919196844100952,-1.8249865770339968,-1.7044931650161743,-0.8692922592163086,1.3163697719573977,2.31307315826416,-2.786117553710937,-4.384565353393555,-13.6613130569458,-2.2371296882629395,3.748883008956909,4.153812885284424,2.5998668670654297,5.375715255737305,2.9330480098724365,4.3401312828063965,-2.1429266929626465,14.269399642944336,8.011988639831543,10.25627326965332,-0.8246157169342041,13.751124382019045,-3.4770662784576416,4.815249443054199,-7.779657363891602,1.5303163528442385,-1.4138002395629885,0.8715741634368896,7.301154613494873,-6.092076301574707,6.60707426071167,0.0228842720389366,-8.923307418823242,-2.603190660476685,-0.184584379196167,4.341653823852539,-7.290235042572021,-1.4336344003677368,-0.2314673215150833,5.686038494110107,-9.745811462402344,3.511370182037353,0.3609533011913299,-4.299055576324463,-13.443467140197754,-1.091702222824097,-3.024233818054199,-3.5505802631378174,-0.5174784660339355,-3.092313528060913,8.580636024475098,5.741366386413574,-0.7506295442581177,4.265955924987793,0.319787859916687,-7.8242692947387695,5.901638507843018,-13.61268138885498,-9.096182823181152,3.226097345352173,-4.7193284034729,-18.26379776000977,3.9059791564941406,-0.3783064484596252,0.6192423105239868,-14.184710502624512,1.9484570026397705,3.643745660781861,-7.1636457443237305,6.686285495758057,-7.004246711730957,0.3702121376991272,8.244755744934082,4.908583641052246,8.580781936645508,5.196670055389404,-8.227242469787598,-10.831207275390623,7.345306873321533,1.6389987468719482,-9.570053100585938,-3.8482394218444815,5.245359420776367,-1.215864181518555,1.303936004638672,1.1790494918823242,-2.5749495029449463,-3.895761489868164,-0.6856472492218018,-0.6307469010353088,1.7044578790664673,-7.706735134124756,-6.435097694396973,-12.518421173095703,-6.930177211761475,-0.4944287240505218,2.548865795135498,-2.602566957473755,-4.394185543060303,-7.049404621124268,-1.8317248821258545,-1.907016396522522,14.025142669677734,12.004194259643556,0.3530570864677429,-10.29021453857422,-5.136434078216553,-7.313051223754883,-4.720273017883301,-10.838982582092283,-0.6643056869506836,-1.0,3.0
OXYR_HUMAN,CHEMBL2113205,Cc1ccc(N(CC(=O)NNC2=c3ccccc3=NC2=O)S(=O)(=O)c2ccc(C#N)cc2)cc1,0,0,0,0,0,0,0,0,0,0,0,0,0,0,0,0,0,0,0,0,0,0,0,0,0,0,0,0,0,0,0,0,0,0,0,0,0,0,0,0,0,0,0,0,0,0,0,0,0,0,0,0,0,0,0,0,0,0,0,0,0,0,0,0,0,0,0,0,0,0,0,0,0,0,0,0,0,0,0,0,0,0,0,0,0,0,0,0,0,0,0,0,0,0,0,0,0,0,0,0,0,0,0,0,0,0,0,0,0,0,0,0,0,0,0,0,0,0,0,0,0,0,0,0,0,0,0,0,0,0,0,0,0,0,0,0,0,0,0,0,0,0,0,0,0,0,0,0,0,0,0,0,0,0,0,0,0,0,0,0,0,0,0,0,0,0,0,0,0,0,0,0,0,0,0,0,0,0,0,0,0,0,0,0,0,2,4,1,2,2,2,2,3,2,3,2,4,2,2,3,2,0,0,0,0,0,0,0,0,0,0,0,0,0,0,0,0,3,2,2,1,0,0,0,0,0,0,0,0,0,0,0,0,0,0,0,0,0,1,1,2,4,1,3,0,0,0,0,0,0,0,0,0,0,0,5,3,0,0,0,0,0,0,0,0,0,0,0,0,0,0,0,0,0,0,0,0,0,0,0,0,0,0,0,0,0,0,0,0,0,0,0,0,0,0,0,0,0,0,0,0,0,0,0,0,0,0,0,0,0,0,0,0,0,0,0,0,0,0,0,0,0,0,0,0,0,0,0,0,0,0,0,0,0,0,0,0,0,0,0,0,0,0,0,0,0,0,0,0,0,0,0,0,0,0,0,0,0,0,0,0,0,0,0,0,0,0,0,0,0,0,0,0,0,0,0,0,0,0,0,0,0,0,0,0,0,0,0,0,0,0,0,0,0,0,0,0,0,0,0,0,0,0,0,0,0,0,0,0,0,0,0,0,0,0,0,0,0,0,0,0,0,0,0,0,0,0,0,0,0,0,0,0,2,1,1,1,5,5,3,0,0,0,0,0,0,0,0,0,0,0,0,0,0,0,0,0,0,0,0,0,0,0,0,0,0,0,0,0,0,0,0,0,0,0,0,0,0,0,0,0,0,0,0,0,0,0,0,0,0,0,0,0,0,0,0,0,0,0,0,0,0,0,0,0,0,0,0,0,0,0,0,0,0,0,0,0,0,0,0,0,0,0,0,0,0,0,0,0,0,0,0,0,0,0,0,0,0,0,0,0,0,0,0,0,0,0,0,0,0,0,0,0,0,0,0,0,0,0,0,0,0,0,0,0,0,0,0,0,0,0,0,0,0,0,0,0,0,0,0,0,0,0,0,0,0,0,0,0,4,2,2,2,5,2,4,2,0,0,0,0,0,0,0,0,0,0,0,0,0,0,0,0,0,2,2,2,1,2,0,2,2,0,0,0,0,0,0,0,0,0,0,0,2,2,2,2,3,1,3,2,1,0,0,0,0,0,0,2,2,2,2,2,0,0,5,0,0,0,0,3,3,0,0,0,0,0,0,0,0,0,0,0,5,3,5,5,0,0,0,0,0,3,0,0,0,0,0,0,0,5,2,2,2,2,2,5,0,0,0,0,0,0,0,0,0,0,0,0,0,0,0,5,2,3,0,2,2,4,0,0,0,0,0,0,0,0,0,0,0,0,0,0,0,0,0,0,0,0,0,0,0,0,0,0,0,0,0,0,0,0,2,2,2,2,2,2,3,2,2,0,0,0,0,0,0,0,0,0,0,0,0,0,0,0,0,0,0,0,0,0,0,0,0,1,3,2,2,0,0,0,0,0,0,0,0,0,0,0,0,0,0,0,0,0,0,0,0,0,0,0,0,0,0,0,0,0,2,4,2,3,2,5,2,2,1,0,1,4,2,0,0,0,0,0,2,1,0,0,0,0,0,0,0,0,0,0,0,0,0,0,0,0,0,0,0,0,0,0,0,0,0,0,0,0,0,0,0,0,0,0,0,0,0,0,0,0,0,0,0,0,0,0,0,5,0,2,2,5,0,2,2,3,2,2,1,2,2,2,0,0,0,3,3,2,2,0,0,0,0,0,0,0,0,0,0,0,0,2,2,0,0,0,0,0,0,0,0,0,0,0,0,0,0,0,0,0,0,0,0,0,0,0,0,0,0,0,0,0,0,0,2,2,3,2,4,5,0,0,0,0,0,0,0,0,0,0,0,0,0,0,0,0,0,0,0,0,0,0,0,0,0,0,0,0,0,0,0,0,0,0,1,0,0,0,0,0,0,0,0,0,0,0,0,0,0,0,0,0,0,0,0,0,0,0,0,0,0,2,2,0,0,0,0,0,0,2,0,1,3,1,2,0,0,0,0,0,0,0,0,0,0,0,0,0,0,0,0,0,0,0,0,0,0,0,0,0,0,0,0,5,3,0,0,0,0,2,5,5,0,0,5,3,0,0,0,0,0,0,0,0,0,0,0,0,0,0,0,4,5,0,0,0,0,2,2,2,0,0,0,0,2,2,3,2,2,0,0,0,1,1,2,2,2,3,0,0,2,1,3,2,5,0,0,0,0,0,0,0,0,0,0,0,0,2,2,3,0,0,0,0,0,0,0,0,0,0,0,0,0,0,0,0,0,0,0,0,0,0,0,0,0,0,0,0,0,0,0,0,0,0,0,0,0,0,0,2,5,0,0,0,0,4,0,0,0,0,0,0,0,0,0,0,0,0,0,0,0,0,0,0,0,0,0,0,0,0,0,0,0,0,0,0,0,0,0,0,0,0,0,0,0,0,0,0,0,0,0,0,0,0,0,0,0,0,0,0,0,0,0,0,0,0,0,0,0,0,0,0,0,0,0,0,0,0,0,0,0,0,0,0,0,0,0,0,0,0,0,0,0,0,0,0,0,0,0,2,2,0,0,4,1,2,2,4,0,0,0,0,0,1,2,2,2,0,0,0,0,0,0,0,0,0,0,0,0,0,0,0,0,0,0,0,0,0,0,0,0,0,0,0,0,0,0,0,0,0,0,0,0,0,0,0,0,0,0,0,2,2,0,0,0,0,0,0,0,0,0,0,0,0,0,0,0,0,3,1,2,1,1,0,0,0,0,5,0,0,0,0,0,0,0,2,2,0,0,0,0,0,0,0,0,2,3,2,2,0,0,0,3,2,2,2,2,0,2,2,1,2,2,0,2,2,0,0,0,0,0,0,0,0,0,0,0,0,0,0,0,0,0,0,2,2,1,0,0,0,0,0,0,0,0,0,0,0,0,0,0,0,0,2,1,2,2,3,2,0,0,0,0,0,0,0,5,2,0,0,0,0,0,0,0,0,0,0,0,0,0,0,0,0,2,3,0,0,0,0,0,0,0,0,0,0,0,0,0,0,0,0,0,0,0,0,0,0,0,0,0,0,0,0,0,0,0,0,0,0,0,0,0,0,0,0,0,0,0,3,2,5,2,0,0,0,0,0,0,0,0,0,0,0,0,0,0,0,0,0,0,0,0,0,0,0,0,0,0,0,0,0,0,0,0,0,0,0,0,0,0,0,0,0,0,0,0,0,0,0,0,0,0,0,0,0,0,0,0,0,0,0,0,0,0,0,0,0,0,0,0,0,0,0,0,0,0,0,0,0,0,0,0,0,0,0,0,0,0,0,0,0,0,0,0,0,0,0,0,0,0,0,0,0,0,0,0,0,0,0,0,0,0,0,0,0,0,0,0,0,0,0,0,0,0,0,0,0,0,0,0,0,0,0,0,0,0,0,0,0,0,0,5,3,2,2,2,2,2,2,4,2,1,4,1,2,2,2,1,4,1,1,5,2,2,2,2,5,2,3,3,2,5,2,2,3,5,0,0,0,0,0,0,0,0,0,0,0,0,0,0,0,0,0,0,0,0,0,0,0,2,5,2,5,3,2,0,0,0,0,0,0,0,0,5,0,0,0,2,3,2,2,2,2,0,0,0,0,0,2,2,2,2,2,0,0,0,1,2,3,1,2,2,2,0,0,0,0,0,2,3,2,2,3,2,2,4,2,0,0,0,0,0,0,0,0,3,2,1,5,4,2,0,0,0,0,3,0,0,0,0,0,0,0,0,0,0,0,0,0,0,0,0,0,2,0,0,2,0,0,0,0,0,0,0,0,0,0,0,0,0,0,0,0,0,0,0,0,0,0,0,0,0,0,0,0,0,0,0,0,0,0,0,0,0,0,0,0,0,0,0,0,0,0,0,0,0,0,0,0,0,0,0,0,0,0,0,0,0,0,0,0,0,0,0,0,0,0,0,0,0,0,0,0,0,2,2,0,2,0,0,0,0,0,2,2,2,0,2,3,2,3,3,1,1,3,1,2,2,0,0,0,0,0,0,0,2,2,2,2,3,1,5,2,2,5,0,4,2,0,0,0,0,2,3,5,2,0,0,0,0,0,0,0,0,0,0,0,0,0,0,0,0,0,0,0,0,0,0,0,0,0,0,0,0,0,0,0,0,0,0,0,0,0,0,0,0,0,0,0,0,0,0,0,0,0,0,0,0,0,0,0,0,0,0,0,0,0,0,0,0,0,0,0,0,0,0,0,0,0,0,0,0,0,0,0,0,0,0,0,0,0,0,0,0,0,0,0,0,0,0,0,0,2,1,1,3,2,3,2,2,5,1,5,5,2,1,4,3,0,0,0,0,0,0,0,0,0,0,0,0,0,0,0,0,0,0,0,0,0,0,0,0,0,0,0,0,0,0,0,0,0,0,0,0,0,0,0,0,0,0,0,0,0,0,0,0,0,0,0,0,0,0,0,0,0,0,0,0,0,0,0,0,0,0,0,0,0,0,0,0,0,0,0,0,0,0,0,0,0,0,0,0,0,0,0,0,0,0,0,0,0,0,0,0,0,0,0,0,0,0,0,0,0,0,0,0,0,0,0,0,0,0,0,0,0,0,0,0,0,0,0,0,0,0,0,0,0,0,0,0,0,0,0,0,0,0,0,0,0,0,0,0,0,0,0,0,0,0,0,0,0,0,0,0,0,0,0,0,0,0,0,0,0,0,0,0,0,0,0,0,0,0,0,0,0,0,0,0,0,0,0,0,0,0,0,0,0,0,0,0,0,0,0,0,0,0,0,0,0,0,0,0,0,0,0,0,0,0,0,0,0,0,0,0,0,0,0,0,0,0,0,0,0,0,0,0,0,0,0,0,0,0,0,0,0,0,0,0,0,0,0,0,0,0,0,0,0,0,0,0,0,0,0,0,0,0,0,0,0,0,0,0,0,0,0,0,0,0,0,0,0,0,0,0,0,0,0,0,0,0,0,0,3,2,3,5,5,3,3,3,3,3,2,2,2,3,5,5,3,0,0,0,0,0,0,0,0,0,0,0,0,0,0,0,0,0,0,0,0,0,0,0,0,0,0,0,0,0,0,0,0,0,0,0,0,0,0,0,0,0,0,0,0,0,0,0,0,0,0,0,0,0,0,0,0,0,0,0,0,0,0,0,0,0,0,0,0,0,0,0,0,0,0,0,0,0,0,0,0,0,0,0,0,0,0,0,0,0,0,0,0,0,0,0,0,0,0,0,0,0,0,0,0,0,0,0,0,0,0,0,0,0,0,0,0,0,0,0,0,0,0,0,0,0,0,0,0,0,3,3,3,5,3,1,3,3,1,3,3,2,0,0,0,0,0,0,0,0,0,0,0,0,0,0,0,0,0,0,0,0,0,0,0,0,0,0,0,0,0,0,0,0,0,0,0,0,0,0,0,0,0,0,0,0,0,0,0,0,0,0,0,0,0,0,0,0,2.8983561992645264,-3.327421903610229,-5.400035381317139,8.770277976989746,1.5007331371307373,-1.2788745164871216,-17.316932678222656,-0.6667813658714294,11.94387435913086,8.424943923950195,-7.161437511444092,-0.4232529103755951,-13.66079807281494,0.4620429277420044,-5.2562994956970215,1.838902473449707,5.828980445861816,-3.1536753177642822,-6.931279182434082,8.967649459838867,-1.1498212814331057,6.641983509063721,20.633211135864254,7.640111923217773,-13.904014587402344,-1.3651158809661863,1.0641767978668213,-10.203065872192385,3.1527740955352783,0.0883511900901794,15.719347953796388,-7.833873271942139,-2.937092065811157,-7.755989551544189,4.117062091827393,1.1612318754196167,1.6761653423309326,1.6834352016448977,10.324496269226074,3.7930188179016113,-0.5525408983230591,-1.4170446395874023,-8.351041793823242,0.899772047996521,-14.675311088562012,3.7516376972198486,-0.1255693882703781,10.003377914428713,-8.241003036499023,1.8939944505691528,9.676880836486816,-8.702244758605957,-5.998858451843262,-8.570114135742188,-7.424067497253418,-7.520626068115234,-3.040836811065674,0.6529203653335571,7.461110115051269,3.1189632415771484,-0.5558522343635559,-9.586609840393066,-1.6602256298065186,5.618846893310547,-16.324440002441406,-1.5765212774276731,13.051278114318848,1.8536806106567385,-3.3493967056274414,4.005725860595703,-8.358964920043945,2.920567274093628,7.582803726196289,-8.858049392700195,-3.856510639190674,6.087646961212158,-6.831216812133789,4.583286285400391,-0.216481328010559,4.317987442016602,6.036319255828857,0.1547715663909912,-7.659780502319336,-11.909189224243164,3.001739263534546,-0.4860253930091858,-8.561546325683594,5.801283836364746,5.174079895019531,-1.539104700088501,3.9157016277313232,2.8348913192749023,3.7357711791992183,12.80803108215332,2.442936897277832,0.5149874091148376,1.8077600002288816,4.61607551574707,6.333100318908691,1.3001978397369385,-6.539180278778076,-10.858752250671388,-5.168436527252197,-11.419578552246094,2.099637031555176,-8.357635498046875,-5.292680263519287,3.6427524089813232,2.6114284992218018,-6.967300415039063,-18.703384399414062,2.0143256187438965,5.949189186096191,-0.5517928600311279,0.5323923230171204,-6.76018762588501,10.299022674560549,9.9458646774292,-3.949024200439453,6.180110931396484,-13.635175704956056,0.4030560851097107,-3.757716655731201,6.975473880767822,5.117571830749512,-8.438941955566406,-15.048171997070312,-1.700607180595398,-0.8249028921127319,2.551255941390991,-0.956655979156494,-0.1187858954071998,9.41306209564209,14.70403289794922,-4.079207420349121,15.839011192321776,13.428485870361328,2.24343490600586,14.373309135437012,-4.027676582336426,10.648809432983398,-3.796603202819824,-2.4709644317626958,0.3729216754436493,12.006599426269531,9.519803047180176,2.147145986557007,3.2114200592041016,1.1761226654052734,12.094014167785645,9.292184829711914,3.7121193408966064,11.314404487609863,-2.987896680831909,-2.0452768802642822,3.467646837234497,-5.470284938812256,-7.9388108253479,6.956088542938232,-9.298369407653809,-4.1491899490356445,-3.410653114318848,-10.61265468597412,5.158807754516602,3.0776946544647217,-9.151918411254885,1.6026962995529177,-3.8088009357452393,0.707360565662384,5.743900299072266,-8.008485794067383,-3.733656644821167,14.939752578735352,-5.054550647735596,-0.1500673294067382,0.6967466473579407,5.722550868988037,-1.835693597793579,-7.984055042266846,11.41618824005127,-7.239364624023437,8.822318077087402,-3.498109102249145,8.021571159362793,10.359007835388184,-3.0701589584350586,-1.8435477018356323,-2.7864503860473637,-8.16504955291748,-5.806856155395508,-2.745275020599365,0.1871674358844757,-1.3000091314315796,1.2962650060653689,4.581814289093018,-0.0756895840167999,-5.498134613037109,-12.078863143920898,-1.3511532545089722,-0.5677106380462646,1.478057861328125,1.5173782110214231,8.242097854614258,0.8677972555160522,6.828761577606201,-4.476409912109375,16.18424415588379,8.591877937316895,11.919437408447266,-1.1600539684295654,16.063417434692383,-1.295227289199829,6.264853000640869,-5.479182720184326,3.381829023361206,3.1422839164733887,2.652693271636963,6.201789855957031,-7.552212238311768,5.478436470031738,3.070323944091797,-9.270866394042969,-0.0477281548082828,0.5817691683769226,3.5293354988098145,-4.531556606292725,-2.701237678527832,2.9750144481658936,10.447548866271973,-13.067493438720703,3.892906427383423,-4.428713321685791,-10.086185455322266,-14.952825546264648,-4.318023204803467,-2.7842202186584477,-0.5133630037307739,-3.493872880935669,-6.875772953033447,9.876434326171877,3.749578475952149,-0.0050585567951202,4.376511573791504,-0.2431292980909347,-5.137646198272705,4.174541473388672,-14.867284774780272,-9.15068817138672,-0.2748687863349914,-9.388383865356444,-19.72935676574707,3.127592802047729,-2.4381394386291504,2.272430896759033,-14.709436416625977,1.904441714286804,5.357392311096191,-12.650094032287598,7.849462985992432,-8.193005561828613,-4.37351655960083,7.519824504852295,5.910518646240234,12.114748001098633,3.457390546798706,-5.651802062988281,-6.940061092376709,6.952132225036621,1.6472541093826294,-11.23226833343506,-1.9531283378601076,7.640727996826172,0.1523336619138717,5.40196704864502,1.8221077919006348,-6.805958271026611,-4.675234794616699,-5.70457649230957,-1.41109037399292,-1.0740272998809814,-8.99822998046875,-6.50926399230957,-17.70912742614746,-7.128074645996094,0.6836580038070679,0.7259539365768433,0.3280001878738403,-2.5323410034179688,-8.535799980163574,-1.4240577220916748,0.4586539566516876,13.660497665405272,14.362977027893066,2.7409892082214355,-13.4172945022583,-1.7675172090530396,-8.482595443725586,-4.200608253479004,-13.39760398864746,-2.191318988800049,-1.0,2.045322978786657
OXYR_HUMAN,CHEMBL3354593,CCC(C)C1NC(=O)C(Cc2ccccc2)NC(=O)CCSCCC(C(=O)N(CC(=O)NC(CC(C)C)C(=O)NCC(N)=O)Cc2cccc(C)c2)NC(=O)C(CC(N)=O)NC(=O)C(CCC(N)=O)NC1=O,0,0,0,0,0,0,0,0,0,0,0,0,0,0,0,0,0,0,0,0,0,0,0,0,0,0,0,0,0,0,0,0,0,0,0,0,0,0,0,0,0,0,0,0,0,0,0,0,0,0,0,0,0,0,0,0,0,0,0,0,0,0,0,0,0,0,0,0,0,0,0,0,0,0,0,0,0,0,0,0,0,0,0,0,0,0,0,0,0,0,0,0,0,0,0,0,0,0,0,0,0,0,0,0,0,0,0,0,0,0,0,0,0,0,0,0,0,0,0,0,0,0,0,0,0,0,0,0,0,0,0,0,0,0,0,0,0,0,0,0,0,0,0,0,0,0,0,0,0,0,0,0,0,0,0,0,0,0,0,0,0,0,0,0,0,0,0,0,0,0,0,0,0,0,0,0,0,0,0,0,0,0,0,0,0,2,4,1,2,2,2,2,3,2,3,2,4,2,2,3,2,0,0,0,0,0,0,0,0,0,0,0,0,0,0,0,0,3,2,2,1,0,0,0,0,0,0,0,0,0,0,0,0,0,0,0,0,0,1,1,2,4,1,3,0,0,0,0,0,0,0,0,0,0,0,5,3,0,0,0,0,0,0,0,0,0,0,0,0,0,0,0,0,0,0,0,0,0,0,0,0,0,0,0,0,0,0,0,0,0,0,0,0,0,0,0,0,0,0,0,0,0,0,0,0,0,0,0,0,0,0,0,0,0,0,0,0,0,0,0,0,0,0,0,0,0,0,0,0,0,0,0,0,0,0,0,0,0,0,0,0,0,0,0,0,0,0,0,0,0,0,0,0,0,0,0,0,0,0,0,0,0,0,0,0,0,0,0,0,0,0,0,0,0,0,0,0,0,0,0,0,0,0,0,0,0,0,0,0,0,0,0,0,0,0,0,0,0,0,0,0,0,0,0,0,0,0,0,0,0,0,0,0,0,0,0,0,0,0,0,0,0,0,0,0,0,0,0,0,0,0,0,0,2,1,1,1,5,5,3,0,0,0,0,0,0,0,0,0,0,0,0,0,0,0,0,0,0,0,0,0,0,0,0,0,0,0,0,0,0,0,0,0,0,0,0,0,0,0,0,0,0,0,0,0,0,0,0,0,0,0,0,0,0,0,0,0,0,0,0,0,0,0,0,0,0,0,0,0,0,0,0,0,0,0,0,0,0,0,0,0,0,0,0,0,0,0,0,0,0,0,0,0,0,0,0,0,0,0,0,0,0,0,0,0,0,0,0,0,0,0,0,0,0,0,0,0,0,0,0,0,0,0,0,0,0,0,0,0,0,0,0,0,0,0,0,0,0,0,0,0,0,0,0,0,0,0,0,0,4,2,2,2,5,2,4,2,0,0,0,0,0,0,0,0,0,0,0,0,0,0,0,0,0,2,2,2,1,2,0,2,2,0,0,0,0,0,0,0,0,0,0,0,2,2,2,2,3,1,3,2,1,0,0,0,0,0,0,2,2,2,2,2,0,0,5,0,0,0,0,3,3,0,0,0,0,0,0,0,0,0,0,0,5,3,5,5,0,0,0,0,0,3,0,0,0,0,0,0,0,5,2,2,2,2,2,5,0,0,0,0,0,0,0,0,0,0,0,0,0,0,0,5,2,3,0,2,2,4,0,0,0,0,0,0,0,0,0,0,0,0,0,0,0,0,0,0,0,0,0,0,0,0,0,0,0,0,0,0,0,0,2,2,2,2,2,2,3,2,2,0,0,0,0,0,0,0,0,0,0,0,0,0,0,0,0,0,0,0,0,0,0,0,0,1,3,2,2,0,0,0,0,0,0,0,0,0,0,0,0,0,0,0,0,0,0,0,0,0,0,0,0,0,0,0,0,0,2,4,2,3,2,5,2,2,1,0,1,4,2,0,0,0,0,0,2,1,0,0,0,0,0,0,0,0,0,0,0,0,0,0,0,0,0,0,0,0,0,0,0,0,0,0,0,0,0,0,0,0,0,0,0,0,0,0,0,0,0,0,0,0,0,0,0,5,0,2,2,5,0,2,2,3,2,2,1,2,2,2,0,0,0,3,3,2,2,0,0,0,0,0,0,0,0,0,0,0,0,2,2,0,0,0,0,0,0,0,0,0,0,0,0,0,0,0,0,0,0,0,0,0,0,0,0,0,0,0,0,0,0,0,2,2,3,2,4,5,0,0,0,0,0,0,0,0,0,0,0,0,0,0,0,0,0,0,0,0,0,0,0,0,0,0,0,0,0,0,0,0,0,0,1,0,0,0,0,0,0,0,0,0,0,0,0,0,0,0,0,0,0,0,0,0,0,0,0,0,0,2,2,0,0,0,0,0,0,2,0,1,3,1,2,0,0,0,0,0,0,0,0,0,0,0,0,0,0,0,0,0,0,0,0,0,0,0,0,0,0,0,0,5,3,0,0,0,0,2,5,5,0,0,5,3,0,0,0,0,0,0,0,0,0,0,0,0,0,0,0,4,5,0,0,0,0,2,2,2,0,0,0,0,2,2,3,2,2,0,0,0,1,1,2,2,2,3,0,0,2,1,3,2,5,0,0,0,0,0,0,0,0,0,0,0,0,2,2,3,0,0,0,0,0,0,0,0,0,0,0,0,0,0,0,0,0,0,0,0,0,0,0,0,0,0,0,0,0,0,0,0,0,0,0,0,0,0,0,2,5,0,0,0,0,4,0,0,0,0,0,0,0,0,0,0,0,0,0,0,0,0,0,0,0,0,0,0,0,0,0,0,0,0,0,0,0,0,0,0,0,0,0,0,0,0,0,0,0,0,0,0,0,0,0,0,0,0,0,0,0,0,0,0,0,0,0,0,0,0,0,0,0,0,0,0,0,0,0,0,0,0,0,0,0,0,0,0,0,0,0,0,0,0,0,0,0,0,0,2,2,0,0,4,1,2,2,4,0,0,0,0,0,1,2,2,2,0,0,0,0,0,0,0,0,0,0,0,0,0,0,0,0,0,0,0,0,0,0,0,0,0,0,0,0,0,0,0,0,0,0,0,0,0,0,0,0,0,0,0,2,2,0,0,0,0,0,0,0,0,0,0,0,0,0,0,0,0,3,1,2,1,1,0,0,0,0,5,0,0,0,0,0,0,0,2,2,0,0,0,0,0,0,0,0,2,3,2,2,0,0,0,3,2,2,2,2,0,2,2,1,2,2,0,2,2,0,0,0,0,0,0,0,0,0,0,0,0,0,0,0,0,0,0,2,2,1,0,0,0,0,0,0,0,0,0,0,0,0,0,0,0,0,2,1,2,2,3,2,0,0,0,0,0,0,0,5,2,0,0,0,0,0,0,0,0,0,0,0,0,0,0,0,0,2,3,0,0,0,0,0,0,0,0,0,0,0,0,0,0,0,0,0,0,0,0,0,0,0,0,0,0,0,0,0,0,0,0,0,0,0,0,0,0,0,0,0,0,0,3,2,5,2,0,0,0,0,0,0,0,0,0,0,0,0,0,0,0,0,0,0,0,0,0,0,0,0,0,0,0,0,0,0,0,0,0,0,0,0,0,0,0,0,0,0,0,0,0,0,0,0,0,0,0,0,0,0,0,0,0,0,0,0,0,0,0,0,0,0,0,0,0,0,0,0,0,0,0,0,0,0,0,0,0,0,0,0,0,0,0,0,0,0,0,0,0,0,0,0,0,0,0,0,0,0,0,0,0,0,0,0,0,0,0,0,0,0,0,0,0,0,0,0,0,0,0,0,0,0,0,0,0,0,0,0,0,0,0,0,0,0,0,5,3,2,2,2,2,2,2,4,2,1,4,1,2,2,2,1,4,1,1,5,2,2,2,2,5,2,3,3,2,5,2,2,3,5,0,0,0,0,0,0,0,0,0,0,0,0,0,0,0,0,0,0,0,0,0,0,0,2,5,2,5,3,2,0,0,0,0,0,0,0,0,5,0,0,0,2,3,2,2,2,2,0,0,0,0,0,2,2,2,2,2,0,0,0,1,2,3,1,2,2,2,0,0,0,0,0,2,3,2,2,3,2,2,4,2,0,0,0,0,0,0,0,0,3,2,1,5,4,2,0,0,0,0,3,0,0,0,0,0,0,0,0,0,0,0,0,0,0,0,0,0,2,0,0,2,0,0,0,0,0,0,0,0,0,0,0,0,0,0,0,0,0,0,0,0,0,0,0,0,0,0,0,0,0,0,0,0,0,0,0,0,0,0,0,0,0,0,0,0,0,0,0,0,0,0,0,0,0,0,0,0,0,0,0,0,0,0,0,0,0,0,0,0,0,0,0,0,0,0,0,0,0,2,2,0,2,0,0,0,0,0,2,2,2,0,2,3,2,3,3,1,1,3,1,2,2,0,0,0,0,0,0,0,2,2,2,2,3,1,5,2,2,5,0,4,2,0,0,0,0,2,3,5,2,0,0,0,0,0,0,0,0,0,0,0,0,0,0,0,0,0,0,0,0,0,0,0,0,0,0,0,0,0,0,0,0,0,0,0,0,0,0,0,0,0,0,0,0,0,0,0,0,0,0,0,0,0,0,0,0,0,0,0,0,0,0,0,0,0,0,0,0,0,0,0,0,0,0,0,0,0,0,0,0,0,0,0,0,0,0,0,0,0,0,0,0,0,0,0,0,2,1,1,3,2,3,2,2,5,1,5,5,2,1,4,3,0,0,0,0,0,0,0,0,0,0,0,0,0,0,0,0,0,0,0,0,0,0,0,0,0,0,0,0,0,0,0,0,0,0,0,0,0,0,0,0,0,0,0,0,0,0,0,0,0,0,0,0,0,0,0,0,0,0,0,0,0,0,0,0,0,0,0,0,0,0,0,0,0,0,0,0,0,0,0,0,0,0,0,0,0,0,0,0,0,0,0,0,0,0,0,0,0,0,0,0,0,0,0,0,0,0,0,0,0,0,0,0,0,0,0,0,0,0,0,0,0,0,0,0,0,0,0,0,0,0,0,0,0,0,0,0,0,0,0,0,0,0,0,0,0,0,0,0,0,0,0,0,0,0,0,0,0,0,0,0,0,0,0,0,0,0,0,0,0,0,0,0,0,0,0,0,0,0,0,0,0,0,0,0,0,0,0,0,0,0,0,0,0,0,0,0,0,0,0,0,0,0,0,0,0,0,0,0,0,0,0,0,0,0,0,0,0,0,0,0,0,0,0,0,0,0,0,0,0,0,0,0,0,0,0,0,0,0,0,0,0,0,0,0,0,0,0,0,0,0,0,0,0,0,0,0,0,0,0,0,0,0,0,0,0,0,0,0,0,0,0,0,0,0,0,0,0,0,0,0,0,0,0,0,3,2,3,5,5,3,3,3,3,3,2,2,2,3,5,5,3,0,0,0,0,0,0,0,0,0,0,0,0,0,0,0,0,0,0,0,0,0,0,0,0,0,0,0,0,0,0,0,0,0,0,0,0,0,0,0,0,0,0,0,0,0,0,0,0,0,0,0,0,0,0,0,0,0,0,0,0,0,0,0,0,0,0,0,0,0,0,0,0,0,0,0,0,0,0,0,0,0,0,0,0,0,0,0,0,0,0,0,0,0,0,0,0,0,0,0,0,0,0,0,0,0,0,0,0,0,0,0,0,0,0,0,0,0,0,0,0,0,0,0,0,0,0,0,0,0,3,3,3,5,3,1,3,3,1,3,3,2,0,0,0,0,0,0,0,0,0,0,0,0,0,0,0,0,0,0,0,0,0,0,0,0,0,0,0,0,0,0,0,0,0,0,0,0,0,0,0,0,0,0,0,0,0,0,0,0,0,0,0,0,0,0,0,0,1.083110809326172,-5.654402256011963,-5.519717216491699,8.949264526367188,5.428832054138184,-16.10492706298828,-30.63309669494629,-5.858489513397217,27.579816818237305,-3.402947187423706,1.5007128715515137,21.03565216064453,-3.556175947189331,13.170971870422363,-32.143367767333984,-0.6316502094268799,24.428600311279297,-27.149980545043945,-28.890966415405277,33.71757507324219,7.17840051651001,18.42180061340332,58.35041046142578,16.40717124938965,-18.31207656860352,6.627115726470947,-14.58584976196289,-38.69636917114258,2.9619481563568115,-11.395727157592772,22.271005630493164,-10.605220794677734,-15.874999046325684,-2.8128557205200195,-1.4264180660247805,9.387925148010254,4.584797382354736,-1.7801166772842407,21.602996826171875,20.05402183532715,1.0628409385681152,-0.0390553325414657,-7.435188293457031,-10.258270263671877,-27.609493255615234,18.003376007080078,10.911041259765623,38.331302642822266,-9.87796401977539,2.8869707584381104,12.104429244995115,-25.16092109680176,0.2429617792367935,-22.191200256347656,-31.39463424682617,-23.09149169921875,-13.742116928100586,11.98375415802002,6.182424545288086,9.073800086975098,2.2798805236816406,-18.249420166015625,-16.43992805480957,11.496581077575684,-43.40756988525391,3.435194253921509,20.309024810791016,10.366415977478027,-17.20785140991211,-0.8232765793800354,-7.88381290435791,10.539155006408691,16.304338455200195,-30.84906005859375,-5.068796634674072,7.1994733810424805,-28.26821517944336,2.42512321472168,7.388833522796631,3.429832220077514,18.50980758666992,1.6082290410995483,-10.745687484741213,-38.42985534667969,16.35740852355957,-10.973913192749023,-13.086105346679688,3.5239851474761963,8.512986183166504,-2.5748612880706787,8.90893268585205,14.442763328552246,16.7528018951416,9.962891578674316,5.311196804046631,-3.823655366897583,20.740964889526367,10.36307144165039,17.864530563354492,-7.032437324523926,-9.344162940979004,-21.84484100341797,-23.888751983642575,-14.785773277282717,12.844182014465332,-31.11334609985352,-15.167295455932615,12.687173843383787,8.053534507751465,-19.29303359985352,-23.9144229888916,16.238571166992188,12.382804870605469,-12.970036506652832,-2.678802728652954,-10.56999969482422,18.588001251220703,23.78618431091309,-4.1090593338012695,7.211763858795166,-16.572933197021484,13.767529487609863,-3.7321951389312735,31.533788681030277,0.9534595012664796,-35.06074905395508,-31.9848575592041,2.21066689491272,-14.800064086914062,1.2868170738220217,0.4430919885635376,-4.111856937408447,15.552038192749023,41.80662155151367,4.031634330749512,32.884483337402344,3.147849798202514,-7.138601779937744,19.3781795501709,-13.985175132751465,25.494224548339844,0.5981495380401611,-9.189221382141112,-3.380805969238281,17.594823837280273,6.814260482788086,7.316471576690674,6.078828811645508,13.85585117340088,34.490928649902344,-2.585501194000244,16.16975212097168,18.572059631347656,-23.63872718811035,-4.91068172454834,0.4917859137058258,-17.31052589416504,-7.988707065582275,0.7990156412124634,-19.435903549194336,4.987288475036621,12.456376075744627,-13.812532424926758,6.539063930511475,15.434419631958008,-26.0561637878418,11.255585670471191,-8.603747367858887,3.854312658309937,17.2265682220459,-14.42469882965088,-21.440689086914062,37.8796501159668,-7.560524940490723,12.256526947021484,-1.8563592433929443,13.469480514526367,-5.992423534393311,-15.082849502563477,24.37986946105957,-14.85492706298828,25.430376052856445,-0.7192567586898804,29.157493591308597,12.801904678344728,-11.553945541381836,2.2675278186798096,2.921725034713745,-7.85651683807373,-17.994028091430664,2.113453865051269,-7.657537937164307,-16.898435592651367,5.436291217803955,13.677860260009766,5.657810211181641,-1.485679030418396,-27.906530380249023,-7.843258380889893,-9.22091293334961,-0.3462316393852234,-5.800690650939941,10.814971923828123,-6.212035655975342,-4.089540481567383,-4.999522686004639,33.13701629638672,27.84772109985352,27.161378860473636,-15.292523384094238,33.39198684692383,-0.8042120337486267,32.927146911621094,-14.760167121887209,13.769762992858888,0.1635539233684539,14.499526023864746,10.788237571716309,-11.097393035888672,16.212968826293945,11.94328784942627,-20.581113815307617,-8.859045028686523,0.2830566763877868,7.578017711639404,-14.004389762878418,-3.601292848587036,-0.0334042385220527,14.028679847717283,-28.24257469177246,5.8581953048706055,-5.111628532409668,-21.808767318725582,-25.692611694335938,3.3616886138916016,-25.703096389770508,-6.795939922332764,-9.89174461364746,-8.364047050476074,30.836688995361328,17.469236373901367,-24.511062622070312,17.67328453063965,-7.333751201629639,-4.778502941131592,23.441007614135746,-43.96881866455078,-15.274303436279297,3.2497828006744385,9.006863594055176,-48.369850158691406,10.141020774841309,9.032940864562988,-4.57889986038208,-25.40777587890625,16.009946823120117,4.299879550933838,-18.24493789672852,31.50951766967773,-25.05740547180176,-9.94764232635498,12.329578399658203,2.6082329750061035,17.35220718383789,-3.2104268074035645,-24.51035499572754,-13.113032341003418,3.1421210765838623,6.515669822692871,-21.125232696533203,-0.0190049484372138,12.15307903289795,-13.526615142822266,4.832535266876221,-0.3397322297096252,-19.84964942932129,-9.775336265563965,-10.084156036376951,-11.134897232055664,19.638864517211918,-15.30758285522461,-18.08613586425781,-25.99291229248047,-15.555888175964355,-11.173978805541992,12.932226181030272,1.5704933404922483,-2.80398178100586,-13.15476131439209,-8.908056259155273,6.780351638793945,32.369712829589844,15.438190460205078,10.51778793334961,-27.693302154541016,-18.693483352661133,-13.472288131713867,-22.388072967529297,-41.989051818847656,-3.828084707260132,1.0,-0.2218487496163563
OXYR_HUMAN,CHEMBL2113200,CN(C)CCCOc1ccc(S(=O)(=O)N(CC(=O)NNC2=c3cnccc3=NC2=O)c2ccc(Cl)cc2)cc1,0,0,0,0,0,0,0,0,0,0,0,0,0,0,0,0,0,0,0,0,0,0,0,0,0,0,0,0,0,0,0,0,0,0,0,0,0,0,0,0,0,0,0,0,0,0,0,0,0,0,0,0,0,0,0,0,0,0,0,0,0,0,0,0,0,0,0,0,0,0,0,0,0,0,0,0,0,0,0,0,0,0,0,0,0,0,0,0,0,0,0,0,0,0,0,0,0,0,0,0,0,0,0,0,0,0,0,0,0,0,0,0,0,0,0,0,0,0,0,0,0,0,0,0,0,0,0,0,0,0,0,0,0,0,0,0,0,0,0,0,0,0,0,0,0,0,0,0,0,0,0,0,0,0,0,0,0,0,0,0,0,0,0,0,0,0,0,0,0,0,0,0,0,0,0,0,0,0,0,0,0,0,0,0,0,2,4,1,2,2,2,2,3,2,3,2,4,2,2,3,2,0,0,0,0,0,0,0,0,0,0,0,0,0,0,0,0,3,2,2,1,0,0,0,0,0,0,0,0,0,0,0,0,0,0,0,0,0,1,1,2,4,1,3,0,0,0,0,0,0,0,0,0,0,0,5,3,0,0,0,0,0,0,0,0,0,0,0,0,0,0,0,0,0,0,0,0,0,0,0,0,0,0,0,0,0,0,0,0,0,0,0,0,0,0,0,0,0,0,0,0,0,0,0,0,0,0,0,0,0,0,0,0,0,0,0,0,0,0,0,0,0,0,0,0,0,0,0,0,0,0,0,0,0,0,0,0,0,0,0,0,0,0,0,0,0,0,0,0,0,0,0,0,0,0,0,0,0,0,0,0,0,0,0,0,0,0,0,0,0,0,0,0,0,0,0,0,0,0,0,0,0,0,0,0,0,0,0,0,0,0,0,0,0,0,0,0,0,0,0,0,0,0,0,0,0,0,0,0,0,0,0,0,0,0,0,0,0,0,0,0,0,0,0,0,0,0,0,0,0,0,0,0,2,1,1,1,5,5,3,0,0,0,0,0,0,0,0,0,0,0,0,0,0,0,0,0,0,0,0,0,0,0,0,0,0,0,0,0,0,0,0,0,0,0,0,0,0,0,0,0,0,0,0,0,0,0,0,0,0,0,0,0,0,0,0,0,0,0,0,0,0,0,0,0,0,0,0,0,0,0,0,0,0,0,0,0,0,0,0,0,0,0,0,0,0,0,0,0,0,0,0,0,0,0,0,0,0,0,0,0,0,0,0,0,0,0,0,0,0,0,0,0,0,0,0,0,0,0,0,0,0,0,0,0,0,0,0,0,0,0,0,0,0,0,0,0,0,0,0,0,0,0,0,0,0,0,0,0,4,2,2,2,5,2,4,2,0,0,0,0,0,0,0,0,0,0,0,0,0,0,0,0,0,2,2,2,1,2,0,2,2,0,0,0,0,0,0,0,0,0,0,0,2,2,2,2,3,1,3,2,1,0,0,0,0,0,0,2,2,2,2,2,0,0,5,0,0,0,0,3,3,0,0,0,0,0,0,0,0,0,0,0,5,3,5,5,0,0,0,0,0,3,0,0,0,0,0,0,0,5,2,2,2,2,2,5,0,0,0,0,0,0,0,0,0,0,0,0,0,0,0,5,2,3,0,2,2,4,0,0,0,0,0,0,0,0,0,0,0,0,0,0,0,0,0,0,0,0,0,0,0,0,0,0,0,0,0,0,0,0,2,2,2,2,2,2,3,2,2,0,0,0,0,0,0,0,0,0,0,0,0,0,0,0,0,0,0,0,0,0,0,0,0,1,3,2,2,0,0,0,0,0,0,0,0,0,0,0,0,0,0,0,0,0,0,0,0,0,0,0,0,0,0,0,0,0,2,4,2,3,2,5,2,2,1,0,1,4,2,0,0,0,0,0,2,1,0,0,0,0,0,0,0,0,0,0,0,0,0,0,0,0,0,0,0,0,0,0,0,0,0,0,0,0,0,0,0,0,0,0,0,0,0,0,0,0,0,0,0,0,0,0,0,5,0,2,2,5,0,2,2,3,2,2,1,2,2,2,0,0,0,3,3,2,2,0,0,0,0,0,0,0,0,0,0,0,0,2,2,0,0,0,0,0,0,0,0,0,0,0,0,0,0,0,0,0,0,0,0,0,0,0,0,0,0,0,0,0,0,0,2,2,3,2,4,5,0,0,0,0,0,0,0,0,0,0,0,0,0,0,0,0,0,0,0,0,0,0,0,0,0,0,0,0,0,0,0,0,0,0,1,0,0,0,0,0,0,0,0,0,0,0,0,0,0,0,0,0,0,0,0,0,0,0,0,0,0,2,2,0,0,0,0,0,0,2,0,1,3,1,2,0,0,0,0,0,0,0,0,0,0,0,0,0,0,0,0,0,0,0,0,0,0,0,0,0,0,0,0,5,3,0,0,0,0,2,5,5,0,0,5,3,0,0,0,0,0,0,0,0,0,0,0,0,0,0,0,4,5,0,0,0,0,2,2,2,0,0,0,0,2,2,3,2,2,0,0,0,1,1,2,2,2,3,0,0,2,1,3,2,5,0,0,0,0,0,0,0,0,0,0,0,0,2,2,3,0,0,0,0,0,0,0,0,0,0,0,0,0,0,0,0,0,0,0,0,0,0,0,0,0,0,0,0,0,0,0,0,0,0,0,0,0,0,0,2,5,0,0,0,0,4,0,0,0,0,0,0,0,0,0,0,0,0,0,0,0,0,0,0,0,0,0,0,0,0,0,0,0,0,0,0,0,0,0,0,0,0,0,0,0,0,0,0,0,0,0,0,0,0,0,0,0,0,0,0,0,0,0,0,0,0,0,0,0,0,0,0,0,0,0,0,0,0,0,0,0,0,0,0,0,0,0,0,0,0,0,0,0,0,0,0,0,0,0,2,2,0,0,4,1,2,2,4,0,0,0,0,0,1,2,2,2,0,0,0,0,0,0,0,0,0,0,0,0,0,0,0,0,0,0,0,0,0,0,0,0,0,0,0,0,0,0,0,0,0,0,0,0,0,0,0,0,0,0,0,2,2,0,0,0,0,0,0,0,0,0,0,0,0,0,0,0,0,3,1,2,1,1,0,0,0,0,5,0,0,0,0,0,0,0,2,2,0,0,0,0,0,0,0,0,2,3,2,2,0,0,0,3,2,2,2,2,0,2,2,1,2,2,0,2,2,0,0,0,0,0,0,0,0,0,0,0,0,0,0,0,0,0,0,2,2,1,0,0,0,0,0,0,0,0,0,0,0,0,0,0,0,0,2,1,2,2,3,2,0,0,0,0,0,0,0,5,2,0,0,0,0,0,0,0,0,0,0,0,0,0,0,0,0,2,3,0,0,0,0,0,0,0,0,0,0,0,0,0,0,0,0,0,0,0,0,0,0,0,0,0,0,0,0,0,0,0,0,0,0,0,0,0,0,0,0,0,0,0,3,2,5,2,0,0,0,0,0,0,0,0,0,0,0,0,0,0,0,0,0,0,0,0,0,0,0,0,0,0,0,0,0,0,0,0,0,0,0,0,0,0,0,0,0,0,0,0,0,0,0,0,0,0,0,0,0,0,0,0,0,0,0,0,0,0,0,0,0,0,0,0,0,0,0,0,0,0,0,0,0,0,0,0,0,0,0,0,0,0,0,0,0,0,0,0,0,0,0,0,0,0,0,0,0,0,0,0,0,0,0,0,0,0,0,0,0,0,0,0,0,0,0,0,0,0,0,0,0,0,0,0,0,0,0,0,0,0,0,0,0,0,0,5,3,2,2,2,2,2,2,4,2,1,4,1,2,2,2,1,4,1,1,5,2,2,2,2,5,2,3,3,2,5,2,2,3,5,0,0,0,0,0,0,0,0,0,0,0,0,0,0,0,0,0,0,0,0,0,0,0,2,5,2,5,3,2,0,0,0,0,0,0,0,0,5,0,0,0,2,3,2,2,2,2,0,0,0,0,0,2,2,2,2,2,0,0,0,1,2,3,1,2,2,2,0,0,0,0,0,2,3,2,2,3,2,2,4,2,0,0,0,0,0,0,0,0,3,2,1,5,4,2,0,0,0,0,3,0,0,0,0,0,0,0,0,0,0,0,0,0,0,0,0,0,2,0,0,2,0,0,0,0,0,0,0,0,0,0,0,0,0,0,0,0,0,0,0,0,0,0,0,0,0,0,0,0,0,0,0,0,0,0,0,0,0,0,0,0,0,0,0,0,0,0,0,0,0,0,0,0,0,0,0,0,0,0,0,0,0,0,0,0,0,0,0,0,0,0,0,0,0,0,0,0,0,2,2,0,2,0,0,0,0,0,2,2,2,0,2,3,2,3,3,1,1,3,1,2,2,0,0,0,0,0,0,0,2,2,2,2,3,1,5,2,2,5,0,4,2,0,0,0,0,2,3,5,2,0,0,0,0,0,0,0,0,0,0,0,0,0,0,0,0,0,0,0,0,0,0,0,0,0,0,0,0,0,0,0,0,0,0,0,0,0,0,0,0,0,0,0,0,0,0,0,0,0,0,0,0,0,0,0,0,0,0,0,0,0,0,0,0,0,0,0,0,0,0,0,0,0,0,0,0,0,0,0,0,0,0,0,0,0,0,0,0,0,0,0,0,0,0,0,0,2,1,1,3,2,3,2,2,5,1,5,5,2,1,4,3,0,0,0,0,0,0,0,0,0,0,0,0,0,0,0,0,0,0,0,0,0,0,0,0,0,0,0,0,0,0,0,0,0,0,0,0,0,0,0,0,0,0,0,0,0,0,0,0,0,0,0,0,0,0,0,0,0,0,0,0,0,0,0,0,0,0,0,0,0,0,0,0,0,0,0,0,0,0,0,0,0,0,0,0,0,0,0,0,0,0,0,0,0,0,0,0,0,0,0,0,0,0,0,0,0,0,0,0,0,0,0,0,0,0,0,0,0,0,0,0,0,0,0,0,0,0,0,0,0,0,0,0,0,0,0,0,0,0,0,0,0,0,0,0,0,0,0,0,0,0,0,0,0,0,0,0,0,0,0,0,0,0,0,0,0,0,0,0,0,0,0,0,0,0,0,0,0,0,0,0,0,0,0,0,0,0,0,0,0,0,0,0,0,0,0,0,0,0,0,0,0,0,0,0,0,0,0,0,0,0,0,0,0,0,0,0,0,0,0,0,0,0,0,0,0,0,0,0,0,0,0,0,0,0,0,0,0,0,0,0,0,0,0,0,0,0,0,0,0,0,0,0,0,0,0,0,0,0,0,0,0,0,0,0,0,0,0,0,0,0,0,0,0,0,0,0,0,0,0,0,0,0,0,0,3,2,3,5,5,3,3,3,3,3,2,2,2,3,5,5,3,0,0,0,0,0,0,0,0,0,0,0,0,0,0,0,0,0,0,0,0,0,0,0,0,0,0,0,0,0,0,0,0,0,0,0,0,0,0,0,0,0,0,0,0,0,0,0,0,0,0,0,0,0,0,0,0,0,0,0,0,0,0,0,0,0,0,0,0,0,0,0,0,0,0,0,0,0,0,0,0,0,0,0,0,0,0,0,0,0,0,0,0,0,0,0,0,0,0,0,0,0,0,0,0,0,0,0,0,0,0,0,0,0,0,0,0,0,0,0,0,0,0,0,0,0,0,0,0,0,3,3,3,5,3,1,3,3,1,3,3,2,0,0,0,0,0,0,0,0,0,0,0,0,0,0,0,0,0,0,0,0,0,0,0,0,0,0,0,0,0,0,0,0,0,0,0,0,0,0,0,0,0,0,0,0,0,0,0,0,0,0,0,0,0,0,0,0,2.286202907562256,-5.091817855834961,-5.375767230987549,7.364128589630127,4.100076675415039,0.9352251887321472,-16.73847198486328,0.4345245659351349,12.904027938842772,5.982099533081055,-6.117006301879883,0.8124443292617798,-13.52492618560791,1.7291364669799805,-9.0134859085083,0.1753876507282257,5.167175769805908,-8.537095069885254,-6.625700950622559,10.47669792175293,-0.2088965475559234,8.690454483032227,24.041942596435547,8.789738655090332,-11.825987815856934,-1.5878831148147583,-1.1849209070205688,-12.39734935760498,4.698747158050537,1.2446995973587036,15.057266235351562,-10.382383346557615,-4.8986430168151855,-9.854909896850586,4.629286766052246,-0.3559954166412353,0.2727914154529571,2.598909378051758,11.7704496383667,5.826594829559326,0.2365032434463501,-2.120769500732422,-9.668180465698242,-0.7365331649780273,-15.547799110412598,4.260235786437988,-0.993039608001709,12.158024787902832,-10.052985191345217,3.9761571884155273,10.028303146362305,-11.009937286376951,-5.556158065795898,-12.417835235595703,-10.405678749084473,-10.138449668884276,-2.5323116779327397,2.571504592895508,6.278453826904297,4.220653533935547,-1.2479469776153564,-10.266883850097656,-3.3127858638763428,6.368578433990479,-19.78819465637207,-1.474094271659851,11.489888191223145,3.8759613037109375,-5.370154857635498,2.19094467163086,-8.502010345458984,1.1123086214065552,10.160334587097168,-11.299201965332031,-3.744589328765869,8.182402610778809,-9.232104301452637,3.4251558780670166,-0.628428041934967,4.450047016143799,9.23012351989746,-2.20415997505188,-9.374883651733398,-15.146916389465332,1.6553826332092283,-0.0230876021087169,-8.846323013305664,7.838345527648926,4.075294494628906,-0.6086285710334778,6.929599761962891,4.847183704376221,5.275449752807617,13.887887954711914,2.2507991790771484,-2.1373629570007324,2.996327638626098,2.113430976867676,8.493378639221191,2.076343297958374,-7.291558742523193,-11.31081771850586,-8.541160583496094,-13.940104484558104,3.1090474128723145,-7.513030052185059,-5.662081718444824,3.9725494384765625,1.4952094554901123,-9.983560562133787,-20.502490997314453,3.6033973693847656,4.3799543380737305,-0.5864959955215454,0.5963290929794312,-6.37700080871582,9.209906578063965,10.895686149597168,-3.933143615722656,8.76993179321289,-16.905048370361328,1.5812443494796753,-6.277428150177002,8.057515144348145,7.555497646331787,-12.715132713317873,-17.284273147583008,-1.622629165649414,-1.3136444091796875,2.114255905151367,-2.5458786487579346,2.936535596847534,11.115397453308104,17.125211715698242,-1.9563007354736328,17.023332595825195,15.189014434814451,1.8356813192367556,14.61647605895996,-4.230975151062012,13.608795166015623,-2.0443365573883057,-0.427062451839447,1.019233465194702,15.015166282653809,10.104814529418944,4.840171813964844,3.04826021194458,3.464869499206543,12.286663055419922,10.125353813171388,4.810431957244873,9.471370697021484,-4.979489803314209,-2.614299058914185,4.933300971984863,-8.132110595703125,-8.182295799255371,5.968213081359863,-9.901927947998049,-4.485641002655029,-1.5041559934616089,-9.979782104492188,3.9722981452941895,3.357940912246704,-8.908284187316895,0.4575450420379638,-6.537907600402832,0.9354231357574464,9.24747371673584,-11.333678245544434,-3.7295384407043457,17.83640480041504,-7.148681640625,0.2082743197679519,3.330340623855591,7.284582614898682,-3.12338662147522,-7.639106273651123,17.49691390991211,-5.413806915283203,10.464312553405762,-2.0785419940948486,11.396466255187988,11.964757919311523,-4.996777057647705,-2.726357698440552,-1.6147502660751345,-11.788689613342283,-4.938113689422607,-1.107733964920044,-0.9171253442764282,-1.0839266777038574,0.6934158802032471,3.7477777004241934,0.106272779405117,-5.15893030166626,-14.35517406463623,-2.208695650100708,0.6772437691688538,3.950821876525879,1.4815565347671509,11.317571640014648,1.9130645990371704,3.94106125831604,-6.113291263580322,19.881898880004883,7.52939510345459,14.56330680847168,-4.009105682373047,18.750795364379883,-4.31951904296875,7.596303939819336,-5.533995628356934,4.665942668914795,5.178977012634277,5.863595962524414,6.147584438323975,-9.008852005004885,6.928582191467285,1.934935450553894,-10.784749984741213,-2.058248281478882,1.9813127517700195,3.694112539291382,-3.5906851291656494,-1.8960598707199097,3.143507719039917,11.726045608520508,-14.003209114074709,5.340618133544922,-2.8345015048980717,-12.093147277832031,-16.135488510131836,-5.514718532562256,-5.297553539276123,-3.720383405685425,-2.575771808624268,-5.397423267364502,11.639606475830078,4.14545202255249,-1.1086719036102295,5.042753219604492,0.0448068939149379,-4.494455337524414,5.465721607208252,-17.342147827148438,-9.931750297546388,-0.4796951115131378,-9.63239860534668,-22.15250587463379,3.370873212814331,-3.029999017715454,-0.2745466828346252,-17.05035400390625,0.0489600747823715,3.777897834777832,-14.94777011871338,11.559833526611328,-9.839237213134766,-4.602523326873779,9.049351692199709,5.935300827026367,14.932170867919922,4.132853984832764,-8.040923118591309,-10.007826805114746,6.563779830932617,3.119354248046875,-9.427085876464844,-2.297970056533813,5.788080215454102,-0.9434376955032348,6.569830417633057,-0.3181833326816559,-9.507386207580566,-2.655674457550049,-5.112664699554443,-1.2368178367614746,-1.515041708946228,-10.1051664352417,-8.13399600982666,-22.072917938232425,-7.940268039703369,1.771568775177002,2.2579169273376465,2.464895486831665,-1.9139933586120603,-8.212007522583008,-2.527848958969116,0.6935131549835205,15.827285766601562,17.49867820739746,3.496803045272827,-13.607476234436035,-2.8855464458465576,-8.274097442626953,-6.352181434631348,-16.258052825927734,-5.3132100105285645,-1.0,2.060697840353612
OXYR_HUMAN,CHEMBL3354582,CCCCN(CC(=O)NC(CC(C)C)C(=O)NCC(N)=O)C(=O)C1CCSCCC(=O)NC(Cc2ccc(O)cc2)C(=O)NC(C(C)CC)C(=O)NC(CCC(N)=O)C(=O)NC(CC(N)=O)C(=O)N1,0,0,0,0,0,0,0,0,0,0,0,0,0,0,0,0,0,0,0,0,0,0,0,0,0,0,0,0,0,0,0,0,0,0,0,0,0,0,0,0,0,0,0,0,0,0,0,0,0,0,0,0,0,0,0,0,0,0,0,0,0,0,0,0,0,0,0,0,0,0,0,0,0,0,0,0,0,0,0,0,0,0,0,0,0,0,0,0,0,0,0,0,0,0,0,0,0,0,0,0,0,0,0,0,0,0,0,0,0,0,0,0,0,0,0,0,0,0,0,0,0,0,0,0,0,0,0,0,0,0,0,0,0,0,0,0,0,0,0,0,0,0,0,0,0,0,0,0,0,0,0,0,0,0,0,0,0,0,0,0,0,0,0,0,0,0,0,0,0,0,0,0,0,0,0,0,0,0,0,0,0,0,0,0,0,2,4,1,2,2,2,2,3,2,3,2,4,2,2,3,2,0,0,0,0,0,0,0,0,0,0,0,0,0,0,0,0,3,2,2,1,0,0,0,0,0,0,0,0,0,0,0,0,0,0,0,0,0,1,1,2,4,1,3,0,0,0,0,0,0,0,0,0,0,0,5,3,0,0,0,0,0,0,0,0,0,0,0,0,0,0,0,0,0,0,0,0,0,0,0,0,0,0,0,0,0,0,0,0,0,0,0,0,0,0,0,0,0,0,0,0,0,0,0,0,0,0,0,0,0,0,0,0,0,0,0,0,0,0,0,0,0,0,0,0,0,0,0,0,0,0,0,0,0,0,0,0,0,0,0,0,0,0,0,0,0,0,0,0,0,0,0,0,0,0,0,0,0,0,0,0,0,0,0,0,0,0,0,0,0,0,0,0,0,0,0,0,0,0,0,0,0,0,0,0,0,0,0,0,0,0,0,0,0,0,0,0,0,0,0,0,0,0,0,0,0,0,0,0,0,0,0,0,0,0,0,0,0,0,0,0,0,0,0,0,0,0,0,0,0,0,0,0,2,1,1,1,5,5,3,0,0,0,0,0,0,0,0,0,0,0,0,0,0,0,0,0,0,0,0,0,0,0,0,0,0,0,0,0,0,0,0,0,0,0,0,0,0,0,0,0,0,0,0,0,0,0,0,0,0,0,0,0,0,0,0,0,0,0,0,0,0,0,0,0,0,0,0,0,0,0,0,0,0,0,0,0,0,0,0,0,0,0,0,0,0,0,0,0,0,0,0,0,0,0,0,0,0,0,0,0,0,0,0,0,0,0,0,0,0,0,0,0,0,0,0,0,0,0,0,0,0,0,0,0,0,0,0,0,0,0,0,0,0,0,0,0,0,0,0,0,0,0,0,0,0,0,0,0,4,2,2,2,5,2,4,2,0,0,0,0,0,0,0,0,0,0,0,0,0,0,0,0,0,2,2,2,1,2,0,2,2,0,0,0,0,0,0,0,0,0,0,0,2,2,2,2,3,1,3,2,1,0,0,0,0,0,0,2,2,2,2,2,0,0,5,0,0,0,0,3,3,0,0,0,0,0,0,0,0,0,0,0,5,3,5,5,0,0,0,0,0,3,0,0,0,0,0,0,0,5,2,2,2,2,2,5,0,0,0,0,0,0,0,0,0,0,0,0,0,0,0,5,2,3,0,2,2,4,0,0,0,0,0,0,0,0,0,0,0,0,0,0,0,0,0,0,0,0,0,0,0,0,0,0,0,0,0,0,0,0,2,2,2,2,2,2,3,2,2,0,0,0,0,0,0,0,0,0,0,0,0,0,0,0,0,0,0,0,0,0,0,0,0,1,3,2,2,0,0,0,0,0,0,0,0,0,0,0,0,0,0,0,0,0,0,0,0,0,0,0,0,0,0,0,0,0,2,4,2,3,2,5,2,2,1,0,1,4,2,0,0,0,0,0,2,1,0,0,0,0,0,0,0,0,0,0,0,0,0,0,0,0,0,0,0,0,0,0,0,0,0,0,0,0,0,0,0,0,0,0,0,0,0,0,0,0,0,0,0,0,0,0,0,5,0,2,2,5,0,2,2,3,2,2,1,2,2,2,0,0,0,3,3,2,2,0,0,0,0,0,0,0,0,0,0,0,0,2,2,0,0,0,0,0,0,0,0,0,0,0,0,0,0,0,0,0,0,0,0,0,0,0,0,0,0,0,0,0,0,0,2,2,3,2,4,5,0,0,0,0,0,0,0,0,0,0,0,0,0,0,0,0,0,0,0,0,0,0,0,0,0,0,0,0,0,0,0,0,0,0,1,0,0,0,0,0,0,0,0,0,0,0,0,0,0,0,0,0,0,0,0,0,0,0,0,0,0,2,2,0,0,0,0,0,0,2,0,1,3,1,2,0,0,0,0,0,0,0,0,0,0,0,0,0,0,0,0,0,0,0,0,0,0,0,0,0,0,0,0,5,3,0,0,0,0,2,5,5,0,0,5,3,0,0,0,0,0,0,0,0,0,0,0,0,0,0,0,4,5,0,0,0,0,2,2,2,0,0,0,0,2,2,3,2,2,0,0,0,1,1,2,2,2,3,0,0,2,1,3,2,5,0,0,0,0,0,0,0,0,0,0,0,0,2,2,3,0,0,0,0,0,0,0,0,0,0,0,0,0,0,0,0,0,0,0,0,0,0,0,0,0,0,0,0,0,0,0,0,0,0,0,0,0,0,0,2,5,0,0,0,0,4,0,0,0,0,0,0,0,0,0,0,0,0,0,0,0,0,0,0,0,0,0,0,0,0,0,0,0,0,0,0,0,0,0,0,0,0,0,0,0,0,0,0,0,0,0,0,0,0,0,0,0,0,0,0,0,0,0,0,0,0,0,0,0,0,0,0,0,0,0,0,0,0,0,0,0,0,0,0,0,0,0,0,0,0,0,0,0,0,0,0,0,0,0,2,2,0,0,4,1,2,2,4,0,0,0,0,0,1,2,2,2,0,0,0,0,0,0,0,0,0,0,0,0,0,0,0,0,0,0,0,0,0,0,0,0,0,0,0,0,0,0,0,0,0,0,0,0,0,0,0,0,0,0,0,2,2,0,0,0,0,0,0,0,0,0,0,0,0,0,0,0,0,3,1,2,1,1,0,0,0,0,5,0,0,0,0,0,0,0,2,2,0,0,0,0,0,0,0,0,2,3,2,2,0,0,0,3,2,2,2,2,0,2,2,1,2,2,0,2,2,0,0,0,0,0,0,0,0,0,0,0,0,0,0,0,0,0,0,2,2,1,0,0,0,0,0,0,0,0,0,0,0,0,0,0,0,0,2,1,2,2,3,2,0,0,0,0,0,0,0,5,2,0,0,0,0,0,0,0,0,0,0,0,0,0,0,0,0,2,3,0,0,0,0,0,0,0,0,0,0,0,0,0,0,0,0,0,0,0,0,0,0,0,0,0,0,0,0,0,0,0,0,0,0,0,0,0,0,0,0,0,0,0,3,2,5,2,0,0,0,0,0,0,0,0,0,0,0,0,0,0,0,0,0,0,0,0,0,0,0,0,0,0,0,0,0,0,0,0,0,0,0,0,0,0,0,0,0,0,0,0,0,0,0,0,0,0,0,0,0,0,0,0,0,0,0,0,0,0,0,0,0,0,0,0,0,0,0,0,0,0,0,0,0,0,0,0,0,0,0,0,0,0,0,0,0,0,0,0,0,0,0,0,0,0,0,0,0,0,0,0,0,0,0,0,0,0,0,0,0,0,0,0,0,0,0,0,0,0,0,0,0,0,0,0,0,0,0,0,0,0,0,0,0,0,0,5,3,2,2,2,2,2,2,4,2,1,4,1,2,2,2,1,4,1,1,5,2,2,2,2,5,2,3,3,2,5,2,2,3,5,0,0,0,0,0,0,0,0,0,0,0,0,0,0,0,0,0,0,0,0,0,0,0,2,5,2,5,3,2,0,0,0,0,0,0,0,0,5,0,0,0,2,3,2,2,2,2,0,0,0,0,0,2,2,2,2,2,0,0,0,1,2,3,1,2,2,2,0,0,0,0,0,2,3,2,2,3,2,2,4,2,0,0,0,0,0,0,0,0,3,2,1,5,4,2,0,0,0,0,3,0,0,0,0,0,0,0,0,0,0,0,0,0,0,0,0,0,2,0,0,2,0,0,0,0,0,0,0,0,0,0,0,0,0,0,0,0,0,0,0,0,0,0,0,0,0,0,0,0,0,0,0,0,0,0,0,0,0,0,0,0,0,0,0,0,0,0,0,0,0,0,0,0,0,0,0,0,0,0,0,0,0,0,0,0,0,0,0,0,0,0,0,0,0,0,0,0,0,2,2,0,2,0,0,0,0,0,2,2,2,0,2,3,2,3,3,1,1,3,1,2,2,0,0,0,0,0,0,0,2,2,2,2,3,1,5,2,2,5,0,4,2,0,0,0,0,2,3,5,2,0,0,0,0,0,0,0,0,0,0,0,0,0,0,0,0,0,0,0,0,0,0,0,0,0,0,0,0,0,0,0,0,0,0,0,0,0,0,0,0,0,0,0,0,0,0,0,0,0,0,0,0,0,0,0,0,0,0,0,0,0,0,0,0,0,0,0,0,0,0,0,0,0,0,0,0,0,0,0,0,0,0,0,0,0,0,0,0,0,0,0,0,0,0,0,0,2,1,1,3,2,3,2,2,5,1,5,5,2,1,4,3,0,0,0,0,0,0,0,0,0,0,0,0,0,0,0,0,0,0,0,0,0,0,0,0,0,0,0,0,0,0,0,0,0,0,0,0,0,0,0,0,0,0,0,0,0,0,0,0,0,0,0,0,0,0,0,0,0,0,0,0,0,0,0,0,0,0,0,0,0,0,0,0,0,0,0,0,0,0,0,0,0,0,0,0,0,0,0,0,0,0,0,0,0,0,0,0,0,0,0,0,0,0,0,0,0,0,0,0,0,0,0,0,0,0,0,0,0,0,0,0,0,0,0,0,0,0,0,0,0,0,0,0,0,0,0,0,0,0,0,0,0,0,0,0,0,0,0,0,0,0,0,0,0,0,0,0,0,0,0,0,0,0,0,0,0,0,0,0,0,0,0,0,0,0,0,0,0,0,0,0,0,0,0,0,0,0,0,0,0,0,0,0,0,0,0,0,0,0,0,0,0,0,0,0,0,0,0,0,0,0,0,0,0,0,0,0,0,0,0,0,0,0,0,0,0,0,0,0,0,0,0,0,0,0,0,0,0,0,0,0,0,0,0,0,0,0,0,0,0,0,0,0,0,0,0,0,0,0,0,0,0,0,0,0,0,0,0,0,0,0,0,0,0,0,0,0,0,0,0,0,0,0,0,0,3,2,3,5,5,3,3,3,3,3,2,2,2,3,5,5,3,0,0,0,0,0,0,0,0,0,0,0,0,0,0,0,0,0,0,0,0,0,0,0,0,0,0,0,0,0,0,0,0,0,0,0,0,0,0,0,0,0,0,0,0,0,0,0,0,0,0,0,0,0,0,0,0,0,0,0,0,0,0,0,0,0,0,0,0,0,0,0,0,0,0,0,0,0,0,0,0,0,0,0,0,0,0,0,0,0,0,0,0,0,0,0,0,0,0,0,0,0,0,0,0,0,0,0,0,0,0,0,0,0,0,0,0,0,0,0,0,0,0,0,0,0,0,0,0,0,3,3,3,5,3,1,3,3,1,3,3,2,0,0,0,0,0,0,0,0,0,0,0,0,0,0,0,0,0,0,0,0,0,0,0,0,0,0,0,0,0,0,0,0,0,0,0,0,0,0,0,0,0,0,0,0,0,0,0,0,0,0,0,0,0,0,0,0,0.6514806747436523,-4.666369915008545,-4.977662563323975,4.901763916015625,6.99155330657959,-15.57535171508789,-29.7841911315918,-6.055779457092285,25.02198028564453,-5.524298667907715,3.43176817893982,21.413898468017575,0.2344585806131363,14.375903129577637,-32.525718688964844,-0.3297561407089233,24.0682430267334,-28.78468894958496,-29.310277938842773,33.93720245361328,6.235593318939209,16.601825714111328,57.0973014831543,16.995168685913086,-16.643281936645508,5.867945194244385,-16.748199462890625,-36.78376007080078,3.279968500137329,-12.418901443481444,18.999372482299805,-8.721986770629883,-15.480563163757324,-2.0143675804138184,-2.245513677597046,8.089151382446289,2.7158937454223637,-1.172684669494629,19.815919876098636,19.038461685180664,2.316368579864502,1.007368564605713,-5.283496856689453,-12.248286247253418,-25.95807266235352,17.562000274658203,11.58878231048584,39.57056427001953,-8.826033592224121,2.265519380569458,9.748472213745115,-26.376928329467773,1.577339768409729,-20.436798095703125,-33.18233871459961,-23.118104934692383,-12.611011505126951,13.932790756225586,3.932139396667481,8.699377059936523,1.4384231567382812,-15.29080295562744,-17.30417823791504,11.308551788330078,-41.22989273071289,2.641136407852173,18.813501358032227,10.02400016784668,-19.23825454711914,-2.9808602333068848,-6.68491268157959,11.020851135253906,14.990795135498049,-31.950096130371094,-5.122990131378174,6.007396221160889,-28.682531356811523,2.0966174602508545,7.512799263000488,1.033182978630066,19.104028701782227,1.1857398748397827,-9.564345359802246,-39.45296859741211,15.872674942016602,-9.800251007080078,-11.562747955322266,4.476928234100342,6.758454322814941,-1.778086543083191,9.193793296813965,14.321008682250977,15.77336883544922,8.996665954589844,3.699422597885132,-4.417848110198975,20.61165809631348,8.354827880859375,17.81928253173828,-8.304110527038574,-7.682612419128418,-19.920795440673828,-25.207000732421875,-12.295042037963867,11.209918975830078,-30.658567428588867,-16.9112491607666,11.914227485656738,7.324854850769043,-19.524471282958984,-20.677976608276367,16.537857055664062,11.891603469848633,-13.82925033569336,-2.1765973567962646,-10.344842910766602,16.650959014892578,22.50297164916992,-2.2772908210754395,7.390793800354004,-14.87598991394043,13.965444564819336,-2.858734607696533,31.53034210205078,0.7777937650680542,-35.59894943237305,-31.550769805908203,2.797567844390869,-14.610431671142578,1.4314719438552856,-0.5766320824623108,-3.6739442348480233,13.6785888671875,40.63560485839844,6.974020004272461,30.910837173461918,-2.20776915550232,-8.177593231201172,17.51262664794922,-12.906898498535156,25.666841506958008,0.634799063205719,-8.04379940032959,-2.899222612380981,16.123870849609375,4.295644760131836,7.618851184844971,6.321927547454834,14.465069770812988,33.27024841308594,-3.3160288333892822,17.414405822753906,15.607406616210938,-22.95119857788086,-4.686251640319824,1.0502583980560305,-16.81568717956543,-6.263123989105225,0.4397555589675903,-19.030961990356445,5.673908233642578,14.72121524810791,-11.88090991973877,6.63906717300415,15.691736221313477,-23.931224822998047,10.79861545562744,-9.64229965209961,4.866005897521973,18.342559814453125,-13.995009422302246,-19.91416549682617,36.65303039550781,-8.266535758972168,12.351407051086426,-2.3396544456481934,12.483321189880373,-5.3601579666137695,-14.443645477294922,22.901782989501957,-15.01174545288086,24.6784782409668,0.7064968943595886,29.63154602050781,9.876532554626465,-12.420841217041016,3.3899736404418945,4.157171249389648,-8.024235725402832,-16.449268341064453,3.702726602554321,-7.719167232513428,-17.029983520507812,4.168540954589844,12.332193374633787,7.450034618377685,-0.4829708635807037,-25.31381225585937,-7.69819450378418,-9.95902156829834,0.5883848667144775,-6.8000593185424805,10.965301513671877,-6.456725120544434,-6.740373611450195,-4.621919631958008,32.31182098388672,26.85394287109375,25.999120712280277,-16.566661834716797,33.385398864746094,-2.6010515689849854,33.97110748291016,-13.290492057800291,13.946063041687012,-0.0061043202877044,16.342361450195312,9.792832374572754,-11.056316375732422,15.232706069946287,11.59570026397705,-19.904237747192383,-9.984737396240234,1.7716747522354126,7.432114124298096,-13.437115669250488,-3.05756950378418,-0.9332367181777954,14.900228500366213,-26.676212310791016,5.734524726867676,-3.951683282852173,-20.722732543945312,-23.203540802001957,4.064720153808594,-26.19774436950684,-6.119245052337647,-8.74447250366211,-7.314939022064209,29.054412841796875,16.36785125732422,-26.968563079833984,18.73255920410156,-5.825549125671387,-3.594088077545166,23.44475746154785,-42.42694854736328,-14.341130256652832,1.757296442985535,11.474335670471191,-46.42599105834961,9.199841499328612,10.117509841918944,-7.521467208862305,-24.41737174987793,16.205129623413086,2.802314281463623,-17.506025314331055,31.736064910888672,-25.98390007019043,-10.896641731262209,10.547470092773438,1.342964768409729,17.617752075195312,-4.080811500549316,-24.268747329711918,-13.126627922058104,1.1627483367919922,7.56462287902832,-20.005874633789062,0.259571224451065,11.197772026062012,-14.396561622619627,4.75730562210083,-0.9735329747200012,-20.670223236083984,-9.060539245605469,-9.692150115966797,-11.401567459106444,20.070293426513672,-13.861276626586914,-16.23276138305664,-25.096912384033203,-14.55675983428955,-10.682690620422363,12.034675598144531,1.9133304357528689,-0.6258405447006226,-11.236391067504885,-9.567008972167969,6.797634601593018,30.15935516357422,14.248716354370115,11.695252418518066,-27.52202033996582,-18.84540557861328,-14.092439651489258,-23.5778751373291,-41.48323059082031,-4.364309310913086,1.0,-0.9999999999999998
OXYR_HUMAN,CHEMBL1089026,COc1ccc(N(C(=O)c2cnc(-c3ccccc3C)cn2)C(C)C)cn1,0,0,0,0,0,0,0,0,0,0,0,0,0,0,0,0,0,0,0,0,0,0,0,0,0,0,0,0,0,0,0,0,0,0,0,0,0,0,0,0,0,0,0,0,0,0,0,0,0,0,0,0,0,0,0,0,0,0,0,0,0,0,0,0,0,0,0,0,0,0,0,0,0,0,0,0,0,0,0,0,0,0,0,0,0,0,0,0,0,0,0,0,0,0,0,0,0,0,0,0,0,0,0,0,0,0,0,0,0,0,0,0,0,0,0,0,0,0,0,0,0,0,0,0,0,0,0,0,0,0,0,0,0,0,0,0,0,0,0,0,0,0,0,0,0,0,0,0,0,0,0,0,0,0,0,0,0,0,0,0,0,0,0,0,0,0,0,0,0,0,0,0,0,0,0,0,0,0,0,0,0,0,0,0,0,2,4,1,2,2,2,2,3,2,3,2,4,2,2,3,2,0,0,0,0,0,0,0,0,0,0,0,0,0,0,0,0,3,2,2,1,0,0,0,0,0,0,0,0,0,0,0,0,0,0,0,0,0,1,1,2,4,1,3,0,0,0,0,0,0,0,0,0,0,0,5,3,0,0,0,0,0,0,0,0,0,0,0,0,0,0,0,0,0,0,0,0,0,0,0,0,0,0,0,0,0,0,0,0,0,0,0,0,0,0,0,0,0,0,0,0,0,0,0,0,0,0,0,0,0,0,0,0,0,0,0,0,0,0,0,0,0,0,0,0,0,0,0,0,0,0,0,0,0,0,0,0,0,0,0,0,0,0,0,0,0,0,0,0,0,0,0,0,0,0,0,0,0,0,0,0,0,0,0,0,0,0,0,0,0,0,0,0,0,0,0,0,0,0,0,0,0,0,0,0,0,0,0,0,0,0,0,0,0,0,0,0,0,0,0,0,0,0,0,0,0,0,0,0,0,0,0,0,0,0,0,0,0,0,0,0,0,0,0,0,0,0,0,0,0,0,0,0,2,1,1,1,5,5,3,0,0,0,0,0,0,0,0,0,0,0,0,0,0,0,0,0,0,0,0,0,0,0,0,0,0,0,0,0,0,0,0,0,0,0,0,0,0,0,0,0,0,0,0,0,0,0,0,0,0,0,0,0,0,0,0,0,0,0,0,0,0,0,0,0,0,0,0,0,0,0,0,0,0,0,0,0,0,0,0,0,0,0,0,0,0,0,0,0,0,0,0,0,0,0,0,0,0,0,0,0,0,0,0,0,0,0,0,0,0,0,0,0,0,0,0,0,0,0,0,0,0,0,0,0,0,0,0,0,0,0,0,0,0,0,0,0,0,0,0,0,0,0,0,0,0,0,0,0,4,2,2,2,5,2,4,2,0,0,0,0,0,0,0,0,0,0,0,0,0,0,0,0,0,2,2,2,1,2,0,2,2,0,0,0,0,0,0,0,0,0,0,0,2,2,2,2,3,1,3,2,1,0,0,0,0,0,0,2,2,2,2,2,0,0,5,0,0,0,0,3,3,0,0,0,0,0,0,0,0,0,0,0,5,3,5,5,0,0,0,0,0,3,0,0,0,0,0,0,0,5,2,2,2,2,2,5,0,0,0,0,0,0,0,0,0,0,0,0,0,0,0,5,2,3,0,2,2,4,0,0,0,0,0,0,0,0,0,0,0,0,0,0,0,0,0,0,0,0,0,0,0,0,0,0,0,0,0,0,0,0,2,2,2,2,2,2,3,2,2,0,0,0,0,0,0,0,0,0,0,0,0,0,0,0,0,0,0,0,0,0,0,0,0,1,3,2,2,0,0,0,0,0,0,0,0,0,0,0,0,0,0,0,0,0,0,0,0,0,0,0,0,0,0,0,0,0,2,4,2,3,2,5,2,2,1,0,1,4,2,0,0,0,0,0,2,1,0,0,0,0,0,0,0,0,0,0,0,0,0,0,0,0,0,0,0,0,0,0,0,0,0,0,0,0,0,0,0,0,0,0,0,0,0,0,0,0,0,0,0,0,0,0,0,5,0,2,2,5,0,2,2,3,2,2,1,2,2,2,0,0,0,3,3,2,2,0,0,0,0,0,0,0,0,0,0,0,0,2,2,0,0,0,0,0,0,0,0,0,0,0,0,0,0,0,0,0,0,0,0,0,0,0,0,0,0,0,0,0,0,0,2,2,3,2,4,5,0,0,0,0,0,0,0,0,0,0,0,0,0,0,0,0,0,0,0,0,0,0,0,0,0,0,0,0,0,0,0,0,0,0,1,0,0,0,0,0,0,0,0,0,0,0,0,0,0,0,0,0,0,0,0,0,0,0,0,0,0,2,2,0,0,0,0,0,0,2,0,1,3,1,2,0,0,0,0,0,0,0,0,0,0,0,0,0,0,0,0,0,0,0,0,0,0,0,0,0,0,0,0,5,3,0,0,0,0,2,5,5,0,0,5,3,0,0,0,0,0,0,0,0,0,0,0,0,0,0,0,4,5,0,0,0,0,2,2,2,0,0,0,0,2,2,3,2,2,0,0,0,1,1,2,2,2,3,0,0,2,1,3,2,5,0,0,0,0,0,0,0,0,0,0,0,0,2,2,3,0,0,0,0,0,0,0,0,0,0,0,0,0,0,0,0,0,0,0,0,0,0,0,0,0,0,0,0,0,0,0,0,0,0,0,0,0,0,0,2,5,0,0,0,0,4,0,0,0,0,0,0,0,0,0,0,0,0,0,0,0,0,0,0,0,0,0,0,0,0,0,0,0,0,0,0,0,0,0,0,0,0,0,0,0,0,0,0,0,0,0,0,0,0,0,0,0,0,0,0,0,0,0,0,0,0,0,0,0,0,0,0,0,0,0,0,0,0,0,0,0,0,0,0,0,0,0,0,0,0,0,0,0,0,0,0,0,0,0,2,2,0,0,4,1,2,2,4,0,0,0,0,0,1,2,2,2,0,0,0,0,0,0,0,0,0,0,0,0,0,0,0,0,0,0,0,0,0,0,0,0,0,0,0,0,0,0,0,0,0,0,0,0,0,0,0,0,0,0,0,2,2,0,0,0,0,0,0,0,0,0,0,0,0,0,0,0,0,3,1,2,1,1,0,0,0,0,5,0,0,0,0,0,0,0,2,2,0,0,0,0,0,0,0,0,2,3,2,2,0,0,0,3,2,2,2,2,0,2,2,1,2,2,0,2,2,0,0,0,0,0,0,0,0,0,0,0,0,0,0,0,0,0,0,2,2,1,0,0,0,0,0,0,0,0,0,0,0,0,0,0,0,0,2,1,2,2,3,2,0,0,0,0,0,0,0,5,2,0,0,0,0,0,0,0,0,0,0,0,0,0,0,0,0,2,3,0,0,0,0,0,0,0,0,0,0,0,0,0,0,0,0,0,0,0,0,0,0,0,0,0,0,0,0,0,0,0,0,0,0,0,0,0,0,0,0,0,0,0,3,2,5,2,0,0,0,0,0,0,0,0,0,0,0,0,0,0,0,0,0,0,0,0,0,0,0,0,0,0,0,0,0,0,0,0,0,0,0,0,0,0,0,0,0,0,0,0,0,0,0,0,0,0,0,0,0,0,0,0,0,0,0,0,0,0,0,0,0,0,0,0,0,0,0,0,0,0,0,0,0,0,0,0,0,0,0,0,0,0,0,0,0,0,0,0,0,0,0,0,0,0,0,0,0,0,0,0,0,0,0,0,0,0,0,0,0,0,0,0,0,0,0,0,0,0,0,0,0,0,0,0,0,0,0,0,0,0,0,0,0,0,0,5,3,2,2,2,2,2,2,4,2,1,4,1,2,2,2,1,4,1,1,5,2,2,2,2,5,2,3,3,2,5,2,2,3,5,0,0,0,0,0,0,0,0,0,0,0,0,0,0,0,0,0,0,0,0,0,0,0,2,5,2,5,3,2,0,0,0,0,0,0,0,0,5,0,0,0,2,3,2,2,2,2,0,0,0,0,0,2,2,2,2,2,0,0,0,1,2,3,1,2,2,2,0,0,0,0,0,2,3,2,2,3,2,2,4,2,0,0,0,0,0,0,0,0,3,2,1,5,4,2,0,0,0,0,3,0,0,0,0,0,0,0,0,0,0,0,0,0,0,0,0,0,2,0,0,2,0,0,0,0,0,0,0,0,0,0,0,0,0,0,0,0,0,0,0,0,0,0,0,0,0,0,0,0,0,0,0,0,0,0,0,0,0,0,0,0,0,0,0,0,0,0,0,0,0,0,0,0,0,0,0,0,0,0,0,0,0,0,0,0,0,0,0,0,0,0,0,0,0,0,0,0,0,2,2,0,2,0,0,0,0,0,2,2,2,0,2,3,2,3,3,1,1,3,1,2,2,0,0,0,0,0,0,0,2,2,2,2,3,1,5,2,2,5,0,4,2,0,0,0,0,2,3,5,2,0,0,0,0,0,0,0,0,0,0,0,0,0,0,0,0,0,0,0,0,0,0,0,0,0,0,0,0,0,0,0,0,0,0,0,0,0,0,0,0,0,0,0,0,0,0,0,0,0,0,0,0,0,0,0,0,0,0,0,0,0,0,0,0,0,0,0,0,0,0,0,0,0,0,0,0,0,0,0,0,0,0,0,0,0,0,0,0,0,0,0,0,0,0,0,0,2,1,1,3,2,3,2,2,5,1,5,5,2,1,4,3,0,0,0,0,0,0,0,0,0,0,0,0,0,0,0,0,0,0,0,0,0,0,0,0,0,0,0,0,0,0,0,0,0,0,0,0,0,0,0,0,0,0,0,0,0,0,0,0,0,0,0,0,0,0,0,0,0,0,0,0,0,0,0,0,0,0,0,0,0,0,0,0,0,0,0,0,0,0,0,0,0,0,0,0,0,0,0,0,0,0,0,0,0,0,0,0,0,0,0,0,0,0,0,0,0,0,0,0,0,0,0,0,0,0,0,0,0,0,0,0,0,0,0,0,0,0,0,0,0,0,0,0,0,0,0,0,0,0,0,0,0,0,0,0,0,0,0,0,0,0,0,0,0,0,0,0,0,0,0,0,0,0,0,0,0,0,0,0,0,0,0,0,0,0,0,0,0,0,0,0,0,0,0,0,0,0,0,0,0,0,0,0,0,0,0,0,0,0,0,0,0,0,0,0,0,0,0,0,0,0,0,0,0,0,0,0,0,0,0,0,0,0,0,0,0,0,0,0,0,0,0,0,0,0,0,0,0,0,0,0,0,0,0,0,0,0,0,0,0,0,0,0,0,0,0,0,0,0,0,0,0,0,0,0,0,0,0,0,0,0,0,0,0,0,0,0,0,0,0,0,0,0,0,0,3,2,3,5,5,3,3,3,3,3,2,2,2,3,5,5,3,0,0,0,0,0,0,0,0,0,0,0,0,0,0,0,0,0,0,0,0,0,0,0,0,0,0,0,0,0,0,0,0,0,0,0,0,0,0,0,0,0,0,0,0,0,0,0,0,0,0,0,0,0,0,0,0,0,0,0,0,0,0,0,0,0,0,0,0,0,0,0,0,0,0,0,0,0,0,0,0,0,0,0,0,0,0,0,0,0,0,0,0,0,0,0,0,0,0,0,0,0,0,0,0,0,0,0,0,0,0,0,0,0,0,0,0,0,0,0,0,0,0,0,0,0,0,0,0,0,3,3,3,5,3,1,3,3,1,3,3,2,0,0,0,0,0,0,0,0,0,0,0,0,0,0,0,0,0,0,0,0,0,0,0,0,0,0,0,0,0,0,0,0,0,0,0,0,0,0,0,0,0,0,0,0,0,0,0,0,0,0,0,0,0,0,0,0,2.5276012420654297,-2.3545525074005127,-4.425177574157715,7.052389621734619,3.299851179122925,0.2968083620071411,-10.224105834960938,-1.3531752824783323,9.211524963378906,0.9329662919044496,-4.662590026855469,0.8777788281440735,-5.393985271453857,-0.4674425721168518,-7.1802239418029785,-2.6152024269104004,6.31224250793457,-4.374238967895508,-3.5959482192993164,9.337841033935549,3.496002197265625,7.995362281799316,16.70077133178711,4.816110610961914,-7.615925788879394,1.0306646823883057,-0.8731371760368347,-8.754562377929688,2.7898669242858887,2.446758270263672,11.745695114135742,-8.856902122497559,-5.61092472076416,-7.370408535003662,4.193093299865723,0.3329047560691833,0.9345080256462096,-0.269719511270523,8.920506477355957,1.8064041137695312,-0.0931573361158371,-0.6020448207855225,-7.410719871520996,-0.4637027382850647,-12.172019004821776,4.52437162399292,-3.07157564163208,8.90449333190918,-7.385330200195312,5.894975185394287,10.013702392578123,-7.440684795379639,-0.0288324803113937,-11.390705108642578,-4.453946113586426,-7.049526214599609,-2.469928503036499,0.1698314100503921,3.7695391178131104,5.048455238342285,3.3186826705932617,-8.457998275756836,-3.4736311435699463,0.8946567177772522,-17.304019927978516,0.0698296427726745,7.389572143554687,0.6247063279151917,-2.1186373233795166,1.561927080154419,-5.486166954040527,0.4286398291587829,9.320895195007324,-5.4854841232299805,-2.99053168296814,7.145581245422363,-7.370858192443848,1.6432889699935913,-3.612344264984131,4.589167594909668,6.477771282196045,-1.2041113376617432,-4.22785758972168,-8.73159408569336,0.0692290961742401,0.5476259589195251,-8.012014389038086,5.432635307312012,3.074939727783203,-1.259246587753296,6.813094615936279,2.1033430099487305,5.64058256149292,6.748011112213135,3.5539638996124268,0.9156144857406616,4.526918888092041,5.708745002746582,8.526535034179688,2.1880927085876465,-8.877739906311035,-6.7580671310424805,-4.984800815582275,-12.639398574829102,5.509043216705322,-6.38992977142334,-0.3314955830574035,5.47750186920166,1.7140547037124634,-3.868985652923584,-13.920068740844728,3.809431791305542,5.611924648284912,-0.7006552219390869,3.0131993293762207,-6.935840129852295,8.052106857299805,9.420323371887209,-3.207957983016968,6.568870544433594,-9.063882827758787,0.1259953379631042,-5.771251678466797,5.124502658843994,3.833327531814575,-10.219809532165527,-8.733078002929688,-1.5661019086837769,-3.8159475326538086,0.386167824268341,-2.5283360481262207,3.326025009155273,9.85090446472168,10.995877265930176,-3.2478339672088623,11.85904312133789,12.357508659362791,-0.3426776528358459,7.399928569793701,-3.39681339263916,8.59253215789795,-2.0811586380004883,-4.107995986938477,-1.5767061710357666,8.240160942077637,7.442194938659668,2.678968906402588,0.3461669683456421,1.1266400814056396,7.2000346183776855,6.51233434677124,0.2027181833982467,8.413249015808105,-4.709445953369141,-0.3825278878211975,2.2196381092071533,-6.320349216461182,-2.7437729835510254,1.7792128324508667,-6.294345378875732,-3.0687785148620605,-3.9204647541046143,-3.7897136211395264,-0.3534005284309387,2.085427045822144,-12.06318187713623,-0.267355740070343,-1.5568608045578003,0.0230846889317035,3.9308676719665527,-8.872493743896484,-7.49027681350708,10.653138160705566,-2.2729859352111816,2.4185104370117188,5.554582118988037,5.636331081390381,-3.334836483001709,-0.838509738445282,10.211138725280762,-2.936680793762207,4.754920959472656,-3.519676685333252,7.725085258483887,6.8382649421691895,-1.1956158876419067,-4.511808395385742,-2.4016098976135254,-4.244213581085205,-4.752583026885986,-0.5740529894828796,-1.33552086353302,-0.4167830348014831,2.9986321926116943,3.050654888153076,-1.6416157484054563,-3.956951141357422,-12.130453109741213,-1.8856587409973145,1.7953734397888184,0.9632147550582886,4.786896705627441,3.532488822937012,2.8698575496673584,7.181047439575195,-3.5412611961364746,11.579692840576172,6.111438751220703,11.483990669250488,-2.134417533874512,13.309988021850586,-4.146005630493164,3.819494485855103,-6.371164321899414,1.637176752090454,1.8119795322418213,2.219761848449707,6.45831823348999,-8.444808006286621,4.216022968292236,2.9462294578552246,-7.107820510864258,-4.248805046081543,1.089608073234558,4.0530104637146,-4.220518589019775,-1.0484565496444702,1.7653580904006958,5.63220739364624,-8.38222599029541,2.56226110458374,-4.403924942016602,-6.891194343566895,-11.99710178375244,-2.8296594619750977,-5.256375789642334,-3.2467212677001958,0.2209689319133758,-4.129480361938477,9.69948959350586,4.434510707855225,-1.19202721118927,4.623172760009766,-1.577955722808838,-4.352344989776611,4.036383628845215,-12.60165786743164,-5.514882564544678,0.7716888785362244,-5.807649612426758,-15.098938941955566,3.7372424602508554,-2.9873063564300537,-0.5629771947860718,-14.537097930908203,0.7164137363433838,5.083659648895264,-6.133075714111328,6.402420997619629,-7.782209873199463,2.765864133834839,6.855820655822754,4.6532158851623535,8.579056739807129,3.92413592338562,-4.01643705368042,-9.33863353729248,6.020798683166504,-1.475947022438049,-4.090220928192139,-2.995969295501709,5.146997928619385,-5.502267360687256,5.080800533294678,-0.1519793570041656,-4.087335109710693,-1.9076316356658936,-2.682842969894409,0.794436514377594,1.8073593378067017,-8.156172752380371,-7.037186145782471,-14.409574508666992,-5.737926006317139,-1.196569561958313,2.839181900024414,1.8402615785598757,-0.7515653371810913,-6.340935230255127,-0.1030726432800293,-0.2914872765541076,10.28688907623291,12.553714752197266,-1.0251920223236084,-7.276647567749023,-4.6451191902160645,-3.51151442527771,-3.5972530841827397,-13.6256742477417,-1.4265903234481812,-1.0,2.176091259055681
OXYR_HUMAN,CHEMBL1643584,CCCCNCc1ccc(-c2nc(CN(C3CCCC3)S(=O)(=O)c3ccc(OC)cc3)cs2)cc1,0,0,0,0,0,0,0,0,0,0,0,0,0,0,0,0,0,0,0,0,0,0,0,0,0,0,0,0,0,0,0,0,0,0,0,0,0,0,0,0,0,0,0,0,0,0,0,0,0,0,0,0,0,0,0,0,0,0,0,0,0,0,0,0,0,0,0,0,0,0,0,0,0,0,0,0,0,0,0,0,0,0,0,0,0,0,0,0,0,0,0,0,0,0,0,0,0,0,0,0,0,0,0,0,0,0,0,0,0,0,0,0,0,0,0,0,0,0,0,0,0,0,0,0,0,0,0,0,0,0,0,0,0,0,0,0,0,0,0,0,0,0,0,0,0,0,0,0,0,0,0,0,0,0,0,0,0,0,0,0,0,0,0,0,0,0,0,0,0,0,0,0,0,0,0,0,0,0,0,0,0,0,0,0,0,2,4,1,2,2,2,2,3,2,3,2,4,2,2,3,2,0,0,0,0,0,0,0,0,0,0,0,0,0,0,0,0,3,2,2,1,0,0,0,0,0,0,0,0,0,0,0,0,0,0,0,0,0,1,1,2,4,1,3,0,0,0,0,0,0,0,0,0,0,0,5,3,0,0,0,0,0,0,0,0,0,0,0,0,0,0,0,0,0,0,0,0,0,0,0,0,0,0,0,0,0,0,0,0,0,0,0,0,0,0,0,0,0,0,0,0,0,0,0,0,0,0,0,0,0,0,0,0,0,0,0,0,0,0,0,0,0,0,0,0,0,0,0,0,0,0,0,0,0,0,0,0,0,0,0,0,0,0,0,0,0,0,0,0,0,0,0,0,0,0,0,0,0,0,0,0,0,0,0,0,0,0,0,0,0,0,0,0,0,0,0,0,0,0,0,0,0,0,0,0,0,0,0,0,0,0,0,0,0,0,0,0,0,0,0,0,0,0,0,0,0,0,0,0,0,0,0,0,0,0,0,0,0,0,0,0,0,0,0,0,0,0,0,0,0,0,0,0,2,1,1,1,5,5,3,0,0,0,0,0,0,0,0,0,0,0,0,0,0,0,0,0,0,0,0,0,0,0,0,0,0,0,0,0,0,0,0,0,0,0,0,0,0,0,0,0,0,0,0,0,0,0,0,0,0,0,0,0,0,0,0,0,0,0,0,0,0,0,0,0,0,0,0,0,0,0,0,0,0,0,0,0,0,0,0,0,0,0,0,0,0,0,0,0,0,0,0,0,0,0,0,0,0,0,0,0,0,0,0,0,0,0,0,0,0,0,0,0,0,0,0,0,0,0,0,0,0,0,0,0,0,0,0,0,0,0,0,0,0,0,0,0,0,0,0,0,0,0,0,0,0,0,0,0,4,2,2,2,5,2,4,2,0,0,0,0,0,0,0,0,0,0,0,0,0,0,0,0,0,2,2,2,1,2,0,2,2,0,0,0,0,0,0,0,0,0,0,0,2,2,2,2,3,1,3,2,1,0,0,0,0,0,0,2,2,2,2,2,0,0,5,0,0,0,0,3,3,0,0,0,0,0,0,0,0,0,0,0,5,3,5,5,0,0,0,0,0,3,0,0,0,0,0,0,0,5,2,2,2,2,2,5,0,0,0,0,0,0,0,0,0,0,0,0,0,0,0,5,2,3,0,2,2,4,0,0,0,0,0,0,0,0,0,0,0,0,0,0,0,0,0,0,0,0,0,0,0,0,0,0,0,0,0,0,0,0,2,2,2,2,2,2,3,2,2,0,0,0,0,0,0,0,0,0,0,0,0,0,0,0,0,0,0,0,0,0,0,0,0,1,3,2,2,0,0,0,0,0,0,0,0,0,0,0,0,0,0,0,0,0,0,0,0,0,0,0,0,0,0,0,0,0,2,4,2,3,2,5,2,2,1,0,1,4,2,0,0,0,0,0,2,1,0,0,0,0,0,0,0,0,0,0,0,0,0,0,0,0,0,0,0,0,0,0,0,0,0,0,0,0,0,0,0,0,0,0,0,0,0,0,0,0,0,0,0,0,0,0,0,5,0,2,2,5,0,2,2,3,2,2,1,2,2,2,0,0,0,3,3,2,2,0,0,0,0,0,0,0,0,0,0,0,0,2,2,0,0,0,0,0,0,0,0,0,0,0,0,0,0,0,0,0,0,0,0,0,0,0,0,0,0,0,0,0,0,0,2,2,3,2,4,5,0,0,0,0,0,0,0,0,0,0,0,0,0,0,0,0,0,0,0,0,0,0,0,0,0,0,0,0,0,0,0,0,0,0,1,0,0,0,0,0,0,0,0,0,0,0,0,0,0,0,0,0,0,0,0,0,0,0,0,0,0,2,2,0,0,0,0,0,0,2,0,1,3,1,2,0,0,0,0,0,0,0,0,0,0,0,0,0,0,0,0,0,0,0,0,0,0,0,0,0,0,0,0,5,3,0,0,0,0,2,5,5,0,0,5,3,0,0,0,0,0,0,0,0,0,0,0,0,0,0,0,4,5,0,0,0,0,2,2,2,0,0,0,0,2,2,3,2,2,0,0,0,1,1,2,2,2,3,0,0,2,1,3,2,5,0,0,0,0,0,0,0,0,0,0,0,0,2,2,3,0,0,0,0,0,0,0,0,0,0,0,0,0,0,0,0,0,0,0,0,0,0,0,0,0,0,0,0,0,0,0,0,0,0,0,0,0,0,0,2,5,0,0,0,0,4,0,0,0,0,0,0,0,0,0,0,0,0,0,0,0,0,0,0,0,0,0,0,0,0,0,0,0,0,0,0,0,0,0,0,0,0,0,0,0,0,0,0,0,0,0,0,0,0,0,0,0,0,0,0,0,0,0,0,0,0,0,0,0,0,0,0,0,0,0,0,0,0,0,0,0,0,0,0,0,0,0,0,0,0,0,0,0,0,0,0,0,0,0,2,2,0,0,4,1,2,2,4,0,0,0,0,0,1,2,2,2,0,0,0,0,0,0,0,0,0,0,0,0,0,0,0,0,0,0,0,0,0,0,0,0,0,0,0,0,0,0,0,0,0,0,0,0,0,0,0,0,0,0,0,2,2,0,0,0,0,0,0,0,0,0,0,0,0,0,0,0,0,3,1,2,1,1,0,0,0,0,5,0,0,0,0,0,0,0,2,2,0,0,0,0,0,0,0,0,2,3,2,2,0,0,0,3,2,2,2,2,0,2,2,1,2,2,0,2,2,0,0,0,0,0,0,0,0,0,0,0,0,0,0,0,0,0,0,2,2,1,0,0,0,0,0,0,0,0,0,0,0,0,0,0,0,0,2,1,2,2,3,2,0,0,0,0,0,0,0,5,2,0,0,0,0,0,0,0,0,0,0,0,0,0,0,0,0,2,3,0,0,0,0,0,0,0,0,0,0,0,0,0,0,0,0,0,0,0,0,0,0,0,0,0,0,0,0,0,0,0,0,0,0,0,0,0,0,0,0,0,0,0,3,2,5,2,0,0,0,0,0,0,0,0,0,0,0,0,0,0,0,0,0,0,0,0,0,0,0,0,0,0,0,0,0,0,0,0,0,0,0,0,0,0,0,0,0,0,0,0,0,0,0,0,0,0,0,0,0,0,0,0,0,0,0,0,0,0,0,0,0,0,0,0,0,0,0,0,0,0,0,0,0,0,0,0,0,0,0,0,0,0,0,0,0,0,0,0,0,0,0,0,0,0,0,0,0,0,0,0,0,0,0,0,0,0,0,0,0,0,0,0,0,0,0,0,0,0,0,0,0,0,0,0,0,0,0,0,0,0,0,0,0,0,0,5,3,2,2,2,2,2,2,4,2,1,4,1,2,2,2,1,4,1,1,5,2,2,2,2,5,2,3,3,2,5,2,2,3,5,0,0,0,0,0,0,0,0,0,0,0,0,0,0,0,0,0,0,0,0,0,0,0,2,5,2,5,3,2,0,0,0,0,0,0,0,0,5,0,0,0,2,3,2,2,2,2,0,0,0,0,0,2,2,2,2,2,0,0,0,1,2,3,1,2,2,2,0,0,0,0,0,2,3,2,2,3,2,2,4,2,0,0,0,0,0,0,0,0,3,2,1,5,4,2,0,0,0,0,3,0,0,0,0,0,0,0,0,0,0,0,0,0,0,0,0,0,2,0,0,2,0,0,0,0,0,0,0,0,0,0,0,0,0,0,0,0,0,0,0,0,0,0,0,0,0,0,0,0,0,0,0,0,0,0,0,0,0,0,0,0,0,0,0,0,0,0,0,0,0,0,0,0,0,0,0,0,0,0,0,0,0,0,0,0,0,0,0,0,0,0,0,0,0,0,0,0,0,2,2,0,2,0,0,0,0,0,2,2,2,0,2,3,2,3,3,1,1,3,1,2,2,0,0,0,0,0,0,0,2,2,2,2,3,1,5,2,2,5,0,4,2,0,0,0,0,2,3,5,2,0,0,0,0,0,0,0,0,0,0,0,0,0,0,0,0,0,0,0,0,0,0,0,0,0,0,0,0,0,0,0,0,0,0,0,0,0,0,0,0,0,0,0,0,0,0,0,0,0,0,0,0,0,0,0,0,0,0,0,0,0,0,0,0,0,0,0,0,0,0,0,0,0,0,0,0,0,0,0,0,0,0,0,0,0,0,0,0,0,0,0,0,0,0,0,0,2,1,1,3,2,3,2,2,5,1,5,5,2,1,4,3,0,0,0,0,0,0,0,0,0,0,0,0,0,0,0,0,0,0,0,0,0,0,0,0,0,0,0,0,0,0,0,0,0,0,0,0,0,0,0,0,0,0,0,0,0,0,0,0,0,0,0,0,0,0,0,0,0,0,0,0,0,0,0,0,0,0,0,0,0,0,0,0,0,0,0,0,0,0,0,0,0,0,0,0,0,0,0,0,0,0,0,0,0,0,0,0,0,0,0,0,0,0,0,0,0,0,0,0,0,0,0,0,0,0,0,0,0,0,0,0,0,0,0,0,0,0,0,0,0,0,0,0,0,0,0,0,0,0,0,0,0,0,0,0,0,0,0,0,0,0,0,0,0,0,0,0,0,0,0,0,0,0,0,0,0,0,0,0,0,0,0,0,0,0,0,0,0,0,0,0,0,0,0,0,0,0,0,0,0,0,0,0,0,0,0,0,0,0,0,0,0,0,0,0,0,0,0,0,0,0,0,0,0,0,0,0,0,0,0,0,0,0,0,0,0,0,0,0,0,0,0,0,0,0,0,0,0,0,0,0,0,0,0,0,0,0,0,0,0,0,0,0,0,0,0,0,0,0,0,0,0,0,0,0,0,0,0,0,0,0,0,0,0,0,0,0,0,0,0,0,0,0,0,0,3,2,3,5,5,3,3,3,3,3,2,2,2,3,5,5,3,0,0,0,0,0,0,0,0,0,0,0,0,0,0,0,0,0,0,0,0,0,0,0,0,0,0,0,0,0,0,0,0,0,0,0,0,0,0,0,0,0,0,0,0,0,0,0,0,0,0,0,0,0,0,0,0,0,0,0,0,0,0,0,0,0,0,0,0,0,0,0,0,0,0,0,0,0,0,0,0,0,0,0,0,0,0,0,0,0,0,0,0,0,0,0,0,0,0,0,0,0,0,0,0,0,0,0,0,0,0,0,0,0,0,0,0,0,0,0,0,0,0,0,0,0,0,0,0,0,3,3,3,5,3,1,3,3,1,3,3,2,0,0,0,0,0,0,0,0,0,0,0,0,0,0,0,0,0,0,0,0,0,0,0,0,0,0,0,0,0,0,0,0,0,0,0,0,0,0,0,0,0,0,0,0,0,0,0,0,0,0,0,0,0,0,0,0,1.012035250663757,-4.68250846862793,-3.0007927417755127,7.143157482147217,2.0728676319122314,1.14307963848114,-15.751270294189451,-1.2847330570220947,11.714428901672363,2.653907299041748,-3.5362467765808105,-0.2352306544780731,-9.334080696105955,2.932995557785034,-8.015390396118164,-0.8550657033920288,6.539276123046875,-6.093585014343262,-5.633561134338379,8.343422889709473,1.6994976997375488,10.15324592590332,20.497360229492188,10.78553295135498,-11.117188453674316,-1.91543447971344,-1.6048924922943115,-13.246469497680664,2.418478012084961,0.4319333732128143,12.445035934448242,-9.886834144592283,-9.3561372756958,-7.567085266113281,5.189582824707031,-2.075364828109741,-1.7663047313690186,1.0272659063339231,12.007954597473145,8.868833541870117,-0.8539844155311584,-2.109084367752075,-7.135982036590576,-2.839787721633911,-14.78212070465088,4.389486789703369,2.157456874847412,11.047813415527344,-9.615850448608398,7.317646026611328,7.382674217224121,-11.306289672851562,-1.6964895725250244,-11.768244743347168,-9.018197059631348,-7.648368835449219,-2.9252209663391118,1.7227131128311155,4.913146018981934,6.255149364471436,-0.0154377557337284,-10.293695449829102,-4.301941871643066,2.976252555847168,-17.314918518066406,-1.33316171169281,11.806234359741213,-0.0331753939390182,-4.441539287567139,1.0171207189559937,-7.532262325286865,0.699253499507904,10.904648780822754,-9.700891494750977,-3.858044624328613,8.493759155273438,-10.331655502319336,3.0475666522979736,-0.7080215811729431,6.21062707901001,9.855135917663574,-1.90242612361908,-5.832627773284912,-16.798965454101562,0.79831463098526,-1.1192549467086792,-9.1707763671875,8.039326667785645,4.40178108215332,-5.84757661819458,4.436347961425781,3.8450071811676025,5.70111083984375,8.278779983520508,4.555501937866211,-1.811254382133484,2.8574838638305664,5.58853006362915,9.106992721557615,3.699852705001831,-5.778641223907471,-7.19671630859375,-7.614518165588379,-13.277904510498049,3.295769214630127,-8.088303565979004,-4.232931613922119,3.6958119869232178,-2.100036859512329,-7.844008445739746,-17.922880172729492,6.686437606811523,4.96921968460083,-0.3834326267242431,0.9858804941177368,-6.89626932144165,9.65009593963623,12.432830810546877,-1.3805453777313232,7.084407806396484,-11.956459045410156,0.2593101263046264,-7.681175708770752,6.683178424835205,5.250614166259766,-11.843894004821776,-12.650617599487305,-3.77367639541626,-7.182735443115234,-2.1936535835266118,-1.0868661403656006,5.734983921051025,13.277787208557127,13.637471199035645,-1.658106803894043,16.83159637451172,13.816815376281738,-1.137782096862793,13.858525276184082,-3.795974016189575,9.599162101745604,-1.7369366884231567,-2.209799766540528,1.7781529426574707,12.478650093078612,7.774759769439697,3.525794506072998,2.276247024536133,0.603529155254364,11.246594429016112,5.771708965301514,4.436878681182861,9.008105278015137,-4.6897873878479,-2.716704607009888,5.084255218505859,-8.314722061157227,-7.680669784545898,3.2728750705718994,-7.56556510925293,-3.826279640197754,-2.553185224533081,-8.655143737792969,1.0724689960479736,-1.417127013206482,-6.1358642578125,1.361550211906433,-2.891897201538086,-2.0534889698028564,8.595196723937988,-8.008027076721191,-5.773665904998779,16.70509147644043,-6.021752834320068,1.85860288143158,3.401179790496826,6.387718200683594,-3.952176570892334,-5.816465854644775,16.564077377319336,-4.371584892272949,13.482584953308104,-2.710735321044922,10.641798973083496,11.939458847045898,-4.24826717376709,-5.442891597747803,-2.2018303871154785,-8.320225715637207,-4.102230548858643,-0.5680307149887085,-2.477992534637451,-3.271719694137573,0.5703856945037842,0.6675503253936768,-0.4651072025299072,-6.389530181884766,-14.144696235656738,-2.214203119277954,0.5198113322257996,5.235951900482178,4.064912796020508,5.116332054138184,3.026114225387573,3.316147804260254,-5.088243007659912,15.399947166442873,7.791153907775879,13.423701286315918,-4.799863338470459,15.5862398147583,-3.870815515518189,8.69287109375,-7.889988899230957,5.142002105712891,0.2020328044891357,2.4745535850524902,5.036893844604492,-7.794248104095459,5.857315540313721,1.177793025970459,-9.97670555114746,-2.987015724182129,0.8531011343002319,6.0181965827941895,-7.718084335327148,-0.813377320766449,0.0161747932434082,6.177691459655762,-8.641559600830078,4.046743869781494,0.0961525961756706,-7.868241310119629,-14.361008644104004,-1.8662856817245483,-4.364540576934815,-7.579336166381836,-0.083758994936943,-5.356865406036377,11.513087272644045,9.376394271850586,-5.094455242156982,6.748612403869629,1.8407976627349851,-4.308493137359619,4.145950794219971,-15.830963134765623,-8.994183540344238,-0.652470588684082,-4.832332134246826,-20.27109909057617,3.4192512035369877,0.8360345363616943,-2.126249074935913,-15.561304092407228,2.1257290840148926,3.7599687576293945,-10.077991485595703,11.169922828674316,-8.963203430175781,-1.507498860359192,7.558606147766113,7.38068962097168,14.956518173217772,4.301539421081543,-7.678876876831055,-10.290152549743652,7.982113838195801,3.8095908164978023,-7.111503601074219,-5.329545497894287,2.703336238861084,-2.8254928588867188,4.153649806976318,-1.123108983039856,-7.399560451507568,-0.3614669740200043,-2.1401538848876958,-0.7720051407814026,1.1690852642059326,-8.058235168457031,-8.21773910522461,-19.327220916748047,-8.165616035461426,-2.647078275680542,2.417279005050659,-0.1219188198447227,-1.3788715600967407,-6.7148213386535645,-1.9677658081054688,0.6196932792663574,16.199127197265625,12.476656913757324,-1.0233075618743896,-11.171512603759766,-5.52451229095459,-7.801273822784424,-5.767516136169434,-15.157010078430176,-3.33512020111084,-1.0,3.7000023971422538
OXYR_HUMAN,CHEMBL2113211,COCCOc1ccc(S(=O)(=O)N(CC(=O)NNC2=c3ccccc3=NC2=O)c2ccc(Cl)cc2)cc1,0,0,0,0,0,0,0,0,0,0,0,0,0,0,0,0,0,0,0,0,0,0,0,0,0,0,0,0,0,0,0,0,0,0,0,0,0,0,0,0,0,0,0,0,0,0,0,0,0,0,0,0,0,0,0,0,0,0,0,0,0,0,0,0,0,0,0,0,0,0,0,0,0,0,0,0,0,0,0,0,0,0,0,0,0,0,0,0,0,0,0,0,0,0,0,0,0,0,0,0,0,0,0,0,0,0,0,0,0,0,0,0,0,0,0,0,0,0,0,0,0,0,0,0,0,0,0,0,0,0,0,0,0,0,0,0,0,0,0,0,0,0,0,0,0,0,0,0,0,0,0,0,0,0,0,0,0,0,0,0,0,0,0,0,0,0,0,0,0,0,0,0,0,0,0,0,0,0,0,0,0,0,0,0,0,2,4,1,2,2,2,2,3,2,3,2,4,2,2,3,2,0,0,0,0,0,0,0,0,0,0,0,0,0,0,0,0,3,2,2,1,0,0,0,0,0,0,0,0,0,0,0,0,0,0,0,0,0,1,1,2,4,1,3,0,0,0,0,0,0,0,0,0,0,0,5,3,0,0,0,0,0,0,0,0,0,0,0,0,0,0,0,0,0,0,0,0,0,0,0,0,0,0,0,0,0,0,0,0,0,0,0,0,0,0,0,0,0,0,0,0,0,0,0,0,0,0,0,0,0,0,0,0,0,0,0,0,0,0,0,0,0,0,0,0,0,0,0,0,0,0,0,0,0,0,0,0,0,0,0,0,0,0,0,0,0,0,0,0,0,0,0,0,0,0,0,0,0,0,0,0,0,0,0,0,0,0,0,0,0,0,0,0,0,0,0,0,0,0,0,0,0,0,0,0,0,0,0,0,0,0,0,0,0,0,0,0,0,0,0,0,0,0,0,0,0,0,0,0,0,0,0,0,0,0,0,0,0,0,0,0,0,0,0,0,0,0,0,0,0,0,0,0,2,1,1,1,5,5,3,0,0,0,0,0,0,0,0,0,0,0,0,0,0,0,0,0,0,0,0,0,0,0,0,0,0,0,0,0,0,0,0,0,0,0,0,0,0,0,0,0,0,0,0,0,0,0,0,0,0,0,0,0,0,0,0,0,0,0,0,0,0,0,0,0,0,0,0,0,0,0,0,0,0,0,0,0,0,0,0,0,0,0,0,0,0,0,0,0,0,0,0,0,0,0,0,0,0,0,0,0,0,0,0,0,0,0,0,0,0,0,0,0,0,0,0,0,0,0,0,0,0,0,0,0,0,0,0,0,0,0,0,0,0,0,0,0,0,0,0,0,0,0,0,0,0,0,0,0,4,2,2,2,5,2,4,2,0,0,0,0,0,0,0,0,0,0,0,0,0,0,0,0,0,2,2,2,1,2,0,2,2,0,0,0,0,0,0,0,0,0,0,0,2,2,2,2,3,1,3,2,1,0,0,0,0,0,0,2,2,2,2,2,0,0,5,0,0,0,0,3,3,0,0,0,0,0,0,0,0,0,0,0,5,3,5,5,0,0,0,0,0,3,0,0,0,0,0,0,0,5,2,2,2,2,2,5,0,0,0,0,0,0,0,0,0,0,0,0,0,0,0,5,2,3,0,2,2,4,0,0,0,0,0,0,0,0,0,0,0,0,0,0,0,0,0,0,0,0,0,0,0,0,0,0,0,0,0,0,0,0,2,2,2,2,2,2,3,2,2,0,0,0,0,0,0,0,0,0,0,0,0,0,0,0,0,0,0,0,0,0,0,0,0,1,3,2,2,0,0,0,0,0,0,0,0,0,0,0,0,0,0,0,0,0,0,0,0,0,0,0,0,0,0,0,0,0,2,4,2,3,2,5,2,2,1,0,1,4,2,0,0,0,0,0,2,1,0,0,0,0,0,0,0,0,0,0,0,0,0,0,0,0,0,0,0,0,0,0,0,0,0,0,0,0,0,0,0,0,0,0,0,0,0,0,0,0,0,0,0,0,0,0,0,5,0,2,2,5,0,2,2,3,2,2,1,2,2,2,0,0,0,3,3,2,2,0,0,0,0,0,0,0,0,0,0,0,0,2,2,0,0,0,0,0,0,0,0,0,0,0,0,0,0,0,0,0,0,0,0,0,0,0,0,0,0,0,0,0,0,0,2,2,3,2,4,5,0,0,0,0,0,0,0,0,0,0,0,0,0,0,0,0,0,0,0,0,0,0,0,0,0,0,0,0,0,0,0,0,0,0,1,0,0,0,0,0,0,0,0,0,0,0,0,0,0,0,0,0,0,0,0,0,0,0,0,0,0,2,2,0,0,0,0,0,0,2,0,1,3,1,2,0,0,0,0,0,0,0,0,0,0,0,0,0,0,0,0,0,0,0,0,0,0,0,0,0,0,0,0,5,3,0,0,0,0,2,5,5,0,0,5,3,0,0,0,0,0,0,0,0,0,0,0,0,0,0,0,4,5,0,0,0,0,2,2,2,0,0,0,0,2,2,3,2,2,0,0,0,1,1,2,2,2,3,0,0,2,1,3,2,5,0,0,0,0,0,0,0,0,0,0,0,0,2,2,3,0,0,0,0,0,0,0,0,0,0,0,0,0,0,0,0,0,0,0,0,0,0,0,0,0,0,0,0,0,0,0,0,0,0,0,0,0,0,0,2,5,0,0,0,0,4,0,0,0,0,0,0,0,0,0,0,0,0,0,0,0,0,0,0,0,0,0,0,0,0,0,0,0,0,0,0,0,0,0,0,0,0,0,0,0,0,0,0,0,0,0,0,0,0,0,0,0,0,0,0,0,0,0,0,0,0,0,0,0,0,0,0,0,0,0,0,0,0,0,0,0,0,0,0,0,0,0,0,0,0,0,0,0,0,0,0,0,0,0,2,2,0,0,4,1,2,2,4,0,0,0,0,0,1,2,2,2,0,0,0,0,0,0,0,0,0,0,0,0,0,0,0,0,0,0,0,0,0,0,0,0,0,0,0,0,0,0,0,0,0,0,0,0,0,0,0,0,0,0,0,2,2,0,0,0,0,0,0,0,0,0,0,0,0,0,0,0,0,3,1,2,1,1,0,0,0,0,5,0,0,0,0,0,0,0,2,2,0,0,0,0,0,0,0,0,2,3,2,2,0,0,0,3,2,2,2,2,0,2,2,1,2,2,0,2,2,0,0,0,0,0,0,0,0,0,0,0,0,0,0,0,0,0,0,2,2,1,0,0,0,0,0,0,0,0,0,0,0,0,0,0,0,0,2,1,2,2,3,2,0,0,0,0,0,0,0,5,2,0,0,0,0,0,0,0,0,0,0,0,0,0,0,0,0,2,3,0,0,0,0,0,0,0,0,0,0,0,0,0,0,0,0,0,0,0,0,0,0,0,0,0,0,0,0,0,0,0,0,0,0,0,0,0,0,0,0,0,0,0,3,2,5,2,0,0,0,0,0,0,0,0,0,0,0,0,0,0,0,0,0,0,0,0,0,0,0,0,0,0,0,0,0,0,0,0,0,0,0,0,0,0,0,0,0,0,0,0,0,0,0,0,0,0,0,0,0,0,0,0,0,0,0,0,0,0,0,0,0,0,0,0,0,0,0,0,0,0,0,0,0,0,0,0,0,0,0,0,0,0,0,0,0,0,0,0,0,0,0,0,0,0,0,0,0,0,0,0,0,0,0,0,0,0,0,0,0,0,0,0,0,0,0,0,0,0,0,0,0,0,0,0,0,0,0,0,0,0,0,0,0,0,0,5,3,2,2,2,2,2,2,4,2,1,4,1,2,2,2,1,4,1,1,5,2,2,2,2,5,2,3,3,2,5,2,2,3,5,0,0,0,0,0,0,0,0,0,0,0,0,0,0,0,0,0,0,0,0,0,0,0,2,5,2,5,3,2,0,0,0,0,0,0,0,0,5,0,0,0,2,3,2,2,2,2,0,0,0,0,0,2,2,2,2,2,0,0,0,1,2,3,1,2,2,2,0,0,0,0,0,2,3,2,2,3,2,2,4,2,0,0,0,0,0,0,0,0,3,2,1,5,4,2,0,0,0,0,3,0,0,0,0,0,0,0,0,0,0,0,0,0,0,0,0,0,2,0,0,2,0,0,0,0,0,0,0,0,0,0,0,0,0,0,0,0,0,0,0,0,0,0,0,0,0,0,0,0,0,0,0,0,0,0,0,0,0,0,0,0,0,0,0,0,0,0,0,0,0,0,0,0,0,0,0,0,0,0,0,0,0,0,0,0,0,0,0,0,0,0,0,0,0,0,0,0,0,2,2,0,2,0,0,0,0,0,2,2,2,0,2,3,2,3,3,1,1,3,1,2,2,0,0,0,0,0,0,0,2,2,2,2,3,1,5,2,2,5,0,4,2,0,0,0,0,2,3,5,2,0,0,0,0,0,0,0,0,0,0,0,0,0,0,0,0,0,0,0,0,0,0,0,0,0,0,0,0,0,0,0,0,0,0,0,0,0,0,0,0,0,0,0,0,0,0,0,0,0,0,0,0,0,0,0,0,0,0,0,0,0,0,0,0,0,0,0,0,0,0,0,0,0,0,0,0,0,0,0,0,0,0,0,0,0,0,0,0,0,0,0,0,0,0,0,0,2,1,1,3,2,3,2,2,5,1,5,5,2,1,4,3,0,0,0,0,0,0,0,0,0,0,0,0,0,0,0,0,0,0,0,0,0,0,0,0,0,0,0,0,0,0,0,0,0,0,0,0,0,0,0,0,0,0,0,0,0,0,0,0,0,0,0,0,0,0,0,0,0,0,0,0,0,0,0,0,0,0,0,0,0,0,0,0,0,0,0,0,0,0,0,0,0,0,0,0,0,0,0,0,0,0,0,0,0,0,0,0,0,0,0,0,0,0,0,0,0,0,0,0,0,0,0,0,0,0,0,0,0,0,0,0,0,0,0,0,0,0,0,0,0,0,0,0,0,0,0,0,0,0,0,0,0,0,0,0,0,0,0,0,0,0,0,0,0,0,0,0,0,0,0,0,0,0,0,0,0,0,0,0,0,0,0,0,0,0,0,0,0,0,0,0,0,0,0,0,0,0,0,0,0,0,0,0,0,0,0,0,0,0,0,0,0,0,0,0,0,0,0,0,0,0,0,0,0,0,0,0,0,0,0,0,0,0,0,0,0,0,0,0,0,0,0,0,0,0,0,0,0,0,0,0,0,0,0,0,0,0,0,0,0,0,0,0,0,0,0,0,0,0,0,0,0,0,0,0,0,0,0,0,0,0,0,0,0,0,0,0,0,0,0,0,0,0,0,0,3,2,3,5,5,3,3,3,3,3,2,2,2,3,5,5,3,0,0,0,0,0,0,0,0,0,0,0,0,0,0,0,0,0,0,0,0,0,0,0,0,0,0,0,0,0,0,0,0,0,0,0,0,0,0,0,0,0,0,0,0,0,0,0,0,0,0,0,0,0,0,0,0,0,0,0,0,0,0,0,0,0,0,0,0,0,0,0,0,0,0,0,0,0,0,0,0,0,0,0,0,0,0,0,0,0,0,0,0,0,0,0,0,0,0,0,0,0,0,0,0,0,0,0,0,0,0,0,0,0,0,0,0,0,0,0,0,0,0,0,0,0,0,0,0,0,3,3,3,5,3,1,3,3,1,3,3,2,0,0,0,0,0,0,0,0,0,0,0,0,0,0,0,0,0,0,0,0,0,0,0,0,0,0,0,0,0,0,0,0,0,0,0,0,0,0,0,0,0,0,0,0,0,0,0,0,0,0,0,0,0,0,0,0,0.8315922021865845,-5.314723968505859,-5.750373363494873,9.186842918395996,2.409771680831909,0.0980516001582145,-16.538143157958984,-0.4291004240512848,13.099946022033691,6.907644271850586,-6.521852493286133,2.040536642074585,-14.10350227355957,0.7301820516586304,-6.650925159454346,0.6862609386444092,4.491287708282471,-7.329639434814453,-6.572627067565918,10.012701034545898,-0.1769970059394836,8.337507247924805,22.0334529876709,9.490528106689451,-13.342158317565918,-1.921236515045166,1.2221838235855105,-12.05626106262207,3.0881333351135254,0.7299320101737976,15.638500213623049,-10.032469749450684,-3.5033926963806152,-9.268699645996094,2.928291320800781,0.3221681416034698,1.2549116611480713,2.3751256465911865,10.746012687683104,5.824376583099365,-0.0851913541555404,-1.7996022701263428,-9.314284324645996,0.2746813595294952,-13.971121788024902,4.263284206390381,-0.1692179143428802,11.139184951782228,-9.976194381713867,3.512873888015747,7.24435567855835,-10.286104202270508,-7.531905174255371,-10.50990390777588,-8.964485168457031,-8.650835037231445,-2.4388437271118164,-0.0045714303851127,6.686541557312012,3.7328672409057617,-1.8619329929351809,-10.619539260864258,-3.1337006092071533,6.618084907531738,-18.025066375732425,-0.5732192993164062,13.090052604675291,3.467482328414917,-3.075861930847168,3.172391414642334,-8.065458297729492,2.3241941928863525,8.760024070739746,-10.745609283447266,-2.953449010848999,7.8049397468566895,-7.356076240539551,4.897018432617188,-0.2934432625770569,5.271278858184815,7.401941776275635,-3.070901393890381,-8.531535148620605,-12.331932067871094,2.643584966659546,-0.3846602439880371,-8.945368766784668,7.407008647918701,4.676937580108643,-1.0244697332382202,5.751876831054688,3.864387273788452,2.969002246856689,12.283529281616213,3.085678815841675,-0.7236689925193787,3.8923535346984863,3.1657118797302246,8.394441604614258,3.156992197036743,-6.183169841766357,-11.201921463012695,-7.782885551452637,-13.401265144348145,2.273614883422852,-8.713754653930664,-6.02586555480957,4.288428783416748,1.6085944175720217,-9.77868366241455,-18.91383934020996,4.319523811340332,5.127665042877197,-0.8990680575370789,1.038388967514038,-5.962966442108154,10.891164779663086,10.78483772277832,-3.9530222415924072,7.387169361114502,-16.151107788085938,1.99371349811554,-4.377616882324219,7.680818557739258,7.533938884735107,-10.102032661437988,-15.076753616333008,-1.5243407487869265,-1.46203351020813,1.5084524154663086,-1.1344441175460815,1.8170775175094604,11.473238945007324,18.305252075195312,-0.2699971199035644,16.63185691833496,15.926549911499023,1.6139293909072876,15.0485258102417,-4.181376457214356,12.216752052307127,-2.394544839859009,-0.4661428332328796,0.7824923992156982,14.950528144836426,10.860443115234377,3.2304046154022217,2.2017645835876465,2.075296401977539,12.302324295043944,9.219199180603027,5.0144877433776855,10.311469078063965,-3.6957848072052,-3.6553821563720703,4.122941970825195,-8.386482238769531,-9.622832298278809,5.960906505584717,-9.66780948638916,-3.98687744140625,-1.8902466297149656,-9.959779739379885,3.726133346557617,3.2426414489746094,-9.823713302612305,2.003000020980835,-5.234593391418457,1.213239669799805,9.62819004058838,-9.384942054748535,-3.722299098968506,16.00698471069336,-6.021213054656982,-1.4713549613952637,2.1357767581939697,6.778396129608154,-2.05095648765564,-7.852166652679443,14.627927780151367,-5.574436187744141,9.441361427307127,-2.0530123710632324,10.909907341003418,11.48481559753418,-4.830255508422852,-2.181248664855957,-0.8544883131980896,-9.816168785095217,-4.344364643096924,-1.513228178024292,-2.184987068176269,-0.3747543692588806,-0.0902284234762191,2.29456639289856,1.4138038158416748,-6.315295696258545,-12.375662803649902,-1.8083425760269165,-1.6707985401153564,4.05550479888916,1.6749190092086792,8.804502487182617,1.8700940608978271,4.685104370117188,-4.6239423751831055,16.994625091552734,7.300484657287598,14.442387580871582,-3.23313570022583,17.382020950317383,-3.779809713363648,7.843263626098633,-4.765299320220947,5.374483585357666,4.208203315734863,3.640249490737915,5.5522141456604,-8.948643684387207,6.664610862731934,2.228353977203369,-11.709559440612791,-1.6386624574661257,0.9263633489608764,2.6751277446746826,-3.5978033542633057,-2.986526727676392,4.051847457885742,10.85139274597168,-13.598199844360352,4.1278886795043945,-2.446815490722656,-10.784485816955566,-17.110319137573242,-4.050028800964356,-3.698132514953613,-3.731405019760132,-2.5425400733947754,-6.690541744232178,11.052206039428713,4.515152931213379,-0.2640386819839477,3.984910726547241,0.8318067789077759,-5.0715012550354,4.693935871124268,-17.0191593170166,-10.094648361206056,0.1811946183443069,-8.905165672302246,-20.382322311401367,3.641988277435303,-2.5734684467315674,0.7780112028121948,-14.90703010559082,0.7988232374191284,5.847245693206787,-14.68946647644043,10.255014419555664,-8.230550765991211,-4.529632091522217,9.03786849975586,4.998920440673828,14.741721153259276,2.960249662399292,-6.433653831481934,-10.139204025268556,7.280477523803711,2.581228256225586,-9.912055015563965,-2.656136989593506,5.771423816680908,-0.1302424371242523,4.717747211456299,-0.7756092548370361,-8.349641799926758,-1.6160118579864502,-5.434146881103516,-0.4943644404411316,-1.4362609386444092,-10.099064826965332,-6.923560619354248,-22.08715438842773,-8.626338958740234,1.3757476806640625,2.430875778198242,2.256422281265259,-2.907703399658203,-9.531694412231444,-1.1130974292755127,0.5459625720977783,15.548704147338867,15.982946395874023,2.6249351501464844,-12.68532943725586,-2.997684955596924,-7.899505615234375,-5.30377197265625,-13.855393409729004,-4.333222389221191,-1.0,0.8450980400142567
OXYR_HUMAN,CHEMBL3354579,CCC(C)C1NC(=O)C(Cc2ccc(O)cc2)NC(=O)CCCSCC(C(=O)N(CCCO)CC(=O)NC(CC(C)C)C(=O)NCC(N)=O)NC(=O)C(CC(N)=O)NC(=O)C(CCC(N)=O)NC1=O,0,0,0,0,0,0,0,0,0,0,0,0,0,0,0,0,0,0,0,0,0,0,0,0,0,0,0,0,0,0,0,0,0,0,0,0,0,0,0,0,0,0,0,0,0,0,0,0,0,0,0,0,0,0,0,0,0,0,0,0,0,0,0,0,0,0,0,0,0,0,0,0,0,0,0,0,0,0,0,0,0,0,0,0,0,0,0,0,0,0,0,0,0,0,0,0,0,0,0,0,0,0,0,0,0,0,0,0,0,0,0,0,0,0,0,0,0,0,0,0,0,0,0,0,0,0,0,0,0,0,0,0,0,0,0,0,0,0,0,0,0,0,0,0,0,0,0,0,0,0,0,0,0,0,0,0,0,0,0,0,0,0,0,0,0,0,0,0,0,0,0,0,0,0,0,0,0,0,0,0,0,0,0,0,0,2,4,1,2,2,2,2,3,2,3,2,4,2,2,3,2,0,0,0,0,0,0,0,0,0,0,0,0,0,0,0,0,3,2,2,1,0,0,0,0,0,0,0,0,0,0,0,0,0,0,0,0,0,1,1,2,4,1,3,0,0,0,0,0,0,0,0,0,0,0,5,3,0,0,0,0,0,0,0,0,0,0,0,0,0,0,0,0,0,0,0,0,0,0,0,0,0,0,0,0,0,0,0,0,0,0,0,0,0,0,0,0,0,0,0,0,0,0,0,0,0,0,0,0,0,0,0,0,0,0,0,0,0,0,0,0,0,0,0,0,0,0,0,0,0,0,0,0,0,0,0,0,0,0,0,0,0,0,0,0,0,0,0,0,0,0,0,0,0,0,0,0,0,0,0,0,0,0,0,0,0,0,0,0,0,0,0,0,0,0,0,0,0,0,0,0,0,0,0,0,0,0,0,0,0,0,0,0,0,0,0,0,0,0,0,0,0,0,0,0,0,0,0,0,0,0,0,0,0,0,0,0,0,0,0,0,0,0,0,0,0,0,0,0,0,0,0,0,2,1,1,1,5,5,3,0,0,0,0,0,0,0,0,0,0,0,0,0,0,0,0,0,0,0,0,0,0,0,0,0,0,0,0,0,0,0,0,0,0,0,0,0,0,0,0,0,0,0,0,0,0,0,0,0,0,0,0,0,0,0,0,0,0,0,0,0,0,0,0,0,0,0,0,0,0,0,0,0,0,0,0,0,0,0,0,0,0,0,0,0,0,0,0,0,0,0,0,0,0,0,0,0,0,0,0,0,0,0,0,0,0,0,0,0,0,0,0,0,0,0,0,0,0,0,0,0,0,0,0,0,0,0,0,0,0,0,0,0,0,0,0,0,0,0,0,0,0,0,0,0,0,0,0,0,4,2,2,2,5,2,4,2,0,0,0,0,0,0,0,0,0,0,0,0,0,0,0,0,0,2,2,2,1,2,0,2,2,0,0,0,0,0,0,0,0,0,0,0,2,2,2,2,3,1,3,2,1,0,0,0,0,0,0,2,2,2,2,2,0,0,5,0,0,0,0,3,3,0,0,0,0,0,0,0,0,0,0,0,5,3,5,5,0,0,0,0,0,3,0,0,0,0,0,0,0,5,2,2,2,2,2,5,0,0,0,0,0,0,0,0,0,0,0,0,0,0,0,5,2,3,0,2,2,4,0,0,0,0,0,0,0,0,0,0,0,0,0,0,0,0,0,0,0,0,0,0,0,0,0,0,0,0,0,0,0,0,2,2,2,2,2,2,3,2,2,0,0,0,0,0,0,0,0,0,0,0,0,0,0,0,0,0,0,0,0,0,0,0,0,1,3,2,2,0,0,0,0,0,0,0,0,0,0,0,0,0,0,0,0,0,0,0,0,0,0,0,0,0,0,0,0,0,2,4,2,3,2,5,2,2,1,0,1,4,2,0,0,0,0,0,2,1,0,0,0,0,0,0,0,0,0,0,0,0,0,0,0,0,0,0,0,0,0,0,0,0,0,0,0,0,0,0,0,0,0,0,0,0,0,0,0,0,0,0,0,0,0,0,0,5,0,2,2,5,0,2,2,3,2,2,1,2,2,2,0,0,0,3,3,2,2,0,0,0,0,0,0,0,0,0,0,0,0,2,2,0,0,0,0,0,0,0,0,0,0,0,0,0,0,0,0,0,0,0,0,0,0,0,0,0,0,0,0,0,0,0,2,2,3,2,4,5,0,0,0,0,0,0,0,0,0,0,0,0,0,0,0,0,0,0,0,0,0,0,0,0,0,0,0,0,0,0,0,0,0,0,1,0,0,0,0,0,0,0,0,0,0,0,0,0,0,0,0,0,0,0,0,0,0,0,0,0,0,2,2,0,0,0,0,0,0,2,0,1,3,1,2,0,0,0,0,0,0,0,0,0,0,0,0,0,0,0,0,0,0,0,0,0,0,0,0,0,0,0,0,5,3,0,0,0,0,2,5,5,0,0,5,3,0,0,0,0,0,0,0,0,0,0,0,0,0,0,0,4,5,0,0,0,0,2,2,2,0,0,0,0,2,2,3,2,2,0,0,0,1,1,2,2,2,3,0,0,2,1,3,2,5,0,0,0,0,0,0,0,0,0,0,0,0,2,2,3,0,0,0,0,0,0,0,0,0,0,0,0,0,0,0,0,0,0,0,0,0,0,0,0,0,0,0,0,0,0,0,0,0,0,0,0,0,0,0,2,5,0,0,0,0,4,0,0,0,0,0,0,0,0,0,0,0,0,0,0,0,0,0,0,0,0,0,0,0,0,0,0,0,0,0,0,0,0,0,0,0,0,0,0,0,0,0,0,0,0,0,0,0,0,0,0,0,0,0,0,0,0,0,0,0,0,0,0,0,0,0,0,0,0,0,0,0,0,0,0,0,0,0,0,0,0,0,0,0,0,0,0,0,0,0,0,0,0,0,2,2,0,0,4,1,2,2,4,0,0,0,0,0,1,2,2,2,0,0,0,0,0,0,0,0,0,0,0,0,0,0,0,0,0,0,0,0,0,0,0,0,0,0,0,0,0,0,0,0,0,0,0,0,0,0,0,0,0,0,0,2,2,0,0,0,0,0,0,0,0,0,0,0,0,0,0,0,0,3,1,2,1,1,0,0,0,0,5,0,0,0,0,0,0,0,2,2,0,0,0,0,0,0,0,0,2,3,2,2,0,0,0,3,2,2,2,2,0,2,2,1,2,2,0,2,2,0,0,0,0,0,0,0,0,0,0,0,0,0,0,0,0,0,0,2,2,1,0,0,0,0,0,0,0,0,0,0,0,0,0,0,0,0,2,1,2,2,3,2,0,0,0,0,0,0,0,5,2,0,0,0,0,0,0,0,0,0,0,0,0,0,0,0,0,2,3,0,0,0,0,0,0,0,0,0,0,0,0,0,0,0,0,0,0,0,0,0,0,0,0,0,0,0,0,0,0,0,0,0,0,0,0,0,0,0,0,0,0,0,3,2,5,2,0,0,0,0,0,0,0,0,0,0,0,0,0,0,0,0,0,0,0,0,0,0,0,0,0,0,0,0,0,0,0,0,0,0,0,0,0,0,0,0,0,0,0,0,0,0,0,0,0,0,0,0,0,0,0,0,0,0,0,0,0,0,0,0,0,0,0,0,0,0,0,0,0,0,0,0,0,0,0,0,0,0,0,0,0,0,0,0,0,0,0,0,0,0,0,0,0,0,0,0,0,0,0,0,0,0,0,0,0,0,0,0,0,0,0,0,0,0,0,0,0,0,0,0,0,0,0,0,0,0,0,0,0,0,0,0,0,0,0,5,3,2,2,2,2,2,2,4,2,1,4,1,2,2,2,1,4,1,1,5,2,2,2,2,5,2,3,3,2,5,2,2,3,5,0,0,0,0,0,0,0,0,0,0,0,0,0,0,0,0,0,0,0,0,0,0,0,2,5,2,5,3,2,0,0,0,0,0,0,0,0,5,0,0,0,2,3,2,2,2,2,0,0,0,0,0,2,2,2,2,2,0,0,0,1,2,3,1,2,2,2,0,0,0,0,0,2,3,2,2,3,2,2,4,2,0,0,0,0,0,0,0,0,3,2,1,5,4,2,0,0,0,0,3,0,0,0,0,0,0,0,0,0,0,0,0,0,0,0,0,0,2,0,0,2,0,0,0,0,0,0,0,0,0,0,0,0,0,0,0,0,0,0,0,0,0,0,0,0,0,0,0,0,0,0,0,0,0,0,0,0,0,0,0,0,0,0,0,0,0,0,0,0,0,0,0,0,0,0,0,0,0,0,0,0,0,0,0,0,0,0,0,0,0,0,0,0,0,0,0,0,0,2,2,0,2,0,0,0,0,0,2,2,2,0,2,3,2,3,3,1,1,3,1,2,2,0,0,0,0,0,0,0,2,2,2,2,3,1,5,2,2,5,0,4,2,0,0,0,0,2,3,5,2,0,0,0,0,0,0,0,0,0,0,0,0,0,0,0,0,0,0,0,0,0,0,0,0,0,0,0,0,0,0,0,0,0,0,0,0,0,0,0,0,0,0,0,0,0,0,0,0,0,0,0,0,0,0,0,0,0,0,0,0,0,0,0,0,0,0,0,0,0,0,0,0,0,0,0,0,0,0,0,0,0,0,0,0,0,0,0,0,0,0,0,0,0,0,0,0,2,1,1,3,2,3,2,2,5,1,5,5,2,1,4,3,0,0,0,0,0,0,0,0,0,0,0,0,0,0,0,0,0,0,0,0,0,0,0,0,0,0,0,0,0,0,0,0,0,0,0,0,0,0,0,0,0,0,0,0,0,0,0,0,0,0,0,0,0,0,0,0,0,0,0,0,0,0,0,0,0,0,0,0,0,0,0,0,0,0,0,0,0,0,0,0,0,0,0,0,0,0,0,0,0,0,0,0,0,0,0,0,0,0,0,0,0,0,0,0,0,0,0,0,0,0,0,0,0,0,0,0,0,0,0,0,0,0,0,0,0,0,0,0,0,0,0,0,0,0,0,0,0,0,0,0,0,0,0,0,0,0,0,0,0,0,0,0,0,0,0,0,0,0,0,0,0,0,0,0,0,0,0,0,0,0,0,0,0,0,0,0,0,0,0,0,0,0,0,0,0,0,0,0,0,0,0,0,0,0,0,0,0,0,0,0,0,0,0,0,0,0,0,0,0,0,0,0,0,0,0,0,0,0,0,0,0,0,0,0,0,0,0,0,0,0,0,0,0,0,0,0,0,0,0,0,0,0,0,0,0,0,0,0,0,0,0,0,0,0,0,0,0,0,0,0,0,0,0,0,0,0,0,0,0,0,0,0,0,0,0,0,0,0,0,0,0,0,0,0,3,2,3,5,5,3,3,3,3,3,2,2,2,3,5,5,3,0,0,0,0,0,0,0,0,0,0,0,0,0,0,0,0,0,0,0,0,0,0,0,0,0,0,0,0,0,0,0,0,0,0,0,0,0,0,0,0,0,0,0,0,0,0,0,0,0,0,0,0,0,0,0,0,0,0,0,0,0,0,0,0,0,0,0,0,0,0,0,0,0,0,0,0,0,0,0,0,0,0,0,0,0,0,0,0,0,0,0,0,0,0,0,0,0,0,0,0,0,0,0,0,0,0,0,0,0,0,0,0,0,0,0,0,0,0,0,0,0,0,0,0,0,0,0,0,0,3,3,3,5,3,1,3,3,1,3,3,2,0,0,0,0,0,0,0,0,0,0,0,0,0,0,0,0,0,0,0,0,0,0,0,0,0,0,0,0,0,0,0,0,0,0,0,0,0,0,0,0,0,0,0,0,0,0,0,0,0,0,0,0,0,0,0,0,1.3755582571029663,-5.0087971687316895,-4.716768264770508,4.670615196228027,6.848625183105469,-15.796262741088867,-29.918455123901367,-5.677844524383545,23.99860191345215,-5.070244789123535,3.1460721492767334,21.679073333740234,0.1656684875488281,14.301204681396484,-32.71875,0.806851863861084,23.981842041015625,-29.85912322998047,-29.9403018951416,33.436771392822266,6.906672954559326,16.935579299926758,57.21439743041992,16.494918823242188,-16.744626998901367,6.0964789390563965,-17.310726165771484,-36.12577819824219,2.269598484039306,-12.683843612670898,19.854530334472656,-8.989598274230957,-15.588950157165527,-1.4174580574035645,-2.7386765480041504,8.8146333694458,2.2028615474700928,-0.7401092052459717,19.68143081665039,19.268064498901367,2.7868480682373047,0.9246840476989746,-5.380910396575928,-11.507410049438477,-26.381275177001957,17.563488006591797,11.473538398742676,39.3182487487793,-9.113580703735352,1.399680256843567,10.634109497070312,-27.332218170166016,0.7123746275901794,-20.997753143310547,-33.079681396484375,-23.16412353515625,-12.546637535095217,13.64730167388916,3.921334743499756,8.57524299621582,1.4957767724990845,-15.382686614990234,-16.488218307495117,12.753745079040527,-41.12929534912109,2.7294762134552,19.303491592407227,10.077473640441896,-20.17915153503418,-4.396337032318115,-7.029445648193359,11.8019380569458,14.659539222717283,-32.0399169921875,-4.552918434143066,6.228887557983398,-27.706884384155277,2.007619857788086,8.448452949523926,1.664366602897644,18.58538627624512,1.8809677362442017,-9.5444974899292,-39.81147003173828,16.473663330078125,-10.061628341674805,-10.733160972595217,4.744924068450928,6.95668363571167,-2.568397283554077,8.932533264160156,13.778966903686523,15.289997100830078,8.714487075805664,3.824953556060791,-4.476015090942383,20.208383560180664,8.053436279296875,17.661788940429688,-9.13415813446045,-7.504284858703613,-21.600248336791992,-24.90073776245117,-12.23800277709961,10.347600936889648,-30.57594108581543,-17.02362060546875,12.149164199829102,7.047493934631348,-19.917333602905277,-21.25086784362793,16.54287338256836,10.87217140197754,-13.815533638000488,-3.114622116088867,-9.825140953063965,16.836759567260742,22.482973098754883,-2.773922681808472,6.9891228675842285,-15.13446807861328,15.365760803222656,-2.6273107528686523,32.9113883972168,-0.3415699899196625,-34.92665100097656,-31.954742431640625,3.344640254974365,-14.442712783813477,1.5536105632781982,-0.1833973377943039,-3.2662482261657715,13.78877067565918,40.73323822021485,7.853111267089844,30.19447898864746,-1.8584463596343996,-7.286945819854736,16.619041442871094,-12.95898151397705,25.058032989501957,-0.4877828955650329,-7.6210618019104,-2.9504942893981934,14.699261665344238,3.885764598846436,7.66785717010498,5.398285865783691,14.4129056930542,33.73965835571289,-2.867278575897217,17.089181900024414,15.756339073181152,-23.110206604003903,-5.076652050018311,0.6024702787399292,-17.406381607055664,-5.865025520324707,0.8098512887954712,-19.1239070892334,6.950507164001465,14.240364074707031,-11.961952209472656,7.00785493850708,16.098731994628906,-24.824207305908203,10.73020362854004,-9.91742992401123,4.497744560241699,18.40878677368164,-14.41552734375,-19.60913848876953,36.557655334472656,-7.959865570068359,12.047922134399414,-2.2098093032836914,12.872916221618652,-5.499350070953369,-15.17599868774414,22.500492095947266,-14.241788864135742,25.67867851257324,1.2578297853469849,29.25543212890625,9.927666664123535,-12.234529495239258,2.913137674331665,4.759202003479004,-7.251832962036133,-16.800790786743164,4.386227607727051,-7.834769248962402,-16.73410987854004,4.635635852813721,13.01352310180664,7.492928981781006,0.3258956670761108,-25.869709014892575,-8.544724464416504,-9.74943733215332,0.2523815631866455,-7.405922889709473,11.13204574584961,-5.0950212478637695,-6.610438346862793,-4.611814975738525,32.43824768066406,26.633384704589844,26.87221336364746,-15.913743019104004,32.535911560058594,-1.4050308465957642,33.6689338684082,-13.970745086669922,13.906168937683104,-1.1389694213867188,16.598119735717773,10.466164588928224,-10.996397018432615,16.010671615600586,10.694628715515137,-20.5675106048584,-9.745041847229004,2.181682825088501,6.60591983795166,-13.224919319152832,-2.903151512145996,-0.9679877161979676,14.187577247619627,-26.69512367248535,6.263833045959473,-4.136495590209961,-20.83523368835449,-23.27858161926269,4.653900623321533,-26.61363983154297,-5.443639278411865,-8.571924209594727,-6.762054920196533,28.203235626220703,16.639307022094727,-27.696346282958984,18.806873321533203,-6.754461765289307,-3.807433843612671,23.218860626220703,-42.730079650878906,-15.347386360168455,3.0356061458587646,12.295108795166016,-46.44040298461914,9.895123481750488,11.018939018249512,-6.401388645172119,-24.698787689208984,16.647106170654297,3.4935007095336914,-17.42736053466797,31.64923858642578,-26.78800773620605,-10.333417892456056,10.325963973999023,0.7543214559555054,17.309677124023438,-4.372352600097656,-24.545019149780277,-12.975138664245604,0.4168826639652252,7.275985240936279,-19.41610145568848,0.7651243805885315,11.266280174255373,-13.457249641418455,5.0444159507751465,-0.9327026009559632,-21.110300064086918,-10.45333194732666,-9.819586753845217,-11.307056427001951,20.33139038085937,-13.683355331420898,-16.571138381958008,-24.881820678710938,-14.284628868103027,-11.41897964477539,11.859232902526855,1.5513521432876587,-0.7695435285568237,-10.94215965270996,-9.810304641723633,6.877907752990723,29.926645278930664,13.827089309692385,11.999646186828612,-28.48125457763672,-19.04022789001465,-14.333230018615724,-23.772241592407227,-41.35787963867188,-3.707757234573364,1.0,0.01
OXYR_HUMAN,CHEMBL3353945,CCC(C)C1NC(=O)C(Cc2ccc(O)cc2)NC(=O)CCSSCC(C(=O)N(CC(=O)NC(CC(C)C)C(=O)NCC(N)=O)Cc2ccccc2C)NC(=O)C(CC(N)=O)NC(=O)C(CCC(N)=O)NC1=O,0,0,0,0,0,0,0,0,0,0,0,0,0,0,0,0,0,0,0,0,0,0,0,0,0,0,0,0,0,0,0,0,0,0,0,0,0,0,0,0,0,0,0,0,0,0,0,0,0,0,0,0,0,0,0,0,0,0,0,0,0,0,0,0,0,0,0,0,0,0,0,0,0,0,0,0,0,0,0,0,0,0,0,0,0,0,0,0,0,0,0,0,0,0,0,0,0,0,0,0,0,0,0,0,0,0,0,0,0,0,0,0,0,0,0,0,0,0,0,0,0,0,0,0,0,0,0,0,0,0,0,0,0,0,0,0,0,0,0,0,0,0,0,0,0,0,0,0,0,0,0,0,0,0,0,0,0,0,0,0,0,0,0,0,0,0,0,0,0,0,0,0,0,0,0,0,0,0,0,0,0,0,0,0,0,2,4,1,2,2,2,2,3,2,3,2,4,2,2,3,2,0,0,0,0,0,0,0,0,0,0,0,0,0,0,0,0,3,2,2,1,0,0,0,0,0,0,0,0,0,0,0,0,0,0,0,0,0,1,1,2,4,1,3,0,0,0,0,0,0,0,0,0,0,0,5,3,0,0,0,0,0,0,0,0,0,0,0,0,0,0,0,0,0,0,0,0,0,0,0,0,0,0,0,0,0,0,0,0,0,0,0,0,0,0,0,0,0,0,0,0,0,0,0,0,0,0,0,0,0,0,0,0,0,0,0,0,0,0,0,0,0,0,0,0,0,0,0,0,0,0,0,0,0,0,0,0,0,0,0,0,0,0,0,0,0,0,0,0,0,0,0,0,0,0,0,0,0,0,0,0,0,0,0,0,0,0,0,0,0,0,0,0,0,0,0,0,0,0,0,0,0,0,0,0,0,0,0,0,0,0,0,0,0,0,0,0,0,0,0,0,0,0,0,0,0,0,0,0,0,0,0,0,0,0,0,0,0,0,0,0,0,0,0,0,0,0,0,0,0,0,0,0,2,1,1,1,5,5,3,0,0,0,0,0,0,0,0,0,0,0,0,0,0,0,0,0,0,0,0,0,0,0,0,0,0,0,0,0,0,0,0,0,0,0,0,0,0,0,0,0,0,0,0,0,0,0,0,0,0,0,0,0,0,0,0,0,0,0,0,0,0,0,0,0,0,0,0,0,0,0,0,0,0,0,0,0,0,0,0,0,0,0,0,0,0,0,0,0,0,0,0,0,0,0,0,0,0,0,0,0,0,0,0,0,0,0,0,0,0,0,0,0,0,0,0,0,0,0,0,0,0,0,0,0,0,0,0,0,0,0,0,0,0,0,0,0,0,0,0,0,0,0,0,0,0,0,0,0,4,2,2,2,5,2,4,2,0,0,0,0,0,0,0,0,0,0,0,0,0,0,0,0,0,2,2,2,1,2,0,2,2,0,0,0,0,0,0,0,0,0,0,0,2,2,2,2,3,1,3,2,1,0,0,0,0,0,0,2,2,2,2,2,0,0,5,0,0,0,0,3,3,0,0,0,0,0,0,0,0,0,0,0,5,3,5,5,0,0,0,0,0,3,0,0,0,0,0,0,0,5,2,2,2,2,2,5,0,0,0,0,0,0,0,0,0,0,0,0,0,0,0,5,2,3,0,2,2,4,0,0,0,0,0,0,0,0,0,0,0,0,0,0,0,0,0,0,0,0,0,0,0,0,0,0,0,0,0,0,0,0,2,2,2,2,2,2,3,2,2,0,0,0,0,0,0,0,0,0,0,0,0,0,0,0,0,0,0,0,0,0,0,0,0,1,3,2,2,0,0,0,0,0,0,0,0,0,0,0,0,0,0,0,0,0,0,0,0,0,0,0,0,0,0,0,0,0,2,4,2,3,2,5,2,2,1,0,1,4,2,0,0,0,0,0,2,1,0,0,0,0,0,0,0,0,0,0,0,0,0,0,0,0,0,0,0,0,0,0,0,0,0,0,0,0,0,0,0,0,0,0,0,0,0,0,0,0,0,0,0,0,0,0,0,5,0,2,2,5,0,2,2,3,2,2,1,2,2,2,0,0,0,3,3,2,2,0,0,0,0,0,0,0,0,0,0,0,0,2,2,0,0,0,0,0,0,0,0,0,0,0,0,0,0,0,0,0,0,0,0,0,0,0,0,0,0,0,0,0,0,0,2,2,3,2,4,5,0,0,0,0,0,0,0,0,0,0,0,0,0,0,0,0,0,0,0,0,0,0,0,0,0,0,0,0,0,0,0,0,0,0,1,0,0,0,0,0,0,0,0,0,0,0,0,0,0,0,0,0,0,0,0,0,0,0,0,0,0,2,2,0,0,0,0,0,0,2,0,1,3,1,2,0,0,0,0,0,0,0,0,0,0,0,0,0,0,0,0,0,0,0,0,0,0,0,0,0,0,0,0,5,3,0,0,0,0,2,5,5,0,0,5,3,0,0,0,0,0,0,0,0,0,0,0,0,0,0,0,4,5,0,0,0,0,2,2,2,0,0,0,0,2,2,3,2,2,0,0,0,1,1,2,2,2,3,0,0,2,1,3,2,5,0,0,0,0,0,0,0,0,0,0,0,0,2,2,3,0,0,0,0,0,0,0,0,0,0,0,0,0,0,0,0,0,0,0,0,0,0,0,0,0,0,0,0,0,0,0,0,0,0,0,0,0,0,0,2,5,0,0,0,0,4,0,0,0,0,0,0,0,0,0,0,0,0,0,0,0,0,0,0,0,0,0,0,0,0,0,0,0,0,0,0,0,0,0,0,0,0,0,0,0,0,0,0,0,0,0,0,0,0,0,0,0,0,0,0,0,0,0,0,0,0,0,0,0,0,0,0,0,0,0,0,0,0,0,0,0,0,0,0,0,0,0,0,0,0,0,0,0,0,0,0,0,0,0,2,2,0,0,4,1,2,2,4,0,0,0,0,0,1,2,2,2,0,0,0,0,0,0,0,0,0,0,0,0,0,0,0,0,0,0,0,0,0,0,0,0,0,0,0,0,0,0,0,0,0,0,0,0,0,0,0,0,0,0,0,2,2,0,0,0,0,0,0,0,0,0,0,0,0,0,0,0,0,3,1,2,1,1,0,0,0,0,5,0,0,0,0,0,0,0,2,2,0,0,0,0,0,0,0,0,2,3,2,2,0,0,0,3,2,2,2,2,0,2,2,1,2,2,0,2,2,0,0,0,0,0,0,0,0,0,0,0,0,0,0,0,0,0,0,2,2,1,0,0,0,0,0,0,0,0,0,0,0,0,0,0,0,0,2,1,2,2,3,2,0,0,0,0,0,0,0,5,2,0,0,0,0,0,0,0,0,0,0,0,0,0,0,0,0,2,3,0,0,0,0,0,0,0,0,0,0,0,0,0,0,0,0,0,0,0,0,0,0,0,0,0,0,0,0,0,0,0,0,0,0,0,0,0,0,0,0,0,0,0,3,2,5,2,0,0,0,0,0,0,0,0,0,0,0,0,0,0,0,0,0,0,0,0,0,0,0,0,0,0,0,0,0,0,0,0,0,0,0,0,0,0,0,0,0,0,0,0,0,0,0,0,0,0,0,0,0,0,0,0,0,0,0,0,0,0,0,0,0,0,0,0,0,0,0,0,0,0,0,0,0,0,0,0,0,0,0,0,0,0,0,0,0,0,0,0,0,0,0,0,0,0,0,0,0,0,0,0,0,0,0,0,0,0,0,0,0,0,0,0,0,0,0,0,0,0,0,0,0,0,0,0,0,0,0,0,0,0,0,0,0,0,0,5,3,2,2,2,2,2,2,4,2,1,4,1,2,2,2,1,4,1,1,5,2,2,2,2,5,2,3,3,2,5,2,2,3,5,0,0,0,0,0,0,0,0,0,0,0,0,0,0,0,0,0,0,0,0,0,0,0,2,5,2,5,3,2,0,0,0,0,0,0,0,0,5,0,0,0,2,3,2,2,2,2,0,0,0,0,0,2,2,2,2,2,0,0,0,1,2,3,1,2,2,2,0,0,0,0,0,2,3,2,2,3,2,2,4,2,0,0,0,0,0,0,0,0,3,2,1,5,4,2,0,0,0,0,3,0,0,0,0,0,0,0,0,0,0,0,0,0,0,0,0,0,2,0,0,2,0,0,0,0,0,0,0,0,0,0,0,0,0,0,0,0,0,0,0,0,0,0,0,0,0,0,0,0,0,0,0,0,0,0,0,0,0,0,0,0,0,0,0,0,0,0,0,0,0,0,0,0,0,0,0,0,0,0,0,0,0,0,0,0,0,0,0,0,0,0,0,0,0,0,0,0,0,2,2,0,2,0,0,0,0,0,2,2,2,0,2,3,2,3,3,1,1,3,1,2,2,0,0,0,0,0,0,0,2,2,2,2,3,1,5,2,2,5,0,4,2,0,0,0,0,2,3,5,2,0,0,0,0,0,0,0,0,0,0,0,0,0,0,0,0,0,0,0,0,0,0,0,0,0,0,0,0,0,0,0,0,0,0,0,0,0,0,0,0,0,0,0,0,0,0,0,0,0,0,0,0,0,0,0,0,0,0,0,0,0,0,0,0,0,0,0,0,0,0,0,0,0,0,0,0,0,0,0,0,0,0,0,0,0,0,0,0,0,0,0,0,0,0,0,0,2,1,1,3,2,3,2,2,5,1,5,5,2,1,4,3,0,0,0,0,0,0,0,0,0,0,0,0,0,0,0,0,0,0,0,0,0,0,0,0,0,0,0,0,0,0,0,0,0,0,0,0,0,0,0,0,0,0,0,0,0,0,0,0,0,0,0,0,0,0,0,0,0,0,0,0,0,0,0,0,0,0,0,0,0,0,0,0,0,0,0,0,0,0,0,0,0,0,0,0,0,0,0,0,0,0,0,0,0,0,0,0,0,0,0,0,0,0,0,0,0,0,0,0,0,0,0,0,0,0,0,0,0,0,0,0,0,0,0,0,0,0,0,0,0,0,0,0,0,0,0,0,0,0,0,0,0,0,0,0,0,0,0,0,0,0,0,0,0,0,0,0,0,0,0,0,0,0,0,0,0,0,0,0,0,0,0,0,0,0,0,0,0,0,0,0,0,0,0,0,0,0,0,0,0,0,0,0,0,0,0,0,0,0,0,0,0,0,0,0,0,0,0,0,0,0,0,0,0,0,0,0,0,0,0,0,0,0,0,0,0,0,0,0,0,0,0,0,0,0,0,0,0,0,0,0,0,0,0,0,0,0,0,0,0,0,0,0,0,0,0,0,0,0,0,0,0,0,0,0,0,0,0,0,0,0,0,0,0,0,0,0,0,0,0,0,0,0,0,0,3,2,3,5,5,3,3,3,3,3,2,2,2,3,5,5,3,0,0,0,0,0,0,0,0,0,0,0,0,0,0,0,0,0,0,0,0,0,0,0,0,0,0,0,0,0,0,0,0,0,0,0,0,0,0,0,0,0,0,0,0,0,0,0,0,0,0,0,0,0,0,0,0,0,0,0,0,0,0,0,0,0,0,0,0,0,0,0,0,0,0,0,0,0,0,0,0,0,0,0,0,0,0,0,0,0,0,0,0,0,0,0,0,0,0,0,0,0,0,0,0,0,0,0,0,0,0,0,0,0,0,0,0,0,0,0,0,0,0,0,0,0,0,0,0,0,3,3,3,5,3,1,3,3,1,3,3,2,0,0,0,0,0,0,0,0,0,0,0,0,0,0,0,0,0,0,0,0,0,0,0,0,0,0,0,0,0,0,0,0,0,0,0,0,0,0,0,0,0,0,0,0,0,0,0,0,0,0,0,0,0,0,0,0,0.8570162653923035,-4.241852760314941,-5.665925025939941,8.409372329711914,5.664928436279297,-16.22043800354004,-31.334461212158203,-5.993528842926025,27.051218032836918,-3.811330318450928,0.9130186438560486,22.860301971435547,-1.647028565406799,13.24063491821289,-33.320796966552734,1.521160125732422,24.876638412475582,-28.508358001708984,-29.65030670166016,36.09749984741211,7.778274059295654,18.393896102905277,59.88492202758789,16.756065368652344,-17.944013595581055,6.5802388191223145,-15.449420928955078,-38.33974838256836,2.123339891433716,-11.861817359924316,23.630090713500977,-11.944262504577637,-16.087718963623047,-2.1864166259765625,-2.255167245864868,9.739437103271484,5.406675815582275,-1.4716110229492188,21.04525756835937,20.42165946960449,2.25928258895874,0.5176207423210144,-8.137699127197266,-9.875115394592283,-28.727554321289062,19.082897186279297,11.705004692077637,41.24486923217773,-10.034271240234377,0.4151673913002014,11.798466682434082,-26.73818016052246,-0.0248686000704765,-22.65216445922852,-32.074588775634766,-22.277803421020508,-15.447613716125488,12.82760524749756,5.113824367523193,9.92141342163086,1.6694035530090332,-19.139116287231445,-17.39325714111328,14.482566833496094,-43.96125793457031,5.462710857391357,21.21880340576172,12.349881172180176,-19.013023376464844,-1.5021158456802368,-8.032405853271484,11.776113510131836,16.72296142578125,-32.04122543334961,-3.965484142303467,6.885853290557861,-27.656930923461918,2.794133186340332,7.046136856079102,1.9413508176803589,18.644363403320312,1.8553258180618288,-12.431116104125977,-40.21351623535156,16.86281394958496,-12.145920753479004,-12.136940956115724,3.971471309661865,9.73660945892334,-2.4835574626922607,8.472883224487305,14.086286544799805,16.29362678527832,9.97061252593994,4.913821697235107,-4.629157543182373,21.067289352416992,9.788533210754396,18.010629653930664,-8.699966430664062,-8.322386741638184,-21.72692108154297,-25.39688873291016,-14.12355613708496,11.774474143981934,-32.9727668762207,-14.77254867553711,12.592708587646484,8.706028938293457,-19.543750762939453,-23.696258544921875,16.166643142700195,11.55032730102539,-12.60135555267334,-2.470402956008911,-11.022040367126465,19.23691940307617,24.24725341796875,-4.713123321533203,5.974025726318359,-15.82304573059082,14.756397247314451,-3.1444077491760254,33.425479888916016,1.4918692111968994,-35.35886001586914,-32.793983459472656,2.945675134658813,-15.27425479888916,1.364750623703003,0.4243308305740356,-5.113210678100586,16.457517623901367,43.42753982543945,4.694446086883545,32.66852188110352,1.950456142425537,-6.87012243270874,19.276031494140625,-13.441768646240234,26.806079864501957,0.0779827386140823,-9.205893516540527,-3.61196494102478,15.908588409423828,6.280939102172852,7.860679626464844,4.766478538513184,14.4380521774292,35.714202880859375,-1.5945004224777222,16.057662963867188,17.639509201049805,-23.307960510253903,-5.04819917678833,0.9032498598098756,-18.65318489074707,-6.432170391082764,1.5948430299758911,-19.588077545166016,6.8511223793029785,12.780317306518556,-13.592939376831056,7.191465854644775,16.79436683654785,-28.4525146484375,10.954158782958984,-10.02805995941162,4.106922149658203,17.309171676635742,-14.114380836486816,-20.445884704589844,36.77071762084961,-7.416906356811523,12.844091415405272,-2.46936583518982,13.468417167663574,-5.5007100105285645,-14.890649795532228,24.455368041992188,-14.319031715393066,25.20659446716309,-0.5900967121124268,29.54027938842773,12.64236068725586,-11.315458297729492,1.2433971166610718,3.5867719650268555,-7.095849514007568,-19.116439819335938,2.0184402465820312,-7.6070661544799805,-16.617464065551758,6.535163879394531,14.436699867248535,5.329881191253662,-1.4960509538650513,-28.64142227172852,-7.834457874298096,-10.359552383422852,-1.4960923194885254,-5.78338623046875,9.49488925933838,-6.072408676147461,-4.027759552001953,-6.943636417388916,34.92457580566406,27.93866539001465,28.98216819763184,-15.266613960266112,34.014591217041016,-0.973334550857544,31.77332305908203,-14.914568901062012,12.937630653381348,0.9486579298973083,14.65978717803955,11.678511619567873,-12.201984405517578,16.293569564819336,10.946575164794922,-22.189697265625,-10.124964714050291,0.8780143857002258,7.551036834716797,-13.913969993591309,-4.373491764068604,-0.1943459808826446,14.238009452819824,-28.109621047973636,6.516845703125,-5.696207046508789,-23.477130889892575,-24.4941349029541,4.155211448669434,-27.54537773132324,-5.950867176055908,-10.410955429077148,-7.451461315155029,30.478878021240234,18.453527450561523,-27.965896606445312,19.225021362304688,-7.465327739715576,-4.594540119171143,23.734996795654297,-44.325645446777344,-16.504497528076172,3.8926761150360103,10.43557071685791,-49.40840148925781,11.470441818237305,8.66201114654541,-6.29084062576294,-27.064416885375977,17.982786178588867,4.069495677947998,-19.022743225097656,32.422210693359375,-26.4969539642334,-9.923216819763184,10.706159591674805,3.381253719329834,17.214235305786133,-3.618356704711914,-24.552831649780277,-13.486250877380373,2.3165786266326904,6.722820281982422,-19.869855880737305,1.18653666973114,13.734770774841309,-12.884716033935549,6.337031841278076,0.2349082380533218,-21.24384117126465,-10.314162254333496,-11.155523300170898,-11.035446166992188,20.931623458862305,-15.833462715148926,-18.968355178833008,-26.65433883666992,-14.599675178527832,-12.079598426818848,12.680227279663086,1.0600813627243042,-1.3062679767608645,-12.71942901611328,-9.75072956085205,6.695219039916992,32.131935119628906,15.704477310180664,11.388079643249512,-28.736553192138672,-18.82638168334961,-15.042356491088867,-23.073949813842773,-44.38494873046875,-3.0966126918792725,1.0,-0.9999999999999998
OXYR_HUMAN,CHEMBL3342794,Cc1ccnc(-n2nccc2NS(=O)(=O)c2ccc(C(F)(F)F)cc2)c1,0,0,0,0,0,0,0,0,0,0,0,0,0,0,0,0,0,0,0,0,0,0,0,0,0,0,0,0,0,0,0,0,0,0,0,0,0,0,0,0,0,0,0,0,0,0,0,0,0,0,0,0,0,0,0,0,0,0,0,0,0,0,0,0,0,0,0,0,0,0,0,0,0,0,0,0,0,0,0,0,0,0,0,0,0,0,0,0,0,0,0,0,0,0,0,0,0,0,0,0,0,0,0,0,0,0,0,0,0,0,0,0,0,0,0,0,0,0,0,0,0,0,0,0,0,0,0,0,0,0,0,0,0,0,0,0,0,0,0,0,0,0,0,0,0,0,0,0,0,0,0,0,0,0,0,0,0,0,0,0,0,0,0,0,0,0,0,0,0,0,0,0,0,0,0,0,0,0,0,0,0,0,0,0,0,2,4,1,2,2,2,2,3,2,3,2,4,2,2,3,2,0,0,0,0,0,0,0,0,0,0,0,0,0,0,0,0,3,2,2,1,0,0,0,0,0,0,0,0,0,0,0,0,0,0,0,0,0,1,1,2,4,1,3,0,0,0,0,0,0,0,0,0,0,0,5,3,0,0,0,0,0,0,0,0,0,0,0,0,0,0,0,0,0,0,0,0,0,0,0,0,0,0,0,0,0,0,0,0,0,0,0,0,0,0,0,0,0,0,0,0,0,0,0,0,0,0,0,0,0,0,0,0,0,0,0,0,0,0,0,0,0,0,0,0,0,0,0,0,0,0,0,0,0,0,0,0,0,0,0,0,0,0,0,0,0,0,0,0,0,0,0,0,0,0,0,0,0,0,0,0,0,0,0,0,0,0,0,0,0,0,0,0,0,0,0,0,0,0,0,0,0,0,0,0,0,0,0,0,0,0,0,0,0,0,0,0,0,0,0,0,0,0,0,0,0,0,0,0,0,0,0,0,0,0,0,0,0,0,0,0,0,0,0,0,0,0,0,0,0,0,0,0,2,1,1,1,5,5,3,0,0,0,0,0,0,0,0,0,0,0,0,0,0,0,0,0,0,0,0,0,0,0,0,0,0,0,0,0,0,0,0,0,0,0,0,0,0,0,0,0,0,0,0,0,0,0,0,0,0,0,0,0,0,0,0,0,0,0,0,0,0,0,0,0,0,0,0,0,0,0,0,0,0,0,0,0,0,0,0,0,0,0,0,0,0,0,0,0,0,0,0,0,0,0,0,0,0,0,0,0,0,0,0,0,0,0,0,0,0,0,0,0,0,0,0,0,0,0,0,0,0,0,0,0,0,0,0,0,0,0,0,0,0,0,0,0,0,0,0,0,0,0,0,0,0,0,0,0,4,2,2,2,5,2,4,2,0,0,0,0,0,0,0,0,0,0,0,0,0,0,0,0,0,2,2,2,1,2,0,2,2,0,0,0,0,0,0,0,0,0,0,0,2,2,2,2,3,1,3,2,1,0,0,0,0,0,0,2,2,2,2,2,0,0,5,0,0,0,0,3,3,0,0,0,0,0,0,0,0,0,0,0,5,3,5,5,0,0,0,0,0,3,0,0,0,0,0,0,0,5,2,2,2,2,2,5,0,0,0,0,0,0,0,0,0,0,0,0,0,0,0,5,2,3,0,2,2,4,0,0,0,0,0,0,0,0,0,0,0,0,0,0,0,0,0,0,0,0,0,0,0,0,0,0,0,0,0,0,0,0,2,2,2,2,2,2,3,2,2,0,0,0,0,0,0,0,0,0,0,0,0,0,0,0,0,0,0,0,0,0,0,0,0,1,3,2,2,0,0,0,0,0,0,0,0,0,0,0,0,0,0,0,0,0,0,0,0,0,0,0,0,0,0,0,0,0,2,4,2,3,2,5,2,2,1,0,1,4,2,0,0,0,0,0,2,1,0,0,0,0,0,0,0,0,0,0,0,0,0,0,0,0,0,0,0,0,0,0,0,0,0,0,0,0,0,0,0,0,0,0,0,0,0,0,0,0,0,0,0,0,0,0,0,5,0,2,2,5,0,2,2,3,2,2,1,2,2,2,0,0,0,3,3,2,2,0,0,0,0,0,0,0,0,0,0,0,0,2,2,0,0,0,0,0,0,0,0,0,0,0,0,0,0,0,0,0,0,0,0,0,0,0,0,0,0,0,0,0,0,0,2,2,3,2,4,5,0,0,0,0,0,0,0,0,0,0,0,0,0,0,0,0,0,0,0,0,0,0,0,0,0,0,0,0,0,0,0,0,0,0,1,0,0,0,0,0,0,0,0,0,0,0,0,0,0,0,0,0,0,0,0,0,0,0,0,0,0,2,2,0,0,0,0,0,0,2,0,1,3,1,2,0,0,0,0,0,0,0,0,0,0,0,0,0,0,0,0,0,0,0,0,0,0,0,0,0,0,0,0,5,3,0,0,0,0,2,5,5,0,0,5,3,0,0,0,0,0,0,0,0,0,0,0,0,0,0,0,4,5,0,0,0,0,2,2,2,0,0,0,0,2,2,3,2,2,0,0,0,1,1,2,2,2,3,0,0,2,1,3,2,5,0,0,0,0,0,0,0,0,0,0,0,0,2,2,3,0,0,0,0,0,0,0,0,0,0,0,0,0,0,0,0,0,0,0,0,0,0,0,0,0,0,0,0,0,0,0,0,0,0,0,0,0,0,0,2,5,0,0,0,0,4,0,0,0,0,0,0,0,0,0,0,0,0,0,0,0,0,0,0,0,0,0,0,0,0,0,0,0,0,0,0,0,0,0,0,0,0,0,0,0,0,0,0,0,0,0,0,0,0,0,0,0,0,0,0,0,0,0,0,0,0,0,0,0,0,0,0,0,0,0,0,0,0,0,0,0,0,0,0,0,0,0,0,0,0,0,0,0,0,0,0,0,0,0,2,2,0,0,4,1,2,2,4,0,0,0,0,0,1,2,2,2,0,0,0,0,0,0,0,0,0,0,0,0,0,0,0,0,0,0,0,0,0,0,0,0,0,0,0,0,0,0,0,0,0,0,0,0,0,0,0,0,0,0,0,2,2,0,0,0,0,0,0,0,0,0,0,0,0,0,0,0,0,3,1,2,1,1,0,0,0,0,5,0,0,0,0,0,0,0,2,2,0,0,0,0,0,0,0,0,2,3,2,2,0,0,0,3,2,2,2,2,0,2,2,1,2,2,0,2,2,0,0,0,0,0,0,0,0,0,0,0,0,0,0,0,0,0,0,2,2,1,0,0,0,0,0,0,0,0,0,0,0,0,0,0,0,0,2,1,2,2,3,2,0,0,0,0,0,0,0,5,2,0,0,0,0,0,0,0,0,0,0,0,0,0,0,0,0,2,3,0,0,0,0,0,0,0,0,0,0,0,0,0,0,0,0,0,0,0,0,0,0,0,0,0,0,0,0,0,0,0,0,0,0,0,0,0,0,0,0,0,0,0,3,2,5,2,0,0,0,0,0,0,0,0,0,0,0,0,0,0,0,0,0,0,0,0,0,0,0,0,0,0,0,0,0,0,0,0,0,0,0,0,0,0,0,0,0,0,0,0,0,0,0,0,0,0,0,0,0,0,0,0,0,0,0,0,0,0,0,0,0,0,0,0,0,0,0,0,0,0,0,0,0,0,0,0,0,0,0,0,0,0,0,0,0,0,0,0,0,0,0,0,0,0,0,0,0,0,0,0,0,0,0,0,0,0,0,0,0,0,0,0,0,0,0,0,0,0,0,0,0,0,0,0,0,0,0,0,0,0,0,0,0,0,0,5,3,2,2,2,2,2,2,4,2,1,4,1,2,2,2,1,4,1,1,5,2,2,2,2,5,2,3,3,2,5,2,2,3,5,0,0,0,0,0,0,0,0,0,0,0,0,0,0,0,0,0,0,0,0,0,0,0,2,5,2,5,3,2,0,0,0,0,0,0,0,0,5,0,0,0,2,3,2,2,2,2,0,0,0,0,0,2,2,2,2,2,0,0,0,1,2,3,1,2,2,2,0,0,0,0,0,2,3,2,2,3,2,2,4,2,0,0,0,0,0,0,0,0,3,2,1,5,4,2,0,0,0,0,3,0,0,0,0,0,0,0,0,0,0,0,0,0,0,0,0,0,2,0,0,2,0,0,0,0,0,0,0,0,0,0,0,0,0,0,0,0,0,0,0,0,0,0,0,0,0,0,0,0,0,0,0,0,0,0,0,0,0,0,0,0,0,0,0,0,0,0,0,0,0,0,0,0,0,0,0,0,0,0,0,0,0,0,0,0,0,0,0,0,0,0,0,0,0,0,0,0,0,2,2,0,2,0,0,0,0,0,2,2,2,0,2,3,2,3,3,1,1,3,1,2,2,0,0,0,0,0,0,0,2,2,2,2,3,1,5,2,2,5,0,4,2,0,0,0,0,2,3,5,2,0,0,0,0,0,0,0,0,0,0,0,0,0,0,0,0,0,0,0,0,0,0,0,0,0,0,0,0,0,0,0,0,0,0,0,0,0,0,0,0,0,0,0,0,0,0,0,0,0,0,0,0,0,0,0,0,0,0,0,0,0,0,0,0,0,0,0,0,0,0,0,0,0,0,0,0,0,0,0,0,0,0,0,0,0,0,0,0,0,0,0,0,0,0,0,0,2,1,1,3,2,3,2,2,5,1,5,5,2,1,4,3,0,0,0,0,0,0,0,0,0,0,0,0,0,0,0,0,0,0,0,0,0,0,0,0,0,0,0,0,0,0,0,0,0,0,0,0,0,0,0,0,0,0,0,0,0,0,0,0,0,0,0,0,0,0,0,0,0,0,0,0,0,0,0,0,0,0,0,0,0,0,0,0,0,0,0,0,0,0,0,0,0,0,0,0,0,0,0,0,0,0,0,0,0,0,0,0,0,0,0,0,0,0,0,0,0,0,0,0,0,0,0,0,0,0,0,0,0,0,0,0,0,0,0,0,0,0,0,0,0,0,0,0,0,0,0,0,0,0,0,0,0,0,0,0,0,0,0,0,0,0,0,0,0,0,0,0,0,0,0,0,0,0,0,0,0,0,0,0,0,0,0,0,0,0,0,0,0,0,0,0,0,0,0,0,0,0,0,0,0,0,0,0,0,0,0,0,0,0,0,0,0,0,0,0,0,0,0,0,0,0,0,0,0,0,0,0,0,0,0,0,0,0,0,0,0,0,0,0,0,0,0,0,0,0,0,0,0,0,0,0,0,0,0,0,0,0,0,0,0,0,0,0,0,0,0,0,0,0,0,0,0,0,0,0,0,0,0,0,0,0,0,0,0,0,0,0,0,0,0,0,0,0,0,0,3,2,3,5,5,3,3,3,3,3,2,2,2,3,5,5,3,0,0,0,0,0,0,0,0,0,0,0,0,0,0,0,0,0,0,0,0,0,0,0,0,0,0,0,0,0,0,0,0,0,0,0,0,0,0,0,0,0,0,0,0,0,0,0,0,0,0,0,0,0,0,0,0,0,0,0,0,0,0,0,0,0,0,0,0,0,0,0,0,0,0,0,0,0,0,0,0,0,0,0,0,0,0,0,0,0,0,0,0,0,0,0,0,0,0,0,0,0,0,0,0,0,0,0,0,0,0,0,0,0,0,0,0,0,0,0,0,0,0,0,0,0,0,0,0,0,3,3,3,5,3,1,3,3,1,3,3,2,0,0,0,0,0,0,0,0,0,0,0,0,0,0,0,0,0,0,0,0,0,0,0,0,0,0,0,0,0,0,0,0,0,0,0,0,0,0,0,0,0,0,0,0,0,0,0,0,0,0,0,0,0,0,0,0,4.841557025909424,-5.070902347564697,-3.665452718734741,8.089056968688965,-1.6043378114700315,-0.8964425921440125,-11.83717918395996,0.0933276712894439,12.850200653076172,6.915916919708252,-6.868671417236328,-4.120688438415527,-11.121804237365724,2.405112028121948,-5.046000957489014,-3.330048084259033,4.68076753616333,-0.1246301457285881,-3.832815408706665,6.6954216957092285,3.465366840362549,5.520545959472656,11.939422607421877,7.56762170791626,-12.116739273071287,-2.586532592773437,2.6662757396698,-7.348363876342773,-0.0963858142495155,2.311897754669189,11.013340950012209,-7.361067295074463,-5.539596080780029,-4.485849857330322,4.990715503692627,-0.1350781470537185,3.241791009902954,-1.9425524473190308,10.46164321899414,3.0295088291168213,-3.0486342906951904,-1.5880924463272097,-5.5641188621521,1.1247771978378296,-12.80650234222412,4.874262809753418,-4.507953643798828,6.034372806549072,-6.351551055908203,5.68830680847168,7.742857933044434,-6.230937957763672,-5.834898948669434,-9.032341957092283,-3.705390453338623,-9.769168853759766,-3.2456631660461426,0.6045705080032349,4.708314418792725,8.409648895263672,0.373659998178482,-8.198573112487793,-0.5027610063552856,2.428575277328491,-13.368054389953612,-1.5657484531402588,8.478759765625,1.325045824050903,-1.7651574611663818,0.2489201724529266,-5.476116180419922,-0.4018700420856476,8.564061164855957,-6.460504531860352,-1.5651615858078003,4.186766624450684,-2.450502634048462,3.420789957046509,-1.2794054746627808,2.7565879821777344,7.625762462615967,2.8862955570220947,-5.884098529815674,-10.488313674926758,2.297410011291504,-3.853818655014038,-8.264565467834473,3.3887386322021484,2.8871023654937744,-3.3666305541992188,3.289113521575928,-0.3616496622562408,4.916135311126709,5.78242826461792,1.5958846807479858,-1.4427614212036133,1.1057382822036743,5.711568355560303,5.583380222320557,3.1446287631988525,-7.316750049591064,-4.587440967559815,-3.28967547416687,-10.302864074707031,5.252742767333984,-4.911744117736816,-3.2442493438720703,2.2738800048828125,0.0194024890661239,-4.855071544647217,-14.26463508605957,-0.072109967470169,2.811396837234497,-1.9403022527694704,0.7846004366874695,-4.185539245605469,7.708067893981934,6.855284214019775,-4.856714248657227,6.4944915771484375,-9.757803916931152,1.3071242570877075,-6.308283805847168,4.891091346740723,3.735490083694458,-6.124563694000244,-8.067364692687988,1.0745223760604858,-0.6490156650543213,1.5196174383163452,-3.81897234916687,-0.2649104595184326,9.613027572631836,9.15174388885498,-4.715298652648926,14.162843704223633,13.698431015014648,2.018521785736084,11.381051063537598,-1.472262263298035,6.35346269607544,-4.046812057495117,-4.241576671600342,-0.9532446265220642,7.05846643447876,9.003129005432129,3.5473275184631348,0.1576950848102569,-0.5743472576141357,8.23679256439209,10.047842025756836,-0.5591591000556946,9.809164047241213,-1.9823572635650637,1.5430402755737305,2.7590203285217285,-5.756551742553711,-3.7298696041107178,2.4548466205596924,-6.485361576080322,-5.167006015777588,-6.249242782592773,-7.339657306671143,1.0403611660003662,1.709206223487854,-5.940597534179688,1.957635760307312,-1.4947967529296875,-1.6904494762420654,2.4449424743652344,-8.620221138000488,-5.180601596832275,9.637953758239746,0.0890359878540039,3.4202938079833984,1.017348051071167,8.123553276062012,-2.609180688858032,-3.620174884796143,9.197619438171388,-2.1342368125915527,9.698246002197266,-6.73384952545166,7.8524065017700195,9.506047248840332,-2.902259111404419,-4.81266450881958,-6.055392265319824,-5.870941638946533,-5.181979656219482,-0.9078882336616516,0.7387439608573914,-2.5208213329315186,1.6825891733169556,2.968623399734497,0.1238152086734771,-5.047185897827148,-10.60592555999756,-1.9981205463409424,-1.7628647089004517,4.492234706878662,3.065465211868286,6.954678535461426,3.088652849197388,5.490631103515625,-3.4495677947998047,8.530192375183105,5.704859733581543,9.168146133422852,-1.910210967063904,10.944863319396973,1.7956434488296509,4.715171813964844,-5.389311790466309,0.8495196104049683,1.7548679113388062,-1.7830870151519775,6.289406776428223,-8.7555570602417,4.485411643981934,3.828204870223999,-6.737113952636719,-1.2354140281677246,-0.1049437969923019,3.811536073684693,-7.270908355712891,-2.0719213485717773,4.196429252624512,5.135198593139648,-7.228287696838379,7.011132717132568,-3.4858860969543457,-4.917812824249268,-10.361916542053224,-2.948106527328491,-2.5523836612701416,-4.336832046508789,-3.649448156356812,-7.657505989074707,9.64173412322998,1.1736963987350464,0.8924505710601807,3.067573070526123,0.5328093767166138,-6.581883430480957,1.653714656829834,-9.436367988586426,-7.799841403961182,-1.0172913074493408,-8.779741287231445,-16.39093589782715,1.698182463645935,-1.5888592004776,0.6590238213539124,-14.708290100097656,1.6824536323547363,3.002959012985229,-5.998897075653076,5.588133335113525,-3.5237982273101807,1.031136155128479,6.079173564910889,8.688926696777344,10.97903823852539,3.1629695892333984,-2.4231672286987305,-6.094808578491211,4.481824398040772,-0.9716899394989014,-5.103391170501709,-3.5580945014953613,3.157158613204956,-1.2624000310897827,5.345088958740234,-2.7686922550201416,-4.926511764526367,-5.2570648193359375,1.332811951637268,-0.8271490931510925,-1.169945240020752,-5.575875282287598,-6.947477340698242,-18.542217254638672,-5.949745655059815,-1.9267137050628664,0.6361129879951477,1.44957172870636,-3.558140754699707,-3.502582311630249,0.0677859187126159,-2.3616154193878174,9.74008846282959,12.915919303894045,-1.8457930088043213,-7.965250492095947,-1.5288634300231934,-2.9067325592041016,-3.18967080116272,-12.111660957336426,-2.470250606536865,1.0,1.230448921378274
OXYR_HUMAN,CHEMBL1254116,O=C(CN(c1ccccc1)S(=O)(=O)c1ccccc1)NNC1=c2ccccc2=NC1=O,0,0,0,0,0,0,0,0,0,0,0,0,0,0,0,0,0,0,0,0,0,0,0,0,0,0,0,0,0,0,0,0,0,0,0,0,0,0,0,0,0,0,0,0,0,0,0,0,0,0,0,0,0,0,0,0,0,0,0,0,0,0,0,0,0,0,0,0,0,0,0,0,0,0,0,0,0,0,0,0,0,0,0,0,0,0,0,0,0,0,0,0,0,0,0,0,0,0,0,0,0,0,0,0,0,0,0,0,0,0,0,0,0,0,0,0,0,0,0,0,0,0,0,0,0,0,0,0,0,0,0,0,0,0,0,0,0,0,0,0,0,0,0,0,0,0,0,0,0,0,0,0,0,0,0,0,0,0,0,0,0,0,0,0,0,0,0,0,0,0,0,0,0,0,0,0,0,0,0,0,0,0,0,0,0,2,4,1,2,2,2,2,3,2,3,2,4,2,2,3,2,0,0,0,0,0,0,0,0,0,0,0,0,0,0,0,0,3,2,2,1,0,0,0,0,0,0,0,0,0,0,0,0,0,0,0,0,0,1,1,2,4,1,3,0,0,0,0,0,0,0,0,0,0,0,5,3,0,0,0,0,0,0,0,0,0,0,0,0,0,0,0,0,0,0,0,0,0,0,0,0,0,0,0,0,0,0,0,0,0,0,0,0,0,0,0,0,0,0,0,0,0,0,0,0,0,0,0,0,0,0,0,0,0,0,0,0,0,0,0,0,0,0,0,0,0,0,0,0,0,0,0,0,0,0,0,0,0,0,0,0,0,0,0,0,0,0,0,0,0,0,0,0,0,0,0,0,0,0,0,0,0,0,0,0,0,0,0,0,0,0,0,0,0,0,0,0,0,0,0,0,0,0,0,0,0,0,0,0,0,0,0,0,0,0,0,0,0,0,0,0,0,0,0,0,0,0,0,0,0,0,0,0,0,0,0,0,0,0,0,0,0,0,0,0,0,0,0,0,0,0,0,0,2,1,1,1,5,5,3,0,0,0,0,0,0,0,0,0,0,0,0,0,0,0,0,0,0,0,0,0,0,0,0,0,0,0,0,0,0,0,0,0,0,0,0,0,0,0,0,0,0,0,0,0,0,0,0,0,0,0,0,0,0,0,0,0,0,0,0,0,0,0,0,0,0,0,0,0,0,0,0,0,0,0,0,0,0,0,0,0,0,0,0,0,0,0,0,0,0,0,0,0,0,0,0,0,0,0,0,0,0,0,0,0,0,0,0,0,0,0,0,0,0,0,0,0,0,0,0,0,0,0,0,0,0,0,0,0,0,0,0,0,0,0,0,0,0,0,0,0,0,0,0,0,0,0,0,0,4,2,2,2,5,2,4,2,0,0,0,0,0,0,0,0,0,0,0,0,0,0,0,0,0,2,2,2,1,2,0,2,2,0,0,0,0,0,0,0,0,0,0,0,2,2,2,2,3,1,3,2,1,0,0,0,0,0,0,2,2,2,2,2,0,0,5,0,0,0,0,3,3,0,0,0,0,0,0,0,0,0,0,0,5,3,5,5,0,0,0,0,0,3,0,0,0,0,0,0,0,5,2,2,2,2,2,5,0,0,0,0,0,0,0,0,0,0,0,0,0,0,0,5,2,3,0,2,2,4,0,0,0,0,0,0,0,0,0,0,0,0,0,0,0,0,0,0,0,0,0,0,0,0,0,0,0,0,0,0,0,0,2,2,2,2,2,2,3,2,2,0,0,0,0,0,0,0,0,0,0,0,0,0,0,0,0,0,0,0,0,0,0,0,0,1,3,2,2,0,0,0,0,0,0,0,0,0,0,0,0,0,0,0,0,0,0,0,0,0,0,0,0,0,0,0,0,0,2,4,2,3,2,5,2,2,1,0,1,4,2,0,0,0,0,0,2,1,0,0,0,0,0,0,0,0,0,0,0,0,0,0,0,0,0,0,0,0,0,0,0,0,0,0,0,0,0,0,0,0,0,0,0,0,0,0,0,0,0,0,0,0,0,0,0,5,0,2,2,5,0,2,2,3,2,2,1,2,2,2,0,0,0,3,3,2,2,0,0,0,0,0,0,0,0,0,0,0,0,2,2,0,0,0,0,0,0,0,0,0,0,0,0,0,0,0,0,0,0,0,0,0,0,0,0,0,0,0,0,0,0,0,2,2,3,2,4,5,0,0,0,0,0,0,0,0,0,0,0,0,0,0,0,0,0,0,0,0,0,0,0,0,0,0,0,0,0,0,0,0,0,0,1,0,0,0,0,0,0,0,0,0,0,0,0,0,0,0,0,0,0,0,0,0,0,0,0,0,0,2,2,0,0,0,0,0,0,2,0,1,3,1,2,0,0,0,0,0,0,0,0,0,0,0,0,0,0,0,0,0,0,0,0,0,0,0,0,0,0,0,0,5,3,0,0,0,0,2,5,5,0,0,5,3,0,0,0,0,0,0,0,0,0,0,0,0,0,0,0,4,5,0,0,0,0,2,2,2,0,0,0,0,2,2,3,2,2,0,0,0,1,1,2,2,2,3,0,0,2,1,3,2,5,0,0,0,0,0,0,0,0,0,0,0,0,2,2,3,0,0,0,0,0,0,0,0,0,0,0,0,0,0,0,0,0,0,0,0,0,0,0,0,0,0,0,0,0,0,0,0,0,0,0,0,0,0,0,2,5,0,0,0,0,4,0,0,0,0,0,0,0,0,0,0,0,0,0,0,0,0,0,0,0,0,0,0,0,0,0,0,0,0,0,0,0,0,0,0,0,0,0,0,0,0,0,0,0,0,0,0,0,0,0,0,0,0,0,0,0,0,0,0,0,0,0,0,0,0,0,0,0,0,0,0,0,0,0,0,0,0,0,0,0,0,0,0,0,0,0,0,0,0,0,0,0,0,0,2,2,0,0,4,1,2,2,4,0,0,0,0,0,1,2,2,2,0,0,0,0,0,0,0,0,0,0,0,0,0,0,0,0,0,0,0,0,0,0,0,0,0,0,0,0,0,0,0,0,0,0,0,0,0,0,0,0,0,0,0,2,2,0,0,0,0,0,0,0,0,0,0,0,0,0,0,0,0,3,1,2,1,1,0,0,0,0,5,0,0,0,0,0,0,0,2,2,0,0,0,0,0,0,0,0,2,3,2,2,0,0,0,3,2,2,2,2,0,2,2,1,2,2,0,2,2,0,0,0,0,0,0,0,0,0,0,0,0,0,0,0,0,0,0,2,2,1,0,0,0,0,0,0,0,0,0,0,0,0,0,0,0,0,2,1,2,2,3,2,0,0,0,0,0,0,0,5,2,0,0,0,0,0,0,0,0,0,0,0,0,0,0,0,0,2,3,0,0,0,0,0,0,0,0,0,0,0,0,0,0,0,0,0,0,0,0,0,0,0,0,0,0,0,0,0,0,0,0,0,0,0,0,0,0,0,0,0,0,0,3,2,5,2,0,0,0,0,0,0,0,0,0,0,0,0,0,0,0,0,0,0,0,0,0,0,0,0,0,0,0,0,0,0,0,0,0,0,0,0,0,0,0,0,0,0,0,0,0,0,0,0,0,0,0,0,0,0,0,0,0,0,0,0,0,0,0,0,0,0,0,0,0,0,0,0,0,0,0,0,0,0,0,0,0,0,0,0,0,0,0,0,0,0,0,0,0,0,0,0,0,0,0,0,0,0,0,0,0,0,0,0,0,0,0,0,0,0,0,0,0,0,0,0,0,0,0,0,0,0,0,0,0,0,0,0,0,0,0,0,0,0,0,5,3,2,2,2,2,2,2,4,2,1,4,1,2,2,2,1,4,1,1,5,2,2,2,2,5,2,3,3,2,5,2,2,3,5,0,0,0,0,0,0,0,0,0,0,0,0,0,0,0,0,0,0,0,0,0,0,0,2,5,2,5,3,2,0,0,0,0,0,0,0,0,5,0,0,0,2,3,2,2,2,2,0,0,0,0,0,2,2,2,2,2,0,0,0,1,2,3,1,2,2,2,0,0,0,0,0,2,3,2,2,3,2,2,4,2,0,0,0,0,0,0,0,0,3,2,1,5,4,2,0,0,0,0,3,0,0,0,0,0,0,0,0,0,0,0,0,0,0,0,0,0,2,0,0,2,0,0,0,0,0,0,0,0,0,0,0,0,0,0,0,0,0,0,0,0,0,0,0,0,0,0,0,0,0,0,0,0,0,0,0,0,0,0,0,0,0,0,0,0,0,0,0,0,0,0,0,0,0,0,0,0,0,0,0,0,0,0,0,0,0,0,0,0,0,0,0,0,0,0,0,0,0,2,2,0,2,0,0,0,0,0,2,2,2,0,2,3,2,3,3,1,1,3,1,2,2,0,0,0,0,0,0,0,2,2,2,2,3,1,5,2,2,5,0,4,2,0,0,0,0,2,3,5,2,0,0,0,0,0,0,0,0,0,0,0,0,0,0,0,0,0,0,0,0,0,0,0,0,0,0,0,0,0,0,0,0,0,0,0,0,0,0,0,0,0,0,0,0,0,0,0,0,0,0,0,0,0,0,0,0,0,0,0,0,0,0,0,0,0,0,0,0,0,0,0,0,0,0,0,0,0,0,0,0,0,0,0,0,0,0,0,0,0,0,0,0,0,0,0,0,2,1,1,3,2,3,2,2,5,1,5,5,2,1,4,3,0,0,0,0,0,0,0,0,0,0,0,0,0,0,0,0,0,0,0,0,0,0,0,0,0,0,0,0,0,0,0,0,0,0,0,0,0,0,0,0,0,0,0,0,0,0,0,0,0,0,0,0,0,0,0,0,0,0,0,0,0,0,0,0,0,0,0,0,0,0,0,0,0,0,0,0,0,0,0,0,0,0,0,0,0,0,0,0,0,0,0,0,0,0,0,0,0,0,0,0,0,0,0,0,0,0,0,0,0,0,0,0,0,0,0,0,0,0,0,0,0,0,0,0,0,0,0,0,0,0,0,0,0,0,0,0,0,0,0,0,0,0,0,0,0,0,0,0,0,0,0,0,0,0,0,0,0,0,0,0,0,0,0,0,0,0,0,0,0,0,0,0,0,0,0,0,0,0,0,0,0,0,0,0,0,0,0,0,0,0,0,0,0,0,0,0,0,0,0,0,0,0,0,0,0,0,0,0,0,0,0,0,0,0,0,0,0,0,0,0,0,0,0,0,0,0,0,0,0,0,0,0,0,0,0,0,0,0,0,0,0,0,0,0,0,0,0,0,0,0,0,0,0,0,0,0,0,0,0,0,0,0,0,0,0,0,0,0,0,0,0,0,0,0,0,0,0,0,0,0,0,0,0,0,3,2,3,5,5,3,3,3,3,3,2,2,2,3,5,5,3,0,0,0,0,0,0,0,0,0,0,0,0,0,0,0,0,0,0,0,0,0,0,0,0,0,0,0,0,0,0,0,0,0,0,0,0,0,0,0,0,0,0,0,0,0,0,0,0,0,0,0,0,0,0,0,0,0,0,0,0,0,0,0,0,0,0,0,0,0,0,0,0,0,0,0,0,0,0,0,0,0,0,0,0,0,0,0,0,0,0,0,0,0,0,0,0,0,0,0,0,0,0,0,0,0,0,0,0,0,0,0,0,0,0,0,0,0,0,0,0,0,0,0,0,0,0,0,0,0,3,3,3,5,3,1,3,3,1,3,3,2,0,0,0,0,0,0,0,0,0,0,0,0,0,0,0,0,0,0,0,0,0,0,0,0,0,0,0,0,0,0,0,0,0,0,0,0,0,0,0,0,0,0,0,0,0,0,0,0,0,0,0,0,0,0,0,0,1.3068231344223022,-3.792571783065796,-4.678828239440918,8.457000732421875,0.6464606523513794,-1.1635621786117554,-15.11973762512207,0.8450096845626831,12.237092971801758,7.309540271759033,-6.435366153717041,-0.0291713625192642,-13.775529861450195,0.5283659100532532,-5.555119514465332,0.7839997410774231,4.724874973297119,-3.869847297668457,-6.982969284057617,8.444954872131348,-1.1037449836730957,7.766750335693359,20.10908889770508,6.458808898925781,-11.017218589782717,0.0494294054806232,1.7059389352798462,-10.713475227355955,2.109981060028076,0.5350474119186401,15.506077766418455,-8.149693489074707,-2.269085168838501,-7.625099658966064,3.700452089309693,1.822588324546814,2.819281816482544,2.6931395530700684,8.163347244262695,4.392361640930176,-0.2461431622505188,-1.9113768339157104,-9.184947967529297,1.126792311668396,-12.489105224609377,4.091331481933594,-0.483628898859024,8.894875526428223,-7.203152656555176,0.8513919711112976,7.750876426696777,-6.075043678283691,-6.92539644241333,-8.763040542602539,-5.385886192321777,-7.329869270324707,-3.264188289642334,0.6426791548728943,6.344674587249756,0.6780419945716858,-0.3919695913791656,-10.026108741760254,-1.7520525455474854,6.659192562103272,-12.764616012573242,-0.1716017127037048,11.025172233581545,3.3384268283843994,-3.0868074893951416,3.874194860458374,-6.09188985824585,1.5854426622390747,6.063566207885742,-7.623261451721191,-2.142941236495972,5.820873737335205,-4.509517192840576,4.789237022399902,-0.2714008092880249,6.568525314331055,5.58152961730957,-0.7764211893081665,-8.105116844177246,-10.54523754119873,3.450887441635132,-1.425849676132202,-6.706270694732666,4.0169854164123535,4.108086109161377,-2.3295798301696777,3.4580559730529785,3.1110973358154297,2.5232067108154297,11.255655288696287,3.9717187881469727,-0.6679747700691223,2.120485782623291,2.4979517459869385,6.347593784332275,1.327464580535889,-3.626776218414306,-11.450044631958008,-5.7165398597717285,-10.326431274414062,2.3484010696411133,-9.861550331115724,-3.706601619720459,3.62808895111084,2.01590633392334,-7.191025257110596,-17.664997100830078,1.9842733144760127,4.065985202789307,-0.4381686151027679,-0.6757816076278687,-5.72206449508667,9.168148040771484,8.787927627563477,-4.409542560577393,4.803924560546875,-13.123438835144045,1.1247669458389282,-3.046111583709717,6.736955642700195,4.103137016296387,-8.200778007507324,-13.584936141967772,-2.4780588150024414,-0.8033322095870972,0.5830124616622925,-0.628216564655304,1.549459457397461,9.871490478515623,15.637758255004885,-2.9670450687408447,13.352194786071776,13.554330825805664,1.9433306455612185,12.878081321716309,-3.975586414337158,9.891242027282717,-1.971863269805908,-0.7903856039047241,1.2622394561767578,12.46189308166504,9.54870891571045,2.108461618423462,1.4304428100585938,0.9584468603134156,11.163863182067873,7.988143920898437,3.758392810821533,10.641027450561523,-5.076104164123535,-1.9850844144821167,2.5431158542633057,-5.703269958496094,-7.914719581604004,5.164331436157227,-8.381889343261719,-2.3710970878601074,-3.803481578826904,-10.017786026000977,3.777172088623047,2.8105499744415283,-8.010435104370117,1.4493178129196167,-5.134376525878906,1.2021217346191406,6.505730628967285,-6.058651924133301,-2.8129868507385254,14.137022018432615,-5.060482025146484,-0.5242584943771362,-0.6195704340934753,6.058718681335449,-1.7377283573150637,-8.517735481262207,10.734992027282717,-6.206305503845215,8.8214111328125,-2.125409841537476,7.875874519348144,10.616201400756836,-3.374339818954468,-1.2453521490097046,-0.8665084838867188,-8.531517028808594,-5.585078239440918,-1.49862539768219,-1.3053905963897705,-1.445249319076538,1.7880414724349976,5.11636209487915,-0.3519742488861084,-5.648679733276367,-11.692691802978516,-1.3174254894256592,-1.8194671869277956,0.5240352749824524,1.4699057340621948,6.790545463562012,1.3242098093032837,4.861422061920166,-4.186132431030273,14.112590789794922,7.245279788970947,10.951080322265623,-2.0616438388824463,13.641420364379885,-1.620916724205017,5.70974063873291,-4.586515426635742,3.0347557067871094,4.913296699523926,1.5891376733779907,4.505321025848389,-6.652440547943115,6.399184703826904,2.907094717025757,-8.636859893798828,-0.1970869302749633,1.240921139717102,1.8244028091430664,-4.170652866363525,-0.8206781148910522,3.594901323318481,9.178236961364746,-12.872081756591797,2.4081051349639893,-3.188969612121582,-9.965941429138184,-13.705489158630373,-4.557084083557129,-2.618724822998047,-1.3208651542663574,-3.764656782150269,-5.146425724029541,9.21932315826416,4.107804775238037,2.002671480178833,3.025519609451294,-1.956624984741211,-4.232555866241455,4.447713851928711,-14.00629997253418,-8.348155975341797,2.00998592376709,-7.9207000732421875,-17.316343307495117,1.812010169029236,-2.9525365829467773,2.0607829093933105,-11.791172981262209,1.1586012840270996,4.991055965423584,-13.083720207214355,9.11540412902832,-6.324389934539795,-4.237481117248535,7.145242691040039,4.2736029624938965,11.180797576904297,2.6632699966430664,-6.851207733154297,-6.750035762786865,5.630066871643066,0.7497008442878723,-9.825797080993652,-1.8470799922943115,5.993163108825684,0.4040455818176269,4.679373741149902,0.4034572243690491,-6.254027366638184,-3.2234342098236084,-4.491649150848389,-1.8186627626419067,-2.093838930130005,-7.989289283752441,-6.646004676818848,-18.12300491333008,-7.598565578460693,-0.456196516752243,2.0474352836608887,0.0210255682468414,-2.40251088142395,-8.853127479553223,-1.3483885526657104,0.3760649561882019,13.382347106933594,13.533690452575684,2.6291778087615967,-10.730215072631836,-0.4490926563739776,-6.059562683105469,-3.342878818511963,-11.524566650390623,-2.2588510513305664,-1.0,1.9542425094393248
OXYR_HUMAN,CHEMBL475395,Cc1cc(C(=O)N(CC2CC2)CC2CCCO2)ccc1-c1ccccc1,0,0,0,0,0,0,0,0,0,0,0,0,0,0,0,0,0,0,0,0,0,0,0,0,0,0,0,0,0,0,0,0,0,0,0,0,0,0,0,0,0,0,0,0,0,0,0,0,0,0,0,0,0,0,0,0,0,0,0,0,0,0,0,0,0,0,0,0,0,0,0,0,0,0,0,0,0,0,0,0,0,0,0,0,0,0,0,0,0,0,0,0,0,0,0,0,0,0,0,0,0,0,0,0,0,0,0,0,0,0,0,0,0,0,0,0,0,0,0,0,0,0,0,0,0,0,0,0,0,0,0,0,0,0,0,0,0,0,0,0,0,0,0,0,0,0,0,0,0,0,0,0,0,0,0,0,0,0,0,0,0,0,0,0,0,0,0,0,0,0,0,0,0,0,0,0,0,0,0,0,0,0,0,0,0,2,4,1,2,2,2,2,3,2,3,2,4,2,2,3,2,0,0,0,0,0,0,0,0,0,0,0,0,0,0,0,0,3,2,2,1,0,0,0,0,0,0,0,0,0,0,0,0,0,0,0,0,0,1,1,2,4,1,3,0,0,0,0,0,0,0,0,0,0,0,5,3,0,0,0,0,0,0,0,0,0,0,0,0,0,0,0,0,0,0,0,0,0,0,0,0,0,0,0,0,0,0,0,0,0,0,0,0,0,0,0,0,0,0,0,0,0,0,0,0,0,0,0,0,0,0,0,0,0,0,0,0,0,0,0,0,0,0,0,0,0,0,0,0,0,0,0,0,0,0,0,0,0,0,0,0,0,0,0,0,0,0,0,0,0,0,0,0,0,0,0,0,0,0,0,0,0,0,0,0,0,0,0,0,0,0,0,0,0,0,0,0,0,0,0,0,0,0,0,0,0,0,0,0,0,0,0,0,0,0,0,0,0,0,0,0,0,0,0,0,0,0,0,0,0,0,0,0,0,0,0,0,0,0,0,0,0,0,0,0,0,0,0,0,0,0,0,0,2,1,1,1,5,5,3,0,0,0,0,0,0,0,0,0,0,0,0,0,0,0,0,0,0,0,0,0,0,0,0,0,0,0,0,0,0,0,0,0,0,0,0,0,0,0,0,0,0,0,0,0,0,0,0,0,0,0,0,0,0,0,0,0,0,0,0,0,0,0,0,0,0,0,0,0,0,0,0,0,0,0,0,0,0,0,0,0,0,0,0,0,0,0,0,0,0,0,0,0,0,0,0,0,0,0,0,0,0,0,0,0,0,0,0,0,0,0,0,0,0,0,0,0,0,0,0,0,0,0,0,0,0,0,0,0,0,0,0,0,0,0,0,0,0,0,0,0,0,0,0,0,0,0,0,0,4,2,2,2,5,2,4,2,0,0,0,0,0,0,0,0,0,0,0,0,0,0,0,0,0,2,2,2,1,2,0,2,2,0,0,0,0,0,0,0,0,0,0,0,2,2,2,2,3,1,3,2,1,0,0,0,0,0,0,2,2,2,2,2,0,0,5,0,0,0,0,3,3,0,0,0,0,0,0,0,0,0,0,0,5,3,5,5,0,0,0,0,0,3,0,0,0,0,0,0,0,5,2,2,2,2,2,5,0,0,0,0,0,0,0,0,0,0,0,0,0,0,0,5,2,3,0,2,2,4,0,0,0,0,0,0,0,0,0,0,0,0,0,0,0,0,0,0,0,0,0,0,0,0,0,0,0,0,0,0,0,0,2,2,2,2,2,2,3,2,2,0,0,0,0,0,0,0,0,0,0,0,0,0,0,0,0,0,0,0,0,0,0,0,0,1,3,2,2,0,0,0,0,0,0,0,0,0,0,0,0,0,0,0,0,0,0,0,0,0,0,0,0,0,0,0,0,0,2,4,2,3,2,5,2,2,1,0,1,4,2,0,0,0,0,0,2,1,0,0,0,0,0,0,0,0,0,0,0,0,0,0,0,0,0,0,0,0,0,0,0,0,0,0,0,0,0,0,0,0,0,0,0,0,0,0,0,0,0,0,0,0,0,0,0,5,0,2,2,5,0,2,2,3,2,2,1,2,2,2,0,0,0,3,3,2,2,0,0,0,0,0,0,0,0,0,0,0,0,2,2,0,0,0,0,0,0,0,0,0,0,0,0,0,0,0,0,0,0,0,0,0,0,0,0,0,0,0,0,0,0,0,2,2,3,2,4,5,0,0,0,0,0,0,0,0,0,0,0,0,0,0,0,0,0,0,0,0,0,0,0,0,0,0,0,0,0,0,0,0,0,0,1,0,0,0,0,0,0,0,0,0,0,0,0,0,0,0,0,0,0,0,0,0,0,0,0,0,0,2,2,0,0,0,0,0,0,2,0,1,3,1,2,0,0,0,0,0,0,0,0,0,0,0,0,0,0,0,0,0,0,0,0,0,0,0,0,0,0,0,0,5,3,0,0,0,0,2,5,5,0,0,5,3,0,0,0,0,0,0,0,0,0,0,0,0,0,0,0,4,5,0,0,0,0,2,2,2,0,0,0,0,2,2,3,2,2,0,0,0,1,1,2,2,2,3,0,0,2,1,3,2,5,0,0,0,0,0,0,0,0,0,0,0,0,2,2,3,0,0,0,0,0,0,0,0,0,0,0,0,0,0,0,0,0,0,0,0,0,0,0,0,0,0,0,0,0,0,0,0,0,0,0,0,0,0,0,2,5,0,0,0,0,4,0,0,0,0,0,0,0,0,0,0,0,0,0,0,0,0,0,0,0,0,0,0,0,0,0,0,0,0,0,0,0,0,0,0,0,0,0,0,0,0,0,0,0,0,0,0,0,0,0,0,0,0,0,0,0,0,0,0,0,0,0,0,0,0,0,0,0,0,0,0,0,0,0,0,0,0,0,0,0,0,0,0,0,0,0,0,0,0,0,0,0,0,0,2,2,0,0,4,1,2,2,4,0,0,0,0,0,1,2,2,2,0,0,0,0,0,0,0,0,0,0,0,0,0,0,0,0,0,0,0,0,0,0,0,0,0,0,0,0,0,0,0,0,0,0,0,0,0,0,0,0,0,0,0,2,2,0,0,0,0,0,0,0,0,0,0,0,0,0,0,0,0,3,1,2,1,1,0,0,0,0,5,0,0,0,0,0,0,0,2,2,0,0,0,0,0,0,0,0,2,3,2,2,0,0,0,3,2,2,2,2,0,2,2,1,2,2,0,2,2,0,0,0,0,0,0,0,0,0,0,0,0,0,0,0,0,0,0,2,2,1,0,0,0,0,0,0,0,0,0,0,0,0,0,0,0,0,2,1,2,2,3,2,0,0,0,0,0,0,0,5,2,0,0,0,0,0,0,0,0,0,0,0,0,0,0,0,0,2,3,0,0,0,0,0,0,0,0,0,0,0,0,0,0,0,0,0,0,0,0,0,0,0,0,0,0,0,0,0,0,0,0,0,0,0,0,0,0,0,0,0,0,0,3,2,5,2,0,0,0,0,0,0,0,0,0,0,0,0,0,0,0,0,0,0,0,0,0,0,0,0,0,0,0,0,0,0,0,0,0,0,0,0,0,0,0,0,0,0,0,0,0,0,0,0,0,0,0,0,0,0,0,0,0,0,0,0,0,0,0,0,0,0,0,0,0,0,0,0,0,0,0,0,0,0,0,0,0,0,0,0,0,0,0,0,0,0,0,0,0,0,0,0,0,0,0,0,0,0,0,0,0,0,0,0,0,0,0,0,0,0,0,0,0,0,0,0,0,0,0,0,0,0,0,0,0,0,0,0,0,0,0,0,0,0,0,5,3,2,2,2,2,2,2,4,2,1,4,1,2,2,2,1,4,1,1,5,2,2,2,2,5,2,3,3,2,5,2,2,3,5,0,0,0,0,0,0,0,0,0,0,0,0,0,0,0,0,0,0,0,0,0,0,0,2,5,2,5,3,2,0,0,0,0,0,0,0,0,5,0,0,0,2,3,2,2,2,2,0,0,0,0,0,2,2,2,2,2,0,0,0,1,2,3,1,2,2,2,0,0,0,0,0,2,3,2,2,3,2,2,4,2,0,0,0,0,0,0,0,0,3,2,1,5,4,2,0,0,0,0,3,0,0,0,0,0,0,0,0,0,0,0,0,0,0,0,0,0,2,0,0,2,0,0,0,0,0,0,0,0,0,0,0,0,0,0,0,0,0,0,0,0,0,0,0,0,0,0,0,0,0,0,0,0,0,0,0,0,0,0,0,0,0,0,0,0,0,0,0,0,0,0,0,0,0,0,0,0,0,0,0,0,0,0,0,0,0,0,0,0,0,0,0,0,0,0,0,0,0,2,2,0,2,0,0,0,0,0,2,2,2,0,2,3,2,3,3,1,1,3,1,2,2,0,0,0,0,0,0,0,2,2,2,2,3,1,5,2,2,5,0,4,2,0,0,0,0,2,3,5,2,0,0,0,0,0,0,0,0,0,0,0,0,0,0,0,0,0,0,0,0,0,0,0,0,0,0,0,0,0,0,0,0,0,0,0,0,0,0,0,0,0,0,0,0,0,0,0,0,0,0,0,0,0,0,0,0,0,0,0,0,0,0,0,0,0,0,0,0,0,0,0,0,0,0,0,0,0,0,0,0,0,0,0,0,0,0,0,0,0,0,0,0,0,0,0,0,2,1,1,3,2,3,2,2,5,1,5,5,2,1,4,3,0,0,0,0,0,0,0,0,0,0,0,0,0,0,0,0,0,0,0,0,0,0,0,0,0,0,0,0,0,0,0,0,0,0,0,0,0,0,0,0,0,0,0,0,0,0,0,0,0,0,0,0,0,0,0,0,0,0,0,0,0,0,0,0,0,0,0,0,0,0,0,0,0,0,0,0,0,0,0,0,0,0,0,0,0,0,0,0,0,0,0,0,0,0,0,0,0,0,0,0,0,0,0,0,0,0,0,0,0,0,0,0,0,0,0,0,0,0,0,0,0,0,0,0,0,0,0,0,0,0,0,0,0,0,0,0,0,0,0,0,0,0,0,0,0,0,0,0,0,0,0,0,0,0,0,0,0,0,0,0,0,0,0,0,0,0,0,0,0,0,0,0,0,0,0,0,0,0,0,0,0,0,0,0,0,0,0,0,0,0,0,0,0,0,0,0,0,0,0,0,0,0,0,0,0,0,0,0,0,0,0,0,0,0,0,0,0,0,0,0,0,0,0,0,0,0,0,0,0,0,0,0,0,0,0,0,0,0,0,0,0,0,0,0,0,0,0,0,0,0,0,0,0,0,0,0,0,0,0,0,0,0,0,0,0,0,0,0,0,0,0,0,0,0,0,0,0,0,0,0,0,0,0,0,3,2,3,5,5,3,3,3,3,3,2,2,2,3,5,5,3,0,0,0,0,0,0,0,0,0,0,0,0,0,0,0,0,0,0,0,0,0,0,0,0,0,0,0,0,0,0,0,0,0,0,0,0,0,0,0,0,0,0,0,0,0,0,0,0,0,0,0,0,0,0,0,0,0,0,0,0,0,0,0,0,0,0,0,0,0,0,0,0,0,0,0,0,0,0,0,0,0,0,0,0,0,0,0,0,0,0,0,0,0,0,0,0,0,0,0,0,0,0,0,0,0,0,0,0,0,0,0,0,0,0,0,0,0,0,0,0,0,0,0,0,0,0,0,0,0,3,3,3,5,3,1,3,3,1,3,3,2,0,0,0,0,0,0,0,0,0,0,0,0,0,0,0,0,0,0,0,0,0,0,0,0,0,0,0,0,0,0,0,0,0,0,0,0,0,0,0,0,0,0,0,0,0,0,0,0,0,0,0,0,0,0,0,0,1.730831742286682,-2.847685575485229,-3.5532374382019043,5.151797294616699,-1.0005671977996826,0.463523119688034,-10.278059005737305,0.60000079870224,5.763635635375977,2.469235181808472,-0.726102352142334,-0.2475678324699401,-7.8470778465271,2.4983389377593994,-6.938230514526367,-3.693589687347412,5.691856861114502,-4.323785781860352,-6.862062454223633,6.039206027984619,0.8448431491851807,7.301374912261963,15.269834518432615,7.097934722900391,-5.499691486358643,-1.0140842199325562,-1.0171725749969482,-9.479769706726074,1.2194899320602417,-0.5717719793319702,9.845900535583496,-6.60958194732666,-6.162867069244385,-5.256315231323242,3.0144758224487305,0.5106344819068909,-1.4678678512573242,-0.7752735614776611,10.196284294128418,5.262800693511963,-4.395789623260498,-0.8369204998016357,-4.42179536819458,-1.7144399881362915,-9.683652877807615,4.146707057952881,0.4872398674488067,5.481293201446533,-7.078826904296875,5.219406604766846,5.007697582244873,-6.051090240478516,0.144187718629837,-8.14699935913086,-5.505106925964356,-6.004490375518799,-4.906852722167969,0.9450937509536744,4.975640296936035,6.550912380218506,0.6735633015632629,-5.5774664878845215,-3.0580356121063232,2.0274369716644287,-15.575811386108398,-2.9060795307159424,7.894196033477783,0.0772145316004753,-3.69679594039917,0.3365741968154907,-6.688990592956543,2.140488862991333,8.04500675201416,-8.003167152404785,-2.470846652984619,5.480465412139893,-8.040325164794922,2.7379250526428223,-1.4577072858810425,6.021921634674072,5.186857223510742,-0.2278090417385101,-2.987363338470459,-12.613743782043455,1.6694189310073853,-2.3218541145324707,-6.725805759429932,7.458032608032227,4.044219493865967,-4.641294956207275,3.773740530014038,4.128123283386231,3.127671480178833,6.376307964324951,4.707444190979004,-2.267019510269165,2.603058338165283,6.153012752532959,4.826905727386475,2.0344700813293457,-3.680798292160034,-7.032299518585205,-5.547027587890625,-10.843491554260254,6.002449035644531,-7.370321750640869,-1.1279443502426147,4.971724033355713,-1.177410364151001,-6.865858554840088,-12.556988716125488,6.448482513427734,2.910887718200684,-0.4388888478279114,0.196493849158287,-5.457118034362793,5.6432976722717285,9.791034698486328,-4.568192005157471,4.734609127044678,-7.869227409362793,-0.5655210614204407,-2.4611153602600098,6.111881732940674,2.841243028640747,-9.163158416748049,-9.922792434692385,-3.729011058807373,-5.605470657348633,-0.5947123765945435,-1.5122040510177612,4.45584774017334,11.04047393798828,8.706977844238281,-1.6334657669067385,13.786892890930176,9.90541934967041,-1.135555624961853,6.795046806335449,-4.045196533203125,4.621298789978027,-2.315547466278076,-1.7380337715148926,-0.4278613626956939,6.9211249351501465,6.372966289520264,0.824808657169342,3.669755220413208,-0.8861656785011292,6.64491081237793,2.419584035873413,3.988637924194336,8.467687606811523,-3.3181869983673096,-1.921681880950928,1.1098086833953855,-4.30429744720459,-4.923191547393799,-1.2997485399246216,-4.257020473480225,-3.4300050735473637,-1.839963436126709,-6.971616268157959,1.203153133392334,-2.0472288131713867,-6.527463436126709,0.5452257990837097,-2.773789882659912,-0.2601810097694397,5.604250907897949,-5.288598537445068,-4.878574371337891,14.35415744781494,-5.137712478637695,3.033193588256836,-0.0800346955657005,6.285372257232666,-2.7040884494781494,-4.1816086769104,14.268462181091309,-1.2000033855438232,8.82002067565918,-2.1561038494110107,7.034760475158691,10.038372993469238,-1.7701884508132937,-4.177951335906982,-2.268840074539185,-6.5386834144592285,-3.971581697463989,0.612198531627655,-1.031582593917847,-1.1216669082641602,1.1406031847000122,0.616999626159668,-2.215725898742676,-2.6537716388702397,-12.612241744995115,-2.9907443523406982,3.88799786567688,3.912977457046509,2.548950672149658,4.155600547790527,3.025182247161865,2.0225536823272705,-2.1978025436401367,11.235958099365234,6.973490238189697,9.213800430297852,-1.5420838594436646,11.34554958343506,-4.178896427154541,5.058591842651367,-6.464540481567383,1.5943279266357422,-1.8915574550628664,2.352779626846313,4.568829536437988,-5.047785758972168,6.222597122192383,1.7541160583496094,-7.670287609100342,-2.860236167907715,1.690838098526001,4.079406261444092,-6.048845291137695,-1.1934856176376345,-2.0330464839935303,2.842772960662842,-6.789859771728516,3.407162666320801,1.6241191625595093,-3.624032020568848,-11.173401832580566,-2.5849826335906982,-3.5281336307525635,-3.637068510055542,0.6525117754936218,-2.3537161350250244,7.14618730545044,7.620953559875488,-2.1298727989196777,5.335798740386963,1.5122461318969729,-5.742533683776856,5.921113967895508,-10.79434585571289,-7.38116455078125,3.1131551265716557,-1.7699848413467407,-15.99673843383789,4.228152751922607,1.773942470550537,-0.3537754118442535,-12.463780403137209,0.9880672693252563,1.4548720121383667,-5.194847106933594,7.601332187652588,-7.369174003601074,1.4248576164245603,7.426560878753662,3.846882581710816,9.376108169555664,5.288412570953369,-6.463425636291504,-8.446335792541504,6.547214508056641,2.124601364135742,-5.448799133300781,-1.7787185907363892,3.5763721466064453,-2.2619426250457764,0.4590272307395935,-0.9450502395629884,-2.9773998260498047,-2.228262424468994,0.9892846941947936,-1.660839319229126,0.2718904018402099,-5.214751243591309,-5.650719165802002,-9.3731689453125,-8.132272720336914,-0.6164608001708984,3.230851650238037,-2.132883071899414,-3.2666749954223637,-6.19761323928833,-0.1494848430156707,-0.3122111856937408,13.640155792236328,7.9369964599609375,-1.0341806411743164,-9.266960144042969,-6.542076110839844,-7.967065334320068,-4.554879188537598,-10.729425430297852,-1.532746195793152,-1.0,-0.0969100130080563
OXYR_HUMAN,CHEMBL1819550,CCC(C)C1NC(=O)C(Cc2ccco2)NC(=O)C(N)CSSCC(C(=O)N2CCCC2C(=O)NC(CCN)C(=O)NCC(N)=O)NC(=O)C(CC(N)=O)NC(=O)C(CCC(N)=O)NC1=O,0,0,0,0,0,0,0,0,0,0,0,0,0,0,0,0,0,0,0,0,0,0,0,0,0,0,0,0,0,0,0,0,0,0,0,0,0,0,0,0,0,0,0,0,0,0,0,0,0,0,0,0,0,0,0,0,0,0,0,0,0,0,0,0,0,0,0,0,0,0,0,0,0,0,0,0,0,0,0,0,0,0,0,0,0,0,0,0,0,0,0,0,0,0,0,0,0,0,0,0,0,0,0,0,0,0,0,0,0,0,0,0,0,0,0,0,0,0,0,0,0,0,0,0,0,0,0,0,0,0,0,0,0,0,0,0,0,0,0,0,0,0,0,0,0,0,0,0,0,0,0,0,0,0,0,0,0,0,0,0,0,0,0,0,0,0,0,0,0,0,0,0,0,0,0,0,0,0,0,0,0,0,0,0,0,2,4,1,2,2,2,2,3,2,3,2,4,2,2,3,2,0,0,0,0,0,0,0,0,0,0,0,0,0,0,0,0,3,2,2,1,0,0,0,0,0,0,0,0,0,0,0,0,0,0,0,0,0,1,1,2,4,1,3,0,0,0,0,0,0,0,0,0,0,0,5,3,0,0,0,0,0,0,0,0,0,0,0,0,0,0,0,0,0,0,0,0,0,0,0,0,0,0,0,0,0,0,0,0,0,0,0,0,0,0,0,0,0,0,0,0,0,0,0,0,0,0,0,0,0,0,0,0,0,0,0,0,0,0,0,0,0,0,0,0,0,0,0,0,0,0,0,0,0,0,0,0,0,0,0,0,0,0,0,0,0,0,0,0,0,0,0,0,0,0,0,0,0,0,0,0,0,0,0,0,0,0,0,0,0,0,0,0,0,0,0,0,0,0,0,0,0,0,0,0,0,0,0,0,0,0,0,0,0,0,0,0,0,0,0,0,0,0,0,0,0,0,0,0,0,0,0,0,0,0,0,0,0,0,0,0,0,0,0,0,0,0,0,0,0,0,0,0,2,1,1,1,5,5,3,0,0,0,0,0,0,0,0,0,0,0,0,0,0,0,0,0,0,0,0,0,0,0,0,0,0,0,0,0,0,0,0,0,0,0,0,0,0,0,0,0,0,0,0,0,0,0,0,0,0,0,0,0,0,0,0,0,0,0,0,0,0,0,0,0,0,0,0,0,0,0,0,0,0,0,0,0,0,0,0,0,0,0,0,0,0,0,0,0,0,0,0,0,0,0,0,0,0,0,0,0,0,0,0,0,0,0,0,0,0,0,0,0,0,0,0,0,0,0,0,0,0,0,0,0,0,0,0,0,0,0,0,0,0,0,0,0,0,0,0,0,0,0,0,0,0,0,0,0,4,2,2,2,5,2,4,2,0,0,0,0,0,0,0,0,0,0,0,0,0,0,0,0,0,2,2,2,1,2,0,2,2,0,0,0,0,0,0,0,0,0,0,0,2,2,2,2,3,1,3,2,1,0,0,0,0,0,0,2,2,2,2,2,0,0,5,0,0,0,0,3,3,0,0,0,0,0,0,0,0,0,0,0,5,3,5,5,0,0,0,0,0,3,0,0,0,0,0,0,0,5,2,2,2,2,2,5,0,0,0,0,0,0,0,0,0,0,0,0,0,0,0,5,2,3,0,2,2,4,0,0,0,0,0,0,0,0,0,0,0,0,0,0,0,0,0,0,0,0,0,0,0,0,0,0,0,0,0,0,0,0,2,2,2,2,2,2,3,2,2,0,0,0,0,0,0,0,0,0,0,0,0,0,0,0,0,0,0,0,0,0,0,0,0,1,3,2,2,0,0,0,0,0,0,0,0,0,0,0,0,0,0,0,0,0,0,0,0,0,0,0,0,0,0,0,0,0,2,4,2,3,2,5,2,2,1,0,1,4,2,0,0,0,0,0,2,1,0,0,0,0,0,0,0,0,0,0,0,0,0,0,0,0,0,0,0,0,0,0,0,0,0,0,0,0,0,0,0,0,0,0,0,0,0,0,0,0,0,0,0,0,0,0,0,5,0,2,2,5,0,2,2,3,2,2,1,2,2,2,0,0,0,3,3,2,2,0,0,0,0,0,0,0,0,0,0,0,0,2,2,0,0,0,0,0,0,0,0,0,0,0,0,0,0,0,0,0,0,0,0,0,0,0,0,0,0,0,0,0,0,0,2,2,3,2,4,5,0,0,0,0,0,0,0,0,0,0,0,0,0,0,0,0,0,0,0,0,0,0,0,0,0,0,0,0,0,0,0,0,0,0,1,0,0,0,0,0,0,0,0,0,0,0,0,0,0,0,0,0,0,0,0,0,0,0,0,0,0,2,2,0,0,0,0,0,0,2,0,1,3,1,2,0,0,0,0,0,0,0,0,0,0,0,0,0,0,0,0,0,0,0,0,0,0,0,0,0,0,0,0,5,3,0,0,0,0,2,5,5,0,0,5,3,0,0,0,0,0,0,0,0,0,0,0,0,0,0,0,4,5,0,0,0,0,2,2,2,0,0,0,0,2,2,3,2,2,0,0,0,1,1,2,2,2,3,0,0,2,1,3,2,5,0,0,0,0,0,0,0,0,0,0,0,0,2,2,3,0,0,0,0,0,0,0,0,0,0,0,0,0,0,0,0,0,0,0,0,0,0,0,0,0,0,0,0,0,0,0,0,0,0,0,0,0,0,0,2,5,0,0,0,0,4,0,0,0,0,0,0,0,0,0,0,0,0,0,0,0,0,0,0,0,0,0,0,0,0,0,0,0,0,0,0,0,0,0,0,0,0,0,0,0,0,0,0,0,0,0,0,0,0,0,0,0,0,0,0,0,0,0,0,0,0,0,0,0,0,0,0,0,0,0,0,0,0,0,0,0,0,0,0,0,0,0,0,0,0,0,0,0,0,0,0,0,0,0,2,2,0,0,4,1,2,2,4,0,0,0,0,0,1,2,2,2,0,0,0,0,0,0,0,0,0,0,0,0,0,0,0,0,0,0,0,0,0,0,0,0,0,0,0,0,0,0,0,0,0,0,0,0,0,0,0,0,0,0,0,2,2,0,0,0,0,0,0,0,0,0,0,0,0,0,0,0,0,3,1,2,1,1,0,0,0,0,5,0,0,0,0,0,0,0,2,2,0,0,0,0,0,0,0,0,2,3,2,2,0,0,0,3,2,2,2,2,0,2,2,1,2,2,0,2,2,0,0,0,0,0,0,0,0,0,0,0,0,0,0,0,0,0,0,2,2,1,0,0,0,0,0,0,0,0,0,0,0,0,0,0,0,0,2,1,2,2,3,2,0,0,0,0,0,0,0,5,2,0,0,0,0,0,0,0,0,0,0,0,0,0,0,0,0,2,3,0,0,0,0,0,0,0,0,0,0,0,0,0,0,0,0,0,0,0,0,0,0,0,0,0,0,0,0,0,0,0,0,0,0,0,0,0,0,0,0,0,0,0,3,2,5,2,0,0,0,0,0,0,0,0,0,0,0,0,0,0,0,0,0,0,0,0,0,0,0,0,0,0,0,0,0,0,0,0,0,0,0,0,0,0,0,0,0,0,0,0,0,0,0,0,0,0,0,0,0,0,0,0,0,0,0,0,0,0,0,0,0,0,0,0,0,0,0,0,0,0,0,0,0,0,0,0,0,0,0,0,0,0,0,0,0,0,0,0,0,0,0,0,0,0,0,0,0,0,0,0,0,0,0,0,0,0,0,0,0,0,0,0,0,0,0,0,0,0,0,0,0,0,0,0,0,0,0,0,0,0,0,0,0,0,0,5,3,2,2,2,2,2,2,4,2,1,4,1,2,2,2,1,4,1,1,5,2,2,2,2,5,2,3,3,2,5,2,2,3,5,0,0,0,0,0,0,0,0,0,0,0,0,0,0,0,0,0,0,0,0,0,0,0,2,5,2,5,3,2,0,0,0,0,0,0,0,0,5,0,0,0,2,3,2,2,2,2,0,0,0,0,0,2,2,2,2,2,0,0,0,1,2,3,1,2,2,2,0,0,0,0,0,2,3,2,2,3,2,2,4,2,0,0,0,0,0,0,0,0,3,2,1,5,4,2,0,0,0,0,3,0,0,0,0,0,0,0,0,0,0,0,0,0,0,0,0,0,2,0,0,2,0,0,0,0,0,0,0,0,0,0,0,0,0,0,0,0,0,0,0,0,0,0,0,0,0,0,0,0,0,0,0,0,0,0,0,0,0,0,0,0,0,0,0,0,0,0,0,0,0,0,0,0,0,0,0,0,0,0,0,0,0,0,0,0,0,0,0,0,0,0,0,0,0,0,0,0,0,2,2,0,2,0,0,0,0,0,2,2,2,0,2,3,2,3,3,1,1,3,1,2,2,0,0,0,0,0,0,0,2,2,2,2,3,1,5,2,2,5,0,4,2,0,0,0,0,2,3,5,2,0,0,0,0,0,0,0,0,0,0,0,0,0,0,0,0,0,0,0,0,0,0,0,0,0,0,0,0,0,0,0,0,0,0,0,0,0,0,0,0,0,0,0,0,0,0,0,0,0,0,0,0,0,0,0,0,0,0,0,0,0,0,0,0,0,0,0,0,0,0,0,0,0,0,0,0,0,0,0,0,0,0,0,0,0,0,0,0,0,0,0,0,0,0,0,0,2,1,1,3,2,3,2,2,5,1,5,5,2,1,4,3,0,0,0,0,0,0,0,0,0,0,0,0,0,0,0,0,0,0,0,0,0,0,0,0,0,0,0,0,0,0,0,0,0,0,0,0,0,0,0,0,0,0,0,0,0,0,0,0,0,0,0,0,0,0,0,0,0,0,0,0,0,0,0,0,0,0,0,0,0,0,0,0,0,0,0,0,0,0,0,0,0,0,0,0,0,0,0,0,0,0,0,0,0,0,0,0,0,0,0,0,0,0,0,0,0,0,0,0,0,0,0,0,0,0,0,0,0,0,0,0,0,0,0,0,0,0,0,0,0,0,0,0,0,0,0,0,0,0,0,0,0,0,0,0,0,0,0,0,0,0,0,0,0,0,0,0,0,0,0,0,0,0,0,0,0,0,0,0,0,0,0,0,0,0,0,0,0,0,0,0,0,0,0,0,0,0,0,0,0,0,0,0,0,0,0,0,0,0,0,0,0,0,0,0,0,0,0,0,0,0,0,0,0,0,0,0,0,0,0,0,0,0,0,0,0,0,0,0,0,0,0,0,0,0,0,0,0,0,0,0,0,0,0,0,0,0,0,0,0,0,0,0,0,0,0,0,0,0,0,0,0,0,0,0,0,0,0,0,0,0,0,0,0,0,0,0,0,0,0,0,0,0,0,0,3,2,3,5,5,3,3,3,3,3,2,2,2,3,5,5,3,0,0,0,0,0,0,0,0,0,0,0,0,0,0,0,0,0,0,0,0,0,0,0,0,0,0,0,0,0,0,0,0,0,0,0,0,0,0,0,0,0,0,0,0,0,0,0,0,0,0,0,0,0,0,0,0,0,0,0,0,0,0,0,0,0,0,0,0,0,0,0,0,0,0,0,0,0,0,0,0,0,0,0,0,0,0,0,0,0,0,0,0,0,0,0,0,0,0,0,0,0,0,0,0,0,0,0,0,0,0,0,0,0,0,0,0,0,0,0,0,0,0,0,0,0,0,0,0,0,3,3,3,5,3,1,3,3,1,3,3,2,0,0,0,0,0,0,0,0,0,0,0,0,0,0,0,0,0,0,0,0,0,0,0,0,0,0,0,0,0,0,0,0,0,0,0,0,0,0,0,0,0,0,0,0,0,0,0,0,0,0,0,0,0,0,0,0,0.9156429767608644,-8.318364143371582,-3.1830108165740967,5.366856575012207,4.098050117492676,-19.710664749145508,-28.053953170776367,-4.685220241546631,21.166173934936523,-4.578914165496826,5.844748973846436,20.14654541015625,0.7163288593292236,15.15410614013672,-33.649192810058594,1.3970839977264404,22.155059814453125,-29.63285446166992,-31.22460556030273,35.41048049926758,6.334250926971436,13.713387489318848,54.87782669067383,16.78574562072754,-18.7697696685791,4.62656307220459,-19.667612075805664,-37.17591094970703,0.1481219679117202,-15.25819206237793,17.226354598999023,-10.24216365814209,-14.67452335357666,1.9401448965072632,-2.4715187549591064,12.382208824157717,3.8391499519348153,-3.7805545330047607,20.397506713867188,23.28306007385254,5.260272979736328,2.4479713439941406,-4.006942272186279,-9.18139934539795,-23.272321701049805,20.468128204345703,12.33368968963623,41.361328125,-8.12959098815918,-0.46116703748703,8.72204875946045,-21.32126235961914,-0.355354905128479,-17.756351470947266,-31.047218322753903,-22.642202377319336,-17.009841918945312,15.728270530700684,4.126865386962891,7.695779323577881,1.7629014253616333,-18.534168243408203,-15.57722282409668,13.64067840576172,-41.76042175292969,3.6084024906158447,18.19097137451172,9.089873313903809,-16.63747215270996,-2.4605917930603027,-5.694241523742676,14.252172470092772,12.63995361328125,-29.6007080078125,0.4650359749794006,4.431507587432861,-24.923961639404297,1.1478744745254517,11.130278587341309,2.3940250873565674,19.10015106201172,3.7306559085845943,-9.901506423950195,-40.58253479003906,21.698579788208008,-15.40352725982666,-7.682998180389404,6.043836116790772,7.0492706298828125,-0.9261566400527954,5.638578414916992,11.496658325195312,14.703302383422852,5.849343299865723,5.958757400512695,-6.897612571716309,17.455223083496094,8.404204368591309,15.813974380493164,-9.797002792358398,-5.220743179321289,-18.6552848815918,-22.62247085571289,-9.484932899475098,12.839861869812012,-29.78612327575684,-15.6536865234375,11.176990509033203,7.012816429138184,-18.327533721923828,-18.5491943359375,13.63454246520996,5.366786003112793,-11.988751411437988,-6.273555755615234,-7.959591388702393,17.555400848388672,21.965660095214844,-3.740182638168335,2.2141225337982178,-10.097305297851562,17.543285369873047,1.48443865776062,34.23685836791992,-3.610267877578736,-32.053062438964844,-28.035192489624023,5.094410419464111,-13.32600212097168,0.7891687750816345,1.8261758089065552,-6.170908451080322,13.863052368164062,36.71461868286133,7.724928379058838,29.026803970336918,-5.497198581695557,-9.71091365814209,16.78838539123535,-14.218152046203612,22.318138122558597,-2.5776379108428955,-10.913049697875977,-6.209691524505615,12.582898139953612,0.3554096221923828,3.120349884033203,7.632981777191162,11.63624095916748,36.67285919189453,-3.957029819488525,18.03498649597168,15.381930351257324,-22.067047119140625,-6.604496479034424,0.1479746997356414,-15.47885513305664,-0.8633595108985901,0.0435515195131301,-17.591611862182617,9.67194652557373,13.309066772460938,-12.477246284484863,5.370194911956787,17.379161834716797,-23.551788330078125,14.244245529174805,-8.969340324401855,1.1307904720306396,16.55617332458496,-12.912172317504885,-19.641530990600582,32.702274322509766,-6.2505621910095215,15.443857192993164,-3.8263156414031982,12.643012046813965,-2.590226411819458,-11.121716499328612,22.619606018066406,-11.779208183288574,22.597036361694336,-3.288545608520508,29.841590881347656,10.164419174194336,-10.01279067993164,2.5733792781829834,2.614868402481079,-4.9354166984558105,-19.12363815307617,4.1703386306762695,-8.789453506469727,-20.104331970214844,3.790482759475708,14.69675350189209,4.502589225769043,4.291653633117676,-27.02931785583496,-8.620951652526855,-8.260466575622559,-1.234476089477539,-8.843286514282227,5.471925735473633,-6.589409828186035,-6.667538642883301,-4.1094889640808105,30.890071868896484,29.211162567138672,26.880416870117188,-15.087160110473633,26.81072235107422,-0.823710024356842,32.28719711303711,-16.32388687133789,11.017268180847168,-3.1503517627716064,12.032654762268066,10.46841526031494,-8.222350120544434,15.715856552124023,8.8911714553833,-20.114940643310547,-9.253340721130373,0.7925799489021301,8.617754936218262,-11.08527660369873,-3.180612564086914,-3.3653836250305176,11.000433921813965,-25.575666427612305,7.833871841430664,-0.46604984998703,-19.34954833984375,-23.369428634643555,7.106203079223633,-24.64038848876953,-5.235169410705566,-8.742438316345215,-6.9780683517456055,27.04834747314453,16.886137008666992,-30.28866577148437,20.2756462097168,-8.70934772491455,-2.467684507369995,24.90530776977539,-41.6728401184082,-15.90526008605957,1.934904932975769,14.79232692718506,-44.73240661621094,9.711677551269531,13.10636043548584,-7.6635284423828125,-24.311994552612305,21.600879669189453,3.882960081100464,-15.811453819274902,32.10592269897461,-23.879728317260746,-10.781523704528809,6.518138408660889,5.4616522789001465,15.235956192016602,-4.926979064941406,-27.055517196655277,-9.401841163635254,1.0602260828018188,5.02551794052124,-20.03083038330078,3.6991279125213614,8.519686698913574,-11.21121311187744,2.934837818145752,-2.9800705909729004,-20.20760154724121,-11.230307579040527,-8.506203651428223,-12.110198974609377,21.773174285888672,-12.133359909057615,-20.145225524902344,-22.982006072998047,-14.424223899841309,-12.566588401794434,12.043220520019531,0.6313571333885193,-4.1181960105896,-9.34768772125244,-9.269100189208984,9.590097427368164,31.59709930419922,8.77914047241211,10.598511695861816,-29.818758010864254,-18.7305965423584,-16.839841842651367,-21.42083740234375,-41.88321685791016,-3.1011908054351807,1.0,2.021189299069938
OXYR_HUMAN,CHEMBL514975,O=C(c1ccc(-c2ccccc2Cl)cc1)N(CC1CC1)CC1CCCO1,0,0,0,0,0,0,0,0,0,0,0,0,0,0,0,0,0,0,0,0,0,0,0,0,0,0,0,0,0,0,0,0,0,0,0,0,0,0,0,0,0,0,0,0,0,0,0,0,0,0,0,0,0,0,0,0,0,0,0,0,0,0,0,0,0,0,0,0,0,0,0,0,0,0,0,0,0,0,0,0,0,0,0,0,0,0,0,0,0,0,0,0,0,0,0,0,0,0,0,0,0,0,0,0,0,0,0,0,0,0,0,0,0,0,0,0,0,0,0,0,0,0,0,0,0,0,0,0,0,0,0,0,0,0,0,0,0,0,0,0,0,0,0,0,0,0,0,0,0,0,0,0,0,0,0,0,0,0,0,0,0,0,0,0,0,0,0,0,0,0,0,0,0,0,0,0,0,0,0,0,0,0,0,0,0,2,4,1,2,2,2,2,3,2,3,2,4,2,2,3,2,0,0,0,0,0,0,0,0,0,0,0,0,0,0,0,0,3,2,2,1,0,0,0,0,0,0,0,0,0,0,0,0,0,0,0,0,0,1,1,2,4,1,3,0,0,0,0,0,0,0,0,0,0,0,5,3,0,0,0,0,0,0,0,0,0,0,0,0,0,0,0,0,0,0,0,0,0,0,0,0,0,0,0,0,0,0,0,0,0,0,0,0,0,0,0,0,0,0,0,0,0,0,0,0,0,0,0,0,0,0,0,0,0,0,0,0,0,0,0,0,0,0,0,0,0,0,0,0,0,0,0,0,0,0,0,0,0,0,0,0,0,0,0,0,0,0,0,0,0,0,0,0,0,0,0,0,0,0,0,0,0,0,0,0,0,0,0,0,0,0,0,0,0,0,0,0,0,0,0,0,0,0,0,0,0,0,0,0,0,0,0,0,0,0,0,0,0,0,0,0,0,0,0,0,0,0,0,0,0,0,0,0,0,0,0,0,0,0,0,0,0,0,0,0,0,0,0,0,0,0,0,0,2,1,1,1,5,5,3,0,0,0,0,0,0,0,0,0,0,0,0,0,0,0,0,0,0,0,0,0,0,0,0,0,0,0,0,0,0,0,0,0,0,0,0,0,0,0,0,0,0,0,0,0,0,0,0,0,0,0,0,0,0,0,0,0,0,0,0,0,0,0,0,0,0,0,0,0,0,0,0,0,0,0,0,0,0,0,0,0,0,0,0,0,0,0,0,0,0,0,0,0,0,0,0,0,0,0,0,0,0,0,0,0,0,0,0,0,0,0,0,0,0,0,0,0,0,0,0,0,0,0,0,0,0,0,0,0,0,0,0,0,0,0,0,0,0,0,0,0,0,0,0,0,0,0,0,0,4,2,2,2,5,2,4,2,0,0,0,0,0,0,0,0,0,0,0,0,0,0,0,0,0,2,2,2,1,2,0,2,2,0,0,0,0,0,0,0,0,0,0,0,2,2,2,2,3,1,3,2,1,0,0,0,0,0,0,2,2,2,2,2,0,0,5,0,0,0,0,3,3,0,0,0,0,0,0,0,0,0,0,0,5,3,5,5,0,0,0,0,0,3,0,0,0,0,0,0,0,5,2,2,2,2,2,5,0,0,0,0,0,0,0,0,0,0,0,0,0,0,0,5,2,3,0,2,2,4,0,0,0,0,0,0,0,0,0,0,0,0,0,0,0,0,0,0,0,0,0,0,0,0,0,0,0,0,0,0,0,0,2,2,2,2,2,2,3,2,2,0,0,0,0,0,0,0,0,0,0,0,0,0,0,0,0,0,0,0,0,0,0,0,0,1,3,2,2,0,0,0,0,0,0,0,0,0,0,0,0,0,0,0,0,0,0,0,0,0,0,0,0,0,0,0,0,0,2,4,2,3,2,5,2,2,1,0,1,4,2,0,0,0,0,0,2,1,0,0,0,0,0,0,0,0,0,0,0,0,0,0,0,0,0,0,0,0,0,0,0,0,0,0,0,0,0,0,0,0,0,0,0,0,0,0,0,0,0,0,0,0,0,0,0,5,0,2,2,5,0,2,2,3,2,2,1,2,2,2,0,0,0,3,3,2,2,0,0,0,0,0,0,0,0,0,0,0,0,2,2,0,0,0,0,0,0,0,0,0,0,0,0,0,0,0,0,0,0,0,0,0,0,0,0,0,0,0,0,0,0,0,2,2,3,2,4,5,0,0,0,0,0,0,0,0,0,0,0,0,0,0,0,0,0,0,0,0,0,0,0,0,0,0,0,0,0,0,0,0,0,0,1,0,0,0,0,0,0,0,0,0,0,0,0,0,0,0,0,0,0,0,0,0,0,0,0,0,0,2,2,0,0,0,0,0,0,2,0,1,3,1,2,0,0,0,0,0,0,0,0,0,0,0,0,0,0,0,0,0,0,0,0,0,0,0,0,0,0,0,0,5,3,0,0,0,0,2,5,5,0,0,5,3,0,0,0,0,0,0,0,0,0,0,0,0,0,0,0,4,5,0,0,0,0,2,2,2,0,0,0,0,2,2,3,2,2,0,0,0,1,1,2,2,2,3,0,0,2,1,3,2,5,0,0,0,0,0,0,0,0,0,0,0,0,2,2,3,0,0,0,0,0,0,0,0,0,0,0,0,0,0,0,0,0,0,0,0,0,0,0,0,0,0,0,0,0,0,0,0,0,0,0,0,0,0,0,2,5,0,0,0,0,4,0,0,0,0,0,0,0,0,0,0,0,0,0,0,0,0,0,0,0,0,0,0,0,0,0,0,0,0,0,0,0,0,0,0,0,0,0,0,0,0,0,0,0,0,0,0,0,0,0,0,0,0,0,0,0,0,0,0,0,0,0,0,0,0,0,0,0,0,0,0,0,0,0,0,0,0,0,0,0,0,0,0,0,0,0,0,0,0,0,0,0,0,0,2,2,0,0,4,1,2,2,4,0,0,0,0,0,1,2,2,2,0,0,0,0,0,0,0,0,0,0,0,0,0,0,0,0,0,0,0,0,0,0,0,0,0,0,0,0,0,0,0,0,0,0,0,0,0,0,0,0,0,0,0,2,2,0,0,0,0,0,0,0,0,0,0,0,0,0,0,0,0,3,1,2,1,1,0,0,0,0,5,0,0,0,0,0,0,0,2,2,0,0,0,0,0,0,0,0,2,3,2,2,0,0,0,3,2,2,2,2,0,2,2,1,2,2,0,2,2,0,0,0,0,0,0,0,0,0,0,0,0,0,0,0,0,0,0,2,2,1,0,0,0,0,0,0,0,0,0,0,0,0,0,0,0,0,2,1,2,2,3,2,0,0,0,0,0,0,0,5,2,0,0,0,0,0,0,0,0,0,0,0,0,0,0,0,0,2,3,0,0,0,0,0,0,0,0,0,0,0,0,0,0,0,0,0,0,0,0,0,0,0,0,0,0,0,0,0,0,0,0,0,0,0,0,0,0,0,0,0,0,0,3,2,5,2,0,0,0,0,0,0,0,0,0,0,0,0,0,0,0,0,0,0,0,0,0,0,0,0,0,0,0,0,0,0,0,0,0,0,0,0,0,0,0,0,0,0,0,0,0,0,0,0,0,0,0,0,0,0,0,0,0,0,0,0,0,0,0,0,0,0,0,0,0,0,0,0,0,0,0,0,0,0,0,0,0,0,0,0,0,0,0,0,0,0,0,0,0,0,0,0,0,0,0,0,0,0,0,0,0,0,0,0,0,0,0,0,0,0,0,0,0,0,0,0,0,0,0,0,0,0,0,0,0,0,0,0,0,0,0,0,0,0,0,5,3,2,2,2,2,2,2,4,2,1,4,1,2,2,2,1,4,1,1,5,2,2,2,2,5,2,3,3,2,5,2,2,3,5,0,0,0,0,0,0,0,0,0,0,0,0,0,0,0,0,0,0,0,0,0,0,0,2,5,2,5,3,2,0,0,0,0,0,0,0,0,5,0,0,0,2,3,2,2,2,2,0,0,0,0,0,2,2,2,2,2,0,0,0,1,2,3,1,2,2,2,0,0,0,0,0,2,3,2,2,3,2,2,4,2,0,0,0,0,0,0,0,0,3,2,1,5,4,2,0,0,0,0,3,0,0,0,0,0,0,0,0,0,0,0,0,0,0,0,0,0,2,0,0,2,0,0,0,0,0,0,0,0,0,0,0,0,0,0,0,0,0,0,0,0,0,0,0,0,0,0,0,0,0,0,0,0,0,0,0,0,0,0,0,0,0,0,0,0,0,0,0,0,0,0,0,0,0,0,0,0,0,0,0,0,0,0,0,0,0,0,0,0,0,0,0,0,0,0,0,0,0,2,2,0,2,0,0,0,0,0,2,2,2,0,2,3,2,3,3,1,1,3,1,2,2,0,0,0,0,0,0,0,2,2,2,2,3,1,5,2,2,5,0,4,2,0,0,0,0,2,3,5,2,0,0,0,0,0,0,0,0,0,0,0,0,0,0,0,0,0,0,0,0,0,0,0,0,0,0,0,0,0,0,0,0,0,0,0,0,0,0,0,0,0,0,0,0,0,0,0,0,0,0,0,0,0,0,0,0,0,0,0,0,0,0,0,0,0,0,0,0,0,0,0,0,0,0,0,0,0,0,0,0,0,0,0,0,0,0,0,0,0,0,0,0,0,0,0,0,2,1,1,3,2,3,2,2,5,1,5,5,2,1,4,3,0,0,0,0,0,0,0,0,0,0,0,0,0,0,0,0,0,0,0,0,0,0,0,0,0,0,0,0,0,0,0,0,0,0,0,0,0,0,0,0,0,0,0,0,0,0,0,0,0,0,0,0,0,0,0,0,0,0,0,0,0,0,0,0,0,0,0,0,0,0,0,0,0,0,0,0,0,0,0,0,0,0,0,0,0,0,0,0,0,0,0,0,0,0,0,0,0,0,0,0,0,0,0,0,0,0,0,0,0,0,0,0,0,0,0,0,0,0,0,0,0,0,0,0,0,0,0,0,0,0,0,0,0,0,0,0,0,0,0,0,0,0,0,0,0,0,0,0,0,0,0,0,0,0,0,0,0,0,0,0,0,0,0,0,0,0,0,0,0,0,0,0,0,0,0,0,0,0,0,0,0,0,0,0,0,0,0,0,0,0,0,0,0,0,0,0,0,0,0,0,0,0,0,0,0,0,0,0,0,0,0,0,0,0,0,0,0,0,0,0,0,0,0,0,0,0,0,0,0,0,0,0,0,0,0,0,0,0,0,0,0,0,0,0,0,0,0,0,0,0,0,0,0,0,0,0,0,0,0,0,0,0,0,0,0,0,0,0,0,0,0,0,0,0,0,0,0,0,0,0,0,0,0,0,3,2,3,5,5,3,3,3,3,3,2,2,2,3,5,5,3,0,0,0,0,0,0,0,0,0,0,0,0,0,0,0,0,0,0,0,0,0,0,0,0,0,0,0,0,0,0,0,0,0,0,0,0,0,0,0,0,0,0,0,0,0,0,0,0,0,0,0,0,0,0,0,0,0,0,0,0,0,0,0,0,0,0,0,0,0,0,0,0,0,0,0,0,0,0,0,0,0,0,0,0,0,0,0,0,0,0,0,0,0,0,0,0,0,0,0,0,0,0,0,0,0,0,0,0,0,0,0,0,0,0,0,0,0,0,0,0,0,0,0,0,0,0,0,0,0,3,3,3,5,3,1,3,3,1,3,3,2,0,0,0,0,0,0,0,0,0,0,0,0,0,0,0,0,0,0,0,0,0,0,0,0,0,0,0,0,0,0,0,0,0,0,0,0,0,0,0,0,0,0,0,0,0,0,0,0,0,0,0,0,0,0,0,0,1.714980959892273,-3.50707745552063,-3.4570486545562744,5.141942977905273,-1.8719024658203125,0.5752904415130615,-9.839754104614258,0.6225234270095825,6.376595973968506,3.6698520183563232,-1.1395623683929443,-1.0962508916854858,-8.65346622467041,1.996099710464477,-6.9705681800842285,-2.9259939193725586,4.763069152832031,-4.258178234100342,-7.466401100158691,6.1014909744262695,0.6452140212059021,7.316831588745117,15.28443431854248,7.671611309051514,-5.059316158294678,-0.9205862283706664,-0.7600004076957703,-9.694942474365234,0.7137708067893982,-0.8876938223838806,10.203771591186523,-6.216802597045898,-5.471567153930664,-5.179417610168457,2.985342502593994,0.6932485103607178,-0.810663640499115,-0.897271990776062,10.113268852233888,4.814615249633789,-4.237929344177246,-1.12908673286438,-4.34405517578125,-2.135760307312012,-9.831015586853027,4.848395347595215,0.4420523345470428,5.183738231658936,-6.793193340301514,5.3871026039123535,4.983199119567871,-6.580039978027344,-0.7461658716201782,-8.67177963256836,-6.182922840118408,-5.256149291992188,-4.965853691101074,1.2113522291183472,5.240497589111328,6.99873685836792,0.279773473739624,-6.172872066497803,-3.788733720779419,2.223785877227783,-14.885896682739258,-2.9082014560699463,8.2067232131958,-0.3641428351402282,-3.002403259277344,0.2323435544967651,-6.690365791320801,2.7334237098693848,8.066169738769531,-7.924712657928467,-2.2141129970550537,5.92730712890625,-7.287395477294922,3.121926069259644,-1.3285645246505735,6.064574241638184,5.103655815124512,-0.4295089542865753,-3.298034429550171,-12.882288932800291,1.7398664951324463,-2.8861472606658936,-6.396505832672119,7.568145275115967,4.278003215789795,-4.652499675750732,3.332590103149414,3.752494335174561,1.9091918468475344,6.3518805503845215,4.792447090148926,-2.6606285572052,2.085686445236206,6.216702938079834,4.762984275817871,1.712716817855835,-2.8881726264953613,-7.824275016784668,-5.444855213165283,-11.121501922607422,5.994811058044434,-6.462815761566162,-0.8575944900512695,4.688196659088135,-1.3006877899169922,-7.136155605316162,-13.46247386932373,6.515757083892822,2.245434045791626,-0.0404396504163742,-0.5273816585540771,-4.9675822257995605,5.372604370117188,9.197259902954102,-4.738827705383301,5.410996913909912,-8.025568962097168,-0.1820017099380493,-2.825761556625366,6.21871280670166,2.960073471069336,-7.667612075805664,-10.101438522338867,-3.301558017730713,-4.8385820388793945,-0.9073978662490844,-2.1003010272979736,3.800012588500977,11.068829536437988,8.40845012664795,-1.0860257148742676,13.939294815063477,10.71805477142334,-0.8689671754837036,6.668840408325195,-3.928789138793945,3.8056135177612314,-2.659478187561035,-1.6618454456329346,-0.6706234216690063,7.002650737762451,5.412369728088379,0.8244065046310425,3.196024179458618,-0.9135662317276,6.948462963104248,2.6058030128479004,4.33966588973999,8.892522811889648,-3.018849849700928,-2.3454298973083496,0.8128167390823364,-4.323736667633057,-4.792999744415283,-1.152084469795227,-4.379861354827881,-3.220867872238159,-1.3216711282730105,-7.346979141235352,0.9538913369178772,-2.427088975906372,-6.184454917907715,0.8767625093460083,-3.087033748626709,0.1813084036111831,5.584480285644531,-5.580925941467285,-4.662750244140625,14.503718376159668,-5.32982063293457,3.065431594848633,-0.4332415163516998,7.415584564208984,-3.279517650604248,-4.6639485359191895,14.763843536376951,-0.3906716406345367,8.992091178894043,-2.3888866901397705,7.151033878326416,10.573490142822266,-1.0281342267990112,-4.528398513793945,-2.268136739730835,-6.885722637176514,-4.321301460266113,-0.0313319191336631,-1.080991506576538,-1.1012778282165527,0.8186137676239014,0.6790426969528198,-2.3245344161987305,-2.051024436950684,-12.556126594543455,-3.1663577556610107,4.216041564941406,4.598249912261963,1.7854251861572266,5.33615779876709,3.11765456199646,1.9543222188949585,-2.0275566577911377,11.731487274169922,6.500280857086182,9.19977855682373,-1.7376890182495115,10.968266487121582,-3.4246666431427,5.17699670791626,-7.114241600036621,1.1451947689056396,-1.936362385749817,1.9860860109329224,4.87045431137085,-4.888058662414551,6.627542972564697,0.7222240567207336,-7.713545799255371,-2.033905506134033,1.149258732795715,3.603425979614258,-5.929090023040772,-1.5100091695785522,-1.946885108947754,3.041201114654541,-7.397314548492432,3.996906757354736,1.9460582733154297,-3.212973356246948,-11.6018705368042,-2.4975106716156006,-2.921364545822144,-3.855015516281128,0.835112988948822,-2.0838310718536377,7.247657775878906,6.878546714782715,-1.6322920322418213,4.869600296020508,1.132895827293396,-5.917182922363281,5.523388385772705,-10.591465950012209,-7.503934383392334,3.06486439704895,-2.076270580291748,-15.564135551452637,3.376328468322754,1.999097228050232,-1.143393874168396,-12.854126930236816,0.8941231966018677,1.5186101198196411,-5.115501880645752,8.294346809387207,-6.631706237792969,1.9709745645523071,6.957797050476074,3.689817428588867,9.050708770751951,5.329414367675781,-7.021134853363037,-8.81424617767334,6.422931671142578,1.5579944849014282,-6.272965908050537,-2.0566306114196777,2.9890851974487305,-2.2171337604522705,0.5983130931854248,-0.8546802997589111,-3.13277006149292,-2.3235809803009038,1.342670202255249,-0.8363112807273865,0.3513723015785217,-4.960902690887451,-6.224806785583496,-10.357259750366213,-7.808202743530273,-0.0031015053391456,3.8831167221069336,-2.0783636569976807,-4.130175590515137,-5.950040340423584,-0.294109582901001,-1.2183247804641724,14.109848022460938,8.698440551757812,-0.3416924774646759,-9.303362846374512,-6.235674858093262,-8.09663200378418,-4.420751571655273,-10.095592498779297,-1.161302089691162,-1.0,0.5051499783199059
OXYR_HUMAN,CHEMBL3354577,CCC(C)C1NC(=O)C(Cc2ccccc2)NC(=O)CCCSCC(C(=O)N(CCOC)CC(=O)NC(CC(C)C)C(=O)NCC(N)=O)NC(=O)C(CC(N)=O)NC(=O)C(CCC(N)=O)NC1=O,0,0,0,0,0,0,0,0,0,0,0,0,0,0,0,0,0,0,0,0,0,0,0,0,0,0,0,0,0,0,0,0,0,0,0,0,0,0,0,0,0,0,0,0,0,0,0,0,0,0,0,0,0,0,0,0,0,0,0,0,0,0,0,0,0,0,0,0,0,0,0,0,0,0,0,0,0,0,0,0,0,0,0,0,0,0,0,0,0,0,0,0,0,0,0,0,0,0,0,0,0,0,0,0,0,0,0,0,0,0,0,0,0,0,0,0,0,0,0,0,0,0,0,0,0,0,0,0,0,0,0,0,0,0,0,0,0,0,0,0,0,0,0,0,0,0,0,0,0,0,0,0,0,0,0,0,0,0,0,0,0,0,0,0,0,0,0,0,0,0,0,0,0,0,0,0,0,0,0,0,0,0,0,0,0,2,4,1,2,2,2,2,3,2,3,2,4,2,2,3,2,0,0,0,0,0,0,0,0,0,0,0,0,0,0,0,0,3,2,2,1,0,0,0,0,0,0,0,0,0,0,0,0,0,0,0,0,0,1,1,2,4,1,3,0,0,0,0,0,0,0,0,0,0,0,5,3,0,0,0,0,0,0,0,0,0,0,0,0,0,0,0,0,0,0,0,0,0,0,0,0,0,0,0,0,0,0,0,0,0,0,0,0,0,0,0,0,0,0,0,0,0,0,0,0,0,0,0,0,0,0,0,0,0,0,0,0,0,0,0,0,0,0,0,0,0,0,0,0,0,0,0,0,0,0,0,0,0,0,0,0,0,0,0,0,0,0,0,0,0,0,0,0,0,0,0,0,0,0,0,0,0,0,0,0,0,0,0,0,0,0,0,0,0,0,0,0,0,0,0,0,0,0,0,0,0,0,0,0,0,0,0,0,0,0,0,0,0,0,0,0,0,0,0,0,0,0,0,0,0,0,0,0,0,0,0,0,0,0,0,0,0,0,0,0,0,0,0,0,0,0,0,0,2,1,1,1,5,5,3,0,0,0,0,0,0,0,0,0,0,0,0,0,0,0,0,0,0,0,0,0,0,0,0,0,0,0,0,0,0,0,0,0,0,0,0,0,0,0,0,0,0,0,0,0,0,0,0,0,0,0,0,0,0,0,0,0,0,0,0,0,0,0,0,0,0,0,0,0,0,0,0,0,0,0,0,0,0,0,0,0,0,0,0,0,0,0,0,0,0,0,0,0,0,0,0,0,0,0,0,0,0,0,0,0,0,0,0,0,0,0,0,0,0,0,0,0,0,0,0,0,0,0,0,0,0,0,0,0,0,0,0,0,0,0,0,0,0,0,0,0,0,0,0,0,0,0,0,0,4,2,2,2,5,2,4,2,0,0,0,0,0,0,0,0,0,0,0,0,0,0,0,0,0,2,2,2,1,2,0,2,2,0,0,0,0,0,0,0,0,0,0,0,2,2,2,2,3,1,3,2,1,0,0,0,0,0,0,2,2,2,2,2,0,0,5,0,0,0,0,3,3,0,0,0,0,0,0,0,0,0,0,0,5,3,5,5,0,0,0,0,0,3,0,0,0,0,0,0,0,5,2,2,2,2,2,5,0,0,0,0,0,0,0,0,0,0,0,0,0,0,0,5,2,3,0,2,2,4,0,0,0,0,0,0,0,0,0,0,0,0,0,0,0,0,0,0,0,0,0,0,0,0,0,0,0,0,0,0,0,0,2,2,2,2,2,2,3,2,2,0,0,0,0,0,0,0,0,0,0,0,0,0,0,0,0,0,0,0,0,0,0,0,0,1,3,2,2,0,0,0,0,0,0,0,0,0,0,0,0,0,0,0,0,0,0,0,0,0,0,0,0,0,0,0,0,0,2,4,2,3,2,5,2,2,1,0,1,4,2,0,0,0,0,0,2,1,0,0,0,0,0,0,0,0,0,0,0,0,0,0,0,0,0,0,0,0,0,0,0,0,0,0,0,0,0,0,0,0,0,0,0,0,0,0,0,0,0,0,0,0,0,0,0,5,0,2,2,5,0,2,2,3,2,2,1,2,2,2,0,0,0,3,3,2,2,0,0,0,0,0,0,0,0,0,0,0,0,2,2,0,0,0,0,0,0,0,0,0,0,0,0,0,0,0,0,0,0,0,0,0,0,0,0,0,0,0,0,0,0,0,2,2,3,2,4,5,0,0,0,0,0,0,0,0,0,0,0,0,0,0,0,0,0,0,0,0,0,0,0,0,0,0,0,0,0,0,0,0,0,0,1,0,0,0,0,0,0,0,0,0,0,0,0,0,0,0,0,0,0,0,0,0,0,0,0,0,0,2,2,0,0,0,0,0,0,2,0,1,3,1,2,0,0,0,0,0,0,0,0,0,0,0,0,0,0,0,0,0,0,0,0,0,0,0,0,0,0,0,0,5,3,0,0,0,0,2,5,5,0,0,5,3,0,0,0,0,0,0,0,0,0,0,0,0,0,0,0,4,5,0,0,0,0,2,2,2,0,0,0,0,2,2,3,2,2,0,0,0,1,1,2,2,2,3,0,0,2,1,3,2,5,0,0,0,0,0,0,0,0,0,0,0,0,2,2,3,0,0,0,0,0,0,0,0,0,0,0,0,0,0,0,0,0,0,0,0,0,0,0,0,0,0,0,0,0,0,0,0,0,0,0,0,0,0,0,2,5,0,0,0,0,4,0,0,0,0,0,0,0,0,0,0,0,0,0,0,0,0,0,0,0,0,0,0,0,0,0,0,0,0,0,0,0,0,0,0,0,0,0,0,0,0,0,0,0,0,0,0,0,0,0,0,0,0,0,0,0,0,0,0,0,0,0,0,0,0,0,0,0,0,0,0,0,0,0,0,0,0,0,0,0,0,0,0,0,0,0,0,0,0,0,0,0,0,0,2,2,0,0,4,1,2,2,4,0,0,0,0,0,1,2,2,2,0,0,0,0,0,0,0,0,0,0,0,0,0,0,0,0,0,0,0,0,0,0,0,0,0,0,0,0,0,0,0,0,0,0,0,0,0,0,0,0,0,0,0,2,2,0,0,0,0,0,0,0,0,0,0,0,0,0,0,0,0,3,1,2,1,1,0,0,0,0,5,0,0,0,0,0,0,0,2,2,0,0,0,0,0,0,0,0,2,3,2,2,0,0,0,3,2,2,2,2,0,2,2,1,2,2,0,2,2,0,0,0,0,0,0,0,0,0,0,0,0,0,0,0,0,0,0,2,2,1,0,0,0,0,0,0,0,0,0,0,0,0,0,0,0,0,2,1,2,2,3,2,0,0,0,0,0,0,0,5,2,0,0,0,0,0,0,0,0,0,0,0,0,0,0,0,0,2,3,0,0,0,0,0,0,0,0,0,0,0,0,0,0,0,0,0,0,0,0,0,0,0,0,0,0,0,0,0,0,0,0,0,0,0,0,0,0,0,0,0,0,0,3,2,5,2,0,0,0,0,0,0,0,0,0,0,0,0,0,0,0,0,0,0,0,0,0,0,0,0,0,0,0,0,0,0,0,0,0,0,0,0,0,0,0,0,0,0,0,0,0,0,0,0,0,0,0,0,0,0,0,0,0,0,0,0,0,0,0,0,0,0,0,0,0,0,0,0,0,0,0,0,0,0,0,0,0,0,0,0,0,0,0,0,0,0,0,0,0,0,0,0,0,0,0,0,0,0,0,0,0,0,0,0,0,0,0,0,0,0,0,0,0,0,0,0,0,0,0,0,0,0,0,0,0,0,0,0,0,0,0,0,0,0,0,5,3,2,2,2,2,2,2,4,2,1,4,1,2,2,2,1,4,1,1,5,2,2,2,2,5,2,3,3,2,5,2,2,3,5,0,0,0,0,0,0,0,0,0,0,0,0,0,0,0,0,0,0,0,0,0,0,0,2,5,2,5,3,2,0,0,0,0,0,0,0,0,5,0,0,0,2,3,2,2,2,2,0,0,0,0,0,2,2,2,2,2,0,0,0,1,2,3,1,2,2,2,0,0,0,0,0,2,3,2,2,3,2,2,4,2,0,0,0,0,0,0,0,0,3,2,1,5,4,2,0,0,0,0,3,0,0,0,0,0,0,0,0,0,0,0,0,0,0,0,0,0,2,0,0,2,0,0,0,0,0,0,0,0,0,0,0,0,0,0,0,0,0,0,0,0,0,0,0,0,0,0,0,0,0,0,0,0,0,0,0,0,0,0,0,0,0,0,0,0,0,0,0,0,0,0,0,0,0,0,0,0,0,0,0,0,0,0,0,0,0,0,0,0,0,0,0,0,0,0,0,0,0,2,2,0,2,0,0,0,0,0,2,2,2,0,2,3,2,3,3,1,1,3,1,2,2,0,0,0,0,0,0,0,2,2,2,2,3,1,5,2,2,5,0,4,2,0,0,0,0,2,3,5,2,0,0,0,0,0,0,0,0,0,0,0,0,0,0,0,0,0,0,0,0,0,0,0,0,0,0,0,0,0,0,0,0,0,0,0,0,0,0,0,0,0,0,0,0,0,0,0,0,0,0,0,0,0,0,0,0,0,0,0,0,0,0,0,0,0,0,0,0,0,0,0,0,0,0,0,0,0,0,0,0,0,0,0,0,0,0,0,0,0,0,0,0,0,0,0,0,2,1,1,3,2,3,2,2,5,1,5,5,2,1,4,3,0,0,0,0,0,0,0,0,0,0,0,0,0,0,0,0,0,0,0,0,0,0,0,0,0,0,0,0,0,0,0,0,0,0,0,0,0,0,0,0,0,0,0,0,0,0,0,0,0,0,0,0,0,0,0,0,0,0,0,0,0,0,0,0,0,0,0,0,0,0,0,0,0,0,0,0,0,0,0,0,0,0,0,0,0,0,0,0,0,0,0,0,0,0,0,0,0,0,0,0,0,0,0,0,0,0,0,0,0,0,0,0,0,0,0,0,0,0,0,0,0,0,0,0,0,0,0,0,0,0,0,0,0,0,0,0,0,0,0,0,0,0,0,0,0,0,0,0,0,0,0,0,0,0,0,0,0,0,0,0,0,0,0,0,0,0,0,0,0,0,0,0,0,0,0,0,0,0,0,0,0,0,0,0,0,0,0,0,0,0,0,0,0,0,0,0,0,0,0,0,0,0,0,0,0,0,0,0,0,0,0,0,0,0,0,0,0,0,0,0,0,0,0,0,0,0,0,0,0,0,0,0,0,0,0,0,0,0,0,0,0,0,0,0,0,0,0,0,0,0,0,0,0,0,0,0,0,0,0,0,0,0,0,0,0,0,0,0,0,0,0,0,0,0,0,0,0,0,0,0,0,0,0,0,3,2,3,5,5,3,3,3,3,3,2,2,2,3,5,5,3,0,0,0,0,0,0,0,0,0,0,0,0,0,0,0,0,0,0,0,0,0,0,0,0,0,0,0,0,0,0,0,0,0,0,0,0,0,0,0,0,0,0,0,0,0,0,0,0,0,0,0,0,0,0,0,0,0,0,0,0,0,0,0,0,0,0,0,0,0,0,0,0,0,0,0,0,0,0,0,0,0,0,0,0,0,0,0,0,0,0,0,0,0,0,0,0,0,0,0,0,0,0,0,0,0,0,0,0,0,0,0,0,0,0,0,0,0,0,0,0,0,0,0,0,0,0,0,0,0,3,3,3,5,3,1,3,3,1,3,3,2,0,0,0,0,0,0,0,0,0,0,0,0,0,0,0,0,0,0,0,0,0,0,0,0,0,0,0,0,0,0,0,0,0,0,0,0,0,0,0,0,0,0,0,0,0,0,0,0,0,0,0,0,0,0,0,0,-0.0138196498155593,-5.740800380706787,-4.70225715637207,5.961956024169922,6.249255180358887,-16.455217361450195,-28.059282302856445,-5.676211833953857,24.948305130004883,-5.170016765594482,3.0948565006256104,22.29855728149414,-0.1789957880973816,13.16998291015625,-31.77031517028809,-0.7646211385726929,24.22631454467773,-29.32118225097656,-27.77906608581543,33.56653594970703,6.817944526672363,17.050189971923828,55.97639465332031,16.729995727539062,-16.371253967285156,6.007503986358643,-15.598583221435549,-36.23196792602539,2.459126234054565,-11.82327365875244,17.539806365966797,-8.803125381469727,-15.371115684509276,-2.001238822937012,-3.4063427448272705,8.79442310333252,3.2925305366516118,-1.3812007904052734,19.831031799316406,20.35470390319824,2.778082847595215,0.8305712938308716,-5.713318347930908,-11.068330764770508,-24.69940948486328,17.50060272216797,10.921279907226562,39.20131301879883,-8.72296142578125,2.071133852005005,10.008533477783203,-25.76101303100586,0.4718222916126251,-21.39034843444824,-31.5487003326416,-23.50077438354492,-11.997486114501951,12.496261596679688,4.043148994445801,7.9519267082214355,1.9069308042526243,-16.189727783203125,-15.938329696655272,11.526528358459473,-41.971656799316406,3.1262691020965576,18.27528190612793,10.769104957580566,-17.679712295532227,-2.3239965438842773,-7.46234130859375,10.05862808227539,14.570343017578123,-30.555688858032227,-3.842138767242432,5.959039688110352,-27.997785568237305,1.2662982940673828,8.300092697143555,2.449937105178833,18.80158233642578,1.0129107236862185,-7.992510795593262,-37.90153503417969,15.819156646728516,-10.038257598876951,-11.050895690917969,3.916860580444336,6.937411785125732,-1.4969316720962524,9.057083129882812,14.11925220489502,16.162372589111328,8.957938194274902,4.253443717956543,-3.970506429672241,20.607561111450195,9.126304626464844,18.06377220153809,-7.483609676361084,-8.40073299407959,-20.042160034179688,-24.356334686279297,-11.979777336120604,11.872566223144531,-29.81501579284668,-16.669300079345703,11.94023323059082,7.667295455932617,-19.48833465576172,-20.352975845336918,16.529041290283203,11.458576202392578,-12.835314750671388,-2.0882885456085205,-8.743858337402344,17.180137634277344,22.36609649658203,-2.2974116802215576,7.39393138885498,-15.602386474609377,15.090174674987791,-2.4624016284942627,30.97006607055664,0.722787618637085,-34.8984260559082,-29.59614372253418,2.936307191848755,-14.379343032836914,1.877955436706543,0.7046008706092834,-3.2267069816589355,13.237468719482422,40.078556060791016,7.287825107574463,30.257814407348636,-0.6159828901290894,-7.961366653442383,17.645662307739258,-13.72152614593506,25.094757080078125,0.2729063630104065,-8.608095169067383,-4.106157302856445,16.42719268798828,5.04236364364624,7.095701217651367,6.425251483917236,14.33585262298584,33.882049560546875,-4.829972743988037,17.293344497680664,16.0452880859375,-22.75053977966309,-6.0204243659973145,0.9104667901992798,-17.230098724365234,-5.87791919708252,0.2363354712724685,-18.54374313354492,5.937157154083252,13.801886558532717,-12.732966423034668,5.7510247230529785,15.70388126373291,-23.928924560546875,11.90225887298584,-9.029129981994627,4.537193298339844,18.30619430541992,-13.783329010009766,-20.691314697265625,36.20541000366211,-7.422492027282715,11.96242904663086,-1.1597565412521362,12.323976516723633,-4.935483455657959,-13.035670280456545,23.313289642333984,-13.102100372314451,24.554723739624023,0.1397357881069183,29.064773559570312,10.090384483337402,-11.953332901000977,3.0282413959503174,4.2866740226745605,-7.314296722412109,-15.965716361999512,3.95375394821167,-9.647089958190918,-17.013565063476562,4.411624908447266,12.097044944763184,7.415900707244873,0.3920329809188843,-25.899877548217773,-8.031331062316895,-9.529653549194336,-0.523270845413208,-6.315915107727051,10.203973770141602,-6.705101490020752,-6.522940635681152,-4.851596355438232,32.557106018066406,26.57468605041504,26.125642776489254,-15.98521327972412,31.372295379638672,-2.481361150741577,34.040016174316406,-12.792508125305176,15.204999923706056,-0.7692306041717529,16.37989044189453,10.335732460021973,-9.810131072998049,14.817061424255373,10.99878978729248,-20.35918617248535,-9.765176773071287,0.4569306969642639,7.412408351898193,-12.618252754211426,-3.2091073989868164,-0.7108619213104248,13.608147621154783,-26.824678421020508,5.923358917236328,-3.8189430236816406,-20.44679450988769,-23.429162979125977,5.118315696716309,-25.72003936767578,-7.057827949523926,-8.403305053710938,-8.02119255065918,29.38056945800781,16.385873794555664,-26.738182067871094,17.443065643310547,-7.052427768707275,-3.3050239086151123,22.673660278320312,-42.39132690429688,-14.586376190185549,2.455366373062134,10.890716552734377,-44.60603713989258,10.207260131835938,9.898874282836914,-5.758742809295654,-22.715919494628903,15.866692543029783,4.793305397033691,-17.797574996948242,31.064697265625,-25.28095054626465,-10.443446159362791,11.195659637451172,0.7974473237991333,16.957307815551758,-4.304633617401123,-23.44624137878418,-11.968901634216309,2.459183931350708,7.428708076477051,-20.184005737304688,0.3803474307060241,10.355636596679688,-13.56633472442627,3.6364357471466064,-1.061140775680542,-20.637325286865234,-9.50959300994873,-9.580665588378906,-11.063215255737305,20.30894660949707,-13.803674697875977,-17.172513961791992,-23.61307907104492,-14.559288024902344,-9.854400634765623,12.50386905670166,2.811307668685913,-2.0812442302703857,-11.420127868652344,-9.87374210357666,8.209159851074219,30.091541290283203,13.162689208984377,10.974864959716797,-26.56147766113281,-19.178754806518555,-13.481152534484863,-23.51426696777344,-40.1077880859375,-4.093555450439453,1.0,0.0
OXYR_HUMAN,CHEMBL2113194,CCOc1ccc(S(=O)(=O)N(c2ccc(C)cc2)C(C)C(=O)NNC2=c3ccccc3=NC2=O)cc1,0,0,0,0,0,0,0,0,0,0,0,0,0,0,0,0,0,0,0,0,0,0,0,0,0,0,0,0,0,0,0,0,0,0,0,0,0,0,0,0,0,0,0,0,0,0,0,0,0,0,0,0,0,0,0,0,0,0,0,0,0,0,0,0,0,0,0,0,0,0,0,0,0,0,0,0,0,0,0,0,0,0,0,0,0,0,0,0,0,0,0,0,0,0,0,0,0,0,0,0,0,0,0,0,0,0,0,0,0,0,0,0,0,0,0,0,0,0,0,0,0,0,0,0,0,0,0,0,0,0,0,0,0,0,0,0,0,0,0,0,0,0,0,0,0,0,0,0,0,0,0,0,0,0,0,0,0,0,0,0,0,0,0,0,0,0,0,0,0,0,0,0,0,0,0,0,0,0,0,0,0,0,0,0,0,2,4,1,2,2,2,2,3,2,3,2,4,2,2,3,2,0,0,0,0,0,0,0,0,0,0,0,0,0,0,0,0,3,2,2,1,0,0,0,0,0,0,0,0,0,0,0,0,0,0,0,0,0,1,1,2,4,1,3,0,0,0,0,0,0,0,0,0,0,0,5,3,0,0,0,0,0,0,0,0,0,0,0,0,0,0,0,0,0,0,0,0,0,0,0,0,0,0,0,0,0,0,0,0,0,0,0,0,0,0,0,0,0,0,0,0,0,0,0,0,0,0,0,0,0,0,0,0,0,0,0,0,0,0,0,0,0,0,0,0,0,0,0,0,0,0,0,0,0,0,0,0,0,0,0,0,0,0,0,0,0,0,0,0,0,0,0,0,0,0,0,0,0,0,0,0,0,0,0,0,0,0,0,0,0,0,0,0,0,0,0,0,0,0,0,0,0,0,0,0,0,0,0,0,0,0,0,0,0,0,0,0,0,0,0,0,0,0,0,0,0,0,0,0,0,0,0,0,0,0,0,0,0,0,0,0,0,0,0,0,0,0,0,0,0,0,0,0,2,1,1,1,5,5,3,0,0,0,0,0,0,0,0,0,0,0,0,0,0,0,0,0,0,0,0,0,0,0,0,0,0,0,0,0,0,0,0,0,0,0,0,0,0,0,0,0,0,0,0,0,0,0,0,0,0,0,0,0,0,0,0,0,0,0,0,0,0,0,0,0,0,0,0,0,0,0,0,0,0,0,0,0,0,0,0,0,0,0,0,0,0,0,0,0,0,0,0,0,0,0,0,0,0,0,0,0,0,0,0,0,0,0,0,0,0,0,0,0,0,0,0,0,0,0,0,0,0,0,0,0,0,0,0,0,0,0,0,0,0,0,0,0,0,0,0,0,0,0,0,0,0,0,0,0,4,2,2,2,5,2,4,2,0,0,0,0,0,0,0,0,0,0,0,0,0,0,0,0,0,2,2,2,1,2,0,2,2,0,0,0,0,0,0,0,0,0,0,0,2,2,2,2,3,1,3,2,1,0,0,0,0,0,0,2,2,2,2,2,0,0,5,0,0,0,0,3,3,0,0,0,0,0,0,0,0,0,0,0,5,3,5,5,0,0,0,0,0,3,0,0,0,0,0,0,0,5,2,2,2,2,2,5,0,0,0,0,0,0,0,0,0,0,0,0,0,0,0,5,2,3,0,2,2,4,0,0,0,0,0,0,0,0,0,0,0,0,0,0,0,0,0,0,0,0,0,0,0,0,0,0,0,0,0,0,0,0,2,2,2,2,2,2,3,2,2,0,0,0,0,0,0,0,0,0,0,0,0,0,0,0,0,0,0,0,0,0,0,0,0,1,3,2,2,0,0,0,0,0,0,0,0,0,0,0,0,0,0,0,0,0,0,0,0,0,0,0,0,0,0,0,0,0,2,4,2,3,2,5,2,2,1,0,1,4,2,0,0,0,0,0,2,1,0,0,0,0,0,0,0,0,0,0,0,0,0,0,0,0,0,0,0,0,0,0,0,0,0,0,0,0,0,0,0,0,0,0,0,0,0,0,0,0,0,0,0,0,0,0,0,5,0,2,2,5,0,2,2,3,2,2,1,2,2,2,0,0,0,3,3,2,2,0,0,0,0,0,0,0,0,0,0,0,0,2,2,0,0,0,0,0,0,0,0,0,0,0,0,0,0,0,0,0,0,0,0,0,0,0,0,0,0,0,0,0,0,0,2,2,3,2,4,5,0,0,0,0,0,0,0,0,0,0,0,0,0,0,0,0,0,0,0,0,0,0,0,0,0,0,0,0,0,0,0,0,0,0,1,0,0,0,0,0,0,0,0,0,0,0,0,0,0,0,0,0,0,0,0,0,0,0,0,0,0,2,2,0,0,0,0,0,0,2,0,1,3,1,2,0,0,0,0,0,0,0,0,0,0,0,0,0,0,0,0,0,0,0,0,0,0,0,0,0,0,0,0,5,3,0,0,0,0,2,5,5,0,0,5,3,0,0,0,0,0,0,0,0,0,0,0,0,0,0,0,4,5,0,0,0,0,2,2,2,0,0,0,0,2,2,3,2,2,0,0,0,1,1,2,2,2,3,0,0,2,1,3,2,5,0,0,0,0,0,0,0,0,0,0,0,0,2,2,3,0,0,0,0,0,0,0,0,0,0,0,0,0,0,0,0,0,0,0,0,0,0,0,0,0,0,0,0,0,0,0,0,0,0,0,0,0,0,0,2,5,0,0,0,0,4,0,0,0,0,0,0,0,0,0,0,0,0,0,0,0,0,0,0,0,0,0,0,0,0,0,0,0,0,0,0,0,0,0,0,0,0,0,0,0,0,0,0,0,0,0,0,0,0,0,0,0,0,0,0,0,0,0,0,0,0,0,0,0,0,0,0,0,0,0,0,0,0,0,0,0,0,0,0,0,0,0,0,0,0,0,0,0,0,0,0,0,0,0,2,2,0,0,4,1,2,2,4,0,0,0,0,0,1,2,2,2,0,0,0,0,0,0,0,0,0,0,0,0,0,0,0,0,0,0,0,0,0,0,0,0,0,0,0,0,0,0,0,0,0,0,0,0,0,0,0,0,0,0,0,2,2,0,0,0,0,0,0,0,0,0,0,0,0,0,0,0,0,3,1,2,1,1,0,0,0,0,5,0,0,0,0,0,0,0,2,2,0,0,0,0,0,0,0,0,2,3,2,2,0,0,0,3,2,2,2,2,0,2,2,1,2,2,0,2,2,0,0,0,0,0,0,0,0,0,0,0,0,0,0,0,0,0,0,2,2,1,0,0,0,0,0,0,0,0,0,0,0,0,0,0,0,0,2,1,2,2,3,2,0,0,0,0,0,0,0,5,2,0,0,0,0,0,0,0,0,0,0,0,0,0,0,0,0,2,3,0,0,0,0,0,0,0,0,0,0,0,0,0,0,0,0,0,0,0,0,0,0,0,0,0,0,0,0,0,0,0,0,0,0,0,0,0,0,0,0,0,0,0,3,2,5,2,0,0,0,0,0,0,0,0,0,0,0,0,0,0,0,0,0,0,0,0,0,0,0,0,0,0,0,0,0,0,0,0,0,0,0,0,0,0,0,0,0,0,0,0,0,0,0,0,0,0,0,0,0,0,0,0,0,0,0,0,0,0,0,0,0,0,0,0,0,0,0,0,0,0,0,0,0,0,0,0,0,0,0,0,0,0,0,0,0,0,0,0,0,0,0,0,0,0,0,0,0,0,0,0,0,0,0,0,0,0,0,0,0,0,0,0,0,0,0,0,0,0,0,0,0,0,0,0,0,0,0,0,0,0,0,0,0,0,0,5,3,2,2,2,2,2,2,4,2,1,4,1,2,2,2,1,4,1,1,5,2,2,2,2,5,2,3,3,2,5,2,2,3,5,0,0,0,0,0,0,0,0,0,0,0,0,0,0,0,0,0,0,0,0,0,0,0,2,5,2,5,3,2,0,0,0,0,0,0,0,0,5,0,0,0,2,3,2,2,2,2,0,0,0,0,0,2,2,2,2,2,0,0,0,1,2,3,1,2,2,2,0,0,0,0,0,2,3,2,2,3,2,2,4,2,0,0,0,0,0,0,0,0,3,2,1,5,4,2,0,0,0,0,3,0,0,0,0,0,0,0,0,0,0,0,0,0,0,0,0,0,2,0,0,2,0,0,0,0,0,0,0,0,0,0,0,0,0,0,0,0,0,0,0,0,0,0,0,0,0,0,0,0,0,0,0,0,0,0,0,0,0,0,0,0,0,0,0,0,0,0,0,0,0,0,0,0,0,0,0,0,0,0,0,0,0,0,0,0,0,0,0,0,0,0,0,0,0,0,0,0,0,2,2,0,2,0,0,0,0,0,2,2,2,0,2,3,2,3,3,1,1,3,1,2,2,0,0,0,0,0,0,0,2,2,2,2,3,1,5,2,2,5,0,4,2,0,0,0,0,2,3,5,2,0,0,0,0,0,0,0,0,0,0,0,0,0,0,0,0,0,0,0,0,0,0,0,0,0,0,0,0,0,0,0,0,0,0,0,0,0,0,0,0,0,0,0,0,0,0,0,0,0,0,0,0,0,0,0,0,0,0,0,0,0,0,0,0,0,0,0,0,0,0,0,0,0,0,0,0,0,0,0,0,0,0,0,0,0,0,0,0,0,0,0,0,0,0,0,0,2,1,1,3,2,3,2,2,5,1,5,5,2,1,4,3,0,0,0,0,0,0,0,0,0,0,0,0,0,0,0,0,0,0,0,0,0,0,0,0,0,0,0,0,0,0,0,0,0,0,0,0,0,0,0,0,0,0,0,0,0,0,0,0,0,0,0,0,0,0,0,0,0,0,0,0,0,0,0,0,0,0,0,0,0,0,0,0,0,0,0,0,0,0,0,0,0,0,0,0,0,0,0,0,0,0,0,0,0,0,0,0,0,0,0,0,0,0,0,0,0,0,0,0,0,0,0,0,0,0,0,0,0,0,0,0,0,0,0,0,0,0,0,0,0,0,0,0,0,0,0,0,0,0,0,0,0,0,0,0,0,0,0,0,0,0,0,0,0,0,0,0,0,0,0,0,0,0,0,0,0,0,0,0,0,0,0,0,0,0,0,0,0,0,0,0,0,0,0,0,0,0,0,0,0,0,0,0,0,0,0,0,0,0,0,0,0,0,0,0,0,0,0,0,0,0,0,0,0,0,0,0,0,0,0,0,0,0,0,0,0,0,0,0,0,0,0,0,0,0,0,0,0,0,0,0,0,0,0,0,0,0,0,0,0,0,0,0,0,0,0,0,0,0,0,0,0,0,0,0,0,0,0,0,0,0,0,0,0,0,0,0,0,0,0,0,0,0,0,0,3,2,3,5,5,3,3,3,3,3,2,2,2,3,5,5,3,0,0,0,0,0,0,0,0,0,0,0,0,0,0,0,0,0,0,0,0,0,0,0,0,0,0,0,0,0,0,0,0,0,0,0,0,0,0,0,0,0,0,0,0,0,0,0,0,0,0,0,0,0,0,0,0,0,0,0,0,0,0,0,0,0,0,0,0,0,0,0,0,0,0,0,0,0,0,0,0,0,0,0,0,0,0,0,0,0,0,0,0,0,0,0,0,0,0,0,0,0,0,0,0,0,0,0,0,0,0,0,0,0,0,0,0,0,0,0,0,0,0,0,0,0,0,0,0,0,3,3,3,5,3,1,3,3,1,3,3,2,0,0,0,0,0,0,0,0,0,0,0,0,0,0,0,0,0,0,0,0,0,0,0,0,0,0,0,0,0,0,0,0,0,0,0,0,0,0,0,0,0,0,0,0,0,0,0,0,0,0,0,0,0,0,0,0,1.6907552480697632,-3.4672000408172607,-5.672325134277344,8.496345520019531,2.349360466003418,-0.2796273231506347,-15.195256233215332,-1.9292728900909424,14.619400024414062,5.681941032409668,-5.110004425048828,2.413004875183105,-11.030860900878906,0.521510899066925,-6.23783016204834,-0.2906808257102966,6.213126659393311,-4.464197158813477,-5.924147605895996,9.499564170837402,-0.0042453333735466,8.400679588317871,21.555965423583984,7.70509147644043,-13.720784187316896,0.4230275154113769,1.062503457069397,-11.810460090637209,4.11240291595459,-0.5455545783042908,15.293376922607422,-8.895424842834473,-4.3779120445251465,-8.035713195800781,4.237778663635254,0.576926052570343,2.2718505859375,1.1212096214294434,10.24914264678955,5.3446455001831055,-0.5006623864173889,-2.162308692932129,-9.322769165039062,-0.8853830099105835,-14.632363319396973,4.175824165344238,-1.4471471309661863,11.42201328277588,-9.955570220947266,1.4965864419937134,6.565681457519531,-9.412458419799805,-5.783191680908203,-8.984199523925781,-8.919417381286621,-8.764598846435547,-3.271512985229492,0.5834806561470032,5.791112899780273,3.7370080947875977,-0.7850362062454224,-9.646833419799805,-3.945921659469605,5.6383795738220215,-17.300548553466797,-0.891464114189148,12.845948219299316,3.8898472785949703,-4.277055263519287,4.8363189697265625,-6.987263202667236,1.9055359363555908,7.816885471343994,-10.425092697143556,-3.1887693405151367,7.406361103057861,-8.894384384155273,4.281258583068848,-1.456832766532898,5.01963996887207,7.539196968078613,-1.5297865867614746,-8.740004539489746,-11.65687656402588,3.088828563690185,-0.8282010555267334,-8.874258995056152,6.312046051025391,3.377553939819336,-0.9974867105484008,3.604973793029785,4.958840847015381,3.874150514602661,11.458919525146484,4.2447509765625,0.582771360874176,5.363568305969238,3.9066805839538574,8.22677230834961,0.8584104180335999,-7.090940475463867,-10.53226375579834,-7.464400291442871,-13.859696388244627,2.816593647003174,-10.86593246459961,-6.436234951019287,5.835307121276856,2.639021396636963,-8.1571044921875,-18.92360496520996,4.348283767700195,7.038333415985107,-2.1677286624908447,2.216450452804565,-7.10481071472168,11.849404335021973,11.035951614379885,-4.484864711761475,6.990561008453369,-13.443544387817385,0.478052407503128,-4.635324954986572,7.038379669189453,6.557988166809082,-10.6577730178833,-16.020231246948242,-2.386782646179199,-2.31030821800232,0.6476479768753052,-0.9570605754852296,0.4241054356098175,11.27983283996582,18.934329986572266,-2.8371989727020264,15.994723320007324,13.6243896484375,1.4425650835037231,15.175336837768556,-3.141775608062744,13.750401496887209,-3.304677724838257,-1.0942342281341553,0.6860290169715881,14.40627670288086,10.61105728149414,3.4683377742767334,2.8398399353027344,2.439646482467652,12.096531867980955,8.227239608764648,3.4505205154418945,10.266533851623535,-4.903246879577637,-1.7889810800552368,3.197411060333252,-6.238792896270752,-7.985036373138428,5.218547821044922,-10.648685455322266,-3.015299081802368,-2.2104122638702397,-8.98131275177002,3.963661193847656,4.571559429168701,-10.155743598937988,1.4947203397750854,-4.245439529418945,0.4203893542289734,7.73076581954956,-9.347844123840332,-4.77652645111084,15.114520072937012,-4.626621723175049,-0.974293053150177,0.4251296520233154,6.095291614532471,-1.548421025276184,-6.2001495361328125,12.384385108947754,-7.138071060180664,8.525193214416504,-1.8450199365615845,11.204363822937012,9.421053886413574,-5.71450138092041,-0.3741450905799866,-1.4980781078338623,-8.23154067993164,-5.013374328613281,-1.4886207580566406,-0.921268343925476,-2.483921527862549,0.4484389126300812,3.1272287368774414,-0.2410609573125839,-7.640798091888428,-12.936407089233398,-1.1522612571716309,-1.4721955060958862,0.4596603512763977,3.628244161605835,7.533828735351562,0.8915762305259705,6.75214147567749,-4.213499069213867,15.642192840576172,9.550599098205566,12.578753471374512,-2.0302653312683105,18.475675582885746,-2.955690860748291,8.62960147857666,-5.281007289886475,4.717121124267578,4.669649124145508,2.858833312988281,5.203415393829346,-9.625136375427246,5.753141403198242,4.887216567993164,-10.87303066253662,-2.085129976272583,1.7497049570083618,2.1432783603668213,-4.20631217956543,-2.156594753265381,4.437834739685059,10.441035270690918,-13.021939277648926,1.8274763822555544,-6.032940864562988,-12.123867988586426,-16.251054763793945,-5.937126159667969,-3.719024181365967,-2.009223937988281,-3.0812971591949463,-7.1364569664001465,10.94649600982666,4.829843521118164,1.330338478088379,4.647769451141357,-1.2581710815429688,-4.419072151184082,3.729382038116455,-16.880393981933594,-8.192559242248535,0.0524008944630622,-8.243602752685547,-20.95793342590332,3.8450870513916016,-3.2888283729553223,-0.2656604945659637,-15.056302070617676,1.4109598398208618,5.460046768188477,-13.54326343536377,10.289299011230469,-9.89702033996582,-3.9579358100891113,7.600940704345703,4.970716953277588,13.165109634399414,3.047199487686157,-5.998484611511231,-8.244114875793457,7.553073406219482,2.3508403301239014,-9.900299072265623,-1.7432570457458496,7.408973217010498,-0.963127076625824,6.271739482879639,-0.4232527911663055,-8.092854499816895,-2.4866902828216557,-4.643859386444092,-0.9146283864974976,-0.9158284068107604,-10.917943000793455,-7.351844787597656,-19.464412689208984,-9.007030487060547,0.9676723480224608,1.8690545558929443,0.5182844400405884,-2.2837464809417725,-9.288300514221191,-1.4252465963363647,1.1572190523147583,13.933493614196776,14.75514793395996,1.431619644165039,-12.265731811523438,-1.830965518951416,-6.316187858581543,-4.427123546600342,-15.04868507385254,-4.115764617919922,-1.0,2.651278013998144
OXYR_HUMAN,CHEMBL511908,COc1ccc(-n2c(C)nnc2-c2ccc(-c3ccccc3)cc2)cc1,0,0,0,0,0,0,0,0,0,0,0,0,0,0,0,0,0,0,0,0,0,0,0,0,0,0,0,0,0,0,0,0,0,0,0,0,0,0,0,0,0,0,0,0,0,0,0,0,0,0,0,0,0,0,0,0,0,0,0,0,0,0,0,0,0,0,0,0,0,0,0,0,0,0,0,0,0,0,0,0,0,0,0,0,0,0,0,0,0,0,0,0,0,0,0,0,0,0,0,0,0,0,0,0,0,0,0,0,0,0,0,0,0,0,0,0,0,0,0,0,0,0,0,0,0,0,0,0,0,0,0,0,0,0,0,0,0,0,0,0,0,0,0,0,0,0,0,0,0,0,0,0,0,0,0,0,0,0,0,0,0,0,0,0,0,0,0,0,0,0,0,0,0,0,0,0,0,0,0,0,0,0,0,0,0,2,4,1,2,2,2,2,3,2,3,2,4,2,2,3,2,0,0,0,0,0,0,0,0,0,0,0,0,0,0,0,0,3,2,2,1,0,0,0,0,0,0,0,0,0,0,0,0,0,0,0,0,0,1,1,2,4,1,3,0,0,0,0,0,0,0,0,0,0,0,5,3,0,0,0,0,0,0,0,0,0,0,0,0,0,0,0,0,0,0,0,0,0,0,0,0,0,0,0,0,0,0,0,0,0,0,0,0,0,0,0,0,0,0,0,0,0,0,0,0,0,0,0,0,0,0,0,0,0,0,0,0,0,0,0,0,0,0,0,0,0,0,0,0,0,0,0,0,0,0,0,0,0,0,0,0,0,0,0,0,0,0,0,0,0,0,0,0,0,0,0,0,0,0,0,0,0,0,0,0,0,0,0,0,0,0,0,0,0,0,0,0,0,0,0,0,0,0,0,0,0,0,0,0,0,0,0,0,0,0,0,0,0,0,0,0,0,0,0,0,0,0,0,0,0,0,0,0,0,0,0,0,0,0,0,0,0,0,0,0,0,0,0,0,0,0,0,0,2,1,1,1,5,5,3,0,0,0,0,0,0,0,0,0,0,0,0,0,0,0,0,0,0,0,0,0,0,0,0,0,0,0,0,0,0,0,0,0,0,0,0,0,0,0,0,0,0,0,0,0,0,0,0,0,0,0,0,0,0,0,0,0,0,0,0,0,0,0,0,0,0,0,0,0,0,0,0,0,0,0,0,0,0,0,0,0,0,0,0,0,0,0,0,0,0,0,0,0,0,0,0,0,0,0,0,0,0,0,0,0,0,0,0,0,0,0,0,0,0,0,0,0,0,0,0,0,0,0,0,0,0,0,0,0,0,0,0,0,0,0,0,0,0,0,0,0,0,0,0,0,0,0,0,0,4,2,2,2,5,2,4,2,0,0,0,0,0,0,0,0,0,0,0,0,0,0,0,0,0,2,2,2,1,2,0,2,2,0,0,0,0,0,0,0,0,0,0,0,2,2,2,2,3,1,3,2,1,0,0,0,0,0,0,2,2,2,2,2,0,0,5,0,0,0,0,3,3,0,0,0,0,0,0,0,0,0,0,0,5,3,5,5,0,0,0,0,0,3,0,0,0,0,0,0,0,5,2,2,2,2,2,5,0,0,0,0,0,0,0,0,0,0,0,0,0,0,0,5,2,3,0,2,2,4,0,0,0,0,0,0,0,0,0,0,0,0,0,0,0,0,0,0,0,0,0,0,0,0,0,0,0,0,0,0,0,0,2,2,2,2,2,2,3,2,2,0,0,0,0,0,0,0,0,0,0,0,0,0,0,0,0,0,0,0,0,0,0,0,0,1,3,2,2,0,0,0,0,0,0,0,0,0,0,0,0,0,0,0,0,0,0,0,0,0,0,0,0,0,0,0,0,0,2,4,2,3,2,5,2,2,1,0,1,4,2,0,0,0,0,0,2,1,0,0,0,0,0,0,0,0,0,0,0,0,0,0,0,0,0,0,0,0,0,0,0,0,0,0,0,0,0,0,0,0,0,0,0,0,0,0,0,0,0,0,0,0,0,0,0,5,0,2,2,5,0,2,2,3,2,2,1,2,2,2,0,0,0,3,3,2,2,0,0,0,0,0,0,0,0,0,0,0,0,2,2,0,0,0,0,0,0,0,0,0,0,0,0,0,0,0,0,0,0,0,0,0,0,0,0,0,0,0,0,0,0,0,2,2,3,2,4,5,0,0,0,0,0,0,0,0,0,0,0,0,0,0,0,0,0,0,0,0,0,0,0,0,0,0,0,0,0,0,0,0,0,0,1,0,0,0,0,0,0,0,0,0,0,0,0,0,0,0,0,0,0,0,0,0,0,0,0,0,0,2,2,0,0,0,0,0,0,2,0,1,3,1,2,0,0,0,0,0,0,0,0,0,0,0,0,0,0,0,0,0,0,0,0,0,0,0,0,0,0,0,0,5,3,0,0,0,0,2,5,5,0,0,5,3,0,0,0,0,0,0,0,0,0,0,0,0,0,0,0,4,5,0,0,0,0,2,2,2,0,0,0,0,2,2,3,2,2,0,0,0,1,1,2,2,2,3,0,0,2,1,3,2,5,0,0,0,0,0,0,0,0,0,0,0,0,2,2,3,0,0,0,0,0,0,0,0,0,0,0,0,0,0,0,0,0,0,0,0,0,0,0,0,0,0,0,0,0,0,0,0,0,0,0,0,0,0,0,2,5,0,0,0,0,4,0,0,0,0,0,0,0,0,0,0,0,0,0,0,0,0,0,0,0,0,0,0,0,0,0,0,0,0,0,0,0,0,0,0,0,0,0,0,0,0,0,0,0,0,0,0,0,0,0,0,0,0,0,0,0,0,0,0,0,0,0,0,0,0,0,0,0,0,0,0,0,0,0,0,0,0,0,0,0,0,0,0,0,0,0,0,0,0,0,0,0,0,0,2,2,0,0,4,1,2,2,4,0,0,0,0,0,1,2,2,2,0,0,0,0,0,0,0,0,0,0,0,0,0,0,0,0,0,0,0,0,0,0,0,0,0,0,0,0,0,0,0,0,0,0,0,0,0,0,0,0,0,0,0,2,2,0,0,0,0,0,0,0,0,0,0,0,0,0,0,0,0,3,1,2,1,1,0,0,0,0,5,0,0,0,0,0,0,0,2,2,0,0,0,0,0,0,0,0,2,3,2,2,0,0,0,3,2,2,2,2,0,2,2,1,2,2,0,2,2,0,0,0,0,0,0,0,0,0,0,0,0,0,0,0,0,0,0,2,2,1,0,0,0,0,0,0,0,0,0,0,0,0,0,0,0,0,2,1,2,2,3,2,0,0,0,0,0,0,0,5,2,0,0,0,0,0,0,0,0,0,0,0,0,0,0,0,0,2,3,0,0,0,0,0,0,0,0,0,0,0,0,0,0,0,0,0,0,0,0,0,0,0,0,0,0,0,0,0,0,0,0,0,0,0,0,0,0,0,0,0,0,0,3,2,5,2,0,0,0,0,0,0,0,0,0,0,0,0,0,0,0,0,0,0,0,0,0,0,0,0,0,0,0,0,0,0,0,0,0,0,0,0,0,0,0,0,0,0,0,0,0,0,0,0,0,0,0,0,0,0,0,0,0,0,0,0,0,0,0,0,0,0,0,0,0,0,0,0,0,0,0,0,0,0,0,0,0,0,0,0,0,0,0,0,0,0,0,0,0,0,0,0,0,0,0,0,0,0,0,0,0,0,0,0,0,0,0,0,0,0,0,0,0,0,0,0,0,0,0,0,0,0,0,0,0,0,0,0,0,0,0,0,0,0,0,5,3,2,2,2,2,2,2,4,2,1,4,1,2,2,2,1,4,1,1,5,2,2,2,2,5,2,3,3,2,5,2,2,3,5,0,0,0,0,0,0,0,0,0,0,0,0,0,0,0,0,0,0,0,0,0,0,0,2,5,2,5,3,2,0,0,0,0,0,0,0,0,5,0,0,0,2,3,2,2,2,2,0,0,0,0,0,2,2,2,2,2,0,0,0,1,2,3,1,2,2,2,0,0,0,0,0,2,3,2,2,3,2,2,4,2,0,0,0,0,0,0,0,0,3,2,1,5,4,2,0,0,0,0,3,0,0,0,0,0,0,0,0,0,0,0,0,0,0,0,0,0,2,0,0,2,0,0,0,0,0,0,0,0,0,0,0,0,0,0,0,0,0,0,0,0,0,0,0,0,0,0,0,0,0,0,0,0,0,0,0,0,0,0,0,0,0,0,0,0,0,0,0,0,0,0,0,0,0,0,0,0,0,0,0,0,0,0,0,0,0,0,0,0,0,0,0,0,0,0,0,0,0,2,2,0,2,0,0,0,0,0,2,2,2,0,2,3,2,3,3,1,1,3,1,2,2,0,0,0,0,0,0,0,2,2,2,2,3,1,5,2,2,5,0,4,2,0,0,0,0,2,3,5,2,0,0,0,0,0,0,0,0,0,0,0,0,0,0,0,0,0,0,0,0,0,0,0,0,0,0,0,0,0,0,0,0,0,0,0,0,0,0,0,0,0,0,0,0,0,0,0,0,0,0,0,0,0,0,0,0,0,0,0,0,0,0,0,0,0,0,0,0,0,0,0,0,0,0,0,0,0,0,0,0,0,0,0,0,0,0,0,0,0,0,0,0,0,0,0,0,2,1,1,3,2,3,2,2,5,1,5,5,2,1,4,3,0,0,0,0,0,0,0,0,0,0,0,0,0,0,0,0,0,0,0,0,0,0,0,0,0,0,0,0,0,0,0,0,0,0,0,0,0,0,0,0,0,0,0,0,0,0,0,0,0,0,0,0,0,0,0,0,0,0,0,0,0,0,0,0,0,0,0,0,0,0,0,0,0,0,0,0,0,0,0,0,0,0,0,0,0,0,0,0,0,0,0,0,0,0,0,0,0,0,0,0,0,0,0,0,0,0,0,0,0,0,0,0,0,0,0,0,0,0,0,0,0,0,0,0,0,0,0,0,0,0,0,0,0,0,0,0,0,0,0,0,0,0,0,0,0,0,0,0,0,0,0,0,0,0,0,0,0,0,0,0,0,0,0,0,0,0,0,0,0,0,0,0,0,0,0,0,0,0,0,0,0,0,0,0,0,0,0,0,0,0,0,0,0,0,0,0,0,0,0,0,0,0,0,0,0,0,0,0,0,0,0,0,0,0,0,0,0,0,0,0,0,0,0,0,0,0,0,0,0,0,0,0,0,0,0,0,0,0,0,0,0,0,0,0,0,0,0,0,0,0,0,0,0,0,0,0,0,0,0,0,0,0,0,0,0,0,0,0,0,0,0,0,0,0,0,0,0,0,0,0,0,0,0,0,3,2,3,5,5,3,3,3,3,3,2,2,2,3,5,5,3,0,0,0,0,0,0,0,0,0,0,0,0,0,0,0,0,0,0,0,0,0,0,0,0,0,0,0,0,0,0,0,0,0,0,0,0,0,0,0,0,0,0,0,0,0,0,0,0,0,0,0,0,0,0,0,0,0,0,0,0,0,0,0,0,0,0,0,0,0,0,0,0,0,0,0,0,0,0,0,0,0,0,0,0,0,0,0,0,0,0,0,0,0,0,0,0,0,0,0,0,0,0,0,0,0,0,0,0,0,0,0,0,0,0,0,0,0,0,0,0,0,0,0,0,0,0,0,0,0,3,3,3,5,3,1,3,3,1,3,3,2,0,0,0,0,0,0,0,0,0,0,0,0,0,0,0,0,0,0,0,0,0,0,0,0,0,0,0,0,0,0,0,0,0,0,0,0,0,0,0,0,0,0,0,0,0,0,0,0,0,0,0,0,0,0,0,0,0.9744004607200624,-3.5395796298980717,-3.604936361312866,12.186787605285645,-0.6937285661697388,-1.445941686630249,-11.019902229309082,-1.6522090435028076,9.92565631866455,2.9104909896850586,-6.944560527801514,-2.7777323722839355,-11.179253578186035,-0.0030197389423847,-5.720939636230469,0.3635642528533935,4.638025283813477,-2.3187568187713623,-3.442232608795166,7.9866943359375,3.649893283843994,6.171751499176025,14.122190475463867,7.361212730407715,-8.850687026977539,0.0326635316014289,1.23753559589386,-10.271268844604492,1.5787843465805054,2.0975914001464844,15.546015739440918,-9.484678268432615,-3.8596887588500977,-6.431070327758789,4.223243236541748,0.9225261807441713,1.5795069932937622,0.3745113015174866,9.01311206817627,3.544421434402466,-1.8734852075576784,-0.3092898726463318,-8.25986385345459,0.5998200178146362,-12.12640380859375,3.1914758682250977,-1.4644911289215088,3.4313740730285645,-6.111575126647949,6.08445405960083,6.705658435821533,-5.980662345886231,-4.359118461608887,-10.453082084655762,-3.474847316741944,-4.553599834442139,-5.304475784301758,-1.4531697034835815,4.205312728881836,3.438250064849853,0.91557514667511,-9.775744438171388,-1.6130565404891968,0.4456471502780914,-13.785900115966797,-0.8132728338241577,8.934367179870605,-0.7966092824935913,-0.1478820443153381,1.8118834495544436,-5.7472991943359375,0.4116000831127167,8.256333351135254,-5.26732873916626,-1.397722244262695,7.712972640991211,-4.591137409210205,4.437355995178223,-3.399589776992798,5.334176540374756,5.3068132400512695,0.1108742728829383,-7.879016876220703,-6.306973934173584,1.6787971258163452,-2.5934062004089355,-8.778252601623535,5.179975986480713,5.521439552307129,-2.0172338485717773,5.087245941162109,0.1099222749471664,3.916694402694702,7.1660895347595215,3.1652863025665283,0.7313870787620544,3.1832926273345947,5.220478057861328,5.423637866973877,4.073220252990723,-7.226787567138672,-8.650351524353027,-5.603205680847168,-14.043574333190918,4.183817863464356,-6.073391914367676,0.23966084420681,3.4772322177886963,-0.4097461700439453,-4.325740337371826,-14.261832237243652,1.723297357559204,4.656601905822754,1.9046030044555664,2.2372114658355717,-5.8976030349731445,10.234747886657717,10.201523780822754,-5.038748741149902,4.591681957244873,-11.598236083984377,0.246859461069107,-4.125046253204346,4.449998378753662,4.394493579864502,-6.9048380851745605,-8.274720191955566,-1.7414124011993408,-4.511509895324707,0.2469403445720672,-0.6330960988998413,2.7206358909606934,11.166082382202148,10.342984199523926,-3.4959585666656494,12.12304973602295,16.82878875732422,1.1486536264419556,10.095551490783691,-2.4085147380828857,6.416042804718018,-1.5106055736541748,-1.2234481573104858,0.6989062428474426,9.703317642211914,7.651891708374023,1.0091938972473145,-0.9589049816131592,0.0640752017498016,6.4481201171875,7.254154682159424,0.9946675896644592,9.622751235961914,-4.040106773376465,-0.266506552696228,1.8965476751327517,-6.014525890350342,-6.779460906982422,3.127036571502685,-4.746349334716797,-6.267334461212158,-3.3575682640075684,-4.630372047424316,-1.132158279418945,-0.0117716137319803,-11.46695327758789,0.4301320314407348,-2.229565143585205,0.7627430558204651,3.89820408821106,-6.2671732902526855,-4.828707695007324,9.667454719543455,-0.0970545560121536,-0.4833375811576843,2.0008389949798584,5.479559898376465,-5.478105068206787,-5.783124923706055,9.051706314086914,-2.2936065196990967,4.601521968841553,-3.894077777862549,8.355670928955078,10.107173919677734,-0.5396131873130798,-3.3293545246124268,-4.129095554351807,-3.6948556900024414,-1.804201364517212,-2.6446239948272705,-0.618730366230011,-0.0995596051216125,0.988210380077362,0.2726168930530548,0.0420283898711204,-8.21574592590332,-10.114591598510742,-0.855147123336792,0.2516243457794189,3.998277187347412,4.668907165527344,2.7666921615600586,3.754906892776489,6.670335292816162,-1.8833452463150024,10.052172660827637,3.8847148418426514,10.35049819946289,0.0750209763646125,9.58963680267334,-3.2108571529388428,1.7511818408966064,-9.425423622131348,0.6893668174743652,1.678964376449585,-2.735358476638794,6.278588771820068,-8.667232513427734,3.894113302230835,1.4006375074386597,-8.257243156433105,-3.1801369190216064,-0.5400948524475098,3.018838405609131,-3.5968451499938965,-2.856630563735962,2.805828809738159,5.724689960479736,-6.688995361328125,2.096881866455078,-1.249704122543335,-5.200345039367676,-13.586427688598633,-1.9399240016937256,-5.802812576293945,-2.5135715007781982,-3.5128815174102783,-3.699220895767212,8.529112815856934,3.678954839706421,2.740984916687012,1.8247467279434204,0.629866898059845,-6.246833801269531,4.339338779449463,-13.879619598388672,-8.37631607055664,1.1943624019622805,-6.414620876312256,-15.13920783996582,3.2657899856567383,-4.297891616821289,1.848292708396912,-12.716880798339844,1.3935025930404663,4.225579738616943,-8.224618911743164,4.955597400665283,-4.7638325691223145,1.3818309307098389,6.627676010131836,7.002669811248779,9.198638916015623,3.876962423324585,-4.255433559417725,-9.835418701171877,7.381058216094971,-2.719921350479126,-4.925563335418701,-3.314645767211914,3.652825117111206,-1.8425207138061523,3.373246908187866,2.1728391647338867,-4.811532497406006,-0.8952242732048035,-2.140275478363037,2.168390989303589,-0.5654411911964417,-8.929459571838379,-5.464700698852539,-14.882125854492188,-5.942745685577393,-2.950236558914185,3.2613110542297363,-2.1557137966156006,0.1245293468236923,-8.51440715789795,0.8171707391738892,-3.993665218353272,11.266801834106444,12.450891494750977,-1.7921528816223145,-5.444071292877197,-2.972778558731079,-3.097773790359497,-1.7449753284454346,-10.429301261901855,-0.6839239001274109,-1.0,2.1553360374650614
OXYR_HUMAN,CHEMBL3353953,CCC(C)C1NC(=O)C(Cc2ccc(O)cc2)NC(=O)CCSSCC(C(=O)N(CCc2ccccc2)CC(=O)NC(CC(C)C)C(=O)NCC(N)=O)NC(=O)C(CC(N)=O)NC(=O)C(CCC(N)=O)NC1=O,0,0,0,0,0,0,0,0,0,0,0,0,0,0,0,0,0,0,0,0,0,0,0,0,0,0,0,0,0,0,0,0,0,0,0,0,0,0,0,0,0,0,0,0,0,0,0,0,0,0,0,0,0,0,0,0,0,0,0,0,0,0,0,0,0,0,0,0,0,0,0,0,0,0,0,0,0,0,0,0,0,0,0,0,0,0,0,0,0,0,0,0,0,0,0,0,0,0,0,0,0,0,0,0,0,0,0,0,0,0,0,0,0,0,0,0,0,0,0,0,0,0,0,0,0,0,0,0,0,0,0,0,0,0,0,0,0,0,0,0,0,0,0,0,0,0,0,0,0,0,0,0,0,0,0,0,0,0,0,0,0,0,0,0,0,0,0,0,0,0,0,0,0,0,0,0,0,0,0,0,0,0,0,0,0,2,4,1,2,2,2,2,3,2,3,2,4,2,2,3,2,0,0,0,0,0,0,0,0,0,0,0,0,0,0,0,0,3,2,2,1,0,0,0,0,0,0,0,0,0,0,0,0,0,0,0,0,0,1,1,2,4,1,3,0,0,0,0,0,0,0,0,0,0,0,5,3,0,0,0,0,0,0,0,0,0,0,0,0,0,0,0,0,0,0,0,0,0,0,0,0,0,0,0,0,0,0,0,0,0,0,0,0,0,0,0,0,0,0,0,0,0,0,0,0,0,0,0,0,0,0,0,0,0,0,0,0,0,0,0,0,0,0,0,0,0,0,0,0,0,0,0,0,0,0,0,0,0,0,0,0,0,0,0,0,0,0,0,0,0,0,0,0,0,0,0,0,0,0,0,0,0,0,0,0,0,0,0,0,0,0,0,0,0,0,0,0,0,0,0,0,0,0,0,0,0,0,0,0,0,0,0,0,0,0,0,0,0,0,0,0,0,0,0,0,0,0,0,0,0,0,0,0,0,0,0,0,0,0,0,0,0,0,0,0,0,0,0,0,0,0,0,0,2,1,1,1,5,5,3,0,0,0,0,0,0,0,0,0,0,0,0,0,0,0,0,0,0,0,0,0,0,0,0,0,0,0,0,0,0,0,0,0,0,0,0,0,0,0,0,0,0,0,0,0,0,0,0,0,0,0,0,0,0,0,0,0,0,0,0,0,0,0,0,0,0,0,0,0,0,0,0,0,0,0,0,0,0,0,0,0,0,0,0,0,0,0,0,0,0,0,0,0,0,0,0,0,0,0,0,0,0,0,0,0,0,0,0,0,0,0,0,0,0,0,0,0,0,0,0,0,0,0,0,0,0,0,0,0,0,0,0,0,0,0,0,0,0,0,0,0,0,0,0,0,0,0,0,0,4,2,2,2,5,2,4,2,0,0,0,0,0,0,0,0,0,0,0,0,0,0,0,0,0,2,2,2,1,2,0,2,2,0,0,0,0,0,0,0,0,0,0,0,2,2,2,2,3,1,3,2,1,0,0,0,0,0,0,2,2,2,2,2,0,0,5,0,0,0,0,3,3,0,0,0,0,0,0,0,0,0,0,0,5,3,5,5,0,0,0,0,0,3,0,0,0,0,0,0,0,5,2,2,2,2,2,5,0,0,0,0,0,0,0,0,0,0,0,0,0,0,0,5,2,3,0,2,2,4,0,0,0,0,0,0,0,0,0,0,0,0,0,0,0,0,0,0,0,0,0,0,0,0,0,0,0,0,0,0,0,0,2,2,2,2,2,2,3,2,2,0,0,0,0,0,0,0,0,0,0,0,0,0,0,0,0,0,0,0,0,0,0,0,0,1,3,2,2,0,0,0,0,0,0,0,0,0,0,0,0,0,0,0,0,0,0,0,0,0,0,0,0,0,0,0,0,0,2,4,2,3,2,5,2,2,1,0,1,4,2,0,0,0,0,0,2,1,0,0,0,0,0,0,0,0,0,0,0,0,0,0,0,0,0,0,0,0,0,0,0,0,0,0,0,0,0,0,0,0,0,0,0,0,0,0,0,0,0,0,0,0,0,0,0,5,0,2,2,5,0,2,2,3,2,2,1,2,2,2,0,0,0,3,3,2,2,0,0,0,0,0,0,0,0,0,0,0,0,2,2,0,0,0,0,0,0,0,0,0,0,0,0,0,0,0,0,0,0,0,0,0,0,0,0,0,0,0,0,0,0,0,2,2,3,2,4,5,0,0,0,0,0,0,0,0,0,0,0,0,0,0,0,0,0,0,0,0,0,0,0,0,0,0,0,0,0,0,0,0,0,0,1,0,0,0,0,0,0,0,0,0,0,0,0,0,0,0,0,0,0,0,0,0,0,0,0,0,0,2,2,0,0,0,0,0,0,2,0,1,3,1,2,0,0,0,0,0,0,0,0,0,0,0,0,0,0,0,0,0,0,0,0,0,0,0,0,0,0,0,0,5,3,0,0,0,0,2,5,5,0,0,5,3,0,0,0,0,0,0,0,0,0,0,0,0,0,0,0,4,5,0,0,0,0,2,2,2,0,0,0,0,2,2,3,2,2,0,0,0,1,1,2,2,2,3,0,0,2,1,3,2,5,0,0,0,0,0,0,0,0,0,0,0,0,2,2,3,0,0,0,0,0,0,0,0,0,0,0,0,0,0,0,0,0,0,0,0,0,0,0,0,0,0,0,0,0,0,0,0,0,0,0,0,0,0,0,2,5,0,0,0,0,4,0,0,0,0,0,0,0,0,0,0,0,0,0,0,0,0,0,0,0,0,0,0,0,0,0,0,0,0,0,0,0,0,0,0,0,0,0,0,0,0,0,0,0,0,0,0,0,0,0,0,0,0,0,0,0,0,0,0,0,0,0,0,0,0,0,0,0,0,0,0,0,0,0,0,0,0,0,0,0,0,0,0,0,0,0,0,0,0,0,0,0,0,0,2,2,0,0,4,1,2,2,4,0,0,0,0,0,1,2,2,2,0,0,0,0,0,0,0,0,0,0,0,0,0,0,0,0,0,0,0,0,0,0,0,0,0,0,0,0,0,0,0,0,0,0,0,0,0,0,0,0,0,0,0,2,2,0,0,0,0,0,0,0,0,0,0,0,0,0,0,0,0,3,1,2,1,1,0,0,0,0,5,0,0,0,0,0,0,0,2,2,0,0,0,0,0,0,0,0,2,3,2,2,0,0,0,3,2,2,2,2,0,2,2,1,2,2,0,2,2,0,0,0,0,0,0,0,0,0,0,0,0,0,0,0,0,0,0,2,2,1,0,0,0,0,0,0,0,0,0,0,0,0,0,0,0,0,2,1,2,2,3,2,0,0,0,0,0,0,0,5,2,0,0,0,0,0,0,0,0,0,0,0,0,0,0,0,0,2,3,0,0,0,0,0,0,0,0,0,0,0,0,0,0,0,0,0,0,0,0,0,0,0,0,0,0,0,0,0,0,0,0,0,0,0,0,0,0,0,0,0,0,0,3,2,5,2,0,0,0,0,0,0,0,0,0,0,0,0,0,0,0,0,0,0,0,0,0,0,0,0,0,0,0,0,0,0,0,0,0,0,0,0,0,0,0,0,0,0,0,0,0,0,0,0,0,0,0,0,0,0,0,0,0,0,0,0,0,0,0,0,0,0,0,0,0,0,0,0,0,0,0,0,0,0,0,0,0,0,0,0,0,0,0,0,0,0,0,0,0,0,0,0,0,0,0,0,0,0,0,0,0,0,0,0,0,0,0,0,0,0,0,0,0,0,0,0,0,0,0,0,0,0,0,0,0,0,0,0,0,0,0,0,0,0,0,5,3,2,2,2,2,2,2,4,2,1,4,1,2,2,2,1,4,1,1,5,2,2,2,2,5,2,3,3,2,5,2,2,3,5,0,0,0,0,0,0,0,0,0,0,0,0,0,0,0,0,0,0,0,0,0,0,0,2,5,2,5,3,2,0,0,0,0,0,0,0,0,5,0,0,0,2,3,2,2,2,2,0,0,0,0,0,2,2,2,2,2,0,0,0,1,2,3,1,2,2,2,0,0,0,0,0,2,3,2,2,3,2,2,4,2,0,0,0,0,0,0,0,0,3,2,1,5,4,2,0,0,0,0,3,0,0,0,0,0,0,0,0,0,0,0,0,0,0,0,0,0,2,0,0,2,0,0,0,0,0,0,0,0,0,0,0,0,0,0,0,0,0,0,0,0,0,0,0,0,0,0,0,0,0,0,0,0,0,0,0,0,0,0,0,0,0,0,0,0,0,0,0,0,0,0,0,0,0,0,0,0,0,0,0,0,0,0,0,0,0,0,0,0,0,0,0,0,0,0,0,0,0,2,2,0,2,0,0,0,0,0,2,2,2,0,2,3,2,3,3,1,1,3,1,2,2,0,0,0,0,0,0,0,2,2,2,2,3,1,5,2,2,5,0,4,2,0,0,0,0,2,3,5,2,0,0,0,0,0,0,0,0,0,0,0,0,0,0,0,0,0,0,0,0,0,0,0,0,0,0,0,0,0,0,0,0,0,0,0,0,0,0,0,0,0,0,0,0,0,0,0,0,0,0,0,0,0,0,0,0,0,0,0,0,0,0,0,0,0,0,0,0,0,0,0,0,0,0,0,0,0,0,0,0,0,0,0,0,0,0,0,0,0,0,0,0,0,0,0,0,2,1,1,3,2,3,2,2,5,1,5,5,2,1,4,3,0,0,0,0,0,0,0,0,0,0,0,0,0,0,0,0,0,0,0,0,0,0,0,0,0,0,0,0,0,0,0,0,0,0,0,0,0,0,0,0,0,0,0,0,0,0,0,0,0,0,0,0,0,0,0,0,0,0,0,0,0,0,0,0,0,0,0,0,0,0,0,0,0,0,0,0,0,0,0,0,0,0,0,0,0,0,0,0,0,0,0,0,0,0,0,0,0,0,0,0,0,0,0,0,0,0,0,0,0,0,0,0,0,0,0,0,0,0,0,0,0,0,0,0,0,0,0,0,0,0,0,0,0,0,0,0,0,0,0,0,0,0,0,0,0,0,0,0,0,0,0,0,0,0,0,0,0,0,0,0,0,0,0,0,0,0,0,0,0,0,0,0,0,0,0,0,0,0,0,0,0,0,0,0,0,0,0,0,0,0,0,0,0,0,0,0,0,0,0,0,0,0,0,0,0,0,0,0,0,0,0,0,0,0,0,0,0,0,0,0,0,0,0,0,0,0,0,0,0,0,0,0,0,0,0,0,0,0,0,0,0,0,0,0,0,0,0,0,0,0,0,0,0,0,0,0,0,0,0,0,0,0,0,0,0,0,0,0,0,0,0,0,0,0,0,0,0,0,0,0,0,0,0,0,3,2,3,5,5,3,3,3,3,3,2,2,2,3,5,5,3,0,0,0,0,0,0,0,0,0,0,0,0,0,0,0,0,0,0,0,0,0,0,0,0,0,0,0,0,0,0,0,0,0,0,0,0,0,0,0,0,0,0,0,0,0,0,0,0,0,0,0,0,0,0,0,0,0,0,0,0,0,0,0,0,0,0,0,0,0,0,0,0,0,0,0,0,0,0,0,0,0,0,0,0,0,0,0,0,0,0,0,0,0,0,0,0,0,0,0,0,0,0,0,0,0,0,0,0,0,0,0,0,0,0,0,0,0,0,0,0,0,0,0,0,0,0,0,0,0,3,3,3,5,3,1,3,3,1,3,3,2,0,0,0,0,0,0,0,0,0,0,0,0,0,0,0,0,0,0,0,0,0,0,0,0,0,0,0,0,0,0,0,0,0,0,0,0,0,0,0,0,0,0,0,0,0,0,0,0,0,0,0,0,0,0,0,0,0.3177653849124908,-4.863440990447998,-5.304009437561035,8.450238227844238,5.454174995422363,-16.655038833618164,-31.832019805908203,-5.890204906463623,27.349096298217773,-4.052602767944336,0.4352934062480926,22.223976135253903,-2.047130584716797,13.149160385131836,-33.97039031982422,1.8058199882507324,24.59100914001465,-29.90072059631348,-30.49284553527832,36.61858749389648,6.858602523803711,18.37370109558105,60.39182662963867,17.120014190673828,-17.885726928710938,6.694953441619873,-15.49876880645752,-38.080684661865234,1.3868839740753174,-11.664692878723145,23.44837188720703,-11.48255443572998,-15.4713773727417,-2.1913537979125977,-1.9493300914764404,9.58645725250244,5.3734450340271,-1.1464924812316897,20.869386672973636,20.91839408874512,2.8878707885742188,1.0839128494262695,-8.085123062133789,-10.012406349182127,-29.095705032348636,19.613624572753903,11.835450172424316,41.67911529541016,-9.412006378173828,0.6936233639717102,11.319350242614746,-27.12706756591797,-1.169445514678955,-23.00840950012207,-31.96326446533203,-22.361927032470703,-15.26417064666748,13.20000171661377,5.027019500732422,9.62962532043457,2.1178789138793945,-19.522485733032227,-17.015222549438477,14.419811248779297,-42.630218505859375,5.1472930908203125,20.97223472595215,11.918526649475098,-18.828914642333984,-1.9697686433792116,-7.489234924316406,11.417874336242676,16.130582809448242,-32.098670959472656,-3.4046311378479004,7.252481460571289,-27.08902931213379,2.8840956687927246,7.494819641113281,2.246232748031616,19.37578773498535,1.7532116174697876,-12.03566551208496,-41.008338928222656,16.67743492126465,-12.541687965393066,-11.769488334655762,4.418384075164795,9.53424072265625,-3.142019033432007,8.236234664916992,14.075578689575195,16.187135696411133,10.392040252685549,4.687235832214356,-4.921651363372803,21.031389236450195,8.888185501098633,17.700666427612305,-8.562381744384766,-7.441688537597656,-22.12592315673828,-26.10057830810547,-13.739265441894531,11.1658296585083,-33.08304214477539,-15.179069519042969,12.416969299316406,8.184895515441895,-20.4947566986084,-24.057418823242188,16.483474731445312,11.35517120361328,-12.430523872375488,-2.5281035900115967,-10.668407440185549,18.95517349243164,24.05438995361328,-4.268980026245117,6.513927459716797,-16.45494842529297,15.313371658325195,-3.108717918395996,33.341007232666016,1.390777349472046,-34.70098114013672,-33.05583190917969,2.935954570770264,-15.39975357055664,1.537329912185669,0.704778254032135,-3.752828598022461,16.592573165893555,43.813323974609375,5.603122234344482,32.19766998291016,2.724459171295166,-7.109944820404053,19.04391098022461,-13.287043571472168,26.030437469482425,0.3982201218605041,-8.141798973083496,-2.9944913387298584,16.353078842163086,5.462154865264893,7.695144653320312,4.15740966796875,14.571911811828612,36.23957443237305,-2.389610767364502,17.005735397338867,17.906084060668945,-24.19968032836914,-5.104114532470703,1.5199099779129028,-18.85121154785156,-6.41444206237793,1.728085160255432,-19.73616981506348,6.96946382522583,13.357221603393556,-13.759160041809082,6.721362590789795,16.523523330688477,-28.06081771850586,11.588665962219238,-10.316089630126951,4.925575256347656,17.40532684326172,-13.796294212341309,-20.147998809814453,37.18169403076172,-8.059857368469238,12.711649894714355,-2.635854959487915,13.849759101867676,-5.571976184844971,-16.35093879699707,23.85112571716309,-15.011244773864746,25.592811584472656,-0.0880674570798873,29.93138885498047,12.961637496948242,-11.38334846496582,1.7225054502487185,4.057706832885742,-8.002992630004883,-18.44186210632324,2.504290103912353,-8.856629371643066,-16.8876895904541,5.974992275238037,14.859807968139648,5.2885613441467285,-1.5353325605392456,-28.320274353027344,-8.459381103515625,-10.830496788024902,-0.483570396900177,-6.097622871398926,9.637092590332031,-5.713592529296875,-5.132811546325684,-6.785720348358154,35.384483337402344,27.714784622192383,28.85608291625977,-15.87006664276123,33.548336029052734,-1.4055863618850708,32.621829986572266,-14.846151351928713,12.62241554260254,0.786824107170105,14.480002403259276,11.469096183776855,-11.71062469482422,16.476764678955078,10.553156852722168,-22.489503860473636,-10.312816619873049,1.0256638526916504,7.602581024169922,-14.438084602355955,-3.805438041687012,0.2414698898792266,14.993657112121582,-28.860849380493164,6.186732292175293,-4.65334415435791,-23.25317001342773,-24.385231018066406,4.284855365753174,-27.351978302001957,-6.221958637237549,-10.19920539855957,-6.807942867279053,30.625911712646484,18.300966262817383,-27.668296813964844,18.32484436035156,-7.801110744476318,-4.563586235046387,24.153564453125,-44.7088737487793,-16.571430206298828,4.709496021270752,10.45218276977539,-49.03313064575195,10.168756484985352,8.282782554626465,-6.578146457672119,-26.616209030151367,17.961084365844727,4.191989898681641,-19.643577575683597,32.87983703613281,-26.3050594329834,-9.911487579345703,10.744035720825195,3.0266599655151367,17.106809616088867,-3.5594921112060547,-25.848669052124023,-13.716526985168455,2.403345823287964,6.811648845672607,-20.931116104125977,0.8541787266731262,12.691667556762695,-12.91242790222168,5.845155239105225,-0.0618373900651931,-21.92905807495117,-10.248509407043455,-11.13553524017334,-11.042858123779297,20.94522476196289,-15.64215087890625,-19.04068946838379,-27.381649017333984,-14.050116539001465,-12.61820125579834,12.811060905456545,0.7622386813163757,-1.2627301216125488,-12.651200294494627,-10.388879776000977,6.406227111816406,32.20372772216797,16.0092716217041,12.079769134521484,-28.196308135986328,-18.807111740112305,-14.89425563812256,-23.066652297973636,-43.777320861816406,-2.7687017917633057,1.0,-0.9999999999999998
OXYR_HUMAN,CHEMBL1093367,COc1ccc(N(C)C(=O)c2cnc(-c3ccc(C#N)cc3C)cn2)cn1,0,0,0,0,0,0,0,0,0,0,0,0,0,0,0,0,0,0,0,0,0,0,0,0,0,0,0,0,0,0,0,0,0,0,0,0,0,0,0,0,0,0,0,0,0,0,0,0,0,0,0,0,0,0,0,0,0,0,0,0,0,0,0,0,0,0,0,0,0,0,0,0,0,0,0,0,0,0,0,0,0,0,0,0,0,0,0,0,0,0,0,0,0,0,0,0,0,0,0,0,0,0,0,0,0,0,0,0,0,0,0,0,0,0,0,0,0,0,0,0,0,0,0,0,0,0,0,0,0,0,0,0,0,0,0,0,0,0,0,0,0,0,0,0,0,0,0,0,0,0,0,0,0,0,0,0,0,0,0,0,0,0,0,0,0,0,0,0,0,0,0,0,0,0,0,0,0,0,0,0,0,0,0,0,0,2,4,1,2,2,2,2,3,2,3,2,4,2,2,3,2,0,0,0,0,0,0,0,0,0,0,0,0,0,0,0,0,3,2,2,1,0,0,0,0,0,0,0,0,0,0,0,0,0,0,0,0,0,1,1,2,4,1,3,0,0,0,0,0,0,0,0,0,0,0,5,3,0,0,0,0,0,0,0,0,0,0,0,0,0,0,0,0,0,0,0,0,0,0,0,0,0,0,0,0,0,0,0,0,0,0,0,0,0,0,0,0,0,0,0,0,0,0,0,0,0,0,0,0,0,0,0,0,0,0,0,0,0,0,0,0,0,0,0,0,0,0,0,0,0,0,0,0,0,0,0,0,0,0,0,0,0,0,0,0,0,0,0,0,0,0,0,0,0,0,0,0,0,0,0,0,0,0,0,0,0,0,0,0,0,0,0,0,0,0,0,0,0,0,0,0,0,0,0,0,0,0,0,0,0,0,0,0,0,0,0,0,0,0,0,0,0,0,0,0,0,0,0,0,0,0,0,0,0,0,0,0,0,0,0,0,0,0,0,0,0,0,0,0,0,0,0,0,2,1,1,1,5,5,3,0,0,0,0,0,0,0,0,0,0,0,0,0,0,0,0,0,0,0,0,0,0,0,0,0,0,0,0,0,0,0,0,0,0,0,0,0,0,0,0,0,0,0,0,0,0,0,0,0,0,0,0,0,0,0,0,0,0,0,0,0,0,0,0,0,0,0,0,0,0,0,0,0,0,0,0,0,0,0,0,0,0,0,0,0,0,0,0,0,0,0,0,0,0,0,0,0,0,0,0,0,0,0,0,0,0,0,0,0,0,0,0,0,0,0,0,0,0,0,0,0,0,0,0,0,0,0,0,0,0,0,0,0,0,0,0,0,0,0,0,0,0,0,0,0,0,0,0,0,4,2,2,2,5,2,4,2,0,0,0,0,0,0,0,0,0,0,0,0,0,0,0,0,0,2,2,2,1,2,0,2,2,0,0,0,0,0,0,0,0,0,0,0,2,2,2,2,3,1,3,2,1,0,0,0,0,0,0,2,2,2,2,2,0,0,5,0,0,0,0,3,3,0,0,0,0,0,0,0,0,0,0,0,5,3,5,5,0,0,0,0,0,3,0,0,0,0,0,0,0,5,2,2,2,2,2,5,0,0,0,0,0,0,0,0,0,0,0,0,0,0,0,5,2,3,0,2,2,4,0,0,0,0,0,0,0,0,0,0,0,0,0,0,0,0,0,0,0,0,0,0,0,0,0,0,0,0,0,0,0,0,2,2,2,2,2,2,3,2,2,0,0,0,0,0,0,0,0,0,0,0,0,0,0,0,0,0,0,0,0,0,0,0,0,1,3,2,2,0,0,0,0,0,0,0,0,0,0,0,0,0,0,0,0,0,0,0,0,0,0,0,0,0,0,0,0,0,2,4,2,3,2,5,2,2,1,0,1,4,2,0,0,0,0,0,2,1,0,0,0,0,0,0,0,0,0,0,0,0,0,0,0,0,0,0,0,0,0,0,0,0,0,0,0,0,0,0,0,0,0,0,0,0,0,0,0,0,0,0,0,0,0,0,0,5,0,2,2,5,0,2,2,3,2,2,1,2,2,2,0,0,0,3,3,2,2,0,0,0,0,0,0,0,0,0,0,0,0,2,2,0,0,0,0,0,0,0,0,0,0,0,0,0,0,0,0,0,0,0,0,0,0,0,0,0,0,0,0,0,0,0,2,2,3,2,4,5,0,0,0,0,0,0,0,0,0,0,0,0,0,0,0,0,0,0,0,0,0,0,0,0,0,0,0,0,0,0,0,0,0,0,1,0,0,0,0,0,0,0,0,0,0,0,0,0,0,0,0,0,0,0,0,0,0,0,0,0,0,2,2,0,0,0,0,0,0,2,0,1,3,1,2,0,0,0,0,0,0,0,0,0,0,0,0,0,0,0,0,0,0,0,0,0,0,0,0,0,0,0,0,5,3,0,0,0,0,2,5,5,0,0,5,3,0,0,0,0,0,0,0,0,0,0,0,0,0,0,0,4,5,0,0,0,0,2,2,2,0,0,0,0,2,2,3,2,2,0,0,0,1,1,2,2,2,3,0,0,2,1,3,2,5,0,0,0,0,0,0,0,0,0,0,0,0,2,2,3,0,0,0,0,0,0,0,0,0,0,0,0,0,0,0,0,0,0,0,0,0,0,0,0,0,0,0,0,0,0,0,0,0,0,0,0,0,0,0,2,5,0,0,0,0,4,0,0,0,0,0,0,0,0,0,0,0,0,0,0,0,0,0,0,0,0,0,0,0,0,0,0,0,0,0,0,0,0,0,0,0,0,0,0,0,0,0,0,0,0,0,0,0,0,0,0,0,0,0,0,0,0,0,0,0,0,0,0,0,0,0,0,0,0,0,0,0,0,0,0,0,0,0,0,0,0,0,0,0,0,0,0,0,0,0,0,0,0,0,2,2,0,0,4,1,2,2,4,0,0,0,0,0,1,2,2,2,0,0,0,0,0,0,0,0,0,0,0,0,0,0,0,0,0,0,0,0,0,0,0,0,0,0,0,0,0,0,0,0,0,0,0,0,0,0,0,0,0,0,0,2,2,0,0,0,0,0,0,0,0,0,0,0,0,0,0,0,0,3,1,2,1,1,0,0,0,0,5,0,0,0,0,0,0,0,2,2,0,0,0,0,0,0,0,0,2,3,2,2,0,0,0,3,2,2,2,2,0,2,2,1,2,2,0,2,2,0,0,0,0,0,0,0,0,0,0,0,0,0,0,0,0,0,0,2,2,1,0,0,0,0,0,0,0,0,0,0,0,0,0,0,0,0,2,1,2,2,3,2,0,0,0,0,0,0,0,5,2,0,0,0,0,0,0,0,0,0,0,0,0,0,0,0,0,2,3,0,0,0,0,0,0,0,0,0,0,0,0,0,0,0,0,0,0,0,0,0,0,0,0,0,0,0,0,0,0,0,0,0,0,0,0,0,0,0,0,0,0,0,3,2,5,2,0,0,0,0,0,0,0,0,0,0,0,0,0,0,0,0,0,0,0,0,0,0,0,0,0,0,0,0,0,0,0,0,0,0,0,0,0,0,0,0,0,0,0,0,0,0,0,0,0,0,0,0,0,0,0,0,0,0,0,0,0,0,0,0,0,0,0,0,0,0,0,0,0,0,0,0,0,0,0,0,0,0,0,0,0,0,0,0,0,0,0,0,0,0,0,0,0,0,0,0,0,0,0,0,0,0,0,0,0,0,0,0,0,0,0,0,0,0,0,0,0,0,0,0,0,0,0,0,0,0,0,0,0,0,0,0,0,0,0,5,3,2,2,2,2,2,2,4,2,1,4,1,2,2,2,1,4,1,1,5,2,2,2,2,5,2,3,3,2,5,2,2,3,5,0,0,0,0,0,0,0,0,0,0,0,0,0,0,0,0,0,0,0,0,0,0,0,2,5,2,5,3,2,0,0,0,0,0,0,0,0,5,0,0,0,2,3,2,2,2,2,0,0,0,0,0,2,2,2,2,2,0,0,0,1,2,3,1,2,2,2,0,0,0,0,0,2,3,2,2,3,2,2,4,2,0,0,0,0,0,0,0,0,3,2,1,5,4,2,0,0,0,0,3,0,0,0,0,0,0,0,0,0,0,0,0,0,0,0,0,0,2,0,0,2,0,0,0,0,0,0,0,0,0,0,0,0,0,0,0,0,0,0,0,0,0,0,0,0,0,0,0,0,0,0,0,0,0,0,0,0,0,0,0,0,0,0,0,0,0,0,0,0,0,0,0,0,0,0,0,0,0,0,0,0,0,0,0,0,0,0,0,0,0,0,0,0,0,0,0,0,0,2,2,0,2,0,0,0,0,0,2,2,2,0,2,3,2,3,3,1,1,3,1,2,2,0,0,0,0,0,0,0,2,2,2,2,3,1,5,2,2,5,0,4,2,0,0,0,0,2,3,5,2,0,0,0,0,0,0,0,0,0,0,0,0,0,0,0,0,0,0,0,0,0,0,0,0,0,0,0,0,0,0,0,0,0,0,0,0,0,0,0,0,0,0,0,0,0,0,0,0,0,0,0,0,0,0,0,0,0,0,0,0,0,0,0,0,0,0,0,0,0,0,0,0,0,0,0,0,0,0,0,0,0,0,0,0,0,0,0,0,0,0,0,0,0,0,0,0,2,1,1,3,2,3,2,2,5,1,5,5,2,1,4,3,0,0,0,0,0,0,0,0,0,0,0,0,0,0,0,0,0,0,0,0,0,0,0,0,0,0,0,0,0,0,0,0,0,0,0,0,0,0,0,0,0,0,0,0,0,0,0,0,0,0,0,0,0,0,0,0,0,0,0,0,0,0,0,0,0,0,0,0,0,0,0,0,0,0,0,0,0,0,0,0,0,0,0,0,0,0,0,0,0,0,0,0,0,0,0,0,0,0,0,0,0,0,0,0,0,0,0,0,0,0,0,0,0,0,0,0,0,0,0,0,0,0,0,0,0,0,0,0,0,0,0,0,0,0,0,0,0,0,0,0,0,0,0,0,0,0,0,0,0,0,0,0,0,0,0,0,0,0,0,0,0,0,0,0,0,0,0,0,0,0,0,0,0,0,0,0,0,0,0,0,0,0,0,0,0,0,0,0,0,0,0,0,0,0,0,0,0,0,0,0,0,0,0,0,0,0,0,0,0,0,0,0,0,0,0,0,0,0,0,0,0,0,0,0,0,0,0,0,0,0,0,0,0,0,0,0,0,0,0,0,0,0,0,0,0,0,0,0,0,0,0,0,0,0,0,0,0,0,0,0,0,0,0,0,0,0,0,0,0,0,0,0,0,0,0,0,0,0,0,0,0,0,0,0,3,2,3,5,5,3,3,3,3,3,2,2,2,3,5,5,3,0,0,0,0,0,0,0,0,0,0,0,0,0,0,0,0,0,0,0,0,0,0,0,0,0,0,0,0,0,0,0,0,0,0,0,0,0,0,0,0,0,0,0,0,0,0,0,0,0,0,0,0,0,0,0,0,0,0,0,0,0,0,0,0,0,0,0,0,0,0,0,0,0,0,0,0,0,0,0,0,0,0,0,0,0,0,0,0,0,0,0,0,0,0,0,0,0,0,0,0,0,0,0,0,0,0,0,0,0,0,0,0,0,0,0,0,0,0,0,0,0,0,0,0,0,0,0,0,0,3,3,3,5,3,1,3,3,1,3,3,2,0,0,0,0,0,0,0,0,0,0,0,0,0,0,0,0,0,0,0,0,0,0,0,0,0,0,0,0,0,0,0,0,0,0,0,0,0,0,0,0,0,0,0,0,0,0,0,0,0,0,0,0,0,0,0,0,4.603842735290527,-1.9321107864379885,-4.255367279052734,7.102318286895752,2.418701410293579,0.1739465594291687,-11.224258422851562,-1.0687832832336426,7.0737833976745605,3.1003034114837646,-6.133662700653076,-1.4590803384780884,-6.428009986877441,-0.1557396501302719,-6.438507556915283,-0.1395637542009353,5.658934593200684,-3.1292147636413574,-3.106182098388672,8.767102241516113,3.777177810668945,6.295029640197754,16.277706146240234,5.305767059326172,-9.04232406616211,-0.4474533796310425,-1.8509458303451536,-7.63913106918335,2.82874083518982,2.056975841522217,11.560826301574709,-8.347013473510742,-5.175445556640625,-7.448963165283203,3.63120436668396,0.0393161103129386,-0.3302722871303558,-0.2188559472560882,10.505176544189451,1.6078591346740725,-0.2741530537605285,0.1601216495037078,-6.270237922668457,0.6214790344238281,-13.055503845214844,3.4187276363372803,-2.57129168510437,9.036648750305176,-7.476126670837402,6.939199924468994,10.999107360839844,-7.551637649536133,0.2084864974021911,-10.786457061767578,-3.694033145904541,-6.511444091796875,-2.7629799842834477,0.3261198997497558,4.5464277267456055,6.60214376449585,2.7924633026123047,-8.095035552978516,-1.380760669708252,0.3369015157222748,-17.828800201416016,-1.624240159988403,7.987553596496582,-1.6199209690093994,-1.6615170240402222,2.140776395797729,-7.755615711212158,1.148711919784546,10.279861450195312,-4.815138816833496,-3.3055922985076904,6.714015483856201,-7.921083450317383,2.020725965499878,-3.111185073852539,2.1589183807373047,6.727245807647705,-0.8868898153305054,-4.739353179931641,-10.183295249938965,0.6751992106437683,0.6907153129577637,-8.156173706054688,6.489670276641846,3.79634165763855,-0.6207711100578308,7.225056171417236,-0.251272976398468,5.096027851104736,8.519509315490723,1.2098655700683594,0.9428019523620604,3.769070625305176,7.078234672546387,5.795328617095947,2.9670567512512207,-10.62269115447998,-5.355135917663574,-4.352155208587647,-13.2202730178833,5.252645969390869,-2.800095558166504,-0.2770296335220337,3.691835165023804,2.155536651611328,-3.300009250640869,-13.152457237243652,1.5392670631408691,5.685513973236084,0.8084763288497925,2.7697019577026367,-6.947024345397949,7.595242500305176,9.18091106414795,-2.6569387912750244,6.968523025512695,-10.348965644836426,-0.1253620833158493,-5.331268310546875,4.919930934906006,3.596521615982056,-8.711749076843262,-9.011937141418455,-1.1687678098678589,-3.214873790740967,2.622250556945801,-1.8464670181274412,1.577116847038269,8.97339153289795,8.09412670135498,-4.727961540222168,12.558930397033691,12.791253089904783,0.1467922329902649,7.829958438873291,-2.572840929031372,7.228481292724609,-3.511014461517334,-5.426756858825684,-1.5549694299697876,7.4791436195373535,7.437653064727783,0.95022314786911,3.2156708240509038,0.5204638838768005,8.085884094238281,6.990594863891602,0.6931438446044922,9.314425468444824,-2.51123046875,-0.8492313623428345,3.060752391815185,-6.148375511169434,-2.159759998321533,3.856820821762085,-5.728759765625,-4.74869966506958,-4.617325305938721,-5.696073532104492,-0.8130630850791931,1.1580098867416382,-10.567938804626465,-0.5724097490310669,-1.280166506767273,0.8636044263839722,1.475866436958313,-9.094331741333008,-7.004660606384277,11.003911018371582,-2.14835786819458,1.7346664667129517,5.280737400054932,6.372533321380615,-3.6175436973571777,-1.546144962310791,10.124238014221191,-3.0092012882232666,5.8185553550720215,-4.820810794830322,7.2317352294921875,7.842513084411621,-1.1810786724090576,-5.262362480163574,-5.145983695983887,-4.4766340255737305,-4.568355083465576,-3.030381202697754,-0.0238009262830019,-0.1871848702430725,2.521451234817505,1.9864261150360107,-1.4906476736068726,-3.5869951248168945,-10.831665992736816,-2.359132766723633,3.2971348762512207,2.9370405673980717,3.681139945983887,4.406298637390137,2.591824769973755,8.201495170593262,-4.407259464263916,12.741302490234377,5.874636650085449,11.208662033081056,-0.517492413520813,13.15839958190918,-3.694093704223633,2.4869801998138428,-7.091468334197998,1.872455596923828,0.1617345064878463,1.4894963502883911,7.712474346160889,-6.877306938171387,3.946965932846069,1.291075348854065,-6.3675408363342285,-2.894917249679565,0.4709948897361755,4.592015743255615,-4.542960643768311,-1.8106961250305176,1.6586827039718628,6.671032428741455,-7.586922645568848,4.3844828605651855,-3.336214780807495,-5.262181282043457,-11.736356735229492,-1.4767755270004272,-4.686291217803955,-2.571275234222412,0.3752355575561523,-4.994283199310303,9.693628311157228,2.861900329589844,-2.304129838943481,5.470085620880127,0.412396639585495,-5.46482515335083,3.1823060512542725,-12.251594543457031,-6.018764972686768,-0.5062727332115173,-7.35777473449707,-15.855389595031738,3.922224283218384,-3.008147954940796,-0.161248117685318,-15.104799270629885,1.4898730516433716,5.292823791503906,-5.449682235717773,4.240290641784668,-7.477965354919434,1.9708592891693115,6.44374418258667,6.421164035797119,8.898755073547363,4.620759010314941,-4.639946937561035,-9.333417892456056,7.248623847961426,-0.6757345199584961,-4.890507221221924,-3.134287118911743,5.546277523040772,-4.475378036499023,4.390241622924805,1.24754798412323,-2.937112331390381,-4.021481037139893,-2.670034885406494,1.3127624988555908,2.140977144241333,-7.22815465927124,-6.471778392791748,-13.078643798828123,-4.107478618621826,0.2697310149669647,1.855769753456116,2.062758207321167,-1.7206498384475708,-4.699759483337402,-0.3922144770622253,-0.8838814496994019,10.361394882202148,12.213082313537598,-0.7519276738166809,-8.683137893676758,-5.078781127929688,-6.204207897186279,-3.010255813598633,-13.144794464111328,-1.6337194442749023,-1.0,2.792391689498254
OXYR_HUMAN,CHEMBL3353941,CCC(C)C1NC(=O)C(Cc2ccc(O)cc2)NC(=O)CCSSCC(C(=O)N(CC(=O)NC(CC(C)C)C(=O)NCC(N)=O)C2CCCCC2)NC(=O)C(CC(N)=O)NC(=O)C(CCC(N)=O)NC1=O,0,0,0,0,0,0,0,0,0,0,0,0,0,0,0,0,0,0,0,0,0,0,0,0,0,0,0,0,0,0,0,0,0,0,0,0,0,0,0,0,0,0,0,0,0,0,0,0,0,0,0,0,0,0,0,0,0,0,0,0,0,0,0,0,0,0,0,0,0,0,0,0,0,0,0,0,0,0,0,0,0,0,0,0,0,0,0,0,0,0,0,0,0,0,0,0,0,0,0,0,0,0,0,0,0,0,0,0,0,0,0,0,0,0,0,0,0,0,0,0,0,0,0,0,0,0,0,0,0,0,0,0,0,0,0,0,0,0,0,0,0,0,0,0,0,0,0,0,0,0,0,0,0,0,0,0,0,0,0,0,0,0,0,0,0,0,0,0,0,0,0,0,0,0,0,0,0,0,0,0,0,0,0,0,0,2,4,1,2,2,2,2,3,2,3,2,4,2,2,3,2,0,0,0,0,0,0,0,0,0,0,0,0,0,0,0,0,3,2,2,1,0,0,0,0,0,0,0,0,0,0,0,0,0,0,0,0,0,1,1,2,4,1,3,0,0,0,0,0,0,0,0,0,0,0,5,3,0,0,0,0,0,0,0,0,0,0,0,0,0,0,0,0,0,0,0,0,0,0,0,0,0,0,0,0,0,0,0,0,0,0,0,0,0,0,0,0,0,0,0,0,0,0,0,0,0,0,0,0,0,0,0,0,0,0,0,0,0,0,0,0,0,0,0,0,0,0,0,0,0,0,0,0,0,0,0,0,0,0,0,0,0,0,0,0,0,0,0,0,0,0,0,0,0,0,0,0,0,0,0,0,0,0,0,0,0,0,0,0,0,0,0,0,0,0,0,0,0,0,0,0,0,0,0,0,0,0,0,0,0,0,0,0,0,0,0,0,0,0,0,0,0,0,0,0,0,0,0,0,0,0,0,0,0,0,0,0,0,0,0,0,0,0,0,0,0,0,0,0,0,0,0,0,2,1,1,1,5,5,3,0,0,0,0,0,0,0,0,0,0,0,0,0,0,0,0,0,0,0,0,0,0,0,0,0,0,0,0,0,0,0,0,0,0,0,0,0,0,0,0,0,0,0,0,0,0,0,0,0,0,0,0,0,0,0,0,0,0,0,0,0,0,0,0,0,0,0,0,0,0,0,0,0,0,0,0,0,0,0,0,0,0,0,0,0,0,0,0,0,0,0,0,0,0,0,0,0,0,0,0,0,0,0,0,0,0,0,0,0,0,0,0,0,0,0,0,0,0,0,0,0,0,0,0,0,0,0,0,0,0,0,0,0,0,0,0,0,0,0,0,0,0,0,0,0,0,0,0,0,4,2,2,2,5,2,4,2,0,0,0,0,0,0,0,0,0,0,0,0,0,0,0,0,0,2,2,2,1,2,0,2,2,0,0,0,0,0,0,0,0,0,0,0,2,2,2,2,3,1,3,2,1,0,0,0,0,0,0,2,2,2,2,2,0,0,5,0,0,0,0,3,3,0,0,0,0,0,0,0,0,0,0,0,5,3,5,5,0,0,0,0,0,3,0,0,0,0,0,0,0,5,2,2,2,2,2,5,0,0,0,0,0,0,0,0,0,0,0,0,0,0,0,5,2,3,0,2,2,4,0,0,0,0,0,0,0,0,0,0,0,0,0,0,0,0,0,0,0,0,0,0,0,0,0,0,0,0,0,0,0,0,2,2,2,2,2,2,3,2,2,0,0,0,0,0,0,0,0,0,0,0,0,0,0,0,0,0,0,0,0,0,0,0,0,1,3,2,2,0,0,0,0,0,0,0,0,0,0,0,0,0,0,0,0,0,0,0,0,0,0,0,0,0,0,0,0,0,2,4,2,3,2,5,2,2,1,0,1,4,2,0,0,0,0,0,2,1,0,0,0,0,0,0,0,0,0,0,0,0,0,0,0,0,0,0,0,0,0,0,0,0,0,0,0,0,0,0,0,0,0,0,0,0,0,0,0,0,0,0,0,0,0,0,0,5,0,2,2,5,0,2,2,3,2,2,1,2,2,2,0,0,0,3,3,2,2,0,0,0,0,0,0,0,0,0,0,0,0,2,2,0,0,0,0,0,0,0,0,0,0,0,0,0,0,0,0,0,0,0,0,0,0,0,0,0,0,0,0,0,0,0,2,2,3,2,4,5,0,0,0,0,0,0,0,0,0,0,0,0,0,0,0,0,0,0,0,0,0,0,0,0,0,0,0,0,0,0,0,0,0,0,1,0,0,0,0,0,0,0,0,0,0,0,0,0,0,0,0,0,0,0,0,0,0,0,0,0,0,2,2,0,0,0,0,0,0,2,0,1,3,1,2,0,0,0,0,0,0,0,0,0,0,0,0,0,0,0,0,0,0,0,0,0,0,0,0,0,0,0,0,5,3,0,0,0,0,2,5,5,0,0,5,3,0,0,0,0,0,0,0,0,0,0,0,0,0,0,0,4,5,0,0,0,0,2,2,2,0,0,0,0,2,2,3,2,2,0,0,0,1,1,2,2,2,3,0,0,2,1,3,2,5,0,0,0,0,0,0,0,0,0,0,0,0,2,2,3,0,0,0,0,0,0,0,0,0,0,0,0,0,0,0,0,0,0,0,0,0,0,0,0,0,0,0,0,0,0,0,0,0,0,0,0,0,0,0,2,5,0,0,0,0,4,0,0,0,0,0,0,0,0,0,0,0,0,0,0,0,0,0,0,0,0,0,0,0,0,0,0,0,0,0,0,0,0,0,0,0,0,0,0,0,0,0,0,0,0,0,0,0,0,0,0,0,0,0,0,0,0,0,0,0,0,0,0,0,0,0,0,0,0,0,0,0,0,0,0,0,0,0,0,0,0,0,0,0,0,0,0,0,0,0,0,0,0,0,2,2,0,0,4,1,2,2,4,0,0,0,0,0,1,2,2,2,0,0,0,0,0,0,0,0,0,0,0,0,0,0,0,0,0,0,0,0,0,0,0,0,0,0,0,0,0,0,0,0,0,0,0,0,0,0,0,0,0,0,0,2,2,0,0,0,0,0,0,0,0,0,0,0,0,0,0,0,0,3,1,2,1,1,0,0,0,0,5,0,0,0,0,0,0,0,2,2,0,0,0,0,0,0,0,0,2,3,2,2,0,0,0,3,2,2,2,2,0,2,2,1,2,2,0,2,2,0,0,0,0,0,0,0,0,0,0,0,0,0,0,0,0,0,0,2,2,1,0,0,0,0,0,0,0,0,0,0,0,0,0,0,0,0,2,1,2,2,3,2,0,0,0,0,0,0,0,5,2,0,0,0,0,0,0,0,0,0,0,0,0,0,0,0,0,2,3,0,0,0,0,0,0,0,0,0,0,0,0,0,0,0,0,0,0,0,0,0,0,0,0,0,0,0,0,0,0,0,0,0,0,0,0,0,0,0,0,0,0,0,3,2,5,2,0,0,0,0,0,0,0,0,0,0,0,0,0,0,0,0,0,0,0,0,0,0,0,0,0,0,0,0,0,0,0,0,0,0,0,0,0,0,0,0,0,0,0,0,0,0,0,0,0,0,0,0,0,0,0,0,0,0,0,0,0,0,0,0,0,0,0,0,0,0,0,0,0,0,0,0,0,0,0,0,0,0,0,0,0,0,0,0,0,0,0,0,0,0,0,0,0,0,0,0,0,0,0,0,0,0,0,0,0,0,0,0,0,0,0,0,0,0,0,0,0,0,0,0,0,0,0,0,0,0,0,0,0,0,0,0,0,0,0,5,3,2,2,2,2,2,2,4,2,1,4,1,2,2,2,1,4,1,1,5,2,2,2,2,5,2,3,3,2,5,2,2,3,5,0,0,0,0,0,0,0,0,0,0,0,0,0,0,0,0,0,0,0,0,0,0,0,2,5,2,5,3,2,0,0,0,0,0,0,0,0,5,0,0,0,2,3,2,2,2,2,0,0,0,0,0,2,2,2,2,2,0,0,0,1,2,3,1,2,2,2,0,0,0,0,0,2,3,2,2,3,2,2,4,2,0,0,0,0,0,0,0,0,3,2,1,5,4,2,0,0,0,0,3,0,0,0,0,0,0,0,0,0,0,0,0,0,0,0,0,0,2,0,0,2,0,0,0,0,0,0,0,0,0,0,0,0,0,0,0,0,0,0,0,0,0,0,0,0,0,0,0,0,0,0,0,0,0,0,0,0,0,0,0,0,0,0,0,0,0,0,0,0,0,0,0,0,0,0,0,0,0,0,0,0,0,0,0,0,0,0,0,0,0,0,0,0,0,0,0,0,0,2,2,0,2,0,0,0,0,0,2,2,2,0,2,3,2,3,3,1,1,3,1,2,2,0,0,0,0,0,0,0,2,2,2,2,3,1,5,2,2,5,0,4,2,0,0,0,0,2,3,5,2,0,0,0,0,0,0,0,0,0,0,0,0,0,0,0,0,0,0,0,0,0,0,0,0,0,0,0,0,0,0,0,0,0,0,0,0,0,0,0,0,0,0,0,0,0,0,0,0,0,0,0,0,0,0,0,0,0,0,0,0,0,0,0,0,0,0,0,0,0,0,0,0,0,0,0,0,0,0,0,0,0,0,0,0,0,0,0,0,0,0,0,0,0,0,0,0,2,1,1,3,2,3,2,2,5,1,5,5,2,1,4,3,0,0,0,0,0,0,0,0,0,0,0,0,0,0,0,0,0,0,0,0,0,0,0,0,0,0,0,0,0,0,0,0,0,0,0,0,0,0,0,0,0,0,0,0,0,0,0,0,0,0,0,0,0,0,0,0,0,0,0,0,0,0,0,0,0,0,0,0,0,0,0,0,0,0,0,0,0,0,0,0,0,0,0,0,0,0,0,0,0,0,0,0,0,0,0,0,0,0,0,0,0,0,0,0,0,0,0,0,0,0,0,0,0,0,0,0,0,0,0,0,0,0,0,0,0,0,0,0,0,0,0,0,0,0,0,0,0,0,0,0,0,0,0,0,0,0,0,0,0,0,0,0,0,0,0,0,0,0,0,0,0,0,0,0,0,0,0,0,0,0,0,0,0,0,0,0,0,0,0,0,0,0,0,0,0,0,0,0,0,0,0,0,0,0,0,0,0,0,0,0,0,0,0,0,0,0,0,0,0,0,0,0,0,0,0,0,0,0,0,0,0,0,0,0,0,0,0,0,0,0,0,0,0,0,0,0,0,0,0,0,0,0,0,0,0,0,0,0,0,0,0,0,0,0,0,0,0,0,0,0,0,0,0,0,0,0,0,0,0,0,0,0,0,0,0,0,0,0,0,0,0,0,0,0,3,2,3,5,5,3,3,3,3,3,2,2,2,3,5,5,3,0,0,0,0,0,0,0,0,0,0,0,0,0,0,0,0,0,0,0,0,0,0,0,0,0,0,0,0,0,0,0,0,0,0,0,0,0,0,0,0,0,0,0,0,0,0,0,0,0,0,0,0,0,0,0,0,0,0,0,0,0,0,0,0,0,0,0,0,0,0,0,0,0,0,0,0,0,0,0,0,0,0,0,0,0,0,0,0,0,0,0,0,0,0,0,0,0,0,0,0,0,0,0,0,0,0,0,0,0,0,0,0,0,0,0,0,0,0,0,0,0,0,0,0,0,0,0,0,0,3,3,3,5,3,1,3,3,1,3,3,2,0,0,0,0,0,0,0,0,0,0,0,0,0,0,0,0,0,0,0,0,0,0,0,0,0,0,0,0,0,0,0,0,0,0,0,0,0,0,0,0,0,0,0,0,0,0,0,0,0,0,0,0,0,0,0,0,2.1904611587524414,-5.399248600006104,-5.0485687255859375,6.22805643081665,4.788249969482422,-17.746004104614258,-29.66601181030273,-4.923906803131104,25.009878158569336,-3.9389419555664062,4.582870006561279,20.77426528930664,0.1224820613861084,13.985384941101074,-31.660175323486328,0.3720479607582092,23.71982955932617,-29.420616149902344,-31.11149406433105,35.02164840698242,7.080716609954834,18.44308280944824,58.11800003051758,16.917953491210938,-16.872732162475586,6.0769362449646,-17.434982299804688,-36.711700439453125,2.303296566009521,-14.245266914367676,19.6319522857666,-10.464641571044922,-17.270095825195312,1.3067021369934082,-1.9848964214324951,9.920679092407228,3.455272674560547,-2.9506897926330566,21.5132999420166,21.02641487121582,1.831860065460205,2.556276798248291,-6.154139518737793,-11.129633903503418,-25.4826602935791,19.75753593444824,11.760579109191896,40.11102294921875,-9.776459693908691,0.5784053206443787,10.311407089233398,-26.143451690673828,1.5763416290283203,-20.531879425048828,-34.450565338134766,-22.33785820007324,-15.261175155639648,16.486616134643555,6.64527702331543,10.692712783813477,1.832009434700012,-18.195253372192383,-17.904579162597656,14.447251319885254,-43.36675262451172,4.311835289001465,20.00861549377441,10.574543952941896,-19.37434959411621,-0.878454864025116,-7.471444129943848,13.328750610351562,14.786988258361816,-32.15668869018555,-1.5276846885681152,5.616145610809326,-28.05141258239746,-0.2381165027618408,7.97314977645874,2.0904996395111084,18.14578437805176,1.631502985954285,-8.72099781036377,-40.948829650878906,18.336322784423828,-12.695772171020508,-10.059563636779783,5.9977707862854,8.242756843566895,-4.200904369354248,5.703242301940918,15.273063659667969,15.305631637573242,7.227295398712158,6.575452327728272,-4.198951244354248,18.83478355407715,12.254314422607422,18.28505516052246,-9.06602954864502,-7.3759765625,-21.116098403930664,-23.907283782958984,-12.13825225830078,11.715188026428224,-30.775066375732425,-15.818666458129885,12.847843170166016,6.898346900939941,-20.28763198852539,-21.528966903686523,17.991649627685547,7.853570938110352,-12.28055477142334,-5.685985088348389,-9.297905921936035,17.70298957824707,23.362289428710938,-3.874222040176392,6.64295768737793,-13.57510757446289,14.890849113464355,-1.2545464038848877,33.20006561279297,1.3186638355255127,-35.89088821411133,-31.66332244873047,3.734354019165039,-15.848559379577637,-0.1133302599191665,1.6947330236434937,-4.141581058502197,15.93341827392578,39.25287628173828,7.025232791900635,32.45170211791992,-2.4684948921203613,-8.205835342407227,18.149232864379883,-14.623002052307127,25.129901885986328,-2.061321258544922,-10.630511283874512,-5.778648853302002,14.822361946105955,3.532113075256348,5.729415416717529,8.073081016540527,12.05540370941162,34.95835876464844,-3.7762155532836914,17.284849166870117,17.130176544189453,-23.00769805908203,-5.698851585388184,0.5350815057754517,-17.08066177368164,-3.9469552040100098,-0.6043110489845276,-18.066110610961918,8.260674476623535,11.86630153656006,-13.075465202331545,6.247897624969482,15.587567329406738,-24.88095092773437,11.826254844665527,-9.92978286743164,2.7290701866149902,17.382125854492188,-13.826448440551758,-20.6657657623291,37.793922424316406,-7.994483947753906,15.201213836669922,-4.016593933105469,14.08921241760254,-3.40202260017395,-12.579312324523926,24.02647399902344,-12.969962120056152,25.1103515625,-1.267339110374451,30.01753616333008,12.329968452453612,-10.892770767211914,1.3455694913864136,3.5101583003997803,-7.216989994049072,-18.8374080657959,4.133932590484619,-8.073136329650879,-16.86697006225586,6.0616135597229,12.665782928466797,4.180689811706543,0.4303454458713531,-29.745424270629883,-9.264798164367676,-8.634626388549805,-0.7589127421379089,-5.639918327331543,9.57430362701416,-5.282882690429688,-3.996693134307861,-7.751292705535889,33.62190246582031,27.81222915649414,26.60653114318848,-15.89749240875244,31.877960205078125,-0.8132525086402893,34.00357818603516,-17.025842666625977,12.954644203186035,-2.6109323501586914,13.48806858062744,10.96069049835205,-10.057111740112305,15.834131240844728,11.767294883728027,-22.136463165283203,-8.122979164123535,2.0794146060943604,8.484417915344238,-15.009793281555176,-3.5302765369415283,-4.385824680328369,11.385915756225586,-26.5483341217041,7.128993988037109,-3.5033392906188965,-20.845155715942383,-24.49720573425293,3.7394518852233887,-26.77545547485352,-6.63173770904541,-8.150284767150879,-7.559611320495605,29.4616813659668,20.367361068725582,-28.346923828125,21.46080780029297,-6.096082210540772,-4.017197132110596,23.923057556152344,-43.25582885742188,-16.372377395629883,3.270293474197388,13.39830493927002,-47.114501953125,11.453659057617188,12.419054985046388,-6.830794811248779,-25.532489776611328,18.675161361694336,3.4691107273101807,-15.798802375793455,34.50772476196289,-26.195772171020508,-8.500073432922363,8.651615142822266,2.985934257507324,18.57564163208008,-2.3018569946289062,-24.288705825805664,-10.207972526550291,3.14001727104187,6.570489406585693,-20.393877029418945,3.0358364582061768,11.471970558166504,-13.74663257598877,3.52649188041687,-0.0888268500566482,-22.587486267089844,-10.118849754333496,-8.416106224060059,-12.720857620239258,20.600038528442383,-13.207399368286133,-19.739965438842773,-24.08100128173828,-14.265645027160645,-11.2774658203125,14.916176795959473,0.400067389011383,-2.691488265991211,-10.91550064086914,-10.052979469299316,8.019336700439453,33.956443786621094,10.56694793701172,10.22979736328125,-29.79217338562012,-20.88976287841797,-17.242124557495117,-24.250951766967773,-43.78955078125,-1.447183609008789,1.0,0.1139433523068367
OXYR_HUMAN,CHEMBL1819556,CCC(C)C1NC(=O)C2(CCC2)NC(=O)C(N)CSSCC(C(=O)N2CCCC2C(=O)NC(CCN)C(=O)NCC(N)=O)NC(=O)C(CC(N)=O)NC(=O)C(CCC(N)=O)NC1=O,0,0,0,0,0,0,0,0,0,0,0,0,0,0,0,0,0,0,0,0,0,0,0,0,0,0,0,0,0,0,0,0,0,0,0,0,0,0,0,0,0,0,0,0,0,0,0,0,0,0,0,0,0,0,0,0,0,0,0,0,0,0,0,0,0,0,0,0,0,0,0,0,0,0,0,0,0,0,0,0,0,0,0,0,0,0,0,0,0,0,0,0,0,0,0,0,0,0,0,0,0,0,0,0,0,0,0,0,0,0,0,0,0,0,0,0,0,0,0,0,0,0,0,0,0,0,0,0,0,0,0,0,0,0,0,0,0,0,0,0,0,0,0,0,0,0,0,0,0,0,0,0,0,0,0,0,0,0,0,0,0,0,0,0,0,0,0,0,0,0,0,0,0,0,0,0,0,0,0,0,0,0,0,0,0,2,4,1,2,2,2,2,3,2,3,2,4,2,2,3,2,0,0,0,0,0,0,0,0,0,0,0,0,0,0,0,0,3,2,2,1,0,0,0,0,0,0,0,0,0,0,0,0,0,0,0,0,0,1,1,2,4,1,3,0,0,0,0,0,0,0,0,0,0,0,5,3,0,0,0,0,0,0,0,0,0,0,0,0,0,0,0,0,0,0,0,0,0,0,0,0,0,0,0,0,0,0,0,0,0,0,0,0,0,0,0,0,0,0,0,0,0,0,0,0,0,0,0,0,0,0,0,0,0,0,0,0,0,0,0,0,0,0,0,0,0,0,0,0,0,0,0,0,0,0,0,0,0,0,0,0,0,0,0,0,0,0,0,0,0,0,0,0,0,0,0,0,0,0,0,0,0,0,0,0,0,0,0,0,0,0,0,0,0,0,0,0,0,0,0,0,0,0,0,0,0,0,0,0,0,0,0,0,0,0,0,0,0,0,0,0,0,0,0,0,0,0,0,0,0,0,0,0,0,0,0,0,0,0,0,0,0,0,0,0,0,0,0,0,0,0,0,0,2,1,1,1,5,5,3,0,0,0,0,0,0,0,0,0,0,0,0,0,0,0,0,0,0,0,0,0,0,0,0,0,0,0,0,0,0,0,0,0,0,0,0,0,0,0,0,0,0,0,0,0,0,0,0,0,0,0,0,0,0,0,0,0,0,0,0,0,0,0,0,0,0,0,0,0,0,0,0,0,0,0,0,0,0,0,0,0,0,0,0,0,0,0,0,0,0,0,0,0,0,0,0,0,0,0,0,0,0,0,0,0,0,0,0,0,0,0,0,0,0,0,0,0,0,0,0,0,0,0,0,0,0,0,0,0,0,0,0,0,0,0,0,0,0,0,0,0,0,0,0,0,0,0,0,0,4,2,2,2,5,2,4,2,0,0,0,0,0,0,0,0,0,0,0,0,0,0,0,0,0,2,2,2,1,2,0,2,2,0,0,0,0,0,0,0,0,0,0,0,2,2,2,2,3,1,3,2,1,0,0,0,0,0,0,2,2,2,2,2,0,0,5,0,0,0,0,3,3,0,0,0,0,0,0,0,0,0,0,0,5,3,5,5,0,0,0,0,0,3,0,0,0,0,0,0,0,5,2,2,2,2,2,5,0,0,0,0,0,0,0,0,0,0,0,0,0,0,0,5,2,3,0,2,2,4,0,0,0,0,0,0,0,0,0,0,0,0,0,0,0,0,0,0,0,0,0,0,0,0,0,0,0,0,0,0,0,0,2,2,2,2,2,2,3,2,2,0,0,0,0,0,0,0,0,0,0,0,0,0,0,0,0,0,0,0,0,0,0,0,0,1,3,2,2,0,0,0,0,0,0,0,0,0,0,0,0,0,0,0,0,0,0,0,0,0,0,0,0,0,0,0,0,0,2,4,2,3,2,5,2,2,1,0,1,4,2,0,0,0,0,0,2,1,0,0,0,0,0,0,0,0,0,0,0,0,0,0,0,0,0,0,0,0,0,0,0,0,0,0,0,0,0,0,0,0,0,0,0,0,0,0,0,0,0,0,0,0,0,0,0,5,0,2,2,5,0,2,2,3,2,2,1,2,2,2,0,0,0,3,3,2,2,0,0,0,0,0,0,0,0,0,0,0,0,2,2,0,0,0,0,0,0,0,0,0,0,0,0,0,0,0,0,0,0,0,0,0,0,0,0,0,0,0,0,0,0,0,2,2,3,2,4,5,0,0,0,0,0,0,0,0,0,0,0,0,0,0,0,0,0,0,0,0,0,0,0,0,0,0,0,0,0,0,0,0,0,0,1,0,0,0,0,0,0,0,0,0,0,0,0,0,0,0,0,0,0,0,0,0,0,0,0,0,0,2,2,0,0,0,0,0,0,2,0,1,3,1,2,0,0,0,0,0,0,0,0,0,0,0,0,0,0,0,0,0,0,0,0,0,0,0,0,0,0,0,0,5,3,0,0,0,0,2,5,5,0,0,5,3,0,0,0,0,0,0,0,0,0,0,0,0,0,0,0,4,5,0,0,0,0,2,2,2,0,0,0,0,2,2,3,2,2,0,0,0,1,1,2,2,2,3,0,0,2,1,3,2,5,0,0,0,0,0,0,0,0,0,0,0,0,2,2,3,0,0,0,0,0,0,0,0,0,0,0,0,0,0,0,0,0,0,0,0,0,0,0,0,0,0,0,0,0,0,0,0,0,0,0,0,0,0,0,2,5,0,0,0,0,4,0,0,0,0,0,0,0,0,0,0,0,0,0,0,0,0,0,0,0,0,0,0,0,0,0,0,0,0,0,0,0,0,0,0,0,0,0,0,0,0,0,0,0,0,0,0,0,0,0,0,0,0,0,0,0,0,0,0,0,0,0,0,0,0,0,0,0,0,0,0,0,0,0,0,0,0,0,0,0,0,0,0,0,0,0,0,0,0,0,0,0,0,0,2,2,0,0,4,1,2,2,4,0,0,0,0,0,1,2,2,2,0,0,0,0,0,0,0,0,0,0,0,0,0,0,0,0,0,0,0,0,0,0,0,0,0,0,0,0,0,0,0,0,0,0,0,0,0,0,0,0,0,0,0,2,2,0,0,0,0,0,0,0,0,0,0,0,0,0,0,0,0,3,1,2,1,1,0,0,0,0,5,0,0,0,0,0,0,0,2,2,0,0,0,0,0,0,0,0,2,3,2,2,0,0,0,3,2,2,2,2,0,2,2,1,2,2,0,2,2,0,0,0,0,0,0,0,0,0,0,0,0,0,0,0,0,0,0,2,2,1,0,0,0,0,0,0,0,0,0,0,0,0,0,0,0,0,2,1,2,2,3,2,0,0,0,0,0,0,0,5,2,0,0,0,0,0,0,0,0,0,0,0,0,0,0,0,0,2,3,0,0,0,0,0,0,0,0,0,0,0,0,0,0,0,0,0,0,0,0,0,0,0,0,0,0,0,0,0,0,0,0,0,0,0,0,0,0,0,0,0,0,0,3,2,5,2,0,0,0,0,0,0,0,0,0,0,0,0,0,0,0,0,0,0,0,0,0,0,0,0,0,0,0,0,0,0,0,0,0,0,0,0,0,0,0,0,0,0,0,0,0,0,0,0,0,0,0,0,0,0,0,0,0,0,0,0,0,0,0,0,0,0,0,0,0,0,0,0,0,0,0,0,0,0,0,0,0,0,0,0,0,0,0,0,0,0,0,0,0,0,0,0,0,0,0,0,0,0,0,0,0,0,0,0,0,0,0,0,0,0,0,0,0,0,0,0,0,0,0,0,0,0,0,0,0,0,0,0,0,0,0,0,0,0,0,5,3,2,2,2,2,2,2,4,2,1,4,1,2,2,2,1,4,1,1,5,2,2,2,2,5,2,3,3,2,5,2,2,3,5,0,0,0,0,0,0,0,0,0,0,0,0,0,0,0,0,0,0,0,0,0,0,0,2,5,2,5,3,2,0,0,0,0,0,0,0,0,5,0,0,0,2,3,2,2,2,2,0,0,0,0,0,2,2,2,2,2,0,0,0,1,2,3,1,2,2,2,0,0,0,0,0,2,3,2,2,3,2,2,4,2,0,0,0,0,0,0,0,0,3,2,1,5,4,2,0,0,0,0,3,0,0,0,0,0,0,0,0,0,0,0,0,0,0,0,0,0,2,0,0,2,0,0,0,0,0,0,0,0,0,0,0,0,0,0,0,0,0,0,0,0,0,0,0,0,0,0,0,0,0,0,0,0,0,0,0,0,0,0,0,0,0,0,0,0,0,0,0,0,0,0,0,0,0,0,0,0,0,0,0,0,0,0,0,0,0,0,0,0,0,0,0,0,0,0,0,0,0,2,2,0,2,0,0,0,0,0,2,2,2,0,2,3,2,3,3,1,1,3,1,2,2,0,0,0,0,0,0,0,2,2,2,2,3,1,5,2,2,5,0,4,2,0,0,0,0,2,3,5,2,0,0,0,0,0,0,0,0,0,0,0,0,0,0,0,0,0,0,0,0,0,0,0,0,0,0,0,0,0,0,0,0,0,0,0,0,0,0,0,0,0,0,0,0,0,0,0,0,0,0,0,0,0,0,0,0,0,0,0,0,0,0,0,0,0,0,0,0,0,0,0,0,0,0,0,0,0,0,0,0,0,0,0,0,0,0,0,0,0,0,0,0,0,0,0,0,2,1,1,3,2,3,2,2,5,1,5,5,2,1,4,3,0,0,0,0,0,0,0,0,0,0,0,0,0,0,0,0,0,0,0,0,0,0,0,0,0,0,0,0,0,0,0,0,0,0,0,0,0,0,0,0,0,0,0,0,0,0,0,0,0,0,0,0,0,0,0,0,0,0,0,0,0,0,0,0,0,0,0,0,0,0,0,0,0,0,0,0,0,0,0,0,0,0,0,0,0,0,0,0,0,0,0,0,0,0,0,0,0,0,0,0,0,0,0,0,0,0,0,0,0,0,0,0,0,0,0,0,0,0,0,0,0,0,0,0,0,0,0,0,0,0,0,0,0,0,0,0,0,0,0,0,0,0,0,0,0,0,0,0,0,0,0,0,0,0,0,0,0,0,0,0,0,0,0,0,0,0,0,0,0,0,0,0,0,0,0,0,0,0,0,0,0,0,0,0,0,0,0,0,0,0,0,0,0,0,0,0,0,0,0,0,0,0,0,0,0,0,0,0,0,0,0,0,0,0,0,0,0,0,0,0,0,0,0,0,0,0,0,0,0,0,0,0,0,0,0,0,0,0,0,0,0,0,0,0,0,0,0,0,0,0,0,0,0,0,0,0,0,0,0,0,0,0,0,0,0,0,0,0,0,0,0,0,0,0,0,0,0,0,0,0,0,0,0,0,3,2,3,5,5,3,3,3,3,3,2,2,2,3,5,5,3,0,0,0,0,0,0,0,0,0,0,0,0,0,0,0,0,0,0,0,0,0,0,0,0,0,0,0,0,0,0,0,0,0,0,0,0,0,0,0,0,0,0,0,0,0,0,0,0,0,0,0,0,0,0,0,0,0,0,0,0,0,0,0,0,0,0,0,0,0,0,0,0,0,0,0,0,0,0,0,0,0,0,0,0,0,0,0,0,0,0,0,0,0,0,0,0,0,0,0,0,0,0,0,0,0,0,0,0,0,0,0,0,0,0,0,0,0,0,0,0,0,0,0,0,0,0,0,0,0,3,3,3,5,3,1,3,3,1,3,3,2,0,0,0,0,0,0,0,0,0,0,0,0,0,0,0,0,0,0,0,0,0,0,0,0,0,0,0,0,0,0,0,0,0,0,0,0,0,0,0,0,0,0,0,0,0,0,0,0,0,0,0,0,0,0,0,0,1.2064732313156128,-6.821231365203857,-2.1700758934021,3.1315248012542725,3.5132369995117188,-18.965970993041992,-26.53945541381836,-2.2383620738983154,20.513063430786133,-3.809189796447754,7.307192325592041,18.7714958190918,1.1079518795013428,15.24758529663086,-30.251182556152344,1.9003465175628664,20.73961067199707,-26.740175247192383,-29.23447799682617,34.053466796875,6.74515438079834,10.116860389709473,51.29253768920898,16.99351692199707,-17.603069305419922,3.927734851837158,-19.52222442626953,-35.03297805786133,2.322808265686035,-15.710366249084473,14.05078125,-9.397021293640137,-14.685507774353027,6.569153785705566,-1.5697603225708008,11.442646026611328,1.2121456861495972,-5.5839667320251465,20.261808395385746,23.45075035095215,3.244938850402832,4.556754112243652,-3.513845205307007,-11.583134651184082,-19.57377815246582,21.29887962341309,10.477712631225586,38.22392654418945,-7.921991348266602,-0.8828521370887756,5.847161293029785,-21.45511817932129,2.249573230743408,-16.702890396118164,-32.57243728637695,-22.94814109802246,-15.326725959777832,16.563413619995117,3.0916497707366943,8.564997673034668,-0.0058467388153076,-17.845735549926758,-15.239740371704102,13.68396282196045,-39.51645660400391,3.057286500930786,17.726381301879883,9.08586597442627,-18.255674362182617,-2.8591508865356445,-6.23217248916626,15.745542526245115,10.300559997558594,-29.338008880615234,1.194480061531067,5.063131332397461,-25.167455673217773,-0.5044866800308228,11.162775039672852,1.098296046257019,18.24124336242676,1.9797691106796265,-5.951383590698242,-37.134765625,23.05117416381836,-13.367647171020508,-7.43541669845581,8.680974006652832,6.734531879425049,-0.762917160987854,5.400521278381348,11.54594898223877,13.682830810546877,3.965839385986328,7.894557476043701,-5.856762886047363,14.618415832519531,10.320501327514648,14.481918334960938,-10.270434379577637,-4.475219249725342,-17.430164337158203,-22.44355773925781,-5.531688213348389,12.00002670288086,-27.658796310424805,-15.514503479003906,11.34125804901123,5.218268394470215,-20.53023338317871,-16.07680892944336,15.125476837158203,4.446417808532715,-11.870022773742676,-6.789073944091797,-8.255730628967285,16.581348419189453,18.55641746520996,-2.7287862300872803,3.9961516857147217,-9.97352409362793,16.173595428466797,2.6304590702056885,30.5366325378418,-2.2633378505706787,-30.82156753540039,-25.375030517578125,6.130862236022949,-14.001365661621094,-0.5290653705596924,2.9539787769317627,-3.661145448684693,12.321744918823242,33.34491729736328,5.845468044281006,29.57514762878418,-7.219673633575439,-9.48051929473877,16.20249366760254,-14.73318862915039,21.07808303833008,-3.488109350204468,-12.396763801574709,-6.245213031768799,12.067124366760254,-0.786018967628479,2.132840633392334,11.174806594848633,8.456768035888672,34.02287292480469,-4.99619197845459,18.70536231994629,14.99575424194336,-20.22039604187012,-6.642515659332275,0.0443532764911651,-15.572808265686035,2.18027138710022,0.2220555692911148,-16.4299259185791,9.250658988952637,11.79277515411377,-12.05044937133789,5.646040439605713,17.150333404541016,-21.124561309814453,12.879141807556152,-8.534974098205566,-0.0216765403747558,15.39159107208252,-12.204781532287598,-21.206201553344727,31.80556297302246,-6.777055263519287,17.153839111328125,-4.222745895385742,13.24693489074707,-2.1738698482513428,-8.799039840698242,21.933311462402344,-11.976051330566406,23.00338363647461,-5.287809371948242,29.43295669555664,10.333414077758787,-10.42949676513672,0.3888965249061584,2.544412851333618,-6.270802974700928,-19.4858341217041,3.408557891845703,-8.957388877868652,-19.583341598510746,2.1184887886047363,13.47529411315918,3.87658429145813,3.7731759548187256,-25.0189208984375,-8.96631908416748,-6.626827716827393,-1.2994956970214844,-5.854670524597168,5.553714752197266,-4.942187786102295,-5.3860063552856445,-5.808566570281982,28.1467227935791,29.088003158569336,23.34867477416992,-15.118741989135742,23.789810180664062,-2.361644506454468,33.1723518371582,-14.745210647583008,10.491909980773926,-5.265309810638428,8.727374076843262,9.993802070617676,-8.95431900024414,15.898066520690918,8.773371696472168,-17.585376739501953,-6.794662952423096,2.2362253665924072,9.671920776367188,-10.82201099395752,-2.3392722606658936,-5.323755264282227,9.013614654541016,-25.409086227416992,8.22438907623291,-0.647956371307373,-18.59678649902344,-21.316957473754883,5.338042259216309,-24.238719940185547,-4.1247382164001465,-8.352773666381836,-7.69597053527832,26.164100646972656,16.206693649291992,-29.98157119750977,20.15808486938477,-6.689907073974609,-3.0057156085968018,22.155256271362305,-37.51575469970703,-15.49363899230957,1.0214084386825562,12.409794807434082,-43.08234024047852,10.07579517364502,14.570645332336426,-7.759448528289795,-23.140634536743164,19.946069717407227,4.260489463806152,-13.619205474853516,32.931610107421875,-25.677732467651367,-8.202457427978516,4.965034008026123,6.459484577178955,17.315673828125,-4.165463447570801,-23.891977310180664,-6.829577445983887,0.0878711566329002,4.516290664672852,-20.139894485473636,5.489245414733887,8.844383239746094,-10.627568244934082,0.204256072640419,-2.488140106201172,-20.843774795532227,-9.620043754577637,-7.203305721282959,-11.33964729309082,18.123497009277344,-10.559480667114258,-19.56175804138184,-20.88842391967773,-13.43756103515625,-11.430179595947266,14.035822868347168,0.3484988808631897,-4.405897617340088,-8.382962226867676,-9.62238311767578,9.170868873596191,30.295568466186523,6.867058753967285,10.311686515808104,-30.269004821777344,-18.905311584472656,-14.877476692199709,-22.31139373779297,-39.481292724609375,-1.844914793968201,1.0,2.255272505103306
OXYR_HUMAN,CHEMBL467154,Cc1nnc(-c2ccc(-c3ccccc3)cc2)n1-c1ccccc1OCCN1CCOCC1,0,0,0,0,0,0,0,0,0,0,0,0,0,0,0,0,0,0,0,0,0,0,0,0,0,0,0,0,0,0,0,0,0,0,0,0,0,0,0,0,0,0,0,0,0,0,0,0,0,0,0,0,0,0,0,0,0,0,0,0,0,0,0,0,0,0,0,0,0,0,0,0,0,0,0,0,0,0,0,0,0,0,0,0,0,0,0,0,0,0,0,0,0,0,0,0,0,0,0,0,0,0,0,0,0,0,0,0,0,0,0,0,0,0,0,0,0,0,0,0,0,0,0,0,0,0,0,0,0,0,0,0,0,0,0,0,0,0,0,0,0,0,0,0,0,0,0,0,0,0,0,0,0,0,0,0,0,0,0,0,0,0,0,0,0,0,0,0,0,0,0,0,0,0,0,0,0,0,0,0,0,0,0,0,0,2,4,1,2,2,2,2,3,2,3,2,4,2,2,3,2,0,0,0,0,0,0,0,0,0,0,0,0,0,0,0,0,3,2,2,1,0,0,0,0,0,0,0,0,0,0,0,0,0,0,0,0,0,1,1,2,4,1,3,0,0,0,0,0,0,0,0,0,0,0,5,3,0,0,0,0,0,0,0,0,0,0,0,0,0,0,0,0,0,0,0,0,0,0,0,0,0,0,0,0,0,0,0,0,0,0,0,0,0,0,0,0,0,0,0,0,0,0,0,0,0,0,0,0,0,0,0,0,0,0,0,0,0,0,0,0,0,0,0,0,0,0,0,0,0,0,0,0,0,0,0,0,0,0,0,0,0,0,0,0,0,0,0,0,0,0,0,0,0,0,0,0,0,0,0,0,0,0,0,0,0,0,0,0,0,0,0,0,0,0,0,0,0,0,0,0,0,0,0,0,0,0,0,0,0,0,0,0,0,0,0,0,0,0,0,0,0,0,0,0,0,0,0,0,0,0,0,0,0,0,0,0,0,0,0,0,0,0,0,0,0,0,0,0,0,0,0,0,2,1,1,1,5,5,3,0,0,0,0,0,0,0,0,0,0,0,0,0,0,0,0,0,0,0,0,0,0,0,0,0,0,0,0,0,0,0,0,0,0,0,0,0,0,0,0,0,0,0,0,0,0,0,0,0,0,0,0,0,0,0,0,0,0,0,0,0,0,0,0,0,0,0,0,0,0,0,0,0,0,0,0,0,0,0,0,0,0,0,0,0,0,0,0,0,0,0,0,0,0,0,0,0,0,0,0,0,0,0,0,0,0,0,0,0,0,0,0,0,0,0,0,0,0,0,0,0,0,0,0,0,0,0,0,0,0,0,0,0,0,0,0,0,0,0,0,0,0,0,0,0,0,0,0,0,4,2,2,2,5,2,4,2,0,0,0,0,0,0,0,0,0,0,0,0,0,0,0,0,0,2,2,2,1,2,0,2,2,0,0,0,0,0,0,0,0,0,0,0,2,2,2,2,3,1,3,2,1,0,0,0,0,0,0,2,2,2,2,2,0,0,5,0,0,0,0,3,3,0,0,0,0,0,0,0,0,0,0,0,5,3,5,5,0,0,0,0,0,3,0,0,0,0,0,0,0,5,2,2,2,2,2,5,0,0,0,0,0,0,0,0,0,0,0,0,0,0,0,5,2,3,0,2,2,4,0,0,0,0,0,0,0,0,0,0,0,0,0,0,0,0,0,0,0,0,0,0,0,0,0,0,0,0,0,0,0,0,2,2,2,2,2,2,3,2,2,0,0,0,0,0,0,0,0,0,0,0,0,0,0,0,0,0,0,0,0,0,0,0,0,1,3,2,2,0,0,0,0,0,0,0,0,0,0,0,0,0,0,0,0,0,0,0,0,0,0,0,0,0,0,0,0,0,2,4,2,3,2,5,2,2,1,0,1,4,2,0,0,0,0,0,2,1,0,0,0,0,0,0,0,0,0,0,0,0,0,0,0,0,0,0,0,0,0,0,0,0,0,0,0,0,0,0,0,0,0,0,0,0,0,0,0,0,0,0,0,0,0,0,0,5,0,2,2,5,0,2,2,3,2,2,1,2,2,2,0,0,0,3,3,2,2,0,0,0,0,0,0,0,0,0,0,0,0,2,2,0,0,0,0,0,0,0,0,0,0,0,0,0,0,0,0,0,0,0,0,0,0,0,0,0,0,0,0,0,0,0,2,2,3,2,4,5,0,0,0,0,0,0,0,0,0,0,0,0,0,0,0,0,0,0,0,0,0,0,0,0,0,0,0,0,0,0,0,0,0,0,1,0,0,0,0,0,0,0,0,0,0,0,0,0,0,0,0,0,0,0,0,0,0,0,0,0,0,2,2,0,0,0,0,0,0,2,0,1,3,1,2,0,0,0,0,0,0,0,0,0,0,0,0,0,0,0,0,0,0,0,0,0,0,0,0,0,0,0,0,5,3,0,0,0,0,2,5,5,0,0,5,3,0,0,0,0,0,0,0,0,0,0,0,0,0,0,0,4,5,0,0,0,0,2,2,2,0,0,0,0,2,2,3,2,2,0,0,0,1,1,2,2,2,3,0,0,2,1,3,2,5,0,0,0,0,0,0,0,0,0,0,0,0,2,2,3,0,0,0,0,0,0,0,0,0,0,0,0,0,0,0,0,0,0,0,0,0,0,0,0,0,0,0,0,0,0,0,0,0,0,0,0,0,0,0,2,5,0,0,0,0,4,0,0,0,0,0,0,0,0,0,0,0,0,0,0,0,0,0,0,0,0,0,0,0,0,0,0,0,0,0,0,0,0,0,0,0,0,0,0,0,0,0,0,0,0,0,0,0,0,0,0,0,0,0,0,0,0,0,0,0,0,0,0,0,0,0,0,0,0,0,0,0,0,0,0,0,0,0,0,0,0,0,0,0,0,0,0,0,0,0,0,0,0,0,2,2,0,0,4,1,2,2,4,0,0,0,0,0,1,2,2,2,0,0,0,0,0,0,0,0,0,0,0,0,0,0,0,0,0,0,0,0,0,0,0,0,0,0,0,0,0,0,0,0,0,0,0,0,0,0,0,0,0,0,0,2,2,0,0,0,0,0,0,0,0,0,0,0,0,0,0,0,0,3,1,2,1,1,0,0,0,0,5,0,0,0,0,0,0,0,2,2,0,0,0,0,0,0,0,0,2,3,2,2,0,0,0,3,2,2,2,2,0,2,2,1,2,2,0,2,2,0,0,0,0,0,0,0,0,0,0,0,0,0,0,0,0,0,0,2,2,1,0,0,0,0,0,0,0,0,0,0,0,0,0,0,0,0,2,1,2,2,3,2,0,0,0,0,0,0,0,5,2,0,0,0,0,0,0,0,0,0,0,0,0,0,0,0,0,2,3,0,0,0,0,0,0,0,0,0,0,0,0,0,0,0,0,0,0,0,0,0,0,0,0,0,0,0,0,0,0,0,0,0,0,0,0,0,0,0,0,0,0,0,3,2,5,2,0,0,0,0,0,0,0,0,0,0,0,0,0,0,0,0,0,0,0,0,0,0,0,0,0,0,0,0,0,0,0,0,0,0,0,0,0,0,0,0,0,0,0,0,0,0,0,0,0,0,0,0,0,0,0,0,0,0,0,0,0,0,0,0,0,0,0,0,0,0,0,0,0,0,0,0,0,0,0,0,0,0,0,0,0,0,0,0,0,0,0,0,0,0,0,0,0,0,0,0,0,0,0,0,0,0,0,0,0,0,0,0,0,0,0,0,0,0,0,0,0,0,0,0,0,0,0,0,0,0,0,0,0,0,0,0,0,0,0,5,3,2,2,2,2,2,2,4,2,1,4,1,2,2,2,1,4,1,1,5,2,2,2,2,5,2,3,3,2,5,2,2,3,5,0,0,0,0,0,0,0,0,0,0,0,0,0,0,0,0,0,0,0,0,0,0,0,2,5,2,5,3,2,0,0,0,0,0,0,0,0,5,0,0,0,2,3,2,2,2,2,0,0,0,0,0,2,2,2,2,2,0,0,0,1,2,3,1,2,2,2,0,0,0,0,0,2,3,2,2,3,2,2,4,2,0,0,0,0,0,0,0,0,3,2,1,5,4,2,0,0,0,0,3,0,0,0,0,0,0,0,0,0,0,0,0,0,0,0,0,0,2,0,0,2,0,0,0,0,0,0,0,0,0,0,0,0,0,0,0,0,0,0,0,0,0,0,0,0,0,0,0,0,0,0,0,0,0,0,0,0,0,0,0,0,0,0,0,0,0,0,0,0,0,0,0,0,0,0,0,0,0,0,0,0,0,0,0,0,0,0,0,0,0,0,0,0,0,0,0,0,0,2,2,0,2,0,0,0,0,0,2,2,2,0,2,3,2,3,3,1,1,3,1,2,2,0,0,0,0,0,0,0,2,2,2,2,3,1,5,2,2,5,0,4,2,0,0,0,0,2,3,5,2,0,0,0,0,0,0,0,0,0,0,0,0,0,0,0,0,0,0,0,0,0,0,0,0,0,0,0,0,0,0,0,0,0,0,0,0,0,0,0,0,0,0,0,0,0,0,0,0,0,0,0,0,0,0,0,0,0,0,0,0,0,0,0,0,0,0,0,0,0,0,0,0,0,0,0,0,0,0,0,0,0,0,0,0,0,0,0,0,0,0,0,0,0,0,0,0,2,1,1,3,2,3,2,2,5,1,5,5,2,1,4,3,0,0,0,0,0,0,0,0,0,0,0,0,0,0,0,0,0,0,0,0,0,0,0,0,0,0,0,0,0,0,0,0,0,0,0,0,0,0,0,0,0,0,0,0,0,0,0,0,0,0,0,0,0,0,0,0,0,0,0,0,0,0,0,0,0,0,0,0,0,0,0,0,0,0,0,0,0,0,0,0,0,0,0,0,0,0,0,0,0,0,0,0,0,0,0,0,0,0,0,0,0,0,0,0,0,0,0,0,0,0,0,0,0,0,0,0,0,0,0,0,0,0,0,0,0,0,0,0,0,0,0,0,0,0,0,0,0,0,0,0,0,0,0,0,0,0,0,0,0,0,0,0,0,0,0,0,0,0,0,0,0,0,0,0,0,0,0,0,0,0,0,0,0,0,0,0,0,0,0,0,0,0,0,0,0,0,0,0,0,0,0,0,0,0,0,0,0,0,0,0,0,0,0,0,0,0,0,0,0,0,0,0,0,0,0,0,0,0,0,0,0,0,0,0,0,0,0,0,0,0,0,0,0,0,0,0,0,0,0,0,0,0,0,0,0,0,0,0,0,0,0,0,0,0,0,0,0,0,0,0,0,0,0,0,0,0,0,0,0,0,0,0,0,0,0,0,0,0,0,0,0,0,0,0,3,2,3,5,5,3,3,3,3,3,2,2,2,3,5,5,3,0,0,0,0,0,0,0,0,0,0,0,0,0,0,0,0,0,0,0,0,0,0,0,0,0,0,0,0,0,0,0,0,0,0,0,0,0,0,0,0,0,0,0,0,0,0,0,0,0,0,0,0,0,0,0,0,0,0,0,0,0,0,0,0,0,0,0,0,0,0,0,0,0,0,0,0,0,0,0,0,0,0,0,0,0,0,0,0,0,0,0,0,0,0,0,0,0,0,0,0,0,0,0,0,0,0,0,0,0,0,0,0,0,0,0,0,0,0,0,0,0,0,0,0,0,0,0,0,0,3,3,3,5,3,1,3,3,1,3,3,2,0,0,0,0,0,0,0,0,0,0,0,0,0,0,0,0,0,0,0,0,0,0,0,0,0,0,0,0,0,0,0,0,0,0,0,0,0,0,0,0,0,0,0,0,0,0,0,0,0,0,0,0,0,0,0,0,2.466212272644043,-7.056254386901856,-3.1381378173828125,13.247557640075684,-0.4676923155784607,-0.0684695541858673,-13.293763160705566,-0.933128535747528,9.41709327697754,2.7285585403442383,-6.294645309448242,-1.8432775735855105,-13.388626098632812,2.200796127319336,-7.716867446899414,-1.5727277994155884,5.722625732421875,-6.113595962524414,-7.465950489044189,8.475502014160156,3.587052345275879,6.890478134155273,15.305864334106444,10.576944351196287,-10.364567756652832,-1.827982783317566,-1.976375222206116,-13.223960876464844,2.171884775161743,-0.6399197578430176,15.407779693603516,-9.569646835327148,-5.772934913635254,-5.78676176071167,5.638935089111328,2.134608745574951,-1.0164719820022583,-0.5037433505058289,12.600496292114258,4.756792545318604,-3.66349720954895,-0.2299120128154754,-8.487887382507324,-1.3589109182357788,-13.421347618103027,3.451880931854248,-0.8860011696815491,4.162467002868652,-7.497861385345459,8.311483383178711,6.887048721313477,-6.816893577575684,-3.042783737182617,-11.847420692443848,-7.56965160369873,-6.005922317504883,-7.346232414245605,1.185693860054016,4.219328880310059,5.593723773956299,1.5741571187973022,-10.97813320159912,-2.5875003337860107,1.164393186569214,-17.03067398071289,-2.7033908367156982,9.126882553100586,-0.592363715171814,0.734306812286377,1.5134416818618774,-6.231183052062988,0.289385437965393,9.96226406097412,-8.710241317749023,-1.5538400411605835,9.197225570678713,-6.731634140014648,4.214714050292969,-2.25039005279541,6.713374137878418,5.87287187576294,0.5185902714729309,-6.932787895202637,-11.676034927368164,1.9735625982284544,-4.204249858856201,-9.507919311523438,9.897051811218262,7.343997955322266,-4.559375762939453,6.196631908416748,0.6343494057655334,4.370131969451904,7.7719645500183105,6.334386348724365,-0.3434901833534241,2.536315441131592,8.654752731323242,4.914693355560303,5.931650638580322,-7.157233238220215,-10.633438110351562,-6.3260602951049805,-17.12967872619629,6.521524906158447,-7.58274507522583,-0.0675230771303176,4.583441257476807,-1.8042196035385127,-8.704490661621094,-15.543652534484863,4.166012287139893,2.751983404159546,1.4272775650024414,0.7333446741104126,-5.62274980545044,10.05601978302002,11.715388298034668,-4.310986042022705,5.655074119567871,-14.486401557922363,1.052889347076416,-3.179215908050537,6.865304946899414,4.431536674499512,-10.623257637023926,-9.749433517456056,-2.8599464893341064,-6.7039337158203125,-0.2835854291915893,-2.227056741714477,6.913346290588379,15.060407638549805,12.462573051452637,-3.520190715789795,15.914093017578123,18.20341682434082,-0.6411815285682678,11.23193073272705,-4.086674213409424,6.723070621490479,-1.6191669702529907,-3.005852460861206,0.957372784614563,9.942996978759766,8.310903549194336,0.79093998670578,1.3587794303894043,0.0159508101642131,8.09736156463623,8.467044830322266,2.4149765968322754,11.410307884216309,-3.827528476715088,-2.010486602783203,2.8408238887786865,-7.777061939239502,-10.060330390930176,1.5482583045959473,-4.072508811950684,-8.07892894744873,-4.372044563293457,-6.198168754577637,-1.6286215782165527,0.209772527217865,-11.259597778320312,1.838476300239563,-2.022770404815674,0.6688253879547119,7.202536582946777,-9.164268493652344,-4.84478235244751,15.366766929626465,-2.170083522796631,2.133446216583252,1.5606226921081543,7.94953727722168,-5.025143146514893,-7.380430221557617,13.032618522644045,-2.024517774581909,10.457765579223633,-5.360393047332764,11.233866691589355,12.125673294067385,-1.5067594051361084,-4.740378379821777,-5.697973728179932,-5.938122272491455,-1.542614221572876,-1.1881089210510254,-0.2192558050155639,-1.8589231967926023,0.4180152416229248,0.089068628847599,-0.2694503962993622,-8.44637680053711,-14.858086585998535,-2.626683235168457,2.761885643005371,7.552132606506348,4.0293145179748535,4.4844279289245605,5.31086015701294,5.860271453857422,-3.7454004287719727,14.189273834228516,4.716802597045898,11.47165298461914,-0.4972608983516693,11.997520446777344,-4.748013496398926,5.143418312072754,-12.353544235229492,0.1026393771171569,-1.0673644542694092,-1.5399891138076782,6.837799549102783,-9.070697784423828,5.699625492095947,0.4050405025482178,-8.513060569763184,-4.469383716583252,0.6044502854347229,4.9535231590271,-3.816872358322144,-3.3579471111297607,-0.0521776974201202,5.121373176574707,-7.371718406677246,1.986876964569092,2.4515812397003174,-4.660153388977051,-16.18354606628418,-1.18480384349823,-6.891963005065918,-5.033522605895996,-2.652512311935425,-3.968310594558716,10.357549667358398,5.074337005615234,2.0467770099639893,4.923576354980469,1.4636598825454712,-9.097578048706056,6.208380222320557,-17.142141342163086,-11.831099510192873,0.7329602837562561,-7.038074493408203,-19.25883102416992,4.87859582901001,-2.689785480499268,1.1697242259979248,-15.863273620605469,1.5088098049163818,4.130306243896484,-10.898767471313477,7.46963357925415,-6.607762336730957,1.1266052722930908,8.013365745544434,8.496432304382324,12.844881057739258,6.645754814147949,-7.377895832061768,-11.725253105163574,9.060569763183594,-1.250636100769043,-7.677849769592285,-5.0155768394470215,2.6454110145568848,-1.923804521560669,0.6519864201545715,-0.561653733253479,-5.214180946350098,0.0319232121109962,0.6963712573051453,0.1486260890960693,-0.9879377484321594,-10.245942115783691,-6.690566062927246,-17.129547119140625,-8.844148635864258,-3.704486846923828,5.4058918952941895,-0.9546186923980712,-0.8997196555137634,-8.040111541748047,1.544506549835205,-4.300361156463623,15.299528121948242,13.602266311645508,-3.418432235717773,-9.113851547241213,-3.575989246368408,-5.731995582580566,-4.166445732116699,-11.55699348449707,-2.1540231704711914,-1.0,2.482873583608753
OXYR_HUMAN,CHEMBL2113198,CCOc1ccc(S(=O)(=O)N(CC(=O)NNC2=c3ccccc3=NC2=O)c2ccc(Cl)cc2)cc1,0,0,0,0,0,0,0,0,0,0,0,0,0,0,0,0,0,0,0,0,0,0,0,0,0,0,0,0,0,0,0,0,0,0,0,0,0,0,0,0,0,0,0,0,0,0,0,0,0,0,0,0,0,0,0,0,0,0,0,0,0,0,0,0,0,0,0,0,0,0,0,0,0,0,0,0,0,0,0,0,0,0,0,0,0,0,0,0,0,0,0,0,0,0,0,0,0,0,0,0,0,0,0,0,0,0,0,0,0,0,0,0,0,0,0,0,0,0,0,0,0,0,0,0,0,0,0,0,0,0,0,0,0,0,0,0,0,0,0,0,0,0,0,0,0,0,0,0,0,0,0,0,0,0,0,0,0,0,0,0,0,0,0,0,0,0,0,0,0,0,0,0,0,0,0,0,0,0,0,0,0,0,0,0,0,2,4,1,2,2,2,2,3,2,3,2,4,2,2,3,2,0,0,0,0,0,0,0,0,0,0,0,0,0,0,0,0,3,2,2,1,0,0,0,0,0,0,0,0,0,0,0,0,0,0,0,0,0,1,1,2,4,1,3,0,0,0,0,0,0,0,0,0,0,0,5,3,0,0,0,0,0,0,0,0,0,0,0,0,0,0,0,0,0,0,0,0,0,0,0,0,0,0,0,0,0,0,0,0,0,0,0,0,0,0,0,0,0,0,0,0,0,0,0,0,0,0,0,0,0,0,0,0,0,0,0,0,0,0,0,0,0,0,0,0,0,0,0,0,0,0,0,0,0,0,0,0,0,0,0,0,0,0,0,0,0,0,0,0,0,0,0,0,0,0,0,0,0,0,0,0,0,0,0,0,0,0,0,0,0,0,0,0,0,0,0,0,0,0,0,0,0,0,0,0,0,0,0,0,0,0,0,0,0,0,0,0,0,0,0,0,0,0,0,0,0,0,0,0,0,0,0,0,0,0,0,0,0,0,0,0,0,0,0,0,0,0,0,0,0,0,0,0,2,1,1,1,5,5,3,0,0,0,0,0,0,0,0,0,0,0,0,0,0,0,0,0,0,0,0,0,0,0,0,0,0,0,0,0,0,0,0,0,0,0,0,0,0,0,0,0,0,0,0,0,0,0,0,0,0,0,0,0,0,0,0,0,0,0,0,0,0,0,0,0,0,0,0,0,0,0,0,0,0,0,0,0,0,0,0,0,0,0,0,0,0,0,0,0,0,0,0,0,0,0,0,0,0,0,0,0,0,0,0,0,0,0,0,0,0,0,0,0,0,0,0,0,0,0,0,0,0,0,0,0,0,0,0,0,0,0,0,0,0,0,0,0,0,0,0,0,0,0,0,0,0,0,0,0,4,2,2,2,5,2,4,2,0,0,0,0,0,0,0,0,0,0,0,0,0,0,0,0,0,2,2,2,1,2,0,2,2,0,0,0,0,0,0,0,0,0,0,0,2,2,2,2,3,1,3,2,1,0,0,0,0,0,0,2,2,2,2,2,0,0,5,0,0,0,0,3,3,0,0,0,0,0,0,0,0,0,0,0,5,3,5,5,0,0,0,0,0,3,0,0,0,0,0,0,0,5,2,2,2,2,2,5,0,0,0,0,0,0,0,0,0,0,0,0,0,0,0,5,2,3,0,2,2,4,0,0,0,0,0,0,0,0,0,0,0,0,0,0,0,0,0,0,0,0,0,0,0,0,0,0,0,0,0,0,0,0,2,2,2,2,2,2,3,2,2,0,0,0,0,0,0,0,0,0,0,0,0,0,0,0,0,0,0,0,0,0,0,0,0,1,3,2,2,0,0,0,0,0,0,0,0,0,0,0,0,0,0,0,0,0,0,0,0,0,0,0,0,0,0,0,0,0,2,4,2,3,2,5,2,2,1,0,1,4,2,0,0,0,0,0,2,1,0,0,0,0,0,0,0,0,0,0,0,0,0,0,0,0,0,0,0,0,0,0,0,0,0,0,0,0,0,0,0,0,0,0,0,0,0,0,0,0,0,0,0,0,0,0,0,5,0,2,2,5,0,2,2,3,2,2,1,2,2,2,0,0,0,3,3,2,2,0,0,0,0,0,0,0,0,0,0,0,0,2,2,0,0,0,0,0,0,0,0,0,0,0,0,0,0,0,0,0,0,0,0,0,0,0,0,0,0,0,0,0,0,0,2,2,3,2,4,5,0,0,0,0,0,0,0,0,0,0,0,0,0,0,0,0,0,0,0,0,0,0,0,0,0,0,0,0,0,0,0,0,0,0,1,0,0,0,0,0,0,0,0,0,0,0,0,0,0,0,0,0,0,0,0,0,0,0,0,0,0,2,2,0,0,0,0,0,0,2,0,1,3,1,2,0,0,0,0,0,0,0,0,0,0,0,0,0,0,0,0,0,0,0,0,0,0,0,0,0,0,0,0,5,3,0,0,0,0,2,5,5,0,0,5,3,0,0,0,0,0,0,0,0,0,0,0,0,0,0,0,4,5,0,0,0,0,2,2,2,0,0,0,0,2,2,3,2,2,0,0,0,1,1,2,2,2,3,0,0,2,1,3,2,5,0,0,0,0,0,0,0,0,0,0,0,0,2,2,3,0,0,0,0,0,0,0,0,0,0,0,0,0,0,0,0,0,0,0,0,0,0,0,0,0,0,0,0,0,0,0,0,0,0,0,0,0,0,0,2,5,0,0,0,0,4,0,0,0,0,0,0,0,0,0,0,0,0,0,0,0,0,0,0,0,0,0,0,0,0,0,0,0,0,0,0,0,0,0,0,0,0,0,0,0,0,0,0,0,0,0,0,0,0,0,0,0,0,0,0,0,0,0,0,0,0,0,0,0,0,0,0,0,0,0,0,0,0,0,0,0,0,0,0,0,0,0,0,0,0,0,0,0,0,0,0,0,0,0,2,2,0,0,4,1,2,2,4,0,0,0,0,0,1,2,2,2,0,0,0,0,0,0,0,0,0,0,0,0,0,0,0,0,0,0,0,0,0,0,0,0,0,0,0,0,0,0,0,0,0,0,0,0,0,0,0,0,0,0,0,2,2,0,0,0,0,0,0,0,0,0,0,0,0,0,0,0,0,3,1,2,1,1,0,0,0,0,5,0,0,0,0,0,0,0,2,2,0,0,0,0,0,0,0,0,2,3,2,2,0,0,0,3,2,2,2,2,0,2,2,1,2,2,0,2,2,0,0,0,0,0,0,0,0,0,0,0,0,0,0,0,0,0,0,2,2,1,0,0,0,0,0,0,0,0,0,0,0,0,0,0,0,0,2,1,2,2,3,2,0,0,0,0,0,0,0,5,2,0,0,0,0,0,0,0,0,0,0,0,0,0,0,0,0,2,3,0,0,0,0,0,0,0,0,0,0,0,0,0,0,0,0,0,0,0,0,0,0,0,0,0,0,0,0,0,0,0,0,0,0,0,0,0,0,0,0,0,0,0,3,2,5,2,0,0,0,0,0,0,0,0,0,0,0,0,0,0,0,0,0,0,0,0,0,0,0,0,0,0,0,0,0,0,0,0,0,0,0,0,0,0,0,0,0,0,0,0,0,0,0,0,0,0,0,0,0,0,0,0,0,0,0,0,0,0,0,0,0,0,0,0,0,0,0,0,0,0,0,0,0,0,0,0,0,0,0,0,0,0,0,0,0,0,0,0,0,0,0,0,0,0,0,0,0,0,0,0,0,0,0,0,0,0,0,0,0,0,0,0,0,0,0,0,0,0,0,0,0,0,0,0,0,0,0,0,0,0,0,0,0,0,0,5,3,2,2,2,2,2,2,4,2,1,4,1,2,2,2,1,4,1,1,5,2,2,2,2,5,2,3,3,2,5,2,2,3,5,0,0,0,0,0,0,0,0,0,0,0,0,0,0,0,0,0,0,0,0,0,0,0,2,5,2,5,3,2,0,0,0,0,0,0,0,0,5,0,0,0,2,3,2,2,2,2,0,0,0,0,0,2,2,2,2,2,0,0,0,1,2,3,1,2,2,2,0,0,0,0,0,2,3,2,2,3,2,2,4,2,0,0,0,0,0,0,0,0,3,2,1,5,4,2,0,0,0,0,3,0,0,0,0,0,0,0,0,0,0,0,0,0,0,0,0,0,2,0,0,2,0,0,0,0,0,0,0,0,0,0,0,0,0,0,0,0,0,0,0,0,0,0,0,0,0,0,0,0,0,0,0,0,0,0,0,0,0,0,0,0,0,0,0,0,0,0,0,0,0,0,0,0,0,0,0,0,0,0,0,0,0,0,0,0,0,0,0,0,0,0,0,0,0,0,0,0,0,2,2,0,2,0,0,0,0,0,2,2,2,0,2,3,2,3,3,1,1,3,1,2,2,0,0,0,0,0,0,0,2,2,2,2,3,1,5,2,2,5,0,4,2,0,0,0,0,2,3,5,2,0,0,0,0,0,0,0,0,0,0,0,0,0,0,0,0,0,0,0,0,0,0,0,0,0,0,0,0,0,0,0,0,0,0,0,0,0,0,0,0,0,0,0,0,0,0,0,0,0,0,0,0,0,0,0,0,0,0,0,0,0,0,0,0,0,0,0,0,0,0,0,0,0,0,0,0,0,0,0,0,0,0,0,0,0,0,0,0,0,0,0,0,0,0,0,0,2,1,1,3,2,3,2,2,5,1,5,5,2,1,4,3,0,0,0,0,0,0,0,0,0,0,0,0,0,0,0,0,0,0,0,0,0,0,0,0,0,0,0,0,0,0,0,0,0,0,0,0,0,0,0,0,0,0,0,0,0,0,0,0,0,0,0,0,0,0,0,0,0,0,0,0,0,0,0,0,0,0,0,0,0,0,0,0,0,0,0,0,0,0,0,0,0,0,0,0,0,0,0,0,0,0,0,0,0,0,0,0,0,0,0,0,0,0,0,0,0,0,0,0,0,0,0,0,0,0,0,0,0,0,0,0,0,0,0,0,0,0,0,0,0,0,0,0,0,0,0,0,0,0,0,0,0,0,0,0,0,0,0,0,0,0,0,0,0,0,0,0,0,0,0,0,0,0,0,0,0,0,0,0,0,0,0,0,0,0,0,0,0,0,0,0,0,0,0,0,0,0,0,0,0,0,0,0,0,0,0,0,0,0,0,0,0,0,0,0,0,0,0,0,0,0,0,0,0,0,0,0,0,0,0,0,0,0,0,0,0,0,0,0,0,0,0,0,0,0,0,0,0,0,0,0,0,0,0,0,0,0,0,0,0,0,0,0,0,0,0,0,0,0,0,0,0,0,0,0,0,0,0,0,0,0,0,0,0,0,0,0,0,0,0,0,0,0,0,0,3,2,3,5,5,3,3,3,3,3,2,2,2,3,5,5,3,0,0,0,0,0,0,0,0,0,0,0,0,0,0,0,0,0,0,0,0,0,0,0,0,0,0,0,0,0,0,0,0,0,0,0,0,0,0,0,0,0,0,0,0,0,0,0,0,0,0,0,0,0,0,0,0,0,0,0,0,0,0,0,0,0,0,0,0,0,0,0,0,0,0,0,0,0,0,0,0,0,0,0,0,0,0,0,0,0,0,0,0,0,0,0,0,0,0,0,0,0,0,0,0,0,0,0,0,0,0,0,0,0,0,0,0,0,0,0,0,0,0,0,0,0,0,0,0,0,3,3,3,5,3,1,3,3,1,3,3,2,0,0,0,0,0,0,0,0,0,0,0,0,0,0,0,0,0,0,0,0,0,0,0,0,0,0,0,0,0,0,0,0,0,0,0,0,0,0,0,0,0,0,0,0,0,0,0,0,0,0,0,0,0,0,0,0,1.7914143800735474,-4.393181800842285,-5.683163166046143,8.692928314208984,1.5922181606292725,-0.3711940050125122,-16.06675148010254,-0.2852683961391449,12.719863891601562,7.56375789642334,-6.429477691650391,1.0768234729766846,-14.060406684875488,1.4198710918426514,-6.7748541831970215,0.6562401056289673,4.474060535430908,-5.004894256591797,-6.434731483459473,9.567230224609377,-0.9616866111755372,7.909153461456299,21.35818862915039,8.397555351257324,-12.758526802062988,-1.1792619228363037,1.4714943170547483,-12.033608436584473,3.1553964614868164,0.1356397867202758,16.07944679260254,-9.276323318481444,-2.983743190765381,-8.083666801452637,3.572491407394409,0.7317067384719849,2.094388484954834,1.490282654762268,9.8130464553833,4.935612678527832,-0.4540885090827942,-1.6529433727264404,-8.784953117370605,-0.0281665846705436,-14.077712059020996,4.885477542877197,-0.2903835773468017,10.476664543151855,-8.973808288574219,2.4975202083587646,7.154356002807617,-8.863964080810547,-6.515076637268066,-9.755326271057127,-8.747147560119629,-7.0100626945495605,-3.1514930725097656,0.6689778566360474,6.740814208984375,3.233016014099121,-1.825930118560791,-9.955368995666504,-3.835766553878784,6.287771224975586,-16.45873260498047,-0.6908799409866333,13.075834274291992,3.0381596088409424,-3.1680245399475098,3.93368411064148,-7.42280912399292,2.312242269515991,8.346116065979004,-9.92687702178955,-3.182113647460937,7.197241306304932,-7.056577682495117,5.02494478225708,-1.0694572925567627,5.075095176696777,7.03892707824707,-2.210986852645874,-9.09217929840088,-11.41120719909668,2.7818498611450195,-0.4894637763500213,-8.3726167678833,6.174239635467529,4.396728515625,-1.195870280265808,4.6176438331604,3.5564849376678467,2.893071413040161,11.795923233032228,2.9949536323547363,-0.5938161015510559,3.481496334075928,2.471797227859497,7.178934097290039,2.3870184421539307,-5.202113151550293,-10.650583267211914,-6.859621524810791,-12.906655311584473,2.434405565261841,-9.293607711791992,-5.381522178649902,4.141174793243408,2.015341281890869,-8.779504776000977,-18.69068717956543,3.4842946529388428,4.903722763061523,-1.3335964679718018,0.34855717420578,-6.393202304840088,10.392107009887695,9.789093017578123,-4.347955703735352,6.570805549621582,-14.36729335784912,0.9939420819282532,-4.278146266937256,7.503165245056152,6.230354309082031,-9.297648429870604,-14.645685195922852,-1.3334414958953855,-1.2398178577423096,0.5387983322143555,-1.6375192403793335,0.7099959254264832,10.609209060668944,17.040420532226562,-1.892731547355652,15.75002098083496,14.412615776062012,1.421428084373474,14.651407241821287,-3.604010581970215,11.778596878051758,-2.4642412662506104,-0.7037090063095093,1.1561390161514282,14.477776527404783,9.893146514892578,2.51216459274292,2.4011130332946777,2.1067326068878174,11.480649948120115,8.992193222045898,4.346922874450684,10.55441665649414,-4.019167423248291,-2.450143337249756,3.356888055801392,-7.018184661865234,-8.972014427185059,5.806875705718994,-9.607498168945312,-3.2032413482666016,-2.3821396827697754,-8.975934028625488,4.33986759185791,2.9655778408050537,-9.0267333984375,1.8327248096466064,-5.205000400543213,1.047444224357605,8.554224014282227,-8.64379596710205,-3.053162813186645,15.141916275024414,-5.65399694442749,-0.8152329325675964,0.6613197922706604,7.009432315826416,-2.275662899017334,-8.10489273071289,13.30237865447998,-6.333725929260254,8.4957275390625,-2.0287060737609863,9.582677841186523,11.397568702697754,-4.347034931182861,-1.4185584783554075,-1.4772850275039673,-9.267467498779297,-5.068373680114746,-2.3171401023864746,-0.9401336908340454,-0.8346782922744751,0.4840973615646362,3.0579206943511963,0.3530742526054382,-6.276292324066162,-11.60009479522705,-1.3210312128067017,-1.1815588474273682,2.5554356575012207,1.747007966041565,8.451977729797363,1.083198308944702,5.580594539642334,-4.527165412902832,15.818538665771484,7.254279613494873,12.913533210754396,-3.046389102935791,16.74943733215332,-2.5282115936279297,6.961843490600586,-4.578403472900391,4.332128524780273,5.421170234680176,2.964895009994507,4.559176921844482,-8.839537620544434,6.722312927246094,2.496054649353028,-10.075511932373049,-0.3936095535755157,0.8254885673522949,2.282700777053833,-3.992377519607544,-2.638605833053589,3.8216068744659424,10.465140342712402,-13.276506423950195,3.5394678115844727,-3.3091824054718018,-10.555228233337402,-15.849394798278809,-4.14752721786499,-2.94008207321167,-2.492861747741699,-3.0347697734832764,-6.298563957214356,10.820646286010742,3.326066255569458,0.7820595502853394,3.838279962539673,-0.2726366519927978,-4.389474391937256,4.209539890289307,-15.500812530517578,-8.68759822845459,0.1884327679872512,-9.33652114868164,-19.370548248291016,2.297419548034668,-2.6084988117218018,-0.248824268579483,-14.827071189880373,1.350431203842163,5.176520347595215,-13.737678527832031,10.138492584228516,-8.039730072021484,-4.42800760269165,7.529589176177978,5.579036235809326,13.821112632751465,2.9229414463043213,-6.0290961265563965,-9.278743743896484,6.957944869995117,1.4531996250152588,-9.368050575256348,-2.1301255226135254,5.99472713470459,0.0857728719711303,5.752196788787842,-0.0022188611328601,-7.4681878089904785,-2.243176221847534,-4.414808750152588,-0.9997870326042176,-1.833093762397766,-9.437824249267578,-6.853822708129883,-21.10750961303711,-8.690526962280273,0.6468274593353271,2.307466506958008,1.1676383018493652,-2.615445852279663,-8.71362018585205,-0.89521324634552,0.0585292652249336,14.601158142089844,15.23095417022705,2.6529295444488525,-12.046847343444824,-2.024564504623413,-7.367459297180176,-4.063952445983887,-13.271307945251465,-4.055929660797119,-1.0,0.5910646070264991
OXYR_HUMAN,CHEMBL520595,O=C(c1ccc(-c2ccccc2)nc1)N(Cc1ccccc1)CC1CCCO1,0,0,0,0,0,0,0,0,0,0,0,0,0,0,0,0,0,0,0,0,0,0,0,0,0,0,0,0,0,0,0,0,0,0,0,0,0,0,0,0,0,0,0,0,0,0,0,0,0,0,0,0,0,0,0,0,0,0,0,0,0,0,0,0,0,0,0,0,0,0,0,0,0,0,0,0,0,0,0,0,0,0,0,0,0,0,0,0,0,0,0,0,0,0,0,0,0,0,0,0,0,0,0,0,0,0,0,0,0,0,0,0,0,0,0,0,0,0,0,0,0,0,0,0,0,0,0,0,0,0,0,0,0,0,0,0,0,0,0,0,0,0,0,0,0,0,0,0,0,0,0,0,0,0,0,0,0,0,0,0,0,0,0,0,0,0,0,0,0,0,0,0,0,0,0,0,0,0,0,0,0,0,0,0,0,2,4,1,2,2,2,2,3,2,3,2,4,2,2,3,2,0,0,0,0,0,0,0,0,0,0,0,0,0,0,0,0,3,2,2,1,0,0,0,0,0,0,0,0,0,0,0,0,0,0,0,0,0,1,1,2,4,1,3,0,0,0,0,0,0,0,0,0,0,0,5,3,0,0,0,0,0,0,0,0,0,0,0,0,0,0,0,0,0,0,0,0,0,0,0,0,0,0,0,0,0,0,0,0,0,0,0,0,0,0,0,0,0,0,0,0,0,0,0,0,0,0,0,0,0,0,0,0,0,0,0,0,0,0,0,0,0,0,0,0,0,0,0,0,0,0,0,0,0,0,0,0,0,0,0,0,0,0,0,0,0,0,0,0,0,0,0,0,0,0,0,0,0,0,0,0,0,0,0,0,0,0,0,0,0,0,0,0,0,0,0,0,0,0,0,0,0,0,0,0,0,0,0,0,0,0,0,0,0,0,0,0,0,0,0,0,0,0,0,0,0,0,0,0,0,0,0,0,0,0,0,0,0,0,0,0,0,0,0,0,0,0,0,0,0,0,0,0,2,1,1,1,5,5,3,0,0,0,0,0,0,0,0,0,0,0,0,0,0,0,0,0,0,0,0,0,0,0,0,0,0,0,0,0,0,0,0,0,0,0,0,0,0,0,0,0,0,0,0,0,0,0,0,0,0,0,0,0,0,0,0,0,0,0,0,0,0,0,0,0,0,0,0,0,0,0,0,0,0,0,0,0,0,0,0,0,0,0,0,0,0,0,0,0,0,0,0,0,0,0,0,0,0,0,0,0,0,0,0,0,0,0,0,0,0,0,0,0,0,0,0,0,0,0,0,0,0,0,0,0,0,0,0,0,0,0,0,0,0,0,0,0,0,0,0,0,0,0,0,0,0,0,0,0,4,2,2,2,5,2,4,2,0,0,0,0,0,0,0,0,0,0,0,0,0,0,0,0,0,2,2,2,1,2,0,2,2,0,0,0,0,0,0,0,0,0,0,0,2,2,2,2,3,1,3,2,1,0,0,0,0,0,0,2,2,2,2,2,0,0,5,0,0,0,0,3,3,0,0,0,0,0,0,0,0,0,0,0,5,3,5,5,0,0,0,0,0,3,0,0,0,0,0,0,0,5,2,2,2,2,2,5,0,0,0,0,0,0,0,0,0,0,0,0,0,0,0,5,2,3,0,2,2,4,0,0,0,0,0,0,0,0,0,0,0,0,0,0,0,0,0,0,0,0,0,0,0,0,0,0,0,0,0,0,0,0,2,2,2,2,2,2,3,2,2,0,0,0,0,0,0,0,0,0,0,0,0,0,0,0,0,0,0,0,0,0,0,0,0,1,3,2,2,0,0,0,0,0,0,0,0,0,0,0,0,0,0,0,0,0,0,0,0,0,0,0,0,0,0,0,0,0,2,4,2,3,2,5,2,2,1,0,1,4,2,0,0,0,0,0,2,1,0,0,0,0,0,0,0,0,0,0,0,0,0,0,0,0,0,0,0,0,0,0,0,0,0,0,0,0,0,0,0,0,0,0,0,0,0,0,0,0,0,0,0,0,0,0,0,5,0,2,2,5,0,2,2,3,2,2,1,2,2,2,0,0,0,3,3,2,2,0,0,0,0,0,0,0,0,0,0,0,0,2,2,0,0,0,0,0,0,0,0,0,0,0,0,0,0,0,0,0,0,0,0,0,0,0,0,0,0,0,0,0,0,0,2,2,3,2,4,5,0,0,0,0,0,0,0,0,0,0,0,0,0,0,0,0,0,0,0,0,0,0,0,0,0,0,0,0,0,0,0,0,0,0,1,0,0,0,0,0,0,0,0,0,0,0,0,0,0,0,0,0,0,0,0,0,0,0,0,0,0,2,2,0,0,0,0,0,0,2,0,1,3,1,2,0,0,0,0,0,0,0,0,0,0,0,0,0,0,0,0,0,0,0,0,0,0,0,0,0,0,0,0,5,3,0,0,0,0,2,5,5,0,0,5,3,0,0,0,0,0,0,0,0,0,0,0,0,0,0,0,4,5,0,0,0,0,2,2,2,0,0,0,0,2,2,3,2,2,0,0,0,1,1,2,2,2,3,0,0,2,1,3,2,5,0,0,0,0,0,0,0,0,0,0,0,0,2,2,3,0,0,0,0,0,0,0,0,0,0,0,0,0,0,0,0,0,0,0,0,0,0,0,0,0,0,0,0,0,0,0,0,0,0,0,0,0,0,0,2,5,0,0,0,0,4,0,0,0,0,0,0,0,0,0,0,0,0,0,0,0,0,0,0,0,0,0,0,0,0,0,0,0,0,0,0,0,0,0,0,0,0,0,0,0,0,0,0,0,0,0,0,0,0,0,0,0,0,0,0,0,0,0,0,0,0,0,0,0,0,0,0,0,0,0,0,0,0,0,0,0,0,0,0,0,0,0,0,0,0,0,0,0,0,0,0,0,0,0,2,2,0,0,4,1,2,2,4,0,0,0,0,0,1,2,2,2,0,0,0,0,0,0,0,0,0,0,0,0,0,0,0,0,0,0,0,0,0,0,0,0,0,0,0,0,0,0,0,0,0,0,0,0,0,0,0,0,0,0,0,2,2,0,0,0,0,0,0,0,0,0,0,0,0,0,0,0,0,3,1,2,1,1,0,0,0,0,5,0,0,0,0,0,0,0,2,2,0,0,0,0,0,0,0,0,2,3,2,2,0,0,0,3,2,2,2,2,0,2,2,1,2,2,0,2,2,0,0,0,0,0,0,0,0,0,0,0,0,0,0,0,0,0,0,2,2,1,0,0,0,0,0,0,0,0,0,0,0,0,0,0,0,0,2,1,2,2,3,2,0,0,0,0,0,0,0,5,2,0,0,0,0,0,0,0,0,0,0,0,0,0,0,0,0,2,3,0,0,0,0,0,0,0,0,0,0,0,0,0,0,0,0,0,0,0,0,0,0,0,0,0,0,0,0,0,0,0,0,0,0,0,0,0,0,0,0,0,0,0,3,2,5,2,0,0,0,0,0,0,0,0,0,0,0,0,0,0,0,0,0,0,0,0,0,0,0,0,0,0,0,0,0,0,0,0,0,0,0,0,0,0,0,0,0,0,0,0,0,0,0,0,0,0,0,0,0,0,0,0,0,0,0,0,0,0,0,0,0,0,0,0,0,0,0,0,0,0,0,0,0,0,0,0,0,0,0,0,0,0,0,0,0,0,0,0,0,0,0,0,0,0,0,0,0,0,0,0,0,0,0,0,0,0,0,0,0,0,0,0,0,0,0,0,0,0,0,0,0,0,0,0,0,0,0,0,0,0,0,0,0,0,0,5,3,2,2,2,2,2,2,4,2,1,4,1,2,2,2,1,4,1,1,5,2,2,2,2,5,2,3,3,2,5,2,2,3,5,0,0,0,0,0,0,0,0,0,0,0,0,0,0,0,0,0,0,0,0,0,0,0,2,5,2,5,3,2,0,0,0,0,0,0,0,0,5,0,0,0,2,3,2,2,2,2,0,0,0,0,0,2,2,2,2,2,0,0,0,1,2,3,1,2,2,2,0,0,0,0,0,2,3,2,2,3,2,2,4,2,0,0,0,0,0,0,0,0,3,2,1,5,4,2,0,0,0,0,3,0,0,0,0,0,0,0,0,0,0,0,0,0,0,0,0,0,2,0,0,2,0,0,0,0,0,0,0,0,0,0,0,0,0,0,0,0,0,0,0,0,0,0,0,0,0,0,0,0,0,0,0,0,0,0,0,0,0,0,0,0,0,0,0,0,0,0,0,0,0,0,0,0,0,0,0,0,0,0,0,0,0,0,0,0,0,0,0,0,0,0,0,0,0,0,0,0,0,2,2,0,2,0,0,0,0,0,2,2,2,0,2,3,2,3,3,1,1,3,1,2,2,0,0,0,0,0,0,0,2,2,2,2,3,1,5,2,2,5,0,4,2,0,0,0,0,2,3,5,2,0,0,0,0,0,0,0,0,0,0,0,0,0,0,0,0,0,0,0,0,0,0,0,0,0,0,0,0,0,0,0,0,0,0,0,0,0,0,0,0,0,0,0,0,0,0,0,0,0,0,0,0,0,0,0,0,0,0,0,0,0,0,0,0,0,0,0,0,0,0,0,0,0,0,0,0,0,0,0,0,0,0,0,0,0,0,0,0,0,0,0,0,0,0,0,0,2,1,1,3,2,3,2,2,5,1,5,5,2,1,4,3,0,0,0,0,0,0,0,0,0,0,0,0,0,0,0,0,0,0,0,0,0,0,0,0,0,0,0,0,0,0,0,0,0,0,0,0,0,0,0,0,0,0,0,0,0,0,0,0,0,0,0,0,0,0,0,0,0,0,0,0,0,0,0,0,0,0,0,0,0,0,0,0,0,0,0,0,0,0,0,0,0,0,0,0,0,0,0,0,0,0,0,0,0,0,0,0,0,0,0,0,0,0,0,0,0,0,0,0,0,0,0,0,0,0,0,0,0,0,0,0,0,0,0,0,0,0,0,0,0,0,0,0,0,0,0,0,0,0,0,0,0,0,0,0,0,0,0,0,0,0,0,0,0,0,0,0,0,0,0,0,0,0,0,0,0,0,0,0,0,0,0,0,0,0,0,0,0,0,0,0,0,0,0,0,0,0,0,0,0,0,0,0,0,0,0,0,0,0,0,0,0,0,0,0,0,0,0,0,0,0,0,0,0,0,0,0,0,0,0,0,0,0,0,0,0,0,0,0,0,0,0,0,0,0,0,0,0,0,0,0,0,0,0,0,0,0,0,0,0,0,0,0,0,0,0,0,0,0,0,0,0,0,0,0,0,0,0,0,0,0,0,0,0,0,0,0,0,0,0,0,0,0,0,0,3,2,3,5,5,3,3,3,3,3,2,2,2,3,5,5,3,0,0,0,0,0,0,0,0,0,0,0,0,0,0,0,0,0,0,0,0,0,0,0,0,0,0,0,0,0,0,0,0,0,0,0,0,0,0,0,0,0,0,0,0,0,0,0,0,0,0,0,0,0,0,0,0,0,0,0,0,0,0,0,0,0,0,0,0,0,0,0,0,0,0,0,0,0,0,0,0,0,0,0,0,0,0,0,0,0,0,0,0,0,0,0,0,0,0,0,0,0,0,0,0,0,0,0,0,0,0,0,0,0,0,0,0,0,0,0,0,0,0,0,0,0,0,0,0,0,3,3,3,5,3,1,3,3,1,3,3,2,0,0,0,0,0,0,0,0,0,0,0,0,0,0,0,0,0,0,0,0,0,0,0,0,0,0,0,0,0,0,0,0,0,0,0,0,0,0,0,0,0,0,0,0,0,0,0,0,0,0,0,0,0,0,0,0,1.769948124885559,-3.536787271499634,-4.148656845092773,8.211180686950684,-0.6438366174697876,1.15964937210083,-12.32451057434082,-0.1070505529642105,8.820661544799805,3.191083669662476,-4.610165119171143,-1.4016880989074707,-9.770877838134766,1.3126362562179563,-8.140296936035156,-1.6204745769500732,5.982251167297363,-4.022193431854248,-7.146406173706055,7.920098304748535,0.9287868142127992,8.688840866088867,17.37164878845215,7.04561185836792,-6.236942291259766,-0.1525253355503082,-0.1316890865564346,-10.614019393920898,0.7965801358222961,0.63935387134552,13.169307708740234,-7.583537101745605,-5.222158432006836,-6.641904354095459,3.283444881439209,1.5677614212036133,0.4500589966773987,0.3356393277645111,10.279964447021484,4.946959495544434,-3.2641282081604004,-1.5779513120651243,-7.199003219604492,-0.553502082824707,-12.451919555664062,4.229673385620117,0.2311474233865738,5.771480083465576,-6.452958106994629,5.854366779327393,7.466263294219971,-6.006909370422363,-1.8988821506500244,-10.927791595458984,-3.677771806716919,-6.413602828979492,-5.326437950134277,0.5301467180252075,5.219648361206055,5.963024139404297,2.116693019866944,-8.45333480834961,-2.584502458572388,2.7879321575164795,-14.637845039367676,-2.124738931655884,8.750795364379883,0.3752214014530182,-1.8816224336624143,0.911079168319702,-5.897184371948242,1.0274206399917605,8.61033821105957,-6.56447172164917,-2.186729669570923,6.777515411376953,-6.499124526977539,3.587419986724853,-2.08998966217041,7.7436065673828125,6.24773645401001,-0.719391405582428,-5.076158046722412,-12.64879035949707,1.0053470134735107,-2.903438806533813,-7.265422821044922,6.780994892120361,5.0074462890625,-5.6179680824279785,4.851988315582275,2.083984851837158,3.4600536823272705,8.212457656860352,5.163480758666992,-2.1127259731292725,3.3975539207458496,5.687779426574707,4.756131649017334,2.492795944213867,-3.83941388130188,-8.522782325744629,-5.735983848571777,-12.76340675354004,5.99610710144043,-8.377425193786621,0.2755708694458008,4.824256420135498,-0.2807379364967346,-6.60761308670044,-15.770710945129396,5.331893444061279,3.889647245407105,0.7017146348953247,0.0093738017603755,-6.37523365020752,7.50788402557373,10.512131690979004,-4.995424747467041,5.020025253295898,-10.45215892791748,0.0093666054308414,-4.042737007141113,6.136188507080078,1.764983892440796,-7.778139591217041,-10.768723487854004,-3.981020450592041,-5.302772045135498,-0.0611077696084976,-1.2624270915985107,4.610907554626465,12.591055870056152,11.073512077331545,-3.059356927871704,13.09210968017578,14.51679801940918,-0.2262071818113327,7.483233451843262,-4.039056777954102,4.108541488647461,-1.346787691116333,-0.7458170652389526,0.462503433227539,8.715546607971191,7.083982467651367,1.8230438232421875,1.720545530319214,-0.8360546827316284,7.979130744934082,3.929492473602295,3.6816229820251465,10.643352508544922,-5.399117946624756,-1.75273859500885,1.418224811553955,-6.126479148864746,-5.480464458465576,0.4566155970096588,-4.941041469573975,-3.815814971923828,-2.877934217453003,-7.889001369476318,0.666350245475769,-1.49098002910614,-8.71757984161377,0.6050392389297485,-2.959024429321289,1.03408682346344,4.759369850158691,-5.856482028961182,-5.490767002105713,14.709282875061035,-4.88019323348999,1.960415720939636,0.746184766292572,7.2234578132629395,-4.410989761352539,-6.5729804039001465,13.561166763305664,-2.137348890304565,9.812209129333496,-2.586627721786499,7.7875657081604,11.328130722045898,-0.9656263589859008,-5.330548286437988,-2.44004487991333,-6.738874912261963,-3.877701997756958,-1.0852543115615845,-1.734896540641785,-1.3516734838485718,2.073920488357544,2.477848529815674,-2.724672317504883,-4.314889430999756,-13.573641777038574,-2.5682828426361084,2.972980260848999,3.7467873096466064,2.770593881607056,3.883576631546021,4.068675518035889,3.332280397415161,-2.9981954097747803,12.628307342529297,7.285423755645752,10.794567108154297,-1.5589861869812012,12.164374351501465,-3.780351400375366,3.577320337295532,-7.675405502319336,0.9065619111061096,0.1728416979312896,0.809539794921875,5.612209320068359,-6.099681854248047,7.127498149871826,0.8758379817008972,-7.8117523193359375,-3.017256021499634,0.6681843400001526,3.1888318061828613,-6.51223611831665,-0.0745581090450286,0.4385521411895752,4.49829626083374,-9.146377563476562,2.9789786338806152,0.909394383430481,-4.847756385803223,-12.306493759155272,-2.2502896785736084,-3.547401666641236,-4.396726608276367,-0.3899579048156738,-2.0327627658843994,8.560478210449219,6.307446479797363,-0.5928454399108887,3.73708176612854,-1.047189474105835,-6.481468677520752,5.427121639251709,-12.60513401031494,-8.006447792053223,4.00278377532959,-4.059659004211426,-16.50960350036621,2.970266103744507,-0.986545205116272,-0.3684445321559906,-13.217405319213867,1.151882886886597,2.814250230789185,-7.038166046142578,7.52386474609375,-6.042232036590576,0.8169101476669312,7.65802001953125,4.128738880157471,8.138961791992188,5.138670921325684,-8.41352367401123,-10.806461334228516,6.5803327560424805,0.251870185136795,-7.132532596588135,-3.743400096893311,4.004516124725342,-2.185379266738892,1.8361475467681885,-0.3006406426429748,-2.612177848815918,-2.5000782012939453,-0.1350229382514953,-0.4216142296791076,0.5109437704086304,-6.668856143951416,-7.010781288146973,-12.770845413208008,-7.150477886199951,-2.0685477256774902,3.153996229171753,-1.8381890058517456,-3.123232841491699,-6.964829921722412,-1.4008829593658447,-1.853975772857666,14.055173873901367,11.568410873413086,-0.2295781373977661,-8.112813949584961,-5.080604076385498,-5.758554458618164,-3.915916204452514,-10.729818344116213,-1.2914056777954102,-1.0,3.500003068051693
OXYR_HUMAN,CHEMBL2113207,O=C(CN(c1ccc(Cl)cc1)S(=O)(=O)c1ccccc1)NNC1=c2ccccc2=NC1=O,0,0,0,0,0,0,0,0,0,0,0,0,0,0,0,0,0,0,0,0,0,0,0,0,0,0,0,0,0,0,0,0,0,0,0,0,0,0,0,0,0,0,0,0,0,0,0,0,0,0,0,0,0,0,0,0,0,0,0,0,0,0,0,0,0,0,0,0,0,0,0,0,0,0,0,0,0,0,0,0,0,0,0,0,0,0,0,0,0,0,0,0,0,0,0,0,0,0,0,0,0,0,0,0,0,0,0,0,0,0,0,0,0,0,0,0,0,0,0,0,0,0,0,0,0,0,0,0,0,0,0,0,0,0,0,0,0,0,0,0,0,0,0,0,0,0,0,0,0,0,0,0,0,0,0,0,0,0,0,0,0,0,0,0,0,0,0,0,0,0,0,0,0,0,0,0,0,0,0,0,0,0,0,0,0,2,4,1,2,2,2,2,3,2,3,2,4,2,2,3,2,0,0,0,0,0,0,0,0,0,0,0,0,0,0,0,0,3,2,2,1,0,0,0,0,0,0,0,0,0,0,0,0,0,0,0,0,0,1,1,2,4,1,3,0,0,0,0,0,0,0,0,0,0,0,5,3,0,0,0,0,0,0,0,0,0,0,0,0,0,0,0,0,0,0,0,0,0,0,0,0,0,0,0,0,0,0,0,0,0,0,0,0,0,0,0,0,0,0,0,0,0,0,0,0,0,0,0,0,0,0,0,0,0,0,0,0,0,0,0,0,0,0,0,0,0,0,0,0,0,0,0,0,0,0,0,0,0,0,0,0,0,0,0,0,0,0,0,0,0,0,0,0,0,0,0,0,0,0,0,0,0,0,0,0,0,0,0,0,0,0,0,0,0,0,0,0,0,0,0,0,0,0,0,0,0,0,0,0,0,0,0,0,0,0,0,0,0,0,0,0,0,0,0,0,0,0,0,0,0,0,0,0,0,0,0,0,0,0,0,0,0,0,0,0,0,0,0,0,0,0,0,0,2,1,1,1,5,5,3,0,0,0,0,0,0,0,0,0,0,0,0,0,0,0,0,0,0,0,0,0,0,0,0,0,0,0,0,0,0,0,0,0,0,0,0,0,0,0,0,0,0,0,0,0,0,0,0,0,0,0,0,0,0,0,0,0,0,0,0,0,0,0,0,0,0,0,0,0,0,0,0,0,0,0,0,0,0,0,0,0,0,0,0,0,0,0,0,0,0,0,0,0,0,0,0,0,0,0,0,0,0,0,0,0,0,0,0,0,0,0,0,0,0,0,0,0,0,0,0,0,0,0,0,0,0,0,0,0,0,0,0,0,0,0,0,0,0,0,0,0,0,0,0,0,0,0,0,0,4,2,2,2,5,2,4,2,0,0,0,0,0,0,0,0,0,0,0,0,0,0,0,0,0,2,2,2,1,2,0,2,2,0,0,0,0,0,0,0,0,0,0,0,2,2,2,2,3,1,3,2,1,0,0,0,0,0,0,2,2,2,2,2,0,0,5,0,0,0,0,3,3,0,0,0,0,0,0,0,0,0,0,0,5,3,5,5,0,0,0,0,0,3,0,0,0,0,0,0,0,5,2,2,2,2,2,5,0,0,0,0,0,0,0,0,0,0,0,0,0,0,0,5,2,3,0,2,2,4,0,0,0,0,0,0,0,0,0,0,0,0,0,0,0,0,0,0,0,0,0,0,0,0,0,0,0,0,0,0,0,0,2,2,2,2,2,2,3,2,2,0,0,0,0,0,0,0,0,0,0,0,0,0,0,0,0,0,0,0,0,0,0,0,0,1,3,2,2,0,0,0,0,0,0,0,0,0,0,0,0,0,0,0,0,0,0,0,0,0,0,0,0,0,0,0,0,0,2,4,2,3,2,5,2,2,1,0,1,4,2,0,0,0,0,0,2,1,0,0,0,0,0,0,0,0,0,0,0,0,0,0,0,0,0,0,0,0,0,0,0,0,0,0,0,0,0,0,0,0,0,0,0,0,0,0,0,0,0,0,0,0,0,0,0,5,0,2,2,5,0,2,2,3,2,2,1,2,2,2,0,0,0,3,3,2,2,0,0,0,0,0,0,0,0,0,0,0,0,2,2,0,0,0,0,0,0,0,0,0,0,0,0,0,0,0,0,0,0,0,0,0,0,0,0,0,0,0,0,0,0,0,2,2,3,2,4,5,0,0,0,0,0,0,0,0,0,0,0,0,0,0,0,0,0,0,0,0,0,0,0,0,0,0,0,0,0,0,0,0,0,0,1,0,0,0,0,0,0,0,0,0,0,0,0,0,0,0,0,0,0,0,0,0,0,0,0,0,0,2,2,0,0,0,0,0,0,2,0,1,3,1,2,0,0,0,0,0,0,0,0,0,0,0,0,0,0,0,0,0,0,0,0,0,0,0,0,0,0,0,0,5,3,0,0,0,0,2,5,5,0,0,5,3,0,0,0,0,0,0,0,0,0,0,0,0,0,0,0,4,5,0,0,0,0,2,2,2,0,0,0,0,2,2,3,2,2,0,0,0,1,1,2,2,2,3,0,0,2,1,3,2,5,0,0,0,0,0,0,0,0,0,0,0,0,2,2,3,0,0,0,0,0,0,0,0,0,0,0,0,0,0,0,0,0,0,0,0,0,0,0,0,0,0,0,0,0,0,0,0,0,0,0,0,0,0,0,2,5,0,0,0,0,4,0,0,0,0,0,0,0,0,0,0,0,0,0,0,0,0,0,0,0,0,0,0,0,0,0,0,0,0,0,0,0,0,0,0,0,0,0,0,0,0,0,0,0,0,0,0,0,0,0,0,0,0,0,0,0,0,0,0,0,0,0,0,0,0,0,0,0,0,0,0,0,0,0,0,0,0,0,0,0,0,0,0,0,0,0,0,0,0,0,0,0,0,0,2,2,0,0,4,1,2,2,4,0,0,0,0,0,1,2,2,2,0,0,0,0,0,0,0,0,0,0,0,0,0,0,0,0,0,0,0,0,0,0,0,0,0,0,0,0,0,0,0,0,0,0,0,0,0,0,0,0,0,0,0,2,2,0,0,0,0,0,0,0,0,0,0,0,0,0,0,0,0,3,1,2,1,1,0,0,0,0,5,0,0,0,0,0,0,0,2,2,0,0,0,0,0,0,0,0,2,3,2,2,0,0,0,3,2,2,2,2,0,2,2,1,2,2,0,2,2,0,0,0,0,0,0,0,0,0,0,0,0,0,0,0,0,0,0,2,2,1,0,0,0,0,0,0,0,0,0,0,0,0,0,0,0,0,2,1,2,2,3,2,0,0,0,0,0,0,0,5,2,0,0,0,0,0,0,0,0,0,0,0,0,0,0,0,0,2,3,0,0,0,0,0,0,0,0,0,0,0,0,0,0,0,0,0,0,0,0,0,0,0,0,0,0,0,0,0,0,0,0,0,0,0,0,0,0,0,0,0,0,0,3,2,5,2,0,0,0,0,0,0,0,0,0,0,0,0,0,0,0,0,0,0,0,0,0,0,0,0,0,0,0,0,0,0,0,0,0,0,0,0,0,0,0,0,0,0,0,0,0,0,0,0,0,0,0,0,0,0,0,0,0,0,0,0,0,0,0,0,0,0,0,0,0,0,0,0,0,0,0,0,0,0,0,0,0,0,0,0,0,0,0,0,0,0,0,0,0,0,0,0,0,0,0,0,0,0,0,0,0,0,0,0,0,0,0,0,0,0,0,0,0,0,0,0,0,0,0,0,0,0,0,0,0,0,0,0,0,0,0,0,0,0,0,5,3,2,2,2,2,2,2,4,2,1,4,1,2,2,2,1,4,1,1,5,2,2,2,2,5,2,3,3,2,5,2,2,3,5,0,0,0,0,0,0,0,0,0,0,0,0,0,0,0,0,0,0,0,0,0,0,0,2,5,2,5,3,2,0,0,0,0,0,0,0,0,5,0,0,0,2,3,2,2,2,2,0,0,0,0,0,2,2,2,2,2,0,0,0,1,2,3,1,2,2,2,0,0,0,0,0,2,3,2,2,3,2,2,4,2,0,0,0,0,0,0,0,0,3,2,1,5,4,2,0,0,0,0,3,0,0,0,0,0,0,0,0,0,0,0,0,0,0,0,0,0,2,0,0,2,0,0,0,0,0,0,0,0,0,0,0,0,0,0,0,0,0,0,0,0,0,0,0,0,0,0,0,0,0,0,0,0,0,0,0,0,0,0,0,0,0,0,0,0,0,0,0,0,0,0,0,0,0,0,0,0,0,0,0,0,0,0,0,0,0,0,0,0,0,0,0,0,0,0,0,0,0,2,2,0,2,0,0,0,0,0,2,2,2,0,2,3,2,3,3,1,1,3,1,2,2,0,0,0,0,0,0,0,2,2,2,2,3,1,5,2,2,5,0,4,2,0,0,0,0,2,3,5,2,0,0,0,0,0,0,0,0,0,0,0,0,0,0,0,0,0,0,0,0,0,0,0,0,0,0,0,0,0,0,0,0,0,0,0,0,0,0,0,0,0,0,0,0,0,0,0,0,0,0,0,0,0,0,0,0,0,0,0,0,0,0,0,0,0,0,0,0,0,0,0,0,0,0,0,0,0,0,0,0,0,0,0,0,0,0,0,0,0,0,0,0,0,0,0,0,2,1,1,3,2,3,2,2,5,1,5,5,2,1,4,3,0,0,0,0,0,0,0,0,0,0,0,0,0,0,0,0,0,0,0,0,0,0,0,0,0,0,0,0,0,0,0,0,0,0,0,0,0,0,0,0,0,0,0,0,0,0,0,0,0,0,0,0,0,0,0,0,0,0,0,0,0,0,0,0,0,0,0,0,0,0,0,0,0,0,0,0,0,0,0,0,0,0,0,0,0,0,0,0,0,0,0,0,0,0,0,0,0,0,0,0,0,0,0,0,0,0,0,0,0,0,0,0,0,0,0,0,0,0,0,0,0,0,0,0,0,0,0,0,0,0,0,0,0,0,0,0,0,0,0,0,0,0,0,0,0,0,0,0,0,0,0,0,0,0,0,0,0,0,0,0,0,0,0,0,0,0,0,0,0,0,0,0,0,0,0,0,0,0,0,0,0,0,0,0,0,0,0,0,0,0,0,0,0,0,0,0,0,0,0,0,0,0,0,0,0,0,0,0,0,0,0,0,0,0,0,0,0,0,0,0,0,0,0,0,0,0,0,0,0,0,0,0,0,0,0,0,0,0,0,0,0,0,0,0,0,0,0,0,0,0,0,0,0,0,0,0,0,0,0,0,0,0,0,0,0,0,0,0,0,0,0,0,0,0,0,0,0,0,0,0,0,0,0,0,3,2,3,5,5,3,3,3,3,3,2,2,2,3,5,5,3,0,0,0,0,0,0,0,0,0,0,0,0,0,0,0,0,0,0,0,0,0,0,0,0,0,0,0,0,0,0,0,0,0,0,0,0,0,0,0,0,0,0,0,0,0,0,0,0,0,0,0,0,0,0,0,0,0,0,0,0,0,0,0,0,0,0,0,0,0,0,0,0,0,0,0,0,0,0,0,0,0,0,0,0,0,0,0,0,0,0,0,0,0,0,0,0,0,0,0,0,0,0,0,0,0,0,0,0,0,0,0,0,0,0,0,0,0,0,0,0,0,0,0,0,0,0,0,0,0,3,3,3,5,3,1,3,3,1,3,3,2,0,0,0,0,0,0,0,0,0,0,0,0,0,0,0,0,0,0,0,0,0,0,0,0,0,0,0,0,0,0,0,0,0,0,0,0,0,0,0,0,0,0,0,0,0,0,0,0,0,0,0,0,0,0,0,0,1.6208168268203735,-4.198181629180908,-4.903114318847656,8.518155097961426,0.3741037249565124,-0.4392554759979248,-14.855648040771484,0.6847639679908752,12.294282913208008,8.063509941101074,-6.369165897369385,-0.2641915678977966,-14.429525375366213,0.4069903194904327,-5.561801910400391,1.0294948816299438,4.041893005371094,-3.710831642150879,-7.132650852203369,8.401397705078125,-0.8339536190032959,7.680313587188721,20.19772720336914,7.076419830322266,-11.34585189819336,-0.3554173409938812,1.9072719812393188,-11.218029975891112,2.506216049194336,0.2329312264919281,15.890060424804688,-8.344502449035645,-2.24151349067688,-7.530756950378418,3.963789463043213,1.614448070526123,2.716120481491089,2.158663511276245,8.640409469604492,4.112106323242188,-0.4915085136890411,-1.870503306388855,-8.822311401367188,0.5560461282730103,-12.888069152832031,4.72252893447876,-0.5873723030090332,8.753900527954102,-7.82705020904541,1.2714989185333252,8.004789352416992,-7.381653785705566,-7.0044941902160645,-9.20188808441162,-6.684710502624512,-6.692521095275879,-3.1315903663635254,0.7896990180015564,6.545169353485107,1.5935335159301758,-1.3164855241775513,-10.197566032409668,-2.706798791885376,6.6566033363342285,-13.60290241241455,-0.243829607963562,11.64651107788086,3.1881744861602783,-2.83532977104187,3.9210731983184814,-6.6137213706970215,2.277090311050415,6.874683856964111,-8.280817985534668,-2.4006049633026123,6.297910690307617,-4.841185092926025,4.919136047363281,-0.1238469555974006,5.748259544372559,5.378273963928223,-0.8196448087692261,-8.818406105041504,-10.67775821685791,3.504680156707764,-1.7445034980773926,-6.998708248138428,4.573950290679932,4.444563388824463,-1.940850019454956,3.380215644836426,3.1881039142608643,2.0526442527771,11.35020637512207,3.5031626224517822,-0.7310429215431213,1.963323950767517,2.8765549659729004,6.46467924118042,1.3666081428527832,-4.161857128143311,-11.743846893310549,-5.6684250831604,-11.189590454101562,2.393365859985352,-8.874662399291992,-3.817020893096924,3.640661239624024,1.7672646045684814,-7.564584255218506,-18.401073455810547,1.968321442604065,3.8875718116760254,-0.448467344045639,-0.5102277994155884,-5.676685333251953,9.13302516937256,8.817914962768555,-4.590999603271484,5.451203346252441,-13.37925148010254,0.911034345626831,-3.513292074203491,7.028878211975098,5.046869277954102,-7.883777141571045,-14.132081985473633,-1.6782526969909668,-0.3155278265476227,0.4103286266326904,-1.485706090927124,0.6523399353027344,10.018377304077148,15.445363998413086,-2.715726137161255,14.477519035339355,14.010132789611816,2.215616464614868,13.225631713867188,-3.7602906227111816,10.050512313842772,-2.444380044937134,-1.338639497756958,0.8808971643447876,12.702203750610352,9.211565017700195,2.1396408081054688,1.3329755067825315,1.3684321641921997,11.29576587677002,8.7578706741333,3.4280147552490234,10.740339279174805,-4.1736040115356445,-2.2400126457214355,2.324393510818481,-6.049142360687256,-8.058194160461426,5.545783996582031,-8.809141159057617,-2.448530912399292,-3.2966878414154053,-9.864161491394045,4.051968097686768,2.949873208999634,-8.606021881103516,1.3322890996932983,-5.305351734161377,1.158339262008667,6.737159729003906,-7.343188285827637,-3.000258445739746,14.113739013671877,-5.1031270027160645,-0.5735017657279968,-0.2587617933750152,6.76073169708252,-2.0934031009674072,-8.16721248626709,11.803459167480469,-5.980738639831543,8.61673641204834,-2.5722339153289795,7.988789558410644,11.114514350891112,-2.866312265396118,-1.5335880517959597,-1.3132853507995603,-8.71074104309082,-6.1739044189453125,-2.172300338745117,-0.589466392993927,-1.393998384475708,1.2095776796340942,4.6249775886535645,-0.1786454170942306,-5.178369522094727,-11.48832893371582,-1.2291877269744873,-1.3667725324630735,1.1622378826141355,0.8702272176742554,8.019635200500488,1.1888240575790403,5.36428689956665,-4.267856121063232,14.584600448608398,6.820256233215332,11.24087905883789,-1.9479739665985107,14.346343994140623,-1.1209557056427002,5.68743896484375,-5.217236042022705,2.8971848487854004,4.757575988769531,1.6793724298477173,5.0201849937438965,-7.143790245056152,6.708938121795654,2.3630645275115967,-8.79639720916748,0.4793559908866882,1.0325052738189695,1.9997985363006592,-3.549708366394043,-1.8605204820632932,3.5632002353668213,9.387928009033203,-13.090802192687988,3.4652745723724365,-3.301757335662842,-9.948841094970703,-14.670438766479492,-4.714533805847168,-2.4517605304718018,-1.4027912616729736,-3.771868944168091,-5.331148624420166,9.863417625427246,3.500981569290161,1.7299597263336182,3.186531782150269,-1.3953969478607178,-4.25438404083252,4.196417331695557,-14.10279655456543,-8.603516578674316,1.144579291343689,-8.741191864013672,-17.82971954345703,1.9754096269607544,-2.39344334602356,1.3912642002105713,-13.060202598571776,0.8489879369735718,4.899415969848633,-12.856131553649902,9.64819049835205,-6.683260917663574,-3.804114818572998,7.03746509552002,4.708771228790283,11.749885559082031,2.869002342224121,-6.661117076873779,-7.329738140106201,5.836851596832275,0.719208300113678,-9.606684684753418,-1.6944819688796997,6.117672443389893,0.4459993839263916,5.379495143890381,0.5963460206985474,-6.607634544372559,-3.027588129043579,-4.661341190338135,-1.1058883666992188,-2.275545597076416,-7.985183238983154,-6.932480812072754,-19.21415901184082,-7.744517803192139,0.3432573974132538,2.4062020778656006,0.6011059880256653,-2.878410577774048,-8.999823570251465,-1.0035301446914673,-0.223794013261795,13.90204620361328,14.413931846618652,2.7408535480499268,-11.051763534545898,-0.8754841089248657,-6.690001487731934,-3.1428890228271484,-11.84711456298828,-2.683968067169189,-1.0,0.9395192526186184
OXYR_HUMAN,CHEMBL2113195,COC(=O)c1cccc2c1=NC(=O)C=2NNC(=O)CN(c1ccc(Cl)cc1)S(=O)(=O)c1ccc(OCCCN(C)C)cc1,0,0,0,0,0,0,0,0,0,0,0,0,0,0,0,0,0,0,0,0,0,0,0,0,0,0,0,0,0,0,0,0,0,0,0,0,0,0,0,0,0,0,0,0,0,0,0,0,0,0,0,0,0,0,0,0,0,0,0,0,0,0,0,0,0,0,0,0,0,0,0,0,0,0,0,0,0,0,0,0,0,0,0,0,0,0,0,0,0,0,0,0,0,0,0,0,0,0,0,0,0,0,0,0,0,0,0,0,0,0,0,0,0,0,0,0,0,0,0,0,0,0,0,0,0,0,0,0,0,0,0,0,0,0,0,0,0,0,0,0,0,0,0,0,0,0,0,0,0,0,0,0,0,0,0,0,0,0,0,0,0,0,0,0,0,0,0,0,0,0,0,0,0,0,0,0,0,0,0,0,0,0,0,0,0,2,4,1,2,2,2,2,3,2,3,2,4,2,2,3,2,0,0,0,0,0,0,0,0,0,0,0,0,0,0,0,0,3,2,2,1,0,0,0,0,0,0,0,0,0,0,0,0,0,0,0,0,0,1,1,2,4,1,3,0,0,0,0,0,0,0,0,0,0,0,5,3,0,0,0,0,0,0,0,0,0,0,0,0,0,0,0,0,0,0,0,0,0,0,0,0,0,0,0,0,0,0,0,0,0,0,0,0,0,0,0,0,0,0,0,0,0,0,0,0,0,0,0,0,0,0,0,0,0,0,0,0,0,0,0,0,0,0,0,0,0,0,0,0,0,0,0,0,0,0,0,0,0,0,0,0,0,0,0,0,0,0,0,0,0,0,0,0,0,0,0,0,0,0,0,0,0,0,0,0,0,0,0,0,0,0,0,0,0,0,0,0,0,0,0,0,0,0,0,0,0,0,0,0,0,0,0,0,0,0,0,0,0,0,0,0,0,0,0,0,0,0,0,0,0,0,0,0,0,0,0,0,0,0,0,0,0,0,0,0,0,0,0,0,0,0,0,0,2,1,1,1,5,5,3,0,0,0,0,0,0,0,0,0,0,0,0,0,0,0,0,0,0,0,0,0,0,0,0,0,0,0,0,0,0,0,0,0,0,0,0,0,0,0,0,0,0,0,0,0,0,0,0,0,0,0,0,0,0,0,0,0,0,0,0,0,0,0,0,0,0,0,0,0,0,0,0,0,0,0,0,0,0,0,0,0,0,0,0,0,0,0,0,0,0,0,0,0,0,0,0,0,0,0,0,0,0,0,0,0,0,0,0,0,0,0,0,0,0,0,0,0,0,0,0,0,0,0,0,0,0,0,0,0,0,0,0,0,0,0,0,0,0,0,0,0,0,0,0,0,0,0,0,0,4,2,2,2,5,2,4,2,0,0,0,0,0,0,0,0,0,0,0,0,0,0,0,0,0,2,2,2,1,2,0,2,2,0,0,0,0,0,0,0,0,0,0,0,2,2,2,2,3,1,3,2,1,0,0,0,0,0,0,2,2,2,2,2,0,0,5,0,0,0,0,3,3,0,0,0,0,0,0,0,0,0,0,0,5,3,5,5,0,0,0,0,0,3,0,0,0,0,0,0,0,5,2,2,2,2,2,5,0,0,0,0,0,0,0,0,0,0,0,0,0,0,0,5,2,3,0,2,2,4,0,0,0,0,0,0,0,0,0,0,0,0,0,0,0,0,0,0,0,0,0,0,0,0,0,0,0,0,0,0,0,0,2,2,2,2,2,2,3,2,2,0,0,0,0,0,0,0,0,0,0,0,0,0,0,0,0,0,0,0,0,0,0,0,0,1,3,2,2,0,0,0,0,0,0,0,0,0,0,0,0,0,0,0,0,0,0,0,0,0,0,0,0,0,0,0,0,0,2,4,2,3,2,5,2,2,1,0,1,4,2,0,0,0,0,0,2,1,0,0,0,0,0,0,0,0,0,0,0,0,0,0,0,0,0,0,0,0,0,0,0,0,0,0,0,0,0,0,0,0,0,0,0,0,0,0,0,0,0,0,0,0,0,0,0,5,0,2,2,5,0,2,2,3,2,2,1,2,2,2,0,0,0,3,3,2,2,0,0,0,0,0,0,0,0,0,0,0,0,2,2,0,0,0,0,0,0,0,0,0,0,0,0,0,0,0,0,0,0,0,0,0,0,0,0,0,0,0,0,0,0,0,2,2,3,2,4,5,0,0,0,0,0,0,0,0,0,0,0,0,0,0,0,0,0,0,0,0,0,0,0,0,0,0,0,0,0,0,0,0,0,0,1,0,0,0,0,0,0,0,0,0,0,0,0,0,0,0,0,0,0,0,0,0,0,0,0,0,0,2,2,0,0,0,0,0,0,2,0,1,3,1,2,0,0,0,0,0,0,0,0,0,0,0,0,0,0,0,0,0,0,0,0,0,0,0,0,0,0,0,0,5,3,0,0,0,0,2,5,5,0,0,5,3,0,0,0,0,0,0,0,0,0,0,0,0,0,0,0,4,5,0,0,0,0,2,2,2,0,0,0,0,2,2,3,2,2,0,0,0,1,1,2,2,2,3,0,0,2,1,3,2,5,0,0,0,0,0,0,0,0,0,0,0,0,2,2,3,0,0,0,0,0,0,0,0,0,0,0,0,0,0,0,0,0,0,0,0,0,0,0,0,0,0,0,0,0,0,0,0,0,0,0,0,0,0,0,2,5,0,0,0,0,4,0,0,0,0,0,0,0,0,0,0,0,0,0,0,0,0,0,0,0,0,0,0,0,0,0,0,0,0,0,0,0,0,0,0,0,0,0,0,0,0,0,0,0,0,0,0,0,0,0,0,0,0,0,0,0,0,0,0,0,0,0,0,0,0,0,0,0,0,0,0,0,0,0,0,0,0,0,0,0,0,0,0,0,0,0,0,0,0,0,0,0,0,0,2,2,0,0,4,1,2,2,4,0,0,0,0,0,1,2,2,2,0,0,0,0,0,0,0,0,0,0,0,0,0,0,0,0,0,0,0,0,0,0,0,0,0,0,0,0,0,0,0,0,0,0,0,0,0,0,0,0,0,0,0,2,2,0,0,0,0,0,0,0,0,0,0,0,0,0,0,0,0,3,1,2,1,1,0,0,0,0,5,0,0,0,0,0,0,0,2,2,0,0,0,0,0,0,0,0,2,3,2,2,0,0,0,3,2,2,2,2,0,2,2,1,2,2,0,2,2,0,0,0,0,0,0,0,0,0,0,0,0,0,0,0,0,0,0,2,2,1,0,0,0,0,0,0,0,0,0,0,0,0,0,0,0,0,2,1,2,2,3,2,0,0,0,0,0,0,0,5,2,0,0,0,0,0,0,0,0,0,0,0,0,0,0,0,0,2,3,0,0,0,0,0,0,0,0,0,0,0,0,0,0,0,0,0,0,0,0,0,0,0,0,0,0,0,0,0,0,0,0,0,0,0,0,0,0,0,0,0,0,0,3,2,5,2,0,0,0,0,0,0,0,0,0,0,0,0,0,0,0,0,0,0,0,0,0,0,0,0,0,0,0,0,0,0,0,0,0,0,0,0,0,0,0,0,0,0,0,0,0,0,0,0,0,0,0,0,0,0,0,0,0,0,0,0,0,0,0,0,0,0,0,0,0,0,0,0,0,0,0,0,0,0,0,0,0,0,0,0,0,0,0,0,0,0,0,0,0,0,0,0,0,0,0,0,0,0,0,0,0,0,0,0,0,0,0,0,0,0,0,0,0,0,0,0,0,0,0,0,0,0,0,0,0,0,0,0,0,0,0,0,0,0,0,5,3,2,2,2,2,2,2,4,2,1,4,1,2,2,2,1,4,1,1,5,2,2,2,2,5,2,3,3,2,5,2,2,3,5,0,0,0,0,0,0,0,0,0,0,0,0,0,0,0,0,0,0,0,0,0,0,0,2,5,2,5,3,2,0,0,0,0,0,0,0,0,5,0,0,0,2,3,2,2,2,2,0,0,0,0,0,2,2,2,2,2,0,0,0,1,2,3,1,2,2,2,0,0,0,0,0,2,3,2,2,3,2,2,4,2,0,0,0,0,0,0,0,0,3,2,1,5,4,2,0,0,0,0,3,0,0,0,0,0,0,0,0,0,0,0,0,0,0,0,0,0,2,0,0,2,0,0,0,0,0,0,0,0,0,0,0,0,0,0,0,0,0,0,0,0,0,0,0,0,0,0,0,0,0,0,0,0,0,0,0,0,0,0,0,0,0,0,0,0,0,0,0,0,0,0,0,0,0,0,0,0,0,0,0,0,0,0,0,0,0,0,0,0,0,0,0,0,0,0,0,0,0,2,2,0,2,0,0,0,0,0,2,2,2,0,2,3,2,3,3,1,1,3,1,2,2,0,0,0,0,0,0,0,2,2,2,2,3,1,5,2,2,5,0,4,2,0,0,0,0,2,3,5,2,0,0,0,0,0,0,0,0,0,0,0,0,0,0,0,0,0,0,0,0,0,0,0,0,0,0,0,0,0,0,0,0,0,0,0,0,0,0,0,0,0,0,0,0,0,0,0,0,0,0,0,0,0,0,0,0,0,0,0,0,0,0,0,0,0,0,0,0,0,0,0,0,0,0,0,0,0,0,0,0,0,0,0,0,0,0,0,0,0,0,0,0,0,0,0,0,2,1,1,3,2,3,2,2,5,1,5,5,2,1,4,3,0,0,0,0,0,0,0,0,0,0,0,0,0,0,0,0,0,0,0,0,0,0,0,0,0,0,0,0,0,0,0,0,0,0,0,0,0,0,0,0,0,0,0,0,0,0,0,0,0,0,0,0,0,0,0,0,0,0,0,0,0,0,0,0,0,0,0,0,0,0,0,0,0,0,0,0,0,0,0,0,0,0,0,0,0,0,0,0,0,0,0,0,0,0,0,0,0,0,0,0,0,0,0,0,0,0,0,0,0,0,0,0,0,0,0,0,0,0,0,0,0,0,0,0,0,0,0,0,0,0,0,0,0,0,0,0,0,0,0,0,0,0,0,0,0,0,0,0,0,0,0,0,0,0,0,0,0,0,0,0,0,0,0,0,0,0,0,0,0,0,0,0,0,0,0,0,0,0,0,0,0,0,0,0,0,0,0,0,0,0,0,0,0,0,0,0,0,0,0,0,0,0,0,0,0,0,0,0,0,0,0,0,0,0,0,0,0,0,0,0,0,0,0,0,0,0,0,0,0,0,0,0,0,0,0,0,0,0,0,0,0,0,0,0,0,0,0,0,0,0,0,0,0,0,0,0,0,0,0,0,0,0,0,0,0,0,0,0,0,0,0,0,0,0,0,0,0,0,0,0,0,0,0,0,3,2,3,5,5,3,3,3,3,3,2,2,2,3,5,5,3,0,0,0,0,0,0,0,0,0,0,0,0,0,0,0,0,0,0,0,0,0,0,0,0,0,0,0,0,0,0,0,0,0,0,0,0,0,0,0,0,0,0,0,0,0,0,0,0,0,0,0,0,0,0,0,0,0,0,0,0,0,0,0,0,0,0,0,0,0,0,0,0,0,0,0,0,0,0,0,0,0,0,0,0,0,0,0,0,0,0,0,0,0,0,0,0,0,0,0,0,0,0,0,0,0,0,0,0,0,0,0,0,0,0,0,0,0,0,0,0,0,0,0,0,0,0,0,0,0,3,3,3,5,3,1,3,3,1,3,3,2,0,0,0,0,0,0,0,0,0,0,0,0,0,0,0,0,0,0,0,0,0,0,0,0,0,0,0,0,0,0,0,0,0,0,0,0,0,0,0,0,0,0,0,0,0,0,0,0,0,0,0,0,0,0,0,0,2.285367012023926,-5.039096355438232,-5.730142116546631,7.525498390197754,3.2785286903381348,-0.5013969540596008,-18.33890914916992,0.3942774832248688,13.960692405700684,7.337630271911621,-6.513880252838135,2.0350170135498047,-13.698471069335938,1.9509719610214236,-9.322568893432615,0.7383791208267212,7.483103275299072,-9.513185501098633,-7.0485005378723145,10.90206241607666,0.7576655745506287,9.478652954101562,27.556793212890625,10.013233184814451,-12.83743381500244,-2.0644381046295166,-0.8980212211608887,-14.082040786743164,4.735988140106201,0.7736362218856812,16.5740909576416,-12.263516426086426,-4.337357521057129,-11.610148429870604,3.6996216773986816,0.2781881690025329,0.6938275694847107,2.575111389160156,12.732447624206545,7.639802932739258,-1.3504151105880735,-1.1277906894683838,-9.789960861206056,-1.3085441589355469,-16.560047149658203,4.830351829528809,0.181382954120636,13.13711643218994,-11.500921249389648,4.231260776519775,8.887962341308594,-12.560513496398926,-4.411852836608887,-14.143566131591797,-11.52609634399414,-11.198122024536133,-2.8426084518432617,1.384618043899536,6.692559242248535,4.836906909942627,-2.70115065574646,-10.76027488708496,-3.2603554725646973,7.322737693786621,-22.59058380126953,-0.3677211403846741,12.711949348449709,4.15487003326416,-6.21051549911499,1.7177234888076782,-10.0889310836792,2.8428380489349365,11.304689407348633,-13.11292552947998,-4.43461799621582,9.140026092529297,-11.95245361328125,5.70788049697876,-1.0116136074066162,5.608834743499756,10.441764831542969,-3.527263641357422,-9.243844985961914,-16.129281997680664,2.429895162582397,-0.5599657297134399,-10.490431785583496,7.718153476715088,4.230507850646973,0.3119231462478637,8.367307662963867,5.11237382888794,5.485154151916504,15.23967456817627,1.464504957199097,-1.5859777927398682,5.830027580261231,2.6724743843078613,9.533430099487305,3.453398466110229,-7.068852424621582,-12.473188400268556,-10.28794765472412,-15.022860527038574,3.674532890319824,-10.577899932861328,-6.705999374389648,4.797643184661865,3.531920909881592,-11.951807022094728,-20.44048118591309,3.919986963272095,7.13349723815918,-0.9503881335258484,3.2213289737701416,-6.99298095703125,10.754424095153809,12.312700271606444,-4.203373432159424,10.184850692749023,-18.318605422973636,2.0732452869415283,-5.547847747802734,8.223727226257324,8.861454963684082,-14.38754940032959,-17.415517807006836,-1.8915436267852783,-3.60811448097229,2.2143430709838867,-2.0310170650482178,2.9237020015716557,12.787171363830566,20.4896183013916,-1.1233761310577393,19.371397018432617,16.78885269165039,1.0103665590286257,16.917556762695312,-4.768590927124023,16.292827606201172,-1.6349451541900637,-0.3016476929187774,-0.0054798796772956,16.65450096130371,11.885527610778809,5.332136154174805,4.023502826690674,3.30786681175232,13.204524040222168,8.01324462890625,5.314303398132324,10.917986869812012,-4.829787254333496,-4.301123142242432,5.540782928466797,-10.889400482177734,-8.365350723266602,5.572299957275391,-11.116305351257324,-5.198132038116455,-0.8301200866699219,-8.925997734069824,4.592365264892578,2.9828524589538574,-10.652926445007324,0.5270844101905823,-7.375904560089111,1.4336750507354736,11.60601043701172,-12.219257354736328,-4.100245475769043,19.17677497863769,-7.530270099639893,-0.1559367030858993,3.467758655548096,7.320993900299072,-2.8706517219543457,-7.495570659637451,18.43777847290039,-6.265704154968262,11.472662925720217,-1.3012428283691406,13.021133422851562,12.254077911376951,-6.777339935302734,-2.432892084121704,-1.2635316848754885,-12.232095718383787,-5.611814975738525,-0.7003309726715088,-1.0109885931015017,-1.6847504377365112,-0.4700497090816498,2.730604648590088,1.3787713050842283,-6.79937744140625,-14.066349029541016,-1.7146233320236206,0.1130782887339592,4.364904403686523,1.5700395107269287,11.658477783203123,1.371648907661438,4.560919761657715,-5.041524410247803,21.31920623779297,8.542515754699707,17.70964241027832,-4.05159330368042,21.29713249206543,-4.984453201293945,10.871224403381348,-5.225190162658691,6.489363670349121,5.807704925537109,5.746469974517822,6.310079574584961,-10.546710014343262,7.889656066894531,2.7839431762695312,-13.122520446777344,-1.5245931148529053,1.1714831590652466,4.47609281539917,-4.3242363929748535,-1.477681040763855,3.629931688308716,12.776433944702148,-14.778721809387209,5.517739295959473,-2.5378081798553467,-12.311564445495604,-17.467121124267578,-5.984697818756104,-6.336948871612549,-4.814594268798828,-2.399630308151245,-5.8307929039001465,13.8544921875,4.948421955108643,-2.5581536293029785,6.135483264923096,1.5488841533660889,-4.750137805938721,6.523637771606445,-18.960298538208008,-10.781172752380373,0.7075895071029663,-8.251517295837402,-23.274532318115234,4.749777317047119,-3.15972900390625,-1.7099629640579224,-17.010761260986328,0.09473317861557,5.911403179168701,-16.745264053344727,11.954231262207031,-11.934378623962402,-4.5091423988342285,10.866705894470217,6.627629280090332,16.629955291748047,2.880513906478882,-8.351037979125977,-12.710454940795898,7.623286724090576,4.100307464599609,-9.58096694946289,-2.063606977462769,7.687902450561523,-0.5641468167304993,7.087553977966309,0.0643379017710685,-9.985755920410156,-2.42766547203064,-7.547521114349365,-0.1535762399435043,-1.072031855583191,-12.0286283493042,-7.930919170379639,-24.79183578491211,-9.170448303222656,2.7743821144104004,3.383243560791016,1.66800856590271,-2.937110424041748,-10.10123062133789,-1.8783364295959477,1.241712212562561,17.41618537902832,18.226625442504883,3.8850135803222656,-15.000070571899414,-4.349063396453857,-8.850991249084473,-7.902234077453613,-17.14674949645996,-6.051903247833252,-1.0,2.037426497940624
OXYR_HUMAN,CHEMBL3763951,COc1cc(CN2CCN(C(=O)NCc3ccc(C(=O)N4CC5=CNN(C)C5=Nc5ccccc54)cc3C)CC2)cc(OC)c1,0,0,0,0,0,0,0,0,0,0,0,0,0,0,0,0,0,0,0,0,0,0,0,0,0,0,0,0,0,0,0,0,0,0,0,0,0,0,0,0,0,0,0,0,0,0,0,0,0,0,0,0,0,0,0,0,0,0,0,0,0,0,0,0,0,0,0,0,0,0,0,0,0,0,0,0,0,0,0,0,0,0,0,0,0,0,0,0,0,0,0,0,0,0,0,0,0,0,0,0,0,0,0,0,0,0,0,0,0,0,0,0,0,0,0,0,0,0,0,0,0,0,0,0,0,0,0,0,0,0,0,0,0,0,0,0,0,0,0,0,0,0,0,0,0,0,0,0,0,0,0,0,0,0,0,0,0,0,0,0,0,0,0,0,0,0,0,0,0,0,0,0,0,0,0,0,0,0,0,0,0,0,0,0,0,2,4,1,2,2,2,2,3,2,3,2,4,2,2,3,2,0,0,0,0,0,0,0,0,0,0,0,0,0,0,0,0,3,2,2,1,0,0,0,0,0,0,0,0,0,0,0,0,0,0,0,0,0,1,1,2,4,1,3,0,0,0,0,0,0,0,0,0,0,0,5,3,0,0,0,0,0,0,0,0,0,0,0,0,0,0,0,0,0,0,0,0,0,0,0,0,0,0,0,0,0,0,0,0,0,0,0,0,0,0,0,0,0,0,0,0,0,0,0,0,0,0,0,0,0,0,0,0,0,0,0,0,0,0,0,0,0,0,0,0,0,0,0,0,0,0,0,0,0,0,0,0,0,0,0,0,0,0,0,0,0,0,0,0,0,0,0,0,0,0,0,0,0,0,0,0,0,0,0,0,0,0,0,0,0,0,0,0,0,0,0,0,0,0,0,0,0,0,0,0,0,0,0,0,0,0,0,0,0,0,0,0,0,0,0,0,0,0,0,0,0,0,0,0,0,0,0,0,0,0,0,0,0,0,0,0,0,0,0,0,0,0,0,0,0,0,0,0,2,1,1,1,5,5,3,0,0,0,0,0,0,0,0,0,0,0,0,0,0,0,0,0,0,0,0,0,0,0,0,0,0,0,0,0,0,0,0,0,0,0,0,0,0,0,0,0,0,0,0,0,0,0,0,0,0,0,0,0,0,0,0,0,0,0,0,0,0,0,0,0,0,0,0,0,0,0,0,0,0,0,0,0,0,0,0,0,0,0,0,0,0,0,0,0,0,0,0,0,0,0,0,0,0,0,0,0,0,0,0,0,0,0,0,0,0,0,0,0,0,0,0,0,0,0,0,0,0,0,0,0,0,0,0,0,0,0,0,0,0,0,0,0,0,0,0,0,0,0,0,0,0,0,0,0,4,2,2,2,5,2,4,2,0,0,0,0,0,0,0,0,0,0,0,0,0,0,0,0,0,2,2,2,1,2,0,2,2,0,0,0,0,0,0,0,0,0,0,0,2,2,2,2,3,1,3,2,1,0,0,0,0,0,0,2,2,2,2,2,0,0,5,0,0,0,0,3,3,0,0,0,0,0,0,0,0,0,0,0,5,3,5,5,0,0,0,0,0,3,0,0,0,0,0,0,0,5,2,2,2,2,2,5,0,0,0,0,0,0,0,0,0,0,0,0,0,0,0,5,2,3,0,2,2,4,0,0,0,0,0,0,0,0,0,0,0,0,0,0,0,0,0,0,0,0,0,0,0,0,0,0,0,0,0,0,0,0,2,2,2,2,2,2,3,2,2,0,0,0,0,0,0,0,0,0,0,0,0,0,0,0,0,0,0,0,0,0,0,0,0,1,3,2,2,0,0,0,0,0,0,0,0,0,0,0,0,0,0,0,0,0,0,0,0,0,0,0,0,0,0,0,0,0,2,4,2,3,2,5,2,2,1,0,1,4,2,0,0,0,0,0,2,1,0,0,0,0,0,0,0,0,0,0,0,0,0,0,0,0,0,0,0,0,0,0,0,0,0,0,0,0,0,0,0,0,0,0,0,0,0,0,0,0,0,0,0,0,0,0,0,5,0,2,2,5,0,2,2,3,2,2,1,2,2,2,0,0,0,3,3,2,2,0,0,0,0,0,0,0,0,0,0,0,0,2,2,0,0,0,0,0,0,0,0,0,0,0,0,0,0,0,0,0,0,0,0,0,0,0,0,0,0,0,0,0,0,0,2,2,3,2,4,5,0,0,0,0,0,0,0,0,0,0,0,0,0,0,0,0,0,0,0,0,0,0,0,0,0,0,0,0,0,0,0,0,0,0,1,0,0,0,0,0,0,0,0,0,0,0,0,0,0,0,0,0,0,0,0,0,0,0,0,0,0,2,2,0,0,0,0,0,0,2,0,1,3,1,2,0,0,0,0,0,0,0,0,0,0,0,0,0,0,0,0,0,0,0,0,0,0,0,0,0,0,0,0,5,3,0,0,0,0,2,5,5,0,0,5,3,0,0,0,0,0,0,0,0,0,0,0,0,0,0,0,4,5,0,0,0,0,2,2,2,0,0,0,0,2,2,3,2,2,0,0,0,1,1,2,2,2,3,0,0,2,1,3,2,5,0,0,0,0,0,0,0,0,0,0,0,0,2,2,3,0,0,0,0,0,0,0,0,0,0,0,0,0,0,0,0,0,0,0,0,0,0,0,0,0,0,0,0,0,0,0,0,0,0,0,0,0,0,0,2,5,0,0,0,0,4,0,0,0,0,0,0,0,0,0,0,0,0,0,0,0,0,0,0,0,0,0,0,0,0,0,0,0,0,0,0,0,0,0,0,0,0,0,0,0,0,0,0,0,0,0,0,0,0,0,0,0,0,0,0,0,0,0,0,0,0,0,0,0,0,0,0,0,0,0,0,0,0,0,0,0,0,0,0,0,0,0,0,0,0,0,0,0,0,0,0,0,0,0,2,2,0,0,4,1,2,2,4,0,0,0,0,0,1,2,2,2,0,0,0,0,0,0,0,0,0,0,0,0,0,0,0,0,0,0,0,0,0,0,0,0,0,0,0,0,0,0,0,0,0,0,0,0,0,0,0,0,0,0,0,2,2,0,0,0,0,0,0,0,0,0,0,0,0,0,0,0,0,3,1,2,1,1,0,0,0,0,5,0,0,0,0,0,0,0,2,2,0,0,0,0,0,0,0,0,2,3,2,2,0,0,0,3,2,2,2,2,0,2,2,1,2,2,0,2,2,0,0,0,0,0,0,0,0,0,0,0,0,0,0,0,0,0,0,2,2,1,0,0,0,0,0,0,0,0,0,0,0,0,0,0,0,0,2,1,2,2,3,2,0,0,0,0,0,0,0,5,2,0,0,0,0,0,0,0,0,0,0,0,0,0,0,0,0,2,3,0,0,0,0,0,0,0,0,0,0,0,0,0,0,0,0,0,0,0,0,0,0,0,0,0,0,0,0,0,0,0,0,0,0,0,0,0,0,0,0,0,0,0,3,2,5,2,0,0,0,0,0,0,0,0,0,0,0,0,0,0,0,0,0,0,0,0,0,0,0,0,0,0,0,0,0,0,0,0,0,0,0,0,0,0,0,0,0,0,0,0,0,0,0,0,0,0,0,0,0,0,0,0,0,0,0,0,0,0,0,0,0,0,0,0,0,0,0,0,0,0,0,0,0,0,0,0,0,0,0,0,0,0,0,0,0,0,0,0,0,0,0,0,0,0,0,0,0,0,0,0,0,0,0,0,0,0,0,0,0,0,0,0,0,0,0,0,0,0,0,0,0,0,0,0,0,0,0,0,0,0,0,0,0,0,0,5,3,2,2,2,2,2,2,4,2,1,4,1,2,2,2,1,4,1,1,5,2,2,2,2,5,2,3,3,2,5,2,2,3,5,0,0,0,0,0,0,0,0,0,0,0,0,0,0,0,0,0,0,0,0,0,0,0,2,5,2,5,3,2,0,0,0,0,0,0,0,0,5,0,0,0,2,3,2,2,2,2,0,0,0,0,0,2,2,2,2,2,0,0,0,1,2,3,1,2,2,2,0,0,0,0,0,2,3,2,2,3,2,2,4,2,0,0,0,0,0,0,0,0,3,2,1,5,4,2,0,0,0,0,3,0,0,0,0,0,0,0,0,0,0,0,0,0,0,0,0,0,2,0,0,2,0,0,0,0,0,0,0,0,0,0,0,0,0,0,0,0,0,0,0,0,0,0,0,0,0,0,0,0,0,0,0,0,0,0,0,0,0,0,0,0,0,0,0,0,0,0,0,0,0,0,0,0,0,0,0,0,0,0,0,0,0,0,0,0,0,0,0,0,0,0,0,0,0,0,0,0,0,2,2,0,2,0,0,0,0,0,2,2,2,0,2,3,2,3,3,1,1,3,1,2,2,0,0,0,0,0,0,0,2,2,2,2,3,1,5,2,2,5,0,4,2,0,0,0,0,2,3,5,2,0,0,0,0,0,0,0,0,0,0,0,0,0,0,0,0,0,0,0,0,0,0,0,0,0,0,0,0,0,0,0,0,0,0,0,0,0,0,0,0,0,0,0,0,0,0,0,0,0,0,0,0,0,0,0,0,0,0,0,0,0,0,0,0,0,0,0,0,0,0,0,0,0,0,0,0,0,0,0,0,0,0,0,0,0,0,0,0,0,0,0,0,0,0,0,0,2,1,1,3,2,3,2,2,5,1,5,5,2,1,4,3,0,0,0,0,0,0,0,0,0,0,0,0,0,0,0,0,0,0,0,0,0,0,0,0,0,0,0,0,0,0,0,0,0,0,0,0,0,0,0,0,0,0,0,0,0,0,0,0,0,0,0,0,0,0,0,0,0,0,0,0,0,0,0,0,0,0,0,0,0,0,0,0,0,0,0,0,0,0,0,0,0,0,0,0,0,0,0,0,0,0,0,0,0,0,0,0,0,0,0,0,0,0,0,0,0,0,0,0,0,0,0,0,0,0,0,0,0,0,0,0,0,0,0,0,0,0,0,0,0,0,0,0,0,0,0,0,0,0,0,0,0,0,0,0,0,0,0,0,0,0,0,0,0,0,0,0,0,0,0,0,0,0,0,0,0,0,0,0,0,0,0,0,0,0,0,0,0,0,0,0,0,0,0,0,0,0,0,0,0,0,0,0,0,0,0,0,0,0,0,0,0,0,0,0,0,0,0,0,0,0,0,0,0,0,0,0,0,0,0,0,0,0,0,0,0,0,0,0,0,0,0,0,0,0,0,0,0,0,0,0,0,0,0,0,0,0,0,0,0,0,0,0,0,0,0,0,0,0,0,0,0,0,0,0,0,0,0,0,0,0,0,0,0,0,0,0,0,0,0,0,0,0,0,0,3,2,3,5,5,3,3,3,3,3,2,2,2,3,5,5,3,0,0,0,0,0,0,0,0,0,0,0,0,0,0,0,0,0,0,0,0,0,0,0,0,0,0,0,0,0,0,0,0,0,0,0,0,0,0,0,0,0,0,0,0,0,0,0,0,0,0,0,0,0,0,0,0,0,0,0,0,0,0,0,0,0,0,0,0,0,0,0,0,0,0,0,0,0,0,0,0,0,0,0,0,0,0,0,0,0,0,0,0,0,0,0,0,0,0,0,0,0,0,0,0,0,0,0,0,0,0,0,0,0,0,0,0,0,0,0,0,0,0,0,0,0,0,0,0,0,3,3,3,5,3,1,3,3,1,3,3,2,0,0,0,0,0,0,0,0,0,0,0,0,0,0,0,0,0,0,0,0,0,0,0,0,0,0,0,0,0,0,0,0,0,0,0,0,0,0,0,0,0,0,0,0,0,0,0,0,0,0,0,0,0,0,0,0,3.2406275272369385,-8.605375289916992,-6.575465679168701,11.645191192626951,0.6130572557449341,-2.058492422103882,-19.65660285949707,-0.0477012135088443,11.240211486816406,5.45264196395874,-0.9534907937049866,3.438695192337036,-11.95575714111328,1.456318736076355,-11.796833992004396,-3.86594295501709,6.640224933624268,-6.785876750946045,-11.288324356079102,15.71741771697998,7.652361392974853,9.34259033203125,21.766990661621094,11.29180908203125,-16.574909210205078,-1.970812439918518,-2.72125506401062,-17.81051254272461,4.324944019317627,-1.8379833698272705,19.338573455810547,-12.74977970123291,-5.352103233337402,-7.484807014465332,6.54991340637207,0.9308468103408812,1.777772307395935,-2.124638557434082,15.893536567687988,7.290854930877685,-5.57494068145752,3.776657342910767,-8.248974800109863,-2.187565803527832,-12.926250457763672,8.710119247436523,-0.5223755836486816,9.91888427734375,-12.55027961730957,9.607799530029297,8.807401657104492,-7.206929206848144,-0.5646519064903259,-8.873847961425781,-11.951783180236816,-8.859537124633789,-6.847406387329102,2.483182430267334,5.224628448486328,10.067710876464844,0.2378784418106079,-13.657876968383787,-5.082885265350342,3.429248809814453,-24.477622985839844,-0.2987279891967773,13.538246154785156,-0.197332963347435,-2.1821529865264893,1.4732927083969116,-9.8389892578125,2.399721145629883,13.942476272583008,-13.729436874389648,0.149223655462265,8.317675590515137,-11.974360466003418,4.972921848297119,-2.7064402103424072,3.7852840423583984,9.227283477783203,-4.99688720703125,-7.345740795135498,-15.737191200256348,6.43743896484375,-3.901167154312134,-14.10507106781006,12.597293853759766,5.926303386688232,0.7083463072776794,7.84601879119873,5.217873573303223,5.294320583343506,7.907720565795898,7.465954303741455,1.5945584774017334,8.449061393737793,12.09763526916504,6.557354927062988,6.876226902008057,-12.845356941223145,-10.93522834777832,-10.405208587646484,-17.646385192871094,7.586855888366699,-13.2169828414917,-4.063741683959961,6.741842746734619,2.0131280422210693,-12.636615753173828,-16.039405822753906,5.425946235656738,6.268773078918457,-0.0077052246779203,4.933378219604492,-5.8688812255859375,12.459575653076172,16.07723617553711,-4.61488676071167,8.501465797424316,-18.52555084228516,1.0588639974594116,-2.3425800800323486,10.74673557281494,6.190108299255371,-15.272031784057615,-13.82703685760498,-3.9824025630950928,-9.333489418029783,0.6146665215492249,-2.223297357559204,5.720264911651611,15.138339042663574,19.83083724975586,-2.29253888130188,23.61509895324707,13.970521926879885,-6.221537590026856,17.023515701293945,-9.830913543701172,10.396766662597656,-0.4768559634685516,-4.5951032638549805,-0.8366535305976868,14.88108253479004,10.016430854797363,0.4819161295890808,4.304378032684326,-0.233128160238266,12.94616985321045,9.525728225708008,1.150437831878662,11.56051254272461,-3.2320361137390137,-3.053739070892334,5.446674823760986,-10.59738826751709,-11.48922061920166,0.9818856716156006,-6.311820983886719,-8.72082805633545,-6.879284858703613,-9.287795066833496,2.6085939407348637,4.393098831176758,-16.252277374267578,0.5974196195602417,-1.2018101215362549,-1.4613302946090698,10.657740592956545,-12.673867225646973,-9.10910701751709,17.98346710205078,1.6882303953170776,0.906330108642578,3.431206703186035,9.96261978149414,-5.031174659729004,-4.824588298797607,16.556428909301758,-4.959301471710205,15.28870677947998,-4.224016189575195,16.248615264892578,12.387612342834473,-4.621124267578125,-5.446465969085693,-6.255744457244873,-6.688779354095459,-3.458733081817627,-1.7813215255737305,1.235645055770874,0.7011566162109375,0.1075314879417419,-0.0356078147888183,-2.1856353282928467,-7.946547985076904,-18.056665420532227,-4.709494113922119,-0.7131418585777283,8.107625007629395,2.470261573791504,6.799433708190918,6.152142524719238,9.0158052444458,-2.7576684951782227,20.26920509338379,7.1996612548828125,16.005712509155273,-2.6160058975219727,19.59371566772461,-3.190215349197388,13.755088806152344,-10.628931999206545,6.069356918334961,0.7967430353164673,0.3189394474029541,8.3131103515625,-6.761515140533447,10.402735710144045,5.051793575286865,-12.59465217590332,-3.3717119693756104,0.8777859807014465,5.102193355560303,-8.140738487243652,-3.2377612590789795,-0.6516073346138,9.948143005371094,-10.123013496398926,4.509913444519043,-0.6629855632781982,-6.136096000671387,-19.22567367553711,-1.7771897315979004,-9.762653350830078,-6.068116188049316,-2.253274917602539,-6.303356647491455,14.583186149597168,9.404440879821776,-1.0045944452285769,11.7825288772583,-1.1179100275039673,-10.696709632873535,6.194870948791504,-21.886436462402344,-13.453476905822754,-1.82265043258667,-11.849613189697266,-26.10423469543457,8.040888786315918,-0.2332556992769241,-2.9583914279937744,-20.547325134277344,1.7679754495620728,5.765230655670166,-15.182080268859863,14.426450729370115,-12.379183769226074,-1.364279866218567,11.018597602844238,8.327713966369629,17.658933639526367,4.794308662414551,-9.240177154541016,-12.796606063842772,13.06637191772461,1.4024676084518433,-6.896124839782715,-4.568655490875244,7.229429244995117,-5.337159156799316,0.1870006918907165,-1.5952136516571045,-7.456586360931396,-2.384955883026123,-2.891420364379883,-1.0531539916992188,-2.331227779388428,-12.289652824401855,-9.356056213378906,-20.37351417541504,-11.346193313598633,-0.8688794374465942,7.897416591644287,-0.1402222365140915,-2.630605459213257,-8.174562454223633,3.133892297744751,2.4535462856292725,19.371660232543945,12.864402770996094,-2.1594221591949463,-15.18408203125,-6.4748077392578125,-8.178560256958008,-7.274058818817139,-19.95105743408203,-5.859033584594727,-1.0,3.615844882874701
OXYR_HUMAN,CHEMBL3354582,CCCCN(CC(=O)NC(CC(C)C)C(=O)NCC(N)=O)C(=O)C1CCSCCC(=O)NC(Cc2ccc(O)cc2)C(=O)NC(C(C)CC)C(=O)NC(CCC(N)=O)C(=O)NC(CC(N)=O)C(=O)N1,0,0,0,0,0,0,0,0,0,0,0,0,0,0,0,0,0,0,0,0,0,0,0,0,0,0,0,0,0,0,0,0,0,0,0,0,0,0,0,0,0,0,0,0,0,0,0,0,0,0,0,0,0,0,0,0,0,0,0,0,0,0,0,0,0,0,0,0,0,0,0,0,0,0,0,0,0,0,0,0,0,0,0,0,0,0,0,0,0,0,0,0,0,0,0,0,0,0,0,0,0,0,0,0,0,0,0,0,0,0,0,0,0,0,0,0,0,0,0,0,0,0,0,0,0,0,0,0,0,0,0,0,0,0,0,0,0,0,0,0,0,0,0,0,0,0,0,0,0,0,0,0,0,0,0,0,0,0,0,0,0,0,0,0,0,0,0,0,0,0,0,0,0,0,0,0,0,0,0,0,0,0,0,0,0,2,4,1,2,2,2,2,3,2,3,2,4,2,2,3,2,0,0,0,0,0,0,0,0,0,0,0,0,0,0,0,0,3,2,2,1,0,0,0,0,0,0,0,0,0,0,0,0,0,0,0,0,0,1,1,2,4,1,3,0,0,0,0,0,0,0,0,0,0,0,5,3,0,0,0,0,0,0,0,0,0,0,0,0,0,0,0,0,0,0,0,0,0,0,0,0,0,0,0,0,0,0,0,0,0,0,0,0,0,0,0,0,0,0,0,0,0,0,0,0,0,0,0,0,0,0,0,0,0,0,0,0,0,0,0,0,0,0,0,0,0,0,0,0,0,0,0,0,0,0,0,0,0,0,0,0,0,0,0,0,0,0,0,0,0,0,0,0,0,0,0,0,0,0,0,0,0,0,0,0,0,0,0,0,0,0,0,0,0,0,0,0,0,0,0,0,0,0,0,0,0,0,0,0,0,0,0,0,0,0,0,0,0,0,0,0,0,0,0,0,0,0,0,0,0,0,0,0,0,0,0,0,0,0,0,0,0,0,0,0,0,0,0,0,0,0,0,0,2,1,1,1,5,5,3,0,0,0,0,0,0,0,0,0,0,0,0,0,0,0,0,0,0,0,0,0,0,0,0,0,0,0,0,0,0,0,0,0,0,0,0,0,0,0,0,0,0,0,0,0,0,0,0,0,0,0,0,0,0,0,0,0,0,0,0,0,0,0,0,0,0,0,0,0,0,0,0,0,0,0,0,0,0,0,0,0,0,0,0,0,0,0,0,0,0,0,0,0,0,0,0,0,0,0,0,0,0,0,0,0,0,0,0,0,0,0,0,0,0,0,0,0,0,0,0,0,0,0,0,0,0,0,0,0,0,0,0,0,0,0,0,0,0,0,0,0,0,0,0,0,0,0,0,0,4,2,2,2,5,2,4,2,0,0,0,0,0,0,0,0,0,0,0,0,0,0,0,0,0,2,2,2,1,2,0,2,2,0,0,0,0,0,0,0,0,0,0,0,2,2,2,2,3,1,3,2,1,0,0,0,0,0,0,2,2,2,2,2,0,0,5,0,0,0,0,3,3,0,0,0,0,0,0,0,0,0,0,0,5,3,5,5,0,0,0,0,0,3,0,0,0,0,0,0,0,5,2,2,2,2,2,5,0,0,0,0,0,0,0,0,0,0,0,0,0,0,0,5,2,3,0,2,2,4,0,0,0,0,0,0,0,0,0,0,0,0,0,0,0,0,0,0,0,0,0,0,0,0,0,0,0,0,0,0,0,0,2,2,2,2,2,2,3,2,2,0,0,0,0,0,0,0,0,0,0,0,0,0,0,0,0,0,0,0,0,0,0,0,0,1,3,2,2,0,0,0,0,0,0,0,0,0,0,0,0,0,0,0,0,0,0,0,0,0,0,0,0,0,0,0,0,0,2,4,2,3,2,5,2,2,1,0,1,4,2,0,0,0,0,0,2,1,0,0,0,0,0,0,0,0,0,0,0,0,0,0,0,0,0,0,0,0,0,0,0,0,0,0,0,0,0,0,0,0,0,0,0,0,0,0,0,0,0,0,0,0,0,0,0,5,0,2,2,5,0,2,2,3,2,2,1,2,2,2,0,0,0,3,3,2,2,0,0,0,0,0,0,0,0,0,0,0,0,2,2,0,0,0,0,0,0,0,0,0,0,0,0,0,0,0,0,0,0,0,0,0,0,0,0,0,0,0,0,0,0,0,2,2,3,2,4,5,0,0,0,0,0,0,0,0,0,0,0,0,0,0,0,0,0,0,0,0,0,0,0,0,0,0,0,0,0,0,0,0,0,0,1,0,0,0,0,0,0,0,0,0,0,0,0,0,0,0,0,0,0,0,0,0,0,0,0,0,0,2,2,0,0,0,0,0,0,2,0,1,3,1,2,0,0,0,0,0,0,0,0,0,0,0,0,0,0,0,0,0,0,0,0,0,0,0,0,0,0,0,0,5,3,0,0,0,0,2,5,5,0,0,5,3,0,0,0,0,0,0,0,0,0,0,0,0,0,0,0,4,5,0,0,0,0,2,2,2,0,0,0,0,2,2,3,2,2,0,0,0,1,1,2,2,2,3,0,0,2,1,3,2,5,0,0,0,0,0,0,0,0,0,0,0,0,2,2,3,0,0,0,0,0,0,0,0,0,0,0,0,0,0,0,0,0,0,0,0,0,0,0,0,0,0,0,0,0,0,0,0,0,0,0,0,0,0,0,2,5,0,0,0,0,4,0,0,0,0,0,0,0,0,0,0,0,0,0,0,0,0,0,0,0,0,0,0,0,0,0,0,0,0,0,0,0,0,0,0,0,0,0,0,0,0,0,0,0,0,0,0,0,0,0,0,0,0,0,0,0,0,0,0,0,0,0,0,0,0,0,0,0,0,0,0,0,0,0,0,0,0,0,0,0,0,0,0,0,0,0,0,0,0,0,0,0,0,0,2,2,0,0,4,1,2,2,4,0,0,0,0,0,1,2,2,2,0,0,0,0,0,0,0,0,0,0,0,0,0,0,0,0,0,0,0,0,0,0,0,0,0,0,0,0,0,0,0,0,0,0,0,0,0,0,0,0,0,0,0,2,2,0,0,0,0,0,0,0,0,0,0,0,0,0,0,0,0,3,1,2,1,1,0,0,0,0,5,0,0,0,0,0,0,0,2,2,0,0,0,0,0,0,0,0,2,3,2,2,0,0,0,3,2,2,2,2,0,2,2,1,2,2,0,2,2,0,0,0,0,0,0,0,0,0,0,0,0,0,0,0,0,0,0,2,2,1,0,0,0,0,0,0,0,0,0,0,0,0,0,0,0,0,2,1,2,2,3,2,0,0,0,0,0,0,0,5,2,0,0,0,0,0,0,0,0,0,0,0,0,0,0,0,0,2,3,0,0,0,0,0,0,0,0,0,0,0,0,0,0,0,0,0,0,0,0,0,0,0,0,0,0,0,0,0,0,0,0,0,0,0,0,0,0,0,0,0,0,0,3,2,5,2,0,0,0,0,0,0,0,0,0,0,0,0,0,0,0,0,0,0,0,0,0,0,0,0,0,0,0,0,0,0,0,0,0,0,0,0,0,0,0,0,0,0,0,0,0,0,0,0,0,0,0,0,0,0,0,0,0,0,0,0,0,0,0,0,0,0,0,0,0,0,0,0,0,0,0,0,0,0,0,0,0,0,0,0,0,0,0,0,0,0,0,0,0,0,0,0,0,0,0,0,0,0,0,0,0,0,0,0,0,0,0,0,0,0,0,0,0,0,0,0,0,0,0,0,0,0,0,0,0,0,0,0,0,0,0,0,0,0,0,5,3,2,2,2,2,2,2,4,2,1,4,1,2,2,2,1,4,1,1,5,2,2,2,2,5,2,3,3,2,5,2,2,3,5,0,0,0,0,0,0,0,0,0,0,0,0,0,0,0,0,0,0,0,0,0,0,0,2,5,2,5,3,2,0,0,0,0,0,0,0,0,5,0,0,0,2,3,2,2,2,2,0,0,0,0,0,2,2,2,2,2,0,0,0,1,2,3,1,2,2,2,0,0,0,0,0,2,3,2,2,3,2,2,4,2,0,0,0,0,0,0,0,0,3,2,1,5,4,2,0,0,0,0,3,0,0,0,0,0,0,0,0,0,0,0,0,0,0,0,0,0,2,0,0,2,0,0,0,0,0,0,0,0,0,0,0,0,0,0,0,0,0,0,0,0,0,0,0,0,0,0,0,0,0,0,0,0,0,0,0,0,0,0,0,0,0,0,0,0,0,0,0,0,0,0,0,0,0,0,0,0,0,0,0,0,0,0,0,0,0,0,0,0,0,0,0,0,0,0,0,0,0,2,2,0,2,0,0,0,0,0,2,2,2,0,2,3,2,3,3,1,1,3,1,2,2,0,0,0,0,0,0,0,2,2,2,2,3,1,5,2,2,5,0,4,2,0,0,0,0,2,3,5,2,0,0,0,0,0,0,0,0,0,0,0,0,0,0,0,0,0,0,0,0,0,0,0,0,0,0,0,0,0,0,0,0,0,0,0,0,0,0,0,0,0,0,0,0,0,0,0,0,0,0,0,0,0,0,0,0,0,0,0,0,0,0,0,0,0,0,0,0,0,0,0,0,0,0,0,0,0,0,0,0,0,0,0,0,0,0,0,0,0,0,0,0,0,0,0,0,2,1,1,3,2,3,2,2,5,1,5,5,2,1,4,3,0,0,0,0,0,0,0,0,0,0,0,0,0,0,0,0,0,0,0,0,0,0,0,0,0,0,0,0,0,0,0,0,0,0,0,0,0,0,0,0,0,0,0,0,0,0,0,0,0,0,0,0,0,0,0,0,0,0,0,0,0,0,0,0,0,0,0,0,0,0,0,0,0,0,0,0,0,0,0,0,0,0,0,0,0,0,0,0,0,0,0,0,0,0,0,0,0,0,0,0,0,0,0,0,0,0,0,0,0,0,0,0,0,0,0,0,0,0,0,0,0,0,0,0,0,0,0,0,0,0,0,0,0,0,0,0,0,0,0,0,0,0,0,0,0,0,0,0,0,0,0,0,0,0,0,0,0,0,0,0,0,0,0,0,0,0,0,0,0,0,0,0,0,0,0,0,0,0,0,0,0,0,0,0,0,0,0,0,0,0,0,0,0,0,0,0,0,0,0,0,0,0,0,0,0,0,0,0,0,0,0,0,0,0,0,0,0,0,0,0,0,0,0,0,0,0,0,0,0,0,0,0,0,0,0,0,0,0,0,0,0,0,0,0,0,0,0,0,0,0,0,0,0,0,0,0,0,0,0,0,0,0,0,0,0,0,0,0,0,0,0,0,0,0,0,0,0,0,0,0,0,0,0,0,3,2,3,5,5,3,3,3,3,3,2,2,2,3,5,5,3,0,0,0,0,0,0,0,0,0,0,0,0,0,0,0,0,0,0,0,0,0,0,0,0,0,0,0,0,0,0,0,0,0,0,0,0,0,0,0,0,0,0,0,0,0,0,0,0,0,0,0,0,0,0,0,0,0,0,0,0,0,0,0,0,0,0,0,0,0,0,0,0,0,0,0,0,0,0,0,0,0,0,0,0,0,0,0,0,0,0,0,0,0,0,0,0,0,0,0,0,0,0,0,0,0,0,0,0,0,0,0,0,0,0,0,0,0,0,0,0,0,0,0,0,0,0,0,0,0,3,3,3,5,3,1,3,3,1,3,3,2,0,0,0,0,0,0,0,0,0,0,0,0,0,0,0,0,0,0,0,0,0,0,0,0,0,0,0,0,0,0,0,0,0,0,0,0,0,0,0,0,0,0,0,0,0,0,0,0,0,0,0,0,0,0,0,0,0.6514806747436523,-4.666369915008545,-4.977662563323975,4.901763916015625,6.99155330657959,-15.57535171508789,-29.7841911315918,-6.055779457092285,25.02198028564453,-5.524298667907715,3.43176817893982,21.413898468017575,0.2344585806131363,14.375903129577637,-32.525718688964844,-0.3297561407089233,24.0682430267334,-28.78468894958496,-29.310277938842773,33.93720245361328,6.235593318939209,16.601825714111328,57.0973014831543,16.995168685913086,-16.643281936645508,5.867945194244385,-16.748199462890625,-36.78376007080078,3.279968500137329,-12.418901443481444,18.999372482299805,-8.721986770629883,-15.480563163757324,-2.0143675804138184,-2.245513677597046,8.089151382446289,2.7158937454223637,-1.172684669494629,19.815919876098636,19.038461685180664,2.316368579864502,1.007368564605713,-5.283496856689453,-12.248286247253418,-25.95807266235352,17.562000274658203,11.58878231048584,39.57056427001953,-8.826033592224121,2.265519380569458,9.748472213745115,-26.376928329467773,1.577339768409729,-20.436798095703125,-33.18233871459961,-23.118104934692383,-12.611011505126951,13.932790756225586,3.932139396667481,8.699377059936523,1.4384231567382812,-15.29080295562744,-17.30417823791504,11.308551788330078,-41.22989273071289,2.641136407852173,18.813501358032227,10.02400016784668,-19.23825454711914,-2.9808602333068848,-6.68491268157959,11.020851135253906,14.990795135498049,-31.950096130371094,-5.122990131378174,6.007396221160889,-28.682531356811523,2.0966174602508545,7.512799263000488,1.033182978630066,19.104028701782227,1.1857398748397827,-9.564345359802246,-39.45296859741211,15.872674942016602,-9.800251007080078,-11.562747955322266,4.476928234100342,6.758454322814941,-1.778086543083191,9.193793296813965,14.321008682250977,15.77336883544922,8.996665954589844,3.699422597885132,-4.417848110198975,20.61165809631348,8.354827880859375,17.81928253173828,-8.304110527038574,-7.682612419128418,-19.920795440673828,-25.207000732421875,-12.295042037963867,11.209918975830078,-30.658567428588867,-16.9112491607666,11.914227485656738,7.324854850769043,-19.524471282958984,-20.677976608276367,16.537857055664062,11.891603469848633,-13.82925033569336,-2.1765973567962646,-10.344842910766602,16.650959014892578,22.50297164916992,-2.2772908210754395,7.390793800354004,-14.87598991394043,13.965444564819336,-2.858734607696533,31.53034210205078,0.7777937650680542,-35.59894943237305,-31.550769805908203,2.797567844390869,-14.610431671142578,1.4314719438552856,-0.5766320824623108,-3.6739442348480233,13.6785888671875,40.63560485839844,6.974020004272461,30.910837173461918,-2.20776915550232,-8.177593231201172,17.51262664794922,-12.906898498535156,25.666841506958008,0.634799063205719,-8.04379940032959,-2.899222612380981,16.123870849609375,4.295644760131836,7.618851184844971,6.321927547454834,14.465069770812988,33.27024841308594,-3.3160288333892822,17.414405822753906,15.607406616210938,-22.95119857788086,-4.686251640319824,1.0502583980560305,-16.81568717956543,-6.263123989105225,0.4397555589675903,-19.030961990356445,5.673908233642578,14.72121524810791,-11.88090991973877,6.63906717300415,15.691736221313477,-23.931224822998047,10.79861545562744,-9.64229965209961,4.866005897521973,18.342559814453125,-13.995009422302246,-19.91416549682617,36.65303039550781,-8.266535758972168,12.351407051086426,-2.3396544456481934,12.483321189880373,-5.3601579666137695,-14.443645477294922,22.901782989501957,-15.01174545288086,24.6784782409668,0.7064968943595886,29.63154602050781,9.876532554626465,-12.420841217041016,3.3899736404418945,4.157171249389648,-8.024235725402832,-16.449268341064453,3.702726602554321,-7.719167232513428,-17.029983520507812,4.168540954589844,12.332193374633787,7.450034618377685,-0.4829708635807037,-25.31381225585937,-7.69819450378418,-9.95902156829834,0.5883848667144775,-6.8000593185424805,10.965301513671877,-6.456725120544434,-6.740373611450195,-4.621919631958008,32.31182098388672,26.85394287109375,25.999120712280277,-16.566661834716797,33.385398864746094,-2.6010515689849854,33.97110748291016,-13.290492057800291,13.946063041687012,-0.0061043202877044,16.342361450195312,9.792832374572754,-11.056316375732422,15.232706069946287,11.59570026397705,-19.904237747192383,-9.984737396240234,1.7716747522354126,7.432114124298096,-13.437115669250488,-3.05756950378418,-0.9332367181777954,14.900228500366213,-26.676212310791016,5.734524726867676,-3.951683282852173,-20.722732543945312,-23.203540802001957,4.064720153808594,-26.19774436950684,-6.119245052337647,-8.74447250366211,-7.314939022064209,29.054412841796875,16.36785125732422,-26.968563079833984,18.73255920410156,-5.825549125671387,-3.594088077545166,23.44475746154785,-42.42694854736328,-14.341130256652832,1.757296442985535,11.474335670471191,-46.42599105834961,9.199841499328612,10.117509841918944,-7.521467208862305,-24.41737174987793,16.205129623413086,2.802314281463623,-17.506025314331055,31.736064910888672,-25.98390007019043,-10.896641731262209,10.547470092773438,1.342964768409729,17.617752075195312,-4.080811500549316,-24.268747329711918,-13.126627922058104,1.1627483367919922,7.56462287902832,-20.005874633789062,0.259571224451065,11.197772026062012,-14.396561622619627,4.75730562210083,-0.9735329747200012,-20.670223236083984,-9.060539245605469,-9.692150115966797,-11.401567459106444,20.070293426513672,-13.861276626586914,-16.23276138305664,-25.096912384033203,-14.55675983428955,-10.682690620422363,12.034675598144531,1.9133304357528689,-0.6258405447006226,-11.236391067504885,-9.567008972167969,6.797634601593018,30.15935516357422,14.248716354370115,11.695252418518066,-27.52202033996582,-18.84540557861328,-14.092439651489258,-23.5778751373291,-41.48323059082031,-4.364309310913086,1.0,-0.9999999999999998
OXYR_HUMAN,CHEMBL2113203,CN(C)CCOc1ccc(S(=O)(=O)N(CC(=O)NNC2=c3ccccc3=NC2=O)c2ccc(Cl)cc2)cc1,0,0,0,0,0,0,0,0,0,0,0,0,0,0,0,0,0,0,0,0,0,0,0,0,0,0,0,0,0,0,0,0,0,0,0,0,0,0,0,0,0,0,0,0,0,0,0,0,0,0,0,0,0,0,0,0,0,0,0,0,0,0,0,0,0,0,0,0,0,0,0,0,0,0,0,0,0,0,0,0,0,0,0,0,0,0,0,0,0,0,0,0,0,0,0,0,0,0,0,0,0,0,0,0,0,0,0,0,0,0,0,0,0,0,0,0,0,0,0,0,0,0,0,0,0,0,0,0,0,0,0,0,0,0,0,0,0,0,0,0,0,0,0,0,0,0,0,0,0,0,0,0,0,0,0,0,0,0,0,0,0,0,0,0,0,0,0,0,0,0,0,0,0,0,0,0,0,0,0,0,0,0,0,0,0,2,4,1,2,2,2,2,3,2,3,2,4,2,2,3,2,0,0,0,0,0,0,0,0,0,0,0,0,0,0,0,0,3,2,2,1,0,0,0,0,0,0,0,0,0,0,0,0,0,0,0,0,0,1,1,2,4,1,3,0,0,0,0,0,0,0,0,0,0,0,5,3,0,0,0,0,0,0,0,0,0,0,0,0,0,0,0,0,0,0,0,0,0,0,0,0,0,0,0,0,0,0,0,0,0,0,0,0,0,0,0,0,0,0,0,0,0,0,0,0,0,0,0,0,0,0,0,0,0,0,0,0,0,0,0,0,0,0,0,0,0,0,0,0,0,0,0,0,0,0,0,0,0,0,0,0,0,0,0,0,0,0,0,0,0,0,0,0,0,0,0,0,0,0,0,0,0,0,0,0,0,0,0,0,0,0,0,0,0,0,0,0,0,0,0,0,0,0,0,0,0,0,0,0,0,0,0,0,0,0,0,0,0,0,0,0,0,0,0,0,0,0,0,0,0,0,0,0,0,0,0,0,0,0,0,0,0,0,0,0,0,0,0,0,0,0,0,0,2,1,1,1,5,5,3,0,0,0,0,0,0,0,0,0,0,0,0,0,0,0,0,0,0,0,0,0,0,0,0,0,0,0,0,0,0,0,0,0,0,0,0,0,0,0,0,0,0,0,0,0,0,0,0,0,0,0,0,0,0,0,0,0,0,0,0,0,0,0,0,0,0,0,0,0,0,0,0,0,0,0,0,0,0,0,0,0,0,0,0,0,0,0,0,0,0,0,0,0,0,0,0,0,0,0,0,0,0,0,0,0,0,0,0,0,0,0,0,0,0,0,0,0,0,0,0,0,0,0,0,0,0,0,0,0,0,0,0,0,0,0,0,0,0,0,0,0,0,0,0,0,0,0,0,0,4,2,2,2,5,2,4,2,0,0,0,0,0,0,0,0,0,0,0,0,0,0,0,0,0,2,2,2,1,2,0,2,2,0,0,0,0,0,0,0,0,0,0,0,2,2,2,2,3,1,3,2,1,0,0,0,0,0,0,2,2,2,2,2,0,0,5,0,0,0,0,3,3,0,0,0,0,0,0,0,0,0,0,0,5,3,5,5,0,0,0,0,0,3,0,0,0,0,0,0,0,5,2,2,2,2,2,5,0,0,0,0,0,0,0,0,0,0,0,0,0,0,0,5,2,3,0,2,2,4,0,0,0,0,0,0,0,0,0,0,0,0,0,0,0,0,0,0,0,0,0,0,0,0,0,0,0,0,0,0,0,0,2,2,2,2,2,2,3,2,2,0,0,0,0,0,0,0,0,0,0,0,0,0,0,0,0,0,0,0,0,0,0,0,0,1,3,2,2,0,0,0,0,0,0,0,0,0,0,0,0,0,0,0,0,0,0,0,0,0,0,0,0,0,0,0,0,0,2,4,2,3,2,5,2,2,1,0,1,4,2,0,0,0,0,0,2,1,0,0,0,0,0,0,0,0,0,0,0,0,0,0,0,0,0,0,0,0,0,0,0,0,0,0,0,0,0,0,0,0,0,0,0,0,0,0,0,0,0,0,0,0,0,0,0,5,0,2,2,5,0,2,2,3,2,2,1,2,2,2,0,0,0,3,3,2,2,0,0,0,0,0,0,0,0,0,0,0,0,2,2,0,0,0,0,0,0,0,0,0,0,0,0,0,0,0,0,0,0,0,0,0,0,0,0,0,0,0,0,0,0,0,2,2,3,2,4,5,0,0,0,0,0,0,0,0,0,0,0,0,0,0,0,0,0,0,0,0,0,0,0,0,0,0,0,0,0,0,0,0,0,0,1,0,0,0,0,0,0,0,0,0,0,0,0,0,0,0,0,0,0,0,0,0,0,0,0,0,0,2,2,0,0,0,0,0,0,2,0,1,3,1,2,0,0,0,0,0,0,0,0,0,0,0,0,0,0,0,0,0,0,0,0,0,0,0,0,0,0,0,0,5,3,0,0,0,0,2,5,5,0,0,5,3,0,0,0,0,0,0,0,0,0,0,0,0,0,0,0,4,5,0,0,0,0,2,2,2,0,0,0,0,2,2,3,2,2,0,0,0,1,1,2,2,2,3,0,0,2,1,3,2,5,0,0,0,0,0,0,0,0,0,0,0,0,2,2,3,0,0,0,0,0,0,0,0,0,0,0,0,0,0,0,0,0,0,0,0,0,0,0,0,0,0,0,0,0,0,0,0,0,0,0,0,0,0,0,2,5,0,0,0,0,4,0,0,0,0,0,0,0,0,0,0,0,0,0,0,0,0,0,0,0,0,0,0,0,0,0,0,0,0,0,0,0,0,0,0,0,0,0,0,0,0,0,0,0,0,0,0,0,0,0,0,0,0,0,0,0,0,0,0,0,0,0,0,0,0,0,0,0,0,0,0,0,0,0,0,0,0,0,0,0,0,0,0,0,0,0,0,0,0,0,0,0,0,0,2,2,0,0,4,1,2,2,4,0,0,0,0,0,1,2,2,2,0,0,0,0,0,0,0,0,0,0,0,0,0,0,0,0,0,0,0,0,0,0,0,0,0,0,0,0,0,0,0,0,0,0,0,0,0,0,0,0,0,0,0,2,2,0,0,0,0,0,0,0,0,0,0,0,0,0,0,0,0,3,1,2,1,1,0,0,0,0,5,0,0,0,0,0,0,0,2,2,0,0,0,0,0,0,0,0,2,3,2,2,0,0,0,3,2,2,2,2,0,2,2,1,2,2,0,2,2,0,0,0,0,0,0,0,0,0,0,0,0,0,0,0,0,0,0,2,2,1,0,0,0,0,0,0,0,0,0,0,0,0,0,0,0,0,2,1,2,2,3,2,0,0,0,0,0,0,0,5,2,0,0,0,0,0,0,0,0,0,0,0,0,0,0,0,0,2,3,0,0,0,0,0,0,0,0,0,0,0,0,0,0,0,0,0,0,0,0,0,0,0,0,0,0,0,0,0,0,0,0,0,0,0,0,0,0,0,0,0,0,0,3,2,5,2,0,0,0,0,0,0,0,0,0,0,0,0,0,0,0,0,0,0,0,0,0,0,0,0,0,0,0,0,0,0,0,0,0,0,0,0,0,0,0,0,0,0,0,0,0,0,0,0,0,0,0,0,0,0,0,0,0,0,0,0,0,0,0,0,0,0,0,0,0,0,0,0,0,0,0,0,0,0,0,0,0,0,0,0,0,0,0,0,0,0,0,0,0,0,0,0,0,0,0,0,0,0,0,0,0,0,0,0,0,0,0,0,0,0,0,0,0,0,0,0,0,0,0,0,0,0,0,0,0,0,0,0,0,0,0,0,0,0,0,5,3,2,2,2,2,2,2,4,2,1,4,1,2,2,2,1,4,1,1,5,2,2,2,2,5,2,3,3,2,5,2,2,3,5,0,0,0,0,0,0,0,0,0,0,0,0,0,0,0,0,0,0,0,0,0,0,0,2,5,2,5,3,2,0,0,0,0,0,0,0,0,5,0,0,0,2,3,2,2,2,2,0,0,0,0,0,2,2,2,2,2,0,0,0,1,2,3,1,2,2,2,0,0,0,0,0,2,3,2,2,3,2,2,4,2,0,0,0,0,0,0,0,0,3,2,1,5,4,2,0,0,0,0,3,0,0,0,0,0,0,0,0,0,0,0,0,0,0,0,0,0,2,0,0,2,0,0,0,0,0,0,0,0,0,0,0,0,0,0,0,0,0,0,0,0,0,0,0,0,0,0,0,0,0,0,0,0,0,0,0,0,0,0,0,0,0,0,0,0,0,0,0,0,0,0,0,0,0,0,0,0,0,0,0,0,0,0,0,0,0,0,0,0,0,0,0,0,0,0,0,0,0,2,2,0,2,0,0,0,0,0,2,2,2,0,2,3,2,3,3,1,1,3,1,2,2,0,0,0,0,0,0,0,2,2,2,2,3,1,5,2,2,5,0,4,2,0,0,0,0,2,3,5,2,0,0,0,0,0,0,0,0,0,0,0,0,0,0,0,0,0,0,0,0,0,0,0,0,0,0,0,0,0,0,0,0,0,0,0,0,0,0,0,0,0,0,0,0,0,0,0,0,0,0,0,0,0,0,0,0,0,0,0,0,0,0,0,0,0,0,0,0,0,0,0,0,0,0,0,0,0,0,0,0,0,0,0,0,0,0,0,0,0,0,0,0,0,0,0,0,2,1,1,3,2,3,2,2,5,1,5,5,2,1,4,3,0,0,0,0,0,0,0,0,0,0,0,0,0,0,0,0,0,0,0,0,0,0,0,0,0,0,0,0,0,0,0,0,0,0,0,0,0,0,0,0,0,0,0,0,0,0,0,0,0,0,0,0,0,0,0,0,0,0,0,0,0,0,0,0,0,0,0,0,0,0,0,0,0,0,0,0,0,0,0,0,0,0,0,0,0,0,0,0,0,0,0,0,0,0,0,0,0,0,0,0,0,0,0,0,0,0,0,0,0,0,0,0,0,0,0,0,0,0,0,0,0,0,0,0,0,0,0,0,0,0,0,0,0,0,0,0,0,0,0,0,0,0,0,0,0,0,0,0,0,0,0,0,0,0,0,0,0,0,0,0,0,0,0,0,0,0,0,0,0,0,0,0,0,0,0,0,0,0,0,0,0,0,0,0,0,0,0,0,0,0,0,0,0,0,0,0,0,0,0,0,0,0,0,0,0,0,0,0,0,0,0,0,0,0,0,0,0,0,0,0,0,0,0,0,0,0,0,0,0,0,0,0,0,0,0,0,0,0,0,0,0,0,0,0,0,0,0,0,0,0,0,0,0,0,0,0,0,0,0,0,0,0,0,0,0,0,0,0,0,0,0,0,0,0,0,0,0,0,0,0,0,0,0,0,3,2,3,5,5,3,3,3,3,3,2,2,2,3,5,5,3,0,0,0,0,0,0,0,0,0,0,0,0,0,0,0,0,0,0,0,0,0,0,0,0,0,0,0,0,0,0,0,0,0,0,0,0,0,0,0,0,0,0,0,0,0,0,0,0,0,0,0,0,0,0,0,0,0,0,0,0,0,0,0,0,0,0,0,0,0,0,0,0,0,0,0,0,0,0,0,0,0,0,0,0,0,0,0,0,0,0,0,0,0,0,0,0,0,0,0,0,0,0,0,0,0,0,0,0,0,0,0,0,0,0,0,0,0,0,0,0,0,0,0,0,0,0,0,0,0,3,3,3,5,3,1,3,3,1,3,3,2,0,0,0,0,0,0,0,0,0,0,0,0,0,0,0,0,0,0,0,0,0,0,0,0,0,0,0,0,0,0,0,0,0,0,0,0,0,0,0,0,0,0,0,0,0,0,0,0,0,0,0,0,0,0,0,0,1.8498669862747192,-4.669071674346924,-5.211802959442139,7.865590572357178,2.9754385948181152,0.3989380002021789,-16.455018997192383,1.006076455116272,13.464470863342283,6.999415397644043,-6.652238845825195,1.062861680984497,-14.09101676940918,1.0937998294830322,-7.528500080108643,0.3271836638450622,5.419551849365234,-7.664676666259766,-6.732817649841309,9.35047721862793,-0.2636737823486328,8.306139945983887,23.43121719360352,8.582697868347168,-11.771588325500488,-1.565279841423035,0.2345776706933975,-11.81746768951416,4.222973823547363,1.16497540473938,15.692499160766602,-9.800532341003418,-4.200691223144531,-10.022205352783203,4.220073223114014,0.3667061924934387,1.188189148902893,2.9537978172302246,10.825182914733888,6.123622417449951,-0.8061767220497131,-2.286548376083374,-9.61933422088623,-0.3877287805080414,-15.278985023498535,4.016284942626953,-0.8426401615142822,11.297601699829102,-9.81068515777588,3.479283571243286,8.960590362548828,-10.179961204528809,-5.894685745239258,-12.086718559265137,-9.985546112060549,-8.818412780761719,-2.424762725830078,1.367890238761902,6.570211410522461,3.735783100128174,-1.7436474561691284,-10.083745956420898,-2.8496692180633545,6.970653057098389,-18.74151039123535,-0.476938396692276,11.971976280212402,4.523795127868652,-4.605736255645752,2.727759838104248,-8.858071327209473,1.5410829782485962,9.59758472442627,-10.64545440673828,-4.1099934577941895,8.07541561126709,-8.769009590148926,4.313746452331543,-0.5638615489006042,5.10078763961792,7.93651008605957,-1.9535086154937744,-9.086762428283691,-14.06887912750244,1.7212903499603271,-0.5046935081481934,-8.799315452575684,7.113361358642578,4.277427673339844,-0.9712790846824646,6.399541854858398,5.156379222869873,4.812050819396973,13.837881088256836,2.2987544536590576,-1.8798024654388428,3.1943531036376958,2.2572317123413086,7.819585800170898,1.9149577617645264,-6.326188087463379,-11.9222993850708,-8.572793006896973,-13.524528503417969,2.7129390239715576,-8.035345077514648,-5.728339195251465,4.082562446594238,2.1837692260742188,-9.771167755126951,-20.20438003540039,3.384856939315796,4.640909671783447,-0.3479267358779907,1.0894978046417236,-5.823739528656006,9.339652061462402,10.947749137878418,-4.9205241203308105,8.387845993041992,-16.7611083984375,1.48960542678833,-6.16710901260376,8.024105072021484,7.463971138000488,-11.646320343017578,-16.913999557495117,-1.538659691810608,-1.8257226943969729,1.730563759803772,-1.6972655057907104,2.7084200382232666,11.527266502380373,17.258804321289062,-1.7097992897033691,16.57619857788086,16.234840393066406,1.86784827709198,15.213829040527344,-4.173926830291748,13.332155227661133,-1.547892451286316,0.0959255695343017,1.2908962965011597,15.13582706451416,10.860732078552246,4.650665760040283,2.513280868530273,3.1646223068237305,12.12840461730957,9.20541000366211,4.743083477020264,9.843836784362791,-4.578217029571533,-2.8784215450286865,4.53170108795166,-7.750292778015137,-8.632772445678711,5.577620029449463,-9.770471572875977,-4.310375690460205,-2.071563005447388,-9.509737014770508,4.039201736450195,2.893127918243408,-8.955044746398926,0.4256119728088379,-6.344855308532715,1.1852959394454956,8.461793899536133,-9.814074516296388,-3.1330363750457764,17.3133544921875,-6.889413833618164,-0.2034835815429687,1.9089460372924805,6.793157577514648,-2.7999515533447266,-7.77484655380249,17.152908325195312,-5.416171550750732,10.185134887695312,-1.111513376235962,10.770835876464844,12.07742691040039,-5.479583263397217,-2.665527820587158,-1.618116021156311,-10.795936584472656,-5.0485711097717285,-1.4767030477523804,-0.918704628944397,-0.8318859338760376,0.5320042371749878,3.594160318374634,-0.0004551112651824,-5.8790483474731445,-13.370081901550291,-1.372219443321228,0.2345540225505828,3.4040417671203613,1.814016819000244,10.584006309509276,2.089945077896118,4.778263092041016,-5.491777420043945,19.255874633789062,6.681461334228516,14.44555950164795,-3.227783679962158,18.279714584350582,-3.815889596939087,7.647857666015625,-5.333227157592773,4.55124568939209,5.157842636108398,4.826623916625977,5.980685710906982,-8.638311386108398,6.953049182891846,1.9111615419387815,-11.220223426818848,-1.2464776039123535,1.699010133743286,3.184426069259644,-3.7443277835845943,-2.1385293006896973,3.3328726291656494,11.26480197906494,-13.800958633422852,4.689034461975098,-2.757105588912964,-11.55363655090332,-16.328989028930664,-5.376710414886475,-4.409611225128174,-3.238793134689331,-3.0659525394439697,-5.68452787399292,11.394439697265623,4.472902774810791,-0.0430960804224014,4.7999372482299805,0.3914034366607666,-4.271762847900391,5.569262981414795,-16.693544387817383,-9.786171913146973,0.2275598794221878,-8.993664741516113,-20.973709106445312,3.802470445632935,-3.34607481956482,0.4021706879138946,-15.395394325256348,0.2272928208112716,4.605198860168457,-15.010372161865234,11.379148483276367,-9.452588081359863,-4.595208168029785,9.144747734069824,5.255123615264893,14.307133674621582,3.843971014022827,-7.635051250457764,-9.451030731201172,6.8149824142456055,2.9949536323547363,-9.65574073791504,-1.8502392768859863,6.562656402587891,0.2594804167747497,6.464982509613037,0.2786687612533569,-8.938421249389648,-2.614281177520752,-5.437674522399902,-0.8433879017829895,-1.4976015090942385,-10.168391227722168,-7.9386396408081055,-21.70606803894043,-8.046626091003418,2.030535697937012,2.8563618659973145,1.7452445030212402,-2.442469835281372,-8.946639060974121,-2.2929046154022217,0.5992820262908936,15.493351936340332,16.534814834594727,3.752162456512451,-13.449396133422852,-2.597538709640503,-8.246504783630371,-5.4302167892456055,-15.278275489807127,-4.708614349365234,-1.0,0.3222192947339192
OXYR_HUMAN,CHEMBL3354587,CCCCCN(CC(=O)NC(CC(C)C)C(=O)NCC(N)=O)C(=O)C1CCSCCC(=O)NC(Cc2ccccc2)C(=O)NC(C(C)CC)C(=O)NC(CCC(N)=O)C(=O)NC(CC(N)=O)C(=O)N1,0,0,0,0,0,0,0,0,0,0,0,0,0,0,0,0,0,0,0,0,0,0,0,0,0,0,0,0,0,0,0,0,0,0,0,0,0,0,0,0,0,0,0,0,0,0,0,0,0,0,0,0,0,0,0,0,0,0,0,0,0,0,0,0,0,0,0,0,0,0,0,0,0,0,0,0,0,0,0,0,0,0,0,0,0,0,0,0,0,0,0,0,0,0,0,0,0,0,0,0,0,0,0,0,0,0,0,0,0,0,0,0,0,0,0,0,0,0,0,0,0,0,0,0,0,0,0,0,0,0,0,0,0,0,0,0,0,0,0,0,0,0,0,0,0,0,0,0,0,0,0,0,0,0,0,0,0,0,0,0,0,0,0,0,0,0,0,0,0,0,0,0,0,0,0,0,0,0,0,0,0,0,0,0,0,2,4,1,2,2,2,2,3,2,3,2,4,2,2,3,2,0,0,0,0,0,0,0,0,0,0,0,0,0,0,0,0,3,2,2,1,0,0,0,0,0,0,0,0,0,0,0,0,0,0,0,0,0,1,1,2,4,1,3,0,0,0,0,0,0,0,0,0,0,0,5,3,0,0,0,0,0,0,0,0,0,0,0,0,0,0,0,0,0,0,0,0,0,0,0,0,0,0,0,0,0,0,0,0,0,0,0,0,0,0,0,0,0,0,0,0,0,0,0,0,0,0,0,0,0,0,0,0,0,0,0,0,0,0,0,0,0,0,0,0,0,0,0,0,0,0,0,0,0,0,0,0,0,0,0,0,0,0,0,0,0,0,0,0,0,0,0,0,0,0,0,0,0,0,0,0,0,0,0,0,0,0,0,0,0,0,0,0,0,0,0,0,0,0,0,0,0,0,0,0,0,0,0,0,0,0,0,0,0,0,0,0,0,0,0,0,0,0,0,0,0,0,0,0,0,0,0,0,0,0,0,0,0,0,0,0,0,0,0,0,0,0,0,0,0,0,0,0,2,1,1,1,5,5,3,0,0,0,0,0,0,0,0,0,0,0,0,0,0,0,0,0,0,0,0,0,0,0,0,0,0,0,0,0,0,0,0,0,0,0,0,0,0,0,0,0,0,0,0,0,0,0,0,0,0,0,0,0,0,0,0,0,0,0,0,0,0,0,0,0,0,0,0,0,0,0,0,0,0,0,0,0,0,0,0,0,0,0,0,0,0,0,0,0,0,0,0,0,0,0,0,0,0,0,0,0,0,0,0,0,0,0,0,0,0,0,0,0,0,0,0,0,0,0,0,0,0,0,0,0,0,0,0,0,0,0,0,0,0,0,0,0,0,0,0,0,0,0,0,0,0,0,0,0,4,2,2,2,5,2,4,2,0,0,0,0,0,0,0,0,0,0,0,0,0,0,0,0,0,2,2,2,1,2,0,2,2,0,0,0,0,0,0,0,0,0,0,0,2,2,2,2,3,1,3,2,1,0,0,0,0,0,0,2,2,2,2,2,0,0,5,0,0,0,0,3,3,0,0,0,0,0,0,0,0,0,0,0,5,3,5,5,0,0,0,0,0,3,0,0,0,0,0,0,0,5,2,2,2,2,2,5,0,0,0,0,0,0,0,0,0,0,0,0,0,0,0,5,2,3,0,2,2,4,0,0,0,0,0,0,0,0,0,0,0,0,0,0,0,0,0,0,0,0,0,0,0,0,0,0,0,0,0,0,0,0,2,2,2,2,2,2,3,2,2,0,0,0,0,0,0,0,0,0,0,0,0,0,0,0,0,0,0,0,0,0,0,0,0,1,3,2,2,0,0,0,0,0,0,0,0,0,0,0,0,0,0,0,0,0,0,0,0,0,0,0,0,0,0,0,0,0,2,4,2,3,2,5,2,2,1,0,1,4,2,0,0,0,0,0,2,1,0,0,0,0,0,0,0,0,0,0,0,0,0,0,0,0,0,0,0,0,0,0,0,0,0,0,0,0,0,0,0,0,0,0,0,0,0,0,0,0,0,0,0,0,0,0,0,5,0,2,2,5,0,2,2,3,2,2,1,2,2,2,0,0,0,3,3,2,2,0,0,0,0,0,0,0,0,0,0,0,0,2,2,0,0,0,0,0,0,0,0,0,0,0,0,0,0,0,0,0,0,0,0,0,0,0,0,0,0,0,0,0,0,0,2,2,3,2,4,5,0,0,0,0,0,0,0,0,0,0,0,0,0,0,0,0,0,0,0,0,0,0,0,0,0,0,0,0,0,0,0,0,0,0,1,0,0,0,0,0,0,0,0,0,0,0,0,0,0,0,0,0,0,0,0,0,0,0,0,0,0,2,2,0,0,0,0,0,0,2,0,1,3,1,2,0,0,0,0,0,0,0,0,0,0,0,0,0,0,0,0,0,0,0,0,0,0,0,0,0,0,0,0,5,3,0,0,0,0,2,5,5,0,0,5,3,0,0,0,0,0,0,0,0,0,0,0,0,0,0,0,4,5,0,0,0,0,2,2,2,0,0,0,0,2,2,3,2,2,0,0,0,1,1,2,2,2,3,0,0,2,1,3,2,5,0,0,0,0,0,0,0,0,0,0,0,0,2,2,3,0,0,0,0,0,0,0,0,0,0,0,0,0,0,0,0,0,0,0,0,0,0,0,0,0,0,0,0,0,0,0,0,0,0,0,0,0,0,0,2,5,0,0,0,0,4,0,0,0,0,0,0,0,0,0,0,0,0,0,0,0,0,0,0,0,0,0,0,0,0,0,0,0,0,0,0,0,0,0,0,0,0,0,0,0,0,0,0,0,0,0,0,0,0,0,0,0,0,0,0,0,0,0,0,0,0,0,0,0,0,0,0,0,0,0,0,0,0,0,0,0,0,0,0,0,0,0,0,0,0,0,0,0,0,0,0,0,0,0,2,2,0,0,4,1,2,2,4,0,0,0,0,0,1,2,2,2,0,0,0,0,0,0,0,0,0,0,0,0,0,0,0,0,0,0,0,0,0,0,0,0,0,0,0,0,0,0,0,0,0,0,0,0,0,0,0,0,0,0,0,2,2,0,0,0,0,0,0,0,0,0,0,0,0,0,0,0,0,3,1,2,1,1,0,0,0,0,5,0,0,0,0,0,0,0,2,2,0,0,0,0,0,0,0,0,2,3,2,2,0,0,0,3,2,2,2,2,0,2,2,1,2,2,0,2,2,0,0,0,0,0,0,0,0,0,0,0,0,0,0,0,0,0,0,2,2,1,0,0,0,0,0,0,0,0,0,0,0,0,0,0,0,0,2,1,2,2,3,2,0,0,0,0,0,0,0,5,2,0,0,0,0,0,0,0,0,0,0,0,0,0,0,0,0,2,3,0,0,0,0,0,0,0,0,0,0,0,0,0,0,0,0,0,0,0,0,0,0,0,0,0,0,0,0,0,0,0,0,0,0,0,0,0,0,0,0,0,0,0,3,2,5,2,0,0,0,0,0,0,0,0,0,0,0,0,0,0,0,0,0,0,0,0,0,0,0,0,0,0,0,0,0,0,0,0,0,0,0,0,0,0,0,0,0,0,0,0,0,0,0,0,0,0,0,0,0,0,0,0,0,0,0,0,0,0,0,0,0,0,0,0,0,0,0,0,0,0,0,0,0,0,0,0,0,0,0,0,0,0,0,0,0,0,0,0,0,0,0,0,0,0,0,0,0,0,0,0,0,0,0,0,0,0,0,0,0,0,0,0,0,0,0,0,0,0,0,0,0,0,0,0,0,0,0,0,0,0,0,0,0,0,0,5,3,2,2,2,2,2,2,4,2,1,4,1,2,2,2,1,4,1,1,5,2,2,2,2,5,2,3,3,2,5,2,2,3,5,0,0,0,0,0,0,0,0,0,0,0,0,0,0,0,0,0,0,0,0,0,0,0,2,5,2,5,3,2,0,0,0,0,0,0,0,0,5,0,0,0,2,3,2,2,2,2,0,0,0,0,0,2,2,2,2,2,0,0,0,1,2,3,1,2,2,2,0,0,0,0,0,2,3,2,2,3,2,2,4,2,0,0,0,0,0,0,0,0,3,2,1,5,4,2,0,0,0,0,3,0,0,0,0,0,0,0,0,0,0,0,0,0,0,0,0,0,2,0,0,2,0,0,0,0,0,0,0,0,0,0,0,0,0,0,0,0,0,0,0,0,0,0,0,0,0,0,0,0,0,0,0,0,0,0,0,0,0,0,0,0,0,0,0,0,0,0,0,0,0,0,0,0,0,0,0,0,0,0,0,0,0,0,0,0,0,0,0,0,0,0,0,0,0,0,0,0,0,2,2,0,2,0,0,0,0,0,2,2,2,0,2,3,2,3,3,1,1,3,1,2,2,0,0,0,0,0,0,0,2,2,2,2,3,1,5,2,2,5,0,4,2,0,0,0,0,2,3,5,2,0,0,0,0,0,0,0,0,0,0,0,0,0,0,0,0,0,0,0,0,0,0,0,0,0,0,0,0,0,0,0,0,0,0,0,0,0,0,0,0,0,0,0,0,0,0,0,0,0,0,0,0,0,0,0,0,0,0,0,0,0,0,0,0,0,0,0,0,0,0,0,0,0,0,0,0,0,0,0,0,0,0,0,0,0,0,0,0,0,0,0,0,0,0,0,0,2,1,1,3,2,3,2,2,5,1,5,5,2,1,4,3,0,0,0,0,0,0,0,0,0,0,0,0,0,0,0,0,0,0,0,0,0,0,0,0,0,0,0,0,0,0,0,0,0,0,0,0,0,0,0,0,0,0,0,0,0,0,0,0,0,0,0,0,0,0,0,0,0,0,0,0,0,0,0,0,0,0,0,0,0,0,0,0,0,0,0,0,0,0,0,0,0,0,0,0,0,0,0,0,0,0,0,0,0,0,0,0,0,0,0,0,0,0,0,0,0,0,0,0,0,0,0,0,0,0,0,0,0,0,0,0,0,0,0,0,0,0,0,0,0,0,0,0,0,0,0,0,0,0,0,0,0,0,0,0,0,0,0,0,0,0,0,0,0,0,0,0,0,0,0,0,0,0,0,0,0,0,0,0,0,0,0,0,0,0,0,0,0,0,0,0,0,0,0,0,0,0,0,0,0,0,0,0,0,0,0,0,0,0,0,0,0,0,0,0,0,0,0,0,0,0,0,0,0,0,0,0,0,0,0,0,0,0,0,0,0,0,0,0,0,0,0,0,0,0,0,0,0,0,0,0,0,0,0,0,0,0,0,0,0,0,0,0,0,0,0,0,0,0,0,0,0,0,0,0,0,0,0,0,0,0,0,0,0,0,0,0,0,0,0,0,0,0,0,0,3,2,3,5,5,3,3,3,3,3,2,2,2,3,5,5,3,0,0,0,0,0,0,0,0,0,0,0,0,0,0,0,0,0,0,0,0,0,0,0,0,0,0,0,0,0,0,0,0,0,0,0,0,0,0,0,0,0,0,0,0,0,0,0,0,0,0,0,0,0,0,0,0,0,0,0,0,0,0,0,0,0,0,0,0,0,0,0,0,0,0,0,0,0,0,0,0,0,0,0,0,0,0,0,0,0,0,0,0,0,0,0,0,0,0,0,0,0,0,0,0,0,0,0,0,0,0,0,0,0,0,0,0,0,0,0,0,0,0,0,0,0,0,0,0,0,3,3,3,5,3,1,3,3,1,3,3,2,0,0,0,0,0,0,0,0,0,0,0,0,0,0,0,0,0,0,0,0,0,0,0,0,0,0,0,0,0,0,0,0,0,0,0,0,0,0,0,0,0,0,0,0,0,0,0,0,0,0,0,0,0,0,0,0,-0.0030007511377334,-5.478560924530029,-4.7411980628967285,5.319779872894287,7.09914493560791,-15.813165664672852,-29.765647888183597,-6.129816055297852,25.93640518188477,-6.201848030090332,3.489614248275757,21.60169982910156,-0.511188805103302,14.812252044677734,-33.33342361450195,-1.0114132165908811,24.243024826049805,-29.12446403503418,-29.011531829833984,33.50355911254883,5.637681007385254,16.49019432067871,57.40150833129883,17.182241439819336,-16.8756103515625,6.016409397125244,-17.08040428161621,-37.98070526123047,3.193988084793091,-12.414827346801758,17.920196533203125,-8.612417221069336,-15.494589805603027,-2.320076942443848,-2.2657992839813232,7.841726779937744,3.008204698562622,-1.1568115949630735,20.19066619873047,19.97145271301269,2.6421337127685547,0.9037480354309082,-5.282984733581543,-12.693833351135254,-25.49464225769043,17.3090877532959,12.058698654174805,40.23836898803711,-8.308711051940918,2.315289258956909,9.203286170959473,-25.703489303588867,1.5047065019607544,-20.86033058166504,-32.065303802490234,-23.157983779907227,-12.44514274597168,14.052135467529297,3.687529802322388,7.990299701690674,2.4612441062927246,-15.329983711242676,-16.558013916015625,9.992624282836914,-40.81613159179688,2.767836332321167,17.782947540283203,9.864509582519531,-19.0531005859375,-2.712181329727173,-6.3579277992248535,9.935742378234863,14.386235237121582,-31.684457778930664,-5.051162242889404,5.693741321563721,-28.998855590820312,1.9320443868637085,8.181039810180664,2.1527531147003174,19.86073303222656,1.1718486547470093,-9.080243110656738,-39.3455696105957,15.47713851928711,-9.513166427612305,-11.15363597869873,4.397181034088135,6.785567760467529,-2.0289230346679688,9.127595901489258,14.698003768920898,16.688419342041016,9.666536331176758,4.104316234588623,-4.891139507293701,20.73054313659668,8.014976501464844,17.82097053527832,-7.664331912994385,-7.139354705810547,-19.83788108825684,-24.778564453125,-11.741205215454102,12.333324432373049,-30.80479621887207,-17.107330322265625,11.274928092956545,7.196782112121582,-19.7540225982666,-20.358341217041016,16.868499755859375,11.955865859985352,-13.714245796203612,-1.9421069622039795,-10.25518798828125,16.78616714477539,22.692806243896484,-1.3710306882858276,7.539919376373291,-15.812957763671877,14.372156143188477,-2.967006206512451,30.29166412353516,0.7769650220870972,-35.68941879272461,-31.548473358154297,2.3832638263702397,-14.348732948303224,1.4006966352462769,-0.5210915207862854,-2.854790687561035,13.447870254516602,40.976837158203125,6.708782196044922,31.01881980895996,-1.772378921508789,-8.572895050048828,17.755157470703125,-13.834860801696776,25.1900691986084,0.9616426229476928,-8.256208419799805,-2.2595410346984863,16.93779945373535,4.129641532897949,7.428297519683838,6.391034126281738,14.54312229156494,34.12517547607422,-4.779595851898193,17.98084259033203,15.733187675476074,-24.2529296875,-5.107520580291748,1.2101314067840576,-16.649173736572266,-7.3156352043151855,0.3556509017944336,-19.16844749450684,5.790085792541504,15.137799263000488,-12.37467098236084,6.02570104598999,15.582664489746094,-22.899120330810547,11.595462799072266,-9.844549179077148,4.891507148742676,18.861343383789062,-14.194625854492188,-20.65781593322754,37.53726959228516,-8.608758926391602,12.15565299987793,-1.5936012268066406,12.44834804534912,-5.4353532791137695,-14.506589889526367,23.272533416748047,-15.114190101623535,25.285493850708008,0.1372596621513366,29.441944122314453,10.494132995605469,-12.742149353027344,3.320443153381348,4.131118297576904,-8.87603759765625,-16.060636520385742,3.792555093765259,-8.788835525512695,-17.594797134399414,4.019376277923584,12.87833023071289,7.828501224517822,-0.1886731088161468,-26.072772979736328,-7.765837669372559,-9.748822212219238,0.3640732169151306,-6.594075202941895,10.88481616973877,-7.501110553741455,-7.886198043823242,-4.047759056091309,32.63677215576172,27.156084060668945,24.630868911743164,-17.156940460205078,32.83844757080078,-3.391385316848755,34.40439224243164,-12.839213371276855,14.502023696899414,-0.162472128868103,17.054964065551758,9.04513931274414,-9.880680084228516,15.371061325073242,10.803345680236816,-19.818798065185547,-10.08401584625244,0.9227378368377686,8.377311706542969,-13.15000057220459,-2.461303234100342,-0.6131300926208496,14.897431373596191,-27.41663360595703,4.825495719909668,-3.008652687072754,-20.74910926818848,-22.91529083251953,4.720057964324951,-25.575868606567383,-6.74685525894165,-8.6484375,-7.140563488006592,29.85277938842773,16.195255279541016,-27.365257263183597,17.494308471679688,-6.882678508758545,-3.4673991203308105,23.441722869873047,-42.950294494628906,-14.067500114440918,1.620101809501648,10.75631046295166,-46.47224426269531,8.446946144104004,9.980233192443848,-7.427214622497559,-23.741493225097656,15.619967460632324,2.928119659423828,-17.71369743347168,32.145545959472656,-25.21023368835449,-11.810380935668944,11.145055770874023,1.6518536806106567,17.653017044067383,-3.5257725715637207,-24.876230239868164,-12.88265323638916,1.2827156782150269,8.185433387756348,-20.97544860839844,-0.3320521116256714,10.0521240234375,-14.52926540374756,4.508666515350342,-1.2094117403030396,-20.69182014465332,-8.99169921875,-9.36619758605957,-12.132316589355469,19.98301887512207,-14.072748184204102,-16.270559310913086,-25.005619049072266,-15.199156761169434,-10.653213500976562,11.995518684387209,2.51485276222229,-0.6650391817092896,-11.416881561279297,-9.768240928649902,7.199549674987793,29.981098175048828,14.61517333984375,11.213090896606444,-26.994609832763672,-18.816579818725582,-12.730279922485352,-24.04024314880371,-41.06900787353516,-5.017144680023193,1.0,-0.9999999999999998
OXYR_HUMAN,CHEMBL3354592,CCC(C)C1NC(=O)C(Cc2ccc(O)cc2)NC(=O)CCSCCC(C(=O)N(CC(=O)NC(CC(C)C)C(=O)NCC(N)=O)Cc2cccc(C)c2)NC(=O)C(CC(N)=O)NC(=O)C(CCC(N)=O)NC1=O,0,0,0,0,0,0,0,0,0,0,0,0,0,0,0,0,0,0,0,0,0,0,0,0,0,0,0,0,0,0,0,0,0,0,0,0,0,0,0,0,0,0,0,0,0,0,0,0,0,0,0,0,0,0,0,0,0,0,0,0,0,0,0,0,0,0,0,0,0,0,0,0,0,0,0,0,0,0,0,0,0,0,0,0,0,0,0,0,0,0,0,0,0,0,0,0,0,0,0,0,0,0,0,0,0,0,0,0,0,0,0,0,0,0,0,0,0,0,0,0,0,0,0,0,0,0,0,0,0,0,0,0,0,0,0,0,0,0,0,0,0,0,0,0,0,0,0,0,0,0,0,0,0,0,0,0,0,0,0,0,0,0,0,0,0,0,0,0,0,0,0,0,0,0,0,0,0,0,0,0,0,0,0,0,0,2,4,1,2,2,2,2,3,2,3,2,4,2,2,3,2,0,0,0,0,0,0,0,0,0,0,0,0,0,0,0,0,3,2,2,1,0,0,0,0,0,0,0,0,0,0,0,0,0,0,0,0,0,1,1,2,4,1,3,0,0,0,0,0,0,0,0,0,0,0,5,3,0,0,0,0,0,0,0,0,0,0,0,0,0,0,0,0,0,0,0,0,0,0,0,0,0,0,0,0,0,0,0,0,0,0,0,0,0,0,0,0,0,0,0,0,0,0,0,0,0,0,0,0,0,0,0,0,0,0,0,0,0,0,0,0,0,0,0,0,0,0,0,0,0,0,0,0,0,0,0,0,0,0,0,0,0,0,0,0,0,0,0,0,0,0,0,0,0,0,0,0,0,0,0,0,0,0,0,0,0,0,0,0,0,0,0,0,0,0,0,0,0,0,0,0,0,0,0,0,0,0,0,0,0,0,0,0,0,0,0,0,0,0,0,0,0,0,0,0,0,0,0,0,0,0,0,0,0,0,0,0,0,0,0,0,0,0,0,0,0,0,0,0,0,0,0,0,2,1,1,1,5,5,3,0,0,0,0,0,0,0,0,0,0,0,0,0,0,0,0,0,0,0,0,0,0,0,0,0,0,0,0,0,0,0,0,0,0,0,0,0,0,0,0,0,0,0,0,0,0,0,0,0,0,0,0,0,0,0,0,0,0,0,0,0,0,0,0,0,0,0,0,0,0,0,0,0,0,0,0,0,0,0,0,0,0,0,0,0,0,0,0,0,0,0,0,0,0,0,0,0,0,0,0,0,0,0,0,0,0,0,0,0,0,0,0,0,0,0,0,0,0,0,0,0,0,0,0,0,0,0,0,0,0,0,0,0,0,0,0,0,0,0,0,0,0,0,0,0,0,0,0,0,4,2,2,2,5,2,4,2,0,0,0,0,0,0,0,0,0,0,0,0,0,0,0,0,0,2,2,2,1,2,0,2,2,0,0,0,0,0,0,0,0,0,0,0,2,2,2,2,3,1,3,2,1,0,0,0,0,0,0,2,2,2,2,2,0,0,5,0,0,0,0,3,3,0,0,0,0,0,0,0,0,0,0,0,5,3,5,5,0,0,0,0,0,3,0,0,0,0,0,0,0,5,2,2,2,2,2,5,0,0,0,0,0,0,0,0,0,0,0,0,0,0,0,5,2,3,0,2,2,4,0,0,0,0,0,0,0,0,0,0,0,0,0,0,0,0,0,0,0,0,0,0,0,0,0,0,0,0,0,0,0,0,2,2,2,2,2,2,3,2,2,0,0,0,0,0,0,0,0,0,0,0,0,0,0,0,0,0,0,0,0,0,0,0,0,1,3,2,2,0,0,0,0,0,0,0,0,0,0,0,0,0,0,0,0,0,0,0,0,0,0,0,0,0,0,0,0,0,2,4,2,3,2,5,2,2,1,0,1,4,2,0,0,0,0,0,2,1,0,0,0,0,0,0,0,0,0,0,0,0,0,0,0,0,0,0,0,0,0,0,0,0,0,0,0,0,0,0,0,0,0,0,0,0,0,0,0,0,0,0,0,0,0,0,0,5,0,2,2,5,0,2,2,3,2,2,1,2,2,2,0,0,0,3,3,2,2,0,0,0,0,0,0,0,0,0,0,0,0,2,2,0,0,0,0,0,0,0,0,0,0,0,0,0,0,0,0,0,0,0,0,0,0,0,0,0,0,0,0,0,0,0,2,2,3,2,4,5,0,0,0,0,0,0,0,0,0,0,0,0,0,0,0,0,0,0,0,0,0,0,0,0,0,0,0,0,0,0,0,0,0,0,1,0,0,0,0,0,0,0,0,0,0,0,0,0,0,0,0,0,0,0,0,0,0,0,0,0,0,2,2,0,0,0,0,0,0,2,0,1,3,1,2,0,0,0,0,0,0,0,0,0,0,0,0,0,0,0,0,0,0,0,0,0,0,0,0,0,0,0,0,5,3,0,0,0,0,2,5,5,0,0,5,3,0,0,0,0,0,0,0,0,0,0,0,0,0,0,0,4,5,0,0,0,0,2,2,2,0,0,0,0,2,2,3,2,2,0,0,0,1,1,2,2,2,3,0,0,2,1,3,2,5,0,0,0,0,0,0,0,0,0,0,0,0,2,2,3,0,0,0,0,0,0,0,0,0,0,0,0,0,0,0,0,0,0,0,0,0,0,0,0,0,0,0,0,0,0,0,0,0,0,0,0,0,0,0,2,5,0,0,0,0,4,0,0,0,0,0,0,0,0,0,0,0,0,0,0,0,0,0,0,0,0,0,0,0,0,0,0,0,0,0,0,0,0,0,0,0,0,0,0,0,0,0,0,0,0,0,0,0,0,0,0,0,0,0,0,0,0,0,0,0,0,0,0,0,0,0,0,0,0,0,0,0,0,0,0,0,0,0,0,0,0,0,0,0,0,0,0,0,0,0,0,0,0,0,2,2,0,0,4,1,2,2,4,0,0,0,0,0,1,2,2,2,0,0,0,0,0,0,0,0,0,0,0,0,0,0,0,0,0,0,0,0,0,0,0,0,0,0,0,0,0,0,0,0,0,0,0,0,0,0,0,0,0,0,0,2,2,0,0,0,0,0,0,0,0,0,0,0,0,0,0,0,0,3,1,2,1,1,0,0,0,0,5,0,0,0,0,0,0,0,2,2,0,0,0,0,0,0,0,0,2,3,2,2,0,0,0,3,2,2,2,2,0,2,2,1,2,2,0,2,2,0,0,0,0,0,0,0,0,0,0,0,0,0,0,0,0,0,0,2,2,1,0,0,0,0,0,0,0,0,0,0,0,0,0,0,0,0,2,1,2,2,3,2,0,0,0,0,0,0,0,5,2,0,0,0,0,0,0,0,0,0,0,0,0,0,0,0,0,2,3,0,0,0,0,0,0,0,0,0,0,0,0,0,0,0,0,0,0,0,0,0,0,0,0,0,0,0,0,0,0,0,0,0,0,0,0,0,0,0,0,0,0,0,3,2,5,2,0,0,0,0,0,0,0,0,0,0,0,0,0,0,0,0,0,0,0,0,0,0,0,0,0,0,0,0,0,0,0,0,0,0,0,0,0,0,0,0,0,0,0,0,0,0,0,0,0,0,0,0,0,0,0,0,0,0,0,0,0,0,0,0,0,0,0,0,0,0,0,0,0,0,0,0,0,0,0,0,0,0,0,0,0,0,0,0,0,0,0,0,0,0,0,0,0,0,0,0,0,0,0,0,0,0,0,0,0,0,0,0,0,0,0,0,0,0,0,0,0,0,0,0,0,0,0,0,0,0,0,0,0,0,0,0,0,0,0,5,3,2,2,2,2,2,2,4,2,1,4,1,2,2,2,1,4,1,1,5,2,2,2,2,5,2,3,3,2,5,2,2,3,5,0,0,0,0,0,0,0,0,0,0,0,0,0,0,0,0,0,0,0,0,0,0,0,2,5,2,5,3,2,0,0,0,0,0,0,0,0,5,0,0,0,2,3,2,2,2,2,0,0,0,0,0,2,2,2,2,2,0,0,0,1,2,3,1,2,2,2,0,0,0,0,0,2,3,2,2,3,2,2,4,2,0,0,0,0,0,0,0,0,3,2,1,5,4,2,0,0,0,0,3,0,0,0,0,0,0,0,0,0,0,0,0,0,0,0,0,0,2,0,0,2,0,0,0,0,0,0,0,0,0,0,0,0,0,0,0,0,0,0,0,0,0,0,0,0,0,0,0,0,0,0,0,0,0,0,0,0,0,0,0,0,0,0,0,0,0,0,0,0,0,0,0,0,0,0,0,0,0,0,0,0,0,0,0,0,0,0,0,0,0,0,0,0,0,0,0,0,0,2,2,0,2,0,0,0,0,0,2,2,2,0,2,3,2,3,3,1,1,3,1,2,2,0,0,0,0,0,0,0,2,2,2,2,3,1,5,2,2,5,0,4,2,0,0,0,0,2,3,5,2,0,0,0,0,0,0,0,0,0,0,0,0,0,0,0,0,0,0,0,0,0,0,0,0,0,0,0,0,0,0,0,0,0,0,0,0,0,0,0,0,0,0,0,0,0,0,0,0,0,0,0,0,0,0,0,0,0,0,0,0,0,0,0,0,0,0,0,0,0,0,0,0,0,0,0,0,0,0,0,0,0,0,0,0,0,0,0,0,0,0,0,0,0,0,0,0,2,1,1,3,2,3,2,2,5,1,5,5,2,1,4,3,0,0,0,0,0,0,0,0,0,0,0,0,0,0,0,0,0,0,0,0,0,0,0,0,0,0,0,0,0,0,0,0,0,0,0,0,0,0,0,0,0,0,0,0,0,0,0,0,0,0,0,0,0,0,0,0,0,0,0,0,0,0,0,0,0,0,0,0,0,0,0,0,0,0,0,0,0,0,0,0,0,0,0,0,0,0,0,0,0,0,0,0,0,0,0,0,0,0,0,0,0,0,0,0,0,0,0,0,0,0,0,0,0,0,0,0,0,0,0,0,0,0,0,0,0,0,0,0,0,0,0,0,0,0,0,0,0,0,0,0,0,0,0,0,0,0,0,0,0,0,0,0,0,0,0,0,0,0,0,0,0,0,0,0,0,0,0,0,0,0,0,0,0,0,0,0,0,0,0,0,0,0,0,0,0,0,0,0,0,0,0,0,0,0,0,0,0,0,0,0,0,0,0,0,0,0,0,0,0,0,0,0,0,0,0,0,0,0,0,0,0,0,0,0,0,0,0,0,0,0,0,0,0,0,0,0,0,0,0,0,0,0,0,0,0,0,0,0,0,0,0,0,0,0,0,0,0,0,0,0,0,0,0,0,0,0,0,0,0,0,0,0,0,0,0,0,0,0,0,0,0,0,0,0,3,2,3,5,5,3,3,3,3,3,2,2,2,3,5,5,3,0,0,0,0,0,0,0,0,0,0,0,0,0,0,0,0,0,0,0,0,0,0,0,0,0,0,0,0,0,0,0,0,0,0,0,0,0,0,0,0,0,0,0,0,0,0,0,0,0,0,0,0,0,0,0,0,0,0,0,0,0,0,0,0,0,0,0,0,0,0,0,0,0,0,0,0,0,0,0,0,0,0,0,0,0,0,0,0,0,0,0,0,0,0,0,0,0,0,0,0,0,0,0,0,0,0,0,0,0,0,0,0,0,0,0,0,0,0,0,0,0,0,0,0,0,0,0,0,0,3,3,3,5,3,1,3,3,1,3,3,2,0,0,0,0,0,0,0,0,0,0,0,0,0,0,0,0,0,0,0,0,0,0,0,0,0,0,0,0,0,0,0,0,0,0,0,0,0,0,0,0,0,0,0,0,0,0,0,0,0,0,0,0,0,0,0,0,1.5337809324264526,-4.938737392425537,-5.781183242797852,8.47256088256836,5.7606306076049805,-15.616729736328123,-31.394994735717773,-6.041186809539795,26.96177864074707,-3.319082021713257,1.5101332664489746,21.032360076904297,-2.980671167373657,13.259462356567385,-32.01640701293945,0.0634393692016601,24.43834114074707,-27.53058242797852,-29.50259017944336,34.39635467529297,7.5603766441345215,18.609901428222656,58.886138916015625,16.781827926635742,-18.31285858154297,6.225961208343506,-14.955422401428224,-38.173824310302734,3.137103080749512,-11.474899291992188,23.43172836303711,-10.948246002197266,-16.034631729125977,-2.8101449012756348,-1.2781057357788086,9.252398490905762,3.966342926025391,-1.53344464302063,21.611377716064453,19.38629722595215,0.9140793681144714,0.2240100651979446,-7.517059326171875,-10.179335594177246,-28.416025161743164,18.18378448486328,11.061542510986328,38.41936874389648,-10.537304878234863,2.9975292682647705,12.49208641052246,-26.387094497680664,0.3122810423374176,-22.136510848999023,-32.66843795776367,-23.349061965942383,-14.010537147521973,12.16597843170166,6.270916938781738,9.868255615234377,1.5300449132919312,-18.215715408325195,-17.14571762084961,12.555737495422363,-43.98749542236328,3.268096685409546,21.26052474975586,10.391871452331545,-18.06211471557617,-1.4870320558547974,-8.061153411865234,11.554869651794434,16.880117416381836,-31.624727249145508,-5.26672887802124,7.624392509460449,-28.39212226867676,2.759554386138916,6.965037345886231,2.361733675003052,18.452375411987305,1.387041449546814,-11.385713577270508,-39.32943344116211,16.72063446044922,-11.037481307983398,-13.601181983947754,4.1237311363220215,8.516562461853027,-2.3638012409210205,9.246503829956056,14.282145500183104,16.0928955078125,9.838942527770996,4.95468282699585,-3.6482222080230713,20.87752342224121,10.401137351989746,18.171119689941406,-7.6347455978393555,-9.77159023284912,-22.169118881225582,-24.79233169555664,-15.48102855682373,11.824355125427246,-31.43768882751465,-15.321990966796877,13.11752986907959,7.895275115966797,-19.52867889404297,-24.385400772094727,16.321617126464844,12.530893325805664,-13.28599452972412,-2.528918981552124,-10.98867130279541,18.502599716186523,23.901878356933597,-4.655139923095703,7.2347893714904785,-16.216432571411133,13.520670890808104,-3.6855673789978023,32.66381072998047,1.1737730503082275,-35.336639404296875,-32.65503692626953,2.4776177406311035,-15.20486831665039,1.4315564632415771,0.2434748411178589,-4.564121723175049,16.129878997802734,42.23941802978516,4.589417457580566,33.0978889465332,2.5786328315734863,-6.891255855560303,19.386058807373047,-13.332249641418455,26.180007934570312,0.2907667756080627,-8.761478424072266,-3.497064113616944,17.073650360107422,6.959761619567871,7.739556789398193,5.930822849273682,13.938000679016112,34.01116180419922,-1.2677310705184937,16.060632705688477,18.23014068603516,-22.817731857299805,-4.589804649353027,0.6178804636001587,-17.776592254638672,-7.457469463348389,0.9677022695541382,-19.62334632873535,4.93201208114624,12.665989875793455,-13.41640281677246,7.204535007476807,15.78718090057373,-27.05514144897461,10.585516929626465,-8.732095718383789,3.911783456802368,17.39969253540039,-14.592211723327637,-20.891176223754883,37.69571685791016,-7.660886764526367,12.208853721618652,-2.227325201034546,13.507691383361816,-6.054748058319092,-15.44314670562744,24.338632583618164,-15.214134216308594,25.37377548217773,-0.1407368928194046,29.958518981933597,12.350079536437988,-11.598274230957031,2.323994874954224,3.061777114868164,-7.574141979217529,-18.17514991760254,2.238184928894043,-6.844807624816895,-16.439725875854492,5.375236034393311,13.039423942565918,5.789063453674316,-1.8989022970199585,-27.48600578308105,-7.930770397186279,-9.466885566711426,0.2519822120666504,-6.081015586853027,11.226139068603516,-5.247079372406006,-3.7104806900024414,-5.293912410736084,33.297401428222656,27.905370712280277,28.564912796020508,-15.118185997009276,34.55830001831055,-0.6302229762077332,33.022247314453125,-15.159496307373049,13.41352653503418,0.0649340972304344,14.37732982635498,11.415759086608888,-12.317991256713867,16.457040786743164,12.414789199829102,-21.075788497924805,-9.287419319152832,1.3072861433029177,6.949112415313721,-14.445576667785645,-4.043924808502197,-0.3398895561695099,14.607318878173828,-27.748544692993164,6.596442222595215,-5.592056274414063,-22.0240478515625,-26.118066787719727,2.7906460762023926,-26.63030433654785,-6.4258904457092285,-10.033573150634766,-8.229753494262695,30.29220199584961,17.833459854125977,-24.82055282592773,19.000652313232425,-6.238125801086426,-5.033485889434815,23.75351905822754,-44.14982223510742,-15.735061645507812,3.2202742099761963,9.85594654083252,-49.17478561401367,10.762337684631348,9.348640441894531,-5.121497631072998,-26.461212158203125,16.473766326904297,3.912567853927612,-18.424598693847656,31.626707077026367,-26.14410972595215,-9.650001525878906,11.992349624633787,2.5021281242370605,17.86700439453125,-3.645401954650879,-24.516172409057617,-13.961636543273926,2.852710962295532,6.41554069519043,-20.52348518371582,0.3646162152290344,13.181872367858888,-13.63328742980957,5.187575817108154,-0.2713736295700073,-20.223344802856445,-9.608857154846191,-10.536097526550291,-10.655767440795898,19.925996780395508,-15.480475425720217,-17.905452728271484,-26.75699615478516,-15.165348052978516,-11.292086601257324,12.714567184448242,1.1853457689285278,-2.3562796115875244,-13.208541870117188,-8.88861083984375,6.314566612243652,32.83238220214844,15.785442352294922,11.091580390930176,-28.624818801879883,-18.918642044067383,-14.757554054260254,-22.53492546081543,-42.90210723876953,-3.4863083362579346,1.0,0.01
OXYR_HUMAN,CHEMBL3353950,CCC(C)C1NC(=O)C(Cc2ccc(O)cc2)NC(=O)CCSSCC(C(=O)N(CC(=O)NC(CC(C)C)C(=O)NCC(N)=O)Cc2ccccn2)NC(=O)C(CC(N)=O)NC(=O)C(CCC(N)=O)NC1=O,0,0,0,0,0,0,0,0,0,0,0,0,0,0,0,0,0,0,0,0,0,0,0,0,0,0,0,0,0,0,0,0,0,0,0,0,0,0,0,0,0,0,0,0,0,0,0,0,0,0,0,0,0,0,0,0,0,0,0,0,0,0,0,0,0,0,0,0,0,0,0,0,0,0,0,0,0,0,0,0,0,0,0,0,0,0,0,0,0,0,0,0,0,0,0,0,0,0,0,0,0,0,0,0,0,0,0,0,0,0,0,0,0,0,0,0,0,0,0,0,0,0,0,0,0,0,0,0,0,0,0,0,0,0,0,0,0,0,0,0,0,0,0,0,0,0,0,0,0,0,0,0,0,0,0,0,0,0,0,0,0,0,0,0,0,0,0,0,0,0,0,0,0,0,0,0,0,0,0,0,0,0,0,0,0,2,4,1,2,2,2,2,3,2,3,2,4,2,2,3,2,0,0,0,0,0,0,0,0,0,0,0,0,0,0,0,0,3,2,2,1,0,0,0,0,0,0,0,0,0,0,0,0,0,0,0,0,0,1,1,2,4,1,3,0,0,0,0,0,0,0,0,0,0,0,5,3,0,0,0,0,0,0,0,0,0,0,0,0,0,0,0,0,0,0,0,0,0,0,0,0,0,0,0,0,0,0,0,0,0,0,0,0,0,0,0,0,0,0,0,0,0,0,0,0,0,0,0,0,0,0,0,0,0,0,0,0,0,0,0,0,0,0,0,0,0,0,0,0,0,0,0,0,0,0,0,0,0,0,0,0,0,0,0,0,0,0,0,0,0,0,0,0,0,0,0,0,0,0,0,0,0,0,0,0,0,0,0,0,0,0,0,0,0,0,0,0,0,0,0,0,0,0,0,0,0,0,0,0,0,0,0,0,0,0,0,0,0,0,0,0,0,0,0,0,0,0,0,0,0,0,0,0,0,0,0,0,0,0,0,0,0,0,0,0,0,0,0,0,0,0,0,0,2,1,1,1,5,5,3,0,0,0,0,0,0,0,0,0,0,0,0,0,0,0,0,0,0,0,0,0,0,0,0,0,0,0,0,0,0,0,0,0,0,0,0,0,0,0,0,0,0,0,0,0,0,0,0,0,0,0,0,0,0,0,0,0,0,0,0,0,0,0,0,0,0,0,0,0,0,0,0,0,0,0,0,0,0,0,0,0,0,0,0,0,0,0,0,0,0,0,0,0,0,0,0,0,0,0,0,0,0,0,0,0,0,0,0,0,0,0,0,0,0,0,0,0,0,0,0,0,0,0,0,0,0,0,0,0,0,0,0,0,0,0,0,0,0,0,0,0,0,0,0,0,0,0,0,0,4,2,2,2,5,2,4,2,0,0,0,0,0,0,0,0,0,0,0,0,0,0,0,0,0,2,2,2,1,2,0,2,2,0,0,0,0,0,0,0,0,0,0,0,2,2,2,2,3,1,3,2,1,0,0,0,0,0,0,2,2,2,2,2,0,0,5,0,0,0,0,3,3,0,0,0,0,0,0,0,0,0,0,0,5,3,5,5,0,0,0,0,0,3,0,0,0,0,0,0,0,5,2,2,2,2,2,5,0,0,0,0,0,0,0,0,0,0,0,0,0,0,0,5,2,3,0,2,2,4,0,0,0,0,0,0,0,0,0,0,0,0,0,0,0,0,0,0,0,0,0,0,0,0,0,0,0,0,0,0,0,0,2,2,2,2,2,2,3,2,2,0,0,0,0,0,0,0,0,0,0,0,0,0,0,0,0,0,0,0,0,0,0,0,0,1,3,2,2,0,0,0,0,0,0,0,0,0,0,0,0,0,0,0,0,0,0,0,0,0,0,0,0,0,0,0,0,0,2,4,2,3,2,5,2,2,1,0,1,4,2,0,0,0,0,0,2,1,0,0,0,0,0,0,0,0,0,0,0,0,0,0,0,0,0,0,0,0,0,0,0,0,0,0,0,0,0,0,0,0,0,0,0,0,0,0,0,0,0,0,0,0,0,0,0,5,0,2,2,5,0,2,2,3,2,2,1,2,2,2,0,0,0,3,3,2,2,0,0,0,0,0,0,0,0,0,0,0,0,2,2,0,0,0,0,0,0,0,0,0,0,0,0,0,0,0,0,0,0,0,0,0,0,0,0,0,0,0,0,0,0,0,2,2,3,2,4,5,0,0,0,0,0,0,0,0,0,0,0,0,0,0,0,0,0,0,0,0,0,0,0,0,0,0,0,0,0,0,0,0,0,0,1,0,0,0,0,0,0,0,0,0,0,0,0,0,0,0,0,0,0,0,0,0,0,0,0,0,0,2,2,0,0,0,0,0,0,2,0,1,3,1,2,0,0,0,0,0,0,0,0,0,0,0,0,0,0,0,0,0,0,0,0,0,0,0,0,0,0,0,0,5,3,0,0,0,0,2,5,5,0,0,5,3,0,0,0,0,0,0,0,0,0,0,0,0,0,0,0,4,5,0,0,0,0,2,2,2,0,0,0,0,2,2,3,2,2,0,0,0,1,1,2,2,2,3,0,0,2,1,3,2,5,0,0,0,0,0,0,0,0,0,0,0,0,2,2,3,0,0,0,0,0,0,0,0,0,0,0,0,0,0,0,0,0,0,0,0,0,0,0,0,0,0,0,0,0,0,0,0,0,0,0,0,0,0,0,2,5,0,0,0,0,4,0,0,0,0,0,0,0,0,0,0,0,0,0,0,0,0,0,0,0,0,0,0,0,0,0,0,0,0,0,0,0,0,0,0,0,0,0,0,0,0,0,0,0,0,0,0,0,0,0,0,0,0,0,0,0,0,0,0,0,0,0,0,0,0,0,0,0,0,0,0,0,0,0,0,0,0,0,0,0,0,0,0,0,0,0,0,0,0,0,0,0,0,0,2,2,0,0,4,1,2,2,4,0,0,0,0,0,1,2,2,2,0,0,0,0,0,0,0,0,0,0,0,0,0,0,0,0,0,0,0,0,0,0,0,0,0,0,0,0,0,0,0,0,0,0,0,0,0,0,0,0,0,0,0,2,2,0,0,0,0,0,0,0,0,0,0,0,0,0,0,0,0,3,1,2,1,1,0,0,0,0,5,0,0,0,0,0,0,0,2,2,0,0,0,0,0,0,0,0,2,3,2,2,0,0,0,3,2,2,2,2,0,2,2,1,2,2,0,2,2,0,0,0,0,0,0,0,0,0,0,0,0,0,0,0,0,0,0,2,2,1,0,0,0,0,0,0,0,0,0,0,0,0,0,0,0,0,2,1,2,2,3,2,0,0,0,0,0,0,0,5,2,0,0,0,0,0,0,0,0,0,0,0,0,0,0,0,0,2,3,0,0,0,0,0,0,0,0,0,0,0,0,0,0,0,0,0,0,0,0,0,0,0,0,0,0,0,0,0,0,0,0,0,0,0,0,0,0,0,0,0,0,0,3,2,5,2,0,0,0,0,0,0,0,0,0,0,0,0,0,0,0,0,0,0,0,0,0,0,0,0,0,0,0,0,0,0,0,0,0,0,0,0,0,0,0,0,0,0,0,0,0,0,0,0,0,0,0,0,0,0,0,0,0,0,0,0,0,0,0,0,0,0,0,0,0,0,0,0,0,0,0,0,0,0,0,0,0,0,0,0,0,0,0,0,0,0,0,0,0,0,0,0,0,0,0,0,0,0,0,0,0,0,0,0,0,0,0,0,0,0,0,0,0,0,0,0,0,0,0,0,0,0,0,0,0,0,0,0,0,0,0,0,0,0,0,5,3,2,2,2,2,2,2,4,2,1,4,1,2,2,2,1,4,1,1,5,2,2,2,2,5,2,3,3,2,5,2,2,3,5,0,0,0,0,0,0,0,0,0,0,0,0,0,0,0,0,0,0,0,0,0,0,0,2,5,2,5,3,2,0,0,0,0,0,0,0,0,5,0,0,0,2,3,2,2,2,2,0,0,0,0,0,2,2,2,2,2,0,0,0,1,2,3,1,2,2,2,0,0,0,0,0,2,3,2,2,3,2,2,4,2,0,0,0,0,0,0,0,0,3,2,1,5,4,2,0,0,0,0,3,0,0,0,0,0,0,0,0,0,0,0,0,0,0,0,0,0,2,0,0,2,0,0,0,0,0,0,0,0,0,0,0,0,0,0,0,0,0,0,0,0,0,0,0,0,0,0,0,0,0,0,0,0,0,0,0,0,0,0,0,0,0,0,0,0,0,0,0,0,0,0,0,0,0,0,0,0,0,0,0,0,0,0,0,0,0,0,0,0,0,0,0,0,0,0,0,0,0,2,2,0,2,0,0,0,0,0,2,2,2,0,2,3,2,3,3,1,1,3,1,2,2,0,0,0,0,0,0,0,2,2,2,2,3,1,5,2,2,5,0,4,2,0,0,0,0,2,3,5,2,0,0,0,0,0,0,0,0,0,0,0,0,0,0,0,0,0,0,0,0,0,0,0,0,0,0,0,0,0,0,0,0,0,0,0,0,0,0,0,0,0,0,0,0,0,0,0,0,0,0,0,0,0,0,0,0,0,0,0,0,0,0,0,0,0,0,0,0,0,0,0,0,0,0,0,0,0,0,0,0,0,0,0,0,0,0,0,0,0,0,0,0,0,0,0,0,2,1,1,3,2,3,2,2,5,1,5,5,2,1,4,3,0,0,0,0,0,0,0,0,0,0,0,0,0,0,0,0,0,0,0,0,0,0,0,0,0,0,0,0,0,0,0,0,0,0,0,0,0,0,0,0,0,0,0,0,0,0,0,0,0,0,0,0,0,0,0,0,0,0,0,0,0,0,0,0,0,0,0,0,0,0,0,0,0,0,0,0,0,0,0,0,0,0,0,0,0,0,0,0,0,0,0,0,0,0,0,0,0,0,0,0,0,0,0,0,0,0,0,0,0,0,0,0,0,0,0,0,0,0,0,0,0,0,0,0,0,0,0,0,0,0,0,0,0,0,0,0,0,0,0,0,0,0,0,0,0,0,0,0,0,0,0,0,0,0,0,0,0,0,0,0,0,0,0,0,0,0,0,0,0,0,0,0,0,0,0,0,0,0,0,0,0,0,0,0,0,0,0,0,0,0,0,0,0,0,0,0,0,0,0,0,0,0,0,0,0,0,0,0,0,0,0,0,0,0,0,0,0,0,0,0,0,0,0,0,0,0,0,0,0,0,0,0,0,0,0,0,0,0,0,0,0,0,0,0,0,0,0,0,0,0,0,0,0,0,0,0,0,0,0,0,0,0,0,0,0,0,0,0,0,0,0,0,0,0,0,0,0,0,0,0,0,0,0,0,3,2,3,5,5,3,3,3,3,3,2,2,2,3,5,5,3,0,0,0,0,0,0,0,0,0,0,0,0,0,0,0,0,0,0,0,0,0,0,0,0,0,0,0,0,0,0,0,0,0,0,0,0,0,0,0,0,0,0,0,0,0,0,0,0,0,0,0,0,0,0,0,0,0,0,0,0,0,0,0,0,0,0,0,0,0,0,0,0,0,0,0,0,0,0,0,0,0,0,0,0,0,0,0,0,0,0,0,0,0,0,0,0,0,0,0,0,0,0,0,0,0,0,0,0,0,0,0,0,0,0,0,0,0,0,0,0,0,0,0,0,0,0,0,0,0,3,3,3,5,3,1,3,3,1,3,3,2,0,0,0,0,0,0,0,0,0,0,0,0,0,0,0,0,0,0,0,0,0,0,0,0,0,0,0,0,0,0,0,0,0,0,0,0,0,0,0,0,0,0,0,0,0,0,0,0,0,0,0,0,0,0,0,0,1.2762876749038696,-5.055508136749268,-4.952785491943359,8.076430320739746,5.718353271484375,-16.070547103881836,-30.99469375610352,-5.985740184783936,26.767793655395508,-3.9314894676208496,0.985245645046234,21.644336700439453,-1.4485780000686646,13.206971168518066,-33.67673873901367,1.886206150054932,24.138402938842773,-28.78752899169922,-29.713733673095703,36.63777160644531,7.962775707244873,18.62883949279785,58.95095443725586,16.35030174255371,-17.74363136291504,7.146602153778076,-15.720125198364258,-37.860782623291016,2.1850624084472656,-11.775585174560549,22.786006927490234,-11.430845260620115,-16.07087516784668,-1.749713897705078,-1.9838032722473145,9.922719955444336,5.160161972045898,-1.826132893562317,20.934240341186523,20.068449020385746,3.5650534629821777,0.6338569521903992,-8.03488826751709,-9.484488487243652,-28.261249542236328,19.468061447143555,11.220157623291016,41.30305862426758,-9.315855979919434,1.0548670291900637,12.722625732421877,-26.691524505615234,-0.8386915326118469,-23.13036155700684,-31.442089080810547,-22.77437210083008,-15.212686538696287,13.79971408843994,4.703579902648926,9.906020164489746,2.310490131378174,-19.56979751586914,-17.560230255126953,13.992751121520996,-43.00643157958984,4.837407112121582,20.304523468017575,11.718195915222168,-18.230775833129883,-1.5028842687606812,-7.242939472198486,11.063122749328612,16.45514488220215,-31.15319061279297,-3.373234748840332,7.195001602172852,-26.334348678588867,1.75554358959198,7.13416051864624,1.992686152458191,19.230928421020508,1.719734787940979,-12.351545333862305,-40.67060089111328,16.944133758544922,-12.10467529296875,-11.30589771270752,4.209557056427002,9.553452491760254,-3.0408947467803955,8.541085243225098,13.185590744018556,16.15342903137207,9.305684089660645,5.502021312713623,-4.7836737632751465,20.160627365112305,9.36012840270996,17.841882705688477,-8.993156433105469,-8.048731803894043,-21.21042251586914,-24.832489013671875,-13.695287704467772,11.466666221618652,-32.089622497558594,-14.44211769104004,12.72455596923828,8.08666706085205,-19.01315689086914,-23.67630958557129,15.63450813293457,10.660505294799805,-12.13434600830078,-3.939339637756348,-10.859275817871094,18.919967651367188,23.123151779174805,-4.35919189453125,6.381796836853027,-15.517087936401367,14.946953773498535,-3.326840877532959,32.79630279541016,0.517509937286377,-35.14377212524414,-32.097843170166016,3.1892008781433105,-14.626127243041992,1.3178067207336426,-0.0879751145839691,-4.717190742492676,15.884740829467772,42.25178909301758,5.368523597717285,31.51727867126465,1.623030662536621,-6.486690044403076,18.02811050415039,-13.286487579345703,25.98076629638672,-0.3061773777008056,-9.191925048828123,-3.9509336948394775,15.725638389587402,5.382381916046143,6.983818531036377,5.027708530426025,14.508219718933104,35.58262634277344,-1.42849600315094,16.434616088867188,18.272293090820312,-23.59462547302246,-4.840912342071533,0.8080288171768188,-18.76801109313965,-5.624332904815674,2.022849798202514,-19.70619773864746,6.822720050811768,12.507453918457031,-13.899316787719728,6.330957889556885,16.40988540649414,-27.494911193847656,11.379014015197754,-10.042403221130373,4.218756198883057,17.030269622802734,-14.345433235168455,-20.395893096923828,36.08173370361328,-7.581852436065674,13.382404327392578,-2.22055983543396,14.221790313720703,-5.210197925567627,-14.575329780578612,23.680383682250977,-14.060684204101562,24.755733489990234,-1.2063099145889282,29.961524963378903,12.126378059387209,-10.94424057006836,1.2148500680923462,3.7717578411102295,-7.827516555786133,-19.167556762695312,2.107317924499512,-8.367283821105957,-16.822717666625977,7.36384105682373,14.68544864654541,4.791427135467529,-0.7190437316894531,-28.747364044189453,-8.443239212036133,-9.648765563964844,-1.3906311988830566,-5.877602577209473,9.520570755004885,-5.5957112312316895,-4.620487213134766,-7.599740505218506,34.53460693359375,28.351184844970703,28.4018669128418,-16.01164436340332,32.89012908935547,-1.118626356124878,31.61651992797852,-15.755008697509766,12.566539764404297,1.0152662992477417,14.354680061340332,11.248698234558104,-11.738714218139648,16.09081268310547,10.80915069580078,-21.45945930480957,-10.476301193237305,0.7254906296730042,7.046765804290772,-14.227070808410645,-3.39202094078064,-0.2686188519001007,14.041220664978027,-27.845617294311523,6.752159118652344,-5.697993278503418,-22.59527015686035,-23.853195190429688,4.441527843475342,-27.16606903076172,-6.22545051574707,-9.697793960571287,-7.310462474822998,30.197162628173828,17.780080795288086,-27.69779586791992,18.836376190185547,-8.661019325256348,-4.524961471557617,23.36774635314941,-43.13052368164063,-15.990907669067385,4.1513776779174805,9.88666534423828,-48.22304534912109,10.184684753417969,8.1318359375,-6.69485330581665,-26.892518997192383,18.55506706237793,4.071966648101807,-18.55082893371582,32.29822540283203,-25.726301193237305,-9.707210540771484,10.429372787475586,3.5277581214904785,16.832395553588867,-3.52154541015625,-25.111032485961918,-13.349156379699709,2.134079694747925,6.077152729034424,-20.079818725585938,0.8908622860908508,12.507319450378418,-13.434747695922852,5.684874057769775,-0.0287192463874816,-21.37436294555664,-10.61788272857666,-10.137619018554688,-10.899538040161133,21.13900375366211,-15.46918773651123,-19.33802795410156,-25.884033203125,-13.689980506896973,-12.999770164489746,12.769968032836914,1.732350468635559,-1.5912748575210571,-11.84166145324707,-10.16428565979004,6.349450588226318,31.96123504638672,15.576475143432615,11.34393310546875,-27.907062530517575,-19.05599975585937,-14.640417098999023,-22.80342674255371,-43.6488037109375,-2.682270765304565,1.0,0.1139433523068367
OXYR_HUMAN,CHEMBL3245750,CCC(C)C1NC(=O)C(Cc2ccc(O)cc2)NC(=O)C(N)C(C)(C)SSCC(C(=O)N2CCCC2C(=O)NC(CC(C)C)C(=O)NCC(N)=O)NC(=O)C(CC(N)=O)NC(=O)C(CC(C)C)NC1=O,0,0,0,0,0,0,0,0,0,0,0,0,0,0,0,0,0,0,0,0,0,0,0,0,0,0,0,0,0,0,0,0,0,0,0,0,0,0,0,0,0,0,0,0,0,0,0,0,0,0,0,0,0,0,0,0,0,0,0,0,0,0,0,0,0,0,0,0,0,0,0,0,0,0,0,0,0,0,0,0,0,0,0,0,0,0,0,0,0,0,0,0,0,0,0,0,0,0,0,0,0,0,0,0,0,0,0,0,0,0,0,0,0,0,0,0,0,0,0,0,0,0,0,0,0,0,0,0,0,0,0,0,0,0,0,0,0,0,0,0,0,0,0,0,0,0,0,0,0,0,0,0,0,0,0,0,0,0,0,0,0,0,0,0,0,0,0,0,0,0,0,0,0,0,0,0,0,0,0,0,0,0,0,0,0,2,4,1,2,2,2,2,3,2,3,2,4,2,2,3,2,0,0,0,0,0,0,0,0,0,0,0,0,0,0,0,0,3,2,2,1,0,0,0,0,0,0,0,0,0,0,0,0,0,0,0,0,0,1,1,2,4,1,3,0,0,0,0,0,0,0,0,0,0,0,5,3,0,0,0,0,0,0,0,0,0,0,0,0,0,0,0,0,0,0,0,0,0,0,0,0,0,0,0,0,0,0,0,0,0,0,0,0,0,0,0,0,0,0,0,0,0,0,0,0,0,0,0,0,0,0,0,0,0,0,0,0,0,0,0,0,0,0,0,0,0,0,0,0,0,0,0,0,0,0,0,0,0,0,0,0,0,0,0,0,0,0,0,0,0,0,0,0,0,0,0,0,0,0,0,0,0,0,0,0,0,0,0,0,0,0,0,0,0,0,0,0,0,0,0,0,0,0,0,0,0,0,0,0,0,0,0,0,0,0,0,0,0,0,0,0,0,0,0,0,0,0,0,0,0,0,0,0,0,0,0,0,0,0,0,0,0,0,0,0,0,0,0,0,0,0,0,0,2,1,1,1,5,5,3,0,0,0,0,0,0,0,0,0,0,0,0,0,0,0,0,0,0,0,0,0,0,0,0,0,0,0,0,0,0,0,0,0,0,0,0,0,0,0,0,0,0,0,0,0,0,0,0,0,0,0,0,0,0,0,0,0,0,0,0,0,0,0,0,0,0,0,0,0,0,0,0,0,0,0,0,0,0,0,0,0,0,0,0,0,0,0,0,0,0,0,0,0,0,0,0,0,0,0,0,0,0,0,0,0,0,0,0,0,0,0,0,0,0,0,0,0,0,0,0,0,0,0,0,0,0,0,0,0,0,0,0,0,0,0,0,0,0,0,0,0,0,0,0,0,0,0,0,0,4,2,2,2,5,2,4,2,0,0,0,0,0,0,0,0,0,0,0,0,0,0,0,0,0,2,2,2,1,2,0,2,2,0,0,0,0,0,0,0,0,0,0,0,2,2,2,2,3,1,3,2,1,0,0,0,0,0,0,2,2,2,2,2,0,0,5,0,0,0,0,3,3,0,0,0,0,0,0,0,0,0,0,0,5,3,5,5,0,0,0,0,0,3,0,0,0,0,0,0,0,5,2,2,2,2,2,5,0,0,0,0,0,0,0,0,0,0,0,0,0,0,0,5,2,3,0,2,2,4,0,0,0,0,0,0,0,0,0,0,0,0,0,0,0,0,0,0,0,0,0,0,0,0,0,0,0,0,0,0,0,0,2,2,2,2,2,2,3,2,2,0,0,0,0,0,0,0,0,0,0,0,0,0,0,0,0,0,0,0,0,0,0,0,0,1,3,2,2,0,0,0,0,0,0,0,0,0,0,0,0,0,0,0,0,0,0,0,0,0,0,0,0,0,0,0,0,0,2,4,2,3,2,5,2,2,1,0,1,4,2,0,0,0,0,0,2,1,0,0,0,0,0,0,0,0,0,0,0,0,0,0,0,0,0,0,0,0,0,0,0,0,0,0,0,0,0,0,0,0,0,0,0,0,0,0,0,0,0,0,0,0,0,0,0,5,0,2,2,5,0,2,2,3,2,2,1,2,2,2,0,0,0,3,3,2,2,0,0,0,0,0,0,0,0,0,0,0,0,2,2,0,0,0,0,0,0,0,0,0,0,0,0,0,0,0,0,0,0,0,0,0,0,0,0,0,0,0,0,0,0,0,2,2,3,2,4,5,0,0,0,0,0,0,0,0,0,0,0,0,0,0,0,0,0,0,0,0,0,0,0,0,0,0,0,0,0,0,0,0,0,0,1,0,0,0,0,0,0,0,0,0,0,0,0,0,0,0,0,0,0,0,0,0,0,0,0,0,0,2,2,0,0,0,0,0,0,2,0,1,3,1,2,0,0,0,0,0,0,0,0,0,0,0,0,0,0,0,0,0,0,0,0,0,0,0,0,0,0,0,0,5,3,0,0,0,0,2,5,5,0,0,5,3,0,0,0,0,0,0,0,0,0,0,0,0,0,0,0,4,5,0,0,0,0,2,2,2,0,0,0,0,2,2,3,2,2,0,0,0,1,1,2,2,2,3,0,0,2,1,3,2,5,0,0,0,0,0,0,0,0,0,0,0,0,2,2,3,0,0,0,0,0,0,0,0,0,0,0,0,0,0,0,0,0,0,0,0,0,0,0,0,0,0,0,0,0,0,0,0,0,0,0,0,0,0,0,2,5,0,0,0,0,4,0,0,0,0,0,0,0,0,0,0,0,0,0,0,0,0,0,0,0,0,0,0,0,0,0,0,0,0,0,0,0,0,0,0,0,0,0,0,0,0,0,0,0,0,0,0,0,0,0,0,0,0,0,0,0,0,0,0,0,0,0,0,0,0,0,0,0,0,0,0,0,0,0,0,0,0,0,0,0,0,0,0,0,0,0,0,0,0,0,0,0,0,0,2,2,0,0,4,1,2,2,4,0,0,0,0,0,1,2,2,2,0,0,0,0,0,0,0,0,0,0,0,0,0,0,0,0,0,0,0,0,0,0,0,0,0,0,0,0,0,0,0,0,0,0,0,0,0,0,0,0,0,0,0,2,2,0,0,0,0,0,0,0,0,0,0,0,0,0,0,0,0,3,1,2,1,1,0,0,0,0,5,0,0,0,0,0,0,0,2,2,0,0,0,0,0,0,0,0,2,3,2,2,0,0,0,3,2,2,2,2,0,2,2,1,2,2,0,2,2,0,0,0,0,0,0,0,0,0,0,0,0,0,0,0,0,0,0,2,2,1,0,0,0,0,0,0,0,0,0,0,0,0,0,0,0,0,2,1,2,2,3,2,0,0,0,0,0,0,0,5,2,0,0,0,0,0,0,0,0,0,0,0,0,0,0,0,0,2,3,0,0,0,0,0,0,0,0,0,0,0,0,0,0,0,0,0,0,0,0,0,0,0,0,0,0,0,0,0,0,0,0,0,0,0,0,0,0,0,0,0,0,0,3,2,5,2,0,0,0,0,0,0,0,0,0,0,0,0,0,0,0,0,0,0,0,0,0,0,0,0,0,0,0,0,0,0,0,0,0,0,0,0,0,0,0,0,0,0,0,0,0,0,0,0,0,0,0,0,0,0,0,0,0,0,0,0,0,0,0,0,0,0,0,0,0,0,0,0,0,0,0,0,0,0,0,0,0,0,0,0,0,0,0,0,0,0,0,0,0,0,0,0,0,0,0,0,0,0,0,0,0,0,0,0,0,0,0,0,0,0,0,0,0,0,0,0,0,0,0,0,0,0,0,0,0,0,0,0,0,0,0,0,0,0,0,5,3,2,2,2,2,2,2,4,2,1,4,1,2,2,2,1,4,1,1,5,2,2,2,2,5,2,3,3,2,5,2,2,3,5,0,0,0,0,0,0,0,0,0,0,0,0,0,0,0,0,0,0,0,0,0,0,0,2,5,2,5,3,2,0,0,0,0,0,0,0,0,5,0,0,0,2,3,2,2,2,2,0,0,0,0,0,2,2,2,2,2,0,0,0,1,2,3,1,2,2,2,0,0,0,0,0,2,3,2,2,3,2,2,4,2,0,0,0,0,0,0,0,0,3,2,1,5,4,2,0,0,0,0,3,0,0,0,0,0,0,0,0,0,0,0,0,0,0,0,0,0,2,0,0,2,0,0,0,0,0,0,0,0,0,0,0,0,0,0,0,0,0,0,0,0,0,0,0,0,0,0,0,0,0,0,0,0,0,0,0,0,0,0,0,0,0,0,0,0,0,0,0,0,0,0,0,0,0,0,0,0,0,0,0,0,0,0,0,0,0,0,0,0,0,0,0,0,0,0,0,0,0,2,2,0,2,0,0,0,0,0,2,2,2,0,2,3,2,3,3,1,1,3,1,2,2,0,0,0,0,0,0,0,2,2,2,2,3,1,5,2,2,5,0,4,2,0,0,0,0,2,3,5,2,0,0,0,0,0,0,0,0,0,0,0,0,0,0,0,0,0,0,0,0,0,0,0,0,0,0,0,0,0,0,0,0,0,0,0,0,0,0,0,0,0,0,0,0,0,0,0,0,0,0,0,0,0,0,0,0,0,0,0,0,0,0,0,0,0,0,0,0,0,0,0,0,0,0,0,0,0,0,0,0,0,0,0,0,0,0,0,0,0,0,0,0,0,0,0,0,2,1,1,3,2,3,2,2,5,1,5,5,2,1,4,3,0,0,0,0,0,0,0,0,0,0,0,0,0,0,0,0,0,0,0,0,0,0,0,0,0,0,0,0,0,0,0,0,0,0,0,0,0,0,0,0,0,0,0,0,0,0,0,0,0,0,0,0,0,0,0,0,0,0,0,0,0,0,0,0,0,0,0,0,0,0,0,0,0,0,0,0,0,0,0,0,0,0,0,0,0,0,0,0,0,0,0,0,0,0,0,0,0,0,0,0,0,0,0,0,0,0,0,0,0,0,0,0,0,0,0,0,0,0,0,0,0,0,0,0,0,0,0,0,0,0,0,0,0,0,0,0,0,0,0,0,0,0,0,0,0,0,0,0,0,0,0,0,0,0,0,0,0,0,0,0,0,0,0,0,0,0,0,0,0,0,0,0,0,0,0,0,0,0,0,0,0,0,0,0,0,0,0,0,0,0,0,0,0,0,0,0,0,0,0,0,0,0,0,0,0,0,0,0,0,0,0,0,0,0,0,0,0,0,0,0,0,0,0,0,0,0,0,0,0,0,0,0,0,0,0,0,0,0,0,0,0,0,0,0,0,0,0,0,0,0,0,0,0,0,0,0,0,0,0,0,0,0,0,0,0,0,0,0,0,0,0,0,0,0,0,0,0,0,0,0,0,0,0,0,3,2,3,5,5,3,3,3,3,3,2,2,2,3,5,5,3,0,0,0,0,0,0,0,0,0,0,0,0,0,0,0,0,0,0,0,0,0,0,0,0,0,0,0,0,0,0,0,0,0,0,0,0,0,0,0,0,0,0,0,0,0,0,0,0,0,0,0,0,0,0,0,0,0,0,0,0,0,0,0,0,0,0,0,0,0,0,0,0,0,0,0,0,0,0,0,0,0,0,0,0,0,0,0,0,0,0,0,0,0,0,0,0,0,0,0,0,0,0,0,0,0,0,0,0,0,0,0,0,0,0,0,0,0,0,0,0,0,0,0,0,0,0,0,0,0,3,3,3,5,3,1,3,3,1,3,3,2,0,0,0,0,0,0,0,0,0,0,0,0,0,0,0,0,0,0,0,0,0,0,0,0,0,0,0,0,0,0,0,0,0,0,0,0,0,0,0,0,0,0,0,0,0,0,0,0,0,0,0,0,0,0,0,0,-0.6295172572135925,-6.14984655380249,-5.118330001831055,7.106103897094727,4.3866705894470215,-18.17218971252441,-30.29986953735352,-6.003597736358643,23.862064361572266,-5.030486106872559,8.098362922668457,20.03229713439941,5.683647632598877,12.99117660522461,-29.537261962890625,-1.803367257118225,26.230403900146484,-26.03246688842773,-27.90675163269043,36.44060516357422,9.026673316955566,17.9392032623291,54.73874282836914,16.253944396972656,-19.240942001342773,7.245360374450684,-15.059955596923828,-35.996036529541016,2.0873231887817383,-17.60540771484375,22.31814384460449,-10.542977333068848,-17.976036071777344,1.6546155214309692,-0.8821135759353638,10.750384330749512,6.146442413330078,-3.049723625183105,22.74815368652344,20.703763961791992,2.41929292678833,3.077127456665039,-5.504172801971436,-10.857427597045898,-23.128999710083008,22.83485984802246,9.183477401733398,38.70360565185547,-8.651556015014648,-1.3960250616073608,8.450889587402344,-26.46686363220215,0.8387472033500671,-18.630470275878903,-36.035301208496094,-22.956449508666992,-16.08757972717285,18.100923538208008,5.956267356872559,9.58874797821045,0.8618440628051758,-18.08590507507324,-20.300012588500977,14.380199432373049,-45.706085205078125,5.788985729217529,23.142475128173828,9.95677661895752,-18.18509101867676,-1.2884721755981443,-8.542008399963379,13.788800239562988,12.478574752807615,-29.77281379699707,-2.013633251190185,4.569244861602783,-26.99280166625977,0.9395663738250732,8.571819305419922,0.5734661221504211,18.50170516967773,-0.3379879295825958,-8.619625091552734,-37.39501190185547,21.06769752502441,-12.40609359741211,-12.766681671142578,4.539194583892822,8.21074104309082,-0.8944491147994995,4.764184951782227,14.223822593688965,14.134886741638184,2.110511302947998,8.735343933105469,-4.746433258056641,20.53072738647461,8.24031925201416,20.951988220214844,-12.903033256530762,-11.347392082214355,-20.32895278930664,-24.832225799560547,-13.57123565673828,11.758657455444336,-31.73303604125977,-16.464548110961914,14.417672157287598,7.836723327636719,-19.94695854187012,-23.640161514282227,15.280373573303224,10.53839874267578,-12.132140159606934,-3.246798038482666,-6.91941499710083,21.13934326171875,24.14794921875,-4.200208187103272,4.391988754272461,-9.401260375976562,16.43035125732422,1.5067938566207886,32.02279281616211,3.0584394931793213,-37.67195129394531,-29.20708274841309,2.462118148803711,-15.963251113891602,-3.034385681152344,-0.9040803909301758,-4.262190818786621,14.704534530639648,40.11279296875,6.159212589263916,32.50208282470703,-1.0709290504455566,-8.304668426513672,20.1472110748291,-14.470037460327148,25.86298179626465,-2.8881404399871826,-10.707082748413086,-8.129298210144043,13.368401527404783,3.3976945877075195,8.170492172241211,6.309278964996338,12.393521308898926,32.93870162963867,-2.2813589572906494,18.118989944458008,18.731483459472656,-21.867481231689453,-4.841533660888672,0.7966173887252808,-16.111896514892578,-0.7412862181663513,0.0529996901750564,-17.886022567749023,6.145757675170898,13.85032081604004,-11.689652442932127,8.270841598510742,17.798782348632812,-26.78569984436035,10.627687454223633,-10.116729736328123,0.9847344756126404,17.994665145874023,-13.971470832824709,-23.64398956298828,34.293121337890625,-4.817071437835693,16.860553741455078,-4.087482929229736,12.409221649169922,-1.1107008457183838,-10.77523708343506,22.86038589477539,-12.910319328308104,21.7581844329834,-2.028414011001587,32.526649475097656,9.41802215576172,-8.379732131958008,2.1625897884368896,0.9510104656219482,-3.081930160522461,-19.17009162902832,2.316981792449951,-5.927982330322266,-19.12651824951172,4.5029616355896,14.066181182861328,5.194015502929688,1.6449083089828491,-30.992748260498047,-5.2008056640625,-8.152132987976074,-1.3563239574432373,-4.55783224105835,7.492249965667725,-4.090517997741699,-1.9155789613723757,-4.041006565093994,30.521934509277344,27.878196716308597,26.07214736938477,-13.718164443969728,31.610933303833008,-1.6147242784500122,35.06923294067383,-14.281868934631348,13.865294456481934,-4.720864772796631,14.161517143249512,14.307629585266112,-11.392515182495115,12.057059288024902,12.035635948181152,-20.04583549499512,-12.077872276306152,2.252206802368164,7.235019683837891,-17.6674861907959,-7.010372161865234,-5.741465091705322,12.40611457824707,-26.432126998901367,5.08031177520752,-5.611205101013184,-21.145225524902344,-25.141101837158203,4.62205171585083,-28.07010841369629,-1.6327621936798096,-8.832249641418457,-7.779351711273193,30.58345413208008,20.469438552856445,-30.39024543762207,19.362945556640625,-8.431170463562012,-0.0158010888844728,24.3753662109375,-41.89447784423828,-15.489347457885742,-2.849385976791382,13.027504920959473,-48.96147918701172,13.001128196716309,11.391329765319824,-6.946624279022217,-27.31475067138672,22.6772518157959,5.765141487121582,-17.670543670654297,32.1229133605957,-27.39119529724121,-5.689762115478516,7.457102298736572,2.091016292572021,16.958024978637695,-4.521425247192383,-24.505266189575195,-6.727145195007324,2.703927755355835,7.317929267883301,-22.37687873840332,4.314327716827393,13.201544761657717,-13.440462112426758,2.6588244438171387,1.766717791557312,-22.12586212158203,-12.28578281402588,-8.91880989074707,-10.566740036010742,20.81194877624512,-18.68811798095703,-20.85586166381836,-24.62601661682129,-17.71788787841797,-11.69827651977539,16.642410278320312,-1.357573628425598,-2.952308654785156,-12.046245574951172,-7.99334192276001,10.099384307861328,30.733386993408203,9.099276542663574,9.682716369628906,-29.801414489746094,-21.490699768066406,-16.224193572998047,-22.875694274902344,-45.39485931396485,-0.8483411073684692,-1.0,2.2299376859079336
OXYR_HUMAN,CHEMBL3342794,Cc1ccnc(-n2nccc2NS(=O)(=O)c2ccc(C(F)(F)F)cc2)c1,0,0,0,0,0,0,0,0,0,0,0,0,0,0,0,0,0,0,0,0,0,0,0,0,0,0,0,0,0,0,0,0,0,0,0,0,0,0,0,0,0,0,0,0,0,0,0,0,0,0,0,0,0,0,0,0,0,0,0,0,0,0,0,0,0,0,0,0,0,0,0,0,0,0,0,0,0,0,0,0,0,0,0,0,0,0,0,0,0,0,0,0,0,0,0,0,0,0,0,0,0,0,0,0,0,0,0,0,0,0,0,0,0,0,0,0,0,0,0,0,0,0,0,0,0,0,0,0,0,0,0,0,0,0,0,0,0,0,0,0,0,0,0,0,0,0,0,0,0,0,0,0,0,0,0,0,0,0,0,0,0,0,0,0,0,0,0,0,0,0,0,0,0,0,0,0,0,0,0,0,0,0,0,0,0,2,4,1,2,2,2,2,3,2,3,2,4,2,2,3,2,0,0,0,0,0,0,0,0,0,0,0,0,0,0,0,0,3,2,2,1,0,0,0,0,0,0,0,0,0,0,0,0,0,0,0,0,0,1,1,2,4,1,3,0,0,0,0,0,0,0,0,0,0,0,5,3,0,0,0,0,0,0,0,0,0,0,0,0,0,0,0,0,0,0,0,0,0,0,0,0,0,0,0,0,0,0,0,0,0,0,0,0,0,0,0,0,0,0,0,0,0,0,0,0,0,0,0,0,0,0,0,0,0,0,0,0,0,0,0,0,0,0,0,0,0,0,0,0,0,0,0,0,0,0,0,0,0,0,0,0,0,0,0,0,0,0,0,0,0,0,0,0,0,0,0,0,0,0,0,0,0,0,0,0,0,0,0,0,0,0,0,0,0,0,0,0,0,0,0,0,0,0,0,0,0,0,0,0,0,0,0,0,0,0,0,0,0,0,0,0,0,0,0,0,0,0,0,0,0,0,0,0,0,0,0,0,0,0,0,0,0,0,0,0,0,0,0,0,0,0,0,0,2,1,1,1,5,5,3,0,0,0,0,0,0,0,0,0,0,0,0,0,0,0,0,0,0,0,0,0,0,0,0,0,0,0,0,0,0,0,0,0,0,0,0,0,0,0,0,0,0,0,0,0,0,0,0,0,0,0,0,0,0,0,0,0,0,0,0,0,0,0,0,0,0,0,0,0,0,0,0,0,0,0,0,0,0,0,0,0,0,0,0,0,0,0,0,0,0,0,0,0,0,0,0,0,0,0,0,0,0,0,0,0,0,0,0,0,0,0,0,0,0,0,0,0,0,0,0,0,0,0,0,0,0,0,0,0,0,0,0,0,0,0,0,0,0,0,0,0,0,0,0,0,0,0,0,0,4,2,2,2,5,2,4,2,0,0,0,0,0,0,0,0,0,0,0,0,0,0,0,0,0,2,2,2,1,2,0,2,2,0,0,0,0,0,0,0,0,0,0,0,2,2,2,2,3,1,3,2,1,0,0,0,0,0,0,2,2,2,2,2,0,0,5,0,0,0,0,3,3,0,0,0,0,0,0,0,0,0,0,0,5,3,5,5,0,0,0,0,0,3,0,0,0,0,0,0,0,5,2,2,2,2,2,5,0,0,0,0,0,0,0,0,0,0,0,0,0,0,0,5,2,3,0,2,2,4,0,0,0,0,0,0,0,0,0,0,0,0,0,0,0,0,0,0,0,0,0,0,0,0,0,0,0,0,0,0,0,0,2,2,2,2,2,2,3,2,2,0,0,0,0,0,0,0,0,0,0,0,0,0,0,0,0,0,0,0,0,0,0,0,0,1,3,2,2,0,0,0,0,0,0,0,0,0,0,0,0,0,0,0,0,0,0,0,0,0,0,0,0,0,0,0,0,0,2,4,2,3,2,5,2,2,1,0,1,4,2,0,0,0,0,0,2,1,0,0,0,0,0,0,0,0,0,0,0,0,0,0,0,0,0,0,0,0,0,0,0,0,0,0,0,0,0,0,0,0,0,0,0,0,0,0,0,0,0,0,0,0,0,0,0,5,0,2,2,5,0,2,2,3,2,2,1,2,2,2,0,0,0,3,3,2,2,0,0,0,0,0,0,0,0,0,0,0,0,2,2,0,0,0,0,0,0,0,0,0,0,0,0,0,0,0,0,0,0,0,0,0,0,0,0,0,0,0,0,0,0,0,2,2,3,2,4,5,0,0,0,0,0,0,0,0,0,0,0,0,0,0,0,0,0,0,0,0,0,0,0,0,0,0,0,0,0,0,0,0,0,0,1,0,0,0,0,0,0,0,0,0,0,0,0,0,0,0,0,0,0,0,0,0,0,0,0,0,0,2,2,0,0,0,0,0,0,2,0,1,3,1,2,0,0,0,0,0,0,0,0,0,0,0,0,0,0,0,0,0,0,0,0,0,0,0,0,0,0,0,0,5,3,0,0,0,0,2,5,5,0,0,5,3,0,0,0,0,0,0,0,0,0,0,0,0,0,0,0,4,5,0,0,0,0,2,2,2,0,0,0,0,2,2,3,2,2,0,0,0,1,1,2,2,2,3,0,0,2,1,3,2,5,0,0,0,0,0,0,0,0,0,0,0,0,2,2,3,0,0,0,0,0,0,0,0,0,0,0,0,0,0,0,0,0,0,0,0,0,0,0,0,0,0,0,0,0,0,0,0,0,0,0,0,0,0,0,2,5,0,0,0,0,4,0,0,0,0,0,0,0,0,0,0,0,0,0,0,0,0,0,0,0,0,0,0,0,0,0,0,0,0,0,0,0,0,0,0,0,0,0,0,0,0,0,0,0,0,0,0,0,0,0,0,0,0,0,0,0,0,0,0,0,0,0,0,0,0,0,0,0,0,0,0,0,0,0,0,0,0,0,0,0,0,0,0,0,0,0,0,0,0,0,0,0,0,0,2,2,0,0,4,1,2,2,4,0,0,0,0,0,1,2,2,2,0,0,0,0,0,0,0,0,0,0,0,0,0,0,0,0,0,0,0,0,0,0,0,0,0,0,0,0,0,0,0,0,0,0,0,0,0,0,0,0,0,0,0,2,2,0,0,0,0,0,0,0,0,0,0,0,0,0,0,0,0,3,1,2,1,1,0,0,0,0,5,0,0,0,0,0,0,0,2,2,0,0,0,0,0,0,0,0,2,3,2,2,0,0,0,3,2,2,2,2,0,2,2,1,2,2,0,2,2,0,0,0,0,0,0,0,0,0,0,0,0,0,0,0,0,0,0,2,2,1,0,0,0,0,0,0,0,0,0,0,0,0,0,0,0,0,2,1,2,2,3,2,0,0,0,0,0,0,0,5,2,0,0,0,0,0,0,0,0,0,0,0,0,0,0,0,0,2,3,0,0,0,0,0,0,0,0,0,0,0,0,0,0,0,0,0,0,0,0,0,0,0,0,0,0,0,0,0,0,0,0,0,0,0,0,0,0,0,0,0,0,0,3,2,5,2,0,0,0,0,0,0,0,0,0,0,0,0,0,0,0,0,0,0,0,0,0,0,0,0,0,0,0,0,0,0,0,0,0,0,0,0,0,0,0,0,0,0,0,0,0,0,0,0,0,0,0,0,0,0,0,0,0,0,0,0,0,0,0,0,0,0,0,0,0,0,0,0,0,0,0,0,0,0,0,0,0,0,0,0,0,0,0,0,0,0,0,0,0,0,0,0,0,0,0,0,0,0,0,0,0,0,0,0,0,0,0,0,0,0,0,0,0,0,0,0,0,0,0,0,0,0,0,0,0,0,0,0,0,0,0,0,0,0,0,5,3,2,2,2,2,2,2,4,2,1,4,1,2,2,2,1,4,1,1,5,2,2,2,2,5,2,3,3,2,5,2,2,3,5,0,0,0,0,0,0,0,0,0,0,0,0,0,0,0,0,0,0,0,0,0,0,0,2,5,2,5,3,2,0,0,0,0,0,0,0,0,5,0,0,0,2,3,2,2,2,2,0,0,0,0,0,2,2,2,2,2,0,0,0,1,2,3,1,2,2,2,0,0,0,0,0,2,3,2,2,3,2,2,4,2,0,0,0,0,0,0,0,0,3,2,1,5,4,2,0,0,0,0,3,0,0,0,0,0,0,0,0,0,0,0,0,0,0,0,0,0,2,0,0,2,0,0,0,0,0,0,0,0,0,0,0,0,0,0,0,0,0,0,0,0,0,0,0,0,0,0,0,0,0,0,0,0,0,0,0,0,0,0,0,0,0,0,0,0,0,0,0,0,0,0,0,0,0,0,0,0,0,0,0,0,0,0,0,0,0,0,0,0,0,0,0,0,0,0,0,0,0,2,2,0,2,0,0,0,0,0,2,2,2,0,2,3,2,3,3,1,1,3,1,2,2,0,0,0,0,0,0,0,2,2,2,2,3,1,5,2,2,5,0,4,2,0,0,0,0,2,3,5,2,0,0,0,0,0,0,0,0,0,0,0,0,0,0,0,0,0,0,0,0,0,0,0,0,0,0,0,0,0,0,0,0,0,0,0,0,0,0,0,0,0,0,0,0,0,0,0,0,0,0,0,0,0,0,0,0,0,0,0,0,0,0,0,0,0,0,0,0,0,0,0,0,0,0,0,0,0,0,0,0,0,0,0,0,0,0,0,0,0,0,0,0,0,0,0,0,2,1,1,3,2,3,2,2,5,1,5,5,2,1,4,3,0,0,0,0,0,0,0,0,0,0,0,0,0,0,0,0,0,0,0,0,0,0,0,0,0,0,0,0,0,0,0,0,0,0,0,0,0,0,0,0,0,0,0,0,0,0,0,0,0,0,0,0,0,0,0,0,0,0,0,0,0,0,0,0,0,0,0,0,0,0,0,0,0,0,0,0,0,0,0,0,0,0,0,0,0,0,0,0,0,0,0,0,0,0,0,0,0,0,0,0,0,0,0,0,0,0,0,0,0,0,0,0,0,0,0,0,0,0,0,0,0,0,0,0,0,0,0,0,0,0,0,0,0,0,0,0,0,0,0,0,0,0,0,0,0,0,0,0,0,0,0,0,0,0,0,0,0,0,0,0,0,0,0,0,0,0,0,0,0,0,0,0,0,0,0,0,0,0,0,0,0,0,0,0,0,0,0,0,0,0,0,0,0,0,0,0,0,0,0,0,0,0,0,0,0,0,0,0,0,0,0,0,0,0,0,0,0,0,0,0,0,0,0,0,0,0,0,0,0,0,0,0,0,0,0,0,0,0,0,0,0,0,0,0,0,0,0,0,0,0,0,0,0,0,0,0,0,0,0,0,0,0,0,0,0,0,0,0,0,0,0,0,0,0,0,0,0,0,0,0,0,0,0,0,3,2,3,5,5,3,3,3,3,3,2,2,2,3,5,5,3,0,0,0,0,0,0,0,0,0,0,0,0,0,0,0,0,0,0,0,0,0,0,0,0,0,0,0,0,0,0,0,0,0,0,0,0,0,0,0,0,0,0,0,0,0,0,0,0,0,0,0,0,0,0,0,0,0,0,0,0,0,0,0,0,0,0,0,0,0,0,0,0,0,0,0,0,0,0,0,0,0,0,0,0,0,0,0,0,0,0,0,0,0,0,0,0,0,0,0,0,0,0,0,0,0,0,0,0,0,0,0,0,0,0,0,0,0,0,0,0,0,0,0,0,0,0,0,0,0,3,3,3,5,3,1,3,3,1,3,3,2,0,0,0,0,0,0,0,0,0,0,0,0,0,0,0,0,0,0,0,0,0,0,0,0,0,0,0,0,0,0,0,0,0,0,0,0,0,0,0,0,0,0,0,0,0,0,0,0,0,0,0,0,0,0,0,0,4.841557025909424,-5.070902347564697,-3.665452718734741,8.089056968688965,-1.6043378114700315,-0.8964425921440125,-11.83717918395996,0.0933276712894439,12.850200653076172,6.915916919708252,-6.868671417236328,-4.120688438415527,-11.121804237365724,2.405112028121948,-5.046000957489014,-3.330048084259033,4.68076753616333,-0.1246301457285881,-3.832815408706665,6.6954216957092285,3.465366840362549,5.520545959472656,11.939422607421877,7.56762170791626,-12.116739273071287,-2.586532592773437,2.6662757396698,-7.348363876342773,-0.0963858142495155,2.311897754669189,11.013340950012209,-7.361067295074463,-5.539596080780029,-4.485849857330322,4.990715503692627,-0.1350781470537185,3.241791009902954,-1.9425524473190308,10.46164321899414,3.0295088291168213,-3.0486342906951904,-1.5880924463272097,-5.5641188621521,1.1247771978378296,-12.80650234222412,4.874262809753418,-4.507953643798828,6.034372806549072,-6.351551055908203,5.68830680847168,7.742857933044434,-6.230937957763672,-5.834898948669434,-9.032341957092283,-3.705390453338623,-9.769168853759766,-3.2456631660461426,0.6045705080032349,4.708314418792725,8.409648895263672,0.373659998178482,-8.198573112487793,-0.5027610063552856,2.428575277328491,-13.368054389953612,-1.5657484531402588,8.478759765625,1.325045824050903,-1.7651574611663818,0.2489201724529266,-5.476116180419922,-0.4018700420856476,8.564061164855957,-6.460504531860352,-1.5651615858078003,4.186766624450684,-2.450502634048462,3.420789957046509,-1.2794054746627808,2.7565879821777344,7.625762462615967,2.8862955570220947,-5.884098529815674,-10.488313674926758,2.297410011291504,-3.853818655014038,-8.264565467834473,3.3887386322021484,2.8871023654937744,-3.3666305541992188,3.289113521575928,-0.3616496622562408,4.916135311126709,5.78242826461792,1.5958846807479858,-1.4427614212036133,1.1057382822036743,5.711568355560303,5.583380222320557,3.1446287631988525,-7.316750049591064,-4.587440967559815,-3.28967547416687,-10.302864074707031,5.252742767333984,-4.911744117736816,-3.2442493438720703,2.2738800048828125,0.0194024890661239,-4.855071544647217,-14.26463508605957,-0.072109967470169,2.811396837234497,-1.9403022527694704,0.7846004366874695,-4.185539245605469,7.708067893981934,6.855284214019775,-4.856714248657227,6.4944915771484375,-9.757803916931152,1.3071242570877075,-6.308283805847168,4.891091346740723,3.735490083694458,-6.124563694000244,-8.067364692687988,1.0745223760604858,-0.6490156650543213,1.5196174383163452,-3.81897234916687,-0.2649104595184326,9.613027572631836,9.15174388885498,-4.715298652648926,14.162843704223633,13.698431015014648,2.018521785736084,11.381051063537598,-1.472262263298035,6.35346269607544,-4.046812057495117,-4.241576671600342,-0.9532446265220642,7.05846643447876,9.003129005432129,3.5473275184631348,0.1576950848102569,-0.5743472576141357,8.23679256439209,10.047842025756836,-0.5591591000556946,9.809164047241213,-1.9823572635650637,1.5430402755737305,2.7590203285217285,-5.756551742553711,-3.7298696041107178,2.4548466205596924,-6.485361576080322,-5.167006015777588,-6.249242782592773,-7.339657306671143,1.0403611660003662,1.709206223487854,-5.940597534179688,1.957635760307312,-1.4947967529296875,-1.6904494762420654,2.4449424743652344,-8.620221138000488,-5.180601596832275,9.637953758239746,0.0890359878540039,3.4202938079833984,1.017348051071167,8.123553276062012,-2.609180688858032,-3.620174884796143,9.197619438171388,-2.1342368125915527,9.698246002197266,-6.73384952545166,7.8524065017700195,9.506047248840332,-2.902259111404419,-4.81266450881958,-6.055392265319824,-5.870941638946533,-5.181979656219482,-0.9078882336616516,0.7387439608573914,-2.5208213329315186,1.6825891733169556,2.968623399734497,0.1238152086734771,-5.047185897827148,-10.60592555999756,-1.9981205463409424,-1.7628647089004517,4.492234706878662,3.065465211868286,6.954678535461426,3.088652849197388,5.490631103515625,-3.4495677947998047,8.530192375183105,5.704859733581543,9.168146133422852,-1.910210967063904,10.944863319396973,1.7956434488296509,4.715171813964844,-5.389311790466309,0.8495196104049683,1.7548679113388062,-1.7830870151519775,6.289406776428223,-8.7555570602417,4.485411643981934,3.828204870223999,-6.737113952636719,-1.2354140281677246,-0.1049437969923019,3.811536073684693,-7.270908355712891,-2.0719213485717773,4.196429252624512,5.135198593139648,-7.228287696838379,7.011132717132568,-3.4858860969543457,-4.917812824249268,-10.361916542053224,-2.948106527328491,-2.5523836612701416,-4.336832046508789,-3.649448156356812,-7.657505989074707,9.64173412322998,1.1736963987350464,0.8924505710601807,3.067573070526123,0.5328093767166138,-6.581883430480957,1.653714656829834,-9.436367988586426,-7.799841403961182,-1.0172913074493408,-8.779741287231445,-16.39093589782715,1.698182463645935,-1.5888592004776,0.6590238213539124,-14.708290100097656,1.6824536323547363,3.002959012985229,-5.998897075653076,5.588133335113525,-3.5237982273101807,1.031136155128479,6.079173564910889,8.688926696777344,10.97903823852539,3.1629695892333984,-2.4231672286987305,-6.094808578491211,4.481824398040772,-0.9716899394989014,-5.103391170501709,-3.5580945014953613,3.157158613204956,-1.2624000310897827,5.345088958740234,-2.7686922550201416,-4.926511764526367,-5.2570648193359375,1.332811951637268,-0.8271490931510925,-1.169945240020752,-5.575875282287598,-6.947477340698242,-18.542217254638672,-5.949745655059815,-1.9267137050628664,0.6361129879951477,1.44957172870636,-3.558140754699707,-3.502582311630249,0.0677859187126159,-2.3616154193878174,9.74008846282959,12.915919303894045,-1.8457930088043213,-7.965250492095947,-1.5288634300231934,-2.9067325592041016,-3.18967080116272,-12.111660957336426,-2.470250606536865,1.0,1.230448921378274
OXYR_HUMAN,CHEMBL445816,CN(C)CCCNC(=O)CCc1ccc(S(=O)(=O)N(CC(=O)NNC2=c3ccccc3=NC2=O)c2ccc(Cl)cc2)cc1,0,0,0,0,0,0,0,0,0,0,0,0,0,0,0,0,0,0,0,0,0,0,0,0,0,0,0,0,0,0,0,0,0,0,0,0,0,0,0,0,0,0,0,0,0,0,0,0,0,0,0,0,0,0,0,0,0,0,0,0,0,0,0,0,0,0,0,0,0,0,0,0,0,0,0,0,0,0,0,0,0,0,0,0,0,0,0,0,0,0,0,0,0,0,0,0,0,0,0,0,0,0,0,0,0,0,0,0,0,0,0,0,0,0,0,0,0,0,0,0,0,0,0,0,0,0,0,0,0,0,0,0,0,0,0,0,0,0,0,0,0,0,0,0,0,0,0,0,0,0,0,0,0,0,0,0,0,0,0,0,0,0,0,0,0,0,0,0,0,0,0,0,0,0,0,0,0,0,0,0,0,0,0,0,0,2,4,1,2,2,2,2,3,2,3,2,4,2,2,3,2,0,0,0,0,0,0,0,0,0,0,0,0,0,0,0,0,3,2,2,1,0,0,0,0,0,0,0,0,0,0,0,0,0,0,0,0,0,1,1,2,4,1,3,0,0,0,0,0,0,0,0,0,0,0,5,3,0,0,0,0,0,0,0,0,0,0,0,0,0,0,0,0,0,0,0,0,0,0,0,0,0,0,0,0,0,0,0,0,0,0,0,0,0,0,0,0,0,0,0,0,0,0,0,0,0,0,0,0,0,0,0,0,0,0,0,0,0,0,0,0,0,0,0,0,0,0,0,0,0,0,0,0,0,0,0,0,0,0,0,0,0,0,0,0,0,0,0,0,0,0,0,0,0,0,0,0,0,0,0,0,0,0,0,0,0,0,0,0,0,0,0,0,0,0,0,0,0,0,0,0,0,0,0,0,0,0,0,0,0,0,0,0,0,0,0,0,0,0,0,0,0,0,0,0,0,0,0,0,0,0,0,0,0,0,0,0,0,0,0,0,0,0,0,0,0,0,0,0,0,0,0,0,2,1,1,1,5,5,3,0,0,0,0,0,0,0,0,0,0,0,0,0,0,0,0,0,0,0,0,0,0,0,0,0,0,0,0,0,0,0,0,0,0,0,0,0,0,0,0,0,0,0,0,0,0,0,0,0,0,0,0,0,0,0,0,0,0,0,0,0,0,0,0,0,0,0,0,0,0,0,0,0,0,0,0,0,0,0,0,0,0,0,0,0,0,0,0,0,0,0,0,0,0,0,0,0,0,0,0,0,0,0,0,0,0,0,0,0,0,0,0,0,0,0,0,0,0,0,0,0,0,0,0,0,0,0,0,0,0,0,0,0,0,0,0,0,0,0,0,0,0,0,0,0,0,0,0,0,4,2,2,2,5,2,4,2,0,0,0,0,0,0,0,0,0,0,0,0,0,0,0,0,0,2,2,2,1,2,0,2,2,0,0,0,0,0,0,0,0,0,0,0,2,2,2,2,3,1,3,2,1,0,0,0,0,0,0,2,2,2,2,2,0,0,5,0,0,0,0,3,3,0,0,0,0,0,0,0,0,0,0,0,5,3,5,5,0,0,0,0,0,3,0,0,0,0,0,0,0,5,2,2,2,2,2,5,0,0,0,0,0,0,0,0,0,0,0,0,0,0,0,5,2,3,0,2,2,4,0,0,0,0,0,0,0,0,0,0,0,0,0,0,0,0,0,0,0,0,0,0,0,0,0,0,0,0,0,0,0,0,2,2,2,2,2,2,3,2,2,0,0,0,0,0,0,0,0,0,0,0,0,0,0,0,0,0,0,0,0,0,0,0,0,1,3,2,2,0,0,0,0,0,0,0,0,0,0,0,0,0,0,0,0,0,0,0,0,0,0,0,0,0,0,0,0,0,2,4,2,3,2,5,2,2,1,0,1,4,2,0,0,0,0,0,2,1,0,0,0,0,0,0,0,0,0,0,0,0,0,0,0,0,0,0,0,0,0,0,0,0,0,0,0,0,0,0,0,0,0,0,0,0,0,0,0,0,0,0,0,0,0,0,0,5,0,2,2,5,0,2,2,3,2,2,1,2,2,2,0,0,0,3,3,2,2,0,0,0,0,0,0,0,0,0,0,0,0,2,2,0,0,0,0,0,0,0,0,0,0,0,0,0,0,0,0,0,0,0,0,0,0,0,0,0,0,0,0,0,0,0,2,2,3,2,4,5,0,0,0,0,0,0,0,0,0,0,0,0,0,0,0,0,0,0,0,0,0,0,0,0,0,0,0,0,0,0,0,0,0,0,1,0,0,0,0,0,0,0,0,0,0,0,0,0,0,0,0,0,0,0,0,0,0,0,0,0,0,2,2,0,0,0,0,0,0,2,0,1,3,1,2,0,0,0,0,0,0,0,0,0,0,0,0,0,0,0,0,0,0,0,0,0,0,0,0,0,0,0,0,5,3,0,0,0,0,2,5,5,0,0,5,3,0,0,0,0,0,0,0,0,0,0,0,0,0,0,0,4,5,0,0,0,0,2,2,2,0,0,0,0,2,2,3,2,2,0,0,0,1,1,2,2,2,3,0,0,2,1,3,2,5,0,0,0,0,0,0,0,0,0,0,0,0,2,2,3,0,0,0,0,0,0,0,0,0,0,0,0,0,0,0,0,0,0,0,0,0,0,0,0,0,0,0,0,0,0,0,0,0,0,0,0,0,0,0,2,5,0,0,0,0,4,0,0,0,0,0,0,0,0,0,0,0,0,0,0,0,0,0,0,0,0,0,0,0,0,0,0,0,0,0,0,0,0,0,0,0,0,0,0,0,0,0,0,0,0,0,0,0,0,0,0,0,0,0,0,0,0,0,0,0,0,0,0,0,0,0,0,0,0,0,0,0,0,0,0,0,0,0,0,0,0,0,0,0,0,0,0,0,0,0,0,0,0,0,2,2,0,0,4,1,2,2,4,0,0,0,0,0,1,2,2,2,0,0,0,0,0,0,0,0,0,0,0,0,0,0,0,0,0,0,0,0,0,0,0,0,0,0,0,0,0,0,0,0,0,0,0,0,0,0,0,0,0,0,0,2,2,0,0,0,0,0,0,0,0,0,0,0,0,0,0,0,0,3,1,2,1,1,0,0,0,0,5,0,0,0,0,0,0,0,2,2,0,0,0,0,0,0,0,0,2,3,2,2,0,0,0,3,2,2,2,2,0,2,2,1,2,2,0,2,2,0,0,0,0,0,0,0,0,0,0,0,0,0,0,0,0,0,0,2,2,1,0,0,0,0,0,0,0,0,0,0,0,0,0,0,0,0,2,1,2,2,3,2,0,0,0,0,0,0,0,5,2,0,0,0,0,0,0,0,0,0,0,0,0,0,0,0,0,2,3,0,0,0,0,0,0,0,0,0,0,0,0,0,0,0,0,0,0,0,0,0,0,0,0,0,0,0,0,0,0,0,0,0,0,0,0,0,0,0,0,0,0,0,3,2,5,2,0,0,0,0,0,0,0,0,0,0,0,0,0,0,0,0,0,0,0,0,0,0,0,0,0,0,0,0,0,0,0,0,0,0,0,0,0,0,0,0,0,0,0,0,0,0,0,0,0,0,0,0,0,0,0,0,0,0,0,0,0,0,0,0,0,0,0,0,0,0,0,0,0,0,0,0,0,0,0,0,0,0,0,0,0,0,0,0,0,0,0,0,0,0,0,0,0,0,0,0,0,0,0,0,0,0,0,0,0,0,0,0,0,0,0,0,0,0,0,0,0,0,0,0,0,0,0,0,0,0,0,0,0,0,0,0,0,0,0,5,3,2,2,2,2,2,2,4,2,1,4,1,2,2,2,1,4,1,1,5,2,2,2,2,5,2,3,3,2,5,2,2,3,5,0,0,0,0,0,0,0,0,0,0,0,0,0,0,0,0,0,0,0,0,0,0,0,2,5,2,5,3,2,0,0,0,0,0,0,0,0,5,0,0,0,2,3,2,2,2,2,0,0,0,0,0,2,2,2,2,2,0,0,0,1,2,3,1,2,2,2,0,0,0,0,0,2,3,2,2,3,2,2,4,2,0,0,0,0,0,0,0,0,3,2,1,5,4,2,0,0,0,0,3,0,0,0,0,0,0,0,0,0,0,0,0,0,0,0,0,0,2,0,0,2,0,0,0,0,0,0,0,0,0,0,0,0,0,0,0,0,0,0,0,0,0,0,0,0,0,0,0,0,0,0,0,0,0,0,0,0,0,0,0,0,0,0,0,0,0,0,0,0,0,0,0,0,0,0,0,0,0,0,0,0,0,0,0,0,0,0,0,0,0,0,0,0,0,0,0,0,0,2,2,0,2,0,0,0,0,0,2,2,2,0,2,3,2,3,3,1,1,3,1,2,2,0,0,0,0,0,0,0,2,2,2,2,3,1,5,2,2,5,0,4,2,0,0,0,0,2,3,5,2,0,0,0,0,0,0,0,0,0,0,0,0,0,0,0,0,0,0,0,0,0,0,0,0,0,0,0,0,0,0,0,0,0,0,0,0,0,0,0,0,0,0,0,0,0,0,0,0,0,0,0,0,0,0,0,0,0,0,0,0,0,0,0,0,0,0,0,0,0,0,0,0,0,0,0,0,0,0,0,0,0,0,0,0,0,0,0,0,0,0,0,0,0,0,0,0,2,1,1,3,2,3,2,2,5,1,5,5,2,1,4,3,0,0,0,0,0,0,0,0,0,0,0,0,0,0,0,0,0,0,0,0,0,0,0,0,0,0,0,0,0,0,0,0,0,0,0,0,0,0,0,0,0,0,0,0,0,0,0,0,0,0,0,0,0,0,0,0,0,0,0,0,0,0,0,0,0,0,0,0,0,0,0,0,0,0,0,0,0,0,0,0,0,0,0,0,0,0,0,0,0,0,0,0,0,0,0,0,0,0,0,0,0,0,0,0,0,0,0,0,0,0,0,0,0,0,0,0,0,0,0,0,0,0,0,0,0,0,0,0,0,0,0,0,0,0,0,0,0,0,0,0,0,0,0,0,0,0,0,0,0,0,0,0,0,0,0,0,0,0,0,0,0,0,0,0,0,0,0,0,0,0,0,0,0,0,0,0,0,0,0,0,0,0,0,0,0,0,0,0,0,0,0,0,0,0,0,0,0,0,0,0,0,0,0,0,0,0,0,0,0,0,0,0,0,0,0,0,0,0,0,0,0,0,0,0,0,0,0,0,0,0,0,0,0,0,0,0,0,0,0,0,0,0,0,0,0,0,0,0,0,0,0,0,0,0,0,0,0,0,0,0,0,0,0,0,0,0,0,0,0,0,0,0,0,0,0,0,0,0,0,0,0,0,0,0,3,2,3,5,5,3,3,3,3,3,2,2,2,3,5,5,3,0,0,0,0,0,0,0,0,0,0,0,0,0,0,0,0,0,0,0,0,0,0,0,0,0,0,0,0,0,0,0,0,0,0,0,0,0,0,0,0,0,0,0,0,0,0,0,0,0,0,0,0,0,0,0,0,0,0,0,0,0,0,0,0,0,0,0,0,0,0,0,0,0,0,0,0,0,0,0,0,0,0,0,0,0,0,0,0,0,0,0,0,0,0,0,0,0,0,0,0,0,0,0,0,0,0,0,0,0,0,0,0,0,0,0,0,0,0,0,0,0,0,0,0,0,0,0,0,0,3,3,3,5,3,1,3,3,1,3,3,2,0,0,0,0,0,0,0,0,0,0,0,0,0,0,0,0,0,0,0,0,0,0,0,0,0,0,0,0,0,0,0,0,0,0,0,0,0,0,0,0,0,0,0,0,0,0,0,0,0,0,0,0,0,0,0,0,1.412500023841858,-5.129209518432617,-5.004274368286133,7.127777099609375,3.7809998989105225,0.5409185290336609,-19.7188663482666,-0.4107807874679565,14.763052940368652,5.925230026245117,-6.284281253814697,2.408796548843384,-16.127470016479492,2.9091899394989014,-11.335429191589355,1.360506296157837,7.333059310913086,-10.4159574508667,-8.61176586151123,11.262410163879396,-1.02711021900177,9.5663480758667,28.144550323486328,9.704150199890137,-12.464759826660156,-0.6769047975540161,-1.745087504386902,-15.718238830566406,4.168595314025879,0.9038782715797424,16.314128875732422,-11.339319229125977,-4.799567699432373,-10.85623836517334,5.343015670776367,-0.770619809627533,0.0087990686297416,4.0161662101745605,12.737483024597168,8.431825637817383,-0.1205142587423324,-1.1426823139190674,-9.759125709533691,-2.0178401470184326,-17.229116439819336,5.4526214599609375,1.8948817253112795,15.018170356750488,-10.578055381774902,4.313405513763428,10.590526580810549,-12.21685791015625,-5.426575183868408,-13.842934608459473,-11.281779289245604,-10.408447265625,-2.8592352867126465,3.037461280822754,6.197146415710449,2.9027600288391118,-1.5715219974517822,-10.4851713180542,-3.9721968173980713,8.191664695739746,-20.89837455749512,-1.3937205076217651,12.080939292907717,4.475411891937256,-8.421940803527832,1.070883870124817,-8.062784194946289,2.404909610748291,10.417913436889648,-14.377049446105955,-4.228549480438232,9.278433799743652,-11.192909240722656,4.589387893676758,0.9922510385513306,5.178735733032227,10.696224212646484,-2.164299964904785,-9.51644229888916,-18.23988914489746,3.2464358806610107,-0.210486352443695,-9.361413955688477,6.595485210418701,4.548065662384033,-2.32463002204895,7.972419738769531,6.279983997344971,5.867889881134033,16.147735595703125,2.9811623096466064,-2.549980401992798,5.09318733215332,2.3106677532196045,9.311966896057127,2.6435658931732178,-4.631228923797607,-12.97721004486084,-10.466943740844728,-13.68568229675293,3.471412181854248,-11.078373908996582,-7.856466293334961,3.841792345046997,1.352529764175415,-11.963301658630373,-21.457351684570312,4.28450345993042,6.556915760040283,-2.835087299346924,2.7443735599517822,-7.42583703994751,9.757433891296388,11.786317825317385,-3.847170352935791,10.40879726409912,-17.65305519104004,1.2328420877456665,-5.808006286621094,8.539066314697266,7.84418249130249,-14.490477561950684,-20.18777275085449,-2.353270530700684,-2.729172945022583,2.8242030143737797,-1.954618215560913,4.196812629699707,12.435596466064451,21.019678115844727,-1.4261887073516846,18.947311401367188,14.919713020324709,0.8474564552307129,16.40303611755371,-4.990032196044922,14.102550506591797,-1.3578814268112185,0.1612262725830078,2.5715651512146,17.096141815185547,9.761059761047363,6.102117538452148,2.684255123138428,4.076569557189941,14.712329864501951,8.460652351379395,5.591991424560547,9.482644081115724,-7.269931316375732,-3.0027952194213867,5.980257987976074,-9.281795501708984,-9.706939697265623,5.913368225097656,-12.026236534118652,-3.3029556274414062,-0.4820141196250915,-9.799354553222656,6.840570449829102,3.5334761142730717,-9.591078758239746,1.217459797859192,-7.180587768554688,1.1748241186141968,10.53177261352539,-12.15832805633545,-3.752219200134277,20.854650497436523,-8.21492862701416,-0.4331217408180237,3.416718006134033,7.979819774627685,-3.483808279037476,-10.48387622833252,18.649538040161133,-7.873600482940674,13.067273139953612,-0.7167291045188904,12.330952644348145,12.848041534423828,-6.697535037994385,-2.672088384628296,-0.2826463282108307,-13.350647926330566,-7.1293044090271,-0.5218721032142639,-1.0605385303497314,-2.654046058654785,-0.0360277891159057,6.3326616287231445,1.0875407457351685,-5.515280246734619,-15.025120735168455,-1.6567033529281616,-1.517732858657837,4.157428741455078,0.7227851152420044,12.528029441833496,1.3130422830581665,2.3206074237823486,-5.569994449615479,21.845882415771484,9.006196975708008,15.933685302734377,-5.048008441925049,20.909502029418945,-3.810981988906861,10.785956382751465,-5.462635040283203,5.366306304931641,5.914498329162598,6.675704956054688,6.089754104614258,-8.914161682128906,8.790882110595703,2.7756552696228027,-12.584494590759276,-1.2329704761505127,1.8847811222076416,5.2069597244262695,-4.348850250244141,-0.6744247674942017,4.714399814605713,14.26224422454834,-16.65348243713379,4.221614360809326,-2.351274013519287,-13.70730686187744,-15.851290702819824,-6.837823390960693,-5.495372772216797,-5.241358757019043,-3.42620587348938,-4.953538417816162,12.253097534179688,6.197412014007568,-4.22900390625,5.90117883682251,-0.6396110653877258,-4.409367561340332,6.675637722015381,-20.05154800415039,-11.089238166809082,0.5821062326431274,-8.974781036376953,-24.92972755432129,2.769563674926758,-2.1255807876586914,-1.532875657081604,-16.87676239013672,0.8106706142425537,3.825777530670166,-17.434364318847656,14.48867416381836,-12.86703872680664,-5.766517162322998,10.228925704956056,5.998098850250244,16.018707275390625,3.8062565326690674,-9.921258926391602,-11.966710090637209,6.0360426902771,5.924415588378906,-11.053210258483888,-2.576427936553955,7.0078444480896,-0.6555987000465393,7.718585968017578,0.1752751767635345,-9.97409439086914,-2.5408935546875,-7.69249677658081,-2.168465375900269,-1.3767266273498535,-10.536839485168455,-7.460812568664551,-24.39490509033203,-9.376265525817873,1.0819480419158936,2.929762840270996,2.247495412826538,-1.5852733850479126,-10.07005214691162,-3.648515939712525,0.9101564884185792,16.593557357788086,19.153640747070312,5.082415580749512,-14.798080444335938,-2.0548095703125,-7.989198207855225,-7.667259216308594,-17.820247650146484,-5.276871681213379,-1.0,-0.1549019599857432
OXYR_HUMAN,CHEMBL469005,COCc1nnc(-c2cnc(-c3ccc(C#N)cc3C)cn2)n1-c1ccc(OC)nc1,0,0,0,0,0,0,0,0,0,0,0,0,0,0,0,0,0,0,0,0,0,0,0,0,0,0,0,0,0,0,0,0,0,0,0,0,0,0,0,0,0,0,0,0,0,0,0,0,0,0,0,0,0,0,0,0,0,0,0,0,0,0,0,0,0,0,0,0,0,0,0,0,0,0,0,0,0,0,0,0,0,0,0,0,0,0,0,0,0,0,0,0,0,0,0,0,0,0,0,0,0,0,0,0,0,0,0,0,0,0,0,0,0,0,0,0,0,0,0,0,0,0,0,0,0,0,0,0,0,0,0,0,0,0,0,0,0,0,0,0,0,0,0,0,0,0,0,0,0,0,0,0,0,0,0,0,0,0,0,0,0,0,0,0,0,0,0,0,0,0,0,0,0,0,0,0,0,0,0,0,0,0,0,0,0,2,4,1,2,2,2,2,3,2,3,2,4,2,2,3,2,0,0,0,0,0,0,0,0,0,0,0,0,0,0,0,0,3,2,2,1,0,0,0,0,0,0,0,0,0,0,0,0,0,0,0,0,0,1,1,2,4,1,3,0,0,0,0,0,0,0,0,0,0,0,5,3,0,0,0,0,0,0,0,0,0,0,0,0,0,0,0,0,0,0,0,0,0,0,0,0,0,0,0,0,0,0,0,0,0,0,0,0,0,0,0,0,0,0,0,0,0,0,0,0,0,0,0,0,0,0,0,0,0,0,0,0,0,0,0,0,0,0,0,0,0,0,0,0,0,0,0,0,0,0,0,0,0,0,0,0,0,0,0,0,0,0,0,0,0,0,0,0,0,0,0,0,0,0,0,0,0,0,0,0,0,0,0,0,0,0,0,0,0,0,0,0,0,0,0,0,0,0,0,0,0,0,0,0,0,0,0,0,0,0,0,0,0,0,0,0,0,0,0,0,0,0,0,0,0,0,0,0,0,0,0,0,0,0,0,0,0,0,0,0,0,0,0,0,0,0,0,0,2,1,1,1,5,5,3,0,0,0,0,0,0,0,0,0,0,0,0,0,0,0,0,0,0,0,0,0,0,0,0,0,0,0,0,0,0,0,0,0,0,0,0,0,0,0,0,0,0,0,0,0,0,0,0,0,0,0,0,0,0,0,0,0,0,0,0,0,0,0,0,0,0,0,0,0,0,0,0,0,0,0,0,0,0,0,0,0,0,0,0,0,0,0,0,0,0,0,0,0,0,0,0,0,0,0,0,0,0,0,0,0,0,0,0,0,0,0,0,0,0,0,0,0,0,0,0,0,0,0,0,0,0,0,0,0,0,0,0,0,0,0,0,0,0,0,0,0,0,0,0,0,0,0,0,0,4,2,2,2,5,2,4,2,0,0,0,0,0,0,0,0,0,0,0,0,0,0,0,0,0,2,2,2,1,2,0,2,2,0,0,0,0,0,0,0,0,0,0,0,2,2,2,2,3,1,3,2,1,0,0,0,0,0,0,2,2,2,2,2,0,0,5,0,0,0,0,3,3,0,0,0,0,0,0,0,0,0,0,0,5,3,5,5,0,0,0,0,0,3,0,0,0,0,0,0,0,5,2,2,2,2,2,5,0,0,0,0,0,0,0,0,0,0,0,0,0,0,0,5,2,3,0,2,2,4,0,0,0,0,0,0,0,0,0,0,0,0,0,0,0,0,0,0,0,0,0,0,0,0,0,0,0,0,0,0,0,0,2,2,2,2,2,2,3,2,2,0,0,0,0,0,0,0,0,0,0,0,0,0,0,0,0,0,0,0,0,0,0,0,0,1,3,2,2,0,0,0,0,0,0,0,0,0,0,0,0,0,0,0,0,0,0,0,0,0,0,0,0,0,0,0,0,0,2,4,2,3,2,5,2,2,1,0,1,4,2,0,0,0,0,0,2,1,0,0,0,0,0,0,0,0,0,0,0,0,0,0,0,0,0,0,0,0,0,0,0,0,0,0,0,0,0,0,0,0,0,0,0,0,0,0,0,0,0,0,0,0,0,0,0,5,0,2,2,5,0,2,2,3,2,2,1,2,2,2,0,0,0,3,3,2,2,0,0,0,0,0,0,0,0,0,0,0,0,2,2,0,0,0,0,0,0,0,0,0,0,0,0,0,0,0,0,0,0,0,0,0,0,0,0,0,0,0,0,0,0,0,2,2,3,2,4,5,0,0,0,0,0,0,0,0,0,0,0,0,0,0,0,0,0,0,0,0,0,0,0,0,0,0,0,0,0,0,0,0,0,0,1,0,0,0,0,0,0,0,0,0,0,0,0,0,0,0,0,0,0,0,0,0,0,0,0,0,0,2,2,0,0,0,0,0,0,2,0,1,3,1,2,0,0,0,0,0,0,0,0,0,0,0,0,0,0,0,0,0,0,0,0,0,0,0,0,0,0,0,0,5,3,0,0,0,0,2,5,5,0,0,5,3,0,0,0,0,0,0,0,0,0,0,0,0,0,0,0,4,5,0,0,0,0,2,2,2,0,0,0,0,2,2,3,2,2,0,0,0,1,1,2,2,2,3,0,0,2,1,3,2,5,0,0,0,0,0,0,0,0,0,0,0,0,2,2,3,0,0,0,0,0,0,0,0,0,0,0,0,0,0,0,0,0,0,0,0,0,0,0,0,0,0,0,0,0,0,0,0,0,0,0,0,0,0,0,2,5,0,0,0,0,4,0,0,0,0,0,0,0,0,0,0,0,0,0,0,0,0,0,0,0,0,0,0,0,0,0,0,0,0,0,0,0,0,0,0,0,0,0,0,0,0,0,0,0,0,0,0,0,0,0,0,0,0,0,0,0,0,0,0,0,0,0,0,0,0,0,0,0,0,0,0,0,0,0,0,0,0,0,0,0,0,0,0,0,0,0,0,0,0,0,0,0,0,0,2,2,0,0,4,1,2,2,4,0,0,0,0,0,1,2,2,2,0,0,0,0,0,0,0,0,0,0,0,0,0,0,0,0,0,0,0,0,0,0,0,0,0,0,0,0,0,0,0,0,0,0,0,0,0,0,0,0,0,0,0,2,2,0,0,0,0,0,0,0,0,0,0,0,0,0,0,0,0,3,1,2,1,1,0,0,0,0,5,0,0,0,0,0,0,0,2,2,0,0,0,0,0,0,0,0,2,3,2,2,0,0,0,3,2,2,2,2,0,2,2,1,2,2,0,2,2,0,0,0,0,0,0,0,0,0,0,0,0,0,0,0,0,0,0,2,2,1,0,0,0,0,0,0,0,0,0,0,0,0,0,0,0,0,2,1,2,2,3,2,0,0,0,0,0,0,0,5,2,0,0,0,0,0,0,0,0,0,0,0,0,0,0,0,0,2,3,0,0,0,0,0,0,0,0,0,0,0,0,0,0,0,0,0,0,0,0,0,0,0,0,0,0,0,0,0,0,0,0,0,0,0,0,0,0,0,0,0,0,0,3,2,5,2,0,0,0,0,0,0,0,0,0,0,0,0,0,0,0,0,0,0,0,0,0,0,0,0,0,0,0,0,0,0,0,0,0,0,0,0,0,0,0,0,0,0,0,0,0,0,0,0,0,0,0,0,0,0,0,0,0,0,0,0,0,0,0,0,0,0,0,0,0,0,0,0,0,0,0,0,0,0,0,0,0,0,0,0,0,0,0,0,0,0,0,0,0,0,0,0,0,0,0,0,0,0,0,0,0,0,0,0,0,0,0,0,0,0,0,0,0,0,0,0,0,0,0,0,0,0,0,0,0,0,0,0,0,0,0,0,0,0,0,5,3,2,2,2,2,2,2,4,2,1,4,1,2,2,2,1,4,1,1,5,2,2,2,2,5,2,3,3,2,5,2,2,3,5,0,0,0,0,0,0,0,0,0,0,0,0,0,0,0,0,0,0,0,0,0,0,0,2,5,2,5,3,2,0,0,0,0,0,0,0,0,5,0,0,0,2,3,2,2,2,2,0,0,0,0,0,2,2,2,2,2,0,0,0,1,2,3,1,2,2,2,0,0,0,0,0,2,3,2,2,3,2,2,4,2,0,0,0,0,0,0,0,0,3,2,1,5,4,2,0,0,0,0,3,0,0,0,0,0,0,0,0,0,0,0,0,0,0,0,0,0,2,0,0,2,0,0,0,0,0,0,0,0,0,0,0,0,0,0,0,0,0,0,0,0,0,0,0,0,0,0,0,0,0,0,0,0,0,0,0,0,0,0,0,0,0,0,0,0,0,0,0,0,0,0,0,0,0,0,0,0,0,0,0,0,0,0,0,0,0,0,0,0,0,0,0,0,0,0,0,0,0,2,2,0,2,0,0,0,0,0,2,2,2,0,2,3,2,3,3,1,1,3,1,2,2,0,0,0,0,0,0,0,2,2,2,2,3,1,5,2,2,5,0,4,2,0,0,0,0,2,3,5,2,0,0,0,0,0,0,0,0,0,0,0,0,0,0,0,0,0,0,0,0,0,0,0,0,0,0,0,0,0,0,0,0,0,0,0,0,0,0,0,0,0,0,0,0,0,0,0,0,0,0,0,0,0,0,0,0,0,0,0,0,0,0,0,0,0,0,0,0,0,0,0,0,0,0,0,0,0,0,0,0,0,0,0,0,0,0,0,0,0,0,0,0,0,0,0,0,2,1,1,3,2,3,2,2,5,1,5,5,2,1,4,3,0,0,0,0,0,0,0,0,0,0,0,0,0,0,0,0,0,0,0,0,0,0,0,0,0,0,0,0,0,0,0,0,0,0,0,0,0,0,0,0,0,0,0,0,0,0,0,0,0,0,0,0,0,0,0,0,0,0,0,0,0,0,0,0,0,0,0,0,0,0,0,0,0,0,0,0,0,0,0,0,0,0,0,0,0,0,0,0,0,0,0,0,0,0,0,0,0,0,0,0,0,0,0,0,0,0,0,0,0,0,0,0,0,0,0,0,0,0,0,0,0,0,0,0,0,0,0,0,0,0,0,0,0,0,0,0,0,0,0,0,0,0,0,0,0,0,0,0,0,0,0,0,0,0,0,0,0,0,0,0,0,0,0,0,0,0,0,0,0,0,0,0,0,0,0,0,0,0,0,0,0,0,0,0,0,0,0,0,0,0,0,0,0,0,0,0,0,0,0,0,0,0,0,0,0,0,0,0,0,0,0,0,0,0,0,0,0,0,0,0,0,0,0,0,0,0,0,0,0,0,0,0,0,0,0,0,0,0,0,0,0,0,0,0,0,0,0,0,0,0,0,0,0,0,0,0,0,0,0,0,0,0,0,0,0,0,0,0,0,0,0,0,0,0,0,0,0,0,0,0,0,0,0,0,3,2,3,5,5,3,3,3,3,3,2,2,2,3,5,5,3,0,0,0,0,0,0,0,0,0,0,0,0,0,0,0,0,0,0,0,0,0,0,0,0,0,0,0,0,0,0,0,0,0,0,0,0,0,0,0,0,0,0,0,0,0,0,0,0,0,0,0,0,0,0,0,0,0,0,0,0,0,0,0,0,0,0,0,0,0,0,0,0,0,0,0,0,0,0,0,0,0,0,0,0,0,0,0,0,0,0,0,0,0,0,0,0,0,0,0,0,0,0,0,0,0,0,0,0,0,0,0,0,0,0,0,0,0,0,0,0,0,0,0,0,0,0,0,0,0,3,3,3,5,3,1,3,3,1,3,3,2,0,0,0,0,0,0,0,0,0,0,0,0,0,0,0,0,0,0,0,0,0,0,0,0,0,0,0,0,0,0,0,0,0,0,0,0,0,0,0,0,0,0,0,0,0,0,0,0,0,0,0,0,0,0,0,0,4.651558876037598,-4.212183952331543,-4.160127639770508,12.26215362548828,2.3170032501220703,1.0744757652282717,-12.667065620422363,-2.706601619720459,6.508923530578613,1.919888019561768,-5.778111457824707,-1.943669676780701,-8.157200813293457,-0.3003285229206085,-7.986714839935303,0.5441418290138245,5.639265537261963,-4.906030654907227,-2.103964805603028,11.040850639343262,5.534457683563232,6.012041091918945,15.597302436828612,9.417621612548828,-11.915263175964355,-2.052889585494995,-1.8889836072921755,-10.037955284118652,2.0647964477539062,1.420987248420715,13.64564609527588,-10.37755298614502,-7.364504814147949,-7.846817970275879,4.8403825759887695,0.0399133935570716,-1.342108130455017,-1.4030969142913818,12.540287971496582,1.3997089862823486,0.5986644625663757,-0.5179948210716248,-8.018278121948242,1.162015676498413,-13.398963928222656,4.198289394378662,-2.1832311153411865,8.771385192871094,-8.094472885131836,9.548465728759766,10.629865646362305,-9.233505249023438,-2.665978193283081,-12.815509796142578,-4.879142284393311,-6.24266529083252,-4.128916263580322,0.7809120416641235,4.118317604064941,5.912360191345215,2.6184377670288086,-10.897842407226562,-3.0952353477478027,-1.15500009059906,-20.1931095123291,-4.101381778717041,9.712133407592772,-3.0701582431793213,-0.7415727972984314,1.1551754474639893,-7.871968746185303,0.6626845598220825,11.02866554260254,-6.573113441467285,-1.7528352737426758,8.167275428771973,-7.200033187866211,1.772075891494751,-3.371729850769043,2.5365681648254395,7.358898639678955,-0.2112729549407959,-6.005668640136719,-9.371489524841309,2.32878041267395,0.6412559151649475,-9.941045761108398,8.228407859802246,5.345645427703857,-0.6774489879608154,8.038592338562012,-2.3707375526428223,5.007149696350098,6.852045059204102,1.6936994791030884,0.602947473526001,2.8776895999908447,8.804913520812988,7.259610176086426,5.1329545974731445,-12.70570468902588,-5.561066627502441,-3.962904453277588,-16.464237213134766,6.402924537658691,-2.9604380130767822,-1.035755276679993,3.402834892272949,-0.7000030279159546,-3.657663345336914,-14.490277290344238,1.942145824432373,5.713901996612549,1.7317124605178833,2.886725902557373,-7.867979526519775,12.1338472366333,11.631599426269531,-2.754103422164917,7.284914970397949,-11.774520874023438,-0.0080885887145996,-5.468144416809082,4.973832607269287,4.546260356903076,-9.083334922790527,-8.871535301208496,-1.666584014892578,-3.510475873947144,2.8931808471679688,-2.3952677249908447,3.1955888271331787,10.655755996704102,7.813898086547852,-4.146936416625977,14.492959976196287,15.155092239379885,0.3221201300621032,10.08046054840088,-2.945850133895874,6.086581707000732,-4.70881462097168,-6.248792171478272,-3.1082394123077397,8.8576021194458,8.201663970947266,-1.0303120613098145,1.829860806465149,1.3059563636779783,8.691828727722168,10.395252227783203,1.7021055221557615,11.015219688415527,-2.749037742614746,-1.6184018850326538,3.500161647796631,-7.155379772186279,-5.364635944366455,4.894712448120117,-5.8255486488342285,-7.122518062591553,-5.950418949127197,-5.750315189361572,-3.585239887237549,0.9031174778938292,-13.302779197692873,1.1564314365386963,-0.5124405026435852,-0.4776943922042846,4.148025989532471,-10.646890640258787,-8.190073013305664,10.808591842651367,-0.1324281245470047,1.866106390953064,6.401927471160889,7.125241756439209,-5.209070682525635,-2.704113483428955,10.367154121398926,-1.8766690492630005,5.556695461273193,-7.778698444366455,10.38807201385498,8.358238220214844,0.0402672439813613,-5.209866523742676,-5.531750679016113,-4.59870719909668,-2.044659376144409,-3.569692373275757,-0.327019453048706,-0.0643566474318504,2.6857450008392334,0.4752461314201355,1.342778563499451,-5.3644633293151855,-12.149664878845217,-1.5771117210388184,1.7830846309661863,3.883368492126465,4.410158157348633,4.757109642028809,3.000699996948242,8.098817825317383,-4.078187465667725,13.344449043273926,6.419330596923828,12.00125789642334,-0.1404301226139068,12.355650901794434,-6.20053768157959,3.587759494781494,-10.338874816894531,3.2192091941833496,-0.4097637832164764,0.5630333423614502,8.519268989562988,-9.636519432067873,3.211646556854248,2.121301651000977,-7.94097089767456,-4.715402126312256,-1.680374264717102,5.757012367248535,-3.475851058959961,-3.7082173824310303,2.0175201892852783,7.770534515380859,-6.228294372558594,5.214733600616455,-2.016759157180786,-5.294327735900879,-13.500657081604004,0.5127343535423279,-7.311944484710693,-3.597250938415528,-0.4293594062328338,-6.167886734008789,10.834348678588867,3.184605360031128,-2.158656597137451,4.542288780212402,1.9588422775268557,-7.01288366317749,3.9388043880462646,-15.479483604431152,-9.750279426574709,-2.277007579803467,-8.274157524108887,-17.115854263305664,4.354545593261719,-3.263355255126953,-0.088354542851448,-18.333396911621094,2.7112836837768555,5.775923252105713,-7.744858741760254,3.645045757293701,-7.519064426422119,1.6081408262252808,7.520556926727295,7.947719573974609,11.760526657104492,5.071409225463867,-4.558520793914795,-10.745007514953612,9.355545043945312,-2.084394693374634,-4.046972751617432,-4.777207851409912,3.3583641052246094,-5.098912239074707,2.6893458366394043,0.8299314379692078,-5.498085021972656,-3.418931007385254,-2.595700979232788,1.953246831893921,1.0566784143447876,-8.175464630126953,-6.436026096343994,-15.48565673828125,-5.91274881362915,-2.3655219078063965,2.7006070613861084,2.3302700519561768,0.2364689707756042,-5.365083694458008,1.192138433456421,-2.343619108200073,11.524772644042969,13.818867683410645,-3.413688898086548,-8.862055778503418,-5.496286869049072,-4.918844699859619,-3.602381706237793,-13.63581371307373,-2.2368788719177246,-1.0,1.1461280356782375
OXYR_HUMAN,CHEMBL3354573,CCC(C)C1NC(=O)C(Cc2ccc(O)cc2)NC(=O)CCSSCC(C(=O)N(CCC2CCCN2)CC(=O)NC(CC(C)C)C(=O)NCC(N)=O)NC(=O)C(CC(N)=O)NC(=O)C(CCC(N)=O)NC1=O,0,0,0,0,0,0,0,0,0,0,0,0,0,0,0,0,0,0,0,0,0,0,0,0,0,0,0,0,0,0,0,0,0,0,0,0,0,0,0,0,0,0,0,0,0,0,0,0,0,0,0,0,0,0,0,0,0,0,0,0,0,0,0,0,0,0,0,0,0,0,0,0,0,0,0,0,0,0,0,0,0,0,0,0,0,0,0,0,0,0,0,0,0,0,0,0,0,0,0,0,0,0,0,0,0,0,0,0,0,0,0,0,0,0,0,0,0,0,0,0,0,0,0,0,0,0,0,0,0,0,0,0,0,0,0,0,0,0,0,0,0,0,0,0,0,0,0,0,0,0,0,0,0,0,0,0,0,0,0,0,0,0,0,0,0,0,0,0,0,0,0,0,0,0,0,0,0,0,0,0,0,0,0,0,0,2,4,1,2,2,2,2,3,2,3,2,4,2,2,3,2,0,0,0,0,0,0,0,0,0,0,0,0,0,0,0,0,3,2,2,1,0,0,0,0,0,0,0,0,0,0,0,0,0,0,0,0,0,1,1,2,4,1,3,0,0,0,0,0,0,0,0,0,0,0,5,3,0,0,0,0,0,0,0,0,0,0,0,0,0,0,0,0,0,0,0,0,0,0,0,0,0,0,0,0,0,0,0,0,0,0,0,0,0,0,0,0,0,0,0,0,0,0,0,0,0,0,0,0,0,0,0,0,0,0,0,0,0,0,0,0,0,0,0,0,0,0,0,0,0,0,0,0,0,0,0,0,0,0,0,0,0,0,0,0,0,0,0,0,0,0,0,0,0,0,0,0,0,0,0,0,0,0,0,0,0,0,0,0,0,0,0,0,0,0,0,0,0,0,0,0,0,0,0,0,0,0,0,0,0,0,0,0,0,0,0,0,0,0,0,0,0,0,0,0,0,0,0,0,0,0,0,0,0,0,0,0,0,0,0,0,0,0,0,0,0,0,0,0,0,0,0,0,2,1,1,1,5,5,3,0,0,0,0,0,0,0,0,0,0,0,0,0,0,0,0,0,0,0,0,0,0,0,0,0,0,0,0,0,0,0,0,0,0,0,0,0,0,0,0,0,0,0,0,0,0,0,0,0,0,0,0,0,0,0,0,0,0,0,0,0,0,0,0,0,0,0,0,0,0,0,0,0,0,0,0,0,0,0,0,0,0,0,0,0,0,0,0,0,0,0,0,0,0,0,0,0,0,0,0,0,0,0,0,0,0,0,0,0,0,0,0,0,0,0,0,0,0,0,0,0,0,0,0,0,0,0,0,0,0,0,0,0,0,0,0,0,0,0,0,0,0,0,0,0,0,0,0,0,4,2,2,2,5,2,4,2,0,0,0,0,0,0,0,0,0,0,0,0,0,0,0,0,0,2,2,2,1,2,0,2,2,0,0,0,0,0,0,0,0,0,0,0,2,2,2,2,3,1,3,2,1,0,0,0,0,0,0,2,2,2,2,2,0,0,5,0,0,0,0,3,3,0,0,0,0,0,0,0,0,0,0,0,5,3,5,5,0,0,0,0,0,3,0,0,0,0,0,0,0,5,2,2,2,2,2,5,0,0,0,0,0,0,0,0,0,0,0,0,0,0,0,5,2,3,0,2,2,4,0,0,0,0,0,0,0,0,0,0,0,0,0,0,0,0,0,0,0,0,0,0,0,0,0,0,0,0,0,0,0,0,2,2,2,2,2,2,3,2,2,0,0,0,0,0,0,0,0,0,0,0,0,0,0,0,0,0,0,0,0,0,0,0,0,1,3,2,2,0,0,0,0,0,0,0,0,0,0,0,0,0,0,0,0,0,0,0,0,0,0,0,0,0,0,0,0,0,2,4,2,3,2,5,2,2,1,0,1,4,2,0,0,0,0,0,2,1,0,0,0,0,0,0,0,0,0,0,0,0,0,0,0,0,0,0,0,0,0,0,0,0,0,0,0,0,0,0,0,0,0,0,0,0,0,0,0,0,0,0,0,0,0,0,0,5,0,2,2,5,0,2,2,3,2,2,1,2,2,2,0,0,0,3,3,2,2,0,0,0,0,0,0,0,0,0,0,0,0,2,2,0,0,0,0,0,0,0,0,0,0,0,0,0,0,0,0,0,0,0,0,0,0,0,0,0,0,0,0,0,0,0,2,2,3,2,4,5,0,0,0,0,0,0,0,0,0,0,0,0,0,0,0,0,0,0,0,0,0,0,0,0,0,0,0,0,0,0,0,0,0,0,1,0,0,0,0,0,0,0,0,0,0,0,0,0,0,0,0,0,0,0,0,0,0,0,0,0,0,2,2,0,0,0,0,0,0,2,0,1,3,1,2,0,0,0,0,0,0,0,0,0,0,0,0,0,0,0,0,0,0,0,0,0,0,0,0,0,0,0,0,5,3,0,0,0,0,2,5,5,0,0,5,3,0,0,0,0,0,0,0,0,0,0,0,0,0,0,0,4,5,0,0,0,0,2,2,2,0,0,0,0,2,2,3,2,2,0,0,0,1,1,2,2,2,3,0,0,2,1,3,2,5,0,0,0,0,0,0,0,0,0,0,0,0,2,2,3,0,0,0,0,0,0,0,0,0,0,0,0,0,0,0,0,0,0,0,0,0,0,0,0,0,0,0,0,0,0,0,0,0,0,0,0,0,0,0,2,5,0,0,0,0,4,0,0,0,0,0,0,0,0,0,0,0,0,0,0,0,0,0,0,0,0,0,0,0,0,0,0,0,0,0,0,0,0,0,0,0,0,0,0,0,0,0,0,0,0,0,0,0,0,0,0,0,0,0,0,0,0,0,0,0,0,0,0,0,0,0,0,0,0,0,0,0,0,0,0,0,0,0,0,0,0,0,0,0,0,0,0,0,0,0,0,0,0,0,2,2,0,0,4,1,2,2,4,0,0,0,0,0,1,2,2,2,0,0,0,0,0,0,0,0,0,0,0,0,0,0,0,0,0,0,0,0,0,0,0,0,0,0,0,0,0,0,0,0,0,0,0,0,0,0,0,0,0,0,0,2,2,0,0,0,0,0,0,0,0,0,0,0,0,0,0,0,0,3,1,2,1,1,0,0,0,0,5,0,0,0,0,0,0,0,2,2,0,0,0,0,0,0,0,0,2,3,2,2,0,0,0,3,2,2,2,2,0,2,2,1,2,2,0,2,2,0,0,0,0,0,0,0,0,0,0,0,0,0,0,0,0,0,0,2,2,1,0,0,0,0,0,0,0,0,0,0,0,0,0,0,0,0,2,1,2,2,3,2,0,0,0,0,0,0,0,5,2,0,0,0,0,0,0,0,0,0,0,0,0,0,0,0,0,2,3,0,0,0,0,0,0,0,0,0,0,0,0,0,0,0,0,0,0,0,0,0,0,0,0,0,0,0,0,0,0,0,0,0,0,0,0,0,0,0,0,0,0,0,3,2,5,2,0,0,0,0,0,0,0,0,0,0,0,0,0,0,0,0,0,0,0,0,0,0,0,0,0,0,0,0,0,0,0,0,0,0,0,0,0,0,0,0,0,0,0,0,0,0,0,0,0,0,0,0,0,0,0,0,0,0,0,0,0,0,0,0,0,0,0,0,0,0,0,0,0,0,0,0,0,0,0,0,0,0,0,0,0,0,0,0,0,0,0,0,0,0,0,0,0,0,0,0,0,0,0,0,0,0,0,0,0,0,0,0,0,0,0,0,0,0,0,0,0,0,0,0,0,0,0,0,0,0,0,0,0,0,0,0,0,0,0,5,3,2,2,2,2,2,2,4,2,1,4,1,2,2,2,1,4,1,1,5,2,2,2,2,5,2,3,3,2,5,2,2,3,5,0,0,0,0,0,0,0,0,0,0,0,0,0,0,0,0,0,0,0,0,0,0,0,2,5,2,5,3,2,0,0,0,0,0,0,0,0,5,0,0,0,2,3,2,2,2,2,0,0,0,0,0,2,2,2,2,2,0,0,0,1,2,3,1,2,2,2,0,0,0,0,0,2,3,2,2,3,2,2,4,2,0,0,0,0,0,0,0,0,3,2,1,5,4,2,0,0,0,0,3,0,0,0,0,0,0,0,0,0,0,0,0,0,0,0,0,0,2,0,0,2,0,0,0,0,0,0,0,0,0,0,0,0,0,0,0,0,0,0,0,0,0,0,0,0,0,0,0,0,0,0,0,0,0,0,0,0,0,0,0,0,0,0,0,0,0,0,0,0,0,0,0,0,0,0,0,0,0,0,0,0,0,0,0,0,0,0,0,0,0,0,0,0,0,0,0,0,0,2,2,0,2,0,0,0,0,0,2,2,2,0,2,3,2,3,3,1,1,3,1,2,2,0,0,0,0,0,0,0,2,2,2,2,3,1,5,2,2,5,0,4,2,0,0,0,0,2,3,5,2,0,0,0,0,0,0,0,0,0,0,0,0,0,0,0,0,0,0,0,0,0,0,0,0,0,0,0,0,0,0,0,0,0,0,0,0,0,0,0,0,0,0,0,0,0,0,0,0,0,0,0,0,0,0,0,0,0,0,0,0,0,0,0,0,0,0,0,0,0,0,0,0,0,0,0,0,0,0,0,0,0,0,0,0,0,0,0,0,0,0,0,0,0,0,0,0,2,1,1,3,2,3,2,2,5,1,5,5,2,1,4,3,0,0,0,0,0,0,0,0,0,0,0,0,0,0,0,0,0,0,0,0,0,0,0,0,0,0,0,0,0,0,0,0,0,0,0,0,0,0,0,0,0,0,0,0,0,0,0,0,0,0,0,0,0,0,0,0,0,0,0,0,0,0,0,0,0,0,0,0,0,0,0,0,0,0,0,0,0,0,0,0,0,0,0,0,0,0,0,0,0,0,0,0,0,0,0,0,0,0,0,0,0,0,0,0,0,0,0,0,0,0,0,0,0,0,0,0,0,0,0,0,0,0,0,0,0,0,0,0,0,0,0,0,0,0,0,0,0,0,0,0,0,0,0,0,0,0,0,0,0,0,0,0,0,0,0,0,0,0,0,0,0,0,0,0,0,0,0,0,0,0,0,0,0,0,0,0,0,0,0,0,0,0,0,0,0,0,0,0,0,0,0,0,0,0,0,0,0,0,0,0,0,0,0,0,0,0,0,0,0,0,0,0,0,0,0,0,0,0,0,0,0,0,0,0,0,0,0,0,0,0,0,0,0,0,0,0,0,0,0,0,0,0,0,0,0,0,0,0,0,0,0,0,0,0,0,0,0,0,0,0,0,0,0,0,0,0,0,0,0,0,0,0,0,0,0,0,0,0,0,0,0,0,0,0,3,2,3,5,5,3,3,3,3,3,2,2,2,3,5,5,3,0,0,0,0,0,0,0,0,0,0,0,0,0,0,0,0,0,0,0,0,0,0,0,0,0,0,0,0,0,0,0,0,0,0,0,0,0,0,0,0,0,0,0,0,0,0,0,0,0,0,0,0,0,0,0,0,0,0,0,0,0,0,0,0,0,0,0,0,0,0,0,0,0,0,0,0,0,0,0,0,0,0,0,0,0,0,0,0,0,0,0,0,0,0,0,0,0,0,0,0,0,0,0,0,0,0,0,0,0,0,0,0,0,0,0,0,0,0,0,0,0,0,0,0,0,0,0,0,0,3,3,3,5,3,1,3,3,1,3,3,2,0,0,0,0,0,0,0,0,0,0,0,0,0,0,0,0,0,0,0,0,0,0,0,0,0,0,0,0,0,0,0,0,0,0,0,0,0,0,0,0,0,0,0,0,0,0,0,0,0,0,0,0,0,0,0,0,2.174684524536133,-4.816713809967041,-4.955205917358398,6.219007015228272,4.531341552734375,-18.30272102355957,-30.82206344604492,-5.705318927764893,25.549814224243164,-5.602750301361084,5.487283706665039,23.550457000732425,0.3156157732009887,15.128812789916992,-33.82786178588867,1.1836411952972412,23.333984375,-30.963319778442383,-31.964614868164062,37.09782028198242,7.213983058929443,18.389856338500977,58.031044006347656,17.06850814819336,-17.68331527709961,5.543693065643311,-17.2983455657959,-38.35429000854492,1.6939867734909058,-14.405197143554688,20.14215469360352,-9.869305610656738,-16.516881942749023,0.4459108710289001,-3.073174238204956,9.834650039672852,3.55234956741333,-2.866050958633423,21.303165435791016,21.09441947937012,3.137977123260498,1.7836825847625732,-5.559149265289307,-10.77816677093506,-26.442813873291016,20.492700576782227,11.783228874206545,41.74699401855469,-9.234999656677246,0.3512553572654724,10.604326248168944,-27.320148468017575,0.9631266593933104,-21.63829803466797,-34.67094039916992,-23.85820579528809,-15.897818565368652,15.555551528930664,5.704076290130615,11.75908660888672,1.6203449964523315,-18.02412223815918,-18.481895446777344,13.63119888305664,-43.40264892578125,4.397990703582764,19.88347816467285,12.27346897125244,-20.142562866210938,-2.447726964950561,-7.598974227905273,11.829941749572754,15.613848686218262,-32.98678970336914,-2.22199821472168,5.270995616912842,-28.64009666442871,0.4061118960380554,8.188981056213379,1.5120304822921753,19.67559814453125,2.331887722015381,-10.048694610595703,-42.34224319458008,17.981279373168945,-12.264942169189451,-9.771998405456545,7.206392765045166,8.693584442138672,-2.790234327316284,6.736284255981445,15.433839797973633,15.923162460327148,8.000182151794434,4.632643699645996,-5.026755332946777,19.622026443481445,10.804370880126951,16.92967987060547,-9.98349952697754,-6.967009544372559,-20.357521057128903,-24.86084747314453,-11.28553867340088,12.22685432434082,-31.763708114624023,-16.843589782714844,12.848433494567873,7.707469940185547,-20.053680419921875,-21.125720977783203,17.804222106933594,8.306144714355469,-12.58489227294922,-4.814663887023926,-8.875935554504395,17.965986251831055,22.6296329498291,-3.4856364727020264,5.016354560852051,-14.338983535766602,16.23206329345703,-2.244427442550659,34.18564987182617,0.1069085299968719,-35.606971740722656,-31.74009704589844,2.8805625438690186,-15.49318504333496,1.1478896141052246,0.1567291021347046,-3.5995757579803467,15.457759857177734,41.48656845092773,7.325566291809082,32.38821029663086,-3.207350730895996,-8.070696830749512,17.680051803588867,-14.048465728759766,25.612972259521484,-0.1237065345048904,-9.986223220825195,-4.565011501312256,13.394450187683104,3.2079455852508545,6.112106323242188,6.164553642272949,14.794243812561035,35.537113189697266,-3.422060012817383,18.146398544311523,16.355257034301758,-23.7996768951416,-5.681918144226074,1.1000319719314575,-17.421506881713867,-5.8362016677856445,-0.1380230486392974,-17.79572105407715,8.82790470123291,14.348670959472656,-13.389238357543944,4.998692035675049,16.55018424987793,-26.55276107788086,12.621026039123535,-10.408058166503906,3.957565546035767,18.58810043334961,-13.200233459472656,-20.99424362182617,37.74361801147461,-8.556489944458008,15.469396591186523,-3.9077937602996826,14.369665145874023,-5.07668924331665,-13.678425788879396,23.96483421325684,-13.876057624816896,25.56624412536621,-0.9031102657318116,30.097320556640625,11.893158912658691,-11.296228408813477,1.7757028341293335,3.999837636947632,-7.864763259887695,-18.974632263183597,4.055785179138184,-9.149792671203612,-17.468793869018555,6.0187764167785645,13.021419525146484,4.58241081237793,1.0473307371139526,-28.075721740722656,-10.526145935058594,-9.67145824432373,-1.562664031982422,-7.175597190856934,9.251079559326172,-5.704274654388428,-6.388845443725586,-7.4923577308654785,35.60313415527344,29.38916015625,27.480255126953125,-17.853811264038086,31.74300575256348,-1.7012008428573608,33.98236083984375,-15.204240798950195,13.075631141662598,-2.282632112503052,16.14458656311035,10.9525785446167,-11.29930305480957,16.114866256713867,11.83185863494873,-21.62177848815918,-10.050387382507324,1.5222886800765991,7.341566562652588,-14.38424587249756,-3.4154651165008545,-2.145321846008301,13.285411834716797,-27.690168380737305,7.493311882019043,-3.89937973022461,-21.61883354187012,-24.539186477661133,5.193800926208496,-28.28820037841797,-5.52493143081665,-8.872893333435059,-6.911884307861328,30.302120208740234,19.738210678100582,-29.45568084716797,20.332916259765625,-7.262227058410644,-4.476794719696045,25.03843307495117,-44.611454010009766,-16.250415802001953,3.948228359222412,13.769695281982422,-47.71026611328125,11.572781562805176,11.974395751953123,-6.851446628570557,-25.27158737182617,17.924034118652344,3.996262550354004,-16.71102523803711,34.88874435424805,-27.56403541564941,-10.282028198242188,9.73171615600586,3.4819893836975098,18.907859802246094,-3.847376346588135,-26.26236915588379,-11.389151573181152,2.176295518875122,7.360104084014893,-20.366491317749023,3.005427122116089,12.130950927734377,-14.623080253601074,3.500111818313598,-0.5290243625640869,-22.24737548828125,-10.236504554748535,-8.881546020507812,-12.192899703979492,21.31571578979492,-13.11297607421875,-19.45425033569336,-24.40142822265625,-13.663796424865724,-12.453021049499512,13.101643562316896,1.091873049736023,-1.8609248399734497,-10.835287094116213,-11.092047691345217,7.767917156219482,32.81897735595703,11.781608581542969,11.699200630187988,-29.08230400085449,-22.1735897064209,-16.601070404052734,-24.464603424072266,-44.400428771972656,-1.6542160511016846,1.0,1.2787536009528289
OXYR_HUMAN,CHEMBL1817758,CCC(C)C1NC(=O)C(Cc2ccco2)NC(=O)C(N)CSSCC(C(=O)N2CCCC2C(=O)NC(CCCNC(C)C)C(=O)NCC(N)=O)NC(=O)C(CC(N)=O)NC(=O)C(CC(N)=O)NC1=O,0,0,0,0,0,0,0,0,0,0,0,0,0,0,0,0,0,0,0,0,0,0,0,0,0,0,0,0,0,0,0,0,0,0,0,0,0,0,0,0,0,0,0,0,0,0,0,0,0,0,0,0,0,0,0,0,0,0,0,0,0,0,0,0,0,0,0,0,0,0,0,0,0,0,0,0,0,0,0,0,0,0,0,0,0,0,0,0,0,0,0,0,0,0,0,0,0,0,0,0,0,0,0,0,0,0,0,0,0,0,0,0,0,0,0,0,0,0,0,0,0,0,0,0,0,0,0,0,0,0,0,0,0,0,0,0,0,0,0,0,0,0,0,0,0,0,0,0,0,0,0,0,0,0,0,0,0,0,0,0,0,0,0,0,0,0,0,0,0,0,0,0,0,0,0,0,0,0,0,0,0,0,0,0,0,2,4,1,2,2,2,2,3,2,3,2,4,2,2,3,2,0,0,0,0,0,0,0,0,0,0,0,0,0,0,0,0,3,2,2,1,0,0,0,0,0,0,0,0,0,0,0,0,0,0,0,0,0,1,1,2,4,1,3,0,0,0,0,0,0,0,0,0,0,0,5,3,0,0,0,0,0,0,0,0,0,0,0,0,0,0,0,0,0,0,0,0,0,0,0,0,0,0,0,0,0,0,0,0,0,0,0,0,0,0,0,0,0,0,0,0,0,0,0,0,0,0,0,0,0,0,0,0,0,0,0,0,0,0,0,0,0,0,0,0,0,0,0,0,0,0,0,0,0,0,0,0,0,0,0,0,0,0,0,0,0,0,0,0,0,0,0,0,0,0,0,0,0,0,0,0,0,0,0,0,0,0,0,0,0,0,0,0,0,0,0,0,0,0,0,0,0,0,0,0,0,0,0,0,0,0,0,0,0,0,0,0,0,0,0,0,0,0,0,0,0,0,0,0,0,0,0,0,0,0,0,0,0,0,0,0,0,0,0,0,0,0,0,0,0,0,0,0,2,1,1,1,5,5,3,0,0,0,0,0,0,0,0,0,0,0,0,0,0,0,0,0,0,0,0,0,0,0,0,0,0,0,0,0,0,0,0,0,0,0,0,0,0,0,0,0,0,0,0,0,0,0,0,0,0,0,0,0,0,0,0,0,0,0,0,0,0,0,0,0,0,0,0,0,0,0,0,0,0,0,0,0,0,0,0,0,0,0,0,0,0,0,0,0,0,0,0,0,0,0,0,0,0,0,0,0,0,0,0,0,0,0,0,0,0,0,0,0,0,0,0,0,0,0,0,0,0,0,0,0,0,0,0,0,0,0,0,0,0,0,0,0,0,0,0,0,0,0,0,0,0,0,0,0,4,2,2,2,5,2,4,2,0,0,0,0,0,0,0,0,0,0,0,0,0,0,0,0,0,2,2,2,1,2,0,2,2,0,0,0,0,0,0,0,0,0,0,0,2,2,2,2,3,1,3,2,1,0,0,0,0,0,0,2,2,2,2,2,0,0,5,0,0,0,0,3,3,0,0,0,0,0,0,0,0,0,0,0,5,3,5,5,0,0,0,0,0,3,0,0,0,0,0,0,0,5,2,2,2,2,2,5,0,0,0,0,0,0,0,0,0,0,0,0,0,0,0,5,2,3,0,2,2,4,0,0,0,0,0,0,0,0,0,0,0,0,0,0,0,0,0,0,0,0,0,0,0,0,0,0,0,0,0,0,0,0,2,2,2,2,2,2,3,2,2,0,0,0,0,0,0,0,0,0,0,0,0,0,0,0,0,0,0,0,0,0,0,0,0,1,3,2,2,0,0,0,0,0,0,0,0,0,0,0,0,0,0,0,0,0,0,0,0,0,0,0,0,0,0,0,0,0,2,4,2,3,2,5,2,2,1,0,1,4,2,0,0,0,0,0,2,1,0,0,0,0,0,0,0,0,0,0,0,0,0,0,0,0,0,0,0,0,0,0,0,0,0,0,0,0,0,0,0,0,0,0,0,0,0,0,0,0,0,0,0,0,0,0,0,5,0,2,2,5,0,2,2,3,2,2,1,2,2,2,0,0,0,3,3,2,2,0,0,0,0,0,0,0,0,0,0,0,0,2,2,0,0,0,0,0,0,0,0,0,0,0,0,0,0,0,0,0,0,0,0,0,0,0,0,0,0,0,0,0,0,0,2,2,3,2,4,5,0,0,0,0,0,0,0,0,0,0,0,0,0,0,0,0,0,0,0,0,0,0,0,0,0,0,0,0,0,0,0,0,0,0,1,0,0,0,0,0,0,0,0,0,0,0,0,0,0,0,0,0,0,0,0,0,0,0,0,0,0,2,2,0,0,0,0,0,0,2,0,1,3,1,2,0,0,0,0,0,0,0,0,0,0,0,0,0,0,0,0,0,0,0,0,0,0,0,0,0,0,0,0,5,3,0,0,0,0,2,5,5,0,0,5,3,0,0,0,0,0,0,0,0,0,0,0,0,0,0,0,4,5,0,0,0,0,2,2,2,0,0,0,0,2,2,3,2,2,0,0,0,1,1,2,2,2,3,0,0,2,1,3,2,5,0,0,0,0,0,0,0,0,0,0,0,0,2,2,3,0,0,0,0,0,0,0,0,0,0,0,0,0,0,0,0,0,0,0,0,0,0,0,0,0,0,0,0,0,0,0,0,0,0,0,0,0,0,0,2,5,0,0,0,0,4,0,0,0,0,0,0,0,0,0,0,0,0,0,0,0,0,0,0,0,0,0,0,0,0,0,0,0,0,0,0,0,0,0,0,0,0,0,0,0,0,0,0,0,0,0,0,0,0,0,0,0,0,0,0,0,0,0,0,0,0,0,0,0,0,0,0,0,0,0,0,0,0,0,0,0,0,0,0,0,0,0,0,0,0,0,0,0,0,0,0,0,0,0,2,2,0,0,4,1,2,2,4,0,0,0,0,0,1,2,2,2,0,0,0,0,0,0,0,0,0,0,0,0,0,0,0,0,0,0,0,0,0,0,0,0,0,0,0,0,0,0,0,0,0,0,0,0,0,0,0,0,0,0,0,2,2,0,0,0,0,0,0,0,0,0,0,0,0,0,0,0,0,3,1,2,1,1,0,0,0,0,5,0,0,0,0,0,0,0,2,2,0,0,0,0,0,0,0,0,2,3,2,2,0,0,0,3,2,2,2,2,0,2,2,1,2,2,0,2,2,0,0,0,0,0,0,0,0,0,0,0,0,0,0,0,0,0,0,2,2,1,0,0,0,0,0,0,0,0,0,0,0,0,0,0,0,0,2,1,2,2,3,2,0,0,0,0,0,0,0,5,2,0,0,0,0,0,0,0,0,0,0,0,0,0,0,0,0,2,3,0,0,0,0,0,0,0,0,0,0,0,0,0,0,0,0,0,0,0,0,0,0,0,0,0,0,0,0,0,0,0,0,0,0,0,0,0,0,0,0,0,0,0,3,2,5,2,0,0,0,0,0,0,0,0,0,0,0,0,0,0,0,0,0,0,0,0,0,0,0,0,0,0,0,0,0,0,0,0,0,0,0,0,0,0,0,0,0,0,0,0,0,0,0,0,0,0,0,0,0,0,0,0,0,0,0,0,0,0,0,0,0,0,0,0,0,0,0,0,0,0,0,0,0,0,0,0,0,0,0,0,0,0,0,0,0,0,0,0,0,0,0,0,0,0,0,0,0,0,0,0,0,0,0,0,0,0,0,0,0,0,0,0,0,0,0,0,0,0,0,0,0,0,0,0,0,0,0,0,0,0,0,0,0,0,0,5,3,2,2,2,2,2,2,4,2,1,4,1,2,2,2,1,4,1,1,5,2,2,2,2,5,2,3,3,2,5,2,2,3,5,0,0,0,0,0,0,0,0,0,0,0,0,0,0,0,0,0,0,0,0,0,0,0,2,5,2,5,3,2,0,0,0,0,0,0,0,0,5,0,0,0,2,3,2,2,2,2,0,0,0,0,0,2,2,2,2,2,0,0,0,1,2,3,1,2,2,2,0,0,0,0,0,2,3,2,2,3,2,2,4,2,0,0,0,0,0,0,0,0,3,2,1,5,4,2,0,0,0,0,3,0,0,0,0,0,0,0,0,0,0,0,0,0,0,0,0,0,2,0,0,2,0,0,0,0,0,0,0,0,0,0,0,0,0,0,0,0,0,0,0,0,0,0,0,0,0,0,0,0,0,0,0,0,0,0,0,0,0,0,0,0,0,0,0,0,0,0,0,0,0,0,0,0,0,0,0,0,0,0,0,0,0,0,0,0,0,0,0,0,0,0,0,0,0,0,0,0,0,2,2,0,2,0,0,0,0,0,2,2,2,0,2,3,2,3,3,1,1,3,1,2,2,0,0,0,0,0,0,0,2,2,2,2,3,1,5,2,2,5,0,4,2,0,0,0,0,2,3,5,2,0,0,0,0,0,0,0,0,0,0,0,0,0,0,0,0,0,0,0,0,0,0,0,0,0,0,0,0,0,0,0,0,0,0,0,0,0,0,0,0,0,0,0,0,0,0,0,0,0,0,0,0,0,0,0,0,0,0,0,0,0,0,0,0,0,0,0,0,0,0,0,0,0,0,0,0,0,0,0,0,0,0,0,0,0,0,0,0,0,0,0,0,0,0,0,0,2,1,1,3,2,3,2,2,5,1,5,5,2,1,4,3,0,0,0,0,0,0,0,0,0,0,0,0,0,0,0,0,0,0,0,0,0,0,0,0,0,0,0,0,0,0,0,0,0,0,0,0,0,0,0,0,0,0,0,0,0,0,0,0,0,0,0,0,0,0,0,0,0,0,0,0,0,0,0,0,0,0,0,0,0,0,0,0,0,0,0,0,0,0,0,0,0,0,0,0,0,0,0,0,0,0,0,0,0,0,0,0,0,0,0,0,0,0,0,0,0,0,0,0,0,0,0,0,0,0,0,0,0,0,0,0,0,0,0,0,0,0,0,0,0,0,0,0,0,0,0,0,0,0,0,0,0,0,0,0,0,0,0,0,0,0,0,0,0,0,0,0,0,0,0,0,0,0,0,0,0,0,0,0,0,0,0,0,0,0,0,0,0,0,0,0,0,0,0,0,0,0,0,0,0,0,0,0,0,0,0,0,0,0,0,0,0,0,0,0,0,0,0,0,0,0,0,0,0,0,0,0,0,0,0,0,0,0,0,0,0,0,0,0,0,0,0,0,0,0,0,0,0,0,0,0,0,0,0,0,0,0,0,0,0,0,0,0,0,0,0,0,0,0,0,0,0,0,0,0,0,0,0,0,0,0,0,0,0,0,0,0,0,0,0,0,0,0,0,0,3,2,3,5,5,3,3,3,3,3,2,2,2,3,5,5,3,0,0,0,0,0,0,0,0,0,0,0,0,0,0,0,0,0,0,0,0,0,0,0,0,0,0,0,0,0,0,0,0,0,0,0,0,0,0,0,0,0,0,0,0,0,0,0,0,0,0,0,0,0,0,0,0,0,0,0,0,0,0,0,0,0,0,0,0,0,0,0,0,0,0,0,0,0,0,0,0,0,0,0,0,0,0,0,0,0,0,0,0,0,0,0,0,0,0,0,0,0,0,0,0,0,0,0,0,0,0,0,0,0,0,0,0,0,0,0,0,0,0,0,0,0,0,0,0,0,3,3,3,5,3,1,3,3,1,3,3,2,0,0,0,0,0,0,0,0,0,0,0,0,0,0,0,0,0,0,0,0,0,0,0,0,0,0,0,0,0,0,0,0,0,0,0,0,0,0,0,0,0,0,0,0,0,0,0,0,0,0,0,0,0,0,0,0,1.3984001874923706,-8.90358829498291,-2.975208282470703,5.5119805335998535,4.7597856521606445,-19.146493911743164,-29.02040100097656,-6.249531269073486,23.589542388916016,-5.274601936340332,6.016669750213623,22.27427291870117,1.1981935501098633,15.800325393676758,-32.91825866699219,-0.3124371469020843,22.86090469360352,-30.12892341613769,-29.917638778686523,36.09584045410156,7.482642650604248,16.875856399536133,55.81662368774414,16.3004150390625,-18.509767532348636,6.0408616065979,-19.447229385375977,-38.8134994506836,0.972926378250122,-16.21160316467285,18.6065616607666,-10.338545799255373,-15.772161483764648,1.7392899990081787,-1.976043462753296,10.60058879852295,3.215206384658813,-3.6173837184906006,21.53988647460937,22.33110237121582,5.208710670471191,3.456235885620117,-5.0035505294799805,-11.476067543029783,-24.45048141479492,21.32586097717285,12.934776306152344,42.77566909790039,-8.762106895446777,0.060095340013504,9.421968460083008,-23.081663131713867,0.3902672827243805,-18.93634796142578,-32.714256286621094,-23.597925186157227,-17.560768127441406,16.14806365966797,4.770148754119873,7.945947170257568,2.6933841705322266,-17.475488662719727,-17.671113967895508,12.984870910644531,-43.97546005249024,3.732897996902466,19.873369216918945,9.566510200500488,-18.47154426574707,-1.503320574760437,-6.721200466156006,13.642271995544434,12.537736892700195,-30.664766311645508,0.6901689171791077,4.945558071136475,-27.27492332458496,1.0400023460388184,10.874369621276855,2.136225938796997,19.11656951904297,2.62286114692688,-9.604999542236328,-41.37318801879883,20.9522647857666,-14.47426986694336,-8.852738380432129,5.281403064727783,7.429566860198975,-2.173240423202514,6.4270124435424805,13.248629570007324,16.05358123779297,6.277047634124756,7.830467700958252,-5.858022689819336,18.5703182220459,7.655467987060547,18.403358459472656,-10.28811264038086,-6.605255126953125,-19.189254760742188,-23.32266998291016,-10.524709701538086,13.317219734191896,-31.470458984375,-16.74161148071289,12.611915588378906,8.24679183959961,-18.8050594329834,-18.981603622436523,14.176593780517578,7.687371253967285,-12.703367233276367,-5.444450378417969,-7.241563320159912,19.263919830322266,23.177339553833008,-3.563769817352295,5.269877433776856,-9.947811126708984,17.071094512939453,2.2035105228424072,33.553855895996094,-2.6200110912323,-34.06813049316406,-29.308704376220703,3.8379039764404297,-14.276918411254885,0.3103792667388916,1.1774649620056152,-5.151034355163574,13.794696807861328,40.05096054077149,8.189580917358398,31.25367546081543,-4.695992469787598,-10.124750137329102,18.465904235839844,-14.86175537109375,23.518999099731445,-1.8012487888336182,-11.483527183532717,-6.775536060333252,12.777443885803224,2.4572553634643555,5.770349502563477,7.138663768768311,12.958107948303224,36.38008880615234,-3.492053985595703,18.574316024780277,16.298309326171875,-22.26581573486328,-6.364886283874512,0.2682088613510132,-16.35297203063965,-1.77404522895813,-0.9698382616043092,-18.2473087310791,8.945839881896973,14.30321979522705,-11.989651679992676,6.051164150238037,17.144451141357422,-23.706771850585938,13.96711254119873,-9.52717113494873,1.0210292339324951,18.40373992919922,-14.31480598449707,-20.72629165649414,34.082183837890625,-5.779374599456787,15.158379554748535,-3.096750497817993,13.065935134887695,-2.3185794353485107,-10.510968208312988,23.358304977416992,-11.952813148498535,23.466358184814453,-2.8709402084350586,31.796436309814453,9.671656608581545,-10.156787872314451,3.859410047531128,2.013257503509521,-5.590405464172363,-19.69015312194824,3.609288692474365,-8.909184455871582,-20.079967498779297,3.942427396774292,14.44006061553955,5.476924419403076,3.515174388885498,-28.81946563720703,-8.17116641998291,-9.061338424682615,-1.262101173400879,-8.410224914550781,6.885723114013672,-7.796582698822021,-5.710624694824219,-4.5698418617248535,32.38737487792969,29.334665298461918,26.98932647705078,-15.062262535095217,28.679832458496094,-0.3699439764022827,34.557334899902344,-15.578658103942873,12.201098442077637,-3.462454080581665,13.663331031799316,10.330819129943848,-9.521278381347656,14.045746803283691,10.185307502746582,-20.61612701416016,-10.837023735046388,0.6325891613960266,8.572551727294922,-13.382216453552246,-3.5409598350524902,-4.368712425231934,12.189876556396484,-26.56414604187012,7.928156852722168,-2.3296523094177246,-19.70316505432129,-24.58711814880371,5.853879928588867,-24.805233001708984,-5.287403106689453,-8.489513397216797,-6.489831924438477,28.712459564208984,17.604490280151367,-31.731250762939453,20.252819061279297,-9.295326232910156,-1.959052562713623,24.250118255615234,-42.20202255249024,-15.690692901611328,0.5330568552017212,12.815844535827637,-47.110469818115234,11.13143539428711,12.602895736694336,-8.94369888305664,-25.70071029663086,21.70172119140625,4.31298828125,-16.982730865478516,32.850250244140625,-26.21109771728516,-10.137418746948242,7.43174934387207,4.308935165405273,16.313514709472656,-4.467069625854492,-25.781538009643555,-9.271023750305176,1.71148943901062,7.021887302398682,-20.71114921569824,3.658112049102783,10.245295524597168,-12.66036891937256,3.64209246635437,-2.7569754123687744,-20.441362380981445,-11.910664558410645,-9.902978897094728,-12.930676460266112,22.42523193359375,-13.890033721923828,-20.278194427490234,-23.756298065185547,-15.1942777633667,-13.695245742797852,12.805391311645508,0.5192112922668457,-3.793424129486084,-10.655165672302246,-9.108717918395996,10.570391654968262,31.54442977905273,9.806133270263672,10.682093620300291,-29.2312126159668,-18.71031379699707,-17.552968978881836,-22.395864486694336,-43.04978942871094,-3.4706413745880127,1.0,2.9867717342662448
OXYR_HUMAN,CHEMBL3354595,CCC(C)C1NC(=O)C(Cc2ccc(O)cc2)NC(=O)CCSCCC(C(=O)N(CC(=O)NC(CC(C)C)C(=O)NCC(N)=O)Cc2ccc(F)cc2)NC(=O)C(CC(N)=O)NC(=O)C(CCC(N)=O)NC1=O,0,0,0,0,0,0,0,0,0,0,0,0,0,0,0,0,0,0,0,0,0,0,0,0,0,0,0,0,0,0,0,0,0,0,0,0,0,0,0,0,0,0,0,0,0,0,0,0,0,0,0,0,0,0,0,0,0,0,0,0,0,0,0,0,0,0,0,0,0,0,0,0,0,0,0,0,0,0,0,0,0,0,0,0,0,0,0,0,0,0,0,0,0,0,0,0,0,0,0,0,0,0,0,0,0,0,0,0,0,0,0,0,0,0,0,0,0,0,0,0,0,0,0,0,0,0,0,0,0,0,0,0,0,0,0,0,0,0,0,0,0,0,0,0,0,0,0,0,0,0,0,0,0,0,0,0,0,0,0,0,0,0,0,0,0,0,0,0,0,0,0,0,0,0,0,0,0,0,0,0,0,0,0,0,0,2,4,1,2,2,2,2,3,2,3,2,4,2,2,3,2,0,0,0,0,0,0,0,0,0,0,0,0,0,0,0,0,3,2,2,1,0,0,0,0,0,0,0,0,0,0,0,0,0,0,0,0,0,1,1,2,4,1,3,0,0,0,0,0,0,0,0,0,0,0,5,3,0,0,0,0,0,0,0,0,0,0,0,0,0,0,0,0,0,0,0,0,0,0,0,0,0,0,0,0,0,0,0,0,0,0,0,0,0,0,0,0,0,0,0,0,0,0,0,0,0,0,0,0,0,0,0,0,0,0,0,0,0,0,0,0,0,0,0,0,0,0,0,0,0,0,0,0,0,0,0,0,0,0,0,0,0,0,0,0,0,0,0,0,0,0,0,0,0,0,0,0,0,0,0,0,0,0,0,0,0,0,0,0,0,0,0,0,0,0,0,0,0,0,0,0,0,0,0,0,0,0,0,0,0,0,0,0,0,0,0,0,0,0,0,0,0,0,0,0,0,0,0,0,0,0,0,0,0,0,0,0,0,0,0,0,0,0,0,0,0,0,0,0,0,0,0,0,2,1,1,1,5,5,3,0,0,0,0,0,0,0,0,0,0,0,0,0,0,0,0,0,0,0,0,0,0,0,0,0,0,0,0,0,0,0,0,0,0,0,0,0,0,0,0,0,0,0,0,0,0,0,0,0,0,0,0,0,0,0,0,0,0,0,0,0,0,0,0,0,0,0,0,0,0,0,0,0,0,0,0,0,0,0,0,0,0,0,0,0,0,0,0,0,0,0,0,0,0,0,0,0,0,0,0,0,0,0,0,0,0,0,0,0,0,0,0,0,0,0,0,0,0,0,0,0,0,0,0,0,0,0,0,0,0,0,0,0,0,0,0,0,0,0,0,0,0,0,0,0,0,0,0,0,4,2,2,2,5,2,4,2,0,0,0,0,0,0,0,0,0,0,0,0,0,0,0,0,0,2,2,2,1,2,0,2,2,0,0,0,0,0,0,0,0,0,0,0,2,2,2,2,3,1,3,2,1,0,0,0,0,0,0,2,2,2,2,2,0,0,5,0,0,0,0,3,3,0,0,0,0,0,0,0,0,0,0,0,5,3,5,5,0,0,0,0,0,3,0,0,0,0,0,0,0,5,2,2,2,2,2,5,0,0,0,0,0,0,0,0,0,0,0,0,0,0,0,5,2,3,0,2,2,4,0,0,0,0,0,0,0,0,0,0,0,0,0,0,0,0,0,0,0,0,0,0,0,0,0,0,0,0,0,0,0,0,2,2,2,2,2,2,3,2,2,0,0,0,0,0,0,0,0,0,0,0,0,0,0,0,0,0,0,0,0,0,0,0,0,1,3,2,2,0,0,0,0,0,0,0,0,0,0,0,0,0,0,0,0,0,0,0,0,0,0,0,0,0,0,0,0,0,2,4,2,3,2,5,2,2,1,0,1,4,2,0,0,0,0,0,2,1,0,0,0,0,0,0,0,0,0,0,0,0,0,0,0,0,0,0,0,0,0,0,0,0,0,0,0,0,0,0,0,0,0,0,0,0,0,0,0,0,0,0,0,0,0,0,0,5,0,2,2,5,0,2,2,3,2,2,1,2,2,2,0,0,0,3,3,2,2,0,0,0,0,0,0,0,0,0,0,0,0,2,2,0,0,0,0,0,0,0,0,0,0,0,0,0,0,0,0,0,0,0,0,0,0,0,0,0,0,0,0,0,0,0,2,2,3,2,4,5,0,0,0,0,0,0,0,0,0,0,0,0,0,0,0,0,0,0,0,0,0,0,0,0,0,0,0,0,0,0,0,0,0,0,1,0,0,0,0,0,0,0,0,0,0,0,0,0,0,0,0,0,0,0,0,0,0,0,0,0,0,2,2,0,0,0,0,0,0,2,0,1,3,1,2,0,0,0,0,0,0,0,0,0,0,0,0,0,0,0,0,0,0,0,0,0,0,0,0,0,0,0,0,5,3,0,0,0,0,2,5,5,0,0,5,3,0,0,0,0,0,0,0,0,0,0,0,0,0,0,0,4,5,0,0,0,0,2,2,2,0,0,0,0,2,2,3,2,2,0,0,0,1,1,2,2,2,3,0,0,2,1,3,2,5,0,0,0,0,0,0,0,0,0,0,0,0,2,2,3,0,0,0,0,0,0,0,0,0,0,0,0,0,0,0,0,0,0,0,0,0,0,0,0,0,0,0,0,0,0,0,0,0,0,0,0,0,0,0,2,5,0,0,0,0,4,0,0,0,0,0,0,0,0,0,0,0,0,0,0,0,0,0,0,0,0,0,0,0,0,0,0,0,0,0,0,0,0,0,0,0,0,0,0,0,0,0,0,0,0,0,0,0,0,0,0,0,0,0,0,0,0,0,0,0,0,0,0,0,0,0,0,0,0,0,0,0,0,0,0,0,0,0,0,0,0,0,0,0,0,0,0,0,0,0,0,0,0,0,2,2,0,0,4,1,2,2,4,0,0,0,0,0,1,2,2,2,0,0,0,0,0,0,0,0,0,0,0,0,0,0,0,0,0,0,0,0,0,0,0,0,0,0,0,0,0,0,0,0,0,0,0,0,0,0,0,0,0,0,0,2,2,0,0,0,0,0,0,0,0,0,0,0,0,0,0,0,0,3,1,2,1,1,0,0,0,0,5,0,0,0,0,0,0,0,2,2,0,0,0,0,0,0,0,0,2,3,2,2,0,0,0,3,2,2,2,2,0,2,2,1,2,2,0,2,2,0,0,0,0,0,0,0,0,0,0,0,0,0,0,0,0,0,0,2,2,1,0,0,0,0,0,0,0,0,0,0,0,0,0,0,0,0,2,1,2,2,3,2,0,0,0,0,0,0,0,5,2,0,0,0,0,0,0,0,0,0,0,0,0,0,0,0,0,2,3,0,0,0,0,0,0,0,0,0,0,0,0,0,0,0,0,0,0,0,0,0,0,0,0,0,0,0,0,0,0,0,0,0,0,0,0,0,0,0,0,0,0,0,3,2,5,2,0,0,0,0,0,0,0,0,0,0,0,0,0,0,0,0,0,0,0,0,0,0,0,0,0,0,0,0,0,0,0,0,0,0,0,0,0,0,0,0,0,0,0,0,0,0,0,0,0,0,0,0,0,0,0,0,0,0,0,0,0,0,0,0,0,0,0,0,0,0,0,0,0,0,0,0,0,0,0,0,0,0,0,0,0,0,0,0,0,0,0,0,0,0,0,0,0,0,0,0,0,0,0,0,0,0,0,0,0,0,0,0,0,0,0,0,0,0,0,0,0,0,0,0,0,0,0,0,0,0,0,0,0,0,0,0,0,0,0,5,3,2,2,2,2,2,2,4,2,1,4,1,2,2,2,1,4,1,1,5,2,2,2,2,5,2,3,3,2,5,2,2,3,5,0,0,0,0,0,0,0,0,0,0,0,0,0,0,0,0,0,0,0,0,0,0,0,2,5,2,5,3,2,0,0,0,0,0,0,0,0,5,0,0,0,2,3,2,2,2,2,0,0,0,0,0,2,2,2,2,2,0,0,0,1,2,3,1,2,2,2,0,0,0,0,0,2,3,2,2,3,2,2,4,2,0,0,0,0,0,0,0,0,3,2,1,5,4,2,0,0,0,0,3,0,0,0,0,0,0,0,0,0,0,0,0,0,0,0,0,0,2,0,0,2,0,0,0,0,0,0,0,0,0,0,0,0,0,0,0,0,0,0,0,0,0,0,0,0,0,0,0,0,0,0,0,0,0,0,0,0,0,0,0,0,0,0,0,0,0,0,0,0,0,0,0,0,0,0,0,0,0,0,0,0,0,0,0,0,0,0,0,0,0,0,0,0,0,0,0,0,0,2,2,0,2,0,0,0,0,0,2,2,2,0,2,3,2,3,3,1,1,3,1,2,2,0,0,0,0,0,0,0,2,2,2,2,3,1,5,2,2,5,0,4,2,0,0,0,0,2,3,5,2,0,0,0,0,0,0,0,0,0,0,0,0,0,0,0,0,0,0,0,0,0,0,0,0,0,0,0,0,0,0,0,0,0,0,0,0,0,0,0,0,0,0,0,0,0,0,0,0,0,0,0,0,0,0,0,0,0,0,0,0,0,0,0,0,0,0,0,0,0,0,0,0,0,0,0,0,0,0,0,0,0,0,0,0,0,0,0,0,0,0,0,0,0,0,0,0,2,1,1,3,2,3,2,2,5,1,5,5,2,1,4,3,0,0,0,0,0,0,0,0,0,0,0,0,0,0,0,0,0,0,0,0,0,0,0,0,0,0,0,0,0,0,0,0,0,0,0,0,0,0,0,0,0,0,0,0,0,0,0,0,0,0,0,0,0,0,0,0,0,0,0,0,0,0,0,0,0,0,0,0,0,0,0,0,0,0,0,0,0,0,0,0,0,0,0,0,0,0,0,0,0,0,0,0,0,0,0,0,0,0,0,0,0,0,0,0,0,0,0,0,0,0,0,0,0,0,0,0,0,0,0,0,0,0,0,0,0,0,0,0,0,0,0,0,0,0,0,0,0,0,0,0,0,0,0,0,0,0,0,0,0,0,0,0,0,0,0,0,0,0,0,0,0,0,0,0,0,0,0,0,0,0,0,0,0,0,0,0,0,0,0,0,0,0,0,0,0,0,0,0,0,0,0,0,0,0,0,0,0,0,0,0,0,0,0,0,0,0,0,0,0,0,0,0,0,0,0,0,0,0,0,0,0,0,0,0,0,0,0,0,0,0,0,0,0,0,0,0,0,0,0,0,0,0,0,0,0,0,0,0,0,0,0,0,0,0,0,0,0,0,0,0,0,0,0,0,0,0,0,0,0,0,0,0,0,0,0,0,0,0,0,0,0,0,0,0,3,2,3,5,5,3,3,3,3,3,2,2,2,3,5,5,3,0,0,0,0,0,0,0,0,0,0,0,0,0,0,0,0,0,0,0,0,0,0,0,0,0,0,0,0,0,0,0,0,0,0,0,0,0,0,0,0,0,0,0,0,0,0,0,0,0,0,0,0,0,0,0,0,0,0,0,0,0,0,0,0,0,0,0,0,0,0,0,0,0,0,0,0,0,0,0,0,0,0,0,0,0,0,0,0,0,0,0,0,0,0,0,0,0,0,0,0,0,0,0,0,0,0,0,0,0,0,0,0,0,0,0,0,0,0,0,0,0,0,0,0,0,0,0,0,0,3,3,3,5,3,1,3,3,1,3,3,2,0,0,0,0,0,0,0,0,0,0,0,0,0,0,0,0,0,0,0,0,0,0,0,0,0,0,0,0,0,0,0,0,0,0,0,0,0,0,0,0,0,0,0,0,0,0,0,0,0,0,0,0,0,0,0,0,1.821648478507996,-5.060518741607666,-6.09764289855957,8.535566329956055,4.800008773803711,-15.943326950073242,-31.661407470703125,-6.0641045570373535,28.050085067749023,-2.357933521270752,1.34594464302063,20.1988525390625,-3.699320077896118,13.415257453918455,-32.28056335449219,0.2537407875061035,24.054710388183597,-28.24320411682129,-30.347545623779297,34.26686096191406,7.51358699798584,18.49655532836914,59.28873443603516,17.440017700195312,-18.481426239013672,6.680587291717529,-15.403291702270508,-38.08668899536133,2.084710121154785,-11.249082565307615,23.62492561340332,-10.88305950164795,-15.596073150634766,-2.1641745567321777,-0.7304098606109619,9.29953956604004,4.668246746063232,-2.069012403488159,21.60986328125,18.740568161010746,0.316913902759552,-0.3233459591865539,-7.435945510864258,-10.58916187286377,-29.341283798217773,18.56228256225586,10.655094146728516,38.84885787963867,-10.176898002624512,3.6918485164642334,12.483234405517578,-26.591354370117188,-0.8114466667175293,-22.419818878173828,-32.868629455566406,-23.19072914123535,-14.030763626098633,12.29149341583252,6.852518558502197,10.41631031036377,1.5886286497116089,-18.69855117797852,-17.345617294311523,13.503873825073242,-43.24531555175781,2.995177984237671,22.005281448364254,9.66594409942627,-17.631174087524414,-1.722662329673767,-8.019269943237305,11.572381973266602,16.837419509887695,-31.197797775268555,-4.645827770233154,7.458889961242676,-27.26713752746582,2.894881248474121,7.292593955993652,2.122713327407837,18.85039520263672,1.5084973573684692,-11.01078987121582,-40.15864562988281,17.05687713623047,-11.865484237670898,-12.797410011291504,4.292003154754639,8.406217575073242,-3.180358648300171,9.356186866760254,13.938318252563477,15.995321273803713,9.986581802368164,5.585351467132568,-4.055509567260742,20.358747482299805,10.536215782165527,17.91632652282715,-7.882240295410156,-9.090180397033691,-22.379491806030277,-24.875751495361328,-15.555900573730469,12.049505233764648,-30.75857925415039,-15.168571472167969,12.78453254699707,8.328534126281738,-19.9390811920166,-25.30647850036621,16.324851989746094,12.00404930114746,-12.563668251037598,-3.1607542037963867,-10.639491081237791,18.515735626220703,23.874177932739254,-5.394556045532227,7.646587371826172,-16.622831344604492,14.641362190246582,-4.162881851196289,33.299747467041016,0.9938623905181884,-33.820186614990234,-32.129356384277344,2.716794729232788,-14.69579029083252,1.8333740234375,0.3204611539840698,-5.17502498626709,16.48200798034668,41.82355117797852,4.119621753692627,33.51496887207031,3.581386089324951,-6.6446213722229,19.393573760986328,-13.159499168395996,24.89044570922852,0.2334762066602707,-8.445003509521484,-2.8071773052215576,16.8662166595459,6.281250953674316,7.892270565032959,5.556616306304932,13.635172843933104,34.658599853515625,-0.6124059557914734,16.350149154663086,18.59912109375,-22.356163024902344,-4.862233638763428,0.4997576773166656,-17.77004623413086,-7.100690841674805,1.0357290506362915,-19.190977096557617,5.127374649047852,12.431885719299316,-13.740478515625,7.606479167938232,15.91585922241211,-26.158424377441406,11.05527400970459,-8.335719108581543,4.355709075927734,17.1322078704834,-13.96687126159668,-21.04033660888672,37.65387344360352,-7.255065441131592,12.756893157958984,-1.832261323928833,14.147150039672852,-6.346230983734131,-15.816502571105955,24.159103393554688,-14.489416122436523,25.582115173339844,-0.5176482796669006,30.87213897705078,12.806519508361816,-11.174652099609377,1.9394348859786987,2.9302728176116943,-7.990762233734131,-18.73610115051269,2.225248336791992,-6.6762518882751465,-15.929816246032717,5.485575199127197,12.96958065032959,5.101637840270996,-2.44534969329834,-27.570335388183597,-8.481014251708984,-9.26738452911377,1.034428596496582,-6.17386531829834,11.853307723999023,-4.743474006652832,-4.133967399597168,-5.4750494956970215,33.27001953125,27.787261962890625,28.971603393554688,-15.11638641357422,34.97356414794922,-0.1715072244405746,33.1614875793457,-15.519375801086426,12.894941329956056,0.3139848411083221,13.936060905456545,11.389042854309082,-12.454608917236328,16.758161544799805,11.372876167297363,-21.04046058654785,-8.90471363067627,0.5891156792640686,6.146965503692627,-14.829541206359863,-4.034271240234375,0.4736613929271698,14.172969818115234,-28.44746971130371,7.018828392028809,-5.601905822753906,-21.9851016998291,-26.333444595336918,2.700067043304444,-26.701860427856445,-6.65540885925293,-9.631147384643556,-8.521248817443848,29.52283096313477,17.152002334594727,-24.44921875,18.663593292236328,-6.225737571716309,-5.445730209350586,23.456897735595703,-43.966793060302734,-16.096858978271484,3.207810640335083,9.758866310119627,-48.74910736083984,9.306548118591309,8.952186584472656,-5.056512355804443,-26.40797233581543,16.76624298095703,3.554804801940918,-18.398435592651367,32.0076789855957,-25.89841651916504,-8.89205265045166,11.955686569213867,2.508500576019287,17.57962989807129,-3.5059127807617188,-24.65984916687012,-14.342392921447754,2.576343297958374,5.568074703216553,-21.46187973022461,0.2201506346464157,12.547833442687988,-13.682099342346191,5.251998424530029,-0.60598224401474,-20.33859062194824,-10.361083030700684,-9.703083038330078,-10.289653778076172,19.7642765045166,-14.441840171813965,-18.50425910949707,-27.287532806396484,-14.890460968017578,-11.138136863708496,12.182032585144045,1.0627821683883667,-3.159571647644043,-12.55332374572754,-9.225849151611328,5.438713073730469,32.94921112060547,16.011716842651367,11.897281646728516,-28.942930221557617,-19.364320755004883,-14.75212287902832,-23.229869842529297,-42.77949523925781,-2.779219388961792,1.0,0.01
OXYR_HUMAN,CHEMBL373742,NC(=O)CCC1NC(=O)C(Cc2ccccc2)NC(=O)C(Cc2ccc(O)cc2)NC(=O)C(N)CSSCC(C(=O)N2CCCC2C(=O)NC(CCCN=C(N)N)C(=O)NCC(N)=O)NC(=O)C(CC(N)=O)NC1=O,0,0,0,0,0,0,0,0,0,0,0,0,0,0,0,0,0,0,0,0,0,0,0,0,0,0,0,0,0,0,0,0,0,0,0,0,0,0,0,0,0,0,0,0,0,0,0,0,0,0,0,0,0,0,0,0,0,0,0,0,0,0,0,0,0,0,0,0,0,0,0,0,0,0,0,0,0,0,0,0,0,0,0,0,0,0,0,0,0,0,0,0,0,0,0,0,0,0,0,0,0,0,0,0,0,0,0,0,0,0,0,0,0,0,0,0,0,0,0,0,0,0,0,0,0,0,0,0,0,0,0,0,0,0,0,0,0,0,0,0,0,0,0,0,0,0,0,0,0,0,0,0,0,0,0,0,0,0,0,0,0,0,0,0,0,0,0,0,0,0,0,0,0,0,0,0,0,0,0,0,0,0,0,0,0,2,4,1,2,2,2,2,3,2,3,2,4,2,2,3,2,0,0,0,0,0,0,0,0,0,0,0,0,0,0,0,0,3,2,2,1,0,0,0,0,0,0,0,0,0,0,0,0,0,0,0,0,0,1,1,2,4,1,3,0,0,0,0,0,0,0,0,0,0,0,5,3,0,0,0,0,0,0,0,0,0,0,0,0,0,0,0,0,0,0,0,0,0,0,0,0,0,0,0,0,0,0,0,0,0,0,0,0,0,0,0,0,0,0,0,0,0,0,0,0,0,0,0,0,0,0,0,0,0,0,0,0,0,0,0,0,0,0,0,0,0,0,0,0,0,0,0,0,0,0,0,0,0,0,0,0,0,0,0,0,0,0,0,0,0,0,0,0,0,0,0,0,0,0,0,0,0,0,0,0,0,0,0,0,0,0,0,0,0,0,0,0,0,0,0,0,0,0,0,0,0,0,0,0,0,0,0,0,0,0,0,0,0,0,0,0,0,0,0,0,0,0,0,0,0,0,0,0,0,0,0,0,0,0,0,0,0,0,0,0,0,0,0,0,0,0,0,0,2,1,1,1,5,5,3,0,0,0,0,0,0,0,0,0,0,0,0,0,0,0,0,0,0,0,0,0,0,0,0,0,0,0,0,0,0,0,0,0,0,0,0,0,0,0,0,0,0,0,0,0,0,0,0,0,0,0,0,0,0,0,0,0,0,0,0,0,0,0,0,0,0,0,0,0,0,0,0,0,0,0,0,0,0,0,0,0,0,0,0,0,0,0,0,0,0,0,0,0,0,0,0,0,0,0,0,0,0,0,0,0,0,0,0,0,0,0,0,0,0,0,0,0,0,0,0,0,0,0,0,0,0,0,0,0,0,0,0,0,0,0,0,0,0,0,0,0,0,0,0,0,0,0,0,0,4,2,2,2,5,2,4,2,0,0,0,0,0,0,0,0,0,0,0,0,0,0,0,0,0,2,2,2,1,2,0,2,2,0,0,0,0,0,0,0,0,0,0,0,2,2,2,2,3,1,3,2,1,0,0,0,0,0,0,2,2,2,2,2,0,0,5,0,0,0,0,3,3,0,0,0,0,0,0,0,0,0,0,0,5,3,5,5,0,0,0,0,0,3,0,0,0,0,0,0,0,5,2,2,2,2,2,5,0,0,0,0,0,0,0,0,0,0,0,0,0,0,0,5,2,3,0,2,2,4,0,0,0,0,0,0,0,0,0,0,0,0,0,0,0,0,0,0,0,0,0,0,0,0,0,0,0,0,0,0,0,0,2,2,2,2,2,2,3,2,2,0,0,0,0,0,0,0,0,0,0,0,0,0,0,0,0,0,0,0,0,0,0,0,0,1,3,2,2,0,0,0,0,0,0,0,0,0,0,0,0,0,0,0,0,0,0,0,0,0,0,0,0,0,0,0,0,0,2,4,2,3,2,5,2,2,1,0,1,4,2,0,0,0,0,0,2,1,0,0,0,0,0,0,0,0,0,0,0,0,0,0,0,0,0,0,0,0,0,0,0,0,0,0,0,0,0,0,0,0,0,0,0,0,0,0,0,0,0,0,0,0,0,0,0,5,0,2,2,5,0,2,2,3,2,2,1,2,2,2,0,0,0,3,3,2,2,0,0,0,0,0,0,0,0,0,0,0,0,2,2,0,0,0,0,0,0,0,0,0,0,0,0,0,0,0,0,0,0,0,0,0,0,0,0,0,0,0,0,0,0,0,2,2,3,2,4,5,0,0,0,0,0,0,0,0,0,0,0,0,0,0,0,0,0,0,0,0,0,0,0,0,0,0,0,0,0,0,0,0,0,0,1,0,0,0,0,0,0,0,0,0,0,0,0,0,0,0,0,0,0,0,0,0,0,0,0,0,0,2,2,0,0,0,0,0,0,2,0,1,3,1,2,0,0,0,0,0,0,0,0,0,0,0,0,0,0,0,0,0,0,0,0,0,0,0,0,0,0,0,0,5,3,0,0,0,0,2,5,5,0,0,5,3,0,0,0,0,0,0,0,0,0,0,0,0,0,0,0,4,5,0,0,0,0,2,2,2,0,0,0,0,2,2,3,2,2,0,0,0,1,1,2,2,2,3,0,0,2,1,3,2,5,0,0,0,0,0,0,0,0,0,0,0,0,2,2,3,0,0,0,0,0,0,0,0,0,0,0,0,0,0,0,0,0,0,0,0,0,0,0,0,0,0,0,0,0,0,0,0,0,0,0,0,0,0,0,2,5,0,0,0,0,4,0,0,0,0,0,0,0,0,0,0,0,0,0,0,0,0,0,0,0,0,0,0,0,0,0,0,0,0,0,0,0,0,0,0,0,0,0,0,0,0,0,0,0,0,0,0,0,0,0,0,0,0,0,0,0,0,0,0,0,0,0,0,0,0,0,0,0,0,0,0,0,0,0,0,0,0,0,0,0,0,0,0,0,0,0,0,0,0,0,0,0,0,0,2,2,0,0,4,1,2,2,4,0,0,0,0,0,1,2,2,2,0,0,0,0,0,0,0,0,0,0,0,0,0,0,0,0,0,0,0,0,0,0,0,0,0,0,0,0,0,0,0,0,0,0,0,0,0,0,0,0,0,0,0,2,2,0,0,0,0,0,0,0,0,0,0,0,0,0,0,0,0,3,1,2,1,1,0,0,0,0,5,0,0,0,0,0,0,0,2,2,0,0,0,0,0,0,0,0,2,3,2,2,0,0,0,3,2,2,2,2,0,2,2,1,2,2,0,2,2,0,0,0,0,0,0,0,0,0,0,0,0,0,0,0,0,0,0,2,2,1,0,0,0,0,0,0,0,0,0,0,0,0,0,0,0,0,2,1,2,2,3,2,0,0,0,0,0,0,0,5,2,0,0,0,0,0,0,0,0,0,0,0,0,0,0,0,0,2,3,0,0,0,0,0,0,0,0,0,0,0,0,0,0,0,0,0,0,0,0,0,0,0,0,0,0,0,0,0,0,0,0,0,0,0,0,0,0,0,0,0,0,0,3,2,5,2,0,0,0,0,0,0,0,0,0,0,0,0,0,0,0,0,0,0,0,0,0,0,0,0,0,0,0,0,0,0,0,0,0,0,0,0,0,0,0,0,0,0,0,0,0,0,0,0,0,0,0,0,0,0,0,0,0,0,0,0,0,0,0,0,0,0,0,0,0,0,0,0,0,0,0,0,0,0,0,0,0,0,0,0,0,0,0,0,0,0,0,0,0,0,0,0,0,0,0,0,0,0,0,0,0,0,0,0,0,0,0,0,0,0,0,0,0,0,0,0,0,0,0,0,0,0,0,0,0,0,0,0,0,0,0,0,0,0,0,5,3,2,2,2,2,2,2,4,2,1,4,1,2,2,2,1,4,1,1,5,2,2,2,2,5,2,3,3,2,5,2,2,3,5,0,0,0,0,0,0,0,0,0,0,0,0,0,0,0,0,0,0,0,0,0,0,0,2,5,2,5,3,2,0,0,0,0,0,0,0,0,5,0,0,0,2,3,2,2,2,2,0,0,0,0,0,2,2,2,2,2,0,0,0,1,2,3,1,2,2,2,0,0,0,0,0,2,3,2,2,3,2,2,4,2,0,0,0,0,0,0,0,0,3,2,1,5,4,2,0,0,0,0,3,0,0,0,0,0,0,0,0,0,0,0,0,0,0,0,0,0,2,0,0,2,0,0,0,0,0,0,0,0,0,0,0,0,0,0,0,0,0,0,0,0,0,0,0,0,0,0,0,0,0,0,0,0,0,0,0,0,0,0,0,0,0,0,0,0,0,0,0,0,0,0,0,0,0,0,0,0,0,0,0,0,0,0,0,0,0,0,0,0,0,0,0,0,0,0,0,0,0,2,2,0,2,0,0,0,0,0,2,2,2,0,2,3,2,3,3,1,1,3,1,2,2,0,0,0,0,0,0,0,2,2,2,2,3,1,5,2,2,5,0,4,2,0,0,0,0,2,3,5,2,0,0,0,0,0,0,0,0,0,0,0,0,0,0,0,0,0,0,0,0,0,0,0,0,0,0,0,0,0,0,0,0,0,0,0,0,0,0,0,0,0,0,0,0,0,0,0,0,0,0,0,0,0,0,0,0,0,0,0,0,0,0,0,0,0,0,0,0,0,0,0,0,0,0,0,0,0,0,0,0,0,0,0,0,0,0,0,0,0,0,0,0,0,0,0,0,2,1,1,3,2,3,2,2,5,1,5,5,2,1,4,3,0,0,0,0,0,0,0,0,0,0,0,0,0,0,0,0,0,0,0,0,0,0,0,0,0,0,0,0,0,0,0,0,0,0,0,0,0,0,0,0,0,0,0,0,0,0,0,0,0,0,0,0,0,0,0,0,0,0,0,0,0,0,0,0,0,0,0,0,0,0,0,0,0,0,0,0,0,0,0,0,0,0,0,0,0,0,0,0,0,0,0,0,0,0,0,0,0,0,0,0,0,0,0,0,0,0,0,0,0,0,0,0,0,0,0,0,0,0,0,0,0,0,0,0,0,0,0,0,0,0,0,0,0,0,0,0,0,0,0,0,0,0,0,0,0,0,0,0,0,0,0,0,0,0,0,0,0,0,0,0,0,0,0,0,0,0,0,0,0,0,0,0,0,0,0,0,0,0,0,0,0,0,0,0,0,0,0,0,0,0,0,0,0,0,0,0,0,0,0,0,0,0,0,0,0,0,0,0,0,0,0,0,0,0,0,0,0,0,0,0,0,0,0,0,0,0,0,0,0,0,0,0,0,0,0,0,0,0,0,0,0,0,0,0,0,0,0,0,0,0,0,0,0,0,0,0,0,0,0,0,0,0,0,0,0,0,0,0,0,0,0,0,0,0,0,0,0,0,0,0,0,0,0,0,3,2,3,5,5,3,3,3,3,3,2,2,2,3,5,5,3,0,0,0,0,0,0,0,0,0,0,0,0,0,0,0,0,0,0,0,0,0,0,0,0,0,0,0,0,0,0,0,0,0,0,0,0,0,0,0,0,0,0,0,0,0,0,0,0,0,0,0,0,0,0,0,0,0,0,0,0,0,0,0,0,0,0,0,0,0,0,0,0,0,0,0,0,0,0,0,0,0,0,0,0,0,0,0,0,0,0,0,0,0,0,0,0,0,0,0,0,0,0,0,0,0,0,0,0,0,0,0,0,0,0,0,0,0,0,0,0,0,0,0,0,0,0,0,0,0,3,3,3,5,3,1,3,3,1,3,3,2,0,0,0,0,0,0,0,0,0,0,0,0,0,0,0,0,0,0,0,0,0,0,0,0,0,0,0,0,0,0,0,0,0,0,0,0,0,0,0,0,0,0,0,0,0,0,0,0,0,0,0,0,0,0,0,0,1.4567736387252808,-7.404386043548584,-2.057368040084839,7.786139965057373,4.229384422302246,-17.69074821472168,-32.195213317871094,-5.564606189727783,25.085041046142575,-0.2941688895225525,1.9703304767608645,19.65488815307617,-6.718133449554443,14.52131462097168,-37.09722518920898,5.596324920654297,20.967758178710938,-32.75740432739258,-36.746856689453125,40.06174850463867,7.326870918273926,13.3087739944458,62.57476043701172,19.309722900390625,-22.85418510437012,4.3151960372924805,-19.031681060791016,-40.79267883300781,-0.5351903438568115,-13.689446449279783,26.52190589904785,-15.338174819946287,-15.638097763061523,0.0471899062395095,-1.739954948425293,14.166125297546388,6.047552108764648,-1.0876715183258057,21.79695701599121,26.437440872192383,3.744953632354736,1.2380058765411377,-7.703431129455566,-6.750992298126221,-29.75018310546875,21.45357894897461,14.207639694213867,43.541412353515625,-10.755324363708496,1.2335306406021118,12.783879280090332,-22.96078109741211,-2.3688230514526367,-21.194679260253903,-34.59890365600586,-22.431753158569336,-18.16262626647949,14.568896293640137,6.363848209381104,8.961873054504395,0.3777495920658111,-24.760988235473636,-14.641575813293455,16.468538284301758,-42.661041259765625,2.594637155532837,22.313953399658203,9.287907600402832,-18.752655029296875,-3.0320920944213867,-3.834927797317505,15.810953140258787,15.415353775024414,-31.390539169311523,2.955294132232666,7.424079895019531,-25.365936279296875,1.4740912914276123,14.1882963180542,4.054734230041504,21.008769989013672,1.4953545331954956,-13.275859832763672,-45.86409378051758,26.01656150817871,-18.41413688659668,-8.589673042297363,5.5668110847473145,10.108315467834473,-3.340862512588501,7.398500442504883,12.607070922851562,14.13186264038086,10.305485725402832,6.952332973480225,-8.14704704284668,18.470766067504883,7.795572280883789,15.764715194702148,-8.916685104370117,-4.354358196258545,-22.93736457824707,-25.48505973815918,-15.64804744720459,12.537216186523438,-32.432952880859375,-14.952835083007812,12.349987983703612,6.977734565734863,-19.457380294799805,-24.287057876586918,16.354806900024414,7.323909759521484,-11.91590976715088,-8.005804061889648,-11.8934907913208,17.5900936126709,21.427959442138672,-5.722637176513672,3.449525117874145,-15.393760681152344,15.971184730529783,1.245797872543335,36.03683090209961,-5.568020343780518,-31.694713592529297,-31.438892364501957,5.273566722869873,-15.517159461975098,2.655787944793701,4.172621250152588,-6.655941486358643,18.457109451293945,42.5389404296875,7.734373092651367,29.95781135559082,-0.5180379152297974,-7.493643760681152,20.632858276367188,-15.458131790161133,25.27791786193848,-4.005332946777344,-8.564449310302734,-3.062333583831787,16.18359375,3.1629128456115723,3.118646144866944,5.912979602813721,11.994473457336426,40.63582992553711,-1.9457725286483765,20.51708030700684,18.354740142822266,-24.25448226928711,-9.281678199768066,1.0278550386428833,-18.0399112701416,-4.083300590515137,2.2941062450408936,-18.75675392150879,8.0631742477417,12.73365879058838,-15.237643241882324,7.229611873626709,19.371601104736328,-27.091732025146484,13.8497896194458,-11.317819595336914,4.258828163146973,15.396902084350586,-15.370266914367676,-22.567073822021484,38.28886413574219,-7.486184120178223,13.275090217590332,-4.3659844398498535,15.25945281982422,-5.337180614471436,-16.268461227416992,24.01375389099121,-13.983315467834473,26.225778579711918,-5.692442417144775,32.180999755859375,15.304226875305176,-11.626579284667969,-0.120043858885765,2.989564895629883,-7.481692790985107,-19.446990966796875,2.5183682441711426,-9.781798362731934,-21.65210723876953,4.555627822875977,16.381988525390625,3.9080650806427,1.630219340324402,-29.98476791381836,-12.15156078338623,-9.345389366149902,1.690776824951172,-8.708956718444824,6.14276123046875,-3.5087554454803467,-6.818906784057617,-6.269345760345459,34.50853729248047,32.242332458496094,30.861793518066406,-15.210869789123535,30.740215301513672,0.4194187521934509,36.214088439941406,-19.01057243347168,10.405794143676758,-0.8840214610099792,11.10790729522705,13.025050163269045,-7.779723644256592,20.84115028381348,7.446983337402344,-23.83304977416992,-9.757431030273438,0.777741014957428,8.759164810180664,-12.906331062316896,-3.517630815505981,-0.7516293525695801,12.06049346923828,-28.84842109680176,10.741708755493164,-0.6419810056686401,-22.133350372314453,-27.54393577575684,6.867907524108887,-25.7187614440918,-4.189352989196777,-11.018678665161133,-8.172202110290527,29.216083526611328,19.627885818481445,-25.846649169921875,23.82807922363281,-9.461801528930664,-5.9720845222473145,25.132099151611328,-49.552696228027344,-19.346864700317383,7.004705905914307,14.08107852935791,-51.031856536865234,11.904895782470703,12.887537002563477,-6.5853776931762695,-29.06434440612793,23.881967544555664,4.389309883117676,-20.195941925048828,32.39763641357422,-24.667797088623047,-12.179905891418455,7.595633506774902,7.606980800628662,16.84345817565918,-5.397128105163574,-29.75289726257324,-13.756085395812988,3.824337720870972,5.179651737213135,-24.45667266845703,4.6315460205078125,13.04652214050293,-10.544694900512695,2.994158267974853,-2.850310802459717,-22.561363220214844,-11.861491203308104,-11.021809577941896,-12.174124717712402,23.43915557861328,-15.082261085510254,-19.80951499938965,-28.46094512939453,-14.096747398376465,-12.490575790405272,11.822639465332031,2.231451988220215,-7.35810661315918,-11.930673599243164,-12.296269416809082,8.123946189880371,36.3852767944336,15.111223220825195,12.891780853271484,-30.059276580810547,-16.590194702148438,-18.04356575012207,-22.02854347229004,-47.33509063720703,-3.223689317703247,1.0,1.1789769472931697
OXYR_HUMAN,CHEMBL1094049,CCN(C(=O)N1CC(Oc2ccc(F)cc2Cl)C1)c1ccc(OC)nc1,0,0,0,0,0,0,0,0,0,0,0,0,0,0,0,0,0,0,0,0,0,0,0,0,0,0,0,0,0,0,0,0,0,0,0,0,0,0,0,0,0,0,0,0,0,0,0,0,0,0,0,0,0,0,0,0,0,0,0,0,0,0,0,0,0,0,0,0,0,0,0,0,0,0,0,0,0,0,0,0,0,0,0,0,0,0,0,0,0,0,0,0,0,0,0,0,0,0,0,0,0,0,0,0,0,0,0,0,0,0,0,0,0,0,0,0,0,0,0,0,0,0,0,0,0,0,0,0,0,0,0,0,0,0,0,0,0,0,0,0,0,0,0,0,0,0,0,0,0,0,0,0,0,0,0,0,0,0,0,0,0,0,0,0,0,0,0,0,0,0,0,0,0,0,0,0,0,0,0,0,0,0,0,0,0,2,4,1,2,2,2,2,3,2,3,2,4,2,2,3,2,0,0,0,0,0,0,0,0,0,0,0,0,0,0,0,0,3,2,2,1,0,0,0,0,0,0,0,0,0,0,0,0,0,0,0,0,0,1,1,2,4,1,3,0,0,0,0,0,0,0,0,0,0,0,5,3,0,0,0,0,0,0,0,0,0,0,0,0,0,0,0,0,0,0,0,0,0,0,0,0,0,0,0,0,0,0,0,0,0,0,0,0,0,0,0,0,0,0,0,0,0,0,0,0,0,0,0,0,0,0,0,0,0,0,0,0,0,0,0,0,0,0,0,0,0,0,0,0,0,0,0,0,0,0,0,0,0,0,0,0,0,0,0,0,0,0,0,0,0,0,0,0,0,0,0,0,0,0,0,0,0,0,0,0,0,0,0,0,0,0,0,0,0,0,0,0,0,0,0,0,0,0,0,0,0,0,0,0,0,0,0,0,0,0,0,0,0,0,0,0,0,0,0,0,0,0,0,0,0,0,0,0,0,0,0,0,0,0,0,0,0,0,0,0,0,0,0,0,0,0,0,0,2,1,1,1,5,5,3,0,0,0,0,0,0,0,0,0,0,0,0,0,0,0,0,0,0,0,0,0,0,0,0,0,0,0,0,0,0,0,0,0,0,0,0,0,0,0,0,0,0,0,0,0,0,0,0,0,0,0,0,0,0,0,0,0,0,0,0,0,0,0,0,0,0,0,0,0,0,0,0,0,0,0,0,0,0,0,0,0,0,0,0,0,0,0,0,0,0,0,0,0,0,0,0,0,0,0,0,0,0,0,0,0,0,0,0,0,0,0,0,0,0,0,0,0,0,0,0,0,0,0,0,0,0,0,0,0,0,0,0,0,0,0,0,0,0,0,0,0,0,0,0,0,0,0,0,0,4,2,2,2,5,2,4,2,0,0,0,0,0,0,0,0,0,0,0,0,0,0,0,0,0,2,2,2,1,2,0,2,2,0,0,0,0,0,0,0,0,0,0,0,2,2,2,2,3,1,3,2,1,0,0,0,0,0,0,2,2,2,2,2,0,0,5,0,0,0,0,3,3,0,0,0,0,0,0,0,0,0,0,0,5,3,5,5,0,0,0,0,0,3,0,0,0,0,0,0,0,5,2,2,2,2,2,5,0,0,0,0,0,0,0,0,0,0,0,0,0,0,0,5,2,3,0,2,2,4,0,0,0,0,0,0,0,0,0,0,0,0,0,0,0,0,0,0,0,0,0,0,0,0,0,0,0,0,0,0,0,0,2,2,2,2,2,2,3,2,2,0,0,0,0,0,0,0,0,0,0,0,0,0,0,0,0,0,0,0,0,0,0,0,0,1,3,2,2,0,0,0,0,0,0,0,0,0,0,0,0,0,0,0,0,0,0,0,0,0,0,0,0,0,0,0,0,0,2,4,2,3,2,5,2,2,1,0,1,4,2,0,0,0,0,0,2,1,0,0,0,0,0,0,0,0,0,0,0,0,0,0,0,0,0,0,0,0,0,0,0,0,0,0,0,0,0,0,0,0,0,0,0,0,0,0,0,0,0,0,0,0,0,0,0,5,0,2,2,5,0,2,2,3,2,2,1,2,2,2,0,0,0,3,3,2,2,0,0,0,0,0,0,0,0,0,0,0,0,2,2,0,0,0,0,0,0,0,0,0,0,0,0,0,0,0,0,0,0,0,0,0,0,0,0,0,0,0,0,0,0,0,2,2,3,2,4,5,0,0,0,0,0,0,0,0,0,0,0,0,0,0,0,0,0,0,0,0,0,0,0,0,0,0,0,0,0,0,0,0,0,0,1,0,0,0,0,0,0,0,0,0,0,0,0,0,0,0,0,0,0,0,0,0,0,0,0,0,0,2,2,0,0,0,0,0,0,2,0,1,3,1,2,0,0,0,0,0,0,0,0,0,0,0,0,0,0,0,0,0,0,0,0,0,0,0,0,0,0,0,0,5,3,0,0,0,0,2,5,5,0,0,5,3,0,0,0,0,0,0,0,0,0,0,0,0,0,0,0,4,5,0,0,0,0,2,2,2,0,0,0,0,2,2,3,2,2,0,0,0,1,1,2,2,2,3,0,0,2,1,3,2,5,0,0,0,0,0,0,0,0,0,0,0,0,2,2,3,0,0,0,0,0,0,0,0,0,0,0,0,0,0,0,0,0,0,0,0,0,0,0,0,0,0,0,0,0,0,0,0,0,0,0,0,0,0,0,2,5,0,0,0,0,4,0,0,0,0,0,0,0,0,0,0,0,0,0,0,0,0,0,0,0,0,0,0,0,0,0,0,0,0,0,0,0,0,0,0,0,0,0,0,0,0,0,0,0,0,0,0,0,0,0,0,0,0,0,0,0,0,0,0,0,0,0,0,0,0,0,0,0,0,0,0,0,0,0,0,0,0,0,0,0,0,0,0,0,0,0,0,0,0,0,0,0,0,0,2,2,0,0,4,1,2,2,4,0,0,0,0,0,1,2,2,2,0,0,0,0,0,0,0,0,0,0,0,0,0,0,0,0,0,0,0,0,0,0,0,0,0,0,0,0,0,0,0,0,0,0,0,0,0,0,0,0,0,0,0,2,2,0,0,0,0,0,0,0,0,0,0,0,0,0,0,0,0,3,1,2,1,1,0,0,0,0,5,0,0,0,0,0,0,0,2,2,0,0,0,0,0,0,0,0,2,3,2,2,0,0,0,3,2,2,2,2,0,2,2,1,2,2,0,2,2,0,0,0,0,0,0,0,0,0,0,0,0,0,0,0,0,0,0,2,2,1,0,0,0,0,0,0,0,0,0,0,0,0,0,0,0,0,2,1,2,2,3,2,0,0,0,0,0,0,0,5,2,0,0,0,0,0,0,0,0,0,0,0,0,0,0,0,0,2,3,0,0,0,0,0,0,0,0,0,0,0,0,0,0,0,0,0,0,0,0,0,0,0,0,0,0,0,0,0,0,0,0,0,0,0,0,0,0,0,0,0,0,0,3,2,5,2,0,0,0,0,0,0,0,0,0,0,0,0,0,0,0,0,0,0,0,0,0,0,0,0,0,0,0,0,0,0,0,0,0,0,0,0,0,0,0,0,0,0,0,0,0,0,0,0,0,0,0,0,0,0,0,0,0,0,0,0,0,0,0,0,0,0,0,0,0,0,0,0,0,0,0,0,0,0,0,0,0,0,0,0,0,0,0,0,0,0,0,0,0,0,0,0,0,0,0,0,0,0,0,0,0,0,0,0,0,0,0,0,0,0,0,0,0,0,0,0,0,0,0,0,0,0,0,0,0,0,0,0,0,0,0,0,0,0,0,5,3,2,2,2,2,2,2,4,2,1,4,1,2,2,2,1,4,1,1,5,2,2,2,2,5,2,3,3,2,5,2,2,3,5,0,0,0,0,0,0,0,0,0,0,0,0,0,0,0,0,0,0,0,0,0,0,0,2,5,2,5,3,2,0,0,0,0,0,0,0,0,5,0,0,0,2,3,2,2,2,2,0,0,0,0,0,2,2,2,2,2,0,0,0,1,2,3,1,2,2,2,0,0,0,0,0,2,3,2,2,3,2,2,4,2,0,0,0,0,0,0,0,0,3,2,1,5,4,2,0,0,0,0,3,0,0,0,0,0,0,0,0,0,0,0,0,0,0,0,0,0,2,0,0,2,0,0,0,0,0,0,0,0,0,0,0,0,0,0,0,0,0,0,0,0,0,0,0,0,0,0,0,0,0,0,0,0,0,0,0,0,0,0,0,0,0,0,0,0,0,0,0,0,0,0,0,0,0,0,0,0,0,0,0,0,0,0,0,0,0,0,0,0,0,0,0,0,0,0,0,0,0,2,2,0,2,0,0,0,0,0,2,2,2,0,2,3,2,3,3,1,1,3,1,2,2,0,0,0,0,0,0,0,2,2,2,2,3,1,5,2,2,5,0,4,2,0,0,0,0,2,3,5,2,0,0,0,0,0,0,0,0,0,0,0,0,0,0,0,0,0,0,0,0,0,0,0,0,0,0,0,0,0,0,0,0,0,0,0,0,0,0,0,0,0,0,0,0,0,0,0,0,0,0,0,0,0,0,0,0,0,0,0,0,0,0,0,0,0,0,0,0,0,0,0,0,0,0,0,0,0,0,0,0,0,0,0,0,0,0,0,0,0,0,0,0,0,0,0,0,2,1,1,3,2,3,2,2,5,1,5,5,2,1,4,3,0,0,0,0,0,0,0,0,0,0,0,0,0,0,0,0,0,0,0,0,0,0,0,0,0,0,0,0,0,0,0,0,0,0,0,0,0,0,0,0,0,0,0,0,0,0,0,0,0,0,0,0,0,0,0,0,0,0,0,0,0,0,0,0,0,0,0,0,0,0,0,0,0,0,0,0,0,0,0,0,0,0,0,0,0,0,0,0,0,0,0,0,0,0,0,0,0,0,0,0,0,0,0,0,0,0,0,0,0,0,0,0,0,0,0,0,0,0,0,0,0,0,0,0,0,0,0,0,0,0,0,0,0,0,0,0,0,0,0,0,0,0,0,0,0,0,0,0,0,0,0,0,0,0,0,0,0,0,0,0,0,0,0,0,0,0,0,0,0,0,0,0,0,0,0,0,0,0,0,0,0,0,0,0,0,0,0,0,0,0,0,0,0,0,0,0,0,0,0,0,0,0,0,0,0,0,0,0,0,0,0,0,0,0,0,0,0,0,0,0,0,0,0,0,0,0,0,0,0,0,0,0,0,0,0,0,0,0,0,0,0,0,0,0,0,0,0,0,0,0,0,0,0,0,0,0,0,0,0,0,0,0,0,0,0,0,0,0,0,0,0,0,0,0,0,0,0,0,0,0,0,0,0,0,3,2,3,5,5,3,3,3,3,3,2,2,2,3,5,5,3,0,0,0,0,0,0,0,0,0,0,0,0,0,0,0,0,0,0,0,0,0,0,0,0,0,0,0,0,0,0,0,0,0,0,0,0,0,0,0,0,0,0,0,0,0,0,0,0,0,0,0,0,0,0,0,0,0,0,0,0,0,0,0,0,0,0,0,0,0,0,0,0,0,0,0,0,0,0,0,0,0,0,0,0,0,0,0,0,0,0,0,0,0,0,0,0,0,0,0,0,0,0,0,0,0,0,0,0,0,0,0,0,0,0,0,0,0,0,0,0,0,0,0,0,0,0,0,0,0,3,3,3,5,3,1,3,3,1,3,3,2,0,0,0,0,0,0,0,0,0,0,0,0,0,0,0,0,0,0,0,0,0,0,0,0,0,0,0,0,0,0,0,0,0,0,0,0,0,0,0,0,0,0,0,0,0,0,0,0,0,0,0,0,0,0,0,0,2.034298181533813,-5.983972549438477,-3.0384767055511475,4.9554877281188965,-0.0012598782777786,-0.669884204864502,-9.592405319213867,0.5632175803184509,8.798789024353027,3.1298015117645264,-3.1993415355682373,0.915277361869812,-5.279285907745361,1.6393775939941406,-6.731222629547119,-3.278074264526367,4.825735569000244,-5.498582363128662,-3.513145446777344,7.26744794845581,4.36932897567749,6.083609104156494,15.30130672454834,6.438082695007324,-6.418181419372559,-0.8678857684135437,-1.571996808052063,-8.334870338439941,1.5202412605285645,0.8895227313041687,8.824650764465332,-8.141181945800781,-4.766030311584473,-5.360479831695557,1.5671100616455078,0.1060633510351181,0.1968397498130798,-0.4852067232131958,7.241357326507568,2.827242374420166,-3.4796273708343506,-0.1491929292678833,-4.127541542053223,-0.8820269703865051,-11.5191650390625,5.6144843101501465,-1.7928919792175293,7.991982460021973,-6.7422709465026855,8.026275634765625,4.683457374572754,-4.584072589874268,-0.2483553439378738,-9.717440605163574,-7.02311372756958,-6.379839420318604,-4.662339210510254,-0.2152098268270492,3.846984386444092,7.466866970062256,1.3918486833572388,-8.438764572143555,-3.755110263824463,1.3479095697402954,-15.755112648010254,-1.6629911661148071,9.357992172241213,-1.4049568176269531,-1.55659818649292,0.1813318878412246,-6.613048076629639,0.3429948985576629,9.887240409851074,-5.132478713989258,-2.40024733543396,6.6616692543029785,-9.262802124023438,2.5757505893707275,-3.412685871124268,2.66701078414917,6.742168426513672,-4.008526802062988,-1.8606139421463013,-11.568731307983398,2.0775604248046875,-2.511936664581299,-5.703380107879639,7.426634311676025,3.0070691108703613,-0.7698261737823486,5.99819803237915,2.344494342803955,3.168638229370117,5.61604118347168,2.490722894668579,-0.964211106300354,4.260218620300293,5.654951095581055,4.628829479217529,3.2075183391571045,-6.347814559936523,-5.685811519622803,-5.562300682067871,-11.083550453186035,3.197285413742065,-4.615509033203125,-1.0806978940963743,2.805321216583252,1.3705500364303589,-6.360208511352539,-10.198383331298828,4.183630466461182,3.759488582611084,-0.4146147072315216,3.152113437652588,-4.666589736938477,5.712069511413574,8.064615249633789,-3.1154916286468506,6.376245975494385,-9.357551574707031,0.8850330114364624,-4.538829803466797,6.294448852539063,4.683906555175781,-8.55860710144043,-7.792881011962891,-1.1559306383132937,-4.680973529815674,1.3171088695526123,-2.631025552749634,3.317207098007202,8.852137565612793,8.573991775512695,-0.3884503245353699,15.0311279296875,11.20566463470459,-1.1567355394363403,8.168476104736328,-3.3372962474823,6.3159708976745605,-1.7443695068359375,-3.80053186416626,-1.91907811164856,8.763511657714844,6.264155864715576,1.804606795310974,3.0056607723236084,-0.492691695690155,7.062872409820557,6.905421257019043,2.522761821746826,8.32210636138916,-1.9914392232894895,-1.815859317779541,3.4087281227111816,-7.622652053833008,-3.277018785476685,-0.298301637172699,-4.883744239807129,-1.962748408317566,-3.7276666164398193,-5.53278112411499,0.7376983165740967,0.2259743064641952,-7.576944828033447,0.7537087202072144,-2.448859214782715,1.177961349487305,5.209790229797363,-8.011679649353027,-4.4572296142578125,10.90130615234375,-1.9272538423538208,2.714763879776001,2.61585545539856,6.366313934326172,-2.5250582695007324,-1.1802153587341309,11.707751274108888,-0.0343212448060512,6.448159217834473,-3.938579797744751,9.262353897094728,6.527011871337891,-3.247641324996948,-3.879861354827881,-4.1993913650512695,-5.310964584350586,-2.14929723739624,-1.769072651863098,-0.3863083124160766,0.7488558292388916,0.496692419052124,-0.5028598308563232,-1.3231197595596311,-3.508880376815796,-9.576858520507812,-2.103067636489868,4.428926944732666,5.071637153625488,2.7212305068969727,5.457406997680664,3.636258602142334,6.368535041809082,-3.286778688430786,11.957332611083984,4.976647853851318,11.166841506958008,-4.0053815841674805,11.803023338317873,-2.601421356201172,6.207386493682861,-6.145292282104492,3.012986898422241,0.7301193475723267,2.6719682216644287,4.544397354125977,-6.844674587249756,5.124302387237549,0.562532901763916,-8.47791576385498,-2.854703664779663,0.4049868285655975,3.354125738143921,-3.781942367553711,-3.3714184761047363,-0.6358230113983154,4.175374507904053,-6.451008796691895,3.661813974380493,-1.4123048782348633,-4.64483642578125,-11.732239723205566,-3.8096249103546143,-5.545435905456543,-5.2252278327941895,1.1014975309371948,-5.210297107696533,8.609989166259766,4.66317081451416,-1.649517297744751,5.132335186004639,2.2056069374084477,-4.355618476867676,3.2465856075286865,-10.811843872070312,-6.183855056762695,-0.8061048984527588,-3.58225154876709,-13.701879501342772,2.042867660522461,-0.4971056878566742,-1.4359843730926514,-13.594202041625977,0.8050301671028137,4.3862409591674805,-6.125159740447998,5.364407539367676,-5.725668430328369,2.8042359352111816,5.858762741088867,5.243607997894287,8.643861770629883,4.849534034729004,-4.61925745010376,-9.406723976135254,6.113023281097412,-0.8322657942771912,-4.824289321899414,-3.179316282272339,2.4908523559570312,-2.3873941898345947,3.2936575412750244,-2.2942564487457275,-4.08552360534668,-1.958959460258484,-0.7622015476226807,-0.2783151566982269,0.707258939743042,-5.628033638000488,-6.98161506652832,-14.48794651031494,-5.492974281311035,1.667335867881775,4.254489898681641,-0.5453931093215942,-2.367732286453247,-3.921746015548706,0.278968334197998,-0.530989408493042,10.755828857421877,10.301566123962402,-0.5666865706443787,-8.537357330322266,-5.27647590637207,-5.993455410003662,-3.5523853302001958,-12.196850776672363,-3.0137875080108643,-1.0,1.684845361644412
OXYR_HUMAN,CHEMBL594828,COCc1nnc(N2CC(Oc3ccc(F)cc3Cl)C2)n1-c1ccc(OC)nc1,0,0,0,0,0,0,0,0,0,0,0,0,0,0,0,0,0,0,0,0,0,0,0,0,0,0,0,0,0,0,0,0,0,0,0,0,0,0,0,0,0,0,0,0,0,0,0,0,0,0,0,0,0,0,0,0,0,0,0,0,0,0,0,0,0,0,0,0,0,0,0,0,0,0,0,0,0,0,0,0,0,0,0,0,0,0,0,0,0,0,0,0,0,0,0,0,0,0,0,0,0,0,0,0,0,0,0,0,0,0,0,0,0,0,0,0,0,0,0,0,0,0,0,0,0,0,0,0,0,0,0,0,0,0,0,0,0,0,0,0,0,0,0,0,0,0,0,0,0,0,0,0,0,0,0,0,0,0,0,0,0,0,0,0,0,0,0,0,0,0,0,0,0,0,0,0,0,0,0,0,0,0,0,0,0,2,4,1,2,2,2,2,3,2,3,2,4,2,2,3,2,0,0,0,0,0,0,0,0,0,0,0,0,0,0,0,0,3,2,2,1,0,0,0,0,0,0,0,0,0,0,0,0,0,0,0,0,0,1,1,2,4,1,3,0,0,0,0,0,0,0,0,0,0,0,5,3,0,0,0,0,0,0,0,0,0,0,0,0,0,0,0,0,0,0,0,0,0,0,0,0,0,0,0,0,0,0,0,0,0,0,0,0,0,0,0,0,0,0,0,0,0,0,0,0,0,0,0,0,0,0,0,0,0,0,0,0,0,0,0,0,0,0,0,0,0,0,0,0,0,0,0,0,0,0,0,0,0,0,0,0,0,0,0,0,0,0,0,0,0,0,0,0,0,0,0,0,0,0,0,0,0,0,0,0,0,0,0,0,0,0,0,0,0,0,0,0,0,0,0,0,0,0,0,0,0,0,0,0,0,0,0,0,0,0,0,0,0,0,0,0,0,0,0,0,0,0,0,0,0,0,0,0,0,0,0,0,0,0,0,0,0,0,0,0,0,0,0,0,0,0,0,0,2,1,1,1,5,5,3,0,0,0,0,0,0,0,0,0,0,0,0,0,0,0,0,0,0,0,0,0,0,0,0,0,0,0,0,0,0,0,0,0,0,0,0,0,0,0,0,0,0,0,0,0,0,0,0,0,0,0,0,0,0,0,0,0,0,0,0,0,0,0,0,0,0,0,0,0,0,0,0,0,0,0,0,0,0,0,0,0,0,0,0,0,0,0,0,0,0,0,0,0,0,0,0,0,0,0,0,0,0,0,0,0,0,0,0,0,0,0,0,0,0,0,0,0,0,0,0,0,0,0,0,0,0,0,0,0,0,0,0,0,0,0,0,0,0,0,0,0,0,0,0,0,0,0,0,0,4,2,2,2,5,2,4,2,0,0,0,0,0,0,0,0,0,0,0,0,0,0,0,0,0,2,2,2,1,2,0,2,2,0,0,0,0,0,0,0,0,0,0,0,2,2,2,2,3,1,3,2,1,0,0,0,0,0,0,2,2,2,2,2,0,0,5,0,0,0,0,3,3,0,0,0,0,0,0,0,0,0,0,0,5,3,5,5,0,0,0,0,0,3,0,0,0,0,0,0,0,5,2,2,2,2,2,5,0,0,0,0,0,0,0,0,0,0,0,0,0,0,0,5,2,3,0,2,2,4,0,0,0,0,0,0,0,0,0,0,0,0,0,0,0,0,0,0,0,0,0,0,0,0,0,0,0,0,0,0,0,0,2,2,2,2,2,2,3,2,2,0,0,0,0,0,0,0,0,0,0,0,0,0,0,0,0,0,0,0,0,0,0,0,0,1,3,2,2,0,0,0,0,0,0,0,0,0,0,0,0,0,0,0,0,0,0,0,0,0,0,0,0,0,0,0,0,0,2,4,2,3,2,5,2,2,1,0,1,4,2,0,0,0,0,0,2,1,0,0,0,0,0,0,0,0,0,0,0,0,0,0,0,0,0,0,0,0,0,0,0,0,0,0,0,0,0,0,0,0,0,0,0,0,0,0,0,0,0,0,0,0,0,0,0,5,0,2,2,5,0,2,2,3,2,2,1,2,2,2,0,0,0,3,3,2,2,0,0,0,0,0,0,0,0,0,0,0,0,2,2,0,0,0,0,0,0,0,0,0,0,0,0,0,0,0,0,0,0,0,0,0,0,0,0,0,0,0,0,0,0,0,2,2,3,2,4,5,0,0,0,0,0,0,0,0,0,0,0,0,0,0,0,0,0,0,0,0,0,0,0,0,0,0,0,0,0,0,0,0,0,0,1,0,0,0,0,0,0,0,0,0,0,0,0,0,0,0,0,0,0,0,0,0,0,0,0,0,0,2,2,0,0,0,0,0,0,2,0,1,3,1,2,0,0,0,0,0,0,0,0,0,0,0,0,0,0,0,0,0,0,0,0,0,0,0,0,0,0,0,0,5,3,0,0,0,0,2,5,5,0,0,5,3,0,0,0,0,0,0,0,0,0,0,0,0,0,0,0,4,5,0,0,0,0,2,2,2,0,0,0,0,2,2,3,2,2,0,0,0,1,1,2,2,2,3,0,0,2,1,3,2,5,0,0,0,0,0,0,0,0,0,0,0,0,2,2,3,0,0,0,0,0,0,0,0,0,0,0,0,0,0,0,0,0,0,0,0,0,0,0,0,0,0,0,0,0,0,0,0,0,0,0,0,0,0,0,2,5,0,0,0,0,4,0,0,0,0,0,0,0,0,0,0,0,0,0,0,0,0,0,0,0,0,0,0,0,0,0,0,0,0,0,0,0,0,0,0,0,0,0,0,0,0,0,0,0,0,0,0,0,0,0,0,0,0,0,0,0,0,0,0,0,0,0,0,0,0,0,0,0,0,0,0,0,0,0,0,0,0,0,0,0,0,0,0,0,0,0,0,0,0,0,0,0,0,0,2,2,0,0,4,1,2,2,4,0,0,0,0,0,1,2,2,2,0,0,0,0,0,0,0,0,0,0,0,0,0,0,0,0,0,0,0,0,0,0,0,0,0,0,0,0,0,0,0,0,0,0,0,0,0,0,0,0,0,0,0,2,2,0,0,0,0,0,0,0,0,0,0,0,0,0,0,0,0,3,1,2,1,1,0,0,0,0,5,0,0,0,0,0,0,0,2,2,0,0,0,0,0,0,0,0,2,3,2,2,0,0,0,3,2,2,2,2,0,2,2,1,2,2,0,2,2,0,0,0,0,0,0,0,0,0,0,0,0,0,0,0,0,0,0,2,2,1,0,0,0,0,0,0,0,0,0,0,0,0,0,0,0,0,2,1,2,2,3,2,0,0,0,0,0,0,0,5,2,0,0,0,0,0,0,0,0,0,0,0,0,0,0,0,0,2,3,0,0,0,0,0,0,0,0,0,0,0,0,0,0,0,0,0,0,0,0,0,0,0,0,0,0,0,0,0,0,0,0,0,0,0,0,0,0,0,0,0,0,0,3,2,5,2,0,0,0,0,0,0,0,0,0,0,0,0,0,0,0,0,0,0,0,0,0,0,0,0,0,0,0,0,0,0,0,0,0,0,0,0,0,0,0,0,0,0,0,0,0,0,0,0,0,0,0,0,0,0,0,0,0,0,0,0,0,0,0,0,0,0,0,0,0,0,0,0,0,0,0,0,0,0,0,0,0,0,0,0,0,0,0,0,0,0,0,0,0,0,0,0,0,0,0,0,0,0,0,0,0,0,0,0,0,0,0,0,0,0,0,0,0,0,0,0,0,0,0,0,0,0,0,0,0,0,0,0,0,0,0,0,0,0,0,5,3,2,2,2,2,2,2,4,2,1,4,1,2,2,2,1,4,1,1,5,2,2,2,2,5,2,3,3,2,5,2,2,3,5,0,0,0,0,0,0,0,0,0,0,0,0,0,0,0,0,0,0,0,0,0,0,0,2,5,2,5,3,2,0,0,0,0,0,0,0,0,5,0,0,0,2,3,2,2,2,2,0,0,0,0,0,2,2,2,2,2,0,0,0,1,2,3,1,2,2,2,0,0,0,0,0,2,3,2,2,3,2,2,4,2,0,0,0,0,0,0,0,0,3,2,1,5,4,2,0,0,0,0,3,0,0,0,0,0,0,0,0,0,0,0,0,0,0,0,0,0,2,0,0,2,0,0,0,0,0,0,0,0,0,0,0,0,0,0,0,0,0,0,0,0,0,0,0,0,0,0,0,0,0,0,0,0,0,0,0,0,0,0,0,0,0,0,0,0,0,0,0,0,0,0,0,0,0,0,0,0,0,0,0,0,0,0,0,0,0,0,0,0,0,0,0,0,0,0,0,0,0,2,2,0,2,0,0,0,0,0,2,2,2,0,2,3,2,3,3,1,1,3,1,2,2,0,0,0,0,0,0,0,2,2,2,2,3,1,5,2,2,5,0,4,2,0,0,0,0,2,3,5,2,0,0,0,0,0,0,0,0,0,0,0,0,0,0,0,0,0,0,0,0,0,0,0,0,0,0,0,0,0,0,0,0,0,0,0,0,0,0,0,0,0,0,0,0,0,0,0,0,0,0,0,0,0,0,0,0,0,0,0,0,0,0,0,0,0,0,0,0,0,0,0,0,0,0,0,0,0,0,0,0,0,0,0,0,0,0,0,0,0,0,0,0,0,0,0,0,2,1,1,3,2,3,2,2,5,1,5,5,2,1,4,3,0,0,0,0,0,0,0,0,0,0,0,0,0,0,0,0,0,0,0,0,0,0,0,0,0,0,0,0,0,0,0,0,0,0,0,0,0,0,0,0,0,0,0,0,0,0,0,0,0,0,0,0,0,0,0,0,0,0,0,0,0,0,0,0,0,0,0,0,0,0,0,0,0,0,0,0,0,0,0,0,0,0,0,0,0,0,0,0,0,0,0,0,0,0,0,0,0,0,0,0,0,0,0,0,0,0,0,0,0,0,0,0,0,0,0,0,0,0,0,0,0,0,0,0,0,0,0,0,0,0,0,0,0,0,0,0,0,0,0,0,0,0,0,0,0,0,0,0,0,0,0,0,0,0,0,0,0,0,0,0,0,0,0,0,0,0,0,0,0,0,0,0,0,0,0,0,0,0,0,0,0,0,0,0,0,0,0,0,0,0,0,0,0,0,0,0,0,0,0,0,0,0,0,0,0,0,0,0,0,0,0,0,0,0,0,0,0,0,0,0,0,0,0,0,0,0,0,0,0,0,0,0,0,0,0,0,0,0,0,0,0,0,0,0,0,0,0,0,0,0,0,0,0,0,0,0,0,0,0,0,0,0,0,0,0,0,0,0,0,0,0,0,0,0,0,0,0,0,0,0,0,0,0,0,3,2,3,5,5,3,3,3,3,3,2,2,2,3,5,5,3,0,0,0,0,0,0,0,0,0,0,0,0,0,0,0,0,0,0,0,0,0,0,0,0,0,0,0,0,0,0,0,0,0,0,0,0,0,0,0,0,0,0,0,0,0,0,0,0,0,0,0,0,0,0,0,0,0,0,0,0,0,0,0,0,0,0,0,0,0,0,0,0,0,0,0,0,0,0,0,0,0,0,0,0,0,0,0,0,0,0,0,0,0,0,0,0,0,0,0,0,0,0,0,0,0,0,0,0,0,0,0,0,0,0,0,0,0,0,0,0,0,0,0,0,0,0,0,0,0,3,3,3,5,3,1,3,3,1,3,3,2,0,0,0,0,0,0,0,0,0,0,0,0,0,0,0,0,0,0,0,0,0,0,0,0,0,0,0,0,0,0,0,0,0,0,0,0,0,0,0,0,0,0,0,0,0,0,0,0,0,0,0,0,0,0,0,0,2.672653913497925,-7.709103584289551,-2.91145920753479,10.427430152893066,-0.1548714935779571,-0.3423738479614258,-10.60142707824707,-1.0383201837539673,8.439642906188965,2.9919803142547607,-2.559420347213745,0.4041146636009216,-7.511948108673096,1.117706060409546,-6.792834758758545,-1.7302870750427246,4.1226911544799805,-6.569766998291016,-2.489055633544922,8.24006175994873,6.758039951324463,5.52586555480957,13.435907363891602,10.01792812347412,-9.412081718444824,-2.1425487995147705,-2.213895797729492,-9.962109565734863,0.7087185978889465,-0.4518935084342956,11.705514907836914,-10.77034854888916,-6.820290565490723,-6.524683475494385,2.6625125408172607,1.070231795310974,-0.9338384866714478,-1.9283857345581052,9.772804260253906,2.0250818729400635,-2.309908151626587,-0.7622907161712646,-6.155372619628906,-0.9546533226966858,-11.022356986999512,5.773087024688721,-1.6178672313690186,7.502734184265137,-7.832736492156982,10.506024360656738,5.709708213806152,-5.666349411010742,-3.1904971599578857,-10.753031730651855,-7.483921527862549,-6.016087055206299,-5.903244018554688,-0.1218176931142807,3.930852174758911,6.620627880096436,1.9377965927124023,-11.133992195129396,-4.050207614898682,0.1748492419719696,-18.69564247131348,-3.10529899597168,10.142791748046877,-2.99630069732666,-1.0826537609100342,0.5110821723937988,-7.4725661277771,0.6906505823135376,10.26275634765625,-5.688600540161133,0.3445216417312622,7.4294753074646,-6.983769416809082,2.292677640914917,-3.4862780570983887,2.542962551116944,6.682340145111084,-2.000185251235962,-3.973135948181152,-9.712645530700684,4.469610214233398,-2.2808218002319336,-8.089678764343262,8.9861421585083,4.117584705352783,-0.6178579330444336,6.548168182373047,-0.2951680421829223,3.4283246994018555,3.929661273956299,3.5832290649414062,-1.2551895380020142,2.561415195465088,8.348021507263184,5.840578079223633,5.917163372039795,-8.316155433654785,-6.664577960968018,-5.235627174377441,-14.39172077178955,4.47020435333252,-2.8467135429382324,-1.61587393283844,3.4793248176574707,-1.5015907287597656,-6.428633689880371,-12.096846580505373,4.830575942993164,3.0357885360717773,-0.4870480597019195,2.5733795166015625,-4.558151245117188,9.931769371032717,10.18165397644043,-4.177663326263428,6.815349102020264,-10.466796875,0.7989034652709961,-4.338838577270508,5.045482158660889,5.5588788986206055,-8.107605934143066,-5.850464344024658,-1.4886977672576904,-5.734020233154297,1.7139811515808103,-3.2436883449554443,4.02034854888916,9.895037651062012,8.072687149047852,-0.4763123393058777,15.910594940185549,13.379777908325195,-0.9573134183883668,10.303629875183104,-3.836766481399536,5.251821994781494,-2.570284843444824,-4.735077381134033,-2.969244241714477,9.0751953125,7.063212394714356,-0.7838656306266785,1.2414584159851074,-0.5552957653999329,6.93873929977417,10.594768524169922,2.917915105819702,9.034625053405762,-1.8782124519348145,-1.9855104684829712,4.213484764099121,-7.709136009216309,-5.171696186065674,0.5309327244758606,-4.9332356452941895,-4.8725905418396,-5.023707389831543,-4.8089213371276855,-3.073763370513916,-0.2783734500408172,-10.169122695922852,1.5647611618041992,-1.2800265550613403,-0.8738608956336975,6.272404670715332,-9.507078170776367,-5.861242771148682,10.731201171875,0.2893356680870056,3.056708812713623,4.051305294036865,6.77306604385376,-2.5248050689697266,-1.0198932886123655,11.166007995605469,1.2361081838607788,6.3088884353637695,-4.850555896759033,12.265734672546388,7.426457405090332,-2.090446710586548,-3.786449909210205,-4.731418132781982,-5.6861772537231445,-1.1917928457260132,-2.471420288085937,-0.7954354882240295,1.80383574962616,1.2883068323135376,-2.1617095470428467,1.2657312154769895,-5.287281513214111,-10.926207542419434,-1.7778531312942505,2.4297494888305664,6.768174171447754,3.4373106956481934,6.303028106689453,3.68642807006836,6.208744525909424,-1.9861664772033687,12.976322174072266,5.390285968780518,11.534306526184082,-2.219897508621216,10.192822456359863,-3.959225654602051,7.629541873931885,-8.747779846191406,3.2366719245910645,-0.0400700569152832,0.7496747970581055,6.444319725036621,-8.567096710205078,4.629395484924316,0.8168164491653442,-9.508959770202637,-4.185934543609619,-1.221987009048462,4.065316677093506,-2.4059972763061523,-5.710220813751221,0.6885756254196167,4.419388294219971,-5.470405578613281,5.95090913772583,-0.2894330620765686,-4.889640331268311,-12.49545955657959,-2.0386550426483154,-7.224075794219971,-6.53419303894043,0.9233195781707764,-6.1305742263793945,9.608829498291016,5.321035385131836,-0.8526061773300171,4.003870487213135,2.210206985473633,-5.822412490844727,3.8028981685638423,-14.362958908081056,-9.921100616455078,-1.539744853973389,-4.549165725708008,-14.497730255126951,3.8503341674804688,-1.168088436126709,-0.4832199811935425,-15.921869277954102,1.0729604959487915,3.935202121734619,-7.2388434410095215,4.893324851989746,-4.909842491149902,2.69840931892395,6.5607123374938965,6.454238414764404,11.156942367553713,5.095192909240723,-4.500313758850098,-10.044977188110352,8.299412727355957,-1.727121353149414,-3.9382553100585938,-4.236982345581055,1.4788099527359009,-3.4247868061065674,1.210905909538269,-1.6714242696762085,-5.978043079376221,-1.5353745222091677,-1.0902414321899414,1.414607048034668,0.2939193844795227,-6.517455577850342,-6.8038716316223145,-16.098064422607422,-7.659656047821045,-0.4728895425796509,5.506086826324463,0.5710324048995972,-1.9573955535888672,-4.0899577140808105,0.9922518730163574,-1.6334466934204102,12.00812530517578,10.529467582702637,-3.290577888488769,-9.299203872680664,-5.381888389587402,-4.844947814941406,-4.831425189971924,-12.00437068939209,-2.6645076274871826,-1.0,2.7781512503836434
OXYR_HUMAN,CHEMBL1089682,COc1ccc(N(C)C(=O)c2cnc(-c3ccccc3C)cn2)cn1,0,0,0,0,0,0,0,0,0,0,0,0,0,0,0,0,0,0,0,0,0,0,0,0,0,0,0,0,0,0,0,0,0,0,0,0,0,0,0,0,0,0,0,0,0,0,0,0,0,0,0,0,0,0,0,0,0,0,0,0,0,0,0,0,0,0,0,0,0,0,0,0,0,0,0,0,0,0,0,0,0,0,0,0,0,0,0,0,0,0,0,0,0,0,0,0,0,0,0,0,0,0,0,0,0,0,0,0,0,0,0,0,0,0,0,0,0,0,0,0,0,0,0,0,0,0,0,0,0,0,0,0,0,0,0,0,0,0,0,0,0,0,0,0,0,0,0,0,0,0,0,0,0,0,0,0,0,0,0,0,0,0,0,0,0,0,0,0,0,0,0,0,0,0,0,0,0,0,0,0,0,0,0,0,0,2,4,1,2,2,2,2,3,2,3,2,4,2,2,3,2,0,0,0,0,0,0,0,0,0,0,0,0,0,0,0,0,3,2,2,1,0,0,0,0,0,0,0,0,0,0,0,0,0,0,0,0,0,1,1,2,4,1,3,0,0,0,0,0,0,0,0,0,0,0,5,3,0,0,0,0,0,0,0,0,0,0,0,0,0,0,0,0,0,0,0,0,0,0,0,0,0,0,0,0,0,0,0,0,0,0,0,0,0,0,0,0,0,0,0,0,0,0,0,0,0,0,0,0,0,0,0,0,0,0,0,0,0,0,0,0,0,0,0,0,0,0,0,0,0,0,0,0,0,0,0,0,0,0,0,0,0,0,0,0,0,0,0,0,0,0,0,0,0,0,0,0,0,0,0,0,0,0,0,0,0,0,0,0,0,0,0,0,0,0,0,0,0,0,0,0,0,0,0,0,0,0,0,0,0,0,0,0,0,0,0,0,0,0,0,0,0,0,0,0,0,0,0,0,0,0,0,0,0,0,0,0,0,0,0,0,0,0,0,0,0,0,0,0,0,0,0,0,2,1,1,1,5,5,3,0,0,0,0,0,0,0,0,0,0,0,0,0,0,0,0,0,0,0,0,0,0,0,0,0,0,0,0,0,0,0,0,0,0,0,0,0,0,0,0,0,0,0,0,0,0,0,0,0,0,0,0,0,0,0,0,0,0,0,0,0,0,0,0,0,0,0,0,0,0,0,0,0,0,0,0,0,0,0,0,0,0,0,0,0,0,0,0,0,0,0,0,0,0,0,0,0,0,0,0,0,0,0,0,0,0,0,0,0,0,0,0,0,0,0,0,0,0,0,0,0,0,0,0,0,0,0,0,0,0,0,0,0,0,0,0,0,0,0,0,0,0,0,0,0,0,0,0,0,4,2,2,2,5,2,4,2,0,0,0,0,0,0,0,0,0,0,0,0,0,0,0,0,0,2,2,2,1,2,0,2,2,0,0,0,0,0,0,0,0,0,0,0,2,2,2,2,3,1,3,2,1,0,0,0,0,0,0,2,2,2,2,2,0,0,5,0,0,0,0,3,3,0,0,0,0,0,0,0,0,0,0,0,5,3,5,5,0,0,0,0,0,3,0,0,0,0,0,0,0,5,2,2,2,2,2,5,0,0,0,0,0,0,0,0,0,0,0,0,0,0,0,5,2,3,0,2,2,4,0,0,0,0,0,0,0,0,0,0,0,0,0,0,0,0,0,0,0,0,0,0,0,0,0,0,0,0,0,0,0,0,2,2,2,2,2,2,3,2,2,0,0,0,0,0,0,0,0,0,0,0,0,0,0,0,0,0,0,0,0,0,0,0,0,1,3,2,2,0,0,0,0,0,0,0,0,0,0,0,0,0,0,0,0,0,0,0,0,0,0,0,0,0,0,0,0,0,2,4,2,3,2,5,2,2,1,0,1,4,2,0,0,0,0,0,2,1,0,0,0,0,0,0,0,0,0,0,0,0,0,0,0,0,0,0,0,0,0,0,0,0,0,0,0,0,0,0,0,0,0,0,0,0,0,0,0,0,0,0,0,0,0,0,0,5,0,2,2,5,0,2,2,3,2,2,1,2,2,2,0,0,0,3,3,2,2,0,0,0,0,0,0,0,0,0,0,0,0,2,2,0,0,0,0,0,0,0,0,0,0,0,0,0,0,0,0,0,0,0,0,0,0,0,0,0,0,0,0,0,0,0,2,2,3,2,4,5,0,0,0,0,0,0,0,0,0,0,0,0,0,0,0,0,0,0,0,0,0,0,0,0,0,0,0,0,0,0,0,0,0,0,1,0,0,0,0,0,0,0,0,0,0,0,0,0,0,0,0,0,0,0,0,0,0,0,0,0,0,2,2,0,0,0,0,0,0,2,0,1,3,1,2,0,0,0,0,0,0,0,0,0,0,0,0,0,0,0,0,0,0,0,0,0,0,0,0,0,0,0,0,5,3,0,0,0,0,2,5,5,0,0,5,3,0,0,0,0,0,0,0,0,0,0,0,0,0,0,0,4,5,0,0,0,0,2,2,2,0,0,0,0,2,2,3,2,2,0,0,0,1,1,2,2,2,3,0,0,2,1,3,2,5,0,0,0,0,0,0,0,0,0,0,0,0,2,2,3,0,0,0,0,0,0,0,0,0,0,0,0,0,0,0,0,0,0,0,0,0,0,0,0,0,0,0,0,0,0,0,0,0,0,0,0,0,0,0,2,5,0,0,0,0,4,0,0,0,0,0,0,0,0,0,0,0,0,0,0,0,0,0,0,0,0,0,0,0,0,0,0,0,0,0,0,0,0,0,0,0,0,0,0,0,0,0,0,0,0,0,0,0,0,0,0,0,0,0,0,0,0,0,0,0,0,0,0,0,0,0,0,0,0,0,0,0,0,0,0,0,0,0,0,0,0,0,0,0,0,0,0,0,0,0,0,0,0,0,2,2,0,0,4,1,2,2,4,0,0,0,0,0,1,2,2,2,0,0,0,0,0,0,0,0,0,0,0,0,0,0,0,0,0,0,0,0,0,0,0,0,0,0,0,0,0,0,0,0,0,0,0,0,0,0,0,0,0,0,0,2,2,0,0,0,0,0,0,0,0,0,0,0,0,0,0,0,0,3,1,2,1,1,0,0,0,0,5,0,0,0,0,0,0,0,2,2,0,0,0,0,0,0,0,0,2,3,2,2,0,0,0,3,2,2,2,2,0,2,2,1,2,2,0,2,2,0,0,0,0,0,0,0,0,0,0,0,0,0,0,0,0,0,0,2,2,1,0,0,0,0,0,0,0,0,0,0,0,0,0,0,0,0,2,1,2,2,3,2,0,0,0,0,0,0,0,5,2,0,0,0,0,0,0,0,0,0,0,0,0,0,0,0,0,2,3,0,0,0,0,0,0,0,0,0,0,0,0,0,0,0,0,0,0,0,0,0,0,0,0,0,0,0,0,0,0,0,0,0,0,0,0,0,0,0,0,0,0,0,3,2,5,2,0,0,0,0,0,0,0,0,0,0,0,0,0,0,0,0,0,0,0,0,0,0,0,0,0,0,0,0,0,0,0,0,0,0,0,0,0,0,0,0,0,0,0,0,0,0,0,0,0,0,0,0,0,0,0,0,0,0,0,0,0,0,0,0,0,0,0,0,0,0,0,0,0,0,0,0,0,0,0,0,0,0,0,0,0,0,0,0,0,0,0,0,0,0,0,0,0,0,0,0,0,0,0,0,0,0,0,0,0,0,0,0,0,0,0,0,0,0,0,0,0,0,0,0,0,0,0,0,0,0,0,0,0,0,0,0,0,0,0,5,3,2,2,2,2,2,2,4,2,1,4,1,2,2,2,1,4,1,1,5,2,2,2,2,5,2,3,3,2,5,2,2,3,5,0,0,0,0,0,0,0,0,0,0,0,0,0,0,0,0,0,0,0,0,0,0,0,2,5,2,5,3,2,0,0,0,0,0,0,0,0,5,0,0,0,2,3,2,2,2,2,0,0,0,0,0,2,2,2,2,2,0,0,0,1,2,3,1,2,2,2,0,0,0,0,0,2,3,2,2,3,2,2,4,2,0,0,0,0,0,0,0,0,3,2,1,5,4,2,0,0,0,0,3,0,0,0,0,0,0,0,0,0,0,0,0,0,0,0,0,0,2,0,0,2,0,0,0,0,0,0,0,0,0,0,0,0,0,0,0,0,0,0,0,0,0,0,0,0,0,0,0,0,0,0,0,0,0,0,0,0,0,0,0,0,0,0,0,0,0,0,0,0,0,0,0,0,0,0,0,0,0,0,0,0,0,0,0,0,0,0,0,0,0,0,0,0,0,0,0,0,0,2,2,0,2,0,0,0,0,0,2,2,2,0,2,3,2,3,3,1,1,3,1,2,2,0,0,0,0,0,0,0,2,2,2,2,3,1,5,2,2,5,0,4,2,0,0,0,0,2,3,5,2,0,0,0,0,0,0,0,0,0,0,0,0,0,0,0,0,0,0,0,0,0,0,0,0,0,0,0,0,0,0,0,0,0,0,0,0,0,0,0,0,0,0,0,0,0,0,0,0,0,0,0,0,0,0,0,0,0,0,0,0,0,0,0,0,0,0,0,0,0,0,0,0,0,0,0,0,0,0,0,0,0,0,0,0,0,0,0,0,0,0,0,0,0,0,0,0,2,1,1,3,2,3,2,2,5,1,5,5,2,1,4,3,0,0,0,0,0,0,0,0,0,0,0,0,0,0,0,0,0,0,0,0,0,0,0,0,0,0,0,0,0,0,0,0,0,0,0,0,0,0,0,0,0,0,0,0,0,0,0,0,0,0,0,0,0,0,0,0,0,0,0,0,0,0,0,0,0,0,0,0,0,0,0,0,0,0,0,0,0,0,0,0,0,0,0,0,0,0,0,0,0,0,0,0,0,0,0,0,0,0,0,0,0,0,0,0,0,0,0,0,0,0,0,0,0,0,0,0,0,0,0,0,0,0,0,0,0,0,0,0,0,0,0,0,0,0,0,0,0,0,0,0,0,0,0,0,0,0,0,0,0,0,0,0,0,0,0,0,0,0,0,0,0,0,0,0,0,0,0,0,0,0,0,0,0,0,0,0,0,0,0,0,0,0,0,0,0,0,0,0,0,0,0,0,0,0,0,0,0,0,0,0,0,0,0,0,0,0,0,0,0,0,0,0,0,0,0,0,0,0,0,0,0,0,0,0,0,0,0,0,0,0,0,0,0,0,0,0,0,0,0,0,0,0,0,0,0,0,0,0,0,0,0,0,0,0,0,0,0,0,0,0,0,0,0,0,0,0,0,0,0,0,0,0,0,0,0,0,0,0,0,0,0,0,0,0,3,2,3,5,5,3,3,3,3,3,2,2,2,3,5,5,3,0,0,0,0,0,0,0,0,0,0,0,0,0,0,0,0,0,0,0,0,0,0,0,0,0,0,0,0,0,0,0,0,0,0,0,0,0,0,0,0,0,0,0,0,0,0,0,0,0,0,0,0,0,0,0,0,0,0,0,0,0,0,0,0,0,0,0,0,0,0,0,0,0,0,0,0,0,0,0,0,0,0,0,0,0,0,0,0,0,0,0,0,0,0,0,0,0,0,0,0,0,0,0,0,0,0,0,0,0,0,0,0,0,0,0,0,0,0,0,0,0,0,0,0,0,0,0,0,0,3,3,3,5,3,1,3,3,1,3,3,2,0,0,0,0,0,0,0,0,0,0,0,0,0,0,0,0,0,0,0,0,0,0,0,0,0,0,0,0,0,0,0,0,0,0,0,0,0,0,0,0,0,0,0,0,0,0,0,0,0,0,0,0,0,0,0,0,3.555649995803833,-2.6036782264709477,-3.987433433532715,6.707306861877441,1.9301183223724363,0.4569780826568603,-9.573920249938965,-0.2813316285610199,7.439425945281982,1.767998456954956,-5.346975803375244,-0.6858503222465515,-6.65378475189209,0.5206650495529175,-6.521560192108154,-1.268302083015442,4.648318290710449,-3.2813968658447266,-2.53564453125,8.132735252380371,4.253398418426514,6.990255355834961,15.692099571228027,4.170122623443604,-7.095715045928955,0.3403896689414978,-0.6990939378738403,-8.00239372253418,2.6049840450286865,2.4415197372436523,11.433863639831545,-9.121105194091797,-4.887143611907959,-7.050327301025391,3.706874132156372,0.0979605391621589,0.163768321275711,0.4899363219738006,8.84686279296875,2.444774389266968,-0.3003090023994446,-0.3446241617202759,-7.091195106506348,0.7114478945732117,-11.705700874328612,3.851307392120361,-2.8740193843841557,7.592389106750488,-6.875447750091553,6.114014148712158,9.648967742919922,-5.649335861206055,-0.315630704164505,-10.538063049316406,-2.740753412246704,-6.558647155761719,-2.911016702651977,0.0995049774646759,3.758344411849976,4.609524726867676,2.1447384357452397,-7.929838180541992,-1.728251576423645,1.055810570716858,-15.770748138427734,-0.280081182718277,6.310751438140869,-0.18909353017807,-1.8733527660369875,2.3063058853149414,-6.279989719390869,0.1349733024835586,9.633418083190918,-4.397412300109863,-2.258815288543701,6.626414299011231,-6.448741436004639,2.0353002548217773,-3.4940719604492188,3.5409181118011475,6.564573764801025,-1.5189765691757202,-5.691389083862305,-8.536886215209961,1.1331459283828735,0.0170577615499496,-7.247577667236328,5.042835712432861,3.01079535484314,-0.9665241837501526,6.760900974273682,0.3676233887672424,4.781859397888184,7.181013107299805,2.4821114540100098,0.1363825350999832,4.212238788604736,5.438681602478027,5.998797416687012,2.9377012252807617,-8.6278657913208,-5.91184139251709,-4.883180618286133,-12.47602653503418,5.472311496734619,-4.124629974365234,0.6419703960418701,3.63446307182312,1.7357292175292969,-3.6051552295684814,-12.360779762268066,1.575773000717163,4.210898399353027,0.4811221361160278,2.3039865493774414,-6.492565155029297,6.821721076965332,8.201934814453125,-3.189128160476685,5.657117366790772,-9.941121101379396,-0.025283858180046,-4.63568925857544,4.704803943634033,3.457470655441284,-9.16438102722168,-8.153987884521484,-1.849974632263184,-3.322749376296997,0.9768557548522948,-1.649517297744751,2.817225933074951,9.399635314941406,9.184600830078123,-3.785301446914673,11.114354133605955,12.685702323913574,-0.0143265053629875,7.067211627960205,-2.2386021614074707,7.430856227874756,-2.2684125900268555,-3.53385853767395,-0.7130957841873169,8.54674243927002,7.602579116821289,1.490018367767334,1.8533244132995603,0.4344609975814819,6.839465618133545,5.988622665405273,0.37509685754776,7.98008394241333,-3.938390254974365,-0.7226478457450867,2.428959608078003,-6.488147735595703,-2.320152521133423,2.35939359664917,-5.349103927612305,-3.5702474117279053,-4.61210298538208,-4.702081680297852,-1.368330478668213,1.1391863822937012,-9.860767364501951,-0.9158951044082642,-2.417766571044922,0.7045919299125671,2.529670000076294,-8.353822708129883,-6.409392356872559,10.13103199005127,-2.341187000274658,1.1994327306747437,4.493288516998291,6.195228099822998,-3.511284828186035,-1.859015941619873,10.149106979370115,-2.430009365081787,4.88112211227417,-3.3114497661590576,7.128353595733643,7.947206020355225,-1.5467747449874878,-4.73260498046875,-3.5667827129364014,-4.663936614990234,-4.539905071258545,-2.1551501750946045,-0.6053937673568726,-0.4135050773620605,2.9154722690582275,1.9519115686416624,-1.413181185722351,-4.158825874328613,-10.278342247009276,-2.188892364501953,2.185096502304077,2.3001630306243896,4.074115753173828,3.155155658721924,3.125152349472046,6.563825130462647,-4.257445335388184,10.952308654785156,4.801076889038086,11.105778694152832,-1.306321382522583,11.657596588134766,-3.5395219326019287,1.8827896118164065,-6.057067394256592,1.2114858627319336,1.7752745151519775,1.0887231826782229,6.204685688018799,-6.728334426879883,4.662242412567139,1.7219148874282837,-6.276509761810303,-3.064047336578369,1.248244285583496,3.383444309234619,-3.751037836074829,-0.6079238057136536,2.268850088119507,5.357392311096191,-7.153372764587402,3.4069137573242188,-3.009690046310425,-5.829033374786377,-11.097152709960938,-2.4826576709747314,-4.726099014282227,-3.4625766277313232,-0.203120544552803,-3.913347005844116,9.503473281860352,3.53713321685791,-0.9129587411880492,4.585328102111816,-0.6120019555091858,-4.383667469024658,3.1764132976531982,-11.643733024597168,-5.157003402709961,1.1682112216949463,-6.501564025878906,-14.387921333312988,3.343256711959839,-3.3095040321350098,-0.445639431476593,-13.166604042053224,0.7240327596664429,4.4895195960998535,-6.062559604644775,5.452999591827393,-6.33449649810791,1.9940693378448489,6.386773109436035,5.49605131149292,8.269335746765137,3.656716108322144,-4.770467758178711,-9.401679039001465,6.141801834106445,-1.1053743362426758,-3.2834222316741943,-2.8901374340057373,4.470981121063232,-4.401631832122803,4.463414192199707,0.2355486750602722,-3.0047638416290283,-2.22473669052124,-2.082789421081543,1.2744755744934082,0.9046783447265624,-6.897852897644043,-6.301361083984375,-13.658249855041504,-4.9247331619262695,-0.7353310585021973,2.485954761505127,1.822970271110535,-0.8985182642936707,-5.473874092102051,-0.3041165471076965,-0.8332188725471497,10.191059112548828,11.506860733032228,-1.0122051239013672,-6.782355785369873,-4.330690383911133,-4.203913688659668,-2.139479637145996,-12.183755874633787,-2.1251699924468994,-1.0,1.9637878273455551
OXYR_HUMAN,CHEMBL3342792,Cc1csc(-n2nccc2NS(=O)(=O)c2ccc(C(F)(F)F)cc2)n1,0,0,0,0,0,0,0,0,0,0,0,0,0,0,0,0,0,0,0,0,0,0,0,0,0,0,0,0,0,0,0,0,0,0,0,0,0,0,0,0,0,0,0,0,0,0,0,0,0,0,0,0,0,0,0,0,0,0,0,0,0,0,0,0,0,0,0,0,0,0,0,0,0,0,0,0,0,0,0,0,0,0,0,0,0,0,0,0,0,0,0,0,0,0,0,0,0,0,0,0,0,0,0,0,0,0,0,0,0,0,0,0,0,0,0,0,0,0,0,0,0,0,0,0,0,0,0,0,0,0,0,0,0,0,0,0,0,0,0,0,0,0,0,0,0,0,0,0,0,0,0,0,0,0,0,0,0,0,0,0,0,0,0,0,0,0,0,0,0,0,0,0,0,0,0,0,0,0,0,0,0,0,0,0,0,2,4,1,2,2,2,2,3,2,3,2,4,2,2,3,2,0,0,0,0,0,0,0,0,0,0,0,0,0,0,0,0,3,2,2,1,0,0,0,0,0,0,0,0,0,0,0,0,0,0,0,0,0,1,1,2,4,1,3,0,0,0,0,0,0,0,0,0,0,0,5,3,0,0,0,0,0,0,0,0,0,0,0,0,0,0,0,0,0,0,0,0,0,0,0,0,0,0,0,0,0,0,0,0,0,0,0,0,0,0,0,0,0,0,0,0,0,0,0,0,0,0,0,0,0,0,0,0,0,0,0,0,0,0,0,0,0,0,0,0,0,0,0,0,0,0,0,0,0,0,0,0,0,0,0,0,0,0,0,0,0,0,0,0,0,0,0,0,0,0,0,0,0,0,0,0,0,0,0,0,0,0,0,0,0,0,0,0,0,0,0,0,0,0,0,0,0,0,0,0,0,0,0,0,0,0,0,0,0,0,0,0,0,0,0,0,0,0,0,0,0,0,0,0,0,0,0,0,0,0,0,0,0,0,0,0,0,0,0,0,0,0,0,0,0,0,0,0,2,1,1,1,5,5,3,0,0,0,0,0,0,0,0,0,0,0,0,0,0,0,0,0,0,0,0,0,0,0,0,0,0,0,0,0,0,0,0,0,0,0,0,0,0,0,0,0,0,0,0,0,0,0,0,0,0,0,0,0,0,0,0,0,0,0,0,0,0,0,0,0,0,0,0,0,0,0,0,0,0,0,0,0,0,0,0,0,0,0,0,0,0,0,0,0,0,0,0,0,0,0,0,0,0,0,0,0,0,0,0,0,0,0,0,0,0,0,0,0,0,0,0,0,0,0,0,0,0,0,0,0,0,0,0,0,0,0,0,0,0,0,0,0,0,0,0,0,0,0,0,0,0,0,0,0,4,2,2,2,5,2,4,2,0,0,0,0,0,0,0,0,0,0,0,0,0,0,0,0,0,2,2,2,1,2,0,2,2,0,0,0,0,0,0,0,0,0,0,0,2,2,2,2,3,1,3,2,1,0,0,0,0,0,0,2,2,2,2,2,0,0,5,0,0,0,0,3,3,0,0,0,0,0,0,0,0,0,0,0,5,3,5,5,0,0,0,0,0,3,0,0,0,0,0,0,0,5,2,2,2,2,2,5,0,0,0,0,0,0,0,0,0,0,0,0,0,0,0,5,2,3,0,2,2,4,0,0,0,0,0,0,0,0,0,0,0,0,0,0,0,0,0,0,0,0,0,0,0,0,0,0,0,0,0,0,0,0,2,2,2,2,2,2,3,2,2,0,0,0,0,0,0,0,0,0,0,0,0,0,0,0,0,0,0,0,0,0,0,0,0,1,3,2,2,0,0,0,0,0,0,0,0,0,0,0,0,0,0,0,0,0,0,0,0,0,0,0,0,0,0,0,0,0,2,4,2,3,2,5,2,2,1,0,1,4,2,0,0,0,0,0,2,1,0,0,0,0,0,0,0,0,0,0,0,0,0,0,0,0,0,0,0,0,0,0,0,0,0,0,0,0,0,0,0,0,0,0,0,0,0,0,0,0,0,0,0,0,0,0,0,5,0,2,2,5,0,2,2,3,2,2,1,2,2,2,0,0,0,3,3,2,2,0,0,0,0,0,0,0,0,0,0,0,0,2,2,0,0,0,0,0,0,0,0,0,0,0,0,0,0,0,0,0,0,0,0,0,0,0,0,0,0,0,0,0,0,0,2,2,3,2,4,5,0,0,0,0,0,0,0,0,0,0,0,0,0,0,0,0,0,0,0,0,0,0,0,0,0,0,0,0,0,0,0,0,0,0,1,0,0,0,0,0,0,0,0,0,0,0,0,0,0,0,0,0,0,0,0,0,0,0,0,0,0,2,2,0,0,0,0,0,0,2,0,1,3,1,2,0,0,0,0,0,0,0,0,0,0,0,0,0,0,0,0,0,0,0,0,0,0,0,0,0,0,0,0,5,3,0,0,0,0,2,5,5,0,0,5,3,0,0,0,0,0,0,0,0,0,0,0,0,0,0,0,4,5,0,0,0,0,2,2,2,0,0,0,0,2,2,3,2,2,0,0,0,1,1,2,2,2,3,0,0,2,1,3,2,5,0,0,0,0,0,0,0,0,0,0,0,0,2,2,3,0,0,0,0,0,0,0,0,0,0,0,0,0,0,0,0,0,0,0,0,0,0,0,0,0,0,0,0,0,0,0,0,0,0,0,0,0,0,0,2,5,0,0,0,0,4,0,0,0,0,0,0,0,0,0,0,0,0,0,0,0,0,0,0,0,0,0,0,0,0,0,0,0,0,0,0,0,0,0,0,0,0,0,0,0,0,0,0,0,0,0,0,0,0,0,0,0,0,0,0,0,0,0,0,0,0,0,0,0,0,0,0,0,0,0,0,0,0,0,0,0,0,0,0,0,0,0,0,0,0,0,0,0,0,0,0,0,0,0,2,2,0,0,4,1,2,2,4,0,0,0,0,0,1,2,2,2,0,0,0,0,0,0,0,0,0,0,0,0,0,0,0,0,0,0,0,0,0,0,0,0,0,0,0,0,0,0,0,0,0,0,0,0,0,0,0,0,0,0,0,2,2,0,0,0,0,0,0,0,0,0,0,0,0,0,0,0,0,3,1,2,1,1,0,0,0,0,5,0,0,0,0,0,0,0,2,2,0,0,0,0,0,0,0,0,2,3,2,2,0,0,0,3,2,2,2,2,0,2,2,1,2,2,0,2,2,0,0,0,0,0,0,0,0,0,0,0,0,0,0,0,0,0,0,2,2,1,0,0,0,0,0,0,0,0,0,0,0,0,0,0,0,0,2,1,2,2,3,2,0,0,0,0,0,0,0,5,2,0,0,0,0,0,0,0,0,0,0,0,0,0,0,0,0,2,3,0,0,0,0,0,0,0,0,0,0,0,0,0,0,0,0,0,0,0,0,0,0,0,0,0,0,0,0,0,0,0,0,0,0,0,0,0,0,0,0,0,0,0,3,2,5,2,0,0,0,0,0,0,0,0,0,0,0,0,0,0,0,0,0,0,0,0,0,0,0,0,0,0,0,0,0,0,0,0,0,0,0,0,0,0,0,0,0,0,0,0,0,0,0,0,0,0,0,0,0,0,0,0,0,0,0,0,0,0,0,0,0,0,0,0,0,0,0,0,0,0,0,0,0,0,0,0,0,0,0,0,0,0,0,0,0,0,0,0,0,0,0,0,0,0,0,0,0,0,0,0,0,0,0,0,0,0,0,0,0,0,0,0,0,0,0,0,0,0,0,0,0,0,0,0,0,0,0,0,0,0,0,0,0,0,0,5,3,2,2,2,2,2,2,4,2,1,4,1,2,2,2,1,4,1,1,5,2,2,2,2,5,2,3,3,2,5,2,2,3,5,0,0,0,0,0,0,0,0,0,0,0,0,0,0,0,0,0,0,0,0,0,0,0,2,5,2,5,3,2,0,0,0,0,0,0,0,0,5,0,0,0,2,3,2,2,2,2,0,0,0,0,0,2,2,2,2,2,0,0,0,1,2,3,1,2,2,2,0,0,0,0,0,2,3,2,2,3,2,2,4,2,0,0,0,0,0,0,0,0,3,2,1,5,4,2,0,0,0,0,3,0,0,0,0,0,0,0,0,0,0,0,0,0,0,0,0,0,2,0,0,2,0,0,0,0,0,0,0,0,0,0,0,0,0,0,0,0,0,0,0,0,0,0,0,0,0,0,0,0,0,0,0,0,0,0,0,0,0,0,0,0,0,0,0,0,0,0,0,0,0,0,0,0,0,0,0,0,0,0,0,0,0,0,0,0,0,0,0,0,0,0,0,0,0,0,0,0,0,2,2,0,2,0,0,0,0,0,2,2,2,0,2,3,2,3,3,1,1,3,1,2,2,0,0,0,0,0,0,0,2,2,2,2,3,1,5,2,2,5,0,4,2,0,0,0,0,2,3,5,2,0,0,0,0,0,0,0,0,0,0,0,0,0,0,0,0,0,0,0,0,0,0,0,0,0,0,0,0,0,0,0,0,0,0,0,0,0,0,0,0,0,0,0,0,0,0,0,0,0,0,0,0,0,0,0,0,0,0,0,0,0,0,0,0,0,0,0,0,0,0,0,0,0,0,0,0,0,0,0,0,0,0,0,0,0,0,0,0,0,0,0,0,0,0,0,0,2,1,1,3,2,3,2,2,5,1,5,5,2,1,4,3,0,0,0,0,0,0,0,0,0,0,0,0,0,0,0,0,0,0,0,0,0,0,0,0,0,0,0,0,0,0,0,0,0,0,0,0,0,0,0,0,0,0,0,0,0,0,0,0,0,0,0,0,0,0,0,0,0,0,0,0,0,0,0,0,0,0,0,0,0,0,0,0,0,0,0,0,0,0,0,0,0,0,0,0,0,0,0,0,0,0,0,0,0,0,0,0,0,0,0,0,0,0,0,0,0,0,0,0,0,0,0,0,0,0,0,0,0,0,0,0,0,0,0,0,0,0,0,0,0,0,0,0,0,0,0,0,0,0,0,0,0,0,0,0,0,0,0,0,0,0,0,0,0,0,0,0,0,0,0,0,0,0,0,0,0,0,0,0,0,0,0,0,0,0,0,0,0,0,0,0,0,0,0,0,0,0,0,0,0,0,0,0,0,0,0,0,0,0,0,0,0,0,0,0,0,0,0,0,0,0,0,0,0,0,0,0,0,0,0,0,0,0,0,0,0,0,0,0,0,0,0,0,0,0,0,0,0,0,0,0,0,0,0,0,0,0,0,0,0,0,0,0,0,0,0,0,0,0,0,0,0,0,0,0,0,0,0,0,0,0,0,0,0,0,0,0,0,0,0,0,0,0,0,0,3,2,3,5,5,3,3,3,3,3,2,2,2,3,5,5,3,0,0,0,0,0,0,0,0,0,0,0,0,0,0,0,0,0,0,0,0,0,0,0,0,0,0,0,0,0,0,0,0,0,0,0,0,0,0,0,0,0,0,0,0,0,0,0,0,0,0,0,0,0,0,0,0,0,0,0,0,0,0,0,0,0,0,0,0,0,0,0,0,0,0,0,0,0,0,0,0,0,0,0,0,0,0,0,0,0,0,0,0,0,0,0,0,0,0,0,0,0,0,0,0,0,0,0,0,0,0,0,0,0,0,0,0,0,0,0,0,0,0,0,0,0,0,0,0,0,3,3,3,5,3,1,3,3,1,3,3,2,0,0,0,0,0,0,0,0,0,0,0,0,0,0,0,0,0,0,0,0,0,0,0,0,0,0,0,0,0,0,0,0,0,0,0,0,0,0,0,0,0,0,0,0,0,0,0,0,0,0,0,0,0,0,0,0,4.057054042816162,-4.85928201675415,-2.6410696506500244,7.515482902526855,-1.8462430238723757,0.1131655871868133,-11.550146102905272,-0.4125341773033142,12.390717506408691,6.319123268127441,-5.396304607391357,-3.042790174484253,-9.419137954711914,2.4759318828582764,-4.458425045013428,-2.569493293762207,4.528401374816895,0.2865091860294342,-3.702603340148926,5.77615213394165,4.4212141036987305,5.820762634277344,11.770244598388672,8.752914428710938,-11.228290557861328,-2.206456422805786,1.833020806312561,-6.178940296173096,-0.4422807097434997,3.0020735263824463,10.171777725219728,-6.264591693878174,-6.527344703674316,-3.8367323875427246,4.7000226974487305,0.6290097236633301,2.488753080368042,-1.7888507843017578,9.359304428100586,2.822998523712158,-2.1974778175354004,-1.0680943727493286,-4.775426387786865,1.0044867992401123,-12.3623685836792,4.634848594665527,-3.7578377723693848,7.6906352043151855,-6.730549812316895,5.442324638366699,7.347116947174072,-5.957141876220703,-5.58791446685791,-8.917190551757812,-3.830775737762451,-8.695030212402344,-3.3637235164642334,1.4620245695114136,3.73572039604187,7.808974742889404,0.0826953798532486,-7.400812149047852,-0.7628104090690613,2.3960206508636475,-12.300650596618652,-1.1032001972198486,8.566888809204102,0.8146189451217651,-1.9348905086517332,-0.3905690312385559,-5.741865634918213,-0.151293396949768,7.550149440765381,-6.963984489440918,-1.039660930633545,4.662676334381104,-1.7009506225585938,3.892566680908203,-1.2869908809661863,1.899181842803955,7.397531509399414,3.4789509773254395,-5.997112274169922,-11.03536605834961,2.6474225521087646,-4.601665496826172,-7.006529808044434,2.8392457962036133,3.072410345077514,-3.265588760375977,1.7267597913742063,-0.8462229371070862,4.742280960083008,5.418511867523193,1.9396235942840576,-1.3198240995407104,0.3589368760585785,5.909083843231201,6.1084489822387695,3.099503993988037,-6.818062782287598,-4.381555557250977,-3.4687414169311523,-8.795631408691406,4.819868564605713,-5.141164779663086,-3.6467244625091553,1.6807619333267212,-0.4392134845256805,-4.6191840171813965,-13.867423057556152,-0.7828238606452942,2.734763860702514,-0.9490076303482056,0.9173926115036012,-4.671980381011963,6.743224620819092,6.362133502960205,-4.231371879577637,5.473083972930908,-9.68664836883545,0.9029009938240052,-6.911158561706543,3.765018939971924,2.71708345413208,-6.429320335388184,-6.430439472198486,1.853554606437683,-1.2375493049621582,0.9985753297805786,-4.065314769744873,-0.5713940262794495,8.744218826293945,7.6152143478393555,-4.923416614532471,13.207783699035645,12.892207145690918,0.9366368651390076,11.446459770202637,-1.0154763460159302,6.455438137054443,-3.4141533374786377,-5.029930114746094,-0.9314751625061036,6.829878330230713,8.525163650512695,2.381671667098999,0.3287122249603271,-0.0660353302955627,8.10436725616455,9.521081924438477,-0.0091112107038497,8.55487060546875,-1.6329786777496338,1.8218823671340945,1.9496451616287231,-5.86470890045166,-3.4946863651275635,2.4182496070861816,-6.585951328277588,-4.991425037384033,-5.930186748504639,-5.989758968353272,0.5823445916175842,1.6847319602966309,-5.390666961669922,2.755730390548706,-0.7453736662864685,-2.4044506549835205,1.889553427696228,-7.840766906738281,-5.139703273773193,8.416367530822754,0.4295406937599182,3.983492851257324,1.3268697261810305,6.86378288269043,-1.282038927078247,-2.9037070274353027,10.169501304626465,-1.8647266626358032,9.643126487731934,-6.886515140533447,6.534183025360107,9.120084762573242,-1.8175424337387085,-4.413829326629639,-5.470447063446045,-6.130603790283203,-4.909818649291992,-0.4604248106479645,0.3014191389083862,-2.997663736343384,2.4422407150268555,2.253819942474365,1.1300183534622192,-4.431702613830566,-10.31735134124756,-2.721862554550171,-3.167623281478882,3.967205286026001,2.7568588256835938,5.5814056396484375,3.94078516960144,5.088468551635742,-5.050749778747559,8.683428764343262,4.587372303009033,8.823677062988281,-1.956819772720337,9.83276081085205,2.138124942779541,4.534328460693359,-5.3771586418151855,1.4877842664718628,2.080706834793091,-0.8379209041595459,4.86009693145752,-9.371047019958496,3.869420766830444,4.129062175750732,-6.553706645965576,0.1172305047512054,1.187822699546814,3.919493198394776,-6.472233772277832,-1.7978415489196775,3.613588809967041,3.5579264163970947,-6.361136436462402,7.698224544525146,-2.8709254264831543,-4.436034202575684,-9.371442794799805,-2.342972993850708,-2.15649676322937,-4.098948955535889,-3.717686891555786,-7.588479995727539,8.452166557312012,1.5287288427352903,-0.5056821703910828,3.697709798812866,1.2742372751235962,-6.233253479003906,1.4654682874679563,-8.935478210449219,-8.021440505981445,-1.7053152322769165,-8.260160446166992,-14.894067764282228,1.3992584943771362,-0.1495070457458496,0.5684898495674133,-13.548540115356444,3.3491342067718506,3.284529447555542,-6.471373558044434,6.445695400238037,-4.139971733093262,1.2266278266906738,4.691169738769531,8.132742881774902,10.556160926818848,3.2454774379730225,-2.4592225551605225,-5.532322406768799,4.916053771972656,-1.2745784521102903,-3.4489824771881104,-3.725964069366455,2.5091793537139893,-0.2991358041763305,5.26673698425293,-2.32417893409729,-3.992125988006592,-5.703771591186523,1.6143982410430908,-0.7256323099136353,-1.2096902132034302,-5.014599323272705,-6.468667030334473,-16.79096031188965,-6.489101886749268,-2.0892910957336426,1.1253818273544312,1.587252497673035,-2.9770517349243164,-3.4138295650482178,0.3182000517845154,-1.8692569732666016,9.503522872924805,11.441593170166016,-2.203063488006592,-7.634705066680908,-1.877937078475952,-3.257088422775269,-2.6730027198791504,-11.788653373718262,-2.346526861190796,1.0,2.716003343634799
OXYR_HUMAN,CHEMBL2113204,O=C(CN(c1ccc(Cl)cc1)S(=O)(=O)c1cccs1)NNC1=c2ccccc2=NC1=O,0,0,0,0,0,0,0,0,0,0,0,0,0,0,0,0,0,0,0,0,0,0,0,0,0,0,0,0,0,0,0,0,0,0,0,0,0,0,0,0,0,0,0,0,0,0,0,0,0,0,0,0,0,0,0,0,0,0,0,0,0,0,0,0,0,0,0,0,0,0,0,0,0,0,0,0,0,0,0,0,0,0,0,0,0,0,0,0,0,0,0,0,0,0,0,0,0,0,0,0,0,0,0,0,0,0,0,0,0,0,0,0,0,0,0,0,0,0,0,0,0,0,0,0,0,0,0,0,0,0,0,0,0,0,0,0,0,0,0,0,0,0,0,0,0,0,0,0,0,0,0,0,0,0,0,0,0,0,0,0,0,0,0,0,0,0,0,0,0,0,0,0,0,0,0,0,0,0,0,0,0,0,0,0,0,2,4,1,2,2,2,2,3,2,3,2,4,2,2,3,2,0,0,0,0,0,0,0,0,0,0,0,0,0,0,0,0,3,2,2,1,0,0,0,0,0,0,0,0,0,0,0,0,0,0,0,0,0,1,1,2,4,1,3,0,0,0,0,0,0,0,0,0,0,0,5,3,0,0,0,0,0,0,0,0,0,0,0,0,0,0,0,0,0,0,0,0,0,0,0,0,0,0,0,0,0,0,0,0,0,0,0,0,0,0,0,0,0,0,0,0,0,0,0,0,0,0,0,0,0,0,0,0,0,0,0,0,0,0,0,0,0,0,0,0,0,0,0,0,0,0,0,0,0,0,0,0,0,0,0,0,0,0,0,0,0,0,0,0,0,0,0,0,0,0,0,0,0,0,0,0,0,0,0,0,0,0,0,0,0,0,0,0,0,0,0,0,0,0,0,0,0,0,0,0,0,0,0,0,0,0,0,0,0,0,0,0,0,0,0,0,0,0,0,0,0,0,0,0,0,0,0,0,0,0,0,0,0,0,0,0,0,0,0,0,0,0,0,0,0,0,0,0,2,1,1,1,5,5,3,0,0,0,0,0,0,0,0,0,0,0,0,0,0,0,0,0,0,0,0,0,0,0,0,0,0,0,0,0,0,0,0,0,0,0,0,0,0,0,0,0,0,0,0,0,0,0,0,0,0,0,0,0,0,0,0,0,0,0,0,0,0,0,0,0,0,0,0,0,0,0,0,0,0,0,0,0,0,0,0,0,0,0,0,0,0,0,0,0,0,0,0,0,0,0,0,0,0,0,0,0,0,0,0,0,0,0,0,0,0,0,0,0,0,0,0,0,0,0,0,0,0,0,0,0,0,0,0,0,0,0,0,0,0,0,0,0,0,0,0,0,0,0,0,0,0,0,0,0,4,2,2,2,5,2,4,2,0,0,0,0,0,0,0,0,0,0,0,0,0,0,0,0,0,2,2,2,1,2,0,2,2,0,0,0,0,0,0,0,0,0,0,0,2,2,2,2,3,1,3,2,1,0,0,0,0,0,0,2,2,2,2,2,0,0,5,0,0,0,0,3,3,0,0,0,0,0,0,0,0,0,0,0,5,3,5,5,0,0,0,0,0,3,0,0,0,0,0,0,0,5,2,2,2,2,2,5,0,0,0,0,0,0,0,0,0,0,0,0,0,0,0,5,2,3,0,2,2,4,0,0,0,0,0,0,0,0,0,0,0,0,0,0,0,0,0,0,0,0,0,0,0,0,0,0,0,0,0,0,0,0,2,2,2,2,2,2,3,2,2,0,0,0,0,0,0,0,0,0,0,0,0,0,0,0,0,0,0,0,0,0,0,0,0,1,3,2,2,0,0,0,0,0,0,0,0,0,0,0,0,0,0,0,0,0,0,0,0,0,0,0,0,0,0,0,0,0,2,4,2,3,2,5,2,2,1,0,1,4,2,0,0,0,0,0,2,1,0,0,0,0,0,0,0,0,0,0,0,0,0,0,0,0,0,0,0,0,0,0,0,0,0,0,0,0,0,0,0,0,0,0,0,0,0,0,0,0,0,0,0,0,0,0,0,5,0,2,2,5,0,2,2,3,2,2,1,2,2,2,0,0,0,3,3,2,2,0,0,0,0,0,0,0,0,0,0,0,0,2,2,0,0,0,0,0,0,0,0,0,0,0,0,0,0,0,0,0,0,0,0,0,0,0,0,0,0,0,0,0,0,0,2,2,3,2,4,5,0,0,0,0,0,0,0,0,0,0,0,0,0,0,0,0,0,0,0,0,0,0,0,0,0,0,0,0,0,0,0,0,0,0,1,0,0,0,0,0,0,0,0,0,0,0,0,0,0,0,0,0,0,0,0,0,0,0,0,0,0,2,2,0,0,0,0,0,0,2,0,1,3,1,2,0,0,0,0,0,0,0,0,0,0,0,0,0,0,0,0,0,0,0,0,0,0,0,0,0,0,0,0,5,3,0,0,0,0,2,5,5,0,0,5,3,0,0,0,0,0,0,0,0,0,0,0,0,0,0,0,4,5,0,0,0,0,2,2,2,0,0,0,0,2,2,3,2,2,0,0,0,1,1,2,2,2,3,0,0,2,1,3,2,5,0,0,0,0,0,0,0,0,0,0,0,0,2,2,3,0,0,0,0,0,0,0,0,0,0,0,0,0,0,0,0,0,0,0,0,0,0,0,0,0,0,0,0,0,0,0,0,0,0,0,0,0,0,0,2,5,0,0,0,0,4,0,0,0,0,0,0,0,0,0,0,0,0,0,0,0,0,0,0,0,0,0,0,0,0,0,0,0,0,0,0,0,0,0,0,0,0,0,0,0,0,0,0,0,0,0,0,0,0,0,0,0,0,0,0,0,0,0,0,0,0,0,0,0,0,0,0,0,0,0,0,0,0,0,0,0,0,0,0,0,0,0,0,0,0,0,0,0,0,0,0,0,0,0,2,2,0,0,4,1,2,2,4,0,0,0,0,0,1,2,2,2,0,0,0,0,0,0,0,0,0,0,0,0,0,0,0,0,0,0,0,0,0,0,0,0,0,0,0,0,0,0,0,0,0,0,0,0,0,0,0,0,0,0,0,2,2,0,0,0,0,0,0,0,0,0,0,0,0,0,0,0,0,3,1,2,1,1,0,0,0,0,5,0,0,0,0,0,0,0,2,2,0,0,0,0,0,0,0,0,2,3,2,2,0,0,0,3,2,2,2,2,0,2,2,1,2,2,0,2,2,0,0,0,0,0,0,0,0,0,0,0,0,0,0,0,0,0,0,2,2,1,0,0,0,0,0,0,0,0,0,0,0,0,0,0,0,0,2,1,2,2,3,2,0,0,0,0,0,0,0,5,2,0,0,0,0,0,0,0,0,0,0,0,0,0,0,0,0,2,3,0,0,0,0,0,0,0,0,0,0,0,0,0,0,0,0,0,0,0,0,0,0,0,0,0,0,0,0,0,0,0,0,0,0,0,0,0,0,0,0,0,0,0,3,2,5,2,0,0,0,0,0,0,0,0,0,0,0,0,0,0,0,0,0,0,0,0,0,0,0,0,0,0,0,0,0,0,0,0,0,0,0,0,0,0,0,0,0,0,0,0,0,0,0,0,0,0,0,0,0,0,0,0,0,0,0,0,0,0,0,0,0,0,0,0,0,0,0,0,0,0,0,0,0,0,0,0,0,0,0,0,0,0,0,0,0,0,0,0,0,0,0,0,0,0,0,0,0,0,0,0,0,0,0,0,0,0,0,0,0,0,0,0,0,0,0,0,0,0,0,0,0,0,0,0,0,0,0,0,0,0,0,0,0,0,0,5,3,2,2,2,2,2,2,4,2,1,4,1,2,2,2,1,4,1,1,5,2,2,2,2,5,2,3,3,2,5,2,2,3,5,0,0,0,0,0,0,0,0,0,0,0,0,0,0,0,0,0,0,0,0,0,0,0,2,5,2,5,3,2,0,0,0,0,0,0,0,0,5,0,0,0,2,3,2,2,2,2,0,0,0,0,0,2,2,2,2,2,0,0,0,1,2,3,1,2,2,2,0,0,0,0,0,2,3,2,2,3,2,2,4,2,0,0,0,0,0,0,0,0,3,2,1,5,4,2,0,0,0,0,3,0,0,0,0,0,0,0,0,0,0,0,0,0,0,0,0,0,2,0,0,2,0,0,0,0,0,0,0,0,0,0,0,0,0,0,0,0,0,0,0,0,0,0,0,0,0,0,0,0,0,0,0,0,0,0,0,0,0,0,0,0,0,0,0,0,0,0,0,0,0,0,0,0,0,0,0,0,0,0,0,0,0,0,0,0,0,0,0,0,0,0,0,0,0,0,0,0,0,2,2,0,2,0,0,0,0,0,2,2,2,0,2,3,2,3,3,1,1,3,1,2,2,0,0,0,0,0,0,0,2,2,2,2,3,1,5,2,2,5,0,4,2,0,0,0,0,2,3,5,2,0,0,0,0,0,0,0,0,0,0,0,0,0,0,0,0,0,0,0,0,0,0,0,0,0,0,0,0,0,0,0,0,0,0,0,0,0,0,0,0,0,0,0,0,0,0,0,0,0,0,0,0,0,0,0,0,0,0,0,0,0,0,0,0,0,0,0,0,0,0,0,0,0,0,0,0,0,0,0,0,0,0,0,0,0,0,0,0,0,0,0,0,0,0,0,0,2,1,1,3,2,3,2,2,5,1,5,5,2,1,4,3,0,0,0,0,0,0,0,0,0,0,0,0,0,0,0,0,0,0,0,0,0,0,0,0,0,0,0,0,0,0,0,0,0,0,0,0,0,0,0,0,0,0,0,0,0,0,0,0,0,0,0,0,0,0,0,0,0,0,0,0,0,0,0,0,0,0,0,0,0,0,0,0,0,0,0,0,0,0,0,0,0,0,0,0,0,0,0,0,0,0,0,0,0,0,0,0,0,0,0,0,0,0,0,0,0,0,0,0,0,0,0,0,0,0,0,0,0,0,0,0,0,0,0,0,0,0,0,0,0,0,0,0,0,0,0,0,0,0,0,0,0,0,0,0,0,0,0,0,0,0,0,0,0,0,0,0,0,0,0,0,0,0,0,0,0,0,0,0,0,0,0,0,0,0,0,0,0,0,0,0,0,0,0,0,0,0,0,0,0,0,0,0,0,0,0,0,0,0,0,0,0,0,0,0,0,0,0,0,0,0,0,0,0,0,0,0,0,0,0,0,0,0,0,0,0,0,0,0,0,0,0,0,0,0,0,0,0,0,0,0,0,0,0,0,0,0,0,0,0,0,0,0,0,0,0,0,0,0,0,0,0,0,0,0,0,0,0,0,0,0,0,0,0,0,0,0,0,0,0,0,0,0,0,0,3,2,3,5,5,3,3,3,3,3,2,2,2,3,5,5,3,0,0,0,0,0,0,0,0,0,0,0,0,0,0,0,0,0,0,0,0,0,0,0,0,0,0,0,0,0,0,0,0,0,0,0,0,0,0,0,0,0,0,0,0,0,0,0,0,0,0,0,0,0,0,0,0,0,0,0,0,0,0,0,0,0,0,0,0,0,0,0,0,0,0,0,0,0,0,0,0,0,0,0,0,0,0,0,0,0,0,0,0,0,0,0,0,0,0,0,0,0,0,0,0,0,0,0,0,0,0,0,0,0,0,0,0,0,0,0,0,0,0,0,0,0,0,0,0,0,3,3,3,5,3,1,3,3,1,3,3,2,0,0,0,0,0,0,0,0,0,0,0,0,0,0,0,0,0,0,0,0,0,0,0,0,0,0,0,0,0,0,0,0,0,0,0,0,0,0,0,0,0,0,0,0,0,0,0,0,0,0,0,0,0,0,0,0,0.666640043258667,-4.183767318725586,-4.577438354492188,7.0882487297058105,0.8758574724197388,0.4312729835510254,-14.225441932678224,1.14276385307312,11.502572059631348,7.395662784576416,-5.86115312576294,0.3904938697814941,-12.69069766998291,0.3824643194675445,-5.227198600769043,1.4771342277526855,3.902292728424072,-4.126756191253662,-6.811989784240723,8.385778427124023,0.0060400860384106,7.643027305603027,19.391393661499023,7.391571044921875,-10.847207069396973,0.4347600936889648,1.0767720937728882,-10.26712703704834,2.774522542953491,0.7354652285575867,14.88078784942627,-7.8731513023376465,-3.14248275756836,-6.317059516906738,3.769282341003418,1.801053166389465,1.8100924491882324,2.4610562324523926,7.908386707305908,3.6203343868255615,1.2749168872833252,-2.14656925201416,-6.897964954376221,-0.233806774020195,-12.653446197509766,4.807648658752441,-0.1660663038492202,9.885846138000488,-8.317041397094727,0.9388169646263124,8.532266616821289,-7.402346611022949,-5.9426798820495605,-9.090521812438965,-6.403682708740234,-6.130864143371582,-3.5589914321899414,1.4141840934753418,6.029613971710205,1.2310967445373535,-1.6207518577575684,-9.5118989944458,-3.148134469985962,6.308996677398682,-13.575831413269045,0.3187442421913147,11.253747940063477,2.937338590621948,-3.1537253856658936,3.306873321533203,-6.519603252410889,2.589241504669189,6.797530174255371,-8.832978248596191,-2.152107715606689,6.797425270080566,-3.888671875,5.473555564880371,-0.5919355750083923,4.310786247253418,5.583630561828613,-0.1411166787147522,-8.555062294006348,-11.821475982666016,3.58538556098938,-1.1856873035430908,-5.928842067718506,4.887763023376465,4.354727268218994,-1.8923189640045168,1.7465764284133911,3.213892698287964,2.122110366821289,10.788640975952148,3.4414966106414795,-1.3105865716934204,0.6583173274993896,2.9374449253082275,6.743358135223389,0.9592085480690002,-4.112987518310547,-10.508877754211426,-5.359656810760498,-9.206120491027832,2.3547234535217285,-8.039018630981445,-3.8105974197387695,3.065002918243408,0.8665933609008789,-7.776662826538086,-17.704326629638672,0.7289692163467407,3.444171667098999,0.2352379858493805,-1.0892266035079956,-5.744787693023682,8.411362648010254,7.431278705596924,-4.416941165924072,5.252307415008545,-12.452900886535645,0.8631902933120728,-3.3720703125,5.899592876434326,4.875704288482666,-8.438420295715332,-13.144416809082031,-1.2925655841827393,-0.0876835882663726,-0.1566029340028762,-1.6308200359344482,0.1272380650043487,9.051353454589844,14.128812789916992,-2.3497331142425537,14.2444429397583,12.757539749145508,1.3518215417861938,12.67909336090088,-4.39759635925293,9.90225315093994,-2.686447858810425,-2.262444019317627,0.5572550296783447,12.216737747192385,7.789309501647949,2.3312668800354004,1.3768740892410278,1.0509414672851562,10.843600273132324,8.552464485168457,2.7833642959594727,9.788390159606934,-3.9514973163604736,-2.061826229095459,1.9529175758361816,-6.324963092803955,-7.4385151863098145,5.868228435516357,-8.196287155151367,-2.0717875957489014,-3.2843620777130127,-9.100457191467283,3.6956787109375,2.692248106002808,-8.31969165802002,1.5910588502883911,-5.397979259490967,0.409851610660553,6.540385723114014,-6.423051357269287,-2.539994239807129,13.10916233062744,-4.9311299324035645,0.0284283868968486,0.0410446673631668,6.441299915313721,-0.7802289724349976,-6.3959150314331055,11.089421272277832,-5.505897998809815,8.096513748168945,-2.6316018104553223,7.118700981140137,10.781536102294922,-2.3435115814208984,-1.4808958768844604,-0.819159746170044,-9.904745101928713,-6.490362167358398,-1.822999596595764,-0.3900396823883056,-1.7784180641174316,1.486469864845276,3.6561474800109854,0.1657257974147796,-4.486859321594238,-11.557363510131836,-1.7350187301635742,-1.9801193475723269,0.1933362782001495,0.890295147895813,6.865166664123535,1.4315505027770996,5.071858406066895,-5.4986114501953125,14.58284854888916,6.181550979614258,10.626434326171877,-2.028090476989746,13.323404312133787,-0.0569896250963211,5.09166431427002,-4.417004108428955,2.2519237995147705,5.253190994262695,3.034320116043091,4.571690559387207,-7.341767311096191,6.5055832862854,2.374030351638794,-8.419730186462402,1.4168068170547483,0.9935461282730104,2.638829469680786,-3.5543222427368164,-2.366401195526123,2.2540218830108643,7.740596294403076,-12.42202377319336,3.663094282150269,-3.5963501930236816,-10.526689529418944,-13.35981273651123,-3.926376819610596,-2.6438889503479004,-1.7925000190734863,-3.787268877029419,-5.270422458648682,9.371878623962402,3.543865442276001,0.4999145269393921,4.084763526916504,-1.1328463554382324,-4.105827808380127,3.443744659423828,-12.071356773376465,-8.748116493225098,0.4205476939678192,-8.729394912719727,-16.90028190612793,1.4130419492721558,-0.9070820212364196,1.1746240854263306,-12.581157684326172,1.8868224620819087,4.900909423828125,-13.22087860107422,10.668169975280762,-6.486392498016357,-4.366713523864746,5.66192102432251,4.269310474395752,11.127367973327637,2.55337142944336,-6.932077884674072,-7.228011608123779,6.079151153564453,1.5129302740097046,-8.081838607788086,-2.5075104236602783,5.100467681884766,1.119875431060791,5.212923526763916,0.1541522890329361,-5.45127010345459,-3.64615797996521,-4.2184882164001465,-1.1467820405960083,-2.207925081253052,-6.945489883422852,-7.304794311523437,-18.01937484741211,-7.78350305557251,0.6994376182556152,1.8713374137878416,1.480807900428772,-2.30932354927063,-8.436018943786621,-0.3159809112548828,0.540113091468811,13.884917259216309,13.293943405151367,2.186439037322998,-10.82436180114746,-0.6944410800933838,-7.371833801269531,-2.7344870567321777,-11.571353912353516,-2.132274627685547,-1.0,1.5682017240669948
OXYR_HUMAN,CHEMBL3354574,CCC(C)C1NC(=O)C(Cc2ccc(O)cc2)NC(=O)CCSSCC(C(=O)N(CCN2CCOCC2)CC(=O)NC(CC(C)C)C(=O)NCC(N)=O)NC(=O)C(CC(N)=O)NC(=O)C(CCC(N)=O)NC1=O,0,0,0,0,0,0,0,0,0,0,0,0,0,0,0,0,0,0,0,0,0,0,0,0,0,0,0,0,0,0,0,0,0,0,0,0,0,0,0,0,0,0,0,0,0,0,0,0,0,0,0,0,0,0,0,0,0,0,0,0,0,0,0,0,0,0,0,0,0,0,0,0,0,0,0,0,0,0,0,0,0,0,0,0,0,0,0,0,0,0,0,0,0,0,0,0,0,0,0,0,0,0,0,0,0,0,0,0,0,0,0,0,0,0,0,0,0,0,0,0,0,0,0,0,0,0,0,0,0,0,0,0,0,0,0,0,0,0,0,0,0,0,0,0,0,0,0,0,0,0,0,0,0,0,0,0,0,0,0,0,0,0,0,0,0,0,0,0,0,0,0,0,0,0,0,0,0,0,0,0,0,0,0,0,0,2,4,1,2,2,2,2,3,2,3,2,4,2,2,3,2,0,0,0,0,0,0,0,0,0,0,0,0,0,0,0,0,3,2,2,1,0,0,0,0,0,0,0,0,0,0,0,0,0,0,0,0,0,1,1,2,4,1,3,0,0,0,0,0,0,0,0,0,0,0,5,3,0,0,0,0,0,0,0,0,0,0,0,0,0,0,0,0,0,0,0,0,0,0,0,0,0,0,0,0,0,0,0,0,0,0,0,0,0,0,0,0,0,0,0,0,0,0,0,0,0,0,0,0,0,0,0,0,0,0,0,0,0,0,0,0,0,0,0,0,0,0,0,0,0,0,0,0,0,0,0,0,0,0,0,0,0,0,0,0,0,0,0,0,0,0,0,0,0,0,0,0,0,0,0,0,0,0,0,0,0,0,0,0,0,0,0,0,0,0,0,0,0,0,0,0,0,0,0,0,0,0,0,0,0,0,0,0,0,0,0,0,0,0,0,0,0,0,0,0,0,0,0,0,0,0,0,0,0,0,0,0,0,0,0,0,0,0,0,0,0,0,0,0,0,0,0,0,2,1,1,1,5,5,3,0,0,0,0,0,0,0,0,0,0,0,0,0,0,0,0,0,0,0,0,0,0,0,0,0,0,0,0,0,0,0,0,0,0,0,0,0,0,0,0,0,0,0,0,0,0,0,0,0,0,0,0,0,0,0,0,0,0,0,0,0,0,0,0,0,0,0,0,0,0,0,0,0,0,0,0,0,0,0,0,0,0,0,0,0,0,0,0,0,0,0,0,0,0,0,0,0,0,0,0,0,0,0,0,0,0,0,0,0,0,0,0,0,0,0,0,0,0,0,0,0,0,0,0,0,0,0,0,0,0,0,0,0,0,0,0,0,0,0,0,0,0,0,0,0,0,0,0,0,4,2,2,2,5,2,4,2,0,0,0,0,0,0,0,0,0,0,0,0,0,0,0,0,0,2,2,2,1,2,0,2,2,0,0,0,0,0,0,0,0,0,0,0,2,2,2,2,3,1,3,2,1,0,0,0,0,0,0,2,2,2,2,2,0,0,5,0,0,0,0,3,3,0,0,0,0,0,0,0,0,0,0,0,5,3,5,5,0,0,0,0,0,3,0,0,0,0,0,0,0,5,2,2,2,2,2,5,0,0,0,0,0,0,0,0,0,0,0,0,0,0,0,5,2,3,0,2,2,4,0,0,0,0,0,0,0,0,0,0,0,0,0,0,0,0,0,0,0,0,0,0,0,0,0,0,0,0,0,0,0,0,2,2,2,2,2,2,3,2,2,0,0,0,0,0,0,0,0,0,0,0,0,0,0,0,0,0,0,0,0,0,0,0,0,1,3,2,2,0,0,0,0,0,0,0,0,0,0,0,0,0,0,0,0,0,0,0,0,0,0,0,0,0,0,0,0,0,2,4,2,3,2,5,2,2,1,0,1,4,2,0,0,0,0,0,2,1,0,0,0,0,0,0,0,0,0,0,0,0,0,0,0,0,0,0,0,0,0,0,0,0,0,0,0,0,0,0,0,0,0,0,0,0,0,0,0,0,0,0,0,0,0,0,0,5,0,2,2,5,0,2,2,3,2,2,1,2,2,2,0,0,0,3,3,2,2,0,0,0,0,0,0,0,0,0,0,0,0,2,2,0,0,0,0,0,0,0,0,0,0,0,0,0,0,0,0,0,0,0,0,0,0,0,0,0,0,0,0,0,0,0,2,2,3,2,4,5,0,0,0,0,0,0,0,0,0,0,0,0,0,0,0,0,0,0,0,0,0,0,0,0,0,0,0,0,0,0,0,0,0,0,1,0,0,0,0,0,0,0,0,0,0,0,0,0,0,0,0,0,0,0,0,0,0,0,0,0,0,2,2,0,0,0,0,0,0,2,0,1,3,1,2,0,0,0,0,0,0,0,0,0,0,0,0,0,0,0,0,0,0,0,0,0,0,0,0,0,0,0,0,5,3,0,0,0,0,2,5,5,0,0,5,3,0,0,0,0,0,0,0,0,0,0,0,0,0,0,0,4,5,0,0,0,0,2,2,2,0,0,0,0,2,2,3,2,2,0,0,0,1,1,2,2,2,3,0,0,2,1,3,2,5,0,0,0,0,0,0,0,0,0,0,0,0,2,2,3,0,0,0,0,0,0,0,0,0,0,0,0,0,0,0,0,0,0,0,0,0,0,0,0,0,0,0,0,0,0,0,0,0,0,0,0,0,0,0,2,5,0,0,0,0,4,0,0,0,0,0,0,0,0,0,0,0,0,0,0,0,0,0,0,0,0,0,0,0,0,0,0,0,0,0,0,0,0,0,0,0,0,0,0,0,0,0,0,0,0,0,0,0,0,0,0,0,0,0,0,0,0,0,0,0,0,0,0,0,0,0,0,0,0,0,0,0,0,0,0,0,0,0,0,0,0,0,0,0,0,0,0,0,0,0,0,0,0,0,2,2,0,0,4,1,2,2,4,0,0,0,0,0,1,2,2,2,0,0,0,0,0,0,0,0,0,0,0,0,0,0,0,0,0,0,0,0,0,0,0,0,0,0,0,0,0,0,0,0,0,0,0,0,0,0,0,0,0,0,0,2,2,0,0,0,0,0,0,0,0,0,0,0,0,0,0,0,0,3,1,2,1,1,0,0,0,0,5,0,0,0,0,0,0,0,2,2,0,0,0,0,0,0,0,0,2,3,2,2,0,0,0,3,2,2,2,2,0,2,2,1,2,2,0,2,2,0,0,0,0,0,0,0,0,0,0,0,0,0,0,0,0,0,0,2,2,1,0,0,0,0,0,0,0,0,0,0,0,0,0,0,0,0,2,1,2,2,3,2,0,0,0,0,0,0,0,5,2,0,0,0,0,0,0,0,0,0,0,0,0,0,0,0,0,2,3,0,0,0,0,0,0,0,0,0,0,0,0,0,0,0,0,0,0,0,0,0,0,0,0,0,0,0,0,0,0,0,0,0,0,0,0,0,0,0,0,0,0,0,3,2,5,2,0,0,0,0,0,0,0,0,0,0,0,0,0,0,0,0,0,0,0,0,0,0,0,0,0,0,0,0,0,0,0,0,0,0,0,0,0,0,0,0,0,0,0,0,0,0,0,0,0,0,0,0,0,0,0,0,0,0,0,0,0,0,0,0,0,0,0,0,0,0,0,0,0,0,0,0,0,0,0,0,0,0,0,0,0,0,0,0,0,0,0,0,0,0,0,0,0,0,0,0,0,0,0,0,0,0,0,0,0,0,0,0,0,0,0,0,0,0,0,0,0,0,0,0,0,0,0,0,0,0,0,0,0,0,0,0,0,0,0,5,3,2,2,2,2,2,2,4,2,1,4,1,2,2,2,1,4,1,1,5,2,2,2,2,5,2,3,3,2,5,2,2,3,5,0,0,0,0,0,0,0,0,0,0,0,0,0,0,0,0,0,0,0,0,0,0,0,2,5,2,5,3,2,0,0,0,0,0,0,0,0,5,0,0,0,2,3,2,2,2,2,0,0,0,0,0,2,2,2,2,2,0,0,0,1,2,3,1,2,2,2,0,0,0,0,0,2,3,2,2,3,2,2,4,2,0,0,0,0,0,0,0,0,3,2,1,5,4,2,0,0,0,0,3,0,0,0,0,0,0,0,0,0,0,0,0,0,0,0,0,0,2,0,0,2,0,0,0,0,0,0,0,0,0,0,0,0,0,0,0,0,0,0,0,0,0,0,0,0,0,0,0,0,0,0,0,0,0,0,0,0,0,0,0,0,0,0,0,0,0,0,0,0,0,0,0,0,0,0,0,0,0,0,0,0,0,0,0,0,0,0,0,0,0,0,0,0,0,0,0,0,0,2,2,0,2,0,0,0,0,0,2,2,2,0,2,3,2,3,3,1,1,3,1,2,2,0,0,0,0,0,0,0,2,2,2,2,3,1,5,2,2,5,0,4,2,0,0,0,0,2,3,5,2,0,0,0,0,0,0,0,0,0,0,0,0,0,0,0,0,0,0,0,0,0,0,0,0,0,0,0,0,0,0,0,0,0,0,0,0,0,0,0,0,0,0,0,0,0,0,0,0,0,0,0,0,0,0,0,0,0,0,0,0,0,0,0,0,0,0,0,0,0,0,0,0,0,0,0,0,0,0,0,0,0,0,0,0,0,0,0,0,0,0,0,0,0,0,0,0,2,1,1,3,2,3,2,2,5,1,5,5,2,1,4,3,0,0,0,0,0,0,0,0,0,0,0,0,0,0,0,0,0,0,0,0,0,0,0,0,0,0,0,0,0,0,0,0,0,0,0,0,0,0,0,0,0,0,0,0,0,0,0,0,0,0,0,0,0,0,0,0,0,0,0,0,0,0,0,0,0,0,0,0,0,0,0,0,0,0,0,0,0,0,0,0,0,0,0,0,0,0,0,0,0,0,0,0,0,0,0,0,0,0,0,0,0,0,0,0,0,0,0,0,0,0,0,0,0,0,0,0,0,0,0,0,0,0,0,0,0,0,0,0,0,0,0,0,0,0,0,0,0,0,0,0,0,0,0,0,0,0,0,0,0,0,0,0,0,0,0,0,0,0,0,0,0,0,0,0,0,0,0,0,0,0,0,0,0,0,0,0,0,0,0,0,0,0,0,0,0,0,0,0,0,0,0,0,0,0,0,0,0,0,0,0,0,0,0,0,0,0,0,0,0,0,0,0,0,0,0,0,0,0,0,0,0,0,0,0,0,0,0,0,0,0,0,0,0,0,0,0,0,0,0,0,0,0,0,0,0,0,0,0,0,0,0,0,0,0,0,0,0,0,0,0,0,0,0,0,0,0,0,0,0,0,0,0,0,0,0,0,0,0,0,0,0,0,0,0,3,2,3,5,5,3,3,3,3,3,2,2,2,3,5,5,3,0,0,0,0,0,0,0,0,0,0,0,0,0,0,0,0,0,0,0,0,0,0,0,0,0,0,0,0,0,0,0,0,0,0,0,0,0,0,0,0,0,0,0,0,0,0,0,0,0,0,0,0,0,0,0,0,0,0,0,0,0,0,0,0,0,0,0,0,0,0,0,0,0,0,0,0,0,0,0,0,0,0,0,0,0,0,0,0,0,0,0,0,0,0,0,0,0,0,0,0,0,0,0,0,0,0,0,0,0,0,0,0,0,0,0,0,0,0,0,0,0,0,0,0,0,0,0,0,0,3,3,3,5,3,1,3,3,1,3,3,2,0,0,0,0,0,0,0,0,0,0,0,0,0,0,0,0,0,0,0,0,0,0,0,0,0,0,0,0,0,0,0,0,0,0,0,0,0,0,0,0,0,0,0,0,0,0,0,0,0,0,0,0,0,0,0,0,2.691777229309082,-7.651994228363037,-4.498692512512207,6.204433917999268,5.6168212890625,-15.970186233520508,-30.298677444458008,-5.216509342193604,23.78700828552246,-4.994785785675049,3.7735655307769775,23.222488403320312,-0.836562991142273,15.202200889587402,-33.32600784301758,-0.471107006072998,24.396068572998047,-30.62779426574707,-32.22507095336914,36.023372650146484,7.59735107421875,17.621524810791016,57.146087646484375,17.558748245239258,-17.1857852935791,5.049869060516357,-17.86610984802246,-37.1686897277832,2.634607315063477,-14.990829467773438,18.92780494689941,-9.576690673828123,-16.306331634521484,0.6306873559951782,-1.3317701816558838,9.81833839416504,2.178645610809326,-3.216804027557373,21.746362686157227,20.716211318969727,2.186565399169922,1.599418878555298,-6.059620380401611,-12.335360527038574,-27.372745513916016,19.214282989501957,11.599194526672363,39.68501663208008,-9.486309051513672,1.713642716407776,10.854940414428713,-27.356203079223636,1.662248134613037,-21.66301918029785,-35.751220703125,-23.120332717895508,-15.671015739440918,16.53112030029297,4.228774070739746,11.114567756652832,1.05253005027771,-17.574831008911133,-17.96987533569336,14.048868179321287,-43.56922912597656,3.388989210128784,19.486377716064453,11.75226879119873,-17.40359878540039,-2.246754646301269,-7.834832191467285,11.927125930786133,16.14369773864746,-33.90134048461914,-2.5156846046447754,6.8485026359558105,-28.84628295898437,1.4854621887207031,8.464655876159668,1.3002203702926636,18.42629051208496,2.8748035430908203,-9.72966766357422,-43.677581787109375,17.39842987060547,-13.8427734375,-10.012832641601562,8.25671672821045,9.529787063598633,-3.973065614700317,8.346936225891113,14.085683822631836,16.322996139526367,8.47224235534668,6.774006843566895,-4.964387893676758,19.468366622924805,12.052691459655762,16.488882064819336,-8.16431713104248,-6.366311073303223,-21.47766494750977,-25.471355438232425,-13.261736869812012,12.669870376586914,-32.27717971801758,-15.585359573364258,12.465885162353516,7.061444282531738,-22.78281021118164,-21.837791442871094,17.37607192993164,8.231855392456055,-12.616620063781738,-3.8082833290100098,-8.673504829406738,16.477739334106445,23.7189998626709,-3.2422187328338623,6.874695301055908,-15.833572387695312,15.337607383728027,-1.059092998504639,34.271080017089844,0.7338268756866455,-37.05668258666992,-31.07244682312012,2.729222297668457,-16.025827407836914,1.29422926902771,-1.1859629154205322,-1.4871902465820312,16.481660842895508,41.40187072753906,6.610747814178467,33.25859069824219,-0.5856024026870728,-8.718093872070312,18.4326171875,-14.025371551513672,25.84018325805664,-0.7170912623405457,-9.880895614624023,-4.884571552276611,14.668858528137209,4.472936630249023,6.467352867126465,6.99192476272583,14.5473051071167,35.14871597290039,-1.9904723167419436,16.721529006958008,16.866926193237305,-21.64779663085937,-6.444378852844238,1.8052020072937007,-18.58304214477539,-6.192962646484375,-0.72212815284729,-18.51460647583008,5.632301330566406,13.003520965576172,-13.885966300964355,6.263729572296143,16.569684982299805,-25.43521881103516,12.48556900024414,-9.760412216186523,4.122503280639648,19.022930145263672,-14.978235244750977,-19.57889938354492,38.612735748291016,-8.08407211303711,15.772085189819336,-3.484094858169556,14.448223114013672,-3.697448968887329,-14.010953903198242,25.05939674377441,-12.998124122619627,27.687580108642575,-1.5121618509292605,30.613666534423828,11.709742546081545,-11.20755386352539,1.23162043094635,3.1739304065704346,-9.201874732971191,-17.94712257385254,4.06615161895752,-7.164255142211914,-18.17729949951172,5.519182205200195,12.850765228271484,5.136667251586914,-0.3541294038295746,-30.02353286743164,-9.369446754455566,-7.954405784606934,1.4893875122070312,-6.971847534179688,10.16200065612793,-4.366501808166504,-5.454222679138184,-7.95196008682251,36.03468322753906,27.39786720275879,28.15433883666992,-15.628260612487791,33.198974609375,-1.623712420463562,34.992919921875,-16.366809844970703,12.180326461791992,-2.264422655105591,15.541138648986816,11.207863807678224,-10.51414680480957,16.211071014404297,10.608500480651855,-20.88939666748047,-9.97520923614502,2.0987441539764404,8.889213562011719,-13.439614295959473,-4.480459213256836,-3.1313397884368896,12.483379364013672,-26.50444984436035,7.233099937438965,-2.467975378036499,-21.534563064575195,-23.69733238220215,5.01898717880249,-27.66435432434082,-7.326489448547363,-8.710314750671387,-7.525192737579346,30.27384185791016,18.964719772338867,-28.418434143066406,21.39679718017578,-6.272720336914063,-5.887528419494629,24.403831481933597,-43.57742691040039,-17.529390335083008,2.038144826889038,11.160234451293944,-48.30359649658203,12.06672477722168,10.977728843688965,-7.61564826965332,-26.38099479675293,17.86761474609375,3.680262804031372,-19.646806716918945,32.88927459716797,-26.6495304107666,-9.238076210021973,9.694931030273438,3.189208030700684,18.42180824279785,-1.6196669340133667,-25.58987617492676,-12.923140525817873,3.1747148036956787,7.835488796234131,-21.005727767944336,1.2387322187423706,11.47130298614502,-13.28742790222168,3.132591962814331,-1.7200151681900024,-22.132566452026367,-9.46779727935791,-8.263126373291016,-12.131765365600586,20.76731300354004,-14.48566722869873,-19.607467651367188,-24.65479278564453,-15.448697090148926,-12.053057670593262,13.8178129196167,1.761299729347229,-1.3450990915298462,-10.975876808166504,-9.80688190460205,7.438656806945801,33.10944366455078,12.818893432617188,10.617948532104492,-30.43365859985352,-19.74103355407715,-17.47856903076172,-24.17039680480957,-42.81781005859375,-3.5096805095672607,1.0,1.0
OXYR_HUMAN,CHEMBL602641,COc1ccc(-n2c(C)nnc2N2CC(Oc3cc(F)ccc3C)C2)cn1,0,0,0,0,0,0,0,0,0,0,0,0,0,0,0,0,0,0,0,0,0,0,0,0,0,0,0,0,0,0,0,0,0,0,0,0,0,0,0,0,0,0,0,0,0,0,0,0,0,0,0,0,0,0,0,0,0,0,0,0,0,0,0,0,0,0,0,0,0,0,0,0,0,0,0,0,0,0,0,0,0,0,0,0,0,0,0,0,0,0,0,0,0,0,0,0,0,0,0,0,0,0,0,0,0,0,0,0,0,0,0,0,0,0,0,0,0,0,0,0,0,0,0,0,0,0,0,0,0,0,0,0,0,0,0,0,0,0,0,0,0,0,0,0,0,0,0,0,0,0,0,0,0,0,0,0,0,0,0,0,0,0,0,0,0,0,0,0,0,0,0,0,0,0,0,0,0,0,0,0,0,0,0,0,0,2,4,1,2,2,2,2,3,2,3,2,4,2,2,3,2,0,0,0,0,0,0,0,0,0,0,0,0,0,0,0,0,3,2,2,1,0,0,0,0,0,0,0,0,0,0,0,0,0,0,0,0,0,1,1,2,4,1,3,0,0,0,0,0,0,0,0,0,0,0,5,3,0,0,0,0,0,0,0,0,0,0,0,0,0,0,0,0,0,0,0,0,0,0,0,0,0,0,0,0,0,0,0,0,0,0,0,0,0,0,0,0,0,0,0,0,0,0,0,0,0,0,0,0,0,0,0,0,0,0,0,0,0,0,0,0,0,0,0,0,0,0,0,0,0,0,0,0,0,0,0,0,0,0,0,0,0,0,0,0,0,0,0,0,0,0,0,0,0,0,0,0,0,0,0,0,0,0,0,0,0,0,0,0,0,0,0,0,0,0,0,0,0,0,0,0,0,0,0,0,0,0,0,0,0,0,0,0,0,0,0,0,0,0,0,0,0,0,0,0,0,0,0,0,0,0,0,0,0,0,0,0,0,0,0,0,0,0,0,0,0,0,0,0,0,0,0,0,2,1,1,1,5,5,3,0,0,0,0,0,0,0,0,0,0,0,0,0,0,0,0,0,0,0,0,0,0,0,0,0,0,0,0,0,0,0,0,0,0,0,0,0,0,0,0,0,0,0,0,0,0,0,0,0,0,0,0,0,0,0,0,0,0,0,0,0,0,0,0,0,0,0,0,0,0,0,0,0,0,0,0,0,0,0,0,0,0,0,0,0,0,0,0,0,0,0,0,0,0,0,0,0,0,0,0,0,0,0,0,0,0,0,0,0,0,0,0,0,0,0,0,0,0,0,0,0,0,0,0,0,0,0,0,0,0,0,0,0,0,0,0,0,0,0,0,0,0,0,0,0,0,0,0,0,4,2,2,2,5,2,4,2,0,0,0,0,0,0,0,0,0,0,0,0,0,0,0,0,0,2,2,2,1,2,0,2,2,0,0,0,0,0,0,0,0,0,0,0,2,2,2,2,3,1,3,2,1,0,0,0,0,0,0,2,2,2,2,2,0,0,5,0,0,0,0,3,3,0,0,0,0,0,0,0,0,0,0,0,5,3,5,5,0,0,0,0,0,3,0,0,0,0,0,0,0,5,2,2,2,2,2,5,0,0,0,0,0,0,0,0,0,0,0,0,0,0,0,5,2,3,0,2,2,4,0,0,0,0,0,0,0,0,0,0,0,0,0,0,0,0,0,0,0,0,0,0,0,0,0,0,0,0,0,0,0,0,2,2,2,2,2,2,3,2,2,0,0,0,0,0,0,0,0,0,0,0,0,0,0,0,0,0,0,0,0,0,0,0,0,1,3,2,2,0,0,0,0,0,0,0,0,0,0,0,0,0,0,0,0,0,0,0,0,0,0,0,0,0,0,0,0,0,2,4,2,3,2,5,2,2,1,0,1,4,2,0,0,0,0,0,2,1,0,0,0,0,0,0,0,0,0,0,0,0,0,0,0,0,0,0,0,0,0,0,0,0,0,0,0,0,0,0,0,0,0,0,0,0,0,0,0,0,0,0,0,0,0,0,0,5,0,2,2,5,0,2,2,3,2,2,1,2,2,2,0,0,0,3,3,2,2,0,0,0,0,0,0,0,0,0,0,0,0,2,2,0,0,0,0,0,0,0,0,0,0,0,0,0,0,0,0,0,0,0,0,0,0,0,0,0,0,0,0,0,0,0,2,2,3,2,4,5,0,0,0,0,0,0,0,0,0,0,0,0,0,0,0,0,0,0,0,0,0,0,0,0,0,0,0,0,0,0,0,0,0,0,1,0,0,0,0,0,0,0,0,0,0,0,0,0,0,0,0,0,0,0,0,0,0,0,0,0,0,2,2,0,0,0,0,0,0,2,0,1,3,1,2,0,0,0,0,0,0,0,0,0,0,0,0,0,0,0,0,0,0,0,0,0,0,0,0,0,0,0,0,5,3,0,0,0,0,2,5,5,0,0,5,3,0,0,0,0,0,0,0,0,0,0,0,0,0,0,0,4,5,0,0,0,0,2,2,2,0,0,0,0,2,2,3,2,2,0,0,0,1,1,2,2,2,3,0,0,2,1,3,2,5,0,0,0,0,0,0,0,0,0,0,0,0,2,2,3,0,0,0,0,0,0,0,0,0,0,0,0,0,0,0,0,0,0,0,0,0,0,0,0,0,0,0,0,0,0,0,0,0,0,0,0,0,0,0,2,5,0,0,0,0,4,0,0,0,0,0,0,0,0,0,0,0,0,0,0,0,0,0,0,0,0,0,0,0,0,0,0,0,0,0,0,0,0,0,0,0,0,0,0,0,0,0,0,0,0,0,0,0,0,0,0,0,0,0,0,0,0,0,0,0,0,0,0,0,0,0,0,0,0,0,0,0,0,0,0,0,0,0,0,0,0,0,0,0,0,0,0,0,0,0,0,0,0,0,2,2,0,0,4,1,2,2,4,0,0,0,0,0,1,2,2,2,0,0,0,0,0,0,0,0,0,0,0,0,0,0,0,0,0,0,0,0,0,0,0,0,0,0,0,0,0,0,0,0,0,0,0,0,0,0,0,0,0,0,0,2,2,0,0,0,0,0,0,0,0,0,0,0,0,0,0,0,0,3,1,2,1,1,0,0,0,0,5,0,0,0,0,0,0,0,2,2,0,0,0,0,0,0,0,0,2,3,2,2,0,0,0,3,2,2,2,2,0,2,2,1,2,2,0,2,2,0,0,0,0,0,0,0,0,0,0,0,0,0,0,0,0,0,0,2,2,1,0,0,0,0,0,0,0,0,0,0,0,0,0,0,0,0,2,1,2,2,3,2,0,0,0,0,0,0,0,5,2,0,0,0,0,0,0,0,0,0,0,0,0,0,0,0,0,2,3,0,0,0,0,0,0,0,0,0,0,0,0,0,0,0,0,0,0,0,0,0,0,0,0,0,0,0,0,0,0,0,0,0,0,0,0,0,0,0,0,0,0,0,3,2,5,2,0,0,0,0,0,0,0,0,0,0,0,0,0,0,0,0,0,0,0,0,0,0,0,0,0,0,0,0,0,0,0,0,0,0,0,0,0,0,0,0,0,0,0,0,0,0,0,0,0,0,0,0,0,0,0,0,0,0,0,0,0,0,0,0,0,0,0,0,0,0,0,0,0,0,0,0,0,0,0,0,0,0,0,0,0,0,0,0,0,0,0,0,0,0,0,0,0,0,0,0,0,0,0,0,0,0,0,0,0,0,0,0,0,0,0,0,0,0,0,0,0,0,0,0,0,0,0,0,0,0,0,0,0,0,0,0,0,0,0,5,3,2,2,2,2,2,2,4,2,1,4,1,2,2,2,1,4,1,1,5,2,2,2,2,5,2,3,3,2,5,2,2,3,5,0,0,0,0,0,0,0,0,0,0,0,0,0,0,0,0,0,0,0,0,0,0,0,2,5,2,5,3,2,0,0,0,0,0,0,0,0,5,0,0,0,2,3,2,2,2,2,0,0,0,0,0,2,2,2,2,2,0,0,0,1,2,3,1,2,2,2,0,0,0,0,0,2,3,2,2,3,2,2,4,2,0,0,0,0,0,0,0,0,3,2,1,5,4,2,0,0,0,0,3,0,0,0,0,0,0,0,0,0,0,0,0,0,0,0,0,0,2,0,0,2,0,0,0,0,0,0,0,0,0,0,0,0,0,0,0,0,0,0,0,0,0,0,0,0,0,0,0,0,0,0,0,0,0,0,0,0,0,0,0,0,0,0,0,0,0,0,0,0,0,0,0,0,0,0,0,0,0,0,0,0,0,0,0,0,0,0,0,0,0,0,0,0,0,0,0,0,0,2,2,0,2,0,0,0,0,0,2,2,2,0,2,3,2,3,3,1,1,3,1,2,2,0,0,0,0,0,0,0,2,2,2,2,3,1,5,2,2,5,0,4,2,0,0,0,0,2,3,5,2,0,0,0,0,0,0,0,0,0,0,0,0,0,0,0,0,0,0,0,0,0,0,0,0,0,0,0,0,0,0,0,0,0,0,0,0,0,0,0,0,0,0,0,0,0,0,0,0,0,0,0,0,0,0,0,0,0,0,0,0,0,0,0,0,0,0,0,0,0,0,0,0,0,0,0,0,0,0,0,0,0,0,0,0,0,0,0,0,0,0,0,0,0,0,0,0,2,1,1,3,2,3,2,2,5,1,5,5,2,1,4,3,0,0,0,0,0,0,0,0,0,0,0,0,0,0,0,0,0,0,0,0,0,0,0,0,0,0,0,0,0,0,0,0,0,0,0,0,0,0,0,0,0,0,0,0,0,0,0,0,0,0,0,0,0,0,0,0,0,0,0,0,0,0,0,0,0,0,0,0,0,0,0,0,0,0,0,0,0,0,0,0,0,0,0,0,0,0,0,0,0,0,0,0,0,0,0,0,0,0,0,0,0,0,0,0,0,0,0,0,0,0,0,0,0,0,0,0,0,0,0,0,0,0,0,0,0,0,0,0,0,0,0,0,0,0,0,0,0,0,0,0,0,0,0,0,0,0,0,0,0,0,0,0,0,0,0,0,0,0,0,0,0,0,0,0,0,0,0,0,0,0,0,0,0,0,0,0,0,0,0,0,0,0,0,0,0,0,0,0,0,0,0,0,0,0,0,0,0,0,0,0,0,0,0,0,0,0,0,0,0,0,0,0,0,0,0,0,0,0,0,0,0,0,0,0,0,0,0,0,0,0,0,0,0,0,0,0,0,0,0,0,0,0,0,0,0,0,0,0,0,0,0,0,0,0,0,0,0,0,0,0,0,0,0,0,0,0,0,0,0,0,0,0,0,0,0,0,0,0,0,0,0,0,0,0,3,2,3,5,5,3,3,3,3,3,2,2,2,3,5,5,3,0,0,0,0,0,0,0,0,0,0,0,0,0,0,0,0,0,0,0,0,0,0,0,0,0,0,0,0,0,0,0,0,0,0,0,0,0,0,0,0,0,0,0,0,0,0,0,0,0,0,0,0,0,0,0,0,0,0,0,0,0,0,0,0,0,0,0,0,0,0,0,0,0,0,0,0,0,0,0,0,0,0,0,0,0,0,0,0,0,0,0,0,0,0,0,0,0,0,0,0,0,0,0,0,0,0,0,0,0,0,0,0,0,0,0,0,0,0,0,0,0,0,0,0,0,0,0,0,0,3,3,3,5,3,1,3,3,1,3,3,2,0,0,0,0,0,0,0,0,0,0,0,0,0,0,0,0,0,0,0,0,0,0,0,0,0,0,0,0,0,0,0,0,0,0,0,0,0,0,0,0,0,0,0,0,0,0,0,0,0,0,0,0,0,0,0,0,2.723513603210449,-6.6863861083984375,-2.9376962184906006,9.950666427612305,0.02251548320055,-0.8222897052764893,-10.615063667297363,-0.9025137424468994,7.824830532073975,2.0649056434631348,-2.107064723968506,0.253801167011261,-7.312878131866455,2.648281574249268,-6.086519718170166,-2.6269307136535645,4.784553527832031,-4.778278350830078,-2.0626354217529297,7.442116260528564,6.075750827789307,4.562965393066406,12.326568603515623,8.198381423950195,-9.169057846069336,-1.8163212537765503,-1.585044264793396,-9.261602401733398,2.058420181274414,-0.3114799857139587,11.897505760192873,-10.616384506225586,-6.586348056793213,-5.237791061401367,3.935631036758423,1.1165266036987305,-1.059020757675171,-1.9861739873886108,9.202279090881348,1.859249830245972,-2.294090747833252,-0.0211216211318969,-5.797298431396484,-0.4336320757865906,-11.05722427368164,4.139557838439941,-2.342123985290528,5.884540557861328,-7.63165283203125,8.830390930175781,5.831311225891113,-4.555680274963379,-1.4963250160217283,-8.908156394958496,-6.693809986114502,-6.098053932189941,-6.14164924621582,-0.2448327243328094,3.519526243209839,5.509506702423096,1.624282956123352,-9.815739631652832,-2.785158634185791,-0.2182492464780807,-18.36336898803711,-2.9839704036712646,8.756400108337402,-2.27996826171875,-1.6496671438217163,1.1145035028457642,-7.225879192352295,0.2141129970550537,9.170174598693848,-4.977357864379883,-0.6310110688209534,6.204898834228516,-7.130223274230957,1.5257573127746582,-3.3269190788269043,2.067769765853882,5.892946243286133,-0.1519030630588531,-4.307322978973389,-8.299527168273926,4.334619998931885,-2.505531072616577,-7.848544597625732,7.915959358215332,4.340944766998291,-0.5969071388244629,6.062044143676758,0.1159758865833282,4.573337078094482,3.806288242340088,3.730766534805298,-0.7261896133422852,2.0826637744903564,8.175403594970703,4.800274848937988,5.26264762878418,-8.801565170288086,-5.773441314697266,-4.5334954261779785,-13.156476020812988,4.766420841217041,-3.36611557006836,-1.2656660079956057,4.021054744720459,-1.4896903038024902,-5.051056861877441,-10.817888259887695,3.5163590908050537,3.174765110015869,-1.025423288345337,2.2672104835510254,-5.336729049682617,9.210084915161133,9.654146194458008,-3.753929615020752,5.22869873046875,-9.847907066345217,0.2229571640491485,-3.256906032562256,4.775315284729004,4.663593292236328,-9.357830047607422,-5.666282653808594,-1.9852190017700195,-6.3780598640441895,1.6906627416610718,-2.947328567504883,3.900987148284912,9.37167263031006,7.826022624969482,-2.2976503372192383,15.090253829956056,11.695560455322266,-0.2010919451713562,9.629176139831545,-3.524963617324829,6.25958776473999,-2.3566641807556152,-5.560155868530273,-1.8967238664627075,7.72141695022583,7.13682746887207,-0.7435234189033508,1.8743081092834477,-0.7914247512817383,5.639419078826904,10.38225269317627,1.6523563861846924,8.381587028503418,-2.114722490310669,-0.3835420608520508,3.558959484100342,-6.013708591461182,-4.714496612548828,0.3474326133728027,-4.424655437469482,-5.197131156921387,-5.997689247131348,-4.0206217765808105,-1.5528769493103027,0.4992923140525818,-9.82167625427246,1.08264422416687,-0.9301836490631104,-1.2898671627044678,4.985774517059326,-9.15366554260254,-6.21090841293335,9.363236427307127,0.6501335501670837,3.253746747970581,3.2547736167907715,5.269808292388916,-1.833248853683472,-0.4220736622810364,9.633455276489258,0.3694876432418823,5.172953605651856,-4.553615570068359,10.272666931152344,6.704319477081299,-2.0862178802490234,-3.3519365787506104,-5.2737135887146,-4.590820789337158,-1.9890788793563845,-2.165910005569458,0.2317879348993301,1.2512375116348269,1.3888216018676758,-1.761497139930725,1.053567886352539,-6.167805671691895,-11.165484428405762,-1.5822932720184326,2.3590087890625,5.560705661773682,4.360414505004883,4.962853908538818,3.590747117996216,7.238108158111572,-2.3890299797058105,11.333431243896484,5.606861114501953,9.781339645385742,-1.6497966051101685,9.218172073364258,-3.1178998947143555,6.046849250793457,-8.591517448425293,1.7970976829528809,0.1444116234779358,0.2286831885576248,5.777604579925537,-8.765385627746582,3.549949407577514,2.107109546661377,-8.4142484664917,-4.016716003417969,-0.1023842841386795,4.479761600494385,-2.2014284133911133,-5.019049644470215,0.114789567887783,3.392842054367065,-4.582766056060791,5.150033473968506,-1.3441684246063232,-5.057027816772461,-11.443342208862305,-3.348126173019409,-7.298845767974853,-4.459366321563721,0.3293257653713226,-5.529624938964844,8.522817611694336,5.541585445404053,-0.3943484723567962,4.388454914093018,1.8905953168869016,-5.027411937713623,3.714467763900757,-13.518479347229004,-8.988258361816406,-1.5593805313110352,-4.599003314971924,-14.828778266906738,4.274321556091309,-1.241548776626587,0.9610729217529296,-14.913630485534668,1.3204095363616943,2.604297637939453,-6.695398807525635,4.12070369720459,-5.441800117492676,2.622272729873657,5.915812015533447,7.799651145935059,10.916254997253418,5.420429229736328,-2.8339598178863525,-8.6339693069458,7.686300754547119,-2.041264772415161,-2.87507438659668,-3.725386381149292,2.6044485569000244,-3.060275077819824,1.978271722793579,-1.038282036781311,-5.093838691711426,-2.059697389602661,-1.2090777158737185,0.3523999452590942,-0.4530706405639648,-6.2503981590271,-5.967774868011475,-13.66159725189209,-7.5976338386535645,-1.1267513036727903,4.15926456451416,-0.5413389205932617,-0.6553526520729065,-4.697902202606201,1.3959823846817017,-1.7272076606750488,10.484103202819824,9.60866928100586,-3.6465697288513184,-8.853192329406738,-5.3604021072387695,-4.696410179138184,-3.547304153442383,-12.383050918579102,-2.1095690727233887,-1.0,1.6020599913279625
OXYR_HUMAN,CHEMBL3342790,O=S(=O)(Nc1ccnn1-c1ccccn1)c1ccc(C(F)(F)F)cc1,0,0,0,0,0,0,0,0,0,0,0,0,0,0,0,0,0,0,0,0,0,0,0,0,0,0,0,0,0,0,0,0,0,0,0,0,0,0,0,0,0,0,0,0,0,0,0,0,0,0,0,0,0,0,0,0,0,0,0,0,0,0,0,0,0,0,0,0,0,0,0,0,0,0,0,0,0,0,0,0,0,0,0,0,0,0,0,0,0,0,0,0,0,0,0,0,0,0,0,0,0,0,0,0,0,0,0,0,0,0,0,0,0,0,0,0,0,0,0,0,0,0,0,0,0,0,0,0,0,0,0,0,0,0,0,0,0,0,0,0,0,0,0,0,0,0,0,0,0,0,0,0,0,0,0,0,0,0,0,0,0,0,0,0,0,0,0,0,0,0,0,0,0,0,0,0,0,0,0,0,0,0,0,0,0,2,4,1,2,2,2,2,3,2,3,2,4,2,2,3,2,0,0,0,0,0,0,0,0,0,0,0,0,0,0,0,0,3,2,2,1,0,0,0,0,0,0,0,0,0,0,0,0,0,0,0,0,0,1,1,2,4,1,3,0,0,0,0,0,0,0,0,0,0,0,5,3,0,0,0,0,0,0,0,0,0,0,0,0,0,0,0,0,0,0,0,0,0,0,0,0,0,0,0,0,0,0,0,0,0,0,0,0,0,0,0,0,0,0,0,0,0,0,0,0,0,0,0,0,0,0,0,0,0,0,0,0,0,0,0,0,0,0,0,0,0,0,0,0,0,0,0,0,0,0,0,0,0,0,0,0,0,0,0,0,0,0,0,0,0,0,0,0,0,0,0,0,0,0,0,0,0,0,0,0,0,0,0,0,0,0,0,0,0,0,0,0,0,0,0,0,0,0,0,0,0,0,0,0,0,0,0,0,0,0,0,0,0,0,0,0,0,0,0,0,0,0,0,0,0,0,0,0,0,0,0,0,0,0,0,0,0,0,0,0,0,0,0,0,0,0,0,0,2,1,1,1,5,5,3,0,0,0,0,0,0,0,0,0,0,0,0,0,0,0,0,0,0,0,0,0,0,0,0,0,0,0,0,0,0,0,0,0,0,0,0,0,0,0,0,0,0,0,0,0,0,0,0,0,0,0,0,0,0,0,0,0,0,0,0,0,0,0,0,0,0,0,0,0,0,0,0,0,0,0,0,0,0,0,0,0,0,0,0,0,0,0,0,0,0,0,0,0,0,0,0,0,0,0,0,0,0,0,0,0,0,0,0,0,0,0,0,0,0,0,0,0,0,0,0,0,0,0,0,0,0,0,0,0,0,0,0,0,0,0,0,0,0,0,0,0,0,0,0,0,0,0,0,0,4,2,2,2,5,2,4,2,0,0,0,0,0,0,0,0,0,0,0,0,0,0,0,0,0,2,2,2,1,2,0,2,2,0,0,0,0,0,0,0,0,0,0,0,2,2,2,2,3,1,3,2,1,0,0,0,0,0,0,2,2,2,2,2,0,0,5,0,0,0,0,3,3,0,0,0,0,0,0,0,0,0,0,0,5,3,5,5,0,0,0,0,0,3,0,0,0,0,0,0,0,5,2,2,2,2,2,5,0,0,0,0,0,0,0,0,0,0,0,0,0,0,0,5,2,3,0,2,2,4,0,0,0,0,0,0,0,0,0,0,0,0,0,0,0,0,0,0,0,0,0,0,0,0,0,0,0,0,0,0,0,0,2,2,2,2,2,2,3,2,2,0,0,0,0,0,0,0,0,0,0,0,0,0,0,0,0,0,0,0,0,0,0,0,0,1,3,2,2,0,0,0,0,0,0,0,0,0,0,0,0,0,0,0,0,0,0,0,0,0,0,0,0,0,0,0,0,0,2,4,2,3,2,5,2,2,1,0,1,4,2,0,0,0,0,0,2,1,0,0,0,0,0,0,0,0,0,0,0,0,0,0,0,0,0,0,0,0,0,0,0,0,0,0,0,0,0,0,0,0,0,0,0,0,0,0,0,0,0,0,0,0,0,0,0,5,0,2,2,5,0,2,2,3,2,2,1,2,2,2,0,0,0,3,3,2,2,0,0,0,0,0,0,0,0,0,0,0,0,2,2,0,0,0,0,0,0,0,0,0,0,0,0,0,0,0,0,0,0,0,0,0,0,0,0,0,0,0,0,0,0,0,2,2,3,2,4,5,0,0,0,0,0,0,0,0,0,0,0,0,0,0,0,0,0,0,0,0,0,0,0,0,0,0,0,0,0,0,0,0,0,0,1,0,0,0,0,0,0,0,0,0,0,0,0,0,0,0,0,0,0,0,0,0,0,0,0,0,0,2,2,0,0,0,0,0,0,2,0,1,3,1,2,0,0,0,0,0,0,0,0,0,0,0,0,0,0,0,0,0,0,0,0,0,0,0,0,0,0,0,0,5,3,0,0,0,0,2,5,5,0,0,5,3,0,0,0,0,0,0,0,0,0,0,0,0,0,0,0,4,5,0,0,0,0,2,2,2,0,0,0,0,2,2,3,2,2,0,0,0,1,1,2,2,2,3,0,0,2,1,3,2,5,0,0,0,0,0,0,0,0,0,0,0,0,2,2,3,0,0,0,0,0,0,0,0,0,0,0,0,0,0,0,0,0,0,0,0,0,0,0,0,0,0,0,0,0,0,0,0,0,0,0,0,0,0,0,2,5,0,0,0,0,4,0,0,0,0,0,0,0,0,0,0,0,0,0,0,0,0,0,0,0,0,0,0,0,0,0,0,0,0,0,0,0,0,0,0,0,0,0,0,0,0,0,0,0,0,0,0,0,0,0,0,0,0,0,0,0,0,0,0,0,0,0,0,0,0,0,0,0,0,0,0,0,0,0,0,0,0,0,0,0,0,0,0,0,0,0,0,0,0,0,0,0,0,0,2,2,0,0,4,1,2,2,4,0,0,0,0,0,1,2,2,2,0,0,0,0,0,0,0,0,0,0,0,0,0,0,0,0,0,0,0,0,0,0,0,0,0,0,0,0,0,0,0,0,0,0,0,0,0,0,0,0,0,0,0,2,2,0,0,0,0,0,0,0,0,0,0,0,0,0,0,0,0,3,1,2,1,1,0,0,0,0,5,0,0,0,0,0,0,0,2,2,0,0,0,0,0,0,0,0,2,3,2,2,0,0,0,3,2,2,2,2,0,2,2,1,2,2,0,2,2,0,0,0,0,0,0,0,0,0,0,0,0,0,0,0,0,0,0,2,2,1,0,0,0,0,0,0,0,0,0,0,0,0,0,0,0,0,2,1,2,2,3,2,0,0,0,0,0,0,0,5,2,0,0,0,0,0,0,0,0,0,0,0,0,0,0,0,0,2,3,0,0,0,0,0,0,0,0,0,0,0,0,0,0,0,0,0,0,0,0,0,0,0,0,0,0,0,0,0,0,0,0,0,0,0,0,0,0,0,0,0,0,0,3,2,5,2,0,0,0,0,0,0,0,0,0,0,0,0,0,0,0,0,0,0,0,0,0,0,0,0,0,0,0,0,0,0,0,0,0,0,0,0,0,0,0,0,0,0,0,0,0,0,0,0,0,0,0,0,0,0,0,0,0,0,0,0,0,0,0,0,0,0,0,0,0,0,0,0,0,0,0,0,0,0,0,0,0,0,0,0,0,0,0,0,0,0,0,0,0,0,0,0,0,0,0,0,0,0,0,0,0,0,0,0,0,0,0,0,0,0,0,0,0,0,0,0,0,0,0,0,0,0,0,0,0,0,0,0,0,0,0,0,0,0,0,5,3,2,2,2,2,2,2,4,2,1,4,1,2,2,2,1,4,1,1,5,2,2,2,2,5,2,3,3,2,5,2,2,3,5,0,0,0,0,0,0,0,0,0,0,0,0,0,0,0,0,0,0,0,0,0,0,0,2,5,2,5,3,2,0,0,0,0,0,0,0,0,5,0,0,0,2,3,2,2,2,2,0,0,0,0,0,2,2,2,2,2,0,0,0,1,2,3,1,2,2,2,0,0,0,0,0,2,3,2,2,3,2,2,4,2,0,0,0,0,0,0,0,0,3,2,1,5,4,2,0,0,0,0,3,0,0,0,0,0,0,0,0,0,0,0,0,0,0,0,0,0,2,0,0,2,0,0,0,0,0,0,0,0,0,0,0,0,0,0,0,0,0,0,0,0,0,0,0,0,0,0,0,0,0,0,0,0,0,0,0,0,0,0,0,0,0,0,0,0,0,0,0,0,0,0,0,0,0,0,0,0,0,0,0,0,0,0,0,0,0,0,0,0,0,0,0,0,0,0,0,0,0,2,2,0,2,0,0,0,0,0,2,2,2,0,2,3,2,3,3,1,1,3,1,2,2,0,0,0,0,0,0,0,2,2,2,2,3,1,5,2,2,5,0,4,2,0,0,0,0,2,3,5,2,0,0,0,0,0,0,0,0,0,0,0,0,0,0,0,0,0,0,0,0,0,0,0,0,0,0,0,0,0,0,0,0,0,0,0,0,0,0,0,0,0,0,0,0,0,0,0,0,0,0,0,0,0,0,0,0,0,0,0,0,0,0,0,0,0,0,0,0,0,0,0,0,0,0,0,0,0,0,0,0,0,0,0,0,0,0,0,0,0,0,0,0,0,0,0,0,2,1,1,3,2,3,2,2,5,1,5,5,2,1,4,3,0,0,0,0,0,0,0,0,0,0,0,0,0,0,0,0,0,0,0,0,0,0,0,0,0,0,0,0,0,0,0,0,0,0,0,0,0,0,0,0,0,0,0,0,0,0,0,0,0,0,0,0,0,0,0,0,0,0,0,0,0,0,0,0,0,0,0,0,0,0,0,0,0,0,0,0,0,0,0,0,0,0,0,0,0,0,0,0,0,0,0,0,0,0,0,0,0,0,0,0,0,0,0,0,0,0,0,0,0,0,0,0,0,0,0,0,0,0,0,0,0,0,0,0,0,0,0,0,0,0,0,0,0,0,0,0,0,0,0,0,0,0,0,0,0,0,0,0,0,0,0,0,0,0,0,0,0,0,0,0,0,0,0,0,0,0,0,0,0,0,0,0,0,0,0,0,0,0,0,0,0,0,0,0,0,0,0,0,0,0,0,0,0,0,0,0,0,0,0,0,0,0,0,0,0,0,0,0,0,0,0,0,0,0,0,0,0,0,0,0,0,0,0,0,0,0,0,0,0,0,0,0,0,0,0,0,0,0,0,0,0,0,0,0,0,0,0,0,0,0,0,0,0,0,0,0,0,0,0,0,0,0,0,0,0,0,0,0,0,0,0,0,0,0,0,0,0,0,0,0,0,0,0,0,3,2,3,5,5,3,3,3,3,3,2,2,2,3,5,5,3,0,0,0,0,0,0,0,0,0,0,0,0,0,0,0,0,0,0,0,0,0,0,0,0,0,0,0,0,0,0,0,0,0,0,0,0,0,0,0,0,0,0,0,0,0,0,0,0,0,0,0,0,0,0,0,0,0,0,0,0,0,0,0,0,0,0,0,0,0,0,0,0,0,0,0,0,0,0,0,0,0,0,0,0,0,0,0,0,0,0,0,0,0,0,0,0,0,0,0,0,0,0,0,0,0,0,0,0,0,0,0,0,0,0,0,0,0,0,0,0,0,0,0,0,0,0,0,0,0,3,3,3,5,3,1,3,3,1,3,3,2,0,0,0,0,0,0,0,0,0,0,0,0,0,0,0,0,0,0,0,0,0,0,0,0,0,0,0,0,0,0,0,0,0,0,0,0,0,0,0,0,0,0,0,0,0,0,0,0,0,0,0,0,0,0,0,0,4.355648994445801,-5.069703102111816,-3.5787603855133057,8.010433197021484,-1.984037399291992,-1.3267582654953003,-11.515727043151855,0.3962039649486542,13.236366271972656,7.422189712524414,-7.364410400390625,-4.6937127113342285,-11.290267944335938,1.8812599182128904,-5.156933784484863,-2.769320011138916,4.548733711242676,-0.3884278535842895,-4.499966621398926,6.589999198913574,2.991008996963501,5.566606044769287,11.759528160095217,7.622531414031982,-11.13758945465088,-2.0469768047332764,2.559903144836426,-7.221375942230225,-0.8541863560676575,2.276557445526123,11.061519622802734,-6.794377326965332,-4.865288734436035,-4.394702911376953,4.713181972503662,0.288765549659729,3.8620920181274414,-1.577709436416626,9.77085781097412,2.86391544342041,-2.8157129287719727,-1.7196383476257324,-5.87170934677124,1.0163081884384155,-12.428338050842283,4.780215263366699,-4.397124767303467,5.958160400390625,-5.6229095458984375,5.429242134094238,7.411734104156494,-5.615738391876221,-6.447186470031738,-9.05685329437256,-2.9395878314971924,-9.427026748657228,-3.3609116077423096,0.7160473465919495,4.397579193115234,7.758204936981201,1.0329837799072266,-8.525944709777832,-0.2988174855709076,2.9015138149261475,-11.790620803833008,-1.352232813835144,8.373529434204102,1.186407208442688,-1.089668035507202,0.346576452255249,-5.0336761474609375,-0.4389687776565552,7.857457160949707,-5.7101569175720215,-0.8002650737762451,3.836115598678589,-1.4172334671020508,3.6970653533935542,-1.0053377151489258,3.4946224689483643,7.72057580947876,2.776932716369629,-5.443304538726807,-10.49726104736328,2.324388265609741,-4.053426742553711,-7.536748886108398,2.965078830718994,2.772104263305664,-3.8931498527526855,3.144534111022949,-0.748755693435669,4.2030110359191895,5.756746292114258,2.2935173511505127,-1.6312196254730225,0.7178714275360107,5.325631141662598,5.415200710296631,2.8731720447540283,-6.092509746551514,-5.049267768859863,-3.4317402839660645,-9.791245460510254,5.335634231567383,-4.894369602203369,-2.859336376190185,2.0993752479553223,0.292190670967102,-4.635695934295654,-14.388375282287598,-0.1153985559940338,2.333878517150879,-1.3906729221343994,-0.1460894644260406,-3.858695268630981,7.684237003326416,6.3518571853637695,-4.746792793273926,6.424954891204834,-9.82878303527832,1.879561424255371,-6.1631269454956055,4.784014225006104,2.9155149459838867,-5.070873260498047,-7.627730846405029,0.9106656908988952,-0.4704439342021942,1.1540664434432983,-3.4043004512786865,-0.121664322912693,9.581485748291016,9.103799819946287,-4.414507389068604,13.286172866821287,14.191102981567385,1.801743507385254,10.895877838134766,-1.7557779550552368,5.359331130981445,-3.771661520004273,-3.703010082244873,-0.6624050140380859,6.955277442932129,8.479169845581055,3.312875986099243,-0.3010107576847076,-0.9388955235481262,8.641655921936035,9.6475830078125,-0.0977278798818588,10.169836044311523,-2.5811588764190674,1.3830920457839966,2.340026378631592,-5.416868209838867,-3.568730354309082,2.3592369556427,-6.099208831787109,-4.866405010223389,-6.307286262512207,-7.6722307205200195,0.7043246030807495,1.26057231426239,-5.30456018447876,2.2675886154174805,-1.8991193771362305,-0.8727254271507263,2.094656229019165,-7.630821704864502,-4.951337814331055,9.67519474029541,0.0995823442935943,3.464745283126831,0.383277028799057,8.452545166015625,-2.850820779800415,-4.248355865478516,8.679435729980469,-1.8816230297088623,9.973503112792969,-6.592629909515381,7.74210262298584,9.53098964691162,-2.5993669033050537,-4.997282981872559,-5.619929313659668,-5.910202026367188,-4.960513114929199,-0.8489754796028137,-0.1748555302619934,-2.54826021194458,1.7904479503631592,3.469832181930542,-0.1632382571697235,-5.037703037261963,-10.662324905395508,-2.1600563526153564,-1.990114450454712,4.361144065856934,2.8480424880981445,6.850289344787598,3.223840951919556,5.014721870422363,-3.190247058868408,8.537946701049805,5.63695764541626,8.58594799041748,-2.1242165565490723,10.088433265686035,1.7305748462677002,4.617941856384277,-5.340653419494629,0.6914805769920349,1.9078153371810915,-2.471065759658813,6.103914737701416,-8.140304565429688,4.533979415893555,3.070251941680908,-6.614954471588135,-1.075792908668518,-0.4299693703651428,3.302844762802124,-7.692543029785156,-1.325116515159607,4.395941734313965,4.984821796417236,-7.758063316345215,6.599174499511719,-2.97369647026062,-4.621961116790772,-9.881429672241213,-2.4469223022460938,-2.0385308265686035,-4.276272296905518,-3.298428773880005,-6.991081237792969,9.044747352600098,0.8514310121536255,1.5839699506759644,2.4736974239349365,-0.2488452047109604,-6.595417022705078,1.78018057346344,-9.144102096557615,-7.828417301177978,-0.1308647096157074,-8.28373908996582,-15.560315132141112,0.8553692698478699,-1.8084383010864256,0.4687399566173553,-13.81661605834961,1.857308268547058,2.982924699783325,-6.019509315490723,5.810229301452637,-2.780847311019897,1.0760477781295776,5.673797607421875,8.036932945251465,10.339834213256836,3.128489255905152,-3.208130359649658,-6.033242225646973,4.228846073150635,-1.4562013149261477,-5.928071022033691,-3.898635149002075,2.4609532356262207,-1.0720763206481934,4.726731300354004,-2.828380584716797,-4.608942031860352,-5.536528587341309,1.8532133102416992,-0.8290836811065674,-1.0680058002471924,-5.263558387756348,-7.304347991943359,-18.422462463378903,-5.542017459869385,-1.9840834140777588,0.8444513082504272,1.3061861991882324,-4.008854866027832,-3.23983097076416,-0.5282204151153564,-2.7842605113983154,9.667036056518556,12.807616233825684,-1.196345329284668,-7.536675453186035,-0.9860926866531372,-2.3053884506225586,-3.09014630317688,-11.084875106811523,-1.7440757751464844,-1.0,-0.9999999999999998
