Protein_code1_0,Protein_code1_1,Protein_code1_2,Protein_code1_3,Protein_code1_4,Protein_code1_5,Protein_code1_6,Protein_code1_7,Protein_code1_8,Protein_code1_9,Protein_code1_10,Protein_code1_11,Protein_code1_12,Protein_code1_13,Protein_code1_14,Protein_code1_15,Protein_code1_16,Protein_code1_17,Protein_code1_18,Protein_code1_19,Protein_code1_20,Protein_code1_21,Protein_code1_22,Protein_code1_23,Protein_code1_24,Protein_code1_25,Protein_code1_26,Protein_code1_27,Protein_code1_28,Protein_code1_29,Protein_code1_30,Protein_code1_31,Protein_code1_32,Protein_code1_33,Protein_code1_34,Protein_code1_35,Protein_code1_36,Protein_code1_37,Protein_code1_38,Protein_code1_39,Protein_code1_40,Protein_code1_41,Protein_code1_42,Protein_code1_43,Protein_code1_44,Protein_code1_45,Protein_code1_46,Protein_code1_47,Protein_code1_48,Protein_code1_49,Protein_code1_50,Protein_code1_51,Protein_code1_52,Protein_code1_53,Protein_code1_54,Protein_code1_55,Protein_code1_56,Protein_code1_57,Protein_code1_58,Protein_code1_59,Protein_code1_60,Protein_code1_61,Protein_code1_62,Protein_code1_63,Protein_code1_64,Protein_code1_65,Protein_code1_66,Protein_code1_67,Protein_code1_68,Protein_code1_69,Protein_code1_70,Protein_code1_71,Protein_code1_72,Protein_code1_73,Protein_code1_74,Protein_code1_75,Protein_code1_76,Protein_code1_77,Protein_code1_78,Protein_code1_79,Protein_code1_80,Protein_code1_81,Protein_code1_82,Protein_code1_83,Protein_code1_84,Protein_code1_85,Protein_code1_86,Protein_code1_87,Protein_code1_88,Protein_code1_89,Protein_code1_90,Protein_code1_91,Protein_code1_92,Protein_code1_93,Protein_code1_94,Protein_code1_95,Protein_code1_96,Protein_code1_97,Protein_code1_98,Protein_code1_99,Protein_code1_100,Protein_code1_101,Protein_code1_102,Protein_code1_103,Protein_code1_104,Protein_code1_105,Protein_code1_106,Protein_code1_107,Protein_code1_108,Protein_code1_109,Protein_code1_110,Protein_code1_111,Protein_code1_112,Protein_code1_113,Protein_code1_114,Protein_code1_115,Protein_code1_116,Protein_code1_117,Protein_code1_118,Protein_code1_119,Protein_code1_120,Protein_code1_121,Protein_code1_122,Protein_code1_123,Protein_code1_124,Protein_code1_125,Protein_code1_126,Protein_code1_127,Protein_code1_128,Protein_code1_129,Protein_code1_130,Protein_code1_131,Protein_code1_132,Protein_code1_133,Protein_code1_134,Protein_code1_135,Protein_code1_136,Protein_code1_137,Protein_code1_138,Protein_code1_139,Protein_code1_140,Protein_code1_141,Protein_code1_142,Protein_code1_143,Protein_code1_144,Protein_code1_145,Protein_code1_146,Protein_code1_147,Protein_code1_148,Protein_code1_149,Protein_code1_150,Protein_code1_151,Protein_code1_152,Protein_code1_153,Protein_code1_154,Protein_code1_155,Protein_code1_156,Protein_code1_157,Protein_code1_158,Protein_code1_159,Protein_code1_160,Protein_code1_161,Protein_code1_162,Protein_code1_163,Protein_code1_164,Protein_code1_165,Protein_code1_166,Protein_code1_167,Protein_code1_168,Protein_code1_169,Protein_code1_170,Protein_code1_171,Protein_code1_172,Protein_code1_173,Protein_code1_174,Protein_code1_175,Protein_code1_176,Protein_code1_177,Protein_code1_178,Protein_code1_179,Protein_code1_180,Protein_code1_181,Protein_code1_182,Protein_code1_183,Protein_code1_184,Protein_code1_185,Protein_code1_186,Protein_code1_187,Protein_code1_188,Protein_code1_189,Protein_code1_190,Protein_code1_191,Protein_code1_192,Protein_code1_193,Protein_code1_194,Protein_code1_195,Protein_code1_196,Protein_code1_197,Protein_code1_198,Protein_code1_199,Protein_code1_200,Protein_code1_201,Protein_code1_202,Protein_code1_203,Protein_code1_204,Protein_code1_205,Protein_code1_206,Protein_code1_207,Protein_code1_208,Protein_code1_209,Protein_code1_210,Protein_code1_211,Protein_code1_212,Protein_code1_213,Protein_code1_214,Protein_code1_215,Protein_code1_216,Protein_code1_217,Protein_code1_218,Protein_code1_219,Protein_code1_220,Protein_code1_221,Protein_code1_222,Protein_code1_223,Protein_code1_224,Protein_code1_225,Protein_code1_226,Protein_code1_227,Protein_code1_228,Protein_code1_229,Protein_code1_230,Protein_code1_231,Protein_code1_232,Protein_code1_233,Protein_code1_234,Protein_code1_235,Protein_code1_236,Protein_code1_237,Protein_code1_238,Protein_code1_239,Protein_code1_240,Protein_code1_241,Protein_code1_242,Protein_code1_243,Protein_code1_244,Protein_code1_245,Protein_code1_246,Protein_code1_247,Protein_code1_248,Protein_code1_249,Protein_code1_250,Protein_code1_251,Protein_code1_252,Protein_code1_253,Protein_code1_254,Protein_code1_255,Protein_code1_256,Protein_code1_257,Protein_code1_258,Protein_code1_259,Protein_code1_260,Protein_code1_261,Protein_code1_262,Protein_code1_263,Protein_code1_264,Protein_code1_265,Protein_code1_266,Protein_code1_267,Protein_code1_268,Protein_code1_269,Protein_code1_270,Protein_code1_271,Protein_code1_272,Protein_code1_273,Protein_code1_274,Protein_code1_275,Protein_code1_276,Protein_code1_277,Protein_code1_278,Protein_code1_279,Protein_code1_280,Protein_code1_281,Protein_code1_282,Protein_code1_283,Protein_code1_284,Protein_code1_285,Protein_code1_286,Protein_code1_287,Protein_code1_288,Protein_code1_289,Protein_code1_290,Protein_code1_291,Protein_code1_292,Protein_code1_293,Protein_code1_294,Protein_code1_295,Protein_code1_296,Protein_code1_297,Protein_code1_298,Protein_code1_299,Protein_code1_300,Protein_code1_301,Protein_code1_302,Protein_code1_303,Protein_code1_304,Protein_code1_305,Protein_code1_306,Protein_code1_307,Protein_code1_308,Protein_code1_309,Protein_code1_310,Protein_code1_311,Protein_code1_312,Protein_code1_313,Protein_code1_314,Protein_code1_315,Protein_code1_316,Protein_code1_317,Protein_code1_318,Protein_code1_319,Protein_code1_320,Protein_code1_321,Protein_code1_322,Protein_code1_323,Protein_code1_324,Protein_code1_325,Protein_code1_326,Protein_code1_327,Protein_code1_328,Protein_code1_329,Protein_code1_330,Protein_code1_331,Protein_code1_332,Protein_code1_333,Protein_code1_334,Protein_code1_335,Protein_code1_336,Protein_code1_337,Protein_code1_338,Protein_code1_339,Protein_code1_340,Protein_code1_341,Protein_code1_342,Protein_code1_343,Protein_code1_344,Protein_code1_345,Protein_code1_346,Protein_code1_347,Protein_code1_348,Protein_code1_349,Protein_code1_350,Protein_code1_351,Protein_code1_352,Protein_code1_353,Protein_code1_354,Protein_code1_355,Protein_code1_356,Protein_code1_357,Protein_code1_358,Protein_code1_359,Protein_code1_360,Protein_code1_361,Protein_code1_362,Protein_code1_363,Protein_code1_364,Protein_code1_365,Protein_code1_366,Protein_code1_367,Protein_code1_368,Protein_code1_369,Protein_code1_370,Protein_code1_371,Protein_code1_372,Protein_code1_373,Protein_code1_374,Protein_code1_375,Protein_code1_376,Protein_code1_377,Protein_code1_378,Protein_code1_379,Protein_code1_380,Protein_code1_381,Protein_code1_382,Protein_code1_383,Protein_code1_384,Protein_code1_385,Protein_code1_386,Protein_code1_387,Protein_code1_388,Protein_code1_389,Protein_code1_390,Protein_code1_391,Protein_code1_392,Protein_code1_393,Protein_code1_394,Protein_code1_395,Protein_code1_396,Protein_code1_397,Protein_code1_398,Protein_code1_399,Protein_code1_400,Protein_code1_401,Protein_code1_402,Protein_code1_403,Protein_code1_404,Protein_code1_405,Protein_code1_406,Protein_code1_407,Protein_code1_408,Protein_code1_409,Protein_code1_410,Protein_code1_411,Protein_code1_412,Protein_code1_413,Protein_code1_414,Protein_code1_415,Protein_code1_416,Protein_code1_417,Protein_code1_418,Protein_code1_419,Protein_code1_420,Protein_code1_421,Protein_code1_422,Protein_code1_423,Protein_code1_424,Protein_code1_425,Protein_code1_426,Protein_code1_427,Protein_code1_428,Protein_code1_429,Protein_code1_430,Protein_code1_431,Protein_code1_432,Protein_code1_433,Protein_code1_434,Protein_code1_435,Protein_code1_436,Protein_code1_437,Protein_code1_438,Protein_code1_439,Protein_code1_440,Protein_code1_441,Protein_code1_442,Protein_code1_443,Protein_code1_444,Protein_code1_445,Protein_code1_446,Protein_code1_447,Protein_code1_448,Protein_code1_449,Protein_code1_450,Protein_code1_451,Protein_code1_452,Protein_code1_453,Protein_code1_454,Protein_code1_455,Protein_code1_456,Protein_code1_457,Protein_code1_458,Protein_code1_459,Protein_code1_460,Protein_code1_461,Protein_code1_462,Protein_code1_463,Protein_code1_464,Protein_code1_465,Protein_code1_466,Protein_code1_467,Protein_code1_468,Protein_code1_469,Protein_code1_470,Protein_code1_471,Protein_code1_472,Protein_code1_473,Protein_code1_474,Protein_code1_475,Protein_code1_476,Protein_code1_477,Protein_code1_478,Protein_code1_479,Protein_code1_480,Protein_code1_481,Protein_code1_482,Protein_code1_483,Protein_code1_484,Protein_code1_485,Protein_code1_486,Protein_code1_487,Protein_code1_488,Protein_code1_489,Protein_code1_490,Protein_code1_491,Protein_code1_492,Protein_code1_493,Protein_code1_494,Protein_code1_495,Protein_code1_496,Protein_code1_497,Protein_code1_498,Protein_code1_499,Protein_code1_500,Protein_code1_501,Protein_code1_502,Protein_code1_503,Protein_code1_504,Protein_code1_505,Protein_code1_506,Protein_code1_507,Protein_code1_508,Protein_code1_509,Protein_code1_510,Protein_code1_511,Protein_code1_512,Protein_code1_513,Protein_code1_514,Protein_code1_515,Protein_code1_516,Protein_code1_517,Protein_code1_518,Protein_code1_519,Protein_code1_520,Protein_code1_521,Protein_code1_522,Protein_code1_523,Protein_code1_524,Protein_code1_525,Protein_code1_526,Protein_code1_527,Protein_code1_528,Protein_code1_529,Protein_code1_530,Protein_code1_531,Protein_code1_532,Protein_code1_533,Protein_code1_534,Protein_code1_535,Protein_code1_536,Protein_code1_537,Protein_code1_538,Protein_code1_539,Protein_code1_540,Protein_code1_541,Protein_code1_542,Protein_code1_543,Protein_code1_544,Protein_code1_545,Protein_code1_546,Protein_code1_547,Protein_code1_548,Protein_code1_549,Protein_code1_550,Protein_code1_551,Protein_code1_552,Protein_code1_553,Protein_code1_554,Protein_code1_555,Protein_code1_556,Protein_code1_557,Protein_code1_558,Protein_code1_559,Protein_code1_560,Protein_code1_561,Protein_code1_562,Protein_code1_563,Protein_code1_564,Protein_code1_565,Protein_code1_566,Protein_code1_567,Protein_code1_568,Protein_code1_569,Protein_code1_570,Protein_code1_571,Protein_code1_572,Protein_code1_573,Protein_code1_574,Protein_code1_575,Protein_code1_576,Protein_code1_577,Protein_code1_578,Protein_code1_579,Protein_code1_580,Protein_code1_581,Protein_code1_582,Protein_code1_583,Protein_code1_584,Protein_code1_585,Protein_code1_586,Protein_code1_587,Protein_code1_588,Protein_code1_589,Protein_code1_590,Protein_code1_591,Protein_code1_592,Protein_code1_593,Protein_code1_594,Protein_code1_595,Protein_code1_596,Protein_code1_597,Protein_code1_598,Protein_code1_599,Protein_code1_600,Protein_code1_601,Protein_code1_602,Protein_code1_603,Protein_code1_604,Protein_code1_605,Protein_code1_606,Protein_code1_607,Protein_code1_608,Protein_code1_609,Protein_code1_610,Protein_code1_611,Protein_code1_612,Protein_code1_613,Protein_code1_614,Protein_code1_615,Protein_code1_616,Protein_code1_617,Protein_code1_618,Protein_code1_619,Protein_code1_620,Protein_code1_621,Protein_code1_622,Protein_code1_623,Protein_code1_624,Protein_code1_625,Protein_code1_626,Protein_code1_627,Protein_code1_628,Protein_code1_629,Protein_code1_630,Protein_code1_631,Protein_code1_632,Protein_code1_633,Protein_code1_634,Protein_code1_635,Protein_code1_636,Protein_code1_637,Protein_code1_638,Protein_code1_639,Protein_code1_640,Protein_code1_641,Protein_code1_642,Protein_code1_643,Protein_code1_644,Protein_code1_645,Protein_code1_646,Protein_code1_647,Protein_code1_648,Protein_code1_649,Protein_code1_650,Protein_code1_651,Protein_code1_652,Protein_code1_653,Protein_code1_654,Protein_code1_655,Protein_code1_656,Protein_code1_657,Protein_code1_658,Protein_code1_659,Protein_code1_660,Protein_code1_661,Protein_code1_662,Protein_code1_663,Protein_code1_664,Protein_code1_665,Protein_code1_666,Protein_code1_667,Protein_code1_668,Protein_code1_669,Protein_code1_670,Protein_code1_671,Protein_code1_672,Protein_code1_673,Protein_code1_674,Protein_code1_675,Protein_code1_676,Protein_code1_677,Protein_code1_678,Protein_code1_679,Protein_code1_680,Protein_code1_681,Protein_code1_682,Protein_code1_683,Protein_code1_684,Protein_code1_685,Protein_code1_686,Protein_code1_687,Protein_code1_688,Protein_code1_689,Protein_code1_690,Protein_code1_691,Protein_code1_692,Protein_code1_693,Protein_code1_694,Protein_code1_695,Protein_code1_696,Protein_code1_697,Protein_code1_698,Protein_code1_699,Protein_code1_700,Protein_code1_701,Protein_code1_702,Protein_code1_703,Protein_code1_704,Protein_code1_705,Protein_code1_706,Protein_code1_707,Protein_code1_708,Protein_code1_709,Protein_code1_710,Protein_code1_711,Protein_code1_712,Protein_code1_713,Protein_code1_714,Protein_code1_715,Protein_code1_716,Protein_code1_717,Protein_code1_718,Protein_code1_719,Protein_code1_720,Protein_code1_721,Protein_code1_722,Protein_code1_723,Protein_code1_724,Protein_code1_725,Protein_code1_726,Protein_code1_727,Protein_code1_728,Protein_code1_729,Protein_code1_730,Protein_code1_731,Protein_code1_732,Protein_code1_733,Protein_code1_734,Protein_code1_735,Protein_code1_736,Protein_code1_737,Protein_code1_738,Protein_code1_739,Protein_code1_740,Protein_code1_741,Protein_code1_742,Protein_code1_743,Protein_code1_744,Protein_code1_745,Protein_code1_746,Protein_code1_747,Protein_code1_748,Protein_code1_749,Protein_code1_750,Protein_code1_751,Protein_code1_752,Protein_code1_753,Protein_code1_754,Protein_code1_755,Protein_code1_756,Protein_code1_757,Protein_code1_758,Protein_code1_759,Protein_code1_760,Protein_code1_761,Protein_code1_762,Protein_code1_763,Protein_code1_764,Protein_code1_765,Protein_code1_766,Protein_code1_767,Protein_code1_768,Protein_code1_769,Protein_code1_770,Protein_code1_771,Protein_code1_772,Protein_code1_773,Protein_code1_774,Protein_code1_775,Protein_code1_776,Protein_code1_777,Protein_code1_778,Protein_code1_779,Protein_code1_780,Protein_code1_781,Protein_code1_782,Protein_code1_783,Protein_code1_784,Protein_code1_785,Protein_code1_786,Protein_code1_787,Protein_code1_788,Protein_code1_789,Protein_code1_790,Protein_code1_791,Protein_code1_792,Protein_code1_793,Protein_code1_794,Protein_code1_795,Protein_code1_796,Protein_code1_797,Protein_code1_798,Protein_code1_799,Protein_code1_800,Protein_code1_801,Protein_code1_802,Protein_code1_803,Protein_code1_804,Protein_code1_805,Protein_code1_806,Protein_code1_807,Protein_code1_808,Protein_code1_809,Protein_code1_810,Protein_code1_811,Protein_code1_812,Protein_code1_813,Protein_code1_814,Protein_code1_815,Protein_code1_816,Protein_code1_817,Protein_code1_818,Protein_code1_819,Protein_code1_820,Protein_code1_821,Protein_code1_822,Protein_code1_823,Protein_code1_824,Protein_code1_825,Protein_code1_826,Protein_code1_827,Protein_code1_828,Protein_code1_829,Protein_code1_830,Protein_code1_831,Protein_code1_832,Protein_code1_833,Protein_code1_834,Protein_code1_835,Protein_code1_836,Protein_code1_837,Protein_code1_838,Protein_code1_839,Protein_code1_840,Protein_code1_841,Protein_code1_842,Protein_code1_843,Protein_code1_844,Protein_code1_845,Protein_code1_846,Protein_code1_847,Protein_code1_848,Protein_code1_849,Protein_code1_850,Protein_code1_851,Protein_code1_852,Protein_code1_853,Protein_code1_854,Protein_code1_855,Protein_code1_856,Protein_code1_857,Protein_code1_858,Protein_code1_859,Protein_code1_860,Protein_code1_861,Protein_code1_862,Protein_code1_863,Protein_code1_864,Protein_code1_865,Protein_code1_866,Protein_code1_867,Protein_code1_868,Protein_code1_869,Protein_code1_870,Protein_code1_871,Protein_code1_872,Protein_code1_873,Protein_code1_874,Protein_code1_875,Protein_code1_876,Protein_code1_877,Protein_code1_878,Protein_code1_879,Protein_code1_880,Protein_code1_881,Protein_code1_882,Protein_code1_883,Protein_code1_884,Protein_code1_885,Protein_code1_886,Protein_code1_887,Protein_code1_888,Protein_code1_889,Protein_code1_890,Protein_code1_891,Protein_code1_892,Protein_code1_893,Protein_code1_894,Protein_code1_895,Protein_code1_896,Protein_code1_897,Protein_code1_898,Protein_code1_899,Protein_code1_900,Protein_code1_901,Protein_code1_902,Protein_code1_903,Protein_code1_904,Protein_code1_905,Protein_code1_906,Protein_code1_907,Protein_code1_908,Protein_code1_909,Protein_code1_910,Protein_code1_911,Protein_code1_912,Protein_code1_913,Protein_code1_914,Protein_code1_915,Protein_code1_916,Protein_code1_917,Protein_code1_918,Protein_code1_919,Protein_code1_920,Protein_code1_921,Protein_code1_922,Protein_code1_923,Protein_code1_924,Protein_code1_925,Protein_code1_926,Protein_code1_927,Protein_code1_928,Protein_code1_929,Protein_code1_930,Protein_code1_931,Protein_code1_932,Protein_code1_933,Protein_code1_934,Protein_code1_935,Protein_code1_936,Protein_code1_937,Protein_code1_938,Protein_code1_939,Protein_code1_940,Protein_code1_941,Protein_code1_942,Protein_code1_943,Protein_code1_944,Protein_code1_945,Protein_code1_946,Protein_code1_947,Protein_code1_948,Protein_code1_949,Protein_code1_950,Protein_code1_951,Protein_code1_952,Protein_code1_953,Protein_code1_954,Protein_code1_955,Protein_code1_956,Protein_code1_957,Protein_code1_958,Protein_code1_959,Protein_code1_960,Protein_code1_961,Protein_code1_962,Protein_code1_963,Protein_code1_964,Protein_code1_965,Protein_code1_966,Protein_code1_967,Protein_code1_968,Protein_code1_969,Protein_code1_970,Protein_code1_971,Protein_code1_972,Protein_code1_973,Protein_code1_974,Protein_code1_975,Protein_code1_976,Protein_code1_977,Protein_code1_978,Protein_code1_979,Protein_code1_980,Protein_code1_981,Protein_code1_982,Protein_code1_983,Protein_code1_984,Protein_code1_985,Protein_code1_986,Protein_code1_987,Protein_code1_988,Protein_code1_989,Protein_code1_990,Protein_code1_991,Protein_code1_992,Protein_code1_993,Protein_code1_994,Protein_code1_995,Protein_code1_996,Protein_code1_997,Protein_code1_998,Protein_code1_999,Protein_code1_1000,Protein_code1_1001,Protein_code1_1002,Protein_code1_1003,Protein_code1_1004,Protein_code1_1005,Protein_code1_1006,Protein_code1_1007,Protein_code1_1008,Protein_code1_1009,Protein_code1_1010,Protein_code1_1011,Protein_code1_1012,Protein_code1_1013,Protein_code1_1014,Protein_code1_1015,Protein_code1_1016,Protein_code1_1017,Protein_code1_1018,Protein_code1_1019,Protein_code1_1020,Protein_code1_1021,Protein_code1_1022,Protein_code1_1023,Protein_code1_1024,Protein_code1_1025,Protein_code1_1026,Protein_code1_1027,Protein_code1_1028,Protein_code1_1029,Protein_code1_1030,Protein_code1_1031,Protein_code1_1032,Protein_code1_1033,Protein_code1_1034,Protein_code1_1035,Protein_code1_1036,Protein_code1_1037,Protein_code1_1038,Protein_code1_1039,Protein_code1_1040,Protein_code1_1041,Protein_code1_1042,Protein_code1_1043,Protein_code1_1044,Protein_code1_1045,Protein_code1_1046,Protein_code1_1047,Protein_code1_1048,Protein_code1_1049,Protein_code1_1050,Protein_code1_1051,Protein_code1_1052,Protein_code1_1053,Protein_code1_1054,Protein_code1_1055,Protein_code1_1056,Protein_code1_1057,Protein_code1_1058,Protein_code1_1059,Protein_code1_1060,Protein_code1_1061,Protein_code1_1062,Protein_code1_1063,Protein_code1_1064,Protein_code1_1065,Protein_code1_1066,Protein_code1_1067,Protein_code1_1068,Protein_code1_1069,Protein_code1_1070,Protein_code1_1071,Protein_code1_1072,Protein_code1_1073,Protein_code1_1074,Protein_code1_1075,Protein_code1_1076,Protein_code1_1077,Protein_code1_1078,Protein_code1_1079,Protein_code1_1080,Protein_code1_1081,Protein_code1_1082,Protein_code1_1083,Protein_code1_1084,Protein_code1_1085,Protein_code1_1086,Protein_code1_1087,Protein_code1_1088,Protein_code1_1089,Protein_code1_1090,Protein_code1_1091,Protein_code1_1092,Protein_code1_1093,Protein_code1_1094,Protein_code1_1095,Protein_code1_1096,Protein_code1_1097,Protein_code1_1098,Protein_code1_1099,Protein_code1_1100,Protein_code1_1101,Protein_code1_1102,Protein_code1_1103,Protein_code1_1104,Protein_code1_1105,Protein_code1_1106,Protein_code1_1107,Protein_code1_1108,Protein_code1_1109,Protein_code1_1110,Protein_code1_1111,Protein_code1_1112,Protein_code1_1113,Protein_code1_1114,Protein_code1_1115,Protein_code1_1116,Protein_code1_1117,Protein_code1_1118,Protein_code1_1119,Protein_code1_1120,Protein_code1_1121,Protein_code1_1122,Protein_code1_1123,Protein_code1_1124,Protein_code1_1125,Protein_code1_1126,Protein_code1_1127,Protein_code1_1128,Protein_code1_1129,Protein_code1_1130,Protein_code1_1131,Protein_code1_1132,Protein_code1_1133,Protein_code1_1134,Protein_code1_1135,Protein_code1_1136,Protein_code1_1137,Protein_code1_1138,Protein_code1_1139,Protein_code1_1140,Protein_code1_1141,Protein_code1_1142,Protein_code1_1143,Protein_code1_1144,Protein_code1_1145,Protein_code1_1146,Protein_code1_1147,Protein_code1_1148,Protein_code1_1149,Protein_code1_1150,Protein_code1_1151,Protein_code1_1152,Protein_code1_1153,Protein_code1_1154,Protein_code1_1155,Protein_code1_1156,Protein_code1_1157,Protein_code1_1158,Protein_code1_1159,Protein_code1_1160,Protein_code1_1161,Protein_code1_1162,Protein_code1_1163,Protein_code1_1164,Protein_code1_1165,Protein_code1_1166,Protein_code1_1167,Protein_code1_1168,Protein_code1_1169,Protein_code1_1170,Protein_code1_1171,Protein_code1_1172,Protein_code1_1173,Protein_code1_1174,Protein_code1_1175,Protein_code1_1176,Protein_code1_1177,Protein_code1_1178,Protein_code1_1179,Protein_code1_1180,Protein_code1_1181,Protein_code1_1182,Protein_code1_1183,Protein_code1_1184,Protein_code1_1185,Protein_code1_1186,Protein_code1_1187,Protein_code1_1188,Protein_code1_1189,Protein_code1_1190,Protein_code1_1191,Protein_code1_1192,Protein_code1_1193,Protein_code1_1194,Protein_code1_1195,Protein_code1_1196,Protein_code1_1197,Protein_code1_1198,Protein_code1_1199,Protein_code1_1200,Protein_code1_1201,Protein_code1_1202,Protein_code1_1203,Protein_code1_1204,Protein_code1_1205,Protein_code1_1206,Protein_code1_1207,Protein_code1_1208,Protein_code1_1209,Protein_code1_1210,Protein_code1_1211,Protein_code1_1212,Protein_code1_1213,Protein_code1_1214,Protein_code1_1215,Protein_code1_1216,Protein_code1_1217,Protein_code1_1218,Protein_code1_1219,Protein_code1_1220,Protein_code1_1221,Protein_code1_1222,Protein_code1_1223,Protein_code1_1224,Protein_code1_1225,Protein_code1_1226,Protein_code1_1227,Protein_code1_1228,Protein_code1_1229,Protein_code1_1230,Protein_code1_1231,Protein_code1_1232,Protein_code1_1233,Protein_code1_1234,Protein_code1_1235,Protein_code1_1236,Protein_code1_1237,Protein_code1_1238,Protein_code1_1239,Protein_code1_1240,Protein_code1_1241,Protein_code1_1242,Protein_code1_1243,Protein_code1_1244,Protein_code1_1245,Protein_code1_1246,Protein_code1_1247,Protein_code1_1248,Protein_code1_1249,Protein_code1_1250,Protein_code1_1251,Protein_code1_1252,Protein_code1_1253,Protein_code1_1254,Protein_code1_1255,Protein_code1_1256,Protein_code1_1257,Protein_code1_1258,Protein_code1_1259,Protein_code1_1260,Protein_code1_1261,Protein_code1_1262,Protein_code1_1263,Protein_code1_1264,Protein_code1_1265,Protein_code1_1266,Protein_code1_1267,Protein_code1_1268,Protein_code1_1269,Protein_code1_1270,Protein_code1_1271,Protein_code1_1272,Protein_code1_1273,Protein_code1_1274,Protein_code1_1275,Protein_code1_1276,Protein_code1_1277,Protein_code1_1278,Protein_code1_1279,Protein_code1_1280,Protein_code1_1281,Protein_code1_1282,Protein_code1_1283,Protein_code1_1284,Protein_code1_1285,Protein_code1_1286,Protein_code1_1287,Protein_code1_1288,Protein_code1_1289,Protein_code1_1290,Protein_code1_1291,Protein_code1_1292,Protein_code1_1293,Protein_code1_1294,Protein_code1_1295,Protein_code1_1296,Protein_code1_1297,Protein_code1_1298,Protein_code1_1299,Protein_code1_1300,Protein_code1_1301,Protein_code1_1302,Protein_code1_1303,Protein_code1_1304,Protein_code1_1305,Protein_code1_1306,Protein_code1_1307,Protein_code1_1308,Protein_code1_1309,Protein_code1_1310,Protein_code1_1311,Protein_code1_1312,Protein_code1_1313,Protein_code1_1314,Protein_code1_1315,Protein_code1_1316,Protein_code1_1317,Protein_code1_1318,Protein_code1_1319,Protein_code1_1320,Protein_code1_1321,Protein_code1_1322,Protein_code1_1323,Protein_code1_1324,Protein_code1_1325,Protein_code1_1326,Protein_code1_1327,Protein_code1_1328,Protein_code1_1329,Protein_code1_1330,Protein_code1_1331,Protein_code1_1332,Protein_code1_1333,Protein_code1_1334,Protein_code1_1335,Protein_code1_1336,Protein_code1_1337,Protein_code1_1338,Protein_code1_1339,Protein_code1_1340,Protein_code1_1341,Protein_code1_1342,Protein_code1_1343,Protein_code1_1344,Protein_code1_1345,Protein_code1_1346,Protein_code1_1347,Protein_code1_1348,Protein_code1_1349,Protein_code1_1350,Protein_code1_1351,Protein_code1_1352,Protein_code1_1353,Protein_code1_1354,Protein_code1_1355,Protein_code1_1356,Protein_code1_1357,Protein_code1_1358,Protein_code1_1359,Protein_code1_1360,Protein_code1_1361,Protein_code1_1362,Protein_code1_1363,Protein_code1_1364,Protein_code1_1365,Protein_code1_1366,Protein_code1_1367,Protein_code1_1368,Protein_code1_1369,Protein_code1_1370,Protein_code1_1371,Protein_code1_1372,Protein_code1_1373,Protein_code1_1374,Protein_code1_1375,Protein_code1_1376,Protein_code1_1377,Protein_code1_1378,Protein_code1_1379,Protein_code1_1380,Protein_code1_1381,Protein_code1_1382,Protein_code1_1383,Protein_code1_1384,Protein_code1_1385,Protein_code1_1386,Protein_code1_1387,Protein_code1_1388,Protein_code1_1389,Protein_code1_1390,Protein_code1_1391,Protein_code1_1392,Protein_code1_1393,Protein_code1_1394,Protein_code1_1395,Protein_code1_1396,Protein_code1_1397,Protein_code1_1398,Protein_code1_1399,Protein_code1_1400,Protein_code1_1401,Protein_code1_1402,Protein_code1_1403,Protein_code1_1404,Protein_code1_1405,Protein_code1_1406,Protein_code1_1407,Protein_code1_1408,Protein_code1_1409,Protein_code1_1410,Protein_code1_1411,Protein_code1_1412,Protein_code1_1413,Protein_code1_1414,Protein_code1_1415,Protein_code1_1416,Protein_code1_1417,Protein_code1_1418,Protein_code1_1419,Protein_code1_1420,Protein_code1_1421,Protein_code1_1422,Protein_code1_1423,Protein_code1_1424,Protein_code1_1425,Protein_code1_1426,Protein_code1_1427,Protein_code1_1428,Protein_code1_1429,Protein_code1_1430,Protein_code1_1431,Protein_code1_1432,Protein_code1_1433,Protein_code1_1434,Protein_code1_1435,Protein_code1_1436,Protein_code1_1437,Protein_code1_1438,Protein_code1_1439,Protein_code1_1440,Protein_code1_1441,Protein_code1_1442,Protein_code1_1443,Protein_code1_1444,Protein_code1_1445,Protein_code1_1446,Protein_code1_1447,Protein_code1_1448,Protein_code1_1449,Protein_code1_1450,Protein_code1_1451,Protein_code1_1452,Protein_code1_1453,Protein_code1_1454,Protein_code1_1455,Protein_code1_1456,Protein_code1_1457,Protein_code1_1458,Protein_code1_1459,Protein_code1_1460,Protein_code1_1461,Protein_code1_1462,Protein_code1_1463,Protein_code1_1464,Protein_code1_1465,Protein_code1_1466,Protein_code1_1467,Protein_code1_1468,Protein_code1_1469,Protein_code1_1470,Protein_code1_1471,Protein_code1_1472,Protein_code1_1473,Protein_code1_1474,Protein_code1_1475,Protein_code1_1476,Protein_code1_1477,Protein_code1_1478,Protein_code1_1479,Protein_code1_1480,Protein_code1_1481,Protein_code1_1482,Protein_code1_1483,Protein_code1_1484,Protein_code1_1485,Protein_code1_1486,Protein_code1_1487,Protein_code1_1488,Protein_code1_1489,Protein_code1_1490,Protein_code1_1491,Protein_code1_1492,Protein_code1_1493,Protein_code1_1494,Protein_code1_1495,Protein_code1_1496,Protein_code1_1497,Protein_code1_1498,Protein_code1_1499,Protein_code1_1500,Protein_code1_1501,Protein_code1_1502,Protein_code1_1503,Protein_code1_1504,Protein_code1_1505,Protein_code1_1506,Protein_code1_1507,Protein_code1_1508,Protein_code1_1509,Protein_code1_1510,Protein_code1_1511,Protein_code1_1512,Protein_code1_1513,Protein_code1_1514,Protein_code1_1515,Protein_code1_1516,Protein_code1_1517,Protein_code1_1518,Protein_code1_1519,Protein_code1_1520,Protein_code1_1521,Protein_code1_1522,Protein_code1_1523,Protein_code1_1524,Protein_code1_1525,Protein_code1_1526,Protein_code1_1527,Protein_code1_1528,Protein_code1_1529,Protein_code1_1530,Protein_code1_1531,Protein_code1_1532,Protein_code1_1533,Protein_code1_1534,Protein_code1_1535,Protein_code1_1536,Protein_code1_1537,Protein_code1_1538,Protein_code1_1539,Protein_code1_1540,Protein_code1_1541,Protein_code1_1542,Protein_code1_1543,Protein_code1_1544,Protein_code1_1545,Protein_code1_1546,Protein_code1_1547,Protein_code1_1548,Protein_code1_1549,Protein_code1_1550,Protein_code1_1551,Protein_code1_1552,Protein_code1_1553,Protein_code1_1554,Protein_code1_1555,Protein_code1_1556,Protein_code1_1557,Protein_code1_1558,Protein_code1_1559,Protein_code1_1560,Protein_code1_1561,Protein_code1_1562,Protein_code1_1563,Protein_code1_1564,Protein_code1_1565,Protein_code1_1566,Protein_code1_1567,Protein_code1_1568,Protein_code1_1569,Protein_code1_1570,Protein_code1_1571,Protein_code1_1572,Protein_code1_1573,Protein_code1_1574,Protein_code1_1575,Protein_code1_1576,Protein_code1_1577,Protein_code1_1578,Protein_code1_1579,Protein_code1_1580,Protein_code1_1581,Protein_code1_1582,Protein_code1_1583,Protein_code1_1584,Protein_code1_1585,Protein_code1_1586,Protein_code1_1587,Protein_code1_1588,Protein_code1_1589,Protein_code1_1590,Protein_code1_1591,Protein_code1_1592,Protein_code1_1593,Protein_code1_1594,Protein_code1_1595,Protein_code1_1596,Protein_code1_1597,Protein_code1_1598,Protein_code1_1599,Protein_code1_1600,Protein_code1_1601,Protein_code1_1602,Protein_code1_1603,Protein_code1_1604,Protein_code1_1605,Protein_code1_1606,Protein_code1_1607,Protein_code1_1608,Protein_code1_1609,Protein_code1_1610,Protein_code1_1611,Protein_code1_1612,Protein_code1_1613,Protein_code1_1614,Protein_code1_1615,Protein_code1_1616,Protein_code1_1617,Protein_code1_1618,Protein_code1_1619,Protein_code1_1620,Protein_code1_1621,Protein_code1_1622,Protein_code1_1623,Protein_code1_1624,Protein_code1_1625,Protein_code1_1626,Protein_code1_1627,Protein_code1_1628,Protein_code1_1629,Protein_code1_1630,Protein_code1_1631,Protein_code1_1632,Protein_code1_1633,Protein_code1_1634,Protein_code1_1635,Protein_code1_1636,Protein_code1_1637,Protein_code1_1638,Protein_code1_1639,Protein_code1_1640,Protein_code1_1641,Protein_code1_1642,Protein_code1_1643,Protein_code1_1644,Protein_code1_1645,Protein_code1_1646,Protein_code1_1647,Protein_code1_1648,Protein_code1_1649,Protein_code1_1650,Protein_code1_1651,Protein_code1_1652,Protein_code1_1653,Protein_code1_1654,Protein_code1_1655,Protein_code1_1656,Protein_code1_1657,Protein_code1_1658,Protein_code1_1659,Protein_code1_1660,Protein_code1_1661,Protein_code1_1662,Protein_code1_1663,Protein_code1_1664,Protein_code1_1665,Protein_code1_1666,Protein_code1_1667,Protein_code1_1668,Protein_code1_1669,Protein_code1_1670,Protein_code1_1671,Protein_code1_1672,Protein_code1_1673,Protein_code1_1674,Protein_code1_1675,Protein_code1_1676,Protein_code1_1677,Protein_code1_1678,Protein_code1_1679,Protein_code1_1680,Protein_code1_1681,Protein_code1_1682,Protein_code1_1683,Protein_code1_1684,Protein_code1_1685,Protein_code1_1686,Protein_code1_1687,Protein_code1_1688,Protein_code1_1689,Protein_code1_1690,Protein_code1_1691,Protein_code1_1692,Protein_code1_1693,Protein_code1_1694,Protein_code1_1695,Protein_code1_1696,Protein_code1_1697,Protein_code1_1698,Protein_code1_1699,Protein_code1_1700,Protein_code1_1701,Protein_code1_1702,Protein_code1_1703,Protein_code1_1704,Protein_code1_1705,Protein_code1_1706,Protein_code1_1707,Protein_code1_1708,Protein_code1_1709,Protein_code1_1710,Protein_code1_1711,Protein_code1_1712,Protein_code1_1713,Protein_code1_1714,Protein_code1_1715,Protein_code1_1716,Protein_code1_1717,Protein_code1_1718,Protein_code1_1719,Protein_code1_1720,Protein_code1_1721,Protein_code1_1722,Protein_code1_1723,Protein_code1_1724,Protein_code1_1725,Protein_code1_1726,Protein_code1_1727,Protein_code1_1728,Protein_code1_1729,Protein_code1_1730,Protein_code1_1731,Protein_code1_1732,Protein_code1_1733,Protein_code1_1734,Protein_code1_1735,Protein_code1_1736,Protein_code1_1737,Protein_code1_1738,Protein_code1_1739,Protein_code1_1740,Protein_code1_1741,Protein_code1_1742,Protein_code1_1743,Protein_code1_1744,Protein_code1_1745,Protein_code1_1746,Protein_code1_1747,Protein_code1_1748,Protein_code1_1749,Protein_code1_1750,Protein_code1_1751,Protein_code1_1752,Protein_code1_1753,Protein_code1_1754,Protein_code1_1755,Protein_code1_1756,Protein_code1_1757,Protein_code1_1758,Protein_code1_1759,Protein_code1_1760,Protein_code1_1761,Protein_code1_1762,Protein_code1_1763,Protein_code1_1764,Protein_code1_1765,Protein_code1_1766,Protein_code1_1767,Protein_code1_1768,Protein_code1_1769,Protein_code1_1770,Protein_code1_1771,Protein_code1_1772,Protein_code1_1773,Protein_code1_1774,Protein_code1_1775,Protein_code1_1776,Protein_code1_1777,Protein_code1_1778,Protein_code1_1779,Protein_code1_1780,Protein_code1_1781,Protein_code1_1782,Protein_code1_1783,Protein_code1_1784,Protein_code1_1785,Protein_code1_1786,Protein_code1_1787,Protein_code1_1788,Protein_code1_1789,Protein_code1_1790,Protein_code1_1791,Protein_code1_1792,Protein_code1_1793,Protein_code1_1794,Protein_code1_1795,Protein_code1_1796,Protein_code1_1797,Protein_code1_1798,Protein_code1_1799,Protein_code1_1800,Protein_code1_1801,Protein_code1_1802,Protein_code1_1803,Protein_code1_1804,Protein_code1_1805,Protein_code1_1806,Protein_code1_1807,Protein_code1_1808,Protein_code1_1809,Protein_code1_1810,Protein_code1_1811,Protein_code1_1812,Protein_code1_1813,Protein_code1_1814,Protein_code1_1815,Protein_code1_1816,Protein_code1_1817,Protein_code1_1818,Protein_code1_1819,Protein_code1_1820,Protein_code1_1821,Protein_code1_1822,Protein_code1_1823,Protein_code1_1824,Protein_code1_1825,Protein_code1_1826,Protein_code1_1827,Protein_code1_1828,Protein_code1_1829,Protein_code1_1830,Protein_code1_1831,Protein_code1_1832,Protein_code1_1833,Protein_code1_1834,Protein_code1_1835,Protein_code1_1836,Protein_code1_1837,Protein_code1_1838,Protein_code1_1839,Protein_code1_1840,Protein_code1_1841,Protein_code1_1842,Protein_code1_1843,Protein_code1_1844,Protein_code1_1845,Protein_code1_1846,Protein_code1_1847,Protein_code1_1848,Protein_code1_1849,Protein_code1_1850,Protein_code1_1851,Protein_code1_1852,Protein_code1_1853,Protein_code1_1854,Protein_code1_1855,Protein_code1_1856,Protein_code1_1857,Protein_code1_1858,Protein_code1_1859,Protein_code1_1860,Protein_code1_1861,Protein_code1_1862,Protein_code1_1863,Protein_code1_1864,Protein_code1_1865,Protein_code1_1866,Protein_code1_1867,Protein_code1_1868,Protein_code1_1869,Protein_code1_1870,Protein_code1_1871,Protein_code1_1872,Protein_code1_1873,Protein_code1_1874,Protein_code1_1875,Protein_code1_1876,Protein_code1_1877,Protein_code1_1878,Protein_code1_1879,Protein_code1_1880,Protein_code1_1881,Protein_code1_1882,Protein_code1_1883,Protein_code1_1884,Protein_code1_1885,Protein_code1_1886,Protein_code1_1887,Protein_code1_1888,Protein_code1_1889,Protein_code1_1890,Protein_code1_1891,Protein_code1_1892,Protein_code1_1893,Protein_code1_1894,Protein_code1_1895,Protein_code1_1896,Protein_code1_1897,Protein_code1_1898,Protein_code1_1899,Protein_code1_1900,Protein_code1_1901,Protein_code1_1902,Protein_code1_1903,Protein_code1_1904,Protein_code1_1905,Protein_code1_1906,Protein_code1_1907,Protein_code1_1908,Protein_code1_1909,Protein_code1_1910,Protein_code1_1911,Protein_code1_1912,Protein_code1_1913,Protein_code1_1914,Protein_code1_1915,Protein_code1_1916,Protein_code1_1917,Protein_code1_1918,Protein_code1_1919,Protein_code1_1920,Protein_code1_1921,Protein_code1_1922,Protein_code1_1923,Protein_code1_1924,Protein_code1_1925,Protein_code1_1926,Protein_code1_1927,Protein_code1_1928,Protein_code1_1929,Protein_code1_1930,Protein_code1_1931,Protein_code1_1932,Protein_code1_1933,Protein_code1_1934,Protein_code1_1935,Protein_code1_1936,Protein_code1_1937,Protein_code1_1938,Protein_code1_1939,Protein_code1_1940,Protein_code1_1941,Protein_code1_1942,Protein_code1_1943,Protein_code1_1944,Protein_code1_1945,Protein_code1_1946,Protein_code1_1947,Protein_code1_1948,Protein_code1_1949,Protein_code1_1950,Protein_code1_1951,Protein_code1_1952,Protein_code1_1953,Protein_code1_1954,Protein_code1_1955,Protein_code1_1956,Protein_code1_1957,Protein_code1_1958,Protein_code1_1959,Protein_code1_1960,Protein_code1_1961,Protein_code1_1962,Protein_code1_1963,Protein_code1_1964,Protein_code1_1965,Protein_code1_1966,Protein_code1_1967,Protein_code1_1968,Protein_code1_1969,Protein_code1_1970,Protein_code1_1971,Protein_code1_1972,Protein_code1_1973,Protein_code1_1974,Protein_code1_1975,Protein_code1_1976,Protein_code1_1977,Protein_code1_1978,Protein_code1_1979,Protein_code1_1980,Protein_code1_1981,Protein_code1_1982,Protein_code1_1983,Protein_code1_1984,Protein_code1_1985,Protein_code1_1986,Protein_code1_1987,Protein_code1_1988,Protein_code1_1989,Protein_code1_1990,Protein_code1_1991,Protein_code1_1992,Protein_code1_1993,Protein_code1_1994,Protein_code1_1995,Protein_code1_1996,Protein_code1_1997,Protein_code1_1998,Protein_code1_1999,Protein_code1_2000,Protein_code1_2001,Protein_code1_2002,Protein_code1_2003,Protein_code1_2004,Protein_code1_2005,Protein_code1_2006,Protein_code1_2007,Protein_code1_2008,Protein_code1_2009,Protein_code1_2010,Protein_code1_2011,Protein_code1_2012,Protein_code1_2013,Protein_code1_2014,Protein_code1_2015,Protein_code1_2016,Protein_code1_2017,Protein_code1_2018,Protein_code1_2019,Protein_code1_2020,Protein_code1_2021,Protein_code1_2022,Protein_code1_2023,Protein_code1_2024,Protein_code1_2025,Protein_code1_2026,Protein_code1_2027,Protein_code1_2028,Protein_code1_2029,Protein_code1_2030,Protein_code1_2031,Protein_code1_2032,Protein_code1_2033,Protein_code1_2034,Protein_code1_2035,Protein_code1_2036,Protein_code1_2037,Protein_code1_2038,Protein_code1_2039,Protein_code1_2040,Protein_code1_2041,Protein_code1_2042,Protein_code1_2043,Protein_code1_2044,Protein_code1_2045,Protein_code1_2046,Protein_code1_2047,Protein_code1_2048,Protein_code1_2049,Protein_code1_2050,Protein_code1_2051,Protein_code1_2052,Protein_code1_2053,Protein_code1_2054,Protein_code1_2055,Protein_code1_2056,Protein_code1_2057,Protein_code1_2058,Protein_code1_2059,Protein_code1_2060,Protein_code1_2061,Protein_code1_2062,Protein_code1_2063,Protein_code1_2064,Protein_code1_2065,Protein_code1_2066,Protein_code1_2067,Protein_code1_2068,Protein_code1_2069,Protein_code1_2070,Protein_code1_2071,Protein_code1_2072,Protein_code1_2073,Protein_code1_2074,Protein_code1_2075,Protein_code1_2076,Protein_code1_2077,Protein_code1_2078,Protein_code1_2079,Protein_code1_2080,Protein_code1_2081,Protein_code1_2082,Protein_code1_2083,Protein_code1_2084,Protein_code1_2085,Protein_code1_2086,Protein_code1_2087,Protein_code1_2088,Protein_code1_2089,Protein_code1_2090,Protein_code1_2091,Protein_code1_2092,Protein_code1_2093,Protein_code1_2094,Protein_code1_2095,Protein_code1_2096,Protein_code1_2097,Protein_code1_2098,Protein_code1_2099,Protein_code1_2100,Protein_code1_2101,Protein_code1_2102,Protein_code1_2103,Protein_code1_2104,Protein_code1_2105,Protein_code1_2106,Protein_code1_2107,Protein_code1_2108,Protein_code1_2109,Protein_code1_2110,Protein_code1_2111,Protein_code1_2112,Protein_code1_2113,Protein_code1_2114,Protein_code1_2115,Protein_code1_2116,Protein_code1_2117,Protein_code1_2118,Protein_code1_2119,Protein_code1_2120,Protein_code1_2121,Protein_code1_2122,Protein_code1_2123,Protein_code1_2124,Protein_code1_2125,Protein_code1_2126,Protein_code1_2127,Protein_code1_2128,Protein_code1_2129,Protein_code1_2130,Protein_code1_2131,Protein_code1_2132,Protein_code1_2133,Protein_code1_2134,Protein_code1_2135,Protein_code1_2136,Protein_code1_2137,Protein_code1_2138,Protein_code1_2139,Protein_code1_2140,Protein_code1_2141,Protein_code1_2142,Protein_code1_2143,Protein_code1_2144,Protein_code1_2145,Protein_code1_2146,Protein_code1_2147,Protein_code1_2148,Protein_code1_2149,Protein_code1_2150,Protein_code1_2151,Protein_code1_2152,Protein_code1_2153,Protein_code1_2154,Protein_code1_2155,Protein_code1_2156,Protein_code1_2157,Protein_code1_2158,Protein_code1_2159,Protein_code1_2160,Protein_code1_2161,Protein_code1_2162,Protein_code1_2163,Protein_code1_2164,Protein_code1_2165,Protein_code1_2166,Protein_code1_2167,Protein_code1_2168,Protein_code1_2169,Protein_code1_2170,Protein_code1_2171,Protein_code1_2172,Protein_code1_2173,Protein_code1_2174,Protein_code1_2175,Protein_code1_2176,Protein_code1_2177,Protein_code1_2178,Protein_code1_2179,Protein_code1_2180,Protein_code1_2181,Protein_code1_2182,Protein_code1_2183,Protein_code1_2184,Protein_code1_2185,Protein_code1_2186,Protein_code1_2187,Protein_code1_2188,Protein_code1_2189,Protein_code1_2190,Protein_code1_2191,Protein_code1_2192,Protein_code1_2193,Protein_code1_2194,Protein_code1_2195,Protein_code1_2196,Protein_code1_2197,Protein_code1_2198,Protein_code1_2199,Protein_code1_2200,Protein_code1_2201,Protein_code1_2202,Protein_code1_2203,Protein_code1_2204,Protein_code1_2205,Protein_code1_2206,Protein_code1_2207,Protein_code1_2208,Protein_code1_2209,Protein_code1_2210,Protein_code1_2211,Protein_code1_2212,Protein_code1_2213,Protein_code1_2214,Protein_code1_2215,Protein_code1_2216,Protein_code1_2217,Protein_code1_2218,Protein_code1_2219,Protein_code1_2220,Protein_code1_2221,Protein_code1_2222,Protein_code1_2223,Protein_code1_2224,Protein_code1_2225,Protein_code1_2226,Protein_code1_2227,Protein_code1_2228,Protein_code1_2229,Protein_code1_2230,Protein_code1_2231,Protein_code1_2232,Protein_code1_2233,Protein_code1_2234,Protein_code1_2235,Protein_code1_2236,Protein_code1_2237,Protein_code1_2238,Protein_code1_2239,Protein_code1_2240,Protein_code1_2241,Protein_code1_2242,Protein_code1_2243,Protein_code1_2244,Protein_code1_2245,Protein_code1_2246,Protein_code1_2247,Protein_code1_2248,Protein_code1_2249,Protein_code1_2250,Protein_code1_2251,Protein_code1_2252,Protein_code1_2253,Protein_code1_2254,Protein_code1_2255,Protein_code1_2256,Protein_code1_2257,Protein_code1_2258,Protein_code1_2259,Protein_code1_2260,Protein_code1_2261,Protein_code1_2262,Protein_code1_2263,Protein_code1_2264,Protein_code1_2265,Protein_code1_2266,Protein_code1_2267,Protein_code1_2268,Protein_code1_2269,Protein_code1_2270,Protein_code1_2271,Protein_code1_2272,Protein_code1_2273,Protein_code1_2274,Protein_code1_2275,Protein_code1_2276,Protein_code1_2277,Protein_code1_2278,Protein_code1_2279,Protein_code1_2280,Protein_code1_2281,Protein_code1_2282,Protein_code1_2283,Protein_code1_2284,Protein_code1_2285,Protein_code1_2286,Protein_code1_2287,Protein_code1_2288,Protein_code1_2289,Protein_code1_2290,Protein_code1_2291,Protein_code1_2292,Protein_code1_2293,Protein_code1_2294,Protein_code1_2295,Protein_code1_2296,Protein_code1_2297,Protein_code1_2298,Protein_code1_2299,Protein_code1_2300,Protein_code1_2301,Protein_code1_2302,Protein_code1_2303,Protein_code1_2304,Protein_code1_2305,Protein_code1_2306,Protein_code1_2307,Protein_code1_2308,Protein_code1_2309,Protein_code1_2310,Protein_code1_2311,Protein_code1_2312,Protein_code1_2313,Protein_code1_2314,Protein_code1_2315,Protein_code1_2316,Protein_code1_2317,Protein_code1_2318,Protein_code1_2319,Protein_code1_2320,Protein_code1_2321,Protein_code1_2322,Protein_code1_2323,Protein_code1_2324,Protein_code1_2325,Protein_code1_2326,Protein_code1_2327,Protein_code1_2328,Protein_code1_2329,Protein_code1_2330,Protein_code1_2331,Protein_code1_2332,Protein_code1_2333,Protein_code1_2334,Protein_code1_2335,Protein_code1_2336,Protein_code1_2337,Protein_code1_2338,Protein_code1_2339,Protein_code1_2340,Protein_code1_2341,Protein_code1_2342,Protein_code1_2343,Protein_code1_2344,Protein_code1_2345,Protein_code1_2346,Protein_code1_2347,Protein_code1_2348,Protein_code1_2349,Protein_code1_2350,Protein_code1_2351,Protein_code1_2352,Protein_code1_2353,Protein_code1_2354,Protein_code1_2355,Protein_code1_2356,Protein_code1_2357,Protein_code1_2358,Protein_code1_2359,Protein_code1_2360,Protein_code1_2361,Protein_code1_2362,Protein_code1_2363,Protein_code1_2364,Protein_code1_2365,Protein_code1_2366,Protein_code1_2367,Protein_code1_2368,Protein_code1_2369,Protein_code1_2370,Protein_code1_2371,Protein_code1_2372,Protein_code1_2373,Protein_code1_2374,Protein_code1_2375,Protein_code1_2376,Protein_code1_2377,Protein_code1_2378,Protein_code1_2379,Protein_code1_2380,Protein_code1_2381,Protein_code1_2382,Protein_code1_2383,Protein_code1_2384,Protein_code1_2385,Protein_code1_2386,Protein_code1_2387,Protein_code1_2388,Protein_code1_2389,Protein_code1_2390,Protein_code1_2391,Protein_code1_2392,Protein_code1_2393,Protein_code1_2394,Protein_code1_2395,Protein_code1_2396,Protein_code1_2397,Protein_code1_2398,Protein_code1_2399,Protein_code1_2400,Protein_code1_2401,Protein_code1_2402,Protein_code1_2403,Protein_code1_2404,Protein_code1_2405,Protein_code1_2406,Protein_code1_2407,Protein_code1_2408,Protein_code1_2409,Protein_code1_2410,Protein_code1_2411,Protein_code1_2412,Protein_code1_2413,Protein_code1_2414,Protein_code1_2415,Protein_code1_2416,Protein_code1_2417,Protein_code1_2418,Protein_code1_2419,Protein_code1_2420,Protein_code1_2421,Protein_code1_2422,Protein_code1_2423,Protein_code1_2424,Protein_code1_2425,Protein_code1_2426,Protein_code1_2427,Protein_code1_2428,Protein_code1_2429,Protein_code1_2430,Protein_code1_2431,Protein_code1_2432,Protein_code1_2433,Protein_code1_2434,Protein_code1_2435,Protein_code1_2436,Protein_code1_2437,Protein_code1_2438,Protein_code1_2439,Protein_code1_2440,Protein_code1_2441,Protein_code1_2442,Protein_code1_2443,Protein_code1_2444,Protein_code1_2445,Protein_code1_2446,Protein_code1_2447,Protein_code1_2448,Protein_code1_2449,Protein_code1_2450,Protein_code1_2451,Protein_code1_2452,Protein_code1_2453,Protein_code1_2454,Protein_code1_2455,Protein_code1_2456,Protein_code1_2457,Protein_code1_2458,Protein_code1_2459,Protein_code1_2460,Protein_code1_2461,Protein_code1_2462,Protein_code1_2463,Protein_code1_2464,Protein_code1_2465,Protein_code1_2466,Protein_code1_2467,Protein_code1_2468,Protein_code1_2469,Protein_code1_2470,Protein_code1_2471,Protein_code1_2472,Protein_code1_2473,Protein_code1_2474,Protein_code1_2475,Protein_code1_2476,Protein_code1_2477,Protein_code1_2478,Protein_code1_2479,Protein_code1_2480,Protein_code1_2481,Protein_code1_2482,Protein_code1_2483,Protein_code1_2484,Protein_code1_2485,Protein_code1_2486,Protein_code1_2487,Protein_code1_2488,Protein_code1_2489,Protein_code1_2490,Protein_code1_2491,Protein_code1_2492,Protein_code1_2493,Protein_code1_2494,Protein_code1_2495,Protein_code1_2496,Protein_code1_2497,Protein_code1_2498,Protein_code1_2499,Protein_code1_2500,Protein_code1_2501,Protein_code1_2502,Protein_code1_2503,Protein_code1_2504,Protein_code1_2505,Protein_code1_2506,Protein_code1_2507,Protein_code1_2508,Protein_code1_2509,Protein_code1_2510,Protein_code1_2511,Protein_code1_2512,Protein_code1_2513,Protein_code1_2514,Protein_code1_2515,Protein_code1_2516,Protein_code1_2517,Protein_code1_2518,Protein_code1_2519,Protein_code1_2520,Protein_code1_2521,Protein_code1_2522,Protein_code1_2523,Protein_code1_2524,Protein_code1_2525,Protein_code1_2526,Protein_code1_2527,Protein_code1_2528,Protein_code1_2529,Protein_code1_2530,Protein_code1_2531,Protein_code1_2532,Protein_code1_2533,Protein_code1_2534,Protein_code1_2535,Protein_code1_2536,Protein_code1_2537,Protein_code1_2538,Protein_code1_2539,Protein_code1_2540,Protein_code1_2541,Protein_code1_2542,Protein_code1_2543,Protein_code1_2544,Protein_code1_2545,Protein_code1_2546,Protein_code1_2547,Protein_code1_2548,Protein_code1_2549,Protein_code1_2550,Protein_code1_2551,Protein_code1_2552,Protein_code1_2553,ECFP_0,ECFP_1,ECFP_2,ECFP_3,ECFP_4,ECFP_5,ECFP_6,ECFP_7,ECFP_8,ECFP_9,ECFP_10,ECFP_11,ECFP_12,ECFP_13,ECFP_14,ECFP_15,ECFP_16,ECFP_17,ECFP_18,ECFP_19,ECFP_20,ECFP_21,ECFP_22,ECFP_23,ECFP_24,ECFP_25,ECFP_26,ECFP_27,ECFP_28,ECFP_29,ECFP_30,ECFP_31,ECFP_32,ECFP_33,ECFP_34,ECFP_35,ECFP_36,ECFP_37,ECFP_38,ECFP_39,ECFP_40,ECFP_41,ECFP_42,ECFP_43,ECFP_44,ECFP_45,ECFP_46,ECFP_47,ECFP_48,ECFP_49,ECFP_50,ECFP_51,ECFP_52,ECFP_53,ECFP_54,ECFP_55,ECFP_56,ECFP_57,ECFP_58,ECFP_59,ECFP_60,ECFP_61,ECFP_62,ECFP_63,ECFP_64,ECFP_65,ECFP_66,ECFP_67,ECFP_68,ECFP_69,ECFP_70,ECFP_71,ECFP_72,ECFP_73,ECFP_74,ECFP_75,ECFP_76,ECFP_77,ECFP_78,ECFP_79,ECFP_80,ECFP_81,ECFP_82,ECFP_83,ECFP_84,ECFP_85,ECFP_86,ECFP_87,ECFP_88,ECFP_89,ECFP_90,ECFP_91,ECFP_92,ECFP_93,ECFP_94,ECFP_95,ECFP_96,ECFP_97,ECFP_98,ECFP_99,ECFP_100,ECFP_101,ECFP_102,ECFP_103,ECFP_104,ECFP_105,ECFP_106,ECFP_107,ECFP_108,ECFP_109,ECFP_110,ECFP_111,ECFP_112,ECFP_113,ECFP_114,ECFP_115,ECFP_116,ECFP_117,ECFP_118,ECFP_119,ECFP_120,ECFP_121,ECFP_122,ECFP_123,ECFP_124,ECFP_125,ECFP_126,ECFP_127,ECFP_128,ECFP_129,ECFP_130,ECFP_131,ECFP_132,ECFP_133,ECFP_134,ECFP_135,ECFP_136,ECFP_137,ECFP_138,ECFP_139,ECFP_140,ECFP_141,ECFP_142,ECFP_143,ECFP_144,ECFP_145,ECFP_146,ECFP_147,ECFP_148,ECFP_149,ECFP_150,ECFP_151,ECFP_152,ECFP_153,ECFP_154,ECFP_155,ECFP_156,ECFP_157,ECFP_158,ECFP_159,ECFP_160,ECFP_161,ECFP_162,ECFP_163,ECFP_164,ECFP_165,ECFP_166,ECFP_167,ECFP_168,ECFP_169,ECFP_170,ECFP_171,ECFP_172,ECFP_173,ECFP_174,ECFP_175,ECFP_176,ECFP_177,ECFP_178,ECFP_179,ECFP_180,ECFP_181,ECFP_182,ECFP_183,ECFP_184,ECFP_185,ECFP_186,ECFP_187,ECFP_188,ECFP_189,ECFP_190,ECFP_191,ECFP_192,ECFP_193,ECFP_194,ECFP_195,ECFP_196,ECFP_197,ECFP_198,ECFP_199,ECFP_200,ECFP_201,ECFP_202,ECFP_203,ECFP_204,ECFP_205,ECFP_206,ECFP_207,ECFP_208,ECFP_209,ECFP_210,ECFP_211,ECFP_212,ECFP_213,ECFP_214,ECFP_215,ECFP_216,ECFP_217,ECFP_218,ECFP_219,ECFP_220,ECFP_221,ECFP_222,ECFP_223,ECFP_224,ECFP_225,ECFP_226,ECFP_227,ECFP_228,ECFP_229,ECFP_230,ECFP_231,ECFP_232,ECFP_233,ECFP_234,ECFP_235,ECFP_236,ECFP_237,ECFP_238,ECFP_239,ECFP_240,ECFP_241,ECFP_242,ECFP_243,ECFP_244,ECFP_245,ECFP_246,ECFP_247,ECFP_248,ECFP_249,ECFP_250,ECFP_251,ECFP_252,ECFP_253,ECFP_254,ECFP_255,ECFP_256,ECFP_257,ECFP_258,ECFP_259,ECFP_260,ECFP_261,ECFP_262,ECFP_263,ECFP_264,ECFP_265,ECFP_266,ECFP_267,ECFP_268,ECFP_269,ECFP_270,ECFP_271,ECFP_272,ECFP_273,ECFP_274,ECFP_275,ECFP_276,ECFP_277,ECFP_278,ECFP_279,ECFP_280,ECFP_281,ECFP_282,ECFP_283,ECFP_284,ECFP_285,ECFP_286,ECFP_287,ECFP_288,ECFP_289,ECFP_290,ECFP_291,ECFP_292,ECFP_293,ECFP_294,ECFP_295,ECFP_296,ECFP_297,ECFP_298,ECFP_299,ECFP_300,ECFP_301,ECFP_302,ECFP_303,ECFP_304,ECFP_305,ECFP_306,ECFP_307,ECFP_308,ECFP_309,ECFP_310,ECFP_311,ECFP_312,ECFP_313,ECFP_314,ECFP_315,ECFP_316,ECFP_317,ECFP_318,ECFP_319,ECFP_320,ECFP_321,ECFP_322,ECFP_323,ECFP_324,ECFP_325,ECFP_326,ECFP_327,ECFP_328,ECFP_329,ECFP_330,ECFP_331,ECFP_332,ECFP_333,ECFP_334,ECFP_335,ECFP_336,ECFP_337,ECFP_338,ECFP_339,ECFP_340,ECFP_341,ECFP_342,ECFP_343,ECFP_344,ECFP_345,ECFP_346,ECFP_347,ECFP_348,ECFP_349,ECFP_350,ECFP_351,ECFP_352,ECFP_353,ECFP_354,ECFP_355,ECFP_356,ECFP_357,ECFP_358,ECFP_359,ECFP_360,ECFP_361,ECFP_362,ECFP_363,ECFP_364,ECFP_365,ECFP_366,ECFP_367,ECFP_368,ECFP_369,ECFP_370,ECFP_371,ECFP_372,ECFP_373,ECFP_374,ECFP_375,ECFP_376,ECFP_377,ECFP_378,ECFP_379,ECFP_380,ECFP_381,ECFP_382,ECFP_383,ECFP_384,ECFP_385,ECFP_386,ECFP_387,ECFP_388,ECFP_389,ECFP_390,ECFP_391,ECFP_392,ECFP_393,ECFP_394,ECFP_395,ECFP_396,ECFP_397,ECFP_398,ECFP_399,ECFP_400,ECFP_401,ECFP_402,ECFP_403,ECFP_404,ECFP_405,ECFP_406,ECFP_407,ECFP_408,ECFP_409,ECFP_410,ECFP_411,ECFP_412,ECFP_413,ECFP_414,ECFP_415,ECFP_416,ECFP_417,ECFP_418,ECFP_419,ECFP_420,ECFP_421,ECFP_422,ECFP_423,ECFP_424,ECFP_425,ECFP_426,ECFP_427,ECFP_428,ECFP_429,ECFP_430,ECFP_431,ECFP_432,ECFP_433,ECFP_434,ECFP_435,ECFP_436,ECFP_437,ECFP_438,ECFP_439,ECFP_440,ECFP_441,ECFP_442,ECFP_443,ECFP_444,ECFP_445,ECFP_446,ECFP_447,ECFP_448,ECFP_449,ECFP_450,ECFP_451,ECFP_452,ECFP_453,ECFP_454,ECFP_455,ECFP_456,ECFP_457,ECFP_458,ECFP_459,ECFP_460,ECFP_461,ECFP_462,ECFP_463,ECFP_464,ECFP_465,ECFP_466,ECFP_467,ECFP_468,ECFP_469,ECFP_470,ECFP_471,ECFP_472,ECFP_473,ECFP_474,ECFP_475,ECFP_476,ECFP_477,ECFP_478,ECFP_479,ECFP_480,ECFP_481,ECFP_482,ECFP_483,ECFP_484,ECFP_485,ECFP_486,ECFP_487,ECFP_488,ECFP_489,ECFP_490,ECFP_491,ECFP_492,ECFP_493,ECFP_494,ECFP_495,ECFP_496,ECFP_497,ECFP_498,ECFP_499,ECFP_500,ECFP_501,ECFP_502,ECFP_503,ECFP_504,ECFP_505,ECFP_506,ECFP_507,ECFP_508,ECFP_509,ECFP_510,ECFP_511,ECFP_512,ECFP_513,ECFP_514,ECFP_515,ECFP_516,ECFP_517,ECFP_518,ECFP_519,ECFP_520,ECFP_521,ECFP_522,ECFP_523,ECFP_524,ECFP_525,ECFP_526,ECFP_527,ECFP_528,ECFP_529,ECFP_530,ECFP_531,ECFP_532,ECFP_533,ECFP_534,ECFP_535,ECFP_536,ECFP_537,ECFP_538,ECFP_539,ECFP_540,ECFP_541,ECFP_542,ECFP_543,ECFP_544,ECFP_545,ECFP_546,ECFP_547,ECFP_548,ECFP_549,ECFP_550,ECFP_551,ECFP_552,ECFP_553,ECFP_554,ECFP_555,ECFP_556,ECFP_557,ECFP_558,ECFP_559,ECFP_560,ECFP_561,ECFP_562,ECFP_563,ECFP_564,ECFP_565,ECFP_566,ECFP_567,ECFP_568,ECFP_569,ECFP_570,ECFP_571,ECFP_572,ECFP_573,ECFP_574,ECFP_575,ECFP_576,ECFP_577,ECFP_578,ECFP_579,ECFP_580,ECFP_581,ECFP_582,ECFP_583,ECFP_584,ECFP_585,ECFP_586,ECFP_587,ECFP_588,ECFP_589,ECFP_590,ECFP_591,ECFP_592,ECFP_593,ECFP_594,ECFP_595,ECFP_596,ECFP_597,ECFP_598,ECFP_599,ECFP_600,ECFP_601,ECFP_602,ECFP_603,ECFP_604,ECFP_605,ECFP_606,ECFP_607,ECFP_608,ECFP_609,ECFP_610,ECFP_611,ECFP_612,ECFP_613,ECFP_614,ECFP_615,ECFP_616,ECFP_617,ECFP_618,ECFP_619,ECFP_620,ECFP_621,ECFP_622,ECFP_623,ECFP_624,ECFP_625,ECFP_626,ECFP_627,ECFP_628,ECFP_629,ECFP_630,ECFP_631,ECFP_632,ECFP_633,ECFP_634,ECFP_635,ECFP_636,ECFP_637,ECFP_638,ECFP_639,ECFP_640,ECFP_641,ECFP_642,ECFP_643,ECFP_644,ECFP_645,ECFP_646,ECFP_647,ECFP_648,ECFP_649,ECFP_650,ECFP_651,ECFP_652,ECFP_653,ECFP_654,ECFP_655,ECFP_656,ECFP_657,ECFP_658,ECFP_659,ECFP_660,ECFP_661,ECFP_662,ECFP_663,ECFP_664,ECFP_665,ECFP_666,ECFP_667,ECFP_668,ECFP_669,ECFP_670,ECFP_671,ECFP_672,ECFP_673,ECFP_674,ECFP_675,ECFP_676,ECFP_677,ECFP_678,ECFP_679,ECFP_680,ECFP_681,ECFP_682,ECFP_683,ECFP_684,ECFP_685,ECFP_686,ECFP_687,ECFP_688,ECFP_689,ECFP_690,ECFP_691,ECFP_692,ECFP_693,ECFP_694,ECFP_695,ECFP_696,ECFP_697,ECFP_698,ECFP_699,ECFP_700,ECFP_701,ECFP_702,ECFP_703,ECFP_704,ECFP_705,ECFP_706,ECFP_707,ECFP_708,ECFP_709,ECFP_710,ECFP_711,ECFP_712,ECFP_713,ECFP_714,ECFP_715,ECFP_716,ECFP_717,ECFP_718,ECFP_719,ECFP_720,ECFP_721,ECFP_722,ECFP_723,ECFP_724,ECFP_725,ECFP_726,ECFP_727,ECFP_728,ECFP_729,ECFP_730,ECFP_731,ECFP_732,ECFP_733,ECFP_734,ECFP_735,ECFP_736,ECFP_737,ECFP_738,ECFP_739,ECFP_740,ECFP_741,ECFP_742,ECFP_743,ECFP_744,ECFP_745,ECFP_746,ECFP_747,ECFP_748,ECFP_749,ECFP_750,ECFP_751,ECFP_752,ECFP_753,ECFP_754,ECFP_755,ECFP_756,ECFP_757,ECFP_758,ECFP_759,ECFP_760,ECFP_761,ECFP_762,ECFP_763,ECFP_764,ECFP_765,ECFP_766,ECFP_767,ECFP_768,ECFP_769,ECFP_770,ECFP_771,ECFP_772,ECFP_773,ECFP_774,ECFP_775,ECFP_776,ECFP_777,ECFP_778,ECFP_779,ECFP_780,ECFP_781,ECFP_782,ECFP_783,ECFP_784,ECFP_785,ECFP_786,ECFP_787,ECFP_788,ECFP_789,ECFP_790,ECFP_791,ECFP_792,ECFP_793,ECFP_794,ECFP_795,ECFP_796,ECFP_797,ECFP_798,ECFP_799,ECFP_800,ECFP_801,ECFP_802,ECFP_803,ECFP_804,ECFP_805,ECFP_806,ECFP_807,ECFP_808,ECFP_809,ECFP_810,ECFP_811,ECFP_812,ECFP_813,ECFP_814,ECFP_815,ECFP_816,ECFP_817,ECFP_818,ECFP_819,ECFP_820,ECFP_821,ECFP_822,ECFP_823,ECFP_824,ECFP_825,ECFP_826,ECFP_827,ECFP_828,ECFP_829,ECFP_830,ECFP_831,ECFP_832,ECFP_833,ECFP_834,ECFP_835,ECFP_836,ECFP_837,ECFP_838,ECFP_839,ECFP_840,ECFP_841,ECFP_842,ECFP_843,ECFP_844,ECFP_845,ECFP_846,ECFP_847,ECFP_848,ECFP_849,ECFP_850,ECFP_851,ECFP_852,ECFP_853,ECFP_854,ECFP_855,ECFP_856,ECFP_857,ECFP_858,ECFP_859,ECFP_860,ECFP_861,ECFP_862,ECFP_863,ECFP_864,ECFP_865,ECFP_866,ECFP_867,ECFP_868,ECFP_869,ECFP_870,ECFP_871,ECFP_872,ECFP_873,ECFP_874,ECFP_875,ECFP_876,ECFP_877,ECFP_878,ECFP_879,ECFP_880,ECFP_881,ECFP_882,ECFP_883,ECFP_884,ECFP_885,ECFP_886,ECFP_887,ECFP_888,ECFP_889,ECFP_890,ECFP_891,ECFP_892,ECFP_893,ECFP_894,ECFP_895,ECFP_896,ECFP_897,ECFP_898,ECFP_899,ECFP_900,ECFP_901,ECFP_902,ECFP_903,ECFP_904,ECFP_905,ECFP_906,ECFP_907,ECFP_908,ECFP_909,ECFP_910,ECFP_911,ECFP_912,ECFP_913,ECFP_914,ECFP_915,ECFP_916,ECFP_917,ECFP_918,ECFP_919,ECFP_920,ECFP_921,ECFP_922,ECFP_923,ECFP_924,ECFP_925,ECFP_926,ECFP_927,ECFP_928,ECFP_929,ECFP_930,ECFP_931,ECFP_932,ECFP_933,ECFP_934,ECFP_935,ECFP_936,ECFP_937,ECFP_938,ECFP_939,ECFP_940,ECFP_941,ECFP_942,ECFP_943,ECFP_944,ECFP_945,ECFP_946,ECFP_947,ECFP_948,ECFP_949,ECFP_950,ECFP_951,ECFP_952,ECFP_953,ECFP_954,ECFP_955,ECFP_956,ECFP_957,ECFP_958,ECFP_959,ECFP_960,ECFP_961,ECFP_962,ECFP_963,ECFP_964,ECFP_965,ECFP_966,ECFP_967,ECFP_968,ECFP_969,ECFP_970,ECFP_971,ECFP_972,ECFP_973,ECFP_974,ECFP_975,ECFP_976,ECFP_977,ECFP_978,ECFP_979,ECFP_980,ECFP_981,ECFP_982,ECFP_983,ECFP_984,ECFP_985,ECFP_986,ECFP_987,ECFP_988,ECFP_989,ECFP_990,ECFP_991,ECFP_992,ECFP_993,ECFP_994,ECFP_995,ECFP_996,ECFP_997,ECFP_998,ECFP_999,ECFP_1000,ECFP_1001,ECFP_1002,ECFP_1003,ECFP_1004,ECFP_1005,ECFP_1006,ECFP_1007,ECFP_1008,ECFP_1009,ECFP_1010,ECFP_1011,ECFP_1012,ECFP_1013,ECFP_1014,ECFP_1015,ECFP_1016,ECFP_1017,ECFP_1018,ECFP_1019,ECFP_1020,ECFP_1021,ECFP_1022,ECFP_1023,padel1d2d_0,padel1d2d_1,padel1d2d_2,padel1d2d_3,padel1d2d_4,padel1d2d_5,padel1d2d_6,padel1d2d_7,padel1d2d_8,padel1d2d_9,padel1d2d_10,padel1d2d_11,padel1d2d_12,padel1d2d_13,padel1d2d_14,padel1d2d_15,padel1d2d_16,padel1d2d_17,padel1d2d_18,padel1d2d_19,padel1d2d_20,padel1d2d_21,padel1d2d_22,padel1d2d_23,padel1d2d_24,padel1d2d_25,padel1d2d_26,padel1d2d_27,padel1d2d_28,padel1d2d_29,padel1d2d_30,padel1d2d_31,padel1d2d_32,padel1d2d_33,padel1d2d_34,padel1d2d_35,padel1d2d_36,padel1d2d_37,padel1d2d_38,padel1d2d_39,padel1d2d_40,padel1d2d_41,padel1d2d_42,padel1d2d_43,padel1d2d_44,padel1d2d_45,padel1d2d_46,padel1d2d_47,padel1d2d_48,padel1d2d_49,padel1d2d_50,padel1d2d_51,padel1d2d_52,padel1d2d_53,padel1d2d_54,padel1d2d_55,padel1d2d_56,padel1d2d_57,padel1d2d_58,padel1d2d_59,padel1d2d_60,padel1d2d_61,padel1d2d_62,padel1d2d_63,padel1d2d_64,padel1d2d_65,padel1d2d_66,padel1d2d_67,padel1d2d_68,padel1d2d_69,padel1d2d_70,padel1d2d_71,padel1d2d_72,padel1d2d_73,padel1d2d_74,padel1d2d_75,padel1d2d_76,padel1d2d_77,padel1d2d_78,padel1d2d_79,padel1d2d_80,padel1d2d_81,padel1d2d_82,padel1d2d_83,padel1d2d_84,padel1d2d_85,padel1d2d_86,padel1d2d_87,padel1d2d_88,padel1d2d_89,padel1d2d_90,padel1d2d_91,padel1d2d_92,padel1d2d_93,padel1d2d_94,padel1d2d_95,padel1d2d_96,padel1d2d_97,padel1d2d_98,padel1d2d_99,padel1d2d_100,padel1d2d_101,padel1d2d_102,padel1d2d_103,padel1d2d_104,padel1d2d_105,padel1d2d_106,padel1d2d_107,padel1d2d_108,padel1d2d_109,padel1d2d_110,padel1d2d_111,padel1d2d_112,padel1d2d_113,padel1d2d_114,padel1d2d_115,padel1d2d_116,padel1d2d_117,padel1d2d_118,padel1d2d_119,padel1d2d_120,padel1d2d_121,padel1d2d_122,padel1d2d_123,padel1d2d_124,padel1d2d_125,padel1d2d_126,padel1d2d_127,padel1d2d_128,padel1d2d_129,padel1d2d_130,padel1d2d_131,padel1d2d_132,padel1d2d_133,padel1d2d_134,padel1d2d_135,padel1d2d_136,padel1d2d_137,padel1d2d_138,padel1d2d_139,padel1d2d_140,padel1d2d_141,padel1d2d_142,padel1d2d_143,padel1d2d_144,padel1d2d_145,padel1d2d_146,padel1d2d_147,padel1d2d_148,padel1d2d_149,padel1d2d_150,padel1d2d_151,padel1d2d_152,padel1d2d_153,padel1d2d_154,padel1d2d_155,padel1d2d_156,padel1d2d_157,padel1d2d_158,padel1d2d_159,padel1d2d_160,padel1d2d_161,padel1d2d_162,padel1d2d_163,padel1d2d_164,padel1d2d_165,padel1d2d_166,padel1d2d_167,padel1d2d_168,padel1d2d_169,padel1d2d_170,padel1d2d_171,padel1d2d_172,padel1d2d_173,padel1d2d_174,padel1d2d_175,padel1d2d_176,padel1d2d_177,padel1d2d_178,padel1d2d_179,padel1d2d_180,padel1d2d_181,padel1d2d_182,padel1d2d_183,padel1d2d_184,padel1d2d_185,padel1d2d_186,padel1d2d_187,padel1d2d_188,padel1d2d_189,padel1d2d_190,padel1d2d_191,padel1d2d_192,padel1d2d_193,padel1d2d_194,padel1d2d_195,padel1d2d_196,padel1d2d_197,padel1d2d_198,padel1d2d_199,padel1d2d_200,padel1d2d_201,padel1d2d_202,padel1d2d_203,padel1d2d_204,padel1d2d_205,padel1d2d_206,padel1d2d_207,padel1d2d_208,padel1d2d_209,padel1d2d_210,padel1d2d_211,padel1d2d_212,padel1d2d_213,padel1d2d_214,padel1d2d_215,padel1d2d_216,padel1d2d_217,padel1d2d_218,padel1d2d_219,padel1d2d_220,padel1d2d_221,padel1d2d_222,padel1d2d_223,padel1d2d_224,padel1d2d_225,padel1d2d_226,padel1d2d_227,padel1d2d_228,padel1d2d_229,padel1d2d_230,padel1d2d_231,padel1d2d_232,padel1d2d_233,padel1d2d_234,padel1d2d_235,padel1d2d_236,padel1d2d_237,padel1d2d_238,padel1d2d_239,padel1d2d_240,padel1d2d_241,padel1d2d_242,padel1d2d_243,padel1d2d_244,padel1d2d_245,padel1d2d_246,padel1d2d_247,padel1d2d_248,padel1d2d_249,padel1d2d_250,padel1d2d_251,padel1d2d_252,padel1d2d_253,padel1d2d_254,padel1d2d_255,padel1d2d_256,padel1d2d_257,padel1d2d_258,padel1d2d_259,padel1d2d_260,padel1d2d_261,padel1d2d_262,padel1d2d_263,padel1d2d_264,padel1d2d_265,padel1d2d_266,padel1d2d_267,padel1d2d_268,padel1d2d_269,padel1d2d_270,padel1d2d_271,padel1d2d_272,padel1d2d_273,padel1d2d_274,padel1d2d_275,padel1d2d_276,padel1d2d_277,padel1d2d_278,padel1d2d_279,padel1d2d_280,padel1d2d_281,padel1d2d_282,padel1d2d_283,padel1d2d_284,padel1d2d_285,padel1d2d_286,padel1d2d_287,padel1d2d_288,padel1d2d_289,padel1d2d_290,padel1d2d_291,padel1d2d_292,padel1d2d_293,padel1d2d_294,padel1d2d_295,padel1d2d_296,padel1d2d_297,padel1d2d_298,padel1d2d_299,padel1d2d_300,padel1d2d_301,padel1d2d_302,padel1d2d_303,padel1d2d_304,padel1d2d_305,padel1d2d_306,padel1d2d_307,padel1d2d_308,padel1d2d_309,padel1d2d_310,padel1d2d_311,padel1d2d_312,padel1d2d_313,padel1d2d_314,padel1d2d_315,padel1d2d_316,padel1d2d_317,padel1d2d_318,padel1d2d_319,padel1d2d_320,padel1d2d_321,padel1d2d_322,padel1d2d_323,padel1d2d_324,padel1d2d_325,padel1d2d_326,padel1d2d_327,padel1d2d_328,padel1d2d_329,padel1d2d_330,padel1d2d_331,padel1d2d_332,padel1d2d_333,padel1d2d_334,padel1d2d_335,padel1d2d_336,padel1d2d_337,padel1d2d_338,padel1d2d_339,padel1d2d_340,padel1d2d_341,padel1d2d_342,padel1d2d_343,padel1d2d_344,padel1d2d_345,padel1d2d_346,padel1d2d_347,padel1d2d_348,padel1d2d_349,padel1d2d_350,padel1d2d_351,padel1d2d_352,padel1d2d_353,padel1d2d_354,padel1d2d_355,padel1d2d_356,padel1d2d_357,padel1d2d_358,padel1d2d_359,padel1d2d_360,padel1d2d_361,padel1d2d_362,padel1d2d_363,padel1d2d_364,padel1d2d_365,padel1d2d_366,padel1d2d_367,padel1d2d_368,padel1d2d_369,padel1d2d_370,padel1d2d_371,padel1d2d_372,padel1d2d_373,padel1d2d_374,padel1d2d_375,padel1d2d_376,padel1d2d_377,padel1d2d_378,padel1d2d_379,padel1d2d_380,padel1d2d_381,padel1d2d_382,padel1d2d_383,padel1d2d_384,padel1d2d_385,padel1d2d_386,padel1d2d_387,padel1d2d_388,padel1d2d_389,padel1d2d_390,padel1d2d_391,padel1d2d_392,padel1d2d_393,padel1d2d_394,padel1d2d_395,padel1d2d_396,padel1d2d_397,padel1d2d_398,padel1d2d_399,padel1d2d_400,padel1d2d_401,padel1d2d_402,padel1d2d_403,padel1d2d_404,padel1d2d_405,padel1d2d_406,padel1d2d_407,padel1d2d_408,padel1d2d_409,padel1d2d_410,padel1d2d_411,padel1d2d_412,padel1d2d_413,padel1d2d_414,padel1d2d_415,padel1d2d_416,padel1d2d_417,padel1d2d_418,padel1d2d_419,padel1d2d_420,padel1d2d_421,padel1d2d_422,padel1d2d_423,padel1d2d_424,padel1d2d_425,padel1d2d_426,padel1d2d_427,padel1d2d_428,padel1d2d_429,padel1d2d_430,padel1d2d_431,padel1d2d_432,padel1d2d_433,padel1d2d_434,padel1d2d_435,padel1d2d_436,padel1d2d_437,padel1d2d_438,padel1d2d_439,padel1d2d_440,padel1d2d_441,padel1d2d_442,padel1d2d_443,padel1d2d_444,padel1d2d_445,padel1d2d_446,padel1d2d_447,padel1d2d_448,padel1d2d_449,padel1d2d_450,padel1d2d_451,padel1d2d_452,padel1d2d_453,padel1d2d_454,padel1d2d_455,padel1d2d_456,padel1d2d_457,padel1d2d_458,padel1d2d_459,padel1d2d_460,padel1d2d_461,padel1d2d_462,padel1d2d_463,padel1d2d_464,padel1d2d_465,padel1d2d_466,padel1d2d_467,padel1d2d_468,padel1d2d_469,padel1d2d_470,padel1d2d_471,padel1d2d_472,padel1d2d_473,padel1d2d_474,padel1d2d_475,padel1d2d_476,padel1d2d_477,padel1d2d_478,padel1d2d_479,padel1d2d_480,padel1d2d_481,padel1d2d_482,padel1d2d_483,padel1d2d_484,padel1d2d_485,padel1d2d_486,padel1d2d_487,padel1d2d_488,padel1d2d_489,padel1d2d_490,padel1d2d_491,padel1d2d_492,padel1d2d_493,padel1d2d_494,padel1d2d_495,padel1d2d_496,padel1d2d_497,padel1d2d_498,padel1d2d_499,padel1d2d_500,padel1d2d_501,padel1d2d_502,padel1d2d_503,padel1d2d_504,padel1d2d_505,padel1d2d_506,padel1d2d_507,padel1d2d_508,padel1d2d_509,padel1d2d_510,padel1d2d_511,padel1d2d_512,padel1d2d_513,padel1d2d_514,padel1d2d_515,padel1d2d_516,padel1d2d_517,padel1d2d_518,padel1d2d_519,padel1d2d_520,padel1d2d_521,padel1d2d_522,padel1d2d_523,padel1d2d_524,padel1d2d_525,padel1d2d_526,padel1d2d_527,padel1d2d_528,padel1d2d_529,padel1d2d_530,padel1d2d_531,padel1d2d_532,padel1d2d_533,padel1d2d_534,padel1d2d_535,padel1d2d_536,padel1d2d_537,padel1d2d_538,padel1d2d_539,padel1d2d_540,padel1d2d_541,padel1d2d_542,padel1d2d_543,padel1d2d_544,padel1d2d_545,padel1d2d_546,padel1d2d_547,padel1d2d_548,padel1d2d_549,padel1d2d_550,padel1d2d_551,padel1d2d_552,padel1d2d_553,padel1d2d_554,padel1d2d_555,padel1d2d_556,padel1d2d_557,padel1d2d_558,padel1d2d_559,padel1d2d_560,padel1d2d_561,padel1d2d_562,padel1d2d_563,padel1d2d_564,padel1d2d_565,padel1d2d_566,padel1d2d_567,padel1d2d_568,padel1d2d_569,padel1d2d_570,padel1d2d_571,padel1d2d_572,padel1d2d_573,padel1d2d_574,padel1d2d_575,padel1d2d_576,padel1d2d_577,padel1d2d_578,padel1d2d_579,padel1d2d_580,padel1d2d_581,padel1d2d_582,padel1d2d_583,padel1d2d_584,padel1d2d_585,padel1d2d_586,padel1d2d_587,padel1d2d_588,padel1d2d_589,padel1d2d_590,padel1d2d_591,padel1d2d_592,padel1d2d_593,padel1d2d_594,padel1d2d_595,padel1d2d_596,padel1d2d_597,padel1d2d_598,padel1d2d_599,padel1d2d_600,padel1d2d_601,padel1d2d_602,padel1d2d_603,padel1d2d_604,padel1d2d_605,padel1d2d_606,padel1d2d_607,padel1d2d_608,padel1d2d_609,padel1d2d_610,padel1d2d_611,padel1d2d_612,padel1d2d_613,padel1d2d_614,padel1d2d_615,padel1d2d_616,padel1d2d_617,padel1d2d_618,padel1d2d_619,padel1d2d_620,padel1d2d_621,padel1d2d_622,padel1d2d_623,padel1d2d_624,padel1d2d_625,padel1d2d_626,padel1d2d_627,padel1d2d_628,padel1d2d_629,padel1d2d_630,padel1d2d_631,padel1d2d_632,padel1d2d_633,padel1d2d_634,padel1d2d_635,padel1d2d_636,padel1d2d_637,padel1d2d_638,padel1d2d_639,padel1d2d_640,padel1d2d_641,padel1d2d_642,padel1d2d_643,padel1d2d_644,padel1d2d_645,padel1d2d_646,padel1d2d_647,padel1d2d_648,padel1d2d_649,padel1d2d_650,padel1d2d_651,padel1d2d_652,padel1d2d_653,padel1d2d_654,padel1d2d_655,padel1d2d_656,padel1d2d_657,padel1d2d_658,padel1d2d_659,padel1d2d_660,padel1d2d_661,padel1d2d_662,padel1d2d_663,padel1d2d_664,padel1d2d_665,padel1d2d_666,padel1d2d_667,padel1d2d_668,padel1d2d_669,padel1d2d_670,padel1d2d_671,padel1d2d_672,padel1d2d_673,padel1d2d_674,padel1d2d_675,padel1d2d_676,padel1d2d_677,padel1d2d_678,padel1d2d_679,padel1d2d_680,padel1d2d_681,padel1d2d_682,padel1d2d_683,padel1d2d_684,padel1d2d_685,padel1d2d_686,padel1d2d_687,padel1d2d_688,padel1d2d_689,padel1d2d_690,padel1d2d_691,padel1d2d_692,padel1d2d_693,padel1d2d_694,padel1d2d_695,padel1d2d_696,padel1d2d_697,padel1d2d_698,padel1d2d_699,padel1d2d_700,padel1d2d_701,padel1d2d_702,padel1d2d_703,padel1d2d_704,padel1d2d_705,padel1d2d_706,padel1d2d_707,padel1d2d_708,padel1d2d_709,padel1d2d_710,padel1d2d_711,padel1d2d_712,padel1d2d_713,padel1d2d_714,padel1d2d_715,padel1d2d_716,padel1d2d_717,padel1d2d_718,padel1d2d_719,padel1d2d_720,padel1d2d_721,padel1d2d_722,padel1d2d_723,padel1d2d_724,padel1d2d_725,padel1d2d_726,padel1d2d_727,padel1d2d_728,padel1d2d_729,padel1d2d_730,padel1d2d_731,padel1d2d_732,padel1d2d_733,padel1d2d_734,padel1d2d_735,padel1d2d_736,padel1d2d_737,padel1d2d_738,padel1d2d_739,padel1d2d_740,padel1d2d_741,padel1d2d_742,padel1d2d_743,padel1d2d_744,padel1d2d_745,padel1d2d_746,padel1d2d_747,padel1d2d_748,padel1d2d_749,padel1d2d_750,padel1d2d_751,padel1d2d_752,padel1d2d_753,padel1d2d_754,padel1d2d_755,padel1d2d_756,padel1d2d_757,padel1d2d_758,padel1d2d_759,padel1d2d_760,padel1d2d_761,padel1d2d_762,padel1d2d_763,padel1d2d_764,padel1d2d_765,padel1d2d_766,padel1d2d_767,padel1d2d_768,padel1d2d_769,padel1d2d_770,padel1d2d_771,padel1d2d_772,padel1d2d_773,padel1d2d_774,padel1d2d_775,padel1d2d_776,padel1d2d_777,padel1d2d_778,padel1d2d_779,padel1d2d_780,padel1d2d_781,padel1d2d_782,padel1d2d_783,padel1d2d_784,padel1d2d_785,padel1d2d_786,padel1d2d_787,padel1d2d_788,padel1d2d_789,padel1d2d_790,padel1d2d_791,padel1d2d_792,padel1d2d_793,padel1d2d_794,padel1d2d_795,padel1d2d_796,padel1d2d_797,padel1d2d_798,padel1d2d_799,padel1d2d_800,padel1d2d_801,padel1d2d_802,padel1d2d_803,padel1d2d_804,padel1d2d_805,padel1d2d_806,padel1d2d_807,padel1d2d_808,padel1d2d_809,padel1d2d_810,padel1d2d_811,padel1d2d_812,padel1d2d_813,padel1d2d_814,padel1d2d_815,padel1d2d_816,padel1d2d_817,padel1d2d_818,padel1d2d_819,padel1d2d_820,padel1d2d_821,padel1d2d_822,padel1d2d_823,padel1d2d_824,padel1d2d_825,padel1d2d_826,padel1d2d_827,padel1d2d_828,padel1d2d_829,padel1d2d_830,padel1d2d_831,padel1d2d_832,padel1d2d_833,padel1d2d_834,padel1d2d_835,padel1d2d_836,padel1d2d_837,padel1d2d_838,padel1d2d_839,padel1d2d_840,padel1d2d_841,padel1d2d_842,padel1d2d_843,padel1d2d_844,padel1d2d_845,padel1d2d_846,padel1d2d_847,padel1d2d_848,padel1d2d_849,padel1d2d_850,padel1d2d_851,padel1d2d_852,padel1d2d_853,padel1d2d_854,padel1d2d_855,padel1d2d_856,padel1d2d_857,padel1d2d_858,padel1d2d_859,padel1d2d_860,padel1d2d_861,padel1d2d_862,padel1d2d_863,padel1d2d_864,padel1d2d_865,padel1d2d_866,padel1d2d_867,padel1d2d_868,padel1d2d_869,padel1d2d_870,padel1d2d_871,padel1d2d_872,padel1d2d_873,padel1d2d_874,padel1d2d_875,padel1d2d_876,padel1d2d_877,padel1d2d_878,padel1d2d_879,padel1d2d_880,padel1d2d_881,padel1d2d_882,padel1d2d_883,padel1d2d_884,padel1d2d_885,padel1d2d_886,padel1d2d_887,padel1d2d_888,padel1d2d_889,padel1d2d_890,padel1d2d_891,padel1d2d_892,padel1d2d_893,padel1d2d_894,padel1d2d_895,padel1d2d_896,padel1d2d_897,padel1d2d_898,padel1d2d_899,padel1d2d_900,padel1d2d_901,padel1d2d_902,padel1d2d_903,padel1d2d_904,padel1d2d_905,padel1d2d_906,padel1d2d_907,padel1d2d_908,padel1d2d_909,padel1d2d_910,padel1d2d_911,padel1d2d_912,padel1d2d_913,padel1d2d_914,padel1d2d_915,padel1d2d_916,padel1d2d_917,padel1d2d_918,padel1d2d_919,padel1d2d_920,padel1d2d_921,padel1d2d_922,padel1d2d_923,padel1d2d_924,padel1d2d_925,padel1d2d_926,padel1d2d_927,padel1d2d_928,padel1d2d_929,padel1d2d_930,padel1d2d_931,padel1d2d_932,padel1d2d_933,padel1d2d_934,padel1d2d_935,padel1d2d_936,padel1d2d_937,padel1d2d_938,padel1d2d_939,padel1d2d_940,padel1d2d_941,padel1d2d_942,padel1d2d_943,padel1d2d_944,padel1d2d_945,padel1d2d_946,padel1d2d_947,padel1d2d_948,padel1d2d_949,padel1d2d_950,padel1d2d_951,padel1d2d_952,padel1d2d_953,padel1d2d_954,padel1d2d_955,padel1d2d_956,padel1d2d_957,padel1d2d_958,padel1d2d_959,padel1d2d_960,padel1d2d_961,padel1d2d_962,padel1d2d_963,padel1d2d_964,padel1d2d_965,padel1d2d_966,padel1d2d_967,padel1d2d_968,padel1d2d_969,padel1d2d_970,padel1d2d_971,padel1d2d_972,padel1d2d_973,padel1d2d_974,padel1d2d_975,padel1d2d_976,padel1d2d_977,padel1d2d_978,padel1d2d_979,padel1d2d_980,padel1d2d_981,padel1d2d_982,padel1d2d_983,padel1d2d_984,padel1d2d_985,padel1d2d_986,padel1d2d_987,padel1d2d_988,padel1d2d_989,padel1d2d_990,padel1d2d_991,padel1d2d_992,padel1d2d_993,padel1d2d_994,padel1d2d_995,padel1d2d_996,padel1d2d_997,padel1d2d_998,padel1d2d_999,padel1d2d_1000,padel1d2d_1001,padel1d2d_1002,padel1d2d_1003,padel1d2d_1004,padel1d2d_1005,padel1d2d_1006,padel1d2d_1007,padel1d2d_1008,padel1d2d_1009,padel1d2d_1010,padel1d2d_1011,padel1d2d_1012,padel1d2d_1013,padel1d2d_1014,padel1d2d_1015,padel1d2d_1016,padel1d2d_1017,padel1d2d_1018,padel1d2d_1019,padel1d2d_1020,padel1d2d_1021,padel1d2d_1022,padel1d2d_1023,padel1d2d_1024,padel1d2d_1025,padel1d2d_1026,padel1d2d_1027,padel1d2d_1028,padel1d2d_1029,padel1d2d_1030,padel1d2d_1031,padel1d2d_1032,padel1d2d_1033,padel1d2d_1034,padel1d2d_1035,padel1d2d_1036,padel1d2d_1037,padel1d2d_1038,padel1d2d_1039,padel1d2d_1040,padel1d2d_1041,padel1d2d_1042,padel1d2d_1043,padel1d2d_1044,padel1d2d_1045,padel1d2d_1046,padel1d2d_1047,padel1d2d_1048,padel1d2d_1049,padel1d2d_1050,padel1d2d_1051,padel1d2d_1052,padel1d2d_1053,padel1d2d_1054,padel1d2d_1055,padel1d2d_1056,padel1d2d_1057,padel1d2d_1058,padel1d2d_1059,padel1d2d_1060,padel1d2d_1061,padel1d2d_1062,padel1d2d_1063,padel1d2d_1064,padel1d2d_1065,padel1d2d_1066,padel1d2d_1067,padel1d2d_1068,padel1d2d_1069,padel1d2d_1070,padel1d2d_1071,padel1d2d_1072,padel1d2d_1073,padel1d2d_1074,padel1d2d_1075,padel1d2d_1076,padel1d2d_1077,padel1d2d_1078,padel1d2d_1079,padel1d2d_1080,padel1d2d_1081,padel1d2d_1082,padel1d2d_1083,padel1d2d_1084,padel1d2d_1085,padel1d2d_1086,padel1d2d_1087,padel1d2d_1088,padel1d2d_1089,padel1d2d_1090,padel1d2d_1091,padel1d2d_1092,padel1d2d_1093,padel1d2d_1094,padel1d2d_1095,padel1d2d_1096,padel1d2d_1097,padel1d2d_1098,padel1d2d_1099,padel1d2d_1100,padel1d2d_1101,padel1d2d_1102,padel1d2d_1103,padel1d2d_1104,padel1d2d_1105,padel1d2d_1106,padel1d2d_1107,padel1d2d_1108,padel1d2d_1109,padel1d2d_1110,padel1d2d_1111,padel1d2d_1112,padel1d2d_1113,padel1d2d_1114,padel1d2d_1115,padel1d2d_1116,padel1d2d_1117,padel1d2d_1118,padel1d2d_1119,padel1d2d_1120,padel1d2d_1121,padel1d2d_1122,padel1d2d_1123,padel1d2d_1124,padel1d2d_1125,padel1d2d_1126,padel1d2d_1127,padel1d2d_1128,padel1d2d_1129,padel1d2d_1130,padel1d2d_1131,padel1d2d_1132,padel1d2d_1133,padel1d2d_1134,padel1d2d_1135,padel1d2d_1136,padel1d2d_1137,padel1d2d_1138,padel1d2d_1139,padel1d2d_1140,padel1d2d_1141,padel1d2d_1142,padel1d2d_1143,padel1d2d_1144,padel1d2d_1145,padel1d2d_1146,padel1d2d_1147,padel1d2d_1148,padel1d2d_1149,padel1d2d_1150,padel1d2d_1151,padel1d2d_1152,padel1d2d_1153,padel1d2d_1154,padel1d2d_1155,padel1d2d_1156,padel1d2d_1157,padel1d2d_1158,padel1d2d_1159,padel1d2d_1160,padel1d2d_1161,padel1d2d_1162,padel1d2d_1163,padel1d2d_1164,padel1d2d_1165,padel1d2d_1166,padel1d2d_1167,padel1d2d_1168,padel1d2d_1169,padel1d2d_1170,padel1d2d_1171,padel1d2d_1172,padel1d2d_1173,padel1d2d_1174,padel1d2d_1175,padel1d2d_1176,padel1d2d_1177,padel1d2d_1178,padel1d2d_1179,padel1d2d_1180,padel1d2d_1181,padel1d2d_1182,padel1d2d_1183,padel1d2d_1184,padel1d2d_1185,padel1d2d_1186,padel1d2d_1187,padel1d2d_1188,padel1d2d_1189,padel1d2d_1190,padel1d2d_1191,padel1d2d_1192,padel1d2d_1193,padel1d2d_1194,padel1d2d_1195,padel1d2d_1196,padel1d2d_1197,padel1d2d_1198,padel1d2d_1199,padel1d2d_1200,padel1d2d_1201,padel1d2d_1202,padel1d2d_1203,padel1d2d_1204,padel1d2d_1205,padel1d2d_1206,padel1d2d_1207,padel1d2d_1208,padel1d2d_1209,padel1d2d_1210,padel1d2d_1211,padel1d2d_1212,padel1d2d_1213,padel1d2d_1214,padel1d2d_1215,padel1d2d_1216,padel1d2d_1217,padel1d2d_1218,padel1d2d_1219,padel1d2d_1220,padel1d2d_1221,padel1d2d_1222,padel1d2d_1223,padel1d2d_1224,padel1d2d_1225,padel1d2d_1226,padel1d2d_1227,padel1d2d_1228,padel1d2d_1229,padel1d2d_1230,padel1d2d_1231,padel1d2d_1232,padel1d2d_1233,padel1d2d_1234,padel1d2d_1235,padel1d2d_1236,padel1d2d_1237,padel1d2d_1238,padel1d2d_1239,padel1d2d_1240,padel1d2d_1241,padel1d2d_1242,padel1d2d_1243,padel1d2d_1244,padel1d2d_1245,padel1d2d_1246,padel1d2d_1247,padel1d2d_1248,padel1d2d_1249,padel1d2d_1250,padel1d2d_1251,padel1d2d_1252,padel1d2d_1253,padel1d2d_1254,padel1d2d_1255,padel1d2d_1256,padel1d2d_1257,padel1d2d_1258,padel1d2d_1259,padel1d2d_1260,padel1d2d_1261,padel1d2d_1262,padel1d2d_1263,padel1d2d_1264,padel1d2d_1265,padel1d2d_1266,padel1d2d_1267,padel1d2d_1268,padel1d2d_1269,padel1d2d_1270,padel1d2d_1271,padel1d2d_1272,padel1d2d_1273,padel1d2d_1274,padel1d2d_1275,padel1d2d_1276,padel1d2d_1277,padel1d2d_1278,padel1d2d_1279,padel1d2d_1280,padel1d2d_1281,padel1d2d_1282,padel1d2d_1283,padel1d2d_1284,padel1d2d_1285,padel1d2d_1286,padel1d2d_1287,padel1d2d_1288,padel1d2d_1289,padel1d2d_1290,padel1d2d_1291,padel1d2d_1292,padel1d2d_1293,padel1d2d_1294,padel1d2d_1295,padel1d2d_1296,padel1d2d_1297,padel1d2d_1298,padel1d2d_1299,padel1d2d_1300,padel1d2d_1301,padel1d2d_1302,padel1d2d_1303,padel1d2d_1304,padel1d2d_1305,padel1d2d_1306,padel1d2d_1307,padel1d2d_1308,padel1d2d_1309,padel1d2d_1310,padel1d2d_1311,padel1d2d_1312,padel1d2d_1313,padel1d2d_1314,padel1d2d_1315,padel1d2d_1316,padel1d2d_1317,padel1d2d_1318,padel1d2d_1319,padel1d2d_1320,padel1d2d_1321,padel1d2d_1322,padel1d2d_1323,padel1d2d_1324,padel1d2d_1325,padel1d2d_1326,padel1d2d_1327,padel1d2d_1328,padel1d2d_1329,padel1d2d_1330,padel1d2d_1331,padel1d2d_1332,padel1d2d_1333,padel1d2d_1334,padel1d2d_1335,padel1d2d_1336,padel1d2d_1337,padel1d2d_1338,padel1d2d_1339,padel1d2d_1340,padel1d2d_1341,padel1d2d_1342,padel1d2d_1343,padel1d2d_1344,padel1d2d_1345,padel1d2d_1346,padel1d2d_1347,padel1d2d_1348,padel1d2d_1349,padel1d2d_1350,padel1d2d_1351,padel1d2d_1352,padel1d2d_1353,padel1d2d_1354,padel1d2d_1355,padel1d2d_1356,padel1d2d_1357,padel1d2d_1358,padel1d2d_1359,padel1d2d_1360,padel1d2d_1361,padel1d2d_1362,padel1d2d_1363,padel1d2d_1364,padel1d2d_1365,padel1d2d_1366,padel1d2d_1367,padel1d2d_1368,padel1d2d_1369,padel1d2d_1370,padel1d2d_1371,padel1d2d_1372,padel1d2d_1373,padel1d2d_1374,padel1d2d_1375,padel1d2d_1376,padel1d2d_1377,padel1d2d_1378,padel1d2d_1379,padel1d2d_1380,padel1d2d_1381,padel1d2d_1382,padel1d2d_1383,padel1d2d_1384,padel1d2d_1385,padel1d2d_1386,padel1d2d_1387,padel1d2d_1388,padel1d2d_1389,padel1d2d_1390,padel1d2d_1391,padel1d2d_1392,padel1d2d_1393,padel1d2d_1394,padel1d2d_1395,padel1d2d_1396,padel1d2d_1397,padel1d2d_1398,padel1d2d_1399,padel1d2d_1400,padel1d2d_1401,padel1d2d_1402,padel1d2d_1403,padel1d2d_1404,padel1d2d_1405,padel1d2d_1406,padel1d2d_1407,padel1d2d_1408,padel1d2d_1409,padel1d2d_1410,padel1d2d_1411,padel1d2d_1412,padel1d2d_1413,padel1d2d_1414,padel1d2d_1415,padel1d2d_1416,padel1d2d_1417,padel1d2d_1418,padel1d2d_1419,padel1d2d_1420,padel1d2d_1421,padel1d2d_1422,padel1d2d_1423,padel1d2d_1424,padel1d2d_1425,padel1d2d_1426,padel1d2d_1427,padel1d2d_1428,padel1d2d_1429,padel1d2d_1430,padel1d2d_1431,padel1d2d_1432,padel1d2d_1433,padel1d2d_1434,padel1d2d_1435,padel1d2d_1436,padel1d2d_1437,padel1d2d_1438,padel1d2d_1439,padel1d2d_1440,padel1d2d_1441,padel1d2d_1442,padel1d2d_1443,AgonistP1AnagonistN1_label,ActivityValue_log_EC50
0,0,0,0,0,0,0,0,0,0,0,0,0,0,0,0,0,0,0,0,0,0,0,0,0,0,0,0,0,0,0,0,0,0,0,0,0,0,0,0,0,0,0,0,0,0,0,0,0,0,0,0,0,0,0,0,0,0,0,0,0,0,0,0,0,0,0,0,0,0,0,0,0,0,0,0,0,0,0,0,0,0,0,0,0,0,0,0,0,0,0,0,0,0,0,0,0,0,0,0,0,0,0,0,0,0,0,0,0,0,0,0,0,0,0,0,0,0,0,0,0,0,0,0,0,0,0,0,0,0,0,0,0,0,0,0,0,0,0,0,0,0,0,0,0,0,0,0,0,0,0,0,0,0,0,0,0,0,0,0,0,0,0,0,0,0,0,0,0,0,0,0,0,0,0,0,0,0,0,0,0,0,0,2,4,3,1,2,2,5,1,2,1,2,3,4,2,2,2,2,5,0,0,0,0,0,0,0,0,0,0,0,0,0,0,0,0,2,3,2,3,0,0,0,0,0,0,0,0,0,0,0,0,0,0,0,0,0,1,5,2,5,1,2,0,0,0,0,0,0,0,0,0,0,0,0,0,0,0,0,0,0,0,0,0,0,0,0,0,0,0,0,0,0,0,0,0,0,0,0,0,0,0,0,0,0,0,0,0,0,0,0,0,0,0,0,0,0,0,0,0,0,0,0,0,0,0,0,0,0,0,0,0,0,0,0,0,0,0,0,0,0,0,0,0,0,0,0,0,0,0,0,0,0,0,0,0,0,0,0,0,0,0,0,0,0,0,0,0,0,0,0,0,0,0,0,0,0,0,0,0,0,0,0,0,0,0,0,0,0,0,0,0,0,0,0,0,0,0,0,0,0,0,0,0,0,0,0,0,0,0,0,0,0,0,0,0,0,0,0,0,0,0,0,0,0,0,0,0,0,0,0,0,0,0,0,0,0,0,0,0,0,0,0,0,0,0,0,0,0,0,0,0,5,2,3,1,1,2,1,0,0,0,0,0,0,0,0,0,0,0,0,0,0,0,0,0,0,0,0,0,0,0,0,0,0,0,0,0,0,0,0,0,0,0,0,0,0,0,0,0,0,0,0,0,0,0,0,0,0,0,0,0,0,0,0,0,0,0,0,0,0,0,0,0,0,0,0,0,0,0,0,0,0,0,0,0,0,0,0,0,0,0,0,0,0,0,0,0,0,0,0,0,0,0,0,0,0,0,0,0,0,0,0,0,0,0,0,0,0,0,0,0,0,0,0,0,0,0,0,0,0,0,0,0,0,0,0,0,0,0,0,0,0,0,0,0,0,0,0,0,0,0,0,0,0,0,0,0,2,5,2,4,0,0,0,0,0,0,0,0,0,0,0,0,0,0,0,0,0,0,0,0,0,2,2,2,1,2,2,2,1,0,0,0,0,0,0,0,0,0,0,0,2,2,2,2,2,4,3,2,2,0,0,0,0,0,0,2,2,2,2,2,0,0,1,0,0,0,0,5,5,0,0,0,0,0,0,0,0,0,0,0,1,5,2,5,0,0,0,0,0,2,0,0,0,0,0,0,0,1,2,2,2,2,2,1,0,0,0,0,0,0,0,0,0,0,0,0,0,0,0,3,2,3,0,2,3,4,0,0,0,0,0,0,0,0,0,0,0,0,0,0,0,0,0,0,0,0,0,0,0,0,0,0,0,0,0,0,0,0,2,2,2,1,2,2,2,2,2,0,0,0,0,0,0,0,0,0,0,0,0,0,0,0,0,0,0,0,0,0,0,0,0,3,2,2,2,3,1,1,2,3,2,0,0,0,5,2,3,0,0,0,0,0,0,0,1,2,0,0,0,0,0,0,0,2,2,2,0,0,0,0,0,0,0,0,0,0,0,0,0,0,0,0,0,0,0,0,0,0,0,0,0,0,0,0,0,0,0,0,0,0,0,0,0,0,0,0,0,0,0,0,0,0,0,0,0,0,0,0,0,0,0,0,0,0,0,0,0,0,0,0,0,0,0,2,5,4,0,1,1,2,2,2,2,2,3,2,0,0,0,3,2,2,3,0,0,0,0,0,0,0,0,0,0,0,0,2,2,0,0,0,0,0,0,0,0,0,0,0,0,0,0,0,0,0,0,0,0,0,0,0,0,0,0,0,0,0,0,0,2,2,2,2,4,5,0,0,0,0,0,0,0,0,0,0,0,0,0,0,0,0,0,0,0,0,0,0,0,0,0,0,0,0,0,0,0,0,0,0,3,0,0,0,0,0,0,0,0,0,0,0,0,0,0,0,0,0,0,0,0,0,0,0,0,0,0,2,3,0,0,0,0,0,0,2,2,5,5,1,1,0,0,0,0,0,0,0,0,0,0,0,0,0,0,0,0,0,0,0,0,0,0,2,1,2,0,0,0,0,0,0,0,0,0,3,3,5,0,0,1,5,0,0,0,0,0,0,0,0,0,0,0,0,0,0,0,3,2,0,0,0,0,2,2,2,0,0,0,0,2,2,2,2,1,0,0,0,2,3,2,2,2,1,0,0,2,2,1,2,2,0,0,0,0,0,0,0,0,0,0,0,0,1,2,3,0,0,0,0,0,0,0,0,0,0,0,0,0,0,0,0,0,0,0,0,0,0,0,0,0,0,0,0,0,0,0,0,0,0,0,0,0,0,0,1,2,0,0,0,0,1,0,0,0,0,0,0,0,0,0,0,0,0,0,0,0,0,0,0,0,0,0,0,0,0,0,0,0,0,0,0,0,0,0,0,0,0,0,0,0,0,0,0,0,0,0,0,0,0,0,0,0,0,0,0,0,0,0,0,0,0,0,0,0,0,0,0,0,0,0,0,0,0,0,0,0,0,0,0,0,0,0,0,0,0,0,5,2,0,0,0,0,0,0,4,2,0,0,0,0,0,0,0,0,0,0,0,0,1,3,3,2,0,0,0,0,0,0,0,0,0,0,0,0,0,0,0,0,0,0,0,0,0,0,0,0,0,0,0,0,0,0,0,0,0,0,0,0,0,0,0,0,0,0,0,2,1,0,0,0,0,0,0,0,0,0,0,0,0,0,0,0,0,0,0,0,0,0,0,2,2,2,5,0,0,0,0,0,0,0,2,2,0,0,0,0,0,0,0,0,2,2,2,1,0,0,0,0,2,2,2,2,0,2,1,2,2,2,0,2,2,0,0,0,0,0,0,0,0,0,0,0,0,0,0,0,0,0,0,1,2,2,0,0,0,0,0,0,0,0,0,0,0,0,0,0,0,0,2,2,5,2,2,1,0,0,0,0,0,0,0,3,2,0,3,4,2,4,1,1,2,0,1,1,4,3,3,3,1,3,4,1,1,0,4,0,0,1,3,2,2,2,4,0,3,1,2,2,3,4,0,2,1,3,1,0,1,2,4,0,0,1,4,2,1,1,2,0,2,3,4,1,2,4,0,3,4,4,2,0,3,1,3,3,1,4,4,1,3,4,2,2,0,2,3,3,3,2,4,0,4,3,3,1,3,2,3,0,4,3,0,2,4,0,4,4,2,0,2,4,2,3,2,3,1,0,2,2,1,0,3,2,2,2,4,4,0,3,3,0,3,2,4,2,0,1,1,0,0,3,0,1,3,1,1,3,2,4,0,0,0,1,0,4,0,3,4,2,3,3,4,2,0,2,2,0,0,1,4,3,1,2,0,4,0,4,4,2,4,3,2,0,3,0,1,2,3,3,3,4,1,3,1,2,0,1,0,3,0,1,2,0,3,2,2,2,4,0,0,2,1,4,3,3,2,0,3,2,3,3,2,4,2,3,4,0,0,1,2,4,4,0,0,2,2,3,4,1,2,4,1,0,0,1,1,1,4,3,2,4,3,4,1,1,1,1,3,0,0,0,1,1,4,4,3,4,0,2,3,4,0,0,3,3,0,2,1,1,4,4,1,4,0,4,0,1,4,1,4,2,3,4,2,2,0,1,3,4,4,2,4,2,4,4,4,2,4,1,2,1,4,3,0,0,4,4,3,4,0,3,3,0,0,3,3,4,4,1,3,1,4,1,2,3,4,2,1,1,2,0,0,0,3,4,3,4,2,2,3,4,2,2,4,0,3,2,1,1,4,1,2,1,4,4,3,0,0,3,0,0,0,0,0,0,0,0,0,0,0,0,0,0,0,0,0,0,0,0,0,0,0,0,0,0,0,0,0,0,0,0,0,0,0,0,0,0,0,0,0,0,0,0,0,0,0,0,0,0,0,0,0,0,0,0,0,0,0,0,0,0,0,0,0,0,0,0,0,0,0,0,0,0,0,0,0,0,0,0,0,2,1,2,0,2,2,2,3,3,2,2,3,1,2,2,0,0,0,0,0,0,0,2,3,2,3,3,5,4,0,2,5,0,5,2,0,0,0,0,2,2,5,2,0,0,0,0,0,0,0,0,0,0,0,0,0,0,0,0,0,0,0,0,0,0,0,0,0,0,0,0,0,0,0,0,0,0,0,0,0,0,0,0,0,0,0,0,0,0,0,0,0,0,0,0,0,0,0,0,0,0,0,0,0,0,0,0,0,0,0,0,0,0,0,0,0,0,0,0,0,0,0,0,0,0,0,0,0,0,0,0,0,0,0,0,0,0,0,0,2,1,1,1,5,5,3,1,1,5,4,1,3,1,3,3,0,0,0,0,0,0,0,0,0,0,0,0,0,0,0,0,0,0,0,0,0,0,0,0,0,0,0,0,0,0,0,0,0,0,0,0,0,0,0,0,0,0,0,0,0,0,0,0,0,0,0,0,0,0,0,0,0,0,0,0,0,0,0,0,0,0,0,0,0,0,0,0,0,0,0,0,0,0,0,0,0,0,0,0,0,0,0,0,0,0,0,0,0,0,0,0,0,0,0,0,0,0,0,0,0,0,0,0,0,0,0,0,0,0,0,0,0,0,0,0,0,0,0,0,0,0,0,0,0,0,0,0,0,0,0,0,0,0,0,0,0,0,0,0,0,0,0,0,0,0,0,0,0,0,0,0,0,0,0,0,0,0,0,0,0,0,0,0,0,0,0,0,0,0,0,0,0,0,0,0,0,0,0,0,0,0,0,0,0,0,0,0,0,0,0,0,0,0,0,0,0,0,0,0,0,0,0,0,0,0,0,0,0,0,0,0,0,0,0,0,0,0,0,0,0,0,0,0,0,0,0,0,0,0,0,0,0,0,0,0,0,0,0,0,0,0,0,0,0,0,0,0,0,0,0,0,0,0,0,0,0,0,0,0,0,0,0,0,0,0,0,0,0,0,0,0,0,0,0,0,0,0,0,0,3,3,2,3,2,2,4,2,3,1,1,2,5,5,1,2,1,0,0,0,0,0,0,0,0,0,0,0,0,0,0,0,0,0,0,0,0,0,0,0,0,0,0,0,0,0,0,0,0,0,0,0,0,0,0,0,0,0,0,0,0,0,0,0,0,0,0,0,0,0,0,0,0,0,0,0,0,0,0,0,0,0,0,0,0,0,0,0,0,0,0,0,0,0,0,0,0,0,0,0,0,0,0,0,0,0,0,0,0,0,0,0,0,0,0,0,0,0,0,0,0,0,0,0,0,0,0,0,0,0,0,0,0,0,0,0,0,0,0,0,0,0,0,0,0,0,1,1,2,4,1,3,2,3,1,3,4,5,3,3,1,3,5,4,1,2,4,3,3,1,3,3,1,3,1,1,2,1,3,2,2,5,3,2,2,3,4,1,2,2,4,0,0,0,0,0,0,0,0,0,0,0,0,0,0,0,0,0,0,0,0,0,0,0,0,0,0,0,1,0,0,0,0,0,0,0,0,0,0,0,0,0,0,0,0,0,0,1,0,0,0,0,0,0,0,0,0,1,0,0,0,0,0,0,0,0,0,0,0,0,0,0,0,0,0,1,0,1,0,0,0,0,0,0,0,0,0,0,1,0,0,0,1,0,0,0,0,0,0,0,0,0,0,0,1,0,0,0,0,0,0,0,0,0,0,0,0,0,0,0,0,0,0,0,0,0,0,0,0,0,0,0,0,0,0,0,0,0,0,0,0,0,0,0,0,0,0,0,0,0,0,0,0,0,0,1,0,0,0,0,1,0,0,0,0,0,0,0,0,0,0,0,0,0,0,0,0,0,0,0,0,0,0,0,0,0,1,0,0,0,0,0,0,0,0,0,0,0,0,1,0,0,0,0,0,0,0,0,0,0,0,0,0,0,0,0,0,1,0,0,0,0,0,0,0,0,0,0,0,0,0,0,1,0,0,0,0,0,0,0,0,0,0,0,0,0,0,0,0,0,1,0,1,0,0,0,0,0,0,0,0,0,0,1,0,0,0,0,0,0,0,0,1,0,0,0,0,0,0,1,0,0,0,0,0,0,0,0,0,1,0,0,0,0,0,0,0,0,0,0,0,0,0,0,0,0,0,0,0,0,0,0,0,0,0,0,0,0,1,0,0,1,0,0,0,0,1,0,0,0,0,0,0,0,0,0,1,0,0,0,0,0,0,0,0,0,1,0,0,1,0,0,0,0,0,0,0,0,0,0,0,1,0,0,0,0,0,0,0,1,0,0,0,0,0,0,1,0,0,0,1,0,0,1,0,1,0,0,0,0,0,0,0,0,0,1,0,0,0,0,0,1,1,0,0,0,0,0,0,0,0,0,0,1,0,1,0,0,0,0,0,1,0,0,0,0,0,0,1,0,0,1,0,0,0,0,0,0,0,0,0,0,0,0,0,0,0,0,0,0,0,0,0,0,0,0,0,0,0,0,0,0,0,0,0,0,0,0,0,0,0,0,0,0,0,0,0,0,0,0,0,1,0,0,0,0,0,0,0,0,0,0,0,0,0,0,0,0,0,0,0,0,0,0,0,0,0,0,0,0,0,0,0,0,0,0,0,0,0,0,0,0,0,1,0,0,0,0,0,0,0,0,0,0,0,0,0,0,0,1,0,0,1,0,0,0,0,0,0,0,0,0,0,0,0,0,0,0,0,1,0,0,0,0,0,0,0,0,0,0,0,0,0,0,0,0,0,0,0,0,0,0,0,0,0,0,1,0,0,0,0,0,0,0,0,0,0,0,0,0,0,0,0,0,0,0,0,0,0,0,0,0,0,0,0,0,0,1,0,0,0,0,0,0,0,0,0,0,0,0,0,1,0,0,0,0,0,0,0,0,0,0,0,0,0,0,0,0,0,0,0,0,0,0,0,0,0,0,0,0,0,0,0,0,0,0,0,0,0,0,1,0,0,0,1,0,0,0,0,0,1,0,0,0,0,0,0,0,0,0,0,0,0,0,0,0,0,0,0,1,0,0,0,0,0,0,0,0,0,0,0,0,0,0,0,0,0,0,0,1,0,0,0,0,0,0,0,0,0,0,0,0,0,0,0,0,0,0,0,0,0,0,1,0,1,0,0,0,0,0,1,0,0,0,0,0,0,0,0,0,0,0,0,1,0,1,1,0,0,0,0,0,0,1,0,0,0,0,0,0,0,0,0,0,0,0,0,0,0,0,0,1,0,0,0,0,0,0,0,1,0,0,0,0,0,0,0,0,0,0,0,0,0,0,0,0,0,0,0,0,0,0,0,0,0,0,0,0,0,0,0,1,0,0,0,0,0,0,0,0,0,0,0,0,0,0,0,0,0,0,0,0,0,0,0,1,0,0,0,0,0,0,0,0,0,0,0,0,0,0,0,0,0,1,0,0,1,0,0,0,0,0,0,0,0,0,1,0,0,0,0,0,0,0,0,0,0,0,0,1,0,0,0,0,0,0,0,0,0,0,1,0,0,0,0,0,0,1,0,0,1,0,0,0,0,0,0,0,0,0,0,0,0,0,0,0,0,0,0,0,0,0,0,0,0,0,0,1,0,0,1,0,0,0,0,0,0,0,0,1,0,0,0,0,0,0,0,0,0,0,0,0,0,0,0,0,0,0,0,0,0,0,0,0,0,0,0,0,0,0,0,0,0,0,0,0,0,0,1,0,1,0,0,0,0,0,0,0,0,0,0,0,0,0,0,0,0,0,0,0,0,0,0,0,0,0,0,0,0,0,0,0,0,0,0,0,0,0,0,0,0,0,0,1,0,1,0,0,1.0,0.2527999999999997,0.0639078399999998,49.25770000000001,68.74423899999995,22.0,24.0,56.0,33.0,23.0,0.0,25.0,3.0,4.0,1.0,0.0,0.0,0.0,0.0,0.0,0.0,6270.276248000011,6565.049430999998,9486.74160600001,9463.801139000005,9351.058983999994,8102.901825000006,7723.023824000005,8053.7522590000035,6774.137907,13495.13152993378,17021.751163262652,24314.64040766272,25000.019820966405,24074.727806812363,23177.527577340952,22195.358622356354,21351.69890405178,20146.16649889404,435.7931929999996,470.19542400000046,779.3290159999999,950.5646360000002,992.3871980000006,863.51624,878.7094700000002,828.0590040000002,803.0253339999998,94.56141281152684,117.4643428059999,173.43648760394322,183.68266496958424,179.0922373155273,173.27929577103728,165.83997906018826,159.69499663243317,149.42891515988617,8905.820037647827,8650.056857615953,15092.782254824328,18948.87923704369,20242.131833295043,17428.48472750649,17941.230699029147,16798.277445669522,16408.71560083526,234.6978737997256,194.3827160493828,323.5679012345679,343.7129629629629,368.1913580246913,298.175925925926,323.7654320987654,280.03703703703707,292.69135802469134,111.96921871428592,109.41749051666665,94.86741606000012,76.94147267479677,73.63038570078736,72.34733772321434,68.34534357522129,74.57178017592595,64.51559911428572,240.9844916059604,283.6958527210442,243.1464040766272,203.2521936663936,189.5647858804123,206.9422105119728,196.4191028527111,197.7009157782572,191.8682523704194,7.782021303571422,7.836590400000007,7.793290159999999,7.728167772357725,7.814072425196855,7.709966428571429,7.776190000000002,7.667213000000002,7.647860323809522,1.6885966573486937,1.957739046766665,1.734364876039432,1.4933549997527171,1.410175096972656,1.5471365693842614,1.467610434160958,1.4786573762262332,1.423132525332249,159.03250067228262,144.16761429359923,150.92782254824328,154.05592875645277,159.38686482909483,155.61147078130793,158.77195308875352,155.5396059784215,156.27348191271676,4.191033460709385,3.239711934156379,3.235679012345679,2.7944143330322184,2.899144551375522,2.662285052910053,2.8651808150333222,2.5929355281207136,2.7875367430922986,0.7900782244057833,-0.4122444041707943,0.0016549596561867,-0.0075645603383747,0.0967117906627458,-0.2002922764428858,0.1516185980771293,0.0957010437777959,-0.1614924751025404,2466.4284034285724,171.6702638979599,380.7882090204089,-119.51705895918336,196.22633436734648,-1172.2162898571414,-641.1482073469385,206.7595729591836,-607.8749198571429,2830.9022941884823,72.80215146068139,71.12167009687295,-547.6162121522648,444.9940118981203,-423.16464749090017,-296.3407140865934,-126.84679249662928,-670.4252851496738,4.441635125000002,0.1315479374999964,1.0125648124999962,-0.6281893281250015,-0.9483090156250048,-1.2156748749999993,-0.2479763593750028,0.5823354375000014,-0.6334132343749977,15.606344593864112,0.5337349105830667,1.3832515450724432,-5.340400924700814,3.514400945113612,-4.61481739583749,2.2566433565912667,-1.828187990455055,-5.109776788366477,88.03428562947681,-4.950279413179548,10.414108421057849,-47.38061771434619,-0.9140201137033064,-8.33410810454202,46.007786083867806,-8.281589110490808,-21.08281160513276,70.18993116794051,-2.366171597239717,26.71587835236977,-8.597180776888933,-20.358959125059485,-2.686661032725836,-18.59538408341732,-3.81976069748886,-6.897665129580623,0.0141085397215318,-0.0068707400695132,1.654959656186739e-05,-6.150049055589214e-05,0.0007615101626987,-0.0017883238968114,0.0013417575051073,0.0008861207757203,-0.0015380235724051,44.0433643469388,2.8611710649659985,3.807882090204089,-0.9716834061722226,1.54508924698698,-10.466216873724475,-5.67387794112335,1.9144404903628105,-5.7892849510204085,50.55182668193719,1.2133691910113564,0.7112167009687295,-4.452164326441177,3.503889857465514,-3.778255781168752,-2.6224841954565785,-1.1745073379317528,-6.385002715711178,0.0793149129464286,0.0021924656249999,0.0101256481249999,-0.0051072303099593,-0.0074670001230315,-0.0108542399553571,-0.0021944810564159,0.0053919947916666,-0.0060325069940475,0.2786847248904305,0.0088955818430511,0.0138325154507244,-0.0434178936967545,0.0276724483867213,-0.041203726748549,0.0199702951910731,-0.0169276665782875,-0.0486645408415854,1.572040814812086,-0.0825046568863257,0.1041410842105785,-0.3852082741003755,-0.0071970087693173,-0.0744116795048394,0.4071485494147593,-0.0766813806526926,-0.2007886819536452,1.2533916279989377,-0.0394361932873286,0.2671587835236977,-0.0698957786738937,-0.1603067647642479,-0.0239880449350521,-0.1645609210921887,-0.0353681546063783,-0.0656920488531487,-0.4869915813489479,0.0011730198084646,-0.0043590968143948,0.0539751227078874,-0.1267547125435113,0.0951025075302163,0.0628074055295725,-0.1090136614250645,0.0649625910143456,0.0864575662342369,-0.0220619705279112,0.0350810904184337,-0.2376343639709241,-0.1288248076697553,0.0434671719281561,-0.13144511180883,0.0240024796461985,0.0140690603614301,-0.0880712848311768,0.0693128238374321,-0.074740242423698,-0.051877140107256,-0.0232337269496023,-0.1263060730897904,0.0276425396379214,0.1276638623034119,-0.0643918037634224,-0.0941437094947698,-0.1368499258479723,-0.0276679501356594,0.0679821056515384,-0.0760576639366938,0.0319198759334533,0.0496349968810199,-0.1557957427118585,0.0992966098073772,-0.1478506823965645,0.0716590950541864,-0.0607412788230246,-0.1746222038567731,-0.052482515790271,0.0662457890592535,-0.2450370693119831,-0.0045781309883978,-0.0473344450116801,0.2589936250881806,-0.0487782377723181,-0.1277248529820433,-0.0314635844107952,0.2131486899670948,-0.0557653147767419,-0.1278983848170268,-0.0191385073900241,-0.1312925006168368,-0.0282179598270049,-0.0524114310209868,1.4844886455204769,1.0286150034396202,1.0262550955784702,1.0246752869533766,0.9919949969942352,0.7895212809070178,0.8705069990456185,0.8349212550052207,0.7060563686763565,0.809050991446219,1.1013325191329075,1.090856433135441,1.4405954677408932,1.0880408966872863,1.0384824764351894,1.0988010496779634,0.872301411090096,0.9147900378677856,1.0727962832382445,0.9034189282195096,1.059651031926529,0.9958249870455844,1.024642490412314,1.1070581138634012,0.7508927807301595,0.6960099857369532,1.0322108764766786,1.2533945901303345,0.9286698569707474,0.9914401508228544,0.8011513740299262,0.8974358449645435,0.9101483511627558,0.924768039981232,1.2375832627008243,0.9621790287360896,1.3133716279506615,0.8777851390765309,1.139956682377406,1.1581634819581066,1.1184922420855865,1.0008232219684845,1.24309295700848,1.018861110640293,1.1473740304974365,0.7971595246730884,1.0536549990709854,1.1401065928023688,0.6999131748669222,0.4418136695709675,0.9272398887410022,1.223806915024739,0.5672312045253175,0.9764401180193214,0.7044911224658006,0.9027553565552388,332.87964438670366,166.9759091473552,248.37129948817184,334.43538031743947,10.134405464164836,166.9759091473552,2.053571428571217,0.0372690507366535,0.0011293651738379,-10.855653717875963,579.4153126656294,17.558039777746345,20.994664394462472,332.94627001475715,167.00694438880436,248.41545476530263,334.49924088920733,10.136340633006286,167.00694438880436,2.0499215542742206,0.0370416795931101,0.0011224751391851,-10.875848031991422,578.8291359622912,17.540276847342156,20.99132419578773,428.8182716696633,213.210949373936,319.656344759151,427.14807236053593,12.943880980622303,213.210949373936,-2.396372921791368,0.0427675303726357,0.0012959857688677,-10.40152113151069,476.104429096289,14.427406942311787,20.34660282278895,349.8653876546349,175.5576227581064,263.95434790450315,351.17137566211284,10.641556838245844,175.5576227581064,1.4861242843714706,0.13387849913333,0.0040569242161615,-6.635714623687623,557.3338563865799,16.888904738987268,20.866442663446925,481.9760669761743,238.23058814636423,355.30567284941344,478.7373672842644,14.507192948008012,238.23058814636423,-5.459584580867954,0.1507473357418579,0.0045681010830866,-6.244095385721141,425.2554723796415,12.886529466049742,19.973877329375604,351.8874598654403,176.3818329801243,265.2535160704256,353.01352547555746,10.697379559865375,176.3818329801243,1.2813850046161406,0.1009759534245464,0.0030598773765014,-7.566480488797128,682.9156119471544,20.694412483247103,21.537025279951635,424.2103343836012,210.66298501156945,331.8302837762496,424.7741889588169,12.871945119964154,210.66298501156945,1.2446666666668025,0.6441114293990873,0.0195185281636087,-1.4516156847324495,412.1574317267327,12.489619143234323,19.870637794271367,1.0,11.900000000000013,31.97207267226249,-0.360767348160258,0.2646857179197112,4.006222839508112,12.307346844771962,37.0,60.0,59.0,35.0,12.0,1.0,1.0,0.0,0.0,25.0,35.513760999999995,4.305794942069783,3.9478368755609465,3.770200765341597,3.7181965817520295,3.544846725333571,3.169355349818918,3.0913773266744085,2.915314777129799,1.98900859719619,1.919938183778536,1.908071977728528,1.80444939293872,1.4619430020164697,1.4275794892282403,1.2254566434360856,1.082250302016948,3.9885312068075662,3.8542112153507655,3.742020502557262,3.640296267594661,3.381890208665957,3.088439610262101,2.9009963521569784,2.785133383282796,1.999790164035797,1.9504364271405883,1.8896700704811724,1.7957142370817858,1.5624039759460526,1.4255942665317154,1.3707513826477198,1.179419218491584,4.072624024187999,3.9103401662919337,3.821698134308622,3.771644550609466,3.5493140533904746,3.2606708239232955,3.115036204730173,2.9645398484821155,1.914006266539291,1.8001627039902022,1.7711830761028662,1.6978452430546431,1.4545266448242955,1.2152911108204285,1.1471054524452098,0.8742075815173725,4.04451926097606,3.868297912825964,3.746508868548368,3.632407529516892,3.3507636941220302,3.131634650843885,2.887185384613291,2.748391887823624,2.00436672943509,1.9501079037513225,1.8787451929004044,1.7819740328568792,1.5330635930799363,1.4377155774239818,1.4115923519410327,1.2177402848088204,4.084311115181753,3.925860979650213,3.8513495553219927,3.799397925082882,3.573527154697911,3.313404622157469,3.130949526417149,2.977316982826016,1.9008279794081484,1.778254198475482,1.7279773643306873,1.6816128679071654,1.4483476275888585,1.1873655919333952,1.1045766710785605,0.8628685097241593,4.799351622378249,4.224608966022736,3.955178105747114,3.8167103352338887,3.76462499237933,3.68221436903317,3.477510187891453,3.114264942601793,1.930710282375391,1.876808943022273,1.7864602098687867,1.749962890603422,1.6125134375258106,1.2708452572323918,1.0906467789193313,0.8343402315896585,0.0,0.0,3.0,14.0,2.0,4.0,1.0,1.0,0.0,0.0,0.1666666666666666,0.4281523501253911,0.8416493416985931,1.082500876399087,0.0,0.1290994448735805,0.2646375775258295,0.3959663012918548,0.465395717634989,2.1192460110823474,0.0,0.3860827634879543,0.0,1.1753709027952643,0.0,0.1346854511057808,0.0,4.807118047186454,6.958787483040531,9.02610866150482,2.310065950949466,3.131583326844707,3.459743346521292,22.78588180363028,16.084851333567983,14.600596800214984,12.321834868186926,10.003854164273571,7.940119656701397,5.343698045354452,4.1225220064889285,0.6904812667766752,0.4347257117180536,0.280780707696442,0.1785773169302453,0.1136801609576542,0.0749067892141641,0.0460663624599521,0.0296584317013592,18.917624210615084,11.645712481858938,9.149250942013722,6.794100869240596,4.904400416067112,3.28523278181798,1.969695419242551,1.2738029314845212,0.5732613397156087,0.3147489859961875,0.1759471335002639,0.0984652299889941,0.0557318229098535,0.0309927620926224,0.0169801329245047,0.0091640498667951,37.5511616120497,56.5990531682448,54.827450980392086,55.50000000000006,39.81690958083836,420.7821550898204,0.6705564573580304,1.010697378004371,0.9790616246498588,0.9910714285714296,0.7110162425149706,7.513967055175364,5.266570000000005,130.64080000000007,352.652485063738,514.2109939336522,705.304970127476,21.372877882650783,352.652485063738,0.1836888661896547,0.0055663292784743,-5.591889260941935,465.6065504002126,14.109289406067049,20.273025184655904,1101.0,1.0,0.0,6.0,19.0,1.0,0.0,1.0,0.0,0.0,1.0,0.0,0.0,0.0,1.0,0.0,0.0,0.0,0.0,0.0,0.0,0.0,0.0,0.0,0.0,0.0,10.0,0.0,5.0,1.0,0.0,10.0,0.0,0.0,0.0,0.0,0.0,0.0,0.0,0.0,1.0,0.0,4.0,0.0,0.0,10.0,1.0,0.0,0.0,1.0,8.0,0.0,0.0,0.0,0.0,0.0,0.0,0.0,0.0,0.0,0.0,0.0,2.0,1.0,0.0,0.0,0.0,1.0,1.0,1.0,1.0,0.0,0.0,0.0,0.0,0.0,0.0,0.0,0.0,0.0,0.0,0.0,0.0,0.0,0.0,0.0,0.0,1.0,0.0,0.0,0.0,0.0,0.0,0.0,0.0,0.0,0.0,0.0,0.0,0.0,0.0,0.0,0.0,0.0,0.0,0.0,0.0,0.0,0.0,0.0,0.0,0.0,0.0,0.0,0.0,0.0,0.0,0.0,0.0,0.0,0.6241927506040617,0.0,32.335855185659746,26.603184646027174,6.897227503187539,0.0,1.3866189085335672,0.0,0.0,-0.9242051219556608,0.0,0.0,0.0,0.6241927506040617,0.0,0.0,0.0,0.0,0.0,0.0,0.0,0.0,0.0,0.0,0.0,5.3704955514339625,0.0,2.7469501954362765,0.6451728932270023,0.0,5.3704955514339625,0.0,0.0,0.0,0.0,0.0,0.0,0.0,0.0,2.150462415544972,0.0,3.100915446874298,0.0,0.0,19.60822611664162,-0.2177033888274033,0.0,0.0,-0.6921520877763381,7.68711061716189,0.0,0.0,0.0,0.0,0.0,0.0,0.0,0.0,0.0,0.0,0.0,9.008767176202692,2.2214594885821226,0.0,0.0,0.0,9.09042230527836,11.04983596254964,5.852437040006677,5.602340978325827,0.0,0.0,0.0,0.0,0.0,0.0,0.0,0.0,0.0,0.0,0.0,0.0,0.0,0.0,0.0,0.0,-1.4806405890828798,0.0,0.0,0.0,0.0,0.0,0.0,0.0,0.0,0.0,0.0,0.0,0.0,0.0,0.0,0.0,0.0,0.0,0.0,0.0,0.0,0.0,0.0,0.0,0.0,0.0,0.0,0.0,0.0,0.0,0.0,0.0,0.0,0.6241927506040617,0.0,-1.4806405890828798,-0.6921520877763381,6.897227503187539,0.0,1.3866189085335672,0.0,0.0,-0.9242051219556608,0.0,0.0,0.0,0.6241927506040617,0.0,0.0,0.0,0.0,0.0,0.0,0.0,0.0,0.0,0.0,0.0,0.4176367473131993,0.0,0.4028965902794288,0.6451728932270023,0.0,0.4176367473131993,0.0,0.0,0.0,0.0,0.0,0.0,0.0,0.0,2.150462415544972,0.0,0.644992207481355,0.0,0.0,1.8978635551945229,-0.2177033888274033,0.0,0.0,-0.6921520877763381,0.5060250797850008,0.0,0.0,0.0,0.0,0.0,0.0,0.0,0.0,0.0,0.0,0.0,4.299294418754646,2.2214594885821226,0.0,0.0,0.0,9.09042230527836,11.04983596254964,5.852437040006677,5.602340978325827,0.0,0.0,0.0,0.0,0.0,0.0,0.0,0.0,0.0,0.0,0.0,0.0,0.0,0.0,0.0,0.0,-1.4806405890828798,0.0,0.0,0.0,0.0,0.0,0.0,0.0,0.0,0.0,0.0,0.0,0.0,0.0,0.0,0.0,0.0,0.0,0.0,0.0,0.0,0.0,0.0,0.0,0.0,0.0,0.0,0.0,0.0,0.0,0.0,0.0,0.0,0.6241927506040617,0.0,11.04983596254964,2.2981969166862743,6.897227503187539,0.0,1.3866189085335672,0.0,0.0,0.0,0.0,0.0,0.0,0.6241927506040617,0.0,0.0,0.0,0.0,0.0,0.0,0.0,0.0,0.0,0.0,0.0,0.5878071189715275,0.0,0.6451728932270023,0.6451728932270023,0.0,0.5878071189715275,0.0,0.0,0.0,0.0,0.0,0.0,0.0,0.0,2.150462415544972,0.0,0.9341726840382004,0.0,0.0,2.2981969166862743,0.0,0.0,0.0,0.0,1.4763448387410538,0.0,0.0,0.0,0.0,0.0,0.0,0.0,0.0,0.0,0.0,0.0,4.7094727574480455,2.2214594885821226,0.0,0.0,0.0,9.09042230527836,11.04983596254964,5.852437040006677,5.602340978325827,0.0,0.0,0.0,0.0,0.0,0.0,0.0,0.0,0.0,0.0,0.0,0.0,0.0,0.0,0.0,0.0,0.0,0.0,0.0,0.0,0.0,0.0,0.0,0.0,0.0,0.0,0.0,0.0,0.0,0.0,0.0,0.0,0.0,0.0,0.0,0.0,0.0,0.0,0.0,0.0,0.0,0.0,0.0,0.0,0.0,0.0,0.0,0.0,0.0,72.98148148148148,2.2115600448933783,0.6451728932270023,11.04983596254964,-0.0798562356930561,-1.4806405890828798,8.613386321704835,2.358818754443005,4.049835962549641,30.54784456635313,2.3830062072018863,4.031317444031123,29.55261822890457,15.86665,0.48081,0.0,0.01919,0.61667,0.83737,0.44505,0.53333,0.82157,0.17161,0.08333,-0.08828,0.01581,0.57418,0.14011,0.0,0.07353,0.34034,0.0,45.5,1.37879,21.5,0.65152,24.0,0.72727,2.5,0.07576,0.5,0.01515,26.05904,0.78967,59.77306,33.71402,1.02164,7.25162,0.21975,16.08479,8.83316,0.26767,0.32921,0.00998,0.75921,0.02301,0.5,313.08,4.0,7.0,7.0,7.0,1.0,1.0,0.24,1.6485474714175523,3.7813172094433,4.580050351464738,5.030394654123196,5.186731930947545,5.1375375112660535,92.31865839938294,211.7537637288248,256.48281968202537,281.70210063089894,290.4569881330625,287.702100630899,0.283872346970909,0.6511255571931774,0.788663757069282,0.8662109896222558,0.8931315548232126,0.8846605003859093,4.158807450640052,2.026037712614305,1.2273045705928665,0.7769602679344088,0.6206229911100598,0.6698174107915511,0.2663318573468324,0.6108924693218588,0.7399321754433456,0.8126877597696229,0.8379449016057458,0.8299972741385154,17.59738860002613,38.47396892489551,42.903306526531146,44.68308381121423,45.23322210966111,44.64288907348321,105.15208136420718,55.00672488125388,38.50030900268783,32.48016120070583,31.031735207439898,32.420816334054905,24.68371073776479,11.372781065088756,6.049149338374291,3.0,23.0,0.0,3.33,3.3128000000000024,0.0,1.858600939408028,1.7611509176948594,0.0,15.264705267709,25.154417311823767,0.0,9.125053670869857,0.0,0.0,0.4999999999999999,0.3015113445777637,0.1666666666666666,0.0,0.0,0.0,0.4999999999999999,0.3333333333333333,0.0,0.591,1.7790000000000004,1.8000000000000005,2.9800000000000004,3.0969999999999995,17.544,52.0,69.0,88.0,106.0,116.0,139.0,164.0,192.0,209.0,1205.0,3.9318256327243257,4.56954300834494,5.178970608915471,5.7916788765623854,6.313604656993519,6.7380414102272645,7.2461898746310816,7.751703786544192,8.235351323389128,8.649368684755895,9.634253534314784,12.679078060165976,0.5,5.0,0.0,1.0,2.0,2.0,0.0,0.0,0.0,0.0,0.0,0.0,0.0,0.0,0.0,0.0,0.0,0.0,0.0,0.0,0.0,0.0,0.0,0.0,5.0,1.0,2.0,2.0,0.0,0.0,0.0,0.0,0.0,0.0,0.0,3.0,0.0,1.0,2.0,0.0,0.0,0.0,0.0,0.0,0.0,0.0,0.0,0.0,0.0,0.0,0.0,0.0,0.0,0.0,0.0,0.0,0.0,0.0,0.0,1.0,2.0,0.0,0.0,0.0,0.0,0.0,0.0,0.0,0.0,8.0,0.2162162162162162,10.0,0.2702702702702703,1.0,10.0,20.0,1.0,7.0,2.8888888888888875,2.319444444444444,1.6216666666666668,0.9416666666666664,0.6669387755102044,0.4670847505668936,0.3883062484252958,0.2525000000000001,0.1630507091113152,0.1891891891891892,0.0577777777777777,0.0493498817966903,0.036037037037037,0.0218992248062015,0.0171009942438513,0.0119765320658177,0.0107862846784804,0.007890625,0.0054350236370438,0.4405285515888649,244.0420456535053,372.7094919282756,488.08409130701074,14.790427009303356,244.0420456535053,0.0644782290224144,0.0019538857279519,-9.04671123409094,721.3176228994057,21.858109784830475,21.717562585444323,116.93,393.2329466190134,6.044394119358453,5.187385805840755,6.042632833682381,6.92461239604856,7.796057974316123,8.68185981297147,9.560363239834537,10.448453699421847,11.33122371605568,12.22116320807399,148.19375268624535,4.31748811353631,0.0,5.673323267171493,3.044522437723423,7.201170883281678,5.351858133476067,8.802522498284421,7.412764017426562,10.442171504430515,10.70432253851299,461.1409272160006,8.23465941457144,68.14259497277754,2.0649271203871984,23.89086656218182,11.063236651237276,9.662642388417332,3856.0,47.0,5.720000000000001,178.0,1.0,1.230448921378274
0,0,0,0,0,0,0,0,0,0,0,0,0,0,0,0,0,0,0,0,0,0,0,0,0,0,0,0,0,0,0,0,0,0,0,0,0,0,0,0,0,0,0,0,0,0,0,0,0,0,0,0,0,0,0,0,0,0,0,0,0,0,0,0,0,0,0,0,0,0,0,0,0,0,0,0,0,0,0,0,0,0,0,0,0,0,0,0,0,0,0,0,0,0,0,0,0,0,0,0,0,0,0,0,0,0,0,0,0,0,0,0,0,0,0,0,0,0,0,0,0,0,0,0,0,0,0,0,0,0,0,0,0,0,0,0,0,0,0,0,0,0,0,0,0,0,0,0,0,0,0,0,0,0,0,0,0,0,0,0,0,0,0,0,0,0,0,0,0,0,0,0,0,0,0,0,0,0,0,0,0,0,0,2,4,3,1,2,2,5,1,2,1,2,3,4,2,2,2,2,5,0,0,0,0,0,0,0,0,0,0,0,0,0,0,0,0,2,3,2,3,0,0,0,0,0,0,0,0,0,0,0,0,0,0,0,0,0,1,5,2,5,1,2,0,0,0,0,0,0,0,0,0,0,0,0,0,0,0,0,0,0,0,0,0,0,0,0,0,0,0,0,0,0,0,0,0,0,0,0,0,0,0,0,0,0,0,0,0,0,0,0,0,0,0,0,0,0,0,0,0,0,0,0,0,0,0,0,0,0,0,0,0,0,0,0,0,0,0,0,0,0,0,0,0,0,0,0,0,0,0,0,0,0,0,0,0,0,0,0,0,0,0,0,0,0,0,0,0,0,0,0,0,0,0,0,0,0,0,0,0,0,0,0,0,0,0,0,0,0,0,0,0,0,0,0,0,0,0,0,0,0,0,0,0,0,0,0,0,0,0,0,0,0,0,0,0,0,0,0,0,0,0,0,0,0,0,0,0,0,0,0,0,0,0,0,0,0,0,0,0,0,0,0,0,0,0,0,0,0,0,0,0,5,2,3,1,1,2,1,0,0,0,0,0,0,0,0,0,0,0,0,0,0,0,0,0,0,0,0,0,0,0,0,0,0,0,0,0,0,0,0,0,0,0,0,0,0,0,0,0,0,0,0,0,0,0,0,0,0,0,0,0,0,0,0,0,0,0,0,0,0,0,0,0,0,0,0,0,0,0,0,0,0,0,0,0,0,0,0,0,0,0,0,0,0,0,0,0,0,0,0,0,0,0,0,0,0,0,0,0,0,0,0,0,0,0,0,0,0,0,0,0,0,0,0,0,0,0,0,0,0,0,0,0,0,0,0,0,0,0,0,0,0,0,0,0,0,0,0,0,0,0,0,0,0,0,0,0,2,5,2,4,0,0,0,0,0,0,0,0,0,0,0,0,0,0,0,0,0,0,0,0,0,2,2,2,1,2,2,2,1,0,0,0,0,0,0,0,0,0,0,0,2,2,2,2,2,4,3,2,2,0,0,0,0,0,0,2,2,2,2,2,0,0,1,0,0,0,0,5,5,0,0,0,0,0,0,0,0,0,0,0,1,5,2,5,0,0,0,0,0,2,0,0,0,0,0,0,0,1,2,2,2,2,2,1,0,0,0,0,0,0,0,0,0,0,0,0,0,0,0,3,2,3,0,2,3,4,0,0,0,0,0,0,0,0,0,0,0,0,0,0,0,0,0,0,0,0,0,0,0,0,0,0,0,0,0,0,0,0,2,2,2,1,2,2,2,2,2,0,0,0,0,0,0,0,0,0,0,0,0,0,0,0,0,0,0,0,0,0,0,0,0,3,2,2,2,3,1,1,2,3,2,0,0,0,5,2,3,0,0,0,0,0,0,0,1,2,0,0,0,0,0,0,0,2,2,2,0,0,0,0,0,0,0,0,0,0,0,0,0,0,0,0,0,0,0,0,0,0,0,0,0,0,0,0,0,0,0,0,0,0,0,0,0,0,0,0,0,0,0,0,0,0,0,0,0,0,0,0,0,0,0,0,0,0,0,0,0,0,0,0,0,0,0,2,5,4,0,1,1,2,2,2,2,2,3,2,0,0,0,3,2,2,3,0,0,0,0,0,0,0,0,0,0,0,0,2,2,0,0,0,0,0,0,0,0,0,0,0,0,0,0,0,0,0,0,0,0,0,0,0,0,0,0,0,0,0,0,0,2,2,2,2,4,5,0,0,0,0,0,0,0,0,0,0,0,0,0,0,0,0,0,0,0,0,0,0,0,0,0,0,0,0,0,0,0,0,0,0,3,0,0,0,0,0,0,0,0,0,0,0,0,0,0,0,0,0,0,0,0,0,0,0,0,0,0,2,3,0,0,0,0,0,0,2,2,5,5,1,1,0,0,0,0,0,0,0,0,0,0,0,0,0,0,0,0,0,0,0,0,0,0,2,1,2,0,0,0,0,0,0,0,0,0,3,3,5,0,0,1,5,0,0,0,0,0,0,0,0,0,0,0,0,0,0,0,3,2,0,0,0,0,2,2,2,0,0,0,0,2,2,2,2,1,0,0,0,2,3,2,2,2,1,0,0,2,2,1,2,2,0,0,0,0,0,0,0,0,0,0,0,0,1,2,3,0,0,0,0,0,0,0,0,0,0,0,0,0,0,0,0,0,0,0,0,0,0,0,0,0,0,0,0,0,0,0,0,0,0,0,0,0,0,0,1,2,0,0,0,0,1,0,0,0,0,0,0,0,0,0,0,0,0,0,0,0,0,0,0,0,0,0,0,0,0,0,0,0,0,0,0,0,0,0,0,0,0,0,0,0,0,0,0,0,0,0,0,0,0,0,0,0,0,0,0,0,0,0,0,0,0,0,0,0,0,0,0,0,0,0,0,0,0,0,0,0,0,0,0,0,0,0,0,0,0,0,5,2,0,0,0,0,0,0,4,2,0,0,0,0,0,0,0,0,0,0,0,0,1,3,3,2,0,0,0,0,0,0,0,0,0,0,0,0,0,0,0,0,0,0,0,0,0,0,0,0,0,0,0,0,0,0,0,0,0,0,0,0,0,0,0,0,0,0,0,2,1,0,0,0,0,0,0,0,0,0,0,0,0,0,0,0,0,0,0,0,0,0,0,2,2,2,5,0,0,0,0,0,0,0,2,2,0,0,0,0,0,0,0,0,2,2,2,1,0,0,0,0,2,2,2,2,0,2,1,2,2,2,0,2,2,0,0,0,0,0,0,0,0,0,0,0,0,0,0,0,0,0,0,1,2,2,0,0,0,0,0,0,0,0,0,0,0,0,0,0,0,0,2,2,5,2,2,1,0,0,0,0,0,0,0,3,2,0,3,4,2,4,1,1,2,0,1,1,4,3,3,3,1,3,4,1,1,0,4,0,0,1,3,2,2,2,4,0,3,1,2,2,3,4,0,2,1,3,1,0,1,2,4,0,0,1,4,2,1,1,2,0,2,3,4,1,2,4,0,3,4,4,2,0,3,1,3,3,1,4,4,1,3,4,2,2,0,2,3,3,3,2,4,0,4,3,3,1,3,2,3,0,4,3,0,2,4,0,4,4,2,0,2,4,2,3,2,3,1,0,2,2,1,0,3,2,2,2,4,4,0,3,3,0,3,2,4,2,0,1,1,0,0,3,0,1,3,1,1,3,2,4,0,0,0,1,0,4,0,3,4,2,3,3,4,2,0,2,2,0,0,1,4,3,1,2,0,4,0,4,4,2,4,3,2,0,3,0,1,2,3,3,3,4,1,3,1,2,0,1,0,3,0,1,2,0,3,2,2,2,4,0,0,2,1,4,3,3,2,0,3,2,3,3,2,4,2,3,4,0,0,1,2,4,4,0,0,2,2,3,4,1,2,4,1,0,0,1,1,1,4,3,2,4,3,4,1,1,1,1,3,0,0,0,1,1,4,4,3,4,0,2,3,4,0,0,3,3,0,2,1,1,4,4,1,4,0,4,0,1,4,1,4,2,3,4,2,2,0,1,3,4,4,2,4,2,4,4,4,2,4,1,2,1,4,3,0,0,4,4,3,4,0,3,3,0,0,3,3,4,4,1,3,1,4,1,2,3,4,2,1,1,2,0,0,0,3,4,3,4,2,2,3,4,2,2,4,0,3,2,1,1,4,1,2,1,4,4,3,0,0,3,0,0,0,0,0,0,0,0,0,0,0,0,0,0,0,0,0,0,0,0,0,0,0,0,0,0,0,0,0,0,0,0,0,0,0,0,0,0,0,0,0,0,0,0,0,0,0,0,0,0,0,0,0,0,0,0,0,0,0,0,0,0,0,0,0,0,0,0,0,0,0,0,0,0,0,0,0,0,0,0,0,2,1,2,0,2,2,2,3,3,2,2,3,1,2,2,0,0,0,0,0,0,0,2,3,2,3,3,5,4,0,2,5,0,5,2,0,0,0,0,2,2,5,2,0,0,0,0,0,0,0,0,0,0,0,0,0,0,0,0,0,0,0,0,0,0,0,0,0,0,0,0,0,0,0,0,0,0,0,0,0,0,0,0,0,0,0,0,0,0,0,0,0,0,0,0,0,0,0,0,0,0,0,0,0,0,0,0,0,0,0,0,0,0,0,0,0,0,0,0,0,0,0,0,0,0,0,0,0,0,0,0,0,0,0,0,0,0,0,0,2,1,1,1,5,5,3,1,1,5,4,1,3,1,3,3,0,0,0,0,0,0,0,0,0,0,0,0,0,0,0,0,0,0,0,0,0,0,0,0,0,0,0,0,0,0,0,0,0,0,0,0,0,0,0,0,0,0,0,0,0,0,0,0,0,0,0,0,0,0,0,0,0,0,0,0,0,0,0,0,0,0,0,0,0,0,0,0,0,0,0,0,0,0,0,0,0,0,0,0,0,0,0,0,0,0,0,0,0,0,0,0,0,0,0,0,0,0,0,0,0,0,0,0,0,0,0,0,0,0,0,0,0,0,0,0,0,0,0,0,0,0,0,0,0,0,0,0,0,0,0,0,0,0,0,0,0,0,0,0,0,0,0,0,0,0,0,0,0,0,0,0,0,0,0,0,0,0,0,0,0,0,0,0,0,0,0,0,0,0,0,0,0,0,0,0,0,0,0,0,0,0,0,0,0,0,0,0,0,0,0,0,0,0,0,0,0,0,0,0,0,0,0,0,0,0,0,0,0,0,0,0,0,0,0,0,0,0,0,0,0,0,0,0,0,0,0,0,0,0,0,0,0,0,0,0,0,0,0,0,0,0,0,0,0,0,0,0,0,0,0,0,0,0,0,0,0,0,0,0,0,0,0,0,0,0,0,0,0,0,0,0,0,0,0,0,0,0,0,0,3,3,2,3,2,2,4,2,3,1,1,2,5,5,1,2,1,0,0,0,0,0,0,0,0,0,0,0,0,0,0,0,0,0,0,0,0,0,0,0,0,0,0,0,0,0,0,0,0,0,0,0,0,0,0,0,0,0,0,0,0,0,0,0,0,0,0,0,0,0,0,0,0,0,0,0,0,0,0,0,0,0,0,0,0,0,0,0,0,0,0,0,0,0,0,0,0,0,0,0,0,0,0,0,0,0,0,0,0,0,0,0,0,0,0,0,0,0,0,0,0,0,0,0,0,0,0,0,0,0,0,0,0,0,0,0,0,0,0,0,0,0,0,0,0,0,1,1,2,4,1,3,2,3,1,3,4,5,3,3,1,3,5,4,1,2,4,3,3,1,3,3,1,3,1,1,2,1,3,2,2,5,3,2,2,3,4,1,2,2,4,0,0,0,0,0,0,0,0,0,0,0,0,0,0,0,0,0,0,0,0,0,0,0,0,0,0,0,0,0,0,1,0,0,0,0,0,0,0,0,0,0,0,0,0,0,0,0,0,0,0,0,0,0,0,0,0,0,0,0,0,1,0,0,0,0,0,0,0,0,0,0,0,0,0,0,0,1,0,0,1,0,0,0,0,0,0,0,1,0,0,0,0,0,0,0,0,0,0,0,1,0,0,0,1,0,0,0,1,0,0,0,0,1,0,0,0,0,0,0,0,1,0,0,0,0,0,0,0,0,0,0,0,0,0,0,0,0,1,0,0,0,0,0,0,0,0,0,0,0,0,0,1,0,0,0,0,0,0,0,0,0,0,0,0,0,0,0,0,0,0,0,0,0,0,0,0,0,0,0,0,0,0,0,0,0,0,0,0,0,0,0,0,0,0,0,0,0,0,1,0,0,0,0,0,0,0,0,0,0,0,0,0,0,0,1,0,0,0,0,0,0,0,0,0,0,0,0,0,0,0,0,0,0,0,0,0,1,0,0,0,0,0,0,0,0,0,0,0,0,0,0,0,0,0,0,0,0,0,0,0,0,0,0,0,0,0,0,0,0,0,0,0,0,0,0,0,0,0,0,0,0,0,0,0,0,0,0,0,0,0,0,0,0,0,0,0,0,0,0,0,0,0,0,0,0,0,0,0,0,0,0,0,0,0,0,0,0,0,0,0,0,0,0,0,0,0,0,0,0,0,0,0,0,0,0,0,0,0,0,0,0,0,0,0,0,1,0,0,1,0,0,0,0,0,0,0,0,0,0,0,0,0,0,0,0,0,0,0,0,0,0,0,0,0,0,0,0,0,0,1,0,0,0,0,0,0,0,0,0,0,0,0,0,0,0,0,0,0,0,0,0,0,0,0,0,0,0,0,0,1,0,0,1,0,0,0,0,0,0,0,0,0,0,0,0,0,0,0,0,0,1,0,0,0,0,0,0,0,0,0,0,0,0,0,0,0,0,0,0,0,0,1,1,0,0,0,0,0,0,1,0,0,0,0,0,0,0,0,0,0,0,0,0,0,0,0,0,0,0,0,0,0,0,0,0,0,0,0,0,0,0,0,0,0,0,0,0,0,0,0,0,0,0,1,0,0,0,1,0,0,1,0,0,0,0,0,0,0,0,0,0,0,0,0,0,0,0,0,0,0,0,0,0,0,0,0,0,0,0,0,0,0,0,0,0,0,0,0,0,0,0,0,0,0,0,0,0,0,0,0,0,0,0,0,0,0,0,0,0,0,0,0,0,0,0,0,0,0,0,0,0,0,0,0,0,0,0,0,0,0,0,0,0,0,0,0,0,0,0,0,0,0,0,0,0,0,0,0,0,0,0,0,0,0,0,0,0,0,0,0,0,0,0,0,0,0,0,0,0,0,0,0,0,0,0,0,0,0,0,0,0,0,0,0,0,0,0,0,0,0,0,1,0,0,0,0,0,0,0,0,0,0,0,0,0,0,0,0,0,0,0,0,0,1,0,0,0,0,0,0,0,0,0,0,0,0,0,0,0,0,0,0,0,0,0,0,0,0,0,0,0,0,0,0,0,0,0,0,0,0,0,0,0,0,0,0,0,0,1,0,0,0,0,0,0,0,1,0,0,0,0,0,0,0,0,0,0,0,0,0,0,0,0,1,0,0,0,0,0,1,0,0,0,0,0,0,0,0,0,0,0,0,0,0,0,0,0,0,0,0,0,0,0,0,0,0,0,0,0,0,0,0,0,0,0,0,0,0,0,0,0,0,0,0,0,0,0,0,0,0,0,0,0,0,0,0,0,0,0,0,0,0,0,0,0,1,0,0,0,0,0,0,0,0,0,0,0,0,0,0,1,0,1,0,0,0,0,0,0,0,0,0,0,0,0,0,0,0,0,0,0,0,0,0,0,0,0,0,0,0,0,0,1,0,0,0,0,0,0,0,0,0,1,0,0,0,0,0,0,0,0,0,0,0,0,0,0,0,0,1,0,0,0,0,0,0,0,0,1,0,0,0,0,0,0,0,0,0,0,0,0,0,0,0,0,0,1,0,0,0,0,0,0,0,0,0,0,1,0,0,0,0,0,0,0,0,0,0,0,0,0,0,0,0,0,0,1,0,0,0,0,0,0,0,0,0,0,0,0,0,0,0,0,0,0,0,0,0,0,0,0,0,0,0,0,0,0,0,0,0,0,0,0,0,0,0,0,0,1,1,0,0,1,0,0,0,0,0,0,0,0,0,0,0,0,0,0,0,0,0,0,0,0,0,0,0,0,0,0,0,0,0,0,0,0,0,0,0,0,0,0,0,0,0,0,0,0,0,0,0,0,0,0,0,0,0,0,0.0,1.2835,1.6473722500000003,35.4744,47.20310199999999,12.0,12.0,42.0,28.0,14.0,0.0,17.0,2.0,3.0,0.0,0.0,6.0,0.0,0.0,0.0,6.0,5792.646998898626,5196.132040011202,8670.439290909826,7000.286389888002,6514.792401011206,7484.252476022409,7650.756616129603,8307.842079526403,6417.734546129601,9833.024463200967,11920.658341076498,16428.044777857664,16475.191251597862,15555.462374355384,16561.666350242045,16334.140856009162,15411.330974730952,14574.696473998494,378.7056879999998,358.6928200000001,633.5266120000003,749.7850240000005,624.1600480000006,703.6062480000005,754.4425800000007,685.9503840000002,697.4517720000006,59.84698666788601,73.49991631999997,100.17683519369793,106.930525187396,103.51111275818788,102.65101874618787,97.95190913709403,94.79079303248989,89.79704080448995,7544.508923936986,6606.339494662399,11994.448280692695,14908.946622776106,12516.726289383088,14033.244090415992,15043.059124442205,13495.99938748928,14282.350533335097,537.5138888888889,183.91666666666663,664.5555555555557,481.16666666666674,315.75,428.33333333333337,496.30555555555554,545.0833333333333,417.64583333333337,137.92016664044348,120.8402800002605,122.11886325225107,81.39867895218607,83.52297950014366,89.09824376217153,90.00890136623062,106.51079589136414,79.23129069295804,234.1196300762135,277.22461258317435,231.38091236419243,191.5719912976496,199.429004799428,197.16269464573864,192.1663630118725,197.5811663427045,179.93452437035177,9.01680209523809,8.341693488372096,8.922910028169019,8.718430511627913,8.002051897435905,8.376264857142862,8.875795058823538,8.794235692307694,8.610515703703712,1.4249282539972858,1.709300379534883,1.4109413407563087,1.243378199853442,1.3270655481818958,1.2220359374546177,1.1523754016128709,1.215266577339614,1.10860544203074,179.63116485564254,153.63580220145116,168.93589127736192,173.35984445088496,160.47084986388572,167.06242964780944,176.9771661699083,173.0256331729395,176.3253152263592,12.797949735449736,4.2771317829457365,9.359937402190925,5.594961240310078,4.048076923076923,5.09920634920635,5.838888888888889,6.988247863247862,5.156121399176955,1.1627673370133458,-0.7188852921917116,0.0793449643082105,-0.0467363829990003,0.4515635066502879,-0.4091042203038715,-0.3135753128273112,0.9136357911224254,-0.7504887671607756,1823.3795627344373,-2.140483673575833,379.596744182667,-1118.957423182041,671.8169114321566,342.08655748205666,-873.4226155498297,852.8689416145705,-559.5281079037527,1738.5319475703282,-17.721354523929165,-443.2717146679987,-311.5165221998376,-203.7881182592448,180.05798513109582,-47.58696830757367,-60.04240397295317,53.645284852049855,10.718488000000011,-0.864300000000003,6.314451999999999,-0.338175999999999,2.690287999999988,-2.9694320000000065,-5.993259999999999,6.452783999999998,-6.187588000000004,10.179552232114483,-0.8564866060054382,-0.7586372325061377,3.57741250946112,-3.560702227512884,-2.770971942778191,0.2406546746829418,-0.526986081131932,-0.9529556876925342,177.17760238812164,-16.091558088408643,89.86037751329323,57.479303824246266,-35.92489705833644,-82.27839166878104,-50.87184686009323,24.824568658052247,-58.43464417259901,245.0370370370372,-25.94830246913579,177.75385802469137,-56.87345679012347,43.50462962962966,-16.759259259259224,-134.02237654320984,49.412037037037024,-149.0555555555554,0.0276849365955558,-0.0167182626091095,0.0011175347085663,-0.0005434463139418,0.0057892757262857,-0.0048702883369508,-0.0036891213273801,0.0117132793733644,-0.0092652934217379,43.413799112724696,-0.0497786900831589,5.346433016657282,-13.011132827698155,8.61303732605329,4.072459017643531,-10.275560182939174,10.934217200186804,-6.907754418564848,41.39361779929353,-0.4121245238123061,-6.243263586873221,-3.6222851418585766,-2.6126681828108307,2.143547442036855,-0.5598466859714549,-0.769774409909656,0.6622874673092575,0.2552020952380955,-0.0201,0.0889359436619718,-0.0039322790697674,0.0344908717948716,-0.035350380952381,-0.0705089411764705,0.0827279999999999,-0.076389975308642,0.242370291240821,-0.0199182931629171,-0.0106850314437484,0.0415978198774548,-0.0456500285578574,-0.0329877612235498,0.0028312314668581,-0.0067562318093837,-0.0117648850332411,4.218514342574325,-0.3742222811257824,1.2656391199055383,0.6683639979563519,-0.4605756033120056,-0.9795046627235838,-0.5984923160010968,0.3182637007442596,-0.7214153601555433,5.834215167548505,-0.6034488946310649,2.5035754651364983,-0.6613192650014357,0.557751661918329,-0.1995149911816574,-1.5767338416848218,0.6334876543209875,-1.8401920438957453,-0.6038757774071726,0.0403661646364665,-0.0196296752230634,0.2091128403456438,-0.1759183489599415,-0.1332537394350519,0.4230921509585365,-0.3346691219522348,-0.0011466098590889,0.1231505448941516,-0.2997003969616784,0.1983940014945337,0.0938056355553984,-0.2366888038583884,0.2518604089864588,-0.1591142576725142,-0.0099562334901623,-0.1508267196442002,-0.0875083004201773,-0.0631176573035716,0.0517844913298068,-0.0135249518098659,-0.0185964515989417,0.0159997483312647,-0.0787611088429638,0.3484922158613054,-0.0154084905380527,0.1351512093295815,-0.1385191642701845,-0.2762866860896575,0.3241666175303825,-0.299331301482351,-0.0821812486214582,-0.0440855658878244,0.171629202838738,-0.1883482844541341,-0.1361048049852487,0.0116814294869374,-0.0278756599036748,-0.048540953484895,-0.0887094959827528,0.300020105925061,0.1584358718923986,-0.1091795750612387,-0.2321918531455902,-0.1418727702217245,0.0754444989157109,-0.1710117120794956,-0.1034327458451673,0.4291194947800464,-0.1133518812744297,0.0956001185936192,-0.0341974002418378,-0.2702563749199798,0.1085814691656589,-0.3154138116350928,1.822892052999061,1.0027301745690915,0.9296512754518588,0.6378396981690595,1.2179732174123938,1.1719550506808798,0.7271715234902888,1.3535585380560806,0.5697618920836834,0.6677220348401417,1.2190621266197654,0.6327908165645172,0.7990497872231876,1.203467722402723,0.6789596103134757,1.1894210031112602,0.9574164414307516,1.0565571300342187,1.0408178669200463,1.1533548272672862,0.9590829453574172,0.9358891261136716,0.9805151538888538,0.9966819455695868,0.68362092654061,0.5573013130788327,0.8933441245695994,0.4277711031534889,0.8729945909925949,1.2724755295819368,0.5775962009490466,1.285521872621594,1.1685786572107233,1.068120651952541,0.7578745640631942,1.152749231121394,1.060689185665493,0.9204940082026132,0.9766611920110396,1.0226460968428683,0.984494341676104,0.7120942351677919,0.6679657137373077,0.7312370387428192,0.9353899747515408,1.0912438468547423,0.8031168436614937,1.1411132350290671,0.6495063060656334,0.4159311027896518,0.8915849482227718,0.4033774474467488,0.7495168638797715,1.2618430587168352,0.7425195912008181,1.3688700792691106,254.2553782862933,128.64554628600374,181.94213255580587,257.0742558373136,9.181223422761205,128.64554628600374,3.035714285714164,0.1273004504994719,0.0045464446606954,-5.771374656725052,274.71929071351747,9.81140323976848,15.724099482821703,253.230970789846,128.23525086080548,181.5394877477644,256.2391066550563,9.151396666252012,128.23525086080548,3.2395309317649605,0.1334891599268725,0.0047674699973883,-5.638458009767235,272.6445214881317,9.737304338861849,15.70287271728046,377.1670236991735,186.025716508354,261.167913849859,373.8784296890171,13.35280106032204,186.025716508354,-5.115590682465552,0.0052147593014501,0.0001862414036232,-14.71753457058555,271.6386520313835,9.701380429692268,15.69252355411583,255.25835141755528,129.08268090221804,182.4920561146905,257.9577182053731,9.212775650191896,129.08268090221804,2.9070103868808275,0.1247020241350753,0.0044536437191098,-5.829118944293097,274.934953107722,9.819105468132928,15.726296699495814,499.11820968788817,241.4228676256629,330.4461959488867,488.6573332643839,17.452047616585133,241.4228676256629,-16.272474436562277,0.2784543909035394,0.0099447996751264,-3.5798027999419,519.1187405211701,18.53995501861322,17.50597140356247,251.95254227158944,127.52233158061938,178.27323497680396,254.8237973834068,9.100849906550238,127.52233158061938,3.092120889649294,0.03077137990706,0.0010989778538235,-9.747276685427195,581.4693388291684,20.766762101041728,17.823563079968025,230.41711934026165,117.14593184761252,164.50532878021875,233.8758675379093,8.352709554925333,117.14593184761252,6.594374416433183,0.010035863447831,0.0003584236945653,-12.884452719053929,1160.1607204803008,41.43431144572503,19.7576787145952,0.0,11.850000000000016,19.00342628819472,-0.3623260097929243,0.4131704162570419,3.049488647460936,9.420220008035256,29.0,43.0,42.0,30.0,16.0,1.0,1.0,0.0,0.0,13.0,28.632898,3.8655176871310006,3.777087861876536,3.5566786626745817,3.519995430548558,3.335551630717685,2.883132201855163,2.8053635439710147,2.619181913839714,1.947119169765047,1.9091984611112776,1.4879813329891822,1.4606372540479444,1.3208760285599714,1.0822503020169507,1.0311793546682613,0.9352725390016076,3.809975429073356,3.762622015023178,3.285488534331478,3.2597886466668093,3.135374967155936,2.7211257307664765,2.694546445464827,2.645815031898686,1.964715356754453,1.9162629859929068,1.6124320244581,1.58399290240584,1.4490541161150468,1.0403846954013969,1.007167592188802,0.9736669292136813,3.901512424094236,3.832773687359646,3.558477072278478,3.523017745655437,3.370141634726971,2.9094474400572152,2.883115472741636,2.771820215479785,1.853942952991083,1.820233882021293,1.336466713187749,1.3147013505994882,1.1966259647799609,0.8228497425685299,0.7986202314843511,0.7498812351466693,3.801673646830816,3.765601941068388,3.226200698589249,3.2038969378142768,3.0867100862035945,2.7156082126348817,2.665925019264034,2.663232573211797,1.9765241385981047,1.9113071172870333,1.685568655463992,1.6482128294517948,1.4963951971361016,1.0415057777157817,1.0389002766047566,0.9602789912487928,3.921091051702065,3.859040181847726,3.5941651310369087,3.565299748160041,3.4050380127033995,2.940906276379565,2.922133468269983,2.8380785876458887,1.835543357395096,1.7974082014434107,1.304524753821596,1.2764727541655327,1.1571882462685166,0.7710092821551462,0.7385642758080628,0.7247617836447316,5.382502259028197,5.38243204286531,4.740243108277508,4.558659217877098,4.558659217877097,4.558659217877095,4.558659217877094,3.9398472794184975,1.8051761324041764,1.768866692531698,1.306686959492148,1.2756680117410812,1.058121044526258,0.8202633207413399,0.8098726553720765,0.7204610748777137,0.0,0.0,0.0,12.0,0.0,4.0,0.0,0.0,0.0,0.0,0.0,0.0,0.1701034543599429,0.2165063509461097,0.0,0.0,0.0,0.0561312761712136,0.0477074931185664,4.226492059082182,0.7071067811865475,0.0,0.0,0.710821154543871,0.0381801774160606,0.0,0.0,3.3534926441050223,4.62675459036778,5.912841928079745,0.6699484710188274,0.8196198473086773,0.8576857344746902,20.7862462825598,12.999933116870256,13.584465686356593,7.801321107705162,6.298155160833754,5.202006461207722,3.278185602029657,2.595793337098191,0.74236593866285,0.4482735557541467,0.331328431374551,0.195033027692629,0.1259631032166751,0.0839033300194793,0.0528739613230589,0.0360526852374748,14.025547425337054,7.673457315191487,5.445947329792763,2.974563839237069,1.9558259084740104,1.2789245204447452,0.61824570587024,0.3679367614749241,0.500912408047752,0.2646019763859134,0.132827983653482,0.0743640959809267,0.0391165181694802,0.0206278148458829,0.0099717049333909,0.0051102327982628,28.332446977406857,45.27312454479247,44.87450980392154,45.81600000000004,27.349162874251512,333.09128862275446,0.6745820708906395,1.077931536780773,1.0684407096171795,1.090857142857144,0.651170544625036,7.930744967208439,6.010970000000003,91.96540000000006,234.7149123477021,326.582834580907,469.42982469540425,16.765350881978726,234.7149123477021,0.2893304856377137,0.0103332316299183,-3.472519946852036,239.32858629040564,8.54744951037163,15.337944848078182,598.0,2.0,0.0,11.0,13.0,4.0,0.0,2.0,0.0,2.0,6.0,0.0,6.0,0.0,0.0,0.0,0.0,0.0,2.0,0.0,0.0,0.0,0.0,0.0,0.0,0.0,8.0,0.0,2.0,0.0,0.0,8.0,0.0,0.0,0.0,0.0,0.0,0.0,0.0,0.0,0.0,0.0,2.0,0.0,0.0,8.0,0.0,0.0,0.0,1.0,4.0,0.0,2.0,0.0,0.0,0.0,0.0,2.0,0.0,0.0,0.0,0.0,0.0,0.0,0.0,0.0,0.0,0.0,1.0,2.0,0.0,0.0,0.0,6.0,0.0,0.0,0.0,0.0,0.0,0.0,0.0,0.0,0.0,0.0,0.0,0.0,0.0,0.0,0.0,0.0,0.0,0.0,0.0,0.0,0.0,0.0,0.0,0.0,0.0,0.0,0.0,0.0,0.0,0.0,0.0,0.0,0.0,0.0,0.0,0.0,0.0,0.0,0.0,0.0,0.0,0.0,0.0,0.0,0.0,0.0,1.1518252393550013,0.0,99.65542238091147,9.80393538450728,16.527175993840068,0.0,5.36262366319379,0.0,5.062788089661935,43.77581089010664,0.0,41.32821318617975,0.0,0.0,0.0,0.0,0.0,1.1518252393550013,0.0,0.0,0.0,0.0,0.0,0.0,0.0,5.154139421519853,0.0,2.359189995059854,0.0,0.0,5.154139421519853,0.0,0.0,0.0,0.0,0.0,0.0,0.0,0.0,0.0,0.0,-3.3226667804531265,0.0,0.0,11.10646782275806,0.0,0.0,0.0,-0.7630159517510713,-0.5395164864997104,0.0,-9.303357651632297,0.0,0.0,0.0,0.0,4.743119960947341,0.0,0.0,0.0,0.0,0.0,0.0,0.0,0.0,0.0,0.0,11.974863158226253,9.051209677167469,0.0,0.0,0.0,73.88622958457042,0.0,0.0,0.0,0.0,0.0,0.0,0.0,0.0,0.0,0.0,0.0,0.0,0.0,0.0,0.0,0.0,0.0,0.0,0.0,0.0,0.0,0.0,0.0,0.0,0.0,0.0,0.0,0.0,0.0,0.0,0.0,0.0,0.0,0.0,0.0,0.0,0.0,0.0,0.0,0.0,0.0,0.0,0.0,0.0,0.0,0.0,0.5593493323255229,0.0,2.2929606009070294,-0.7630159517510713,1.2825659811660766,0.0,2.681311831596895,0.0,2.5313940448309675,7.29596848168444,0.0,6.888035531029959,0.0,0.0,0.0,0.0,0.0,0.5593493323255229,0.0,0.0,0.0,0.0,0.0,0.0,0.0,0.5297414023150786,0.0,1.179594997529927,0.0,0.0,0.5297414023150786,0.0,0.0,0.0,0.0,0.0,0.0,0.0,0.0,0.0,0.0,-1.6613333902265637,0.0,0.0,0.8588893613000759,0.0,0.0,0.0,-0.7630159517510713,-0.4240642584194172,0.0,-4.6516788258161474,0.0,0.0,0.0,0.0,2.2929606009070294,0.0,0.0,0.0,0.0,0.0,0.0,0.0,0.0,0.0,0.0,11.974863158226253,4.525604838583734,0.0,0.0,0.0,12.3143715974284,0.0,0.0,0.0,0.0,0.0,0.0,0.0,0.0,0.0,0.0,0.0,0.0,0.0,0.0,0.0,0.0,0.0,0.0,0.0,0.0,0.0,0.0,0.0,0.0,0.0,0.0,0.0,0.0,0.0,0.0,0.0,0.0,0.0,0.0,0.0,0.0,0.0,0.0,0.0,0.0,0.0,0.0,0.0,0.0,0.0,0.0,0.5924759070294785,0.0,12.3143715974284,1.7170760209053166,7.094817911223984,0.0,2.681311831596895,0.0,2.5313940448309675,7.29596848168444,0.0,6.888035531029959,0.0,0.0,0.0,0.0,0.0,0.5924759070294785,0.0,0.0,0.0,0.0,0.0,0.0,0.0,0.8092602040816326,0.0,1.1795949975299271,0.0,0.0,0.8092602040816326,0.0,0.0,0.0,0.0,0.0,0.0,0.0,0.0,0.0,0.0,0.0,0.0,0.0,1.7170760209053166,0.0,0.0,0.0,0.0,0.4287230469679965,0.0,0.0,0.0,0.0,0.0,0.0,2.4501593600403124,0.0,0.0,0.0,0.0,0.0,0.0,0.0,0.0,0.0,0.0,11.974863158226253,4.525604838583734,0.0,0.0,0.0,12.3143715974284,0.0,0.0,0.0,0.0,0.0,0.0,0.0,0.0,0.0,0.0,0.0,0.0,0.0,0.0,0.0,0.0,0.0,0.0,0.0,0.0,0.0,0.0,0.0,0.0,0.0,0.0,0.0,0.0,0.0,0.0,0.0,0.0,0.0,0.0,0.0,0.0,0.0,0.0,0.0,0.0,0.0,0.0,0.0,0.0,0.0,0.0,96.83333333333334,3.458333333333333,1.4034342175539,12.3143715974284,0.1326027914035217,-4.6516788258161474,9.562081271159448,5.9016788258161474,4.9748631582262535,65.82460483992827,5.9016788258161474,4.9748631582262535,65.82460483992827,12.01425,0.42908,0.0,0.07092,0.79966,1.04949,0.43659,0.68862,0.99952,0.36308,0.11104,-0.25204,0.04997,0.40885,0.30544,0.0,0.17043,0.20809,0.08323,33.75,1.20536,18.25,0.65179,15.5,0.55357,-2.75,-0.09821,2.0,0.07143,21.12251,0.75438,52.78517,31.66266,1.13081,5.58597,0.1995,12.9999,7.41393,0.26478,0.9141,0.03265,1.0861,0.03879,0.3571428571428571,85.11,3.0,11.0,9.0,5.0,2.0,2.0,0.2352941176470588,1.9386388580989355,3.3563703988662144,3.719349267862322,4.195539744052798,4.308751351247167,4.356370398866215,81.4228320401553,140.967556752381,156.21266925021752,176.21266925021752,180.96755675238103,182.96755675238103,0.3595186829895335,0.6224356126899916,0.6897496894657349,0.7780587482349581,0.7990537302284383,0.8078846361053605,3.453678564679825,2.0359470239125463,1.6729681549164388,1.1967776787259623,1.0835660715315931,1.035947023912546,0.3434954387412052,0.5946945290610222,0.6590085116982367,0.7433817593818357,0.7634410244282203,0.7718783491965802,21.76837738723068,33.991249417185244,38.34699584513854,40.07135432173228,40.80427319280429,40.852264860994765,92.38018884486296,66.99717882094077,55.80985539889601,51.36112406233869,49.96119427415948,49.79965534926525,24.271105826397147,10.85782272456871,10.5625,6.0,18.0,2.0,2.12,2.467599999999999,0.0,0.0,0.0,0.0,9.6654219542207,13.55876834605566,3.1775793663076537,3.260143785972472,1.841279158659492,0.1249999999999999,0.0,0.3333333333333333,0.25,0.0,0.0,0.0,0.4999999999999999,0.0,0.0,-0.344,0.7640000000000001,0.8660000000000001,1.817,1.145,11.529,41.0,40.0,50.0,62.0,62.0,72.0,74.0,82.0,70.0,610.0,3.610917912644224,4.143134726391533,4.448516375942715,4.973279507552487,5.45157479039808,5.504060403182079,5.730505544796954,5.968227905327517,6.12632318355462,6.138536661470896,7.802975580237001,4.011270491803279,0.4615384615384615,2.0,0.0,0.0,0.0,2.0,0.0,0.0,0.0,0.0,0.0,0.0,0.0,0.0,0.0,0.0,0.0,0.0,0.0,0.0,0.0,0.0,0.0,0.0,2.0,0.0,0.0,2.0,0.0,0.0,0.0,0.0,0.0,0.0,0.0,0.0,0.0,0.0,0.0,0.0,0.0,0.0,0.0,0.0,0.0,0.0,0.0,0.0,0.0,0.0,0.0,0.0,0.0,0.0,0.0,0.0,0.0,0.0,0.0,0.0,0.0,0.0,0.0,0.0,0.0,0.0,0.0,0.0,0.0,10.0,0.3448275862068966,16.0,0.5517241379310345,1.0,7.0,13.0,0.8571428571428571,9.5,1.7777777777777786,1.75,1.4844444444444451,0.9166666666666656,0.937142857142858,0.5798611111111109,0.4520030234315946,0.2800000000000001,0.1734516886032037,0.3275862068965517,0.043360433604336,0.0514705882352941,0.0436601307189542,0.0241228070175438,0.0253281853281853,0.0152595029239766,0.0145807426913417,0.00875,0.0066712187924309,0.5822169555028869,168.27941162226116,236.11482212297207,336.5588232445224,12.019957973018656,168.27941162226116,0.1198039529836488,0.0042787126065588,-5.941316072497532,634.6257050673539,22.665203752405496,18.06849907594293,59.59,322.38962265318975,5.807354922057604,4.948759890378168,5.713732805509369,6.586171654854675,7.372118028337787,8.24143968982973,9.040619097157968,9.9066326016802,10.71572802110793,11.578947260512226,131.10414904936806,4.07753744390572,0.0,5.407171771460119,0.0,6.878326468291325,0.0,8.410720946905721,0.0,9.976691544794544,10.214312256490173,408.0908616280004,9.716449086380962,55.40856485343804,1.978877316194216,28.91738939358823,8.623172466089123,6.12386029577983,2267.0,34.0,6.187,140.0,-1.0,3.113609151073028
0,0,0,0,0,0,0,0,0,0,0,0,0,0,0,0,0,0,0,0,0,0,0,0,0,0,0,0,0,0,0,0,0,0,0,0,0,0,0,0,0,0,0,0,0,0,0,0,0,0,0,0,0,0,0,0,0,0,0,0,0,0,0,0,0,0,0,0,0,0,0,0,0,0,0,0,0,0,0,0,0,0,0,0,0,0,0,0,0,0,0,0,0,0,0,0,0,0,0,0,0,0,0,0,0,0,0,0,0,0,0,0,0,0,0,0,0,0,0,0,0,0,0,0,0,0,0,0,0,0,0,0,0,0,0,0,0,0,0,0,0,0,0,0,0,0,0,0,0,0,0,0,0,0,0,0,0,0,0,0,0,0,0,0,0,0,0,0,0,0,0,0,0,0,0,0,0,0,0,0,0,0,0,2,4,3,1,2,2,5,1,2,1,2,3,4,2,2,2,2,5,0,0,0,0,0,0,0,0,0,0,0,0,0,0,0,0,2,3,2,3,0,0,0,0,0,0,0,0,0,0,0,0,0,0,0,0,0,1,5,2,5,1,2,0,0,0,0,0,0,0,0,0,0,0,0,0,0,0,0,0,0,0,0,0,0,0,0,0,0,0,0,0,0,0,0,0,0,0,0,0,0,0,0,0,0,0,0,0,0,0,0,0,0,0,0,0,0,0,0,0,0,0,0,0,0,0,0,0,0,0,0,0,0,0,0,0,0,0,0,0,0,0,0,0,0,0,0,0,0,0,0,0,0,0,0,0,0,0,0,0,0,0,0,0,0,0,0,0,0,0,0,0,0,0,0,0,0,0,0,0,0,0,0,0,0,0,0,0,0,0,0,0,0,0,0,0,0,0,0,0,0,0,0,0,0,0,0,0,0,0,0,0,0,0,0,0,0,0,0,0,0,0,0,0,0,0,0,0,0,0,0,0,0,0,0,0,0,0,0,0,0,0,0,0,0,0,0,0,0,0,0,0,5,2,3,1,1,2,1,0,0,0,0,0,0,0,0,0,0,0,0,0,0,0,0,0,0,0,0,0,0,0,0,0,0,0,0,0,0,0,0,0,0,0,0,0,0,0,0,0,0,0,0,0,0,0,0,0,0,0,0,0,0,0,0,0,0,0,0,0,0,0,0,0,0,0,0,0,0,0,0,0,0,0,0,0,0,0,0,0,0,0,0,0,0,0,0,0,0,0,0,0,0,0,0,0,0,0,0,0,0,0,0,0,0,0,0,0,0,0,0,0,0,0,0,0,0,0,0,0,0,0,0,0,0,0,0,0,0,0,0,0,0,0,0,0,0,0,0,0,0,0,0,0,0,0,0,0,2,5,2,4,0,0,0,0,0,0,0,0,0,0,0,0,0,0,0,0,0,0,0,0,0,2,2,2,1,2,2,2,1,0,0,0,0,0,0,0,0,0,0,0,2,2,2,2,2,4,3,2,2,0,0,0,0,0,0,2,2,2,2,2,0,0,1,0,0,0,0,5,5,0,0,0,0,0,0,0,0,0,0,0,1,5,2,5,0,0,0,0,0,2,0,0,0,0,0,0,0,1,2,2,2,2,2,1,0,0,0,0,0,0,0,0,0,0,0,0,0,0,0,3,2,3,0,2,3,4,0,0,0,0,0,0,0,0,0,0,0,0,0,0,0,0,0,0,0,0,0,0,0,0,0,0,0,0,0,0,0,0,2,2,2,1,2,2,2,2,2,0,0,0,0,0,0,0,0,0,0,0,0,0,0,0,0,0,0,0,0,0,0,0,0,3,2,2,2,3,1,1,2,3,2,0,0,0,5,2,3,0,0,0,0,0,0,0,1,2,0,0,0,0,0,0,0,2,2,2,0,0,0,0,0,0,0,0,0,0,0,0,0,0,0,0,0,0,0,0,0,0,0,0,0,0,0,0,0,0,0,0,0,0,0,0,0,0,0,0,0,0,0,0,0,0,0,0,0,0,0,0,0,0,0,0,0,0,0,0,0,0,0,0,0,0,0,2,5,4,0,1,1,2,2,2,2,2,3,2,0,0,0,3,2,2,3,0,0,0,0,0,0,0,0,0,0,0,0,2,2,0,0,0,0,0,0,0,0,0,0,0,0,0,0,0,0,0,0,0,0,0,0,0,0,0,0,0,0,0,0,0,2,2,2,2,4,5,0,0,0,0,0,0,0,0,0,0,0,0,0,0,0,0,0,0,0,0,0,0,0,0,0,0,0,0,0,0,0,0,0,0,3,0,0,0,0,0,0,0,0,0,0,0,0,0,0,0,0,0,0,0,0,0,0,0,0,0,0,2,3,0,0,0,0,0,0,2,2,5,5,1,1,0,0,0,0,0,0,0,0,0,0,0,0,0,0,0,0,0,0,0,0,0,0,2,1,2,0,0,0,0,0,0,0,0,0,3,3,5,0,0,1,5,0,0,0,0,0,0,0,0,0,0,0,0,0,0,0,3,2,0,0,0,0,2,2,2,0,0,0,0,2,2,2,2,1,0,0,0,2,3,2,2,2,1,0,0,2,2,1,2,2,0,0,0,0,0,0,0,0,0,0,0,0,1,2,3,0,0,0,0,0,0,0,0,0,0,0,0,0,0,0,0,0,0,0,0,0,0,0,0,0,0,0,0,0,0,0,0,0,0,0,0,0,0,0,1,2,0,0,0,0,1,0,0,0,0,0,0,0,0,0,0,0,0,0,0,0,0,0,0,0,0,0,0,0,0,0,0,0,0,0,0,0,0,0,0,0,0,0,0,0,0,0,0,0,0,0,0,0,0,0,0,0,0,0,0,0,0,0,0,0,0,0,0,0,0,0,0,0,0,0,0,0,0,0,0,0,0,0,0,0,0,0,0,0,0,0,5,2,0,0,0,0,0,0,4,2,0,0,0,0,0,0,0,0,0,0,0,0,1,3,3,2,0,0,0,0,0,0,0,0,0,0,0,0,0,0,0,0,0,0,0,0,0,0,0,0,0,0,0,0,0,0,0,0,0,0,0,0,0,0,0,0,0,0,0,2,1,0,0,0,0,0,0,0,0,0,0,0,0,0,0,0,0,0,0,0,0,0,0,2,2,2,5,0,0,0,0,0,0,0,2,2,0,0,0,0,0,0,0,0,2,2,2,1,0,0,0,0,2,2,2,2,0,2,1,2,2,2,0,2,2,0,0,0,0,0,0,0,0,0,0,0,0,0,0,0,0,0,0,1,2,2,0,0,0,0,0,0,0,0,0,0,0,0,0,0,0,0,2,2,5,2,2,1,0,0,0,0,0,0,0,3,2,0,3,4,2,4,1,1,2,0,1,1,4,3,3,3,1,3,4,1,1,0,4,0,0,1,3,2,2,2,4,0,3,1,2,2,3,4,0,2,1,3,1,0,1,2,4,0,0,1,4,2,1,1,2,0,2,3,4,1,2,4,0,3,4,4,2,0,3,1,3,3,1,4,4,1,3,4,2,2,0,2,3,3,3,2,4,0,4,3,3,1,3,2,3,0,4,3,0,2,4,0,4,4,2,0,2,4,2,3,2,3,1,0,2,2,1,0,3,2,2,2,4,4,0,3,3,0,3,2,4,2,0,1,1,0,0,3,0,1,3,1,1,3,2,4,0,0,0,1,0,4,0,3,4,2,3,3,4,2,0,2,2,0,0,1,4,3,1,2,0,4,0,4,4,2,4,3,2,0,3,0,1,2,3,3,3,4,1,3,1,2,0,1,0,3,0,1,2,0,3,2,2,2,4,0,0,2,1,4,3,3,2,0,3,2,3,3,2,4,2,3,4,0,0,1,2,4,4,0,0,2,2,3,4,1,2,4,1,0,0,1,1,1,4,3,2,4,3,4,1,1,1,1,3,0,0,0,1,1,4,4,3,4,0,2,3,4,0,0,3,3,0,2,1,1,4,4,1,4,0,4,0,1,4,1,4,2,3,4,2,2,0,1,3,4,4,2,4,2,4,4,4,2,4,1,2,1,4,3,0,0,4,4,3,4,0,3,3,0,0,3,3,4,4,1,3,1,4,1,2,3,4,2,1,1,2,0,0,0,3,4,3,4,2,2,3,4,2,2,4,0,3,2,1,1,4,1,2,1,4,4,3,0,0,3,0,0,0,0,0,0,0,0,0,0,0,0,0,0,0,0,0,0,0,0,0,0,0,0,0,0,0,0,0,0,0,0,0,0,0,0,0,0,0,0,0,0,0,0,0,0,0,0,0,0,0,0,0,0,0,0,0,0,0,0,0,0,0,0,0,0,0,0,0,0,0,0,0,0,0,0,0,0,0,0,0,2,1,2,0,2,2,2,3,3,2,2,3,1,2,2,0,0,0,0,0,0,0,2,3,2,3,3,5,4,0,2,5,0,5,2,0,0,0,0,2,2,5,2,0,0,0,0,0,0,0,0,0,0,0,0,0,0,0,0,0,0,0,0,0,0,0,0,0,0,0,0,0,0,0,0,0,0,0,0,0,0,0,0,0,0,0,0,0,0,0,0,0,0,0,0,0,0,0,0,0,0,0,0,0,0,0,0,0,0,0,0,0,0,0,0,0,0,0,0,0,0,0,0,0,0,0,0,0,0,0,0,0,0,0,0,0,0,0,0,2,1,1,1,5,5,3,1,1,5,4,1,3,1,3,3,0,0,0,0,0,0,0,0,0,0,0,0,0,0,0,0,0,0,0,0,0,0,0,0,0,0,0,0,0,0,0,0,0,0,0,0,0,0,0,0,0,0,0,0,0,0,0,0,0,0,0,0,0,0,0,0,0,0,0,0,0,0,0,0,0,0,0,0,0,0,0,0,0,0,0,0,0,0,0,0,0,0,0,0,0,0,0,0,0,0,0,0,0,0,0,0,0,0,0,0,0,0,0,0,0,0,0,0,0,0,0,0,0,0,0,0,0,0,0,0,0,0,0,0,0,0,0,0,0,0,0,0,0,0,0,0,0,0,0,0,0,0,0,0,0,0,0,0,0,0,0,0,0,0,0,0,0,0,0,0,0,0,0,0,0,0,0,0,0,0,0,0,0,0,0,0,0,0,0,0,0,0,0,0,0,0,0,0,0,0,0,0,0,0,0,0,0,0,0,0,0,0,0,0,0,0,0,0,0,0,0,0,0,0,0,0,0,0,0,0,0,0,0,0,0,0,0,0,0,0,0,0,0,0,0,0,0,0,0,0,0,0,0,0,0,0,0,0,0,0,0,0,0,0,0,0,0,0,0,0,0,0,0,0,0,0,0,0,0,0,0,0,0,0,0,0,0,0,0,0,0,0,0,0,3,3,2,3,2,2,4,2,3,1,1,2,5,5,1,2,1,0,0,0,0,0,0,0,0,0,0,0,0,0,0,0,0,0,0,0,0,0,0,0,0,0,0,0,0,0,0,0,0,0,0,0,0,0,0,0,0,0,0,0,0,0,0,0,0,0,0,0,0,0,0,0,0,0,0,0,0,0,0,0,0,0,0,0,0,0,0,0,0,0,0,0,0,0,0,0,0,0,0,0,0,0,0,0,0,0,0,0,0,0,0,0,0,0,0,0,0,0,0,0,0,0,0,0,0,0,0,0,0,0,0,0,0,0,0,0,0,0,0,0,0,0,0,0,0,0,1,1,2,4,1,3,2,3,1,3,4,5,3,3,1,3,5,4,1,2,4,3,3,1,3,3,1,3,1,1,2,1,3,2,2,5,3,2,2,3,4,1,2,2,4,0,0,0,0,0,0,0,0,0,0,0,0,0,0,0,0,0,0,0,0,0,0,0,0,0,0,0,0,0,0,1,0,0,0,0,0,0,0,0,0,0,0,0,0,0,0,0,0,1,0,0,0,0,0,0,1,0,0,0,0,0,0,0,0,0,1,0,0,0,0,0,0,0,0,0,0,0,0,0,0,0,0,0,0,0,0,0,1,0,0,0,0,0,0,0,0,0,0,0,0,0,0,0,1,0,0,0,0,0,0,0,0,0,1,0,0,0,0,0,0,0,0,0,0,0,0,0,0,0,0,0,0,0,0,0,0,0,0,0,0,0,1,0,0,0,0,0,0,0,0,0,0,0,0,0,0,0,0,0,0,0,0,0,0,0,0,0,0,0,0,0,0,0,0,0,0,0,0,0,0,0,0,0,0,0,0,0,0,0,0,0,0,0,0,0,0,0,0,1,0,0,0,0,0,1,1,0,0,0,0,1,0,0,0,0,0,0,0,0,0,0,0,0,0,0,0,0,0,0,0,0,0,0,0,0,0,0,0,0,0,0,0,0,0,0,0,0,0,1,1,0,0,0,0,0,0,0,0,0,0,1,0,0,0,0,0,0,0,0,0,0,0,0,0,0,0,0,0,0,0,0,0,0,0,0,0,0,0,0,0,0,0,0,0,0,0,0,0,0,0,0,0,0,0,0,0,0,0,0,0,0,0,0,0,0,0,0,0,0,0,0,0,0,0,1,0,0,0,0,0,0,0,0,1,0,0,0,0,0,0,0,0,0,0,0,0,0,0,1,0,0,0,0,0,0,0,0,0,0,0,0,0,0,0,0,0,0,0,0,0,0,0,0,0,0,0,0,0,0,1,0,0,0,0,1,0,0,0,0,0,0,0,0,0,0,0,0,0,1,0,0,0,0,0,0,0,0,0,0,0,0,0,1,0,0,0,0,0,0,0,0,0,0,0,0,0,0,0,0,0,1,0,1,0,0,0,0,0,0,0,0,0,0,0,0,0,0,0,0,0,1,0,0,0,0,0,0,0,0,0,0,0,0,0,0,0,0,0,0,0,0,0,0,1,0,0,0,0,0,1,0,0,0,0,0,0,0,0,0,0,0,0,0,0,0,0,0,0,0,0,0,0,0,0,0,0,0,0,0,0,0,0,0,0,0,0,0,0,0,0,0,0,0,0,0,0,0,0,0,0,0,0,0,0,0,0,0,0,0,0,0,0,0,0,0,0,0,0,0,0,0,0,0,0,0,0,0,0,0,0,0,0,0,0,0,0,0,0,0,0,0,0,0,0,0,0,0,0,1,0,0,0,0,0,0,0,0,0,0,0,0,0,0,0,0,0,0,0,0,0,0,0,0,0,0,0,0,0,0,0,0,0,0,0,0,0,0,1,0,0,0,0,0,0,0,0,0,0,0,0,0,0,0,0,0,0,0,0,0,0,0,0,0,0,0,0,0,0,0,0,0,0,0,0,0,0,0,0,0,0,0,0,0,0,0,0,0,0,0,0,0,0,0,1,0,0,0,0,0,0,0,0,1,0,0,0,0,0,0,0,0,0,1,0,0,0,1,0,0,0,0,0,0,0,0,0,0,1,0,0,0,0,0,0,0,0,0,0,0,0,0,0,0,0,0,0,0,0,0,0,0,0,0,0,0,0,0,0,0,0,0,0,0,0,0,0,0,0,0,1,0,0,0,1,0,0,0,0,0,0,0,0,1,0,1,0,0,0,0,0,1,0,0,0,0,0,0,0,0,0,0,0,0,0,0,0,0,0,0,0,1,0,0,0,0,0,0,0,0,0,0,0,0,0,0,0,0,0,0,0,0,0,0,0,0,0,0,0,0,0,0,0,0,0,0,0,0,0,0,0,1,0,0,0,0,0,1,0,0,0,0,0,0,0,0,0,0,0,0,0,0,0,0,0,0,1,0,0,0,0,0,0,0,0,0,0,0,0,0,0,0,0,1,0,0,0,0,0,0,0,0,0,0,0,0,0,0,0,0,0,0,0,0,0,0,0,0,0,0,0,0,0,0,0,0,0,0,0,0,0,0,0,0,0,0,0,1,0,0,0,0,0,0,0,0,0,0,0,0,0,0,0,0,0,0,0,1,1,0,0,0,0,0,0,0,0,1,0,0,1,0,0,0,0,0,0,0,0,1,0,0,0,0,0,0,0,0,0,0,0,0,0,0,0,0,0,0,0,0,0,0,0,0,0,0,0,0,0,0,1,0,0,0,0,0,0,0,1,0,0,0,0,0,0,0,0,0,0,0,0,0,0,0,0,0,0,0,0,0,0,0,0,0,0,0,0,0,0,0,0,0,0,0,0,0,0,0,0,0,0,0,0,1,0,1,0,0,1.0,-0.8535000000000006,0.728462250000001,40.682300000000005,52.70865299999997,12.0,12.0,45.0,24.0,21.0,0.0,20.0,1.0,3.0,0.0,0.0,0.0,0.0,0.0,0.0,0.0,3870.719816,4224.757370000002,5950.1192790000005,5863.100944000004,5314.374444000013,4635.8792900000135,4275.21482800001,3853.725441000006,3346.053950000004,10015.5831721509,12718.303642646071,18633.030236792783,20160.37234576448,17838.33444741083,16045.962424375726,15157.635872141058,13341.847051191728,10955.456226893488,342.15484799999984,359.04795200000024,622.8935160000004,841.5142480000004,897.2055520000013,734.1535360000013,641.203776000001,606.9376760000009,519.4704880000002,68.25448300182894,88.11267418599994,133.52335748424497,151.9265874778862,136.38452858001696,121.32424716407375,115.04764679358382,102.72130583497984,82.22568520128189,7186.751734526729,6734.527316689153,12336.093952805935,17342.65378196231,19318.57197294768,15707.807817475074,13380.814406680882,12949.435765408629,11077.302105991985,221.91666666666663,145.41666666666663,253.11111111111103,310.8055555555555,346.5,273.9444444444444,241.0277777777777,228.5555555555555,206.6666666666666,86.01599591111109,89.88845468085111,72.56243023170732,52.34911557142861,44.65860877310935,47.304890714285854,49.71180032558152,46.996651719512265,48.49353550724644,222.56851493668668,270.6022051626824,227.23207605844857,180.00332451575426,149.9019701463095,163.73431045281353,176.25157990861695,162.70545184380157,158.77472792599258,7.603441066666663,7.639318127659579,7.596262390243908,7.513520071428575,7.539542453781523,7.491362612244911,7.455857860465127,7.401678975609768,7.528557797101452,1.516766288929532,1.8747377486382968,1.628333627856646,1.3564873881954125,1.1460884754623275,1.2380025220823854,1.3377633348091142,1.2526988516460955,1.1916765971200274,159.70559410059397,143.2878152487054,150.44017015616996,154.84512305323491,162.34094094914013,160.28375323954157,155.59086519396374,157.91994835864182,160.54061023176786,4.93148148148148,3.093971631205673,3.0867208672086712,2.7750496031746024,2.911764705882353,2.795351473922902,2.8026485788113686,2.7872628726287254,2.995169082125603,0.5381732629531067,-0.2547615623856765,0.0212786566313535,-0.1173376319807956,0.1687579338132619,-0.0960040627078634,-0.0729944667214805,0.1316551401597243,0.0273774270388135,1546.6668012444452,41.17144958913757,-160.1778870009856,-684.7048745639497,119.8809418646908,98.22895591209875,-263.0238399782709,79.63364246567883,124.27001333629605,2321.9102653158907,81.88584016027482,-229.52520252935287,-1213.3897917558572,240.258071993082,544.3476875668243,-286.89110069615987,-133.64212649903735,118.01438025993755,3.172046577777774,-0.1373426923456787,0.5312757471604949,-0.5751283713580222,0.0600297165432114,-0.7108911249382727,-0.4627951486419734,0.455819924938271,-0.2705713303703689,10.661350773508795,0.3694689569031255,-0.6586802845294746,-5.592207611982085,1.3145644854238334,3.019347133499279,-0.8518542268854388,-1.0976765872842844,-0.1205118096981606,63.66497685179984,-2.761374371023715,3.696623134019536,-31.148857533183545,8.931947680754377,19.738975184197635,-5.766256154093079,-7.060907511250323,-1.067677251689969,86.13827160493813,-3.4345404663923187,19.37026063100137,-12.199698216735264,-13.285404663923174,-16.899890260630993,-15.38462277091907,3.789396433470505,-4.055226337448556,0.0119594058434023,-0.0054204587741633,0.0002594958125774,-0.0010476574283999,0.0014181338975904,-0.0009796332929373,-0.0008487728688544,0.0016055504897527,0.0003967743049103,34.37037336098767,0.8759882891305867,-1.9533888658656784,-6.113436380035266,1.0074028728125275,1.0023362848173345,-3.0584167439333827,0.9711419812887664,1.801014686033276,51.598005895908685,1.7422519183037195,-2.7990878357238165,-10.833837426391582,2.018975394899848,5.554568240477799,-3.335943031350696,-1.6297820304760655,1.7103533371005442,0.0704899239506172,-0.002922184943525,0.0064789725263474,-0.005135074744268,0.0005044513995227,-0.0072539910707987,-0.0053813389376973,0.0055587795724179,-0.003921323628556,0.2369189060779732,0.0078610416362367,-0.0080326863967009,-0.0499304251069829,0.0110467603817128,0.0308096646275436,-0.0099052817079702,-0.0133862998449302,-0.00174654796664,1.4147772633733298,-0.0587526461919939,0.0450807699270675,-0.2781147994034245,0.0750583838718855,0.2014181141244656,-0.067049490163873,-0.0861086281859795,-0.0154735833578256,1.914183813443069,-0.073075329072177,0.2362226906219679,-0.1089258769351362,-0.1116420559993544,-0.172447859802357,-0.1788909624525473,0.046212151627689,-0.0587713961949066,-0.4532381328252714,0.021698052225616,-0.0876011268551372,0.118578959202457,-0.0819132075426485,-0.0709711569260496,0.1342500213452048,0.0331767572825726,0.0254867260221526,-0.0568335073160097,-0.1778693619596918,0.0293102103440047,0.0291627988526607,-0.0889841001088704,0.0282552060487963,0.0524002072109443,0.0337658769569206,-0.0542479847258159,-0.209966203892593,0.0391289422884448,0.1076508315395621,-0.0646525572728617,-0.0315861437312889,0.0331476635075961,-0.0414553567339959,0.0919134560407022,-0.0728483513170692,0.0071563618067766,-0.1029081982820778,-0.0763419597596295,0.0788592079672582,-0.0556295624790745,0.0331803053051812,-0.0339047926975369,-0.2107490108474083,0.0466267575035875,0.1300430815656551,-0.041808743219126,-0.056501610895184,-0.0073719231426182,-0.0415278416702194,0.0318642171415583,-0.1965785050434726,0.0530531454067333,0.14236736717426,-0.047392258767294,-0.0608637348190527,-0.0109371162220483,-0.0381757115272724,0.1234064821586129,-0.0569046066371284,-0.0583235816828595,-0.0900894985065058,-0.0934554775754652,0.0241419613430784,-0.0307031100055086,1.3471877438173323,0.9394055970088842,0.9697899091309706,0.8721018007069996,1.0319979467596658,0.7867673852814923,0.6245618242234678,0.9805206931031656,0.8188607729628335,0.9450011555894288,1.114522322735878,0.98799350375358,0.961664519446934,1.03515682379273,0.927390683357024,0.9493187693286405,0.9603519078317768,1.0306449136426332,1.1921183373797182,0.9275230988078996,0.8745470365930895,1.0652038778702333,1.0363035034690662,0.9398968838454532,0.6902631060790337,0.5859865972680645,0.8963823067703485,1.0995278476212942,1.0801854407234657,0.904389371013614,0.6762111205297628,1.1080858177528323,1.0265719463201264,1.0404632276654933,1.202662780921673,0.9052060055185838,0.8428065287393703,1.04868639944124,1.0500431717851495,0.9709756403464936,1.162907875446436,1.080717877689912,1.2056779142754466,0.8993257005948946,0.8197647241873864,1.0110913906526944,1.0178677465161792,0.9687206428846612,0.6191869932582854,0.4440141618064703,0.8791524281127935,1.1599865251380623,1.1019697393375765,0.969146682416751,0.7574715484442021,1.063255099217578,228.59032187421943,114.74158950853824,179.6106662580885,229.4087742551717,9.55869892729882,114.74158950853824,0.8928571428570251,0.0516522127625947,0.0021521755317747,-7.1117333828428855,318.2279192854678,13.259496636894491,13.830642848079863,228.614400787542,114.75234885166006,179.62675257930854,229.43050629367187,9.559604428902997,114.75234885166006,0.8902969157781229,0.0517968047305942,0.002158200197108,-7.105024359256426,318.38291413169014,13.265954755487089,13.831811498120851,256.4566253590401,127.47015864831118,199.59533255522803,255.5721123226297,10.648838013442909,127.47015864831118,-1.5163080624177496,0.2071319825442567,0.0086304992726773,-3.7785578209514665,306.7379151825635,12.780746465940146,13.742384847617052,228.72071718682088,114.80323229029486,179.70916382319916,229.5326522977756,9.563860512407317,114.80323229029486,0.8857473937688383,0.0525013168283146,0.0021875548678464,-7.0726008654120704,319.26706262182813,13.302794275909504,13.838467054659937,273.4863832984923,134.86065934364638,210.6796965152867,271.290095608626,11.303753983692747,134.86065934364638,-3.7650646111995343,0.2831060301002969,0.0117960845875123,-3.0286410884227664,419.0203305846813,17.459180441028387,14.49100665702436,225.90462733073937,113.32463973691584,177.09712856761956,226.587225128574,9.441134380357251,113.32463973691584,0.7446521430922814,0.0309132253106701,0.0012880510546112,-8.343770839354283,298.1824030197057,12.424266792487735,13.67449293581873,255.8407318792798,127.84982693798608,200.2174575816872,256.80279280739194,10.700116366974662,127.84982693798608,1.958035714285586,0.1696419123469761,0.0070684130144573,-4.257757107521403,368.1986805995402,15.34161169164751,14.180694444990506,1.0,11.900000000000006,15.996931261540215,-0.3315146296433791,0.2630450447127321,4.149567905140004,9.429804475404367,26.0,47.0,45.0,33.0,12.0,2.0,2.0,0.0,0.0,14.0,26.853346999999992,3.878531376013432,3.7674816287266575,3.679907528880048,3.311920409940505,3.132321443350872,2.779866938739304,2.619181913839716,2.619181913839716,2.0108207351279,1.938075305173,1.7421497434615794,1.622973606329275,1.4384782449876417,1.1746045392569366,1.0822503020169494,1.082250302016948,3.8679858621590126,3.768711554113364,3.6288648615512464,3.238616806594968,2.9701699849511654,2.7699194680250145,2.6458150318986857,2.645815031898683,1.9976312321927567,1.913154934006564,1.7324013708454298,1.642339158754298,1.4234935318296802,1.1520882991498071,1.0313291141005705,1.0071675921888028,3.929428349176566,3.8356320817152656,3.7559773623495833,3.373151434266463,3.205545555819682,2.9239766140412,2.771820215479789,2.771820215479789,1.9154786023035213,1.8263453818557875,1.5571339859377118,1.4292597905598845,1.235116814261768,0.9003069099055565,0.7986202314843547,0.7986202314843522,3.8704775906978064,3.7759941905173697,3.625389423017449,3.22912320292182,2.9413999271373203,2.7688708337077923,2.6659250192640345,2.6659250192640327,1.989028003657316,1.8961751082252465,1.7362451776047847,1.6347565087845508,1.4161613752798867,1.1758034296537154,1.0103348625284276,0.9602789912487932,3.9528851884639393,3.868985679660346,3.7888254755237294,3.389172956301036,3.217780934962588,2.9857036261637284,2.8380785876458905,2.8380785876458874,1.896805461697948,1.801683488789397,1.528792340722824,1.375726366885622,1.1903318328413184,0.854642526837896,0.7385642758080628,0.738564275808061,4.825533697771951,4.726628946271564,3.877671650508118,3.845670043588144,3.7922208565941777,3.4992509430054834,2.951031851377185,2.857433242123498,1.900344787850406,1.8083205291443816,1.7018912756848343,1.5447589628989151,1.2793592907475315,1.0133396857284882,0.8117138515453995,0.8117138515453985,0.0,0.0,1.0,10.0,3.0,3.0,2.0,1.0,0.0,0.0,0.0,0.1178511301977579,0.3367701210266096,0.411514679532943,0.0,0.0,0.0912870929175276,0.1700460616283111,0.1598072412756559,1.514741362757977,0.0,0.2845177968644246,0.0,0.7463604553528509,0.0,0.0504085750509709,0.0,3.2015425405463525,4.210386385298854,5.08642231064112,1.3391548608728956,1.62650259838673,1.5760110334360564,16.94094682093905,11.614193540729628,10.416704371898886,8.317276861556829,6.538657901344775,4.942506535909774,3.174444196543732,2.119814088894619,0.7058727842057938,0.4466997515665241,0.2976201249113967,0.1934250432920193,0.1257434211797072,0.0823751089318295,0.05380413892447,0.0341905498208809,13.519960369756642,8.228421081135593,6.341426502704558,4.511213174269514,3.115398899219751,1.980416104951964,1.1002877348494806,0.6495708186896415,0.5633316820731934,0.3164777338898305,0.1811836143629873,0.1049119342853375,0.0599115172926875,0.0330069350825327,0.0186489446584657,0.0104769486885426,28.591552819051465,44.9774217042972,43.356862745098,43.90800000000002,30.484223353293444,339.0188940119761,0.6353678404233659,0.9994982600954934,0.9634858387799556,0.9757333333333338,0.6774271856287432,7.533753200266135,2.9128900000000018,94.42530000000006,200.1625571881225,288.70946450322856,400.3251143762451,16.680213099010214,200.1625571881225,0.0756077950287729,0.0031503247928655,-6.197270141437916,283.55759937543263,11.81489997397636,13.553796659834893,593.0,1.0,0.0,4.0,14.0,1.0,0.0,1.0,0.0,0.0,0.0,0.0,0.0,0.0,1.0,0.0,0.0,0.0,0.0,0.0,0.0,0.0,0.0,0.0,0.0,0.0,9.0,0.0,4.0,2.0,0.0,9.0,0.0,0.0,0.0,0.0,0.0,0.0,0.0,0.0,0.0,0.0,5.0,0.0,0.0,9.0,1.0,0.0,0.0,2.0,3.0,0.0,0.0,0.0,0.0,0.0,0.0,0.0,0.0,0.0,0.0,0.0,0.0,1.0,0.0,0.0,0.0,1.0,2.0,0.0,0.0,0.0,0.0,0.0,0.0,0.0,0.0,0.0,0.0,0.0,0.0,0.0,0.0,0.0,0.0,0.0,0.0,0.0,0.0,0.0,0.0,0.0,0.0,0.0,0.0,0.0,0.0,0.0,0.0,0.0,0.0,0.0,0.0,0.0,0.0,0.0,0.0,0.0,0.0,0.0,0.0,0.0,0.0,0.0,0.0,0.0,0.0,0.0,0.0,0.0,0.6185327822669777,0.0,34.521154828448175,19.632478482712088,6.806991234493145,0.0,1.3313081304792092,0.0,0.0,0.0,0.0,0.0,0.0,0.6185327822669777,0.0,0.0,0.0,0.0,0.0,0.0,0.0,0.0,0.0,0.0,0.0,4.213584176900275,0.0,2.213833847314117,1.30358390620977,0.0,4.213584176900275,0.0,0.0,0.0,0.0,0.0,0.0,0.0,0.0,0.0,0.0,3.266067231066572,0.0,0.0,17.389595671718425,-0.2530338755601693,0.0,0.0,-0.5979441373074812,2.840826948301141,0.0,0.0,0.0,0.0,0.0,0.0,0.0,0.0,0.0,0.0,0.0,0.0,2.1523647066851432,0.0,0.0,0.0,9.051531015781556,23.31725910598148,0.0,0.0,0.0,0.0,0.0,0.0,0.0,0.0,0.0,0.0,0.0,0.0,0.0,0.0,0.0,0.0,0.0,0.0,0.0,0.0,0.0,0.0,0.0,0.0,0.0,0.0,0.0,0.0,0.0,0.0,0.0,0.0,0.0,0.0,0.0,0.0,0.0,0.0,0.0,0.0,0.0,0.0,0.0,0.0,0.0,0.0,0.0,0.0,0.0,0.0,0.0,0.6185327822669777,0.0,2.1523647066851432,-0.7089290781923141,6.806991234493145,0.0,1.3313081304792092,0.0,0.0,0.0,0.0,0.0,0.0,0.6185327822669777,0.0,0.0,0.0,0.0,0.0,0.0,0.0,0.0,0.0,0.0,0.0,0.4613020833333333,0.0,0.4873164016184017,0.6314136238406239,0.0,0.4613020833333333,0.0,0.0,0.0,0.0,0.0,0.0,0.0,0.0,0.0,0.0,0.4093286080501988,0.0,0.0,1.8664252645502648,-0.2530338755601693,0.0,0.0,-0.7089290781923141,0.7152199074074075,0.0,0.0,0.0,0.0,0.0,0.0,0.0,0.0,0.0,0.0,0.0,0.0,2.1523647066851432,0.0,0.0,0.0,9.051531015781556,11.005061380166328,0.0,0.0,0.0,0.0,0.0,0.0,0.0,0.0,0.0,0.0,0.0,0.0,0.0,0.0,0.0,0.0,0.0,0.0,0.0,0.0,0.0,0.0,0.0,0.0,0.0,0.0,0.0,0.0,0.0,0.0,0.0,0.0,0.0,0.0,0.0,0.0,0.0,0.0,0.0,0.0,0.0,0.0,0.0,0.0,0.0,0.0,0.0,0.0,0.0,0.0,0.0,0.6185327822669777,0.0,12.31219772581515,1.9646036470143613,6.806991234493145,0.0,1.3313081304792092,0.0,0.0,0.0,0.0,0.0,0.0,0.6185327822669777,0.0,0.0,0.0,0.0,0.0,0.0,0.0,0.0,0.0,0.0,0.0,0.488761967750063,0.0,0.6314136238406239,0.672170282369146,0.0,0.488761967750063,0.0,0.0,0.0,0.0,0.0,0.0,0.0,0.0,0.0,0.0,0.8111664918259368,0.0,0.0,1.9646036470143613,0.0,0.0,0.0,0.1109849408848329,1.1086110061308476,0.0,0.0,0.0,0.0,0.0,0.0,0.0,0.0,0.0,0.0,0.0,0.0,2.1523647066851432,0.0,0.0,0.0,9.051531015781556,12.31219772581515,0.0,0.0,0.0,0.0,0.0,0.0,0.0,0.0,0.0,0.0,0.0,0.0,0.0,0.0,0.0,0.0,0.0,0.0,0.0,0.0,0.0,0.0,0.0,0.0,0.0,0.0,0.0,0.0,0.0,0.0,0.0,0.0,0.0,0.0,0.0,0.0,0.0,0.0,0.0,0.0,0.0,0.0,0.0,0.0,0.0,0.0,0.0,0.0,0.0,0.0,0.0,57.16666666666666,2.381944444444444,0.672170282369146,12.31219772581515,-0.052858886418816,-0.7089290781923141,7.318669627125407,2.375595744858981,5.31219772581515,25.04230965689635,2.375595744858981,5.31219772581515,25.04230965689635,11.39999,0.475,0.0,0.025,0.57333,0.8125,0.44118,0.51579,0.792,0.13216,0.05754,-0.07461,0.0205,0.58461,0.12968,0.0,0.08772,0.29825,0.0,29.5,1.22917,14.5,0.60417,15.0,0.625,0.5,0.02083,0.0,0.0,18.16591,0.75691,39.08997,20.92406,0.87184,5.64504,0.23521,11.61415,5.96911,0.24871,0.29985,0.01249,0.55785,0.02324,0.4444444444444444,124.04,4.0,4.0,4.0,4.0,1.0,1.0,0.3,1.4155838679237929,3.244910922308078,4.218870595993136,4.702746985122411,4.914075318551898,4.914075318551898,63.70127405657068,146.0209915038635,189.8491768196911,211.62361433050847,221.1333893348354,221.1333893348354,0.2577606944493578,0.5908590170550488,0.7682052891787471,0.8563133249622716,0.8947936575062582,0.8947936575062582,4.076269228405882,2.246942174021597,1.2729825003365391,0.7891061112072641,0.5777777777777766,0.5777777777777766,0.2448531034338233,0.5612712377534779,0.7297367410167706,0.8134326902581429,0.8499860866737154,0.8499860866737154,12.63170891674488,28.561295181168127,34.55074070385952,36.015485660595544,36.90140554368411,36.90140554368413,80.27676289012499,49.7851545754535,33.23413294760369,28.375891352197737,26.112467487254733,26.11246748725473,18.7810650887574,9.08734693877551,5.497025419145484,3.0,8.0,2.0,3.22,2.532699999999998,0.0,0.0,0.0,0.0,20.31706541770945,20.621096456042388,0.0,3.445054755772045,0.0,0.0,0.4814111366353723,0.0,0.0,0.0,0.0,0.0,0.0,0.0,0.0,0.591,1.501,1.5240000000000002,2.1660000000000004,1.856,12.108000000000002,35.0,43.0,52.0,60.0,59.0,62.0,68.0,70.0,78.0,577.0,3.555348061489413,4.060443010546419,4.499809670330265,4.945207488773801,5.402677381872279,5.414710547915366,5.659264422009441,5.916538933083924,6.149402688296917,6.449087159400147,7.841419218913637,4.406954072790295,0.4666666666666667,3.0,0.0,0.0,1.0,2.0,0.0,0.0,0.0,0.0,0.0,0.0,0.0,0.0,0.0,0.0,0.0,0.0,0.0,0.0,0.0,0.0,0.0,0.0,3.0,0.0,1.0,2.0,0.0,0.0,0.0,0.0,0.0,0.0,0.0,1.0,0.0,0.0,1.0,0.0,0.0,0.0,0.0,0.0,0.0,0.0,0.0,0.0,0.0,0.0,0.0,0.0,0.0,0.0,0.0,0.0,0.0,0.0,0.0,0.0,1.0,0.0,0.0,0.0,0.0,0.0,0.0,0.0,0.0,6.0,0.2307692307692307,7.0,0.2692307692307692,0.0,8.0,15.0,0.875,5.0,2.2222222222222223,1.2847222222222223,1.1433333333333338,0.5488888888888888,0.3535600907029479,0.2977253401360544,0.1514235323759133,0.1506327160493827,0.0867258443016018,0.1923076923076923,0.0634920634920634,0.0401475694444444,0.0408333333333333,0.0211111111111111,0.0147316704459561,0.0141773971493359,0.0084124184653285,0.010759479717813,0.0066712187924309,0.4346133373295416,138.5543812429008,216.1107460624464,277.10876248580166,11.5461984369084,138.5543812429008,0.0086383091444583,0.0003599295476857,-11.403716198858316,259.0877750437257,10.795323960155237,13.337200569764889,57.61,311.8825458191848,5.584962500721157,4.812184355372417,5.631211781821365,6.478509642208569,7.312553498102598,8.161375023197486,9.000729834944558,9.850455905984322,10.692376637875576,11.5428046042479,123.4822012837548,3.970291913552122,0.0,5.262690188904886,2.3978952727983707,6.732210706467206,4.59511985013459,8.27410200229233,6.580639137284949,9.851825769212237,10.120492299890929,323.1521435320006,7.181158745155569,48.81539273811576,2.03397469742149,10.82988339260928,7.397424617885514,3.432458774723765,1603.0,32.0,4.558000000000001,122.0,1.0,2.442479769064448
0,0,0,0,0,0,0,0,0,0,0,0,0,0,0,0,0,0,0,0,0,0,0,0,0,0,0,0,0,0,0,0,0,0,0,0,0,0,0,0,0,0,0,0,0,0,0,0,0,0,0,0,0,0,0,0,0,0,0,0,0,0,0,0,0,0,0,0,0,0,0,0,0,0,0,0,0,0,0,0,0,0,0,0,0,0,0,0,0,0,0,0,0,0,0,0,0,0,0,0,0,0,0,0,0,0,0,0,0,0,0,0,0,0,0,0,0,0,0,0,0,0,0,0,0,0,0,0,0,0,0,0,0,0,0,0,0,0,0,0,0,0,0,0,0,0,0,0,0,0,0,0,0,0,0,0,0,0,0,0,0,0,0,0,0,0,0,0,0,0,0,0,0,0,0,0,0,0,0,0,0,0,0,2,4,3,1,2,2,5,1,2,1,2,3,4,2,2,2,2,5,0,0,0,0,0,0,0,0,0,0,0,0,0,0,0,0,2,3,2,3,0,0,0,0,0,0,0,0,0,0,0,0,0,0,0,0,0,1,5,2,5,1,2,0,0,0,0,0,0,0,0,0,0,0,0,0,0,0,0,0,0,0,0,0,0,0,0,0,0,0,0,0,0,0,0,0,0,0,0,0,0,0,0,0,0,0,0,0,0,0,0,0,0,0,0,0,0,0,0,0,0,0,0,0,0,0,0,0,0,0,0,0,0,0,0,0,0,0,0,0,0,0,0,0,0,0,0,0,0,0,0,0,0,0,0,0,0,0,0,0,0,0,0,0,0,0,0,0,0,0,0,0,0,0,0,0,0,0,0,0,0,0,0,0,0,0,0,0,0,0,0,0,0,0,0,0,0,0,0,0,0,0,0,0,0,0,0,0,0,0,0,0,0,0,0,0,0,0,0,0,0,0,0,0,0,0,0,0,0,0,0,0,0,0,0,0,0,0,0,0,0,0,0,0,0,0,0,0,0,0,0,0,5,2,3,1,1,2,1,0,0,0,0,0,0,0,0,0,0,0,0,0,0,0,0,0,0,0,0,0,0,0,0,0,0,0,0,0,0,0,0,0,0,0,0,0,0,0,0,0,0,0,0,0,0,0,0,0,0,0,0,0,0,0,0,0,0,0,0,0,0,0,0,0,0,0,0,0,0,0,0,0,0,0,0,0,0,0,0,0,0,0,0,0,0,0,0,0,0,0,0,0,0,0,0,0,0,0,0,0,0,0,0,0,0,0,0,0,0,0,0,0,0,0,0,0,0,0,0,0,0,0,0,0,0,0,0,0,0,0,0,0,0,0,0,0,0,0,0,0,0,0,0,0,0,0,0,0,2,5,2,4,0,0,0,0,0,0,0,0,0,0,0,0,0,0,0,0,0,0,0,0,0,2,2,2,1,2,2,2,1,0,0,0,0,0,0,0,0,0,0,0,2,2,2,2,2,4,3,2,2,0,0,0,0,0,0,2,2,2,2,2,0,0,1,0,0,0,0,5,5,0,0,0,0,0,0,0,0,0,0,0,1,5,2,5,0,0,0,0,0,2,0,0,0,0,0,0,0,1,2,2,2,2,2,1,0,0,0,0,0,0,0,0,0,0,0,0,0,0,0,3,2,3,0,2,3,4,0,0,0,0,0,0,0,0,0,0,0,0,0,0,0,0,0,0,0,0,0,0,0,0,0,0,0,0,0,0,0,0,2,2,2,1,2,2,2,2,2,0,0,0,0,0,0,0,0,0,0,0,0,0,0,0,0,0,0,0,0,0,0,0,0,3,2,2,2,3,1,1,2,3,2,0,0,0,5,2,3,0,0,0,0,0,0,0,1,2,0,0,0,0,0,0,0,2,2,2,0,0,0,0,0,0,0,0,0,0,0,0,0,0,0,0,0,0,0,0,0,0,0,0,0,0,0,0,0,0,0,0,0,0,0,0,0,0,0,0,0,0,0,0,0,0,0,0,0,0,0,0,0,0,0,0,0,0,0,0,0,0,0,0,0,0,0,2,5,4,0,1,1,2,2,2,2,2,3,2,0,0,0,3,2,2,3,0,0,0,0,0,0,0,0,0,0,0,0,2,2,0,0,0,0,0,0,0,0,0,0,0,0,0,0,0,0,0,0,0,0,0,0,0,0,0,0,0,0,0,0,0,2,2,2,2,4,5,0,0,0,0,0,0,0,0,0,0,0,0,0,0,0,0,0,0,0,0,0,0,0,0,0,0,0,0,0,0,0,0,0,0,3,0,0,0,0,0,0,0,0,0,0,0,0,0,0,0,0,0,0,0,0,0,0,0,0,0,0,2,3,0,0,0,0,0,0,2,2,5,5,1,1,0,0,0,0,0,0,0,0,0,0,0,0,0,0,0,0,0,0,0,0,0,0,2,1,2,0,0,0,0,0,0,0,0,0,3,3,5,0,0,1,5,0,0,0,0,0,0,0,0,0,0,0,0,0,0,0,3,2,0,0,0,0,2,2,2,0,0,0,0,2,2,2,2,1,0,0,0,2,3,2,2,2,1,0,0,2,2,1,2,2,0,0,0,0,0,0,0,0,0,0,0,0,1,2,3,0,0,0,0,0,0,0,0,0,0,0,0,0,0,0,0,0,0,0,0,0,0,0,0,0,0,0,0,0,0,0,0,0,0,0,0,0,0,0,1,2,0,0,0,0,1,0,0,0,0,0,0,0,0,0,0,0,0,0,0,0,0,0,0,0,0,0,0,0,0,0,0,0,0,0,0,0,0,0,0,0,0,0,0,0,0,0,0,0,0,0,0,0,0,0,0,0,0,0,0,0,0,0,0,0,0,0,0,0,0,0,0,0,0,0,0,0,0,0,0,0,0,0,0,0,0,0,0,0,0,0,5,2,0,0,0,0,0,0,4,2,0,0,0,0,0,0,0,0,0,0,0,0,1,3,3,2,0,0,0,0,0,0,0,0,0,0,0,0,0,0,0,0,0,0,0,0,0,0,0,0,0,0,0,0,0,0,0,0,0,0,0,0,0,0,0,0,0,0,0,2,1,0,0,0,0,0,0,0,0,0,0,0,0,0,0,0,0,0,0,0,0,0,0,2,2,2,5,0,0,0,0,0,0,0,2,2,0,0,0,0,0,0,0,0,2,2,2,1,0,0,0,0,2,2,2,2,0,2,1,2,2,2,0,2,2,0,0,0,0,0,0,0,0,0,0,0,0,0,0,0,0,0,0,1,2,2,0,0,0,0,0,0,0,0,0,0,0,0,0,0,0,0,2,2,5,2,2,1,0,0,0,0,0,0,0,3,2,0,3,4,2,4,1,1,2,0,1,1,4,3,3,3,1,3,4,1,1,0,4,0,0,1,3,2,2,2,4,0,3,1,2,2,3,4,0,2,1,3,1,0,1,2,4,0,0,1,4,2,1,1,2,0,2,3,4,1,2,4,0,3,4,4,2,0,3,1,3,3,1,4,4,1,3,4,2,2,0,2,3,3,3,2,4,0,4,3,3,1,3,2,3,0,4,3,0,2,4,0,4,4,2,0,2,4,2,3,2,3,1,0,2,2,1,0,3,2,2,2,4,4,0,3,3,0,3,2,4,2,0,1,1,0,0,3,0,1,3,1,1,3,2,4,0,0,0,1,0,4,0,3,4,2,3,3,4,2,0,2,2,0,0,1,4,3,1,2,0,4,0,4,4,2,4,3,2,0,3,0,1,2,3,3,3,4,1,3,1,2,0,1,0,3,0,1,2,0,3,2,2,2,4,0,0,2,1,4,3,3,2,0,3,2,3,3,2,4,2,3,4,0,0,1,2,4,4,0,0,2,2,3,4,1,2,4,1,0,0,1,1,1,4,3,2,4,3,4,1,1,1,1,3,0,0,0,1,1,4,4,3,4,0,2,3,4,0,0,3,3,0,2,1,1,4,4,1,4,0,4,0,1,4,1,4,2,3,4,2,2,0,1,3,4,4,2,4,2,4,4,4,2,4,1,2,1,4,3,0,0,4,4,3,4,0,3,3,0,0,3,3,4,4,1,3,1,4,1,2,3,4,2,1,1,2,0,0,0,3,4,3,4,2,2,3,4,2,2,4,0,3,2,1,1,4,1,2,1,4,4,3,0,0,3,0,0,0,0,0,0,0,0,0,0,0,0,0,0,0,0,0,0,0,0,0,0,0,0,0,0,0,0,0,0,0,0,0,0,0,0,0,0,0,0,0,0,0,0,0,0,0,0,0,0,0,0,0,0,0,0,0,0,0,0,0,0,0,0,0,0,0,0,0,0,0,0,0,0,0,0,0,0,0,0,0,2,1,2,0,2,2,2,3,3,2,2,3,1,2,2,0,0,0,0,0,0,0,2,3,2,3,3,5,4,0,2,5,0,5,2,0,0,0,0,2,2,5,2,0,0,0,0,0,0,0,0,0,0,0,0,0,0,0,0,0,0,0,0,0,0,0,0,0,0,0,0,0,0,0,0,0,0,0,0,0,0,0,0,0,0,0,0,0,0,0,0,0,0,0,0,0,0,0,0,0,0,0,0,0,0,0,0,0,0,0,0,0,0,0,0,0,0,0,0,0,0,0,0,0,0,0,0,0,0,0,0,0,0,0,0,0,0,0,0,2,1,1,1,5,5,3,1,1,5,4,1,3,1,3,3,0,0,0,0,0,0,0,0,0,0,0,0,0,0,0,0,0,0,0,0,0,0,0,0,0,0,0,0,0,0,0,0,0,0,0,0,0,0,0,0,0,0,0,0,0,0,0,0,0,0,0,0,0,0,0,0,0,0,0,0,0,0,0,0,0,0,0,0,0,0,0,0,0,0,0,0,0,0,0,0,0,0,0,0,0,0,0,0,0,0,0,0,0,0,0,0,0,0,0,0,0,0,0,0,0,0,0,0,0,0,0,0,0,0,0,0,0,0,0,0,0,0,0,0,0,0,0,0,0,0,0,0,0,0,0,0,0,0,0,0,0,0,0,0,0,0,0,0,0,0,0,0,0,0,0,0,0,0,0,0,0,0,0,0,0,0,0,0,0,0,0,0,0,0,0,0,0,0,0,0,0,0,0,0,0,0,0,0,0,0,0,0,0,0,0,0,0,0,0,0,0,0,0,0,0,0,0,0,0,0,0,0,0,0,0,0,0,0,0,0,0,0,0,0,0,0,0,0,0,0,0,0,0,0,0,0,0,0,0,0,0,0,0,0,0,0,0,0,0,0,0,0,0,0,0,0,0,0,0,0,0,0,0,0,0,0,0,0,0,0,0,0,0,0,0,0,0,0,0,0,0,0,0,0,3,3,2,3,2,2,4,2,3,1,1,2,5,5,1,2,1,0,0,0,0,0,0,0,0,0,0,0,0,0,0,0,0,0,0,0,0,0,0,0,0,0,0,0,0,0,0,0,0,0,0,0,0,0,0,0,0,0,0,0,0,0,0,0,0,0,0,0,0,0,0,0,0,0,0,0,0,0,0,0,0,0,0,0,0,0,0,0,0,0,0,0,0,0,0,0,0,0,0,0,0,0,0,0,0,0,0,0,0,0,0,0,0,0,0,0,0,0,0,0,0,0,0,0,0,0,0,0,0,0,0,0,0,0,0,0,0,0,0,0,0,0,0,0,0,0,1,1,2,4,1,3,2,3,1,3,4,5,3,3,1,3,5,4,1,2,4,3,3,1,3,3,1,3,1,1,2,1,3,2,2,5,3,2,2,3,4,1,2,2,4,0,0,0,0,0,0,0,0,0,0,0,0,0,0,0,0,0,0,0,0,0,0,0,0,0,0,0,0,0,0,1,0,0,0,0,0,0,0,0,0,0,0,0,0,0,0,0,0,0,0,0,0,0,0,0,0,0,0,0,0,0,0,0,0,0,0,0,0,0,0,0,0,0,0,0,0,0,0,0,0,0,0,0,0,0,0,0,0,0,0,0,0,0,0,0,0,0,0,0,0,0,0,0,1,0,0,0,0,0,0,0,0,0,1,0,0,0,0,0,0,0,0,0,0,0,0,0,0,0,0,0,0,0,0,0,0,0,0,0,0,0,1,0,0,0,0,0,0,0,0,0,0,0,0,0,0,0,0,0,0,0,0,0,0,0,0,0,0,0,0,0,0,0,0,0,0,0,0,0,0,0,0,0,0,0,0,0,0,0,0,0,0,0,0,0,0,0,0,0,0,0,0,0,0,1,0,0,0,0,0,0,1,0,0,0,0,0,0,0,0,0,0,0,0,0,0,0,0,0,0,0,0,0,0,0,0,0,0,0,0,0,0,0,0,0,0,0,0,1,1,0,0,0,0,0,0,0,0,0,0,1,0,0,0,0,0,0,0,0,0,0,0,0,0,0,0,0,0,0,0,0,0,0,0,0,0,0,0,0,0,0,0,0,0,0,0,0,0,0,0,0,0,0,0,0,0,0,0,0,0,0,0,0,0,0,0,0,0,0,0,0,0,0,0,1,0,0,0,0,0,0,0,0,1,0,0,0,0,0,0,0,0,0,0,0,0,0,0,1,0,0,0,0,0,0,0,0,0,0,0,0,0,0,0,0,0,0,0,0,0,0,0,0,0,0,0,0,0,0,1,0,0,0,0,1,0,0,0,0,1,0,0,0,0,0,0,0,0,1,0,0,1,0,0,0,0,0,0,0,0,0,0,1,0,0,0,0,0,0,0,0,0,0,0,0,0,0,0,0,0,1,0,1,0,0,0,0,0,0,0,0,0,0,0,0,0,0,0,0,0,1,0,0,0,0,0,0,0,0,0,0,0,0,0,0,0,0,0,0,0,0,0,0,1,0,0,0,0,0,1,0,0,0,0,0,0,0,0,0,0,0,0,0,0,0,0,0,0,0,0,0,0,0,0,0,0,0,0,0,0,0,0,0,0,0,0,0,0,0,0,0,0,0,0,0,0,0,0,0,0,0,0,0,0,0,0,0,0,0,0,0,0,0,0,0,0,0,0,0,0,0,0,0,1,0,0,0,0,0,0,0,0,0,0,0,0,0,0,0,0,0,0,0,0,0,0,0,0,1,0,0,0,0,0,1,0,0,0,0,0,0,0,0,0,0,0,0,0,0,0,0,0,0,0,0,0,0,0,0,0,0,0,0,0,0,0,0,1,0,0,0,0,0,0,0,0,0,0,0,0,0,0,0,0,0,0,0,0,0,0,0,0,0,0,0,0,0,0,0,0,0,0,0,0,0,0,0,0,0,0,0,0,0,0,0,0,0,0,0,0,0,0,0,1,0,0,0,0,0,0,0,0,1,0,0,0,0,0,0,1,0,0,1,0,0,0,1,0,0,0,0,0,0,0,0,0,0,1,0,0,0,0,0,0,0,0,0,0,0,0,0,0,0,0,0,0,0,0,0,0,0,0,0,0,0,0,0,0,0,0,0,0,0,0,0,0,0,0,0,1,0,0,0,1,0,0,0,0,0,0,0,0,1,0,1,0,0,0,0,0,1,0,0,0,0,0,0,0,0,0,0,0,0,0,0,0,0,0,0,0,1,0,0,0,0,0,0,0,0,0,0,0,0,0,0,0,0,0,0,0,0,0,0,0,0,0,0,0,0,1,0,1,0,0,0,0,0,0,0,0,1,0,0,0,0,0,1,0,0,0,0,0,0,0,0,0,0,0,0,0,0,0,0,0,0,1,0,0,0,0,0,0,0,0,0,0,0,0,0,0,0,0,1,0,0,0,0,0,0,0,0,0,0,0,0,0,0,0,0,0,1,0,0,0,0,0,0,0,1,0,0,0,0,0,0,0,0,0,0,1,0,0,0,0,0,0,1,0,0,0,0,0,0,0,0,0,0,0,0,0,0,0,0,0,0,0,0,1,0,0,0,0,0,0,0,0,0,0,0,1,0,0,0,0,0,0,0,0,1,0,0,0,0,0,0,0,0,0,0,0,0,0,0,1,0,0,0,0,0,1,0,0,0,0,0,0,0,0,0,1,0,0,0,0,0,0,0,1,0,0,0,0,0,0,0,0,0,0,0,0,0,0,0,0,0,0,0,0,0,0,0,0,0,0,0,0,0,0,0,0,0,0,0,0,0,0,0,0,0,0,0,0,1,0,1,0,0,1.0,0.6350999999999993,0.4033520099999991,51.913500000000006,55.73506699999997,12.0,12.0,45.0,26.0,19.0,0.0,20.0,1.0,3.0,0.0,0.0,0.0,2.0,0.0,0.0,2.0,6382.092688000009,5052.123094000002,7604.850727000003,8842.9539,6659.575638000012,5567.39762200001,5723.053182000005,5645.811585000008,5070.220470000003,10961.35760011522,13412.822225623662,20022.067402747973,22210.451464953443,19162.34443075464,17022.713116230698,16288.529824926884,14631.84555621474,12532.648132100288,352.86916999999977,363.8973880000002,632.5923880000007,861.1477530000006,911.3459140000016,745.8691800000012,653.8571660000009,617.4383120000009,533.7468320000003,76.87005719213089,93.16678556599996,143.63158024424504,168.3605890033392,146.99268315547022,129.40534604952683,123.3333418578858,111.51606491897982,94.35189963158383,7153.235286112031,6720.321029441353,12307.68137831034,17280.326834011048,19271.5283182035,15667.867306354796,13340.86152721011,12919.535891562278,11031.733382248063,221.09392623075743,143.34670781893,251.7572016460905,312.23574912360914,347.2674897119341,271.9650205761316,241.0689300411522,229.60082304526745,206.9012345679012,141.82428195555576,107.49198072340432,92.7420820365854,78.95494553571429,55.96282048739506,56.81017981632664,66.54713002325587,68.85136079268302,73.48145608695657,243.58572444700488,285.37919628986515,244.17155369204843,198.30760236565573,161.02810446012305,173.70115424725202,189.40150959217303,178.43714092944805,181.63258162464183,7.841537111111106,7.742497617021281,7.71454131707318,7.688819223214291,7.658369025210097,7.610910000000012,7.602990302325592,7.529735512195133,7.735461333333337,1.708223493158464,1.982272033319148,1.7516046371249396,1.5032195446726713,1.235232631558573,1.32046271479109,1.4341086262544862,1.359952011207071,1.3674188352403456,158.9607841358229,142.98555381790112,150.09367534524804,154.2886324465272,161.94561611935714,159.87619700362038,155.12629682802455,157.5553157507595,159.88019394562414,4.9131983606835,3.049929953594256,3.0702097761718354,2.787819188603653,2.91821419925995,2.775153271185016,2.80312709350177,2.800010037137408,2.998568616926103,0.6176727012797433,-0.2799609593433542,-0.0119759845377647,-0.0777739984508936,0.1951825037798001,-0.1595051330667825,-0.1129544392078789,0.1850084740022895,0.0456962573533769,2962.5269063111086,4.101856652840588,86.28008456642053,-6.954994463209516,145.1273360661719,-130.28090676642063,-135.46664286123513,961.0689182997525,281.4795273451849,2359.825595570091,72.37292433020747,-5.308433836571595,-1094.2751226951136,389.0242143906516,481.6510408899469,-316.59267365513733,300.51408134662046,389.2952673871683,4.123057199999999,-0.2052756977777779,0.4571857244444436,-0.4114690088888886,-0.3756158844444427,-1.0869741244444415,0.1204575288888882,1.4105622577777763,-0.6364185066666661,12.2258026966979,0.3686431419303637,0.827839557694455,-4.003670660455676,2.6033721272273165,2.8986584210438804,-1.592238722165498,0.8804003439450259,1.7903079948424467,61.85911889857912,-2.658281278415965,5.580954825659587,-30.82789364697416,10.548758222100366,19.86075356531488,-6.562085637260852,-5.27314145866206,1.278967957847842,85.22973801419147,-3.2328307751942345,20.25167060877876,-12.094758063453911,-13.226014063649572,-18.9850107161472,-16.028926842302347,5.914427810424863,-3.3709511309816245,0.0137260600284387,-0.0059566161562415,-0.0001460485919239,-0.0006944107004544,0.0016401891073932,-0.0016276033986406,-0.0013134237117195,0.0022562009024669,0.0006622645993243,65.83393125135797,0.0872735458051189,1.0521961532490307,-0.0620981648500849,1.2195574459342176,-1.3293970078206188,-1.575193521642269,11.720352662192102,4.079413439785289,52.44056879044647,1.5398494538342014,-0.0647369980069706,-9.770313595492086,3.269111045299593,4.914806539693335,-3.681310158780666,3.664805870080737,5.641960396915482,0.0916234933333333,-0.004367568037825,0.0055754356639566,-0.0036738304365079,-0.0031564360037348,-0.0110915726984126,0.0014006689405684,0.0172019787533875,-0.0092234566183574,0.2716845043710644,0.0078434711049013,0.0100956043621275,-0.0357470594683542,0.0218770766993892,0.0295781471535089,-0.0185144037461104,0.0107365895603051,0.025946492678876,1.3746470866350915,-0.0565591761365099,0.0680604247031657,-0.2752490504194121,0.0886450270764736,0.2026607506664783,-0.0763033213634982,-0.0643066031544153,0.0185357675050411,1.893994178093144,-0.0687836335147709,0.2469715927899848,-0.1079889112808385,-0.1111429753247863,-0.1937245991443591,-0.1863828702593296,0.0721271684198154,-0.0488543642171249,-0.4339640176350816,-0.0106402413818215,-0.0505906792637998,0.1194945311323864,-0.1185776104190452,-0.0956883263659249,0.1643735272752974,0.0482487034117708,0.001325662073436,0.0159825812198831,-0.0009432546966243,0.0185247549820148,-0.0201931888701116,-0.0239267728920529,0.1780290564366129,0.06196521098231,0.0293637061792268,-0.0012344831396787,-0.186312120956095,0.0623393513972555,0.0937214575099861,-0.0701996611343262,0.0698849374560633,0.1075877040819458,-0.0476686478427046,0.0608515945105123,-0.0400970351909881,-0.0344500726713339,-0.1210559900620758,0.0152872248111379,0.1877463751660875,-0.1006669390436995,0.0288697771816562,0.0371592939593603,-0.1315756286914737,0.0805238294691613,0.1088694668913152,-0.0681467049030651,0.0395185937643364,0.0955022913027035,-0.0411445066056608,0.0495111984485897,-0.2002325201104351,0.064485661766077,0.1474274762132282,-0.0555075714380453,-0.0467804455264422,0.0134840190513287,-0.0363167079974985,0.1303972291185359,-0.0570164958952306,-0.0586817935399801,-0.1022836296885555,-0.0984073089638418,0.0380820433632126,-0.0257943581781814,1.3166210202486428,0.9418411925949742,0.9107761706771093,0.8106603098545375,1.0179606973148343,0.7940612772273664,0.5794026578376958,0.9674928902807232,0.5628593147680176,0.6485217610335803,0.8527719003316514,0.8180765199641417,0.8366458441841715,0.8325320992576997,0.614449478906474,0.9353481516198032,0.8569981913234026,0.9132949106468424,1.146572892433939,0.9274510203078172,0.8995878295384071,1.059216687924457,0.941382339666842,0.8819568974788315,0.6463319850815681,0.5829781818801605,0.8606719322600863,1.0190936664646806,1.0136782403472215,0.7875516356795796,0.5480481695038124,1.1301386129029545,0.8380600688239784,0.8418105799299684,1.074381366317111,0.8593923707848666,0.8336858560554727,1.018434640173071,0.9078120157285487,0.888304653241336,1.1582359542197185,1.0679947562884191,1.2109886497930666,0.9062671573131734,0.8295062364639194,1.0245406218371529,1.016211136717243,0.9484888147943276,0.6171555119124381,0.4367017633119084,0.8799807489703221,1.1663194818589553,1.118726277566359,0.976725468574083,0.7460907328831528,1.0590284088519817,257.15921249042805,129.67309364017194,204.5229475077857,259.1779584503504,9.968383017321166,129.67309364017194,2.186974789915851,0.1235685263477066,0.0047526356287579,-5.436494459720757,537.4676138078356,20.67183130030137,16.34585811249492,257.03376720725936,129.62321682879664,204.47474187957624,259.07622854602914,9.96447032869343,129.62321682879664,2.212666450333913,0.1246558656669316,0.004794456371805,-5.413715873863441,531.5219968684121,20.44315372570816,16.316935916630992,292.2619602353486,145.45611471620316,227.7076014925884,291.43135666430726,11.208898333242589,145.45611471620316,-1.3497308029422754,0.2420754810945989,0.0093105954267153,-3.688114809881397,394.9916002868264,15.1919846264164,15.545047698903774,262.04368984313805,131.67450279111523,206.68477265282,263.2485966792234,10.124946026123975,131.67450279111523,1.305315739092407,0.0947888065475505,0.0036457233287519,-6.125870272822086,875.5716629837003,33.67583319168078,17.614680205603733,308.2040474894404,152.45343639324886,238.40023731478303,306.1750169030141,11.775962188577466,152.45343639324886,-3.2971747029427263,0.3282746735842775,0.0126259489840106,-2.8961519640918336,488.25590244781415,18.779073171069776,16.096183112543393,259.91367381753685,130.4608238929099,204.3634078773544,260.84411132672113,10.032465820258505,130.4608238929099,1.0079739682829825,0.0678132257010828,0.0026082009885031,-6.996594887676761,467.88718389485393,17.995660919032844,15.985390737691104,286.5984304625128,143.1790374581955,223.18459318216824,287.41268013799515,11.054333851461354,143.1790374581955,1.4671313892527564,0.1682545608225652,0.0064713292624063,-4.633920728865349,482.64264604103687,18.56317869388604,16.066118943028947,1.0,11.899999999999991,34.96985483598667,-0.3315213866490075,0.2630614588047276,4.149746966842062,9.87729720099938,28.0,47.0,45.0,33.0,14.0,2.0,2.0,0.0,0.0,14.0,25.506933,4.096445839662198,3.8590496268942633,3.692660508645637,3.439120338882358,3.3895529189070133,3.2004530552917467,3.0532533774780664,2.6914826816070514,1.9996366433477,1.8986166686622263,1.7421443312613734,1.6183111805171395,1.4019577104825305,1.16231651008949,1.0822503020169474,1.0010997264508583,3.879639267004839,3.800592896755113,3.630312427669595,3.2593553915126425,2.984222932673938,2.806122651008423,2.7134456997524463,2.6458150318986795,1.994987724761212,1.9036242703189143,1.7323522361258443,1.640818027277868,1.413390557413861,1.1490734506919706,1.0260046425280638,1.0071675921888017,3.9357093417274784,3.857357708269981,3.7607348936470566,3.385005858807068,3.21120859786639,2.942898172482036,2.8197732915937403,2.771820215479792,1.917541733380954,1.8319355808367808,1.5571445120164091,1.4300363248750287,1.2375361418245994,0.901594274209047,0.8009597307772036,0.7986202314843519,3.88649938205618,3.81150152800246,3.6267507298602415,3.256213105775398,2.9658234385403874,2.803624894513248,2.7457544768073747,2.665925019264034,1.9865942404267016,1.8859204208384013,1.736134717750167,1.6329343765286262,1.4071976800062262,1.1744624044309118,1.0006496357364965,0.9602789912487918,3.95556193972549,3.880545587055866,3.792356125675877,3.395423070324408,3.2208880084091707,2.990987065974047,2.8571654996177944,2.838078587645888,1.9021546845047463,1.8161470528016284,1.5288244952343373,1.379451322460259,1.1986155653638115,0.8653999102952935,0.7633027955894208,0.7385642758080632,4.8875320562225,4.78928105745404,3.871226222314117,3.8647151819935095,3.855744289008354,3.517490168474405,2.961489703566431,2.870657461147331,1.8996973369747496,1.8261687853229165,1.686585462023022,1.532656047602165,1.2969361955020289,1.0092469302266107,0.8321584036236099,0.7935295648766663,0.0,0.0,1.0,10.0,3.0,3.0,2.0,1.0,0.0,0.0,0.0,0.1178511301977579,0.3027494301546209,0.5235411818046629,0.0,0.0,0.0912870929175276,0.1620273078895663,0.2086915986893225,1.986145883549009,0.0,0.4511844635310912,0.0,1.073687290706839,0.0,0.157551432193828,0.0,4.282543387725689,5.261044309344827,6.600688654227891,2.0664978523022604,2.224299265758958,2.352969373408716,18.681433796945207,12.41872399336994,11.546314228900004,9.299311626565082,6.988946280038878,5.331612938098512,3.6170387365409815,2.3632682017735926,0.7185166844978925,0.4435258569060692,0.2960593392025642,0.1937356588867725,0.122613092632261,0.079576312508933,0.0531917461256026,0.0337609743110513,15.633046669432757,9.189664769352904,7.41868931562897,5.3914299378168895,3.4898205440244188,2.278571340487618,1.3201149390914857,0.7624681161294542,0.6012710257474136,0.3282023131911751,0.1902228029648453,0.1123214570378518,0.0612249218249898,0.0340085274699644,0.0194134549866394,0.0108924016589922,30.23143680032564,45.62053896576844,44.10980392156858,44.41200000000004,32.29644730538925,338.2634293413174,0.671809706673903,1.0137897547948542,0.9802178649237464,0.986933333333334,0.71769882900865,7.51696509647372,4.219690000000001,104.44530000000005,224.56338277486705,325.46358996837785,449.12676554973416,17.274106367297463,224.56338277486705,0.0089590701958133,0.0003445796229158,-12.259230958438764,417.9868839683915,16.076418614168904,15.692170140312657,679.0,1.0,0.0,6.0,14.0,1.0,0.0,1.0,0.0,0.0,0.0,0.0,0.0,0.0,1.0,0.0,0.0,0.0,0.0,0.0,0.0,0.0,0.0,0.0,0.0,0.0,7.0,0.0,4.0,2.0,0.0,7.0,0.0,0.0,0.0,0.0,0.0,0.0,0.0,0.0,0.0,0.0,5.0,0.0,0.0,7.0,1.0,0.0,0.0,2.0,5.0,0.0,0.0,0.0,0.0,0.0,0.0,0.0,0.0,0.0,0.0,0.0,0.0,1.0,0.0,0.0,0.0,1.0,2.0,0.0,0.0,0.0,0.0,0.0,0.0,0.0,0.0,0.0,0.0,0.0,0.0,0.0,0.0,0.0,0.0,0.0,0.0,0.0,0.0,0.0,0.0,0.0,2.0,0.0,0.0,0.0,0.0,0.0,0.0,0.0,0.0,0.0,0.0,0.0,0.0,0.0,0.0,0.0,0.0,0.0,0.0,0.0,0.0,0.0,0.0,0.0,0.0,0.0,0.0,0.0,0.6109844368122381,0.0,36.56123779066219,19.54334858084032,6.751070860987312,0.0,1.3233006180332412,0.0,0.0,0.0,0.0,0.0,0.0,0.6109844368122381,0.0,0.0,0.0,0.0,0.0,0.0,0.0,0.0,0.0,0.0,0.0,3.137936066472579,0.0,2.212818257889899,1.3016746651470898,0.0,3.137936066472579,0.0,0.0,0.0,0.0,0.0,0.0,0.0,0.0,0.0,0.0,3.336250319731873,0.0,0.0,14.213815518643042,-0.2494786665430151,0.0,0.0,-0.5540218209529555,5.883554883150224,0.0,0.0,0.0,0.0,0.0,0.0,0.0,0.0,0.0,0.0,0.0,0.0,2.1658499600046364,0.0,0.0,0.0,9.088600438866694,23.581500038329363,0.0,0.0,0.0,0.0,0.0,0.0,0.0,0.0,0.0,0.0,0.0,0.0,0.0,0.0,0.0,0.0,0.0,0.0,0.0,0.0,0.0,0.0,0.0,1.7252873534614963,0.0,0.0,0.0,0.0,0.0,0.0,0.0,0.0,0.0,0.0,0.0,0.0,0.0,0.0,0.0,0.0,0.0,0.0,0.0,0.0,0.0,0.0,0.0,0.0,0.0,0.0,0.0,0.6109844368122381,0.0,0.8430224554886112,-0.70306644661705,6.751070860987312,0.0,1.3233006180332412,0.0,0.0,0.0,0.0,0.0,0.0,0.6109844368122381,0.0,0.0,0.0,0.0,0.0,0.0,0.0,0.0,0.0,0.0,0.0,0.4152704483912396,0.0,0.4870806859329506,0.6311779081551728,0.0,0.4152704483912396,0.0,0.0,0.0,0.0,0.0,0.0,0.0,0.0,0.0,0.0,0.4539548083245472,0.0,0.0,1.8967381212887533,-0.2494786665430151,0.0,0.0,-0.70306644661705,0.742848088309398,0.0,0.0,0.0,0.0,0.0,0.0,0.0,0.0,0.0,0.0,0.0,0.0,2.1658499600046364,0.0,0.0,0.0,9.088600438866694,11.049497260863925,0.0,0.0,0.0,0.0,0.0,0.0,0.0,0.0,0.0,0.0,0.0,0.0,0.0,0.0,0.0,0.0,0.0,0.0,0.0,0.0,0.0,0.0,0.0,0.8430224554886112,0.0,0.0,0.0,0.0,0.0,0.0,0.0,0.0,0.0,0.0,0.0,0.0,0.0,0.0,0.0,0.0,0.0,0.0,0.0,0.0,0.0,0.0,0.0,0.0,0.0,0.0,0.0,0.6109844368122381,0.0,12.53200277746544,2.19082482635802,6.751070860987312,0.0,1.3233006180332412,0.0,0.0,0.0,0.0,0.0,0.0,0.6109844368122381,0.0,0.0,0.0,0.0,0.0,0.0,0.0,0.0,0.0,0.0,0.0,0.481078663947289,0.0,0.6311779081551728,0.670496756991917,0.0,0.481078663947289,0.0,0.0,0.0,0.0,0.0,0.0,0.0,0.0,0.0,0.0,0.817154187145134,0.0,0.0,2.19082482635802,0.0,0.0,0.0,0.1490446256640945,1.47017306365697,0.0,0.0,0.0,0.0,0.0,0.0,0.0,0.0,0.0,0.0,0.0,0.0,2.1658499600046364,0.0,0.0,0.0,9.088600438866694,12.53200277746544,0.0,0.0,0.0,0.0,0.0,0.0,0.0,0.0,0.0,0.0,0.0,0.0,0.0,0.0,0.0,0.0,0.0,0.0,0.0,0.0,0.0,0.0,0.0,0.8822648979728853,0.0,0.0,0.0,0.0,0.0,0.0,0.0,0.0,0.0,0.0,0.0,0.0,0.0,0.0,0.0,0.0,0.0,0.0,0.0,0.0,0.0,0.0,0.0,0.0,0.0,0.0,0.0,59.19135802469135,2.27659069325736,0.670496756991917,12.53200277746544,-0.0596072589969607,-0.70306644661705,7.536466331801343,2.3697331132837167,5.532002777465439,26.55838561274723,2.392826391747366,5.432355511151506,32.6446139330374,12.82857,0.49341,0.0,0.00659,0.62159,0.85659,0.44054,0.55388,0.83598,0.18105,0.0677,-0.11334,0.02061,0.57601,0.13828,0.0,0.18931,0.34298,0.0,32.0,1.23077,16.0,0.61538,16.0,0.61538,0.0,0.0,1.0,0.03846,21.31857,0.81994,44.92063,23.60206,0.90777,6.12855,0.23571,12.41867,6.29012,0.24193,0.49533,0.01905,0.75333,0.02897,0.4444444444444444,134.06,4.0,4.0,4.0,4.0,1.0,1.0,0.3,1.6273181595443669,3.550592724911525,4.443825108357894,4.941744485170488,5.002964207440786,5.04740865188523,73.2293171794965,159.77667262101863,199.9721298761052,222.378501832672,225.13338933483536,227.13338933483536,0.2963149470680377,0.6465199747029766,0.8091667840364847,0.89983187796359,0.9109792486591411,0.919072044235583,3.864534936785308,1.941260371418149,1.048027987971781,0.5501086111591871,0.4888888888888889,0.4444444444444446,0.2814767183120417,0.6141449245244893,0.768647053384726,0.8547720138586061,0.8653611702688332,0.8730487120663921,19.62500880020428,37.32933164726553,42.35004968709266,44.19774109633721,45.7688188714711,45.813611095115526,86.26804986648816,50.17404632737608,36.73670092309396,31.674587591595,28.931430948008828,28.77623747706085,20.72704081632653,9.467455621301776,5.75,3.0,8.0,2.0,3.0,2.777499999999998,0.0,0.0,0.0,0.0,15.42521677810763,23.339514520525224,0.0,5.655955218623113,0.0,0.0,0.4814111366353723,0.0,0.0,0.0,0.0,0.0,0.0,0.0,0.0,0.591,1.51,1.525,2.389,2.1260000000000003,13.675000000000002,39.0,48.0,57.0,67.0,68.0,70.0,76.0,78.0,88.0,645.0,3.610917912644224,4.158883083359672,4.61015772749913,5.051457288616511,5.526448459373285,5.611758555843027,5.788717043794777,6.032336540378279,6.271342811402496,6.604536467381227,7.976090903640921,4.510901162790698,0.5,3.0,0.0,0.0,1.0,2.0,0.0,0.0,0.0,0.0,0.0,0.0,0.0,0.0,0.0,0.0,0.0,0.0,0.0,0.0,0.0,0.0,0.0,0.0,3.0,0.0,1.0,2.0,0.0,0.0,0.0,0.0,0.0,0.0,0.0,1.0,0.0,0.0,1.0,0.0,0.0,0.0,0.0,0.0,0.0,0.0,0.0,0.0,0.0,0.0,0.0,0.0,0.0,0.0,0.0,0.0,0.0,0.0,0.0,0.0,1.0,0.0,0.0,0.0,0.0,0.0,0.0,0.0,0.0,6.0,0.2142857142857142,9.0,0.3214285714285714,0.0,8.0,16.0,1.0,6.5,3.111111111111112,1.6597222222222223,1.445555555555556,0.6599999999999998,0.5151927437641726,0.4227253401360544,0.2131519274376417,0.1962577160493828,0.1156004489337822,0.2321428571428571,0.0797720797720797,0.0448573573573573,0.0466308243727598,0.0235714285714285,0.0190812127320063,0.0169090136054421,0.0096887239744382,0.0115445715323166,0.0077066965955854,0.5198328396766668,159.76940113433585,249.595931414594,319.538802268672,12.28995393341046,159.76940113433585,0.0429553594848107,0.0016521292109542,-8.18374402054856,438.6504953290606,16.871172897271563,15.817627690244253,57.61,342.3046813600517,5.700439718141093,4.90527477843843,5.733341276897746,6.591673732008658,7.434257382133135,8.291295851905407,9.13830716907635,9.994835346995403,10.843592462509536,11.699944305565806,128.63252230553047,4.04305126783455,0.0,5.3612921657094255,2.3978952727983707,6.851184927493743,4.59511985013459,8.413830678421084,6.580639137284949,10.01265580953678,10.270939218446076,391.0741988280005,8.690537751733345,52.52293817325088,2.020113006663496,15.858159750153126,7.398369362384966,3.4324739027250573,2004.0,37.0,3.695,134.0,1.0,0.9030899869919434
0,0,0,0,0,0,0,0,0,0,0,0,0,0,0,0,0,0,0,0,0,0,0,0,0,0,0,0,0,0,0,0,0,0,0,0,0,0,0,0,0,0,0,0,0,0,0,0,0,0,0,0,0,0,0,0,0,0,0,0,0,0,0,0,0,0,0,0,0,0,0,0,0,0,0,0,0,0,0,0,0,0,0,0,0,0,0,0,0,0,0,0,0,0,0,0,0,0,0,0,0,0,0,0,0,0,0,0,0,0,0,0,0,0,0,0,0,0,0,0,0,0,0,0,0,0,0,0,0,0,0,0,0,0,0,0,0,0,0,0,0,0,0,0,0,0,0,0,0,0,0,0,0,0,0,0,0,0,0,0,0,0,0,0,0,0,0,0,0,0,0,0,0,0,0,0,0,0,0,0,0,0,0,2,4,3,1,2,2,5,1,2,1,2,3,4,2,2,2,2,5,0,0,0,0,0,0,0,0,0,0,0,0,0,0,0,0,2,3,2,3,0,0,0,0,0,0,0,0,0,0,0,0,0,0,0,0,0,1,5,2,5,1,2,0,0,0,0,0,0,0,0,0,0,0,0,0,0,0,0,0,0,0,0,0,0,0,0,0,0,0,0,0,0,0,0,0,0,0,0,0,0,0,0,0,0,0,0,0,0,0,0,0,0,0,0,0,0,0,0,0,0,0,0,0,0,0,0,0,0,0,0,0,0,0,0,0,0,0,0,0,0,0,0,0,0,0,0,0,0,0,0,0,0,0,0,0,0,0,0,0,0,0,0,0,0,0,0,0,0,0,0,0,0,0,0,0,0,0,0,0,0,0,0,0,0,0,0,0,0,0,0,0,0,0,0,0,0,0,0,0,0,0,0,0,0,0,0,0,0,0,0,0,0,0,0,0,0,0,0,0,0,0,0,0,0,0,0,0,0,0,0,0,0,0,0,0,0,0,0,0,0,0,0,0,0,0,0,0,0,0,0,0,5,2,3,1,1,2,1,0,0,0,0,0,0,0,0,0,0,0,0,0,0,0,0,0,0,0,0,0,0,0,0,0,0,0,0,0,0,0,0,0,0,0,0,0,0,0,0,0,0,0,0,0,0,0,0,0,0,0,0,0,0,0,0,0,0,0,0,0,0,0,0,0,0,0,0,0,0,0,0,0,0,0,0,0,0,0,0,0,0,0,0,0,0,0,0,0,0,0,0,0,0,0,0,0,0,0,0,0,0,0,0,0,0,0,0,0,0,0,0,0,0,0,0,0,0,0,0,0,0,0,0,0,0,0,0,0,0,0,0,0,0,0,0,0,0,0,0,0,0,0,0,0,0,0,0,0,2,5,2,4,0,0,0,0,0,0,0,0,0,0,0,0,0,0,0,0,0,0,0,0,0,2,2,2,1,2,2,2,1,0,0,0,0,0,0,0,0,0,0,0,2,2,2,2,2,4,3,2,2,0,0,0,0,0,0,2,2,2,2,2,0,0,1,0,0,0,0,5,5,0,0,0,0,0,0,0,0,0,0,0,1,5,2,5,0,0,0,0,0,2,0,0,0,0,0,0,0,1,2,2,2,2,2,1,0,0,0,0,0,0,0,0,0,0,0,0,0,0,0,3,2,3,0,2,3,4,0,0,0,0,0,0,0,0,0,0,0,0,0,0,0,0,0,0,0,0,0,0,0,0,0,0,0,0,0,0,0,0,2,2,2,1,2,2,2,2,2,0,0,0,0,0,0,0,0,0,0,0,0,0,0,0,0,0,0,0,0,0,0,0,0,3,2,2,2,3,1,1,2,3,2,0,0,0,5,2,3,0,0,0,0,0,0,0,1,2,0,0,0,0,0,0,0,2,2,2,0,0,0,0,0,0,0,0,0,0,0,0,0,0,0,0,0,0,0,0,0,0,0,0,0,0,0,0,0,0,0,0,0,0,0,0,0,0,0,0,0,0,0,0,0,0,0,0,0,0,0,0,0,0,0,0,0,0,0,0,0,0,0,0,0,0,0,2,5,4,0,1,1,2,2,2,2,2,3,2,0,0,0,3,2,2,3,0,0,0,0,0,0,0,0,0,0,0,0,2,2,0,0,0,0,0,0,0,0,0,0,0,0,0,0,0,0,0,0,0,0,0,0,0,0,0,0,0,0,0,0,0,2,2,2,2,4,5,0,0,0,0,0,0,0,0,0,0,0,0,0,0,0,0,0,0,0,0,0,0,0,0,0,0,0,0,0,0,0,0,0,0,3,0,0,0,0,0,0,0,0,0,0,0,0,0,0,0,0,0,0,0,0,0,0,0,0,0,0,2,3,0,0,0,0,0,0,2,2,5,5,1,1,0,0,0,0,0,0,0,0,0,0,0,0,0,0,0,0,0,0,0,0,0,0,2,1,2,0,0,0,0,0,0,0,0,0,3,3,5,0,0,1,5,0,0,0,0,0,0,0,0,0,0,0,0,0,0,0,3,2,0,0,0,0,2,2,2,0,0,0,0,2,2,2,2,1,0,0,0,2,3,2,2,2,1,0,0,2,2,1,2,2,0,0,0,0,0,0,0,0,0,0,0,0,1,2,3,0,0,0,0,0,0,0,0,0,0,0,0,0,0,0,0,0,0,0,0,0,0,0,0,0,0,0,0,0,0,0,0,0,0,0,0,0,0,0,1,2,0,0,0,0,1,0,0,0,0,0,0,0,0,0,0,0,0,0,0,0,0,0,0,0,0,0,0,0,0,0,0,0,0,0,0,0,0,0,0,0,0,0,0,0,0,0,0,0,0,0,0,0,0,0,0,0,0,0,0,0,0,0,0,0,0,0,0,0,0,0,0,0,0,0,0,0,0,0,0,0,0,0,0,0,0,0,0,0,0,0,5,2,0,0,0,0,0,0,4,2,0,0,0,0,0,0,0,0,0,0,0,0,1,3,3,2,0,0,0,0,0,0,0,0,0,0,0,0,0,0,0,0,0,0,0,0,0,0,0,0,0,0,0,0,0,0,0,0,0,0,0,0,0,0,0,0,0,0,0,2,1,0,0,0,0,0,0,0,0,0,0,0,0,0,0,0,0,0,0,0,0,0,0,2,2,2,5,0,0,0,0,0,0,0,2,2,0,0,0,0,0,0,0,0,2,2,2,1,0,0,0,0,2,2,2,2,0,2,1,2,2,2,0,2,2,0,0,0,0,0,0,0,0,0,0,0,0,0,0,0,0,0,0,1,2,2,0,0,0,0,0,0,0,0,0,0,0,0,0,0,0,0,2,2,5,2,2,1,0,0,0,0,0,0,0,3,2,0,3,4,2,4,1,1,2,0,1,1,4,3,3,3,1,3,4,1,1,0,4,0,0,1,3,2,2,2,4,0,3,1,2,2,3,4,0,2,1,3,1,0,1,2,4,0,0,1,4,2,1,1,2,0,2,3,4,1,2,4,0,3,4,4,2,0,3,1,3,3,1,4,4,1,3,4,2,2,0,2,3,3,3,2,4,0,4,3,3,1,3,2,3,0,4,3,0,2,4,0,4,4,2,0,2,4,2,3,2,3,1,0,2,2,1,0,3,2,2,2,4,4,0,3,3,0,3,2,4,2,0,1,1,0,0,3,0,1,3,1,1,3,2,4,0,0,0,1,0,4,0,3,4,2,3,3,4,2,0,2,2,0,0,1,4,3,1,2,0,4,0,4,4,2,4,3,2,0,3,0,1,2,3,3,3,4,1,3,1,2,0,1,0,3,0,1,2,0,3,2,2,2,4,0,0,2,1,4,3,3,2,0,3,2,3,3,2,4,2,3,4,0,0,1,2,4,4,0,0,2,2,3,4,1,2,4,1,0,0,1,1,1,4,3,2,4,3,4,1,1,1,1,3,0,0,0,1,1,4,4,3,4,0,2,3,4,0,0,3,3,0,2,1,1,4,4,1,4,0,4,0,1,4,1,4,2,3,4,2,2,0,1,3,4,4,2,4,2,4,4,4,2,4,1,2,1,4,3,0,0,4,4,3,4,0,3,3,0,0,3,3,4,4,1,3,1,4,1,2,3,4,2,1,1,2,0,0,0,3,4,3,4,2,2,3,4,2,2,4,0,3,2,1,1,4,1,2,1,4,4,3,0,0,3,0,0,0,0,0,0,0,0,0,0,0,0,0,0,0,0,0,0,0,0,0,0,0,0,0,0,0,0,0,0,0,0,0,0,0,0,0,0,0,0,0,0,0,0,0,0,0,0,0,0,0,0,0,0,0,0,0,0,0,0,0,0,0,0,0,0,0,0,0,0,0,0,0,0,0,0,0,0,0,0,0,2,1,2,0,2,2,2,3,3,2,2,3,1,2,2,0,0,0,0,0,0,0,2,3,2,3,3,5,4,0,2,5,0,5,2,0,0,0,0,2,2,5,2,0,0,0,0,0,0,0,0,0,0,0,0,0,0,0,0,0,0,0,0,0,0,0,0,0,0,0,0,0,0,0,0,0,0,0,0,0,0,0,0,0,0,0,0,0,0,0,0,0,0,0,0,0,0,0,0,0,0,0,0,0,0,0,0,0,0,0,0,0,0,0,0,0,0,0,0,0,0,0,0,0,0,0,0,0,0,0,0,0,0,0,0,0,0,0,0,2,1,1,1,5,5,3,1,1,5,4,1,3,1,3,3,0,0,0,0,0,0,0,0,0,0,0,0,0,0,0,0,0,0,0,0,0,0,0,0,0,0,0,0,0,0,0,0,0,0,0,0,0,0,0,0,0,0,0,0,0,0,0,0,0,0,0,0,0,0,0,0,0,0,0,0,0,0,0,0,0,0,0,0,0,0,0,0,0,0,0,0,0,0,0,0,0,0,0,0,0,0,0,0,0,0,0,0,0,0,0,0,0,0,0,0,0,0,0,0,0,0,0,0,0,0,0,0,0,0,0,0,0,0,0,0,0,0,0,0,0,0,0,0,0,0,0,0,0,0,0,0,0,0,0,0,0,0,0,0,0,0,0,0,0,0,0,0,0,0,0,0,0,0,0,0,0,0,0,0,0,0,0,0,0,0,0,0,0,0,0,0,0,0,0,0,0,0,0,0,0,0,0,0,0,0,0,0,0,0,0,0,0,0,0,0,0,0,0,0,0,0,0,0,0,0,0,0,0,0,0,0,0,0,0,0,0,0,0,0,0,0,0,0,0,0,0,0,0,0,0,0,0,0,0,0,0,0,0,0,0,0,0,0,0,0,0,0,0,0,0,0,0,0,0,0,0,0,0,0,0,0,0,0,0,0,0,0,0,0,0,0,0,0,0,0,0,0,0,0,3,3,2,3,2,2,4,2,3,1,1,2,5,5,1,2,1,0,0,0,0,0,0,0,0,0,0,0,0,0,0,0,0,0,0,0,0,0,0,0,0,0,0,0,0,0,0,0,0,0,0,0,0,0,0,0,0,0,0,0,0,0,0,0,0,0,0,0,0,0,0,0,0,0,0,0,0,0,0,0,0,0,0,0,0,0,0,0,0,0,0,0,0,0,0,0,0,0,0,0,0,0,0,0,0,0,0,0,0,0,0,0,0,0,0,0,0,0,0,0,0,0,0,0,0,0,0,0,0,0,0,0,0,0,0,0,0,0,0,0,0,0,0,0,0,0,1,1,2,4,1,3,2,3,1,3,4,5,3,3,1,3,5,4,1,2,4,3,3,1,3,3,1,3,1,1,2,1,3,2,2,5,3,2,2,3,4,1,2,2,4,0,0,0,0,0,0,0,0,0,0,0,0,0,0,0,0,0,0,0,0,0,0,0,0,0,0,1,0,0,0,0,0,0,0,0,0,0,0,0,0,0,0,0,0,0,0,0,1,0,0,0,0,1,0,0,0,1,0,0,1,0,0,0,0,1,0,0,0,0,0,0,0,0,0,0,0,0,1,0,0,0,0,1,0,0,0,0,0,0,0,0,0,0,0,0,0,0,0,0,0,0,0,0,1,0,0,0,0,0,0,0,0,0,0,0,0,0,0,0,0,0,0,1,0,0,0,0,0,0,0,0,0,0,1,0,0,0,0,0,0,0,0,1,0,0,0,0,0,0,0,0,0,0,0,0,0,0,0,0,0,0,1,0,0,0,0,0,0,0,0,1,0,0,0,0,0,0,0,0,0,0,0,0,0,0,0,0,0,0,0,0,0,0,0,0,0,0,0,0,0,0,0,0,0,0,0,1,0,0,0,0,0,0,0,0,1,0,0,0,0,0,0,0,0,0,0,0,0,1,0,0,0,0,0,0,1,0,0,0,0,0,0,0,0,0,0,0,0,0,0,0,0,0,0,1,0,0,0,0,0,0,0,0,0,0,0,0,0,0,0,0,0,1,0,0,0,0,0,1,1,0,0,0,0,0,0,0,0,0,0,0,0,0,0,0,0,1,0,0,0,0,1,0,0,0,0,0,0,0,0,0,0,0,0,0,1,0,1,1,0,0,0,0,0,1,0,1,0,0,0,0,0,0,0,0,0,0,0,0,0,0,0,0,0,0,0,0,0,0,0,0,0,0,0,0,0,0,1,0,0,0,0,1,0,0,0,0,0,0,0,0,0,0,0,0,0,0,0,0,1,0,0,0,0,0,0,0,0,0,0,0,0,0,0,0,0,0,0,0,0,0,0,0,0,0,0,0,0,0,0,0,0,0,0,0,0,0,0,1,0,0,0,0,0,0,0,0,0,0,0,0,0,0,0,0,0,0,0,0,0,0,0,0,1,0,0,0,0,0,0,0,0,0,0,0,0,0,0,0,0,0,0,0,0,0,0,0,0,0,0,0,0,0,0,0,0,0,0,0,0,0,0,0,0,0,0,0,0,0,0,0,0,0,0,0,0,0,0,0,0,0,0,0,0,0,0,0,0,0,1,0,0,0,0,0,0,0,0,0,0,0,0,0,0,0,0,0,0,0,0,0,0,0,0,0,0,1,0,0,0,0,0,0,0,0,0,0,0,0,0,0,0,1,0,0,0,0,0,0,0,0,0,0,0,0,0,1,0,0,0,0,0,0,0,0,0,0,1,0,0,0,0,0,0,0,0,0,0,0,0,0,0,0,0,0,0,0,0,0,0,0,0,0,0,0,0,0,0,0,0,0,0,0,0,1,0,0,0,0,0,0,0,0,0,0,0,0,0,0,0,0,0,1,0,1,0,0,0,0,0,0,0,0,0,0,0,0,0,0,0,0,1,0,0,0,0,0,0,0,1,0,0,0,1,0,0,0,0,0,0,1,0,0,1,0,0,0,0,0,0,0,0,0,0,0,0,0,0,0,0,0,0,0,0,0,0,0,0,0,0,0,0,1,0,0,0,1,0,0,0,0,0,0,0,0,1,0,0,1,0,0,0,0,0,0,0,0,0,0,0,0,0,0,0,0,1,1,1,0,1,0,0,0,0,0,0,0,0,0,1,0,0,0,0,0,0,0,0,0,0,0,0,0,0,0,0,0,0,0,0,0,0,0,0,0,0,0,0,0,0,0,0,0,0,0,0,0,0,0,0,0,0,1,0,0,0,0,0,0,0,0,0,1,0,0,0,0,0,0,0,0,0,1,0,0,0,0,1,1,0,0,0,0,0,0,0,0,1,0,0,1,0,0,0,0,0,0,1,0,0,0,0,0,0,0,0,0,0,0,0,0,0,0,0,0,1,0,0,0,0,0,0,0,0,0,0,0,0,0,0,0,0,1,0,0,0,0,0,0,1,0,0,0,0,0,0,0,0,0,0,0,0,0,0,0,0,0,0,1,0,0,0,0,0,0,0,0,0,0,0,1,0,0,0,0,0,0,0,0,0,0,0,0,0,0,0,0,0,0,0,0,0,0,0,0,0,0,0,0,0,0,0,0,0,0,0,0,0,0,1,1,0,0,0,0,0,0,0,0,0,0,0,0,0,0,1,0,0,0,0,0,0,0,0,0,0,0,0,0,1,0,0,0,0,0,0,0,0,0,0,0,0,0,0,0,0,0,0,0,1,0,0,0,0,0,0,0,0,0,0,0,0,0,0,0,0,0,0,0,0,0,1,0,0,0,0,0,0,0,0,0,0,1,0,1,0,0,0,0,0,0,0,1,0,0,0,0,2.0,-1.6638,2.76823044,79.5445,70.66254799999994,6.0,6.0,64.0,28.0,36.0,0.0,22.0,1.0,4.0,0.0,1.0,0.0,0.0,0.0,0.0,0.0,5389.83095143266,6252.856754951999,8094.864609574,7596.559513574008,7408.073611098015,7747.912671340013,6666.493486670003,5740.110083764017,5547.820462956013,12142.041155844525,16235.102836983291,24781.55520933616,28480.376128847143,27583.07043681863,26140.9988581644,24603.918948737435,21732.319418703886,19256.93710284852,477.6897809999994,499.8004880000005,952.54539,1348.085174,1511.1751700000011,1354.8270360000015,1302.2204899999997,1244.4932400000016,1046.9120600000017,94.3215805745638,119.92487849199983,189.1940151595844,231.88047589480985,233.55687254112905,221.95863475288388,201.02837397165857,184.8251219466386,164.55976803814838,10509.527180029065,9596.871616840695,19193.505496347272,29158.684135364183,33913.354139215895,30252.32678595072,28137.249967389784,28030.639194439245,23540.338529270743,241.7985634811766,147.38888888888886,408.5077160493826,382.48533950617264,393.0709876543209,414.97582304526753,429.9408436213993,342.9969135802469,297.3497942386831,84.21610861613532,94.74025386290909,64.24495721884128,41.28564953029352,35.6157385148943,41.43268808203215,38.313180957873584,33.567895226690155,38.26083077900699,189.7193930600707,245.98640662095897,196.6790095979061,154.78465287416927,132.61091556162802,139.79143774419464,141.4018330387209,127.08958724388238,132.80646277826563,7.463902828124991,7.572734666666675,7.559884047619048,7.326549858695652,7.265265240384622,7.245064363636373,7.4840258045976995,7.277738245614045,7.220083172413805,1.473774696477559,1.817043613515149,1.5015398028538445,1.260219977689184,1.1228695795246588,1.1869445708710369,1.155335482595739,1.0808486663546115,1.1348949519872302,164.2113621879541,145.40714570970752,152.32940870116883,158.47110943132708,163.04497182315333,161.77714858797174,161.7083331459183,163.92186663414762,162.34716227083274,3.7781025543933846,2.2331649831649827,3.2421247305506555,2.078724671229199,1.8897643637226964,2.219122048370415,2.4709243886287315,2.005829903978052,2.050688236128849,0.8141895520939989,-0.7367740560734559,0.6518083451216165,-0.3000421707758927,-0.2782225122549118,0.5324213909887393,-0.3760648229093292,0.0435625340156347,0.0936335504666943,2769.584261999444,642.6448305586989,71.38039665755112,-842.263713833841,340.1896720098883,501.7895302064799,-1225.754625762664,271.18154605155115,469.8387782316422,3298.328819803282,249.5864323337237,-233.8278502334748,-1093.412057173929,230.7524873766129,430.1033836802786,-1121.1411481985083,149.39239632236797,-27.270813579171048,4.36080598437499,-1.1777173901367315,5.180280921386697,-0.0552076894531088,-0.6844715273437185,2.176465123779333,-1.646602238769559,-0.4488749113769306,0.6702494260254162,20.61388682812177,-1.9326322254236603,-1.2430951256677385,-5.112060594558626,3.910330021593744,-2.0660953295095155,-4.687913892573614,3.1488629675980064,-1.6634865523882036,86.04785180597896,6.580157305702169,0.3872645801866816,-14.1466092612569,7.735257022098383,-2.90451232493616,-16.5471121836155,0.486627152849146,-18.82378808137695,92.56670096021956,-28.41712272328906,101.65723951188832,-5.19513507849406,-17.797358443834597,52.652369946464056,-41.84986449283633,-8.731755948978675,23.382971464906287,0.0127217117514687,-0.0111632432738402,0.0051730821041398,-0.0016306639716081,-0.0013376082319947,0.0028471732138435,-0.0021612920856858,0.0002547516609101,0.0006457486239082,43.27475409374131,9.737042887253011,0.566511084583739,-4.577520183879571,1.6355272692783092,2.683366471692406,-7.044566814727955,1.5858569944535157,3.240267436080291,51.53638780942628,3.7816126111170254,-1.855776589154562,-5.9424568324670055,1.1093869585414085,2.3000180945469446,-6.443339932175335,0.8736397445752513,-0.1880745764080761,0.0681375935058592,-0.0178442028808595,0.0411133406459261,-0.000300041790506,-0.0032907284968448,0.0116388509293012,-0.0094632312572963,-0.0026249994817364,0.004622409834658,0.3220919816894028,-0.029282306445813,-0.0098658343306963,-0.0277829380139055,0.0187996635653545,-0.0110486381257193,-0.0269420338653656,0.0184144033192865,-0.0114723210509531,1.344497684468421,0.0996993531166995,0.00307352841418,-0.0768837459850918,0.0371887356831653,-0.0155321514702468,-0.0950983458828477,0.0028457728236792,-0.1298192281474272,1.446354702503431,-0.4305624655043797,0.8068034881895898,-0.0282344297744242,-0.0855642232876663,0.2815634756495404,-0.2405164626025076,-0.0510629002864249,0.1612618721717675,-0.8774953789179696,0.4066341232375883,-0.1281796037722558,-0.1051437305078336,0.2238042544482912,-0.1698900374343317,0.0200249515070747,0.0507595704511764,0.2250051581150694,0.0130910295493896,-0.1057780749941131,0.0377940280315735,0.0620076653903041,-0.162786986598886,0.0366462393066,0.0748766227316106,0.0733775255087891,-0.0360090543407299,-0.1153060407423451,0.0215262847416422,0.0446290124766225,-0.125025059109727,0.0169519010103276,-0.0036493550363589,-0.2618848415790489,0.6033870368842833,-0.0044034691433624,-0.0482953436939599,0.1708139417677028,-0.1388841426646886,-0.0385249808024216,0.0678393467808715,-0.0909128699579063,-0.0306304872258822,-0.0862577760184573,0.0583673752657502,-0.0343027419303274,-0.0836470182338973,0.0571712565544205,-0.0356181516558708,0.0741536071563544,0.002286004988841,-0.0571839928571462,0.0276599477356993,-0.0115523824619957,-0.0707315058861161,0.0021166067123457,-0.0965559328566298,-0.2976880185469984,0.5578185536321967,-0.0195210965370766,-0.0591585336152791,0.1946711101794012,-0.1662914789755296,-0.0353045488759033,0.1114953834579073,2.0416802723631378,0.3848286069103414,0.8152346822685685,0.7337838842797354,0.6010220653419585,1.1044440758467615,0.721899310418736,0.6775084456124871,0.9613030784872698,0.9261277214890528,0.9584131912149711,0.8041267068553979,0.9579364355253208,1.1105299985455488,0.7929748828374291,0.8407827470703845,1.1589107328187302,1.1509273350918694,1.1581463107414296,0.9627606998669224,0.9775101247806292,1.1084313990366077,0.9510529183307228,1.0082507431644434,1.089410060001054,0.3004943936270569,0.6232754911790426,0.7484487153782472,0.466029471210962,1.2702359544477766,0.8051071200939071,0.5200247736205147,1.520829203085862,1.0499258095127877,0.977669209811743,0.7751486718062132,1.1446891859433777,0.9960914653557243,0.7411585852678988,0.9981471711837552,1.2878714678081893,1.1682250924417126,1.128688512897014,0.930811121641454,1.0204040643692154,1.0710483940444402,0.9290842719243964,1.0784587012001186,1.096075967819732,0.2309662825469094,0.5876461922484436,0.6358553948205168,0.4193651031136524,1.4712986180277776,0.7896671160342543,0.4429090069311208,313.7658894214376,157.32364346188805,242.4991682979644,315.2597669724578,11.259277391873496,157.32364346188805,1.7428571428569342,0.3469704290183928,0.0123918010363711,-2.9638440205746064,415.8627299688209,14.852240356029318,16.88499464335797,313.57202562185824,157.21862472700235,242.3852104086815,315.07355362482974,11.252626915172492,157.21862472700235,1.751782670133423,0.3486151911118536,0.012450542539709,-2.9506023942052466,415.8778770252141,14.852781322329074,16.885096626494416,353.078838865899,175.66055760029735,264.3974890783205,351.6977702717313,12.560634652561834,175.66055760029735,-1.757723665304269,0.0533318969055251,0.0019047106037687,-8.207417920241467,435.80659029477306,15.56452108195618,17.016155925126387,327.17843153623147,164.11041241182937,250.0341687462009,328.146368160271,11.71951314858111,164.11041241182937,1.0423932874272737,0.2410779334492387,0.0086099261946156,-3.983378062882297,460.01332131751,16.42904718991107,17.167515255659207,362.57057450224033,179.1315802651414,269.9121732045029,359.38674474892866,12.835240883890313,179.1315802651414,-4.307413971957573,0.0106362030473422,0.0003798643945479,-12.72177680258758,415.7691084700556,14.848896731073411,16.884364219688425,330.20479500275803,165.5244053378915,251.76872878226004,330.9885238419955,11.821018708642695,165.5244053378915,0.8440156730248702,0.2174550126043081,0.0077662504501538,-4.272137207655336,502.6290904580301,17.951038944929646,17.415587009449673,382.78004988429984,190.70656251272783,285.54399455145136,381.9347912321591,13.640528258291395,190.70656251272783,-1.0757837390883935,0.0222458951177963,0.000794496254207,-10.655673774138114,621.9884970266565,22.21387489380916,18.01218047731731,1.0,11.9,30.973763118145847,-0.3232207005397304,0.448889091269427,2.564777606390336,10.410927421941544,30.0,66.0,65.0,59.0,23.0,1.0,1.0,0.0,0.0,7.0,49.04945199999999,4.403871738658618,3.9214946038198746,3.682702570538072,3.484806152698084,3.314124633180685,3.0331442370775203,2.922900082012492,2.803029642790826,2.0813473350593035,1.8964681127859848,1.7876784885519104,1.7698457760689257,1.62047785748845,1.4918427137518355,1.352439846850704,1.1975024749880914,3.931431911836414,3.698727282382056,3.5127658392428223,3.389023498836025,3.31519442868014,3.0513892974575283,2.914580918563328,2.8107235407994,2.051022693549072,1.8426997135499887,1.798045999106908,1.721746445091115,1.5562900280504706,1.5222341984872616,1.4189393074214434,1.2706814360483172,3.982103116071513,3.804162253413786,3.635556477963267,3.5672447373498213,3.446684889561007,3.2093472788528588,3.0628330269644706,2.989398711223532,1.971711068051199,1.683974394640105,1.612316562803226,1.5493817615685974,1.3598917685981593,1.295064556282375,1.1986615003894,1.0352711238778691,3.941098402594492,3.8619714284130633,3.684126920439857,3.5222681859609293,3.352327156936523,3.078400300120626,2.9370850862731737,2.838432723085386,2.032686190819026,1.809044868505782,1.7708341882968697,1.6848263585320804,1.511042008744366,1.384821496545375,1.3560968543163472,1.2188532983200993,4.007891025797784,3.842926444249701,3.6841797485471366,3.55760831916864,3.488442762302397,3.2843100327917907,3.13013538453319,3.0695525213300483,1.9496315454733624,1.6373262762519665,1.576888250463284,1.4962480279117054,1.3193367031913177,1.296083066620475,1.1290903437777824,0.9650046333805564,5.189770118896435,4.200671931434626,4.071045031885235,4.039241816016778,3.880184099422413,3.567005688174872,3.439457179971766,3.2596641193315548,1.974504601089612,1.7693562394291125,1.67496820209353,1.6473174419796248,1.4409776414763358,1.269661540642381,1.1328459621359837,1.096211338102717,0.0,0.0,0.0,3.0,3.0,2.0,11.0,3.0,0.0,0.0,0.0,0.1020620726159657,0.3692391848515023,0.5869717072838285,0.0,0.0,0.1020620726159657,0.2572126825797823,0.3385217253728841,3.358227678975056,0.5303300858899106,0.1666666666666666,0.0,1.4682496622165793,0.1244339411230999,0.0897791890991354,0.0,4.290592283491138,6.061575431198474,8.537878250761601,2.371993290539668,3.34375485828762,3.9790316772608194,20.20045984493289,13.278718205328802,12.99590401425912,9.24701798061705,7.249959909698812,6.432845863547276,4.214698393344476,3.2063777944659995,0.7214449944618889,0.4426239401776267,0.3022303259130028,0.184940359612341,0.1132806235890439,0.0756805395711444,0.0473561617229716,0.0305369313758666,17.331462816517995,11.268471311508112,9.36272011369451,6.778499898862749,5.1017953860850245,3.849277167611763,2.425083671747646,1.7126352008964665,0.6189808148756427,0.3756157103836037,0.217737677062663,0.1355699979772549,0.0797155529075785,0.0452856137366089,0.0272481311432319,0.0163108114371092,36.55711520455934,63.38273852876923,60.50588235294108,61.332000000000086,41.127274251497056,489.0799628742516,0.5712049250712397,0.9903552895120192,0.9454044117647044,0.9583125000000012,0.6426136601796415,7.641874419910181,3.856200000000008,105.98900000000006,284.7394730257132,409.48865745492,569.4789460514264,20.338533787550944,284.7394730257132,0.1846924170208264,0.0065961577507438,-4.729377655164676,225.6996320432961,8.060701144403433,15.17377414988694,787.0,3.0,0.0,5.0,6.0,6.0,1.0,0.0,5.0,0.0,0.0,0.0,0.0,0.0,2.0,0.0,0.0,1.0,0.0,0.0,0.0,0.0,0.0,0.0,0.0,0.0,3.0,0.0,15.0,0.0,0.0,3.0,0.0,0.0,0.0,0.0,0.0,0.0,0.0,0.0,1.0,0.0,12.0,0.0,0.0,3.0,2.0,0.0,0.0,0.0,3.0,0.0,1.0,0.0,1.0,0.0,0.0,0.0,0.0,0.0,0.0,0.0,0.0,0.0,0.0,0.0,0.0,2.0,1.0,1.0,0.0,0.0,0.0,0.0,0.0,0.0,0.0,0.0,0.0,0.0,0.0,1.0,0.0,0.0,0.0,0.0,0.0,0.0,0.0,0.0,0.0,0.0,0.0,0.0,0.0,0.0,0.0,0.0,0.0,0.0,0.0,0.0,0.0,0.0,0.0,0.0,0.0,0.0,0.0,0.0,0.0,0.0,0.0,0.0,0.0,0.0,0.0,0.0,0.0,0.0,1.444063845076342,0.0,40.42506224857243,11.289613788679812,28.34072572241344,1.492456807435353,0.0,16.286396163344385,0.0,0.0,0.0,0.0,0.0,1.134124843280317,0.0,0.0,0.309939001796025,0.0,0.0,0.0,0.0,0.0,0.0,0.0,0.0,0.984531563273864,0.0,5.44920030581731,0.0,0.0,0.984531563273864,0.0,0.0,0.0,0.0,0.0,0.0,0.0,0.0,2.2636134182394705,0.0,12.862561593262216,0.0,0.0,6.945092906561344,1.2029059628950127,0.0,0.0,0.0,4.344520882118469,0.0,-0.6166812448555361,0.0,6.369376014105035,0.0,0.0,0.0,0.0,0.0,0.0,0.0,0.0,0.0,0.0,0.0,0.0,18.133231366864628,11.10713056576624,4.815324301836523,0.0,0.0,0.0,0.0,0.0,0.0,0.0,0.0,0.0,0.0,0.0,-5.698680705065009,0.0,0.0,0.0,0.0,0.0,0.0,0.0,0.0,0.0,0.0,0.0,0.0,0.0,0.0,0.0,0.0,0.0,0.0,0.0,0.0,0.0,0.0,0.0,0.0,0.0,0.0,0.0,0.0,0.0,0.0,0.0,0.0,0.0,0.0,0.0,0.0,0.0,0.0,0.309939001796025,0.0,4.815324301836523,1.332902537494439,2.7305894595821245,1.492456807435353,0.0,2.810097814591197,0.0,0.0,0.0,0.0,0.0,0.5670624216401585,0.0,0.0,0.309939001796025,0.0,0.0,0.0,0.0,0.0,0.0,0.0,0.0,0.3146233054363466,0.0,0.2271896425900774,0.0,0.0,0.3146233054363466,0.0,0.0,0.0,0.0,0.0,0.0,0.0,0.0,2.2636134182394705,0.0,-0.0300214444059514,0.0,0.0,2.256268148463089,0.36319742841907,0.0,0.0,0.0,1.332902537494439,0.0,-0.6166812448555361,0.0,6.369376014105035,0.0,0.0,0.0,0.0,0.0,0.0,0.0,0.0,0.0,0.0,0.0,0.0,9.066615683432314,11.10713056576624,4.815324301836523,0.0,0.0,0.0,0.0,0.0,0.0,0.0,0.0,0.0,0.0,0.0,-5.698680705065009,0.0,0.0,0.0,0.0,0.0,0.0,0.0,0.0,0.0,0.0,0.0,0.0,0.0,0.0,0.0,0.0,0.0,0.0,0.0,0.0,0.0,0.0,0.0,0.0,0.0,0.0,0.0,0.0,0.0,0.0,0.0,0.0,0.0,0.0,0.0,0.0,0.0,0.0,0.5670624216401585,0.0,11.10713056576624,2.371684815129756,6.298436356096828,1.492456807435353,0.0,3.611833786895142,0.0,0.0,0.0,0.0,0.0,0.5670624216401585,0.0,0.0,0.309939001796025,0.0,0.0,0.0,0.0,0.0,0.0,0.0,0.0,0.3410816387696799,0.0,0.7041557705901291,0.0,0.0,0.3410816387696799,0.0,0.0,0.0,0.0,0.0,0.0,0.0,0.0,2.2636134182394705,0.0,1.3702953605613415,0.0,0.0,2.371684815129756,0.8397085344759427,0.0,0.0,0.0,1.5163577583364742,0.0,0.0,0.0,6.369376014105035,0.0,0.0,0.0,0.0,0.0,0.0,0.0,0.0,0.0,0.0,0.0,0.0,9.066615683432314,11.10713056576624,4.815324301836523,0.0,0.0,0.0,0.0,0.0,0.0,0.0,0.0,0.0,0.0,0.0,0.0,0.0,0.0,0.0,0.0,0.0,0.0,0.0,0.0,0.0,0.0,0.0,0.0,0.0,0.0,0.0,0.0,0.0,0.0,0.0,0.0,0.0,0.0,0.0,0.0,0.0,0.0,0.0,0.0,0.0,0.0,0.0,0.0,0.0,0.0,0.0,0.0,0.0,0.0,61.72839506172839,2.204585537918871,1.293495880232718,11.10713056576624,-0.0697893720728128,-5.698680705065009,10.483270769358151,6.010409100126737,4.10713056576624,30.26753714674647,5.272183875232629,3.983673775642783,29.194270876360875,13.73332,0.49048,0.0,0.00952,0.52604,0.81667,0.44,0.50667,0.75208,0.08604,0.01938,-0.06667,0.06458,0.60058,0.11371,0.0,0.13835,0.18204,0.10922,24.0,0.85714,16.5,0.58929,7.5,0.26786,-9.0,-0.32143,0.0,0.0,35.32495,1.26161,50.46322,15.13826,0.54065,10.06725,0.35954,13.27869,3.21144,0.11469,0.63531,0.02269,0.89331,0.0319,0.234375,144.06,5.0,5.0,5.0,5.0,3.0,4.0,0.7272727272727273,1.4339875677821283,3.005071306591082,4.217528124459133,5.058364648336088,5.201259133144316,5.212400438178646,91.7752043380562,192.32456362182924,269.92179996538454,323.73533749350963,332.88058452123624,333.59362804343334,0.238997927963688,0.5008452177651803,0.7029213540765222,0.8430607747226814,0.8668765221907194,0.8687334063631077,4.566012432217872,2.994928693408918,1.7824718755408666,0.941635351663912,0.7987408668556837,0.787599561821354,0.2339568206946453,0.4902810489062563,0.6880948575550172,0.8252783619799858,0.8485917714624951,0.8504094889677121,15.040722397049535,28.00254526004777,33.78097369015213,35.231203239014484,35.932572820974315,36.76046623484172,96.77480902512582,55.94396593456833,36.64435975690352,29.13557324168044,27.53279937628724,26.065233536135736,22.68,9.871281773931855,6.76,6.0,6.0,6.0,3.22,3.2928,0.0,2.313681306000102,0.559446380927648,0.0714285714285714,23.244994604869675,21.93393464999222,3.3012325505507287,3.879176139868348,1.1676091936278357,0.0,1.5000000000000004,1.5000000000000004,0.0,0.0,0.0,0.0,0.0,0.0,0.0,1.011,2.599,2.641,2.3830000000000005,1.628,15.668999999999995,43.0,50.0,64.0,85.0,89.0,105.0,127.0,141.0,144.0,906.0,3.555348061489413,4.051784947803305,4.359908829420263,4.802995929318011,5.3128980498630645,5.488421063784046,5.789673432544034,6.079790164272204,6.318855494792546,6.338980487636381,7.879078555525661,2.9143901766004414,0.5,3.0,0.0,0.0,1.0,2.0,0.0,0.0,0.0,0.0,0.0,0.0,0.0,1.0,0.0,0.0,0.0,0.0,0.0,0.0,1.0,0.0,0.0,0.0,4.0,0.0,1.0,2.0,0.0,0.0,0.0,1.0,0.0,0.0,0.0,0.0,0.0,0.0,0.0,0.0,0.0,0.0,0.0,0.0,0.0,0.0,0.0,0.0,0.0,0.0,0.0,0.0,0.0,0.0,0.0,0.0,0.0,0.0,0.0,0.0,0.0,0.0,0.0,0.0,0.0,0.0,0.0,0.0,0.0,9.0,0.3,13.0,0.4333333333333333,1.0,9.0,18.0,1.0,8.0,3.111111111111108,1.3194444444444446,1.961666666666668,0.7708333333333329,0.587120181405896,0.5139243197278912,0.2711010330057948,0.2415663580246914,0.1974308744005713,0.2666666666666666,0.0723514211886304,0.0338319088319088,0.056047619047619,0.0202850877192982,0.0183475056689342,0.0190342340639959,0.0104269628079151,0.0109802890011223,0.0103910986526616,0.553339372892132,182.8906641156476,279.828603010158,365.7813282312953,13.0636188654034,182.8906641156476,0.1519165421200375,0.0054255907900013,-5.276387126995599,423.85534847905615,15.137691017109148,16.938298265773902,102.59,399.1742886834804,5.807354922057604,4.990432586778736,5.808142489980444,6.698268054115413,7.545918151209323,8.438799123988225,9.303557453687317,10.197536811366067,11.073070755074816,11.96768219879655,134.02340762499688,4.110873864173311,0.0,5.4510384535657,2.3978952727983707,6.963189985870238,4.727387818712341,8.555066843844319,6.823286122355687,10.193579219581707,10.44403701346834,409.238195262001,6.394346800968766,56.53025969205556,2.018937846144841,15.728028540304232,9.966910749435408,2.548843520308472,2436.0,39.0,6.960999999999999,146.0,1.0,1.0293837776852095
0,0,0,0,0,0,0,0,0,0,0,0,0,0,0,0,0,0,0,0,0,0,0,0,0,0,0,0,0,0,0,0,0,0,0,0,0,0,0,0,0,0,0,0,0,0,0,0,0,0,0,0,0,0,0,0,0,0,0,0,0,0,0,0,0,0,0,0,0,0,0,0,0,0,0,0,0,0,0,0,0,0,0,0,0,0,0,0,0,0,0,0,0,0,0,0,0,0,0,0,0,0,0,0,0,0,0,0,0,0,0,0,0,0,0,0,0,0,0,0,0,0,0,0,0,0,0,0,0,0,0,0,0,0,0,0,0,0,0,0,0,0,0,0,0,0,0,0,0,0,0,0,0,0,0,0,0,0,0,0,0,0,0,0,0,0,0,0,0,0,0,0,0,0,0,0,0,0,0,0,0,0,0,2,4,3,1,2,2,5,1,2,1,2,3,4,2,2,2,2,5,0,0,0,0,0,0,0,0,0,0,0,0,0,0,0,0,2,3,2,3,0,0,0,0,0,0,0,0,0,0,0,0,0,0,0,0,0,1,5,2,5,1,2,0,0,0,0,0,0,0,0,0,0,0,0,0,0,0,0,0,0,0,0,0,0,0,0,0,0,0,0,0,0,0,0,0,0,0,0,0,0,0,0,0,0,0,0,0,0,0,0,0,0,0,0,0,0,0,0,0,0,0,0,0,0,0,0,0,0,0,0,0,0,0,0,0,0,0,0,0,0,0,0,0,0,0,0,0,0,0,0,0,0,0,0,0,0,0,0,0,0,0,0,0,0,0,0,0,0,0,0,0,0,0,0,0,0,0,0,0,0,0,0,0,0,0,0,0,0,0,0,0,0,0,0,0,0,0,0,0,0,0,0,0,0,0,0,0,0,0,0,0,0,0,0,0,0,0,0,0,0,0,0,0,0,0,0,0,0,0,0,0,0,0,0,0,0,0,0,0,0,0,0,0,0,0,0,0,0,0,0,0,5,2,3,1,1,2,1,0,0,0,0,0,0,0,0,0,0,0,0,0,0,0,0,0,0,0,0,0,0,0,0,0,0,0,0,0,0,0,0,0,0,0,0,0,0,0,0,0,0,0,0,0,0,0,0,0,0,0,0,0,0,0,0,0,0,0,0,0,0,0,0,0,0,0,0,0,0,0,0,0,0,0,0,0,0,0,0,0,0,0,0,0,0,0,0,0,0,0,0,0,0,0,0,0,0,0,0,0,0,0,0,0,0,0,0,0,0,0,0,0,0,0,0,0,0,0,0,0,0,0,0,0,0,0,0,0,0,0,0,0,0,0,0,0,0,0,0,0,0,0,0,0,0,0,0,0,2,5,2,4,0,0,0,0,0,0,0,0,0,0,0,0,0,0,0,0,0,0,0,0,0,2,2,2,1,2,2,2,1,0,0,0,0,0,0,0,0,0,0,0,2,2,2,2,2,4,3,2,2,0,0,0,0,0,0,2,2,2,2,2,0,0,1,0,0,0,0,5,5,0,0,0,0,0,0,0,0,0,0,0,1,5,2,5,0,0,0,0,0,2,0,0,0,0,0,0,0,1,2,2,2,2,2,1,0,0,0,0,0,0,0,0,0,0,0,0,0,0,0,3,2,3,0,2,3,4,0,0,0,0,0,0,0,0,0,0,0,0,0,0,0,0,0,0,0,0,0,0,0,0,0,0,0,0,0,0,0,0,2,2,2,1,2,2,2,2,2,0,0,0,0,0,0,0,0,0,0,0,0,0,0,0,0,0,0,0,0,0,0,0,0,3,2,2,2,3,1,1,2,3,2,0,0,0,5,2,3,0,0,0,0,0,0,0,1,2,0,0,0,0,0,0,0,2,2,2,0,0,0,0,0,0,0,0,0,0,0,0,0,0,0,0,0,0,0,0,0,0,0,0,0,0,0,0,0,0,0,0,0,0,0,0,0,0,0,0,0,0,0,0,0,0,0,0,0,0,0,0,0,0,0,0,0,0,0,0,0,0,0,0,0,0,0,2,5,4,0,1,1,2,2,2,2,2,3,2,0,0,0,3,2,2,3,0,0,0,0,0,0,0,0,0,0,0,0,2,2,0,0,0,0,0,0,0,0,0,0,0,0,0,0,0,0,0,0,0,0,0,0,0,0,0,0,0,0,0,0,0,2,2,2,2,4,5,0,0,0,0,0,0,0,0,0,0,0,0,0,0,0,0,0,0,0,0,0,0,0,0,0,0,0,0,0,0,0,0,0,0,3,0,0,0,0,0,0,0,0,0,0,0,0,0,0,0,0,0,0,0,0,0,0,0,0,0,0,2,3,0,0,0,0,0,0,2,2,5,5,1,1,0,0,0,0,0,0,0,0,0,0,0,0,0,0,0,0,0,0,0,0,0,0,2,1,2,0,0,0,0,0,0,0,0,0,3,3,5,0,0,1,5,0,0,0,0,0,0,0,0,0,0,0,0,0,0,0,3,2,0,0,0,0,2,2,2,0,0,0,0,2,2,2,2,1,0,0,0,2,3,2,2,2,1,0,0,2,2,1,2,2,0,0,0,0,0,0,0,0,0,0,0,0,1,2,3,0,0,0,0,0,0,0,0,0,0,0,0,0,0,0,0,0,0,0,0,0,0,0,0,0,0,0,0,0,0,0,0,0,0,0,0,0,0,0,1,2,0,0,0,0,1,0,0,0,0,0,0,0,0,0,0,0,0,0,0,0,0,0,0,0,0,0,0,0,0,0,0,0,0,0,0,0,0,0,0,0,0,0,0,0,0,0,0,0,0,0,0,0,0,0,0,0,0,0,0,0,0,0,0,0,0,0,0,0,0,0,0,0,0,0,0,0,0,0,0,0,0,0,0,0,0,0,0,0,0,0,5,2,0,0,0,0,0,0,4,2,0,0,0,0,0,0,0,0,0,0,0,0,1,3,3,2,0,0,0,0,0,0,0,0,0,0,0,0,0,0,0,0,0,0,0,0,0,0,0,0,0,0,0,0,0,0,0,0,0,0,0,0,0,0,0,0,0,0,0,2,1,0,0,0,0,0,0,0,0,0,0,0,0,0,0,0,0,0,0,0,0,0,0,2,2,2,5,0,0,0,0,0,0,0,2,2,0,0,0,0,0,0,0,0,2,2,2,1,0,0,0,0,2,2,2,2,0,2,1,2,2,2,0,2,2,0,0,0,0,0,0,0,0,0,0,0,0,0,0,0,0,0,0,1,2,2,0,0,0,0,0,0,0,0,0,0,0,0,0,0,0,0,2,2,5,2,2,1,0,0,0,0,0,0,0,3,2,0,3,4,2,4,1,1,2,0,1,1,4,3,3,3,1,3,4,1,1,0,4,0,0,1,3,2,2,2,4,0,3,1,2,2,3,4,0,2,1,3,1,0,1,2,4,0,0,1,4,2,1,1,2,0,2,3,4,1,2,4,0,3,4,4,2,0,3,1,3,3,1,4,4,1,3,4,2,2,0,2,3,3,3,2,4,0,4,3,3,1,3,2,3,0,4,3,0,2,4,0,4,4,2,0,2,4,2,3,2,3,1,0,2,2,1,0,3,2,2,2,4,4,0,3,3,0,3,2,4,2,0,1,1,0,0,3,0,1,3,1,1,3,2,4,0,0,0,1,0,4,0,3,4,2,3,3,4,2,0,2,2,0,0,1,4,3,1,2,0,4,0,4,4,2,4,3,2,0,3,0,1,2,3,3,3,4,1,3,1,2,0,1,0,3,0,1,2,0,3,2,2,2,4,0,0,2,1,4,3,3,2,0,3,2,3,3,2,4,2,3,4,0,0,1,2,4,4,0,0,2,2,3,4,1,2,4,1,0,0,1,1,1,4,3,2,4,3,4,1,1,1,1,3,0,0,0,1,1,4,4,3,4,0,2,3,4,0,0,3,3,0,2,1,1,4,4,1,4,0,4,0,1,4,1,4,2,3,4,2,2,0,1,3,4,4,2,4,2,4,4,4,2,4,1,2,1,4,3,0,0,4,4,3,4,0,3,3,0,0,3,3,4,4,1,3,1,4,1,2,3,4,2,1,1,2,0,0,0,3,4,3,4,2,2,3,4,2,2,4,0,3,2,1,1,4,1,2,1,4,4,3,0,0,3,0,0,0,0,0,0,0,0,0,0,0,0,0,0,0,0,0,0,0,0,0,0,0,0,0,0,0,0,0,0,0,0,0,0,0,0,0,0,0,0,0,0,0,0,0,0,0,0,0,0,0,0,0,0,0,0,0,0,0,0,0,0,0,0,0,0,0,0,0,0,0,0,0,0,0,0,0,0,0,0,0,2,1,2,0,2,2,2,3,3,2,2,3,1,2,2,0,0,0,0,0,0,0,2,3,2,3,3,5,4,0,2,5,0,5,2,0,0,0,0,2,2,5,2,0,0,0,0,0,0,0,0,0,0,0,0,0,0,0,0,0,0,0,0,0,0,0,0,0,0,0,0,0,0,0,0,0,0,0,0,0,0,0,0,0,0,0,0,0,0,0,0,0,0,0,0,0,0,0,0,0,0,0,0,0,0,0,0,0,0,0,0,0,0,0,0,0,0,0,0,0,0,0,0,0,0,0,0,0,0,0,0,0,0,0,0,0,0,0,0,2,1,1,1,5,5,3,1,1,5,4,1,3,1,3,3,0,0,0,0,0,0,0,0,0,0,0,0,0,0,0,0,0,0,0,0,0,0,0,0,0,0,0,0,0,0,0,0,0,0,0,0,0,0,0,0,0,0,0,0,0,0,0,0,0,0,0,0,0,0,0,0,0,0,0,0,0,0,0,0,0,0,0,0,0,0,0,0,0,0,0,0,0,0,0,0,0,0,0,0,0,0,0,0,0,0,0,0,0,0,0,0,0,0,0,0,0,0,0,0,0,0,0,0,0,0,0,0,0,0,0,0,0,0,0,0,0,0,0,0,0,0,0,0,0,0,0,0,0,0,0,0,0,0,0,0,0,0,0,0,0,0,0,0,0,0,0,0,0,0,0,0,0,0,0,0,0,0,0,0,0,0,0,0,0,0,0,0,0,0,0,0,0,0,0,0,0,0,0,0,0,0,0,0,0,0,0,0,0,0,0,0,0,0,0,0,0,0,0,0,0,0,0,0,0,0,0,0,0,0,0,0,0,0,0,0,0,0,0,0,0,0,0,0,0,0,0,0,0,0,0,0,0,0,0,0,0,0,0,0,0,0,0,0,0,0,0,0,0,0,0,0,0,0,0,0,0,0,0,0,0,0,0,0,0,0,0,0,0,0,0,0,0,0,0,0,0,0,0,0,3,3,2,3,2,2,4,2,3,1,1,2,5,5,1,2,1,0,0,0,0,0,0,0,0,0,0,0,0,0,0,0,0,0,0,0,0,0,0,0,0,0,0,0,0,0,0,0,0,0,0,0,0,0,0,0,0,0,0,0,0,0,0,0,0,0,0,0,0,0,0,0,0,0,0,0,0,0,0,0,0,0,0,0,0,0,0,0,0,0,0,0,0,0,0,0,0,0,0,0,0,0,0,0,0,0,0,0,0,0,0,0,0,0,0,0,0,0,0,0,0,0,0,0,0,0,0,0,0,0,0,0,0,0,0,0,0,0,0,0,0,0,0,0,0,0,1,1,2,4,1,3,2,3,1,3,4,5,3,3,1,3,5,4,1,2,4,3,3,1,3,3,1,3,1,1,2,1,3,2,2,5,3,2,2,3,4,1,2,2,4,0,0,0,0,0,0,0,0,0,0,0,0,0,0,0,0,0,0,0,0,0,0,0,0,0,1,0,1,0,0,0,0,0,0,0,0,0,0,0,0,0,0,0,0,0,0,0,0,0,0,0,0,1,0,0,0,1,0,0,0,0,0,1,0,0,0,0,0,0,0,0,0,1,0,0,0,0,0,0,0,0,0,0,0,0,0,0,0,0,0,0,0,0,0,0,0,0,0,0,0,0,0,0,1,0,0,0,0,0,1,0,0,0,0,0,0,0,0,0,0,0,0,0,0,0,0,0,0,0,0,0,0,0,0,0,0,0,0,0,0,0,0,0,1,0,0,0,0,0,0,0,1,0,0,0,0,0,0,0,0,0,0,0,0,0,1,0,0,0,0,0,0,0,0,0,0,0,0,0,0,0,0,0,0,0,0,0,0,0,0,0,0,0,0,1,0,0,0,0,0,0,0,0,0,0,0,0,0,0,0,0,0,0,0,0,0,0,0,0,0,0,1,0,1,1,0,0,0,0,0,0,0,0,0,0,0,0,0,0,0,1,0,0,0,1,0,0,0,0,0,0,0,0,0,0,1,0,0,1,0,0,0,0,0,0,0,0,0,0,0,0,0,0,0,0,0,0,0,0,0,0,0,0,0,0,0,1,0,0,0,0,0,0,0,0,1,1,0,0,0,0,0,0,0,0,0,0,0,0,0,0,0,0,0,0,0,0,0,0,0,0,0,1,0,1,0,0,0,0,0,0,0,0,0,0,0,0,0,0,0,1,0,1,0,0,1,0,0,0,0,0,0,0,0,0,0,0,0,0,0,0,0,0,0,0,0,0,0,0,0,0,0,0,1,0,0,0,0,0,1,0,0,0,0,0,0,0,0,0,0,1,0,0,0,0,0,0,0,0,0,0,1,0,0,0,0,0,0,0,0,1,0,1,0,0,0,0,0,0,0,0,0,0,0,1,0,0,0,0,0,0,0,0,0,0,1,0,0,0,0,0,1,0,0,0,0,0,0,0,0,0,1,0,0,0,0,0,0,0,0,1,0,0,0,0,0,0,0,1,0,0,0,0,0,0,1,0,0,0,0,0,1,0,0,0,0,0,0,0,0,0,0,0,0,0,0,0,1,0,0,0,0,0,0,0,0,0,0,0,1,0,0,1,0,0,0,0,0,0,0,0,0,0,0,0,1,0,0,0,0,0,0,0,0,0,0,0,0,0,0,0,0,0,0,0,0,0,1,0,0,0,0,0,0,0,0,0,0,0,0,0,0,0,1,1,0,0,0,0,0,0,0,0,0,0,0,0,0,0,0,1,0,0,0,0,0,0,0,0,0,0,0,0,0,0,0,0,0,0,0,0,0,0,0,0,0,0,0,0,0,0,0,0,0,0,0,0,0,0,0,0,0,0,0,0,1,0,0,0,0,0,0,0,0,0,0,0,0,0,0,0,0,0,0,0,0,0,0,0,0,0,0,0,0,0,0,0,0,0,0,0,0,0,0,1,0,0,0,0,0,1,0,0,1,0,0,0,0,0,0,0,0,1,0,0,0,0,0,0,0,1,0,0,0,0,0,0,0,0,0,0,0,0,0,0,0,0,0,0,0,0,0,1,0,0,0,0,0,0,0,0,1,0,0,0,1,0,0,1,0,0,0,0,0,0,0,1,0,1,0,0,0,0,0,0,0,0,0,0,1,0,0,0,0,0,1,0,0,0,0,0,0,0,0,0,0,0,0,1,0,0,0,0,0,0,0,0,0,0,0,0,0,0,0,0,0,0,0,0,0,0,0,1,1,0,0,0,0,0,0,0,0,0,0,0,0,0,0,0,1,0,0,0,0,0,1,0,1,0,0,0,0,0,0,0,0,0,1,0,0,1,0,1,0,0,0,0,0,0,0,0,0,0,0,0,1,0,0,0,0,0,0,0,0,0,1,0,1,1,0,0,0,0,0,0,0,0,0,0,0,0,0,1,0,0,0,0,0,1,0,0,0,0,0,0,0,0,0,0,0,0,0,0,0,0,0,0,0,1,0,0,0,0,0,1,0,0,0,0,0,0,0,0,1,0,0,1,1,0,0,0,0,0,0,0,0,0,0,0,0,0,0,0,0,0,0,0,0,0,0,0,1,0,0,0,0,0,0,0,1,0,0,0,0,0,0,0,0,0,0,0,0,0,0,0,0,0,0,0,0,1,0,0,0,0,0,0,0,0,0,0,0,0,0,0,0,0,0,0,0,0,0,0,0,0,0,0,0,0,0,0,0,0,0,0,0,0,0,0,0,1,0,0,0,0,0,0,0,0,0,0,0,0,0,0,0,0,0,0,0,0,0,0,0,0,0,0,0,0,0,0,0,1,0,0,0,0,1.0,-2.383199999999998,5.679642239999992,77.83839999999998,78.41416899999994,12.0,12.0,69.0,36.0,33.0,0.0,25.0,5.0,5.0,1.0,0.0,0.0,0.0,0.0,0.0,0.0,6928.796987000017,7700.254102999997,10140.47558500002,10852.885124000006,10943.854943999995,11748.367320000008,10797.916106000011,9333.162711999994,8627.921026999977,14508.988097650814,18736.216265673786,26643.99264452775,30398.172677778228,31348.66197542881,33006.62363680033,32903.59214437724,29208.09925665876,23979.62439514356,536.7328209999998,562.4324040000002,1001.9540099999996,1342.2412300000003,1440.5490940000009,1434.7245980000002,1519.3289779999998,1454.11716,1280.588616000001,102.0707458600168,131.83646188599994,194.55166292303755,228.7327740674137,234.9819415571117,245.1389525194137,247.9419872908668,225.24633908990387,180.48369102705453,11362.92796931282,10609.628560725743,20140.76698618013,28239.38430282138,30491.871444099696,29957.13944212914,31872.582658952244,31576.360380728696,27793.641797435524,369.1050240054869,200.8595679012346,451.41203703703695,502.2484567901234,560.7006172839506,553.3564814814815,707.632716049383,503.891975308642,566.0370370370374,100.4173476376814,106.94797365277772,78.6083378682172,62.01648642285718,58.8379298064516,62.82549368983961,54.81175688324879,48.35835602072536,51.97542787349384,210.2751898210263,260.2252259121359,206.54257863975,173.70384387301846,168.54119341628393,176.50600875294293,167.02331037754942,151.33730184797284,144.45556864544312,7.778736536231881,7.81156116666667,7.767085348837205,7.669949885714288,7.744887602150541,7.672324053475937,7.712329837563451,7.534285803108808,7.714389253012054,1.4792861718843011,1.831061970638888,1.5081524257599808,1.307044423242364,1.2633437718124283,1.310903489408629,1.258588767973943,1.167079477149761,1.0872511507653888,164.68011549728723,147.355952232302,156.12997663705528,161.36791030183647,163.93479271021343,160.1986066424018,161.7897596901129,163.60808487424194,167.4315770929851,5.349348173992564,2.789716220850481,3.4993181165661777,2.869991181657848,3.014519447763175,2.959125569419687,3.5920442439054976,2.6108392503038447,3.409861668897816,0.9891645100306644,-0.625936175427362,0.3073388108251035,-0.0977731388878964,-0.191626354812354,0.0047777385196873,0.3180942644812516,-0.3462789434284533,0.2130741513101267,3075.56125307246,537.4248782142407,242.53635474858248,42.49678642491104,-276.46797920982965,202.01654468767128,-795.1787504242805,147.73741724658748,666.8913954488552,3427.040059151176,90.55617571047875,-473.4881795348904,104.46791791733644,429.6807309856538,-4.12832620139325,-940.4333107850327,-452.97345058919234,276.04077924509573,5.900173333333313,0.060392666666654,2.898692333333319,-0.6220902222222111,-1.679910000000016,0.2831254444444541,2.1758408888888923,-0.6941205555555139,0.6542451111111076,17.998562679429142,-0.8442959688729836,-1.7769239398861632,-1.1665703047869551,3.208080971842133,-2.8481695066287327,-2.4541716781946907,-3.2383688175730354,0.5109983289768111,104.59169633048892,-18.61479367091197,-10.94907707837782,-25.993196878662683,25.57208268357645,-5.916803788712235,2.010801800652705,-32.419880811083594,-19.22919453507245,154.6046649171989,-17.799527388598843,74.6563740089012,7.007969487453662,-24.662619724908392,-19.494583567071253,70.90339669681262,-21.86791470060399,33.33314356991206,0.0143357175366762,-0.0086935579920466,0.0023824714017449,-0.0005587036507879,-0.0010302492194212,2.5549403848595457e-05,0.0016146916978743,-0.0017941914167277,0.0012835792247597,44.57335149380376,7.464234419642232,1.880126780996764,0.2428387795709202,-1.486386984999084,1.0803023780089374,-4.036440357483657,0.7654788458372408,4.017418044872621,49.66724723407501,1.2577246626455385,-3.670451004146437,0.5969595309562082,2.310111456912117,-0.0220766107026377,-4.773773151193059,-2.3470126973533283,1.662896260512625,0.0855097584541059,0.0008387870370368,0.0224704832041342,-0.0035548012698412,-0.0090317741935484,0.0015140398098633,0.011044877608573,-0.0035964795624638,0.003941235609103,0.2608487344844803,-0.0117263329010136,-0.013774604185164,-0.006666116027354,0.0172477471604415,-0.0152308529766242,-0.0124577242547953,-0.0167791130444198,0.0030783031866072,1.515821685949115,-0.2585388009848884,-0.0848765664990528,-0.1485325535923582,0.1374843155030992,-0.0316406619717231,0.0102071157393538,-0.1679786570522466,-0.1158385212956171,2.240647317640564,-0.2472156581749839,0.5787315814643503,0.0400455399283066,-0.1325947297038085,-0.1042491099843382,0.3599157192731605,-0.1133052575160828,0.2008020696982654,-0.6064264289391319,0.1661912907846927,-0.0389728417401222,-0.0718658983608935,0.0017822200934993,0.1126341736117058,-0.1251553270450191,0.0895371453487353,0.1674595732537602,0.0421805118526508,0.0054480709085714,-0.0333469872734544,0.0242365077294919,-0.0905572550012258,0.0171734639685699,0.0901304907581628,0.0253230193474998,-0.0739008342227645,0.0120191789197178,0.0465117675240762,-0.0004444903217324,-0.0961151144273189,-0.047254736834763,0.0334807413963495,0.0098092551329921,0.2627826766250826,-0.0415718782757304,-0.1056227307482797,0.0177060470902393,0.1291651129444011,-0.0420592880565096,0.046091062357735,-0.0449545324580109,-0.0528068660650665,-0.0255554854062389,0.0661216440038652,-0.0583895988865931,-0.047758423208055,-0.064325069767276,0.0118011045470126,-0.1705601677172254,-0.0559937671335717,-0.0979881439678415,0.0906995306753478,-0.0208736042405355,0.0067337179788154,-0.1108168979302263,-0.0764196226834465,-0.1103322491802528,0.2582876729005989,0.017872308423119,-0.0591769747339946,-0.0465263360117352,0.1606302412876638,-0.0505680910262106,0.0896178832417558,1.617295471665953,0.7848383113148235,0.9913245764388636,1.0954320596769462,0.9112797060294427,0.7630417261916664,0.9835765687624048,1.0151344507671825,0.848462347546709,0.8802661096172943,1.0242545807027748,1.036659417493368,0.9514860750535622,0.96797283702599,0.8308649464892794,0.8160843177159435,1.0570593961826953,1.090755353483265,0.992886809340756,0.924434819505348,1.010190090588066,1.0756209489286794,1.0367488213591207,0.9055272379047632,0.6496363948629784,0.50465935595428,0.8879856488477686,1.09012316605534,0.8564631588635436,0.8038669367836785,0.7947696920212289,0.9974924390622392,1.3026956012020898,1.1002072507698943,1.0819335153736576,0.9205819814897356,1.088052703072594,0.9675191703251976,0.9499079681828952,0.8340795550009931,1.4857511399914751,1.2199580773404308,1.152915748047421,0.9417434553370312,1.0595492505618271,1.0073324946582942,1.0811235977998073,1.0156123178125374,0.6834386218072909,0.4220477112382743,0.7683638699230478,1.0049335267590112,0.9360145427532576,0.7786600998461236,0.7407229299498799,0.9159437424511572,403.6554526153107,202.54216174440032,306.64517671178857,405.8131907105488,11.272588630848578,202.54216174440032,2.589285714285495,0.049671040806727,0.0013797511335201,-10.808399504335014,432.6235842707017,12.01732178529727,21.85152490632024,403.7130804690172,202.56857833128504,306.685724760669,405.8665700442983,11.274071390119396,202.56857833128504,2.5841874903373707,0.0497857151188253,0.0013829365310784,-10.80009785197056,432.6142831028613,12.017063419523923,21.851447507478856,526.8793872613708,261.6722220115142,394.6869190879543,524.5900428238132,14.571945633994812,261.6722220115142,-3.4340166563362686,0.0929675554798742,0.0025824320966631,-8.551816965016263,351.8274421133018,9.772984503147272,21.10730700287281,431.7276059630673,216.75494250996763,327.201919107391,433.5188460260136,12.042190167389265,216.75494250996763,2.015145070814441,0.1271851750676165,0.003532921529656,-7.423600259084212,387.794997810961,10.772083272526691,21.457716637811966,558.2028448524452,275.213297848083,415.0064499728635,553.5155565325408,15.375432125903917,275.213297848083,-7.578242481570726,0.0195305934702582,0.0005425164852849,-14.168783328959568,342.4004170181357,9.511122694948217,21.00953110389712,424.7274509918044,213.1172813231709,321.27109234507253,426.4208006463909,11.845022240177524,213.1172813231709,1.9050183614098728,0.1905242666087164,0.005292340739131,-5.968712551518776,424.21273386914015,11.78368705192056,21.78084621683008,599.6149668270062,298.77035125068835,461.20369302946153,600.1817393137787,16.671714980938297,298.77035125068835,1.0201904761903506,0.8765688434220333,0.0243491345395009,-0.4742641229569492,524.3926489512122,14.566462470867004,22.54406664158283,0.0,11.890000000000004,31.9720728468078,-0.331637713054453,0.2603558516271883,3.888380839621077,11.786495966074153,39.0,72.0,68.0,56.0,23.0,4.0,4.0,0.0,0.0,16.0,50.40783099999999,4.724419274597855,3.873768320386067,3.745860633244487,3.6557528033531743,3.5754318009587505,3.4605401248986465,3.2180845999329457,2.9635405300744653,1.986020407713227,1.956008446770644,1.7921584612500217,1.702845954314901,1.5640827284008334,1.4051919740875345,1.3728744165178646,1.3728744165178637,3.952509043915189,3.780864726687546,3.6553406651813054,3.5935497727694887,3.5268803261721384,3.3105435520511914,3.0597953236883826,2.8782420988227027,2.0458282206147604,1.9797973534151951,1.8567478423599133,1.7644119115076968,1.578093773074026,1.53561260046186,1.3255780935882675,1.2852290050479296,4.046483211549055,3.9106330359686567,3.777538996211142,3.71336292951808,3.667291214849569,3.5019283720135275,3.263028270734913,3.084700906685508,1.9461922462550936,1.8206225884792648,1.6944718627890878,1.5654433629565994,1.368345409404273,1.3290257813619304,1.0713360655030026,1.0189282736728766,4.073454409612968,3.778156493979308,3.666731475167429,3.620232926215736,3.5698058299911706,3.312084517944279,3.0375102313763054,2.8931062440323387,2.015994637631989,1.9674442330581927,1.845798531949659,1.750579894224651,1.5637437286814364,1.508341988779184,1.3289365765839385,1.2343457042663628,4.023305455549885,3.9556932487606753,3.8156436234575946,3.762283855058149,3.690534906855208,3.4934927887494736,3.302749360030331,3.157165818258449,1.9558189611320664,1.7762447961197507,1.6558161496443773,1.553575437790137,1.365238382972532,1.2833854281784156,1.01767338328214,0.962874121650837,5.261769256978692,5.030926656110603,4.943138898531926,4.23387096774194,4.022887940477115,4.003550159463494,3.908637197452861,3.670429813568625,1.9294870443786825,1.912678944492196,1.6193078792779805,1.57211093584462,1.4339705045113598,1.321554846239828,1.200541702504935,1.2005417025049336,0.0,0.0,3.0,7.0,1.0,3.0,9.0,1.0,0.0,0.2886751345948129,0.2041241452319315,0.0,0.3895195511812306,0.5370590048080458,0.2886751345948129,0.2041241452319315,0.0,0.2411331746271036,0.2598896657619733,3.0813407695908035,0.2041241452319315,0.7202467364128082,0.1020620726159657,1.2078011773563542,0.0254995858900876,0.1826969693977344,0.0084998619633625,5.784351094872961,7.97674974896973,11.034102433731777,2.0839611404946687,2.693795873090456,3.3805284471407298,25.70853153444065,17.225183873165598,16.162770080920033,12.16389612689041,9.484053186750945,7.820053978908478,5.360800897043919,3.7215717339821306,0.7141258759566848,0.4416713813632205,0.2938685469258187,0.1843014564680365,0.1170870763796412,0.0751928267202738,0.0482955035769722,0.0307567911899349,20.646357301410244,12.81891014515619,10.062292663113428,6.809475828541902,4.69560064374837,3.458649043852161,1.91152035750016,1.174741330122235,0.5735099250391734,0.3286900037219536,0.1829507756929713,0.1031738761900288,0.0579703783178811,0.0332562408062707,0.017220904121623,0.009708606034068,42.49102686749447,69.69519300801176,67.18823529411755,68.15600000000005,45.60728682634735,527.7705862275449,0.6158119835868764,1.0100752609856776,0.9737425404944572,0.9877681159420296,0.6609751713963383,7.64884907576152,4.866790000000005,134.94070000000005,365.41885286765256,535.3888343673118,730.8377057353052,20.301047381536257,365.41885286765256,0.1234430415256717,0.0034289733757131,-7.531111553478635,452.5387989381381,12.570522192726058,22.013544610706088,1137.0,3.0,0.0,8.0,12.0,4.0,0.0,3.0,1.0,6.0,0.0,1.0,0.0,3.0,1.0,0.0,0.0,0.0,2.0,0.0,0.0,0.0,0.0,0.0,0.0,0.0,5.0,0.0,12.0,1.0,0.0,5.0,0.0,0.0,0.0,0.0,0.0,0.0,0.0,0.0,1.0,0.0,10.0,0.0,0.0,5.0,2.0,0.0,0.0,2.0,5.0,0.0,0.0,0.0,0.0,0.0,0.0,2.0,0.0,0.0,0.0,0.0,2.0,1.0,0.0,0.0,0.0,1.0,4.0,0.0,0.0,0.0,0.0,0.0,0.0,0.0,0.0,0.0,0.0,0.0,0.0,0.0,0.0,0.0,0.0,0.0,0.0,0.0,0.0,1.0,0.0,0.0,0.0,0.0,0.0,0.0,0.0,0.0,0.0,0.0,0.0,0.0,0.0,0.0,0.0,0.0,0.0,0.0,0.0,0.0,0.0,0.0,0.0,0.0,0.0,0.0,0.0,0.0,0.0,0.0,1.481963811282495,0.0,65.1748260662623,8.495771914444662,22.26741552369382,0.0,8.99373357115402,0.9836919152509276,29.816061636016663,0.0,4.936322083737969,0.0,10.017025482916823,0.6872852172133355,0.0,0.0,0.0,0.7946785940691601,0.0,0.0,0.0,0.0,0.0,0.0,0.0,2.9790453318628023,0.0,5.428366389827661,0.7202567369965076,0.0,2.9790453318628023,0.0,0.0,0.0,0.0,0.0,0.0,0.0,0.0,1.7159023169239689,0.0,9.008826667032476,0.0,0.0,7.677801192337993,1.1337658252563738,0.0,0.0,-1.4492238183995445,2.267194540506212,0.0,0.0,0.0,0.0,0.0,0.0,5.249933390614983,0.0,0.0,0.0,0.0,8.701920784697906,2.363576143309691,0.0,0.0,0.0,8.723818157305232,48.83749837503239,0.0,0.0,0.0,0.0,0.0,0.0,0.0,0.0,0.0,0.0,0.0,0.0,0.0,0.0,0.0,0.0,0.0,0.0,0.0,0.0,-5.573606167210274,0.0,0.0,0.0,0.0,0.0,0.0,0.0,0.0,0.0,0.0,0.0,0.0,0.0,0.0,0.0,0.0,0.0,0.0,0.0,0.0,0.0,0.0,0.0,0.0,0.0,0.0,0.0,0.0,0.0,0.0,0.3784906417430403,0.0,2.363576143309691,-1.0649809098163583,4.757072882232254,0.0,1.657781785457754,0.9836919152509276,1.0038755227279086,0.0,4.936322083737969,0.0,1.950419825266608,0.6872852172133355,0.0,0.0,0.0,0.3784906417430403,0.0,0.0,0.0,0.0,0.0,0.0,0.0,0.5475605238024936,0.0,0.3111733949731801,0.7202567369965076,0.0,0.5475605238024936,0.0,0.0,0.0,0.0,0.0,0.0,0.0,0.0,1.7159023169239689,0.0,-0.2763503346980545,0.0,0.0,1.4347902857172403,0.4402328411989739,0.0,0.0,-1.0649809098163583,0.1443609656958113,0.0,0.0,0.0,0.0,0.0,0.0,2.4120725194401693,0.0,0.0,0.0,0.0,4.19587621798354,2.363576143309691,0.0,0.0,0.0,8.723818157305232,10.658303820433629,0.0,0.0,0.0,0.0,0.0,0.0,0.0,0.0,0.0,0.0,0.0,0.0,0.0,0.0,0.0,0.0,0.0,0.0,0.0,0.0,-5.573606167210274,0.0,0.0,0.0,0.0,0.0,0.0,0.0,0.0,0.0,0.0,0.0,0.0,0.0,0.0,0.0,0.0,0.0,0.0,0.0,0.0,0.0,0.0,0.0,0.0,0.0,0.0,0.0,0.0,0.0,0.0,0.6872852172133355,0.0,13.04212453181146,1.7502242943269124,7.325294656352448,0.0,4.034068252888222,0.9836919152509276,8.6381683153591,0.0,4.936322083737969,0.0,4.43585764229593,0.6872852172133355,0.0,0.0,0.0,0.4161879523261197,0.0,0.0,0.0,0.0,0.0,0.0,0.0,0.7135247177458093,0.0,0.7202567369965076,0.7202567369965076,0.0,0.7135247177458093,0.0,0.0,0.0,0.0,0.0,0.0,0.0,0.0,1.7159023169239689,0.0,1.2695358097492364,0.0,0.0,1.7502242943269124,0.6935329840574,0.0,0.0,0.0,0.7832856684099196,0.0,0.0,0.0,0.0,0.0,0.0,2.837860871174814,0.0,0.0,0.0,0.0,4.506044566714366,2.363576143309691,0.0,0.0,0.0,8.723818157305232,13.04212453181146,0.0,0.0,0.0,0.0,0.0,0.0,0.0,0.0,0.0,0.0,0.0,0.0,0.0,0.0,0.0,0.0,0.0,0.0,0.0,0.0,0.0,0.0,0.0,0.0,0.0,0.0,0.0,0.0,0.0,0.0,0.0,0.0,0.0,0.0,0.0,0.0,0.0,0.0,0.0,0.0,0.0,0.0,0.0,0.0,0.0,0.0,0.0,0.0,0.0,0.0,0.0,88.65740740740739,2.462705761316872,1.382850275920727,13.04212453181146,-0.16085792895305,-5.573606167210274,8.518816753159403,5.897680241284348,6.042124531811459,53.92934866304006,4.775583595675413,6.0328652725522005,53.18525036619207,16.99998,0.47222,0.0,0.02778,0.5971,0.86944,0.44118,0.55309,0.82564,0.15593,0.04402,-0.11191,0.0438,0.54313,0.17116,0.0,0.12745,0.28824,0.04902,41.5,1.15278,23.25,0.64583,18.25,0.50694,-5.0,-0.13889,1.0,0.02778,37.27851,1.03551,72.50165,35.22314,0.97842,9.97164,0.27699,17.22512,7.25348,0.20149,0.68888,0.01914,1.03288,0.02869,0.3623188405797101,261.11,10.0,10.0,9.0,10.0,3.0,3.0,0.52,1.67692023022642,3.7120385194852967,4.850368747892175,5.380051087118885,5.4599028987757965,5.459902898775796,115.707495885623,256.1306578444855,334.6754436045601,371.2235250112031,376.73330001553,376.7333000155299,0.274521325418558,0.6076816988702283,0.7940327950246784,0.8807447895455419,0.8938169827113245,0.8938169827113244,4.43160422655175,2.3964859372928733,1.2581557088859947,0.7284733696592847,0.6486215580023735,0.6486215580023744,0.2637682285584634,0.5838785930164466,0.7629302511987159,0.8462457063993895,0.8588058571616494,0.8588058571616493,17.94268286834787,37.22769302194164,42.51498473598333,43.48768439908661,43.568161053724985,43.56816105372498,118.39208645986218,53.75179112603156,35.5233853819444,30.53939528296509,29.94986280061017,29.94986280061017,28.99408284023669,13.375206611570247,8.498106482512808,9.0,20.0,3.0,3.0,3.8087,0.0,2.0943260972876403,2.0504123087177755,0.0,17.479116100730945,25.421670541845387,0.0,7.306192629712688,0.0,0.0,1.7063937592326823,0.0,0.0,0.0,0.0,0.0,1.1739960447826812,0.8733670885695622,0.0,0.856,1.9490000000000005,1.9280000000000008,3.905,2.796,19.612,55.0,66.0,81.0,104.0,111.0,121.0,127.0,133.0,134.0,1007.0,3.912023005428146,4.465908118654584,4.863680881139593,5.318119993844216,5.831149070576642,6.034733545271289,6.334222788907545,6.472780898655796,6.703609803458148,6.9601401648668455,8.374678714290651,4.30474180734856,0.4736842105263157,4.0,1.0,0.0,0.0,3.0,0.0,0.0,0.0,0.0,0.0,0.0,0.0,0.0,0.0,0.0,0.0,0.0,0.0,0.0,0.0,0.0,0.0,0.0,4.0,0.0,0.0,3.0,0.0,0.0,0.0,0.0,0.0,0.0,0.0,1.0,0.0,0.0,0.0,1.0,0.0,0.0,0.0,0.0,0.0,0.0,0.0,0.0,0.0,0.0,0.0,0.0,0.0,0.0,0.0,0.0,0.0,0.0,0.0,0.0,0.0,1.0,0.0,0.0,0.0,0.0,0.0,0.0,0.0,12.0,0.3076923076923077,14.0,0.358974358974359,1.0,10.0,19.0,0.9,8.5,4.722222222222218,2.2777777777777777,1.936666666666668,1.445,0.7404988662131524,0.6431760204081636,0.4731827916351724,0.3134336419753088,0.2148760330578511,0.2179487179487179,0.0908119658119657,0.0414141414141414,0.0352121212121212,0.0244915254237288,0.01346361574933,0.0139820874001774,0.0115410436984188,0.0087064900548696,0.0061393152302243,0.4994130659777484,266.6416652564149,405.2677201106278,533.2833305128299,14.813425847578614,266.6416652564149,0.1857398381356616,0.0051594399482128,-6.060269894728313,437.41587987559006,12.15044110765528,21.891183885865672,149.96999999999997,466.0825285391084,6.169925001442312,5.241747015059643,6.07993319509559,6.957497370876951,7.817222785508166,8.698013622083925,9.566825297862628,10.449554829640324,11.323059520718738,12.206887313598012,153.34074095044397,4.3694478524670215,1.9459101490553128,5.700443573390687,3.713572066704308,7.217443431696533,5.41610040220442,8.815666824946216,7.10085190894405,10.45676903533851,10.709360558147916,515.220240156001,7.466960002260883,72.50988401737973,2.014163444927215,31.472936176615413,12.289932867012071,15.728691694170047,4619.0,55.0,3.007,188.0,1.0,2.0569048513364723
0,0,0,0,0,0,0,0,0,0,0,0,0,0,0,0,0,0,0,0,0,0,0,0,0,0,0,0,0,0,0,0,0,0,0,0,0,0,0,0,0,0,0,0,0,0,0,0,0,0,0,0,0,0,0,0,0,0,0,0,0,0,0,0,0,0,0,0,0,0,0,0,0,0,0,0,0,0,0,0,0,0,0,0,0,0,0,0,0,0,0,0,0,0,0,0,0,0,0,0,0,0,0,0,0,0,0,0,0,0,0,0,0,0,0,0,0,0,0,0,0,0,0,0,0,0,0,0,0,0,0,0,0,0,0,0,0,0,0,0,0,0,0,0,0,0,0,0,0,0,0,0,0,0,0,0,0,0,0,0,0,0,0,0,0,0,0,0,0,0,0,0,0,0,0,0,0,0,0,0,0,0,0,2,4,3,1,2,2,5,1,2,1,2,3,4,2,2,2,2,5,0,0,0,0,0,0,0,0,0,0,0,0,0,0,0,0,2,3,2,3,0,0,0,0,0,0,0,0,0,0,0,0,0,0,0,0,0,1,5,2,5,1,2,0,0,0,0,0,0,0,0,0,0,0,0,0,0,0,0,0,0,0,0,0,0,0,0,0,0,0,0,0,0,0,0,0,0,0,0,0,0,0,0,0,0,0,0,0,0,0,0,0,0,0,0,0,0,0,0,0,0,0,0,0,0,0,0,0,0,0,0,0,0,0,0,0,0,0,0,0,0,0,0,0,0,0,0,0,0,0,0,0,0,0,0,0,0,0,0,0,0,0,0,0,0,0,0,0,0,0,0,0,0,0,0,0,0,0,0,0,0,0,0,0,0,0,0,0,0,0,0,0,0,0,0,0,0,0,0,0,0,0,0,0,0,0,0,0,0,0,0,0,0,0,0,0,0,0,0,0,0,0,0,0,0,0,0,0,0,0,0,0,0,0,0,0,0,0,0,0,0,0,0,0,0,0,0,0,0,0,0,0,5,2,3,1,1,2,1,0,0,0,0,0,0,0,0,0,0,0,0,0,0,0,0,0,0,0,0,0,0,0,0,0,0,0,0,0,0,0,0,0,0,0,0,0,0,0,0,0,0,0,0,0,0,0,0,0,0,0,0,0,0,0,0,0,0,0,0,0,0,0,0,0,0,0,0,0,0,0,0,0,0,0,0,0,0,0,0,0,0,0,0,0,0,0,0,0,0,0,0,0,0,0,0,0,0,0,0,0,0,0,0,0,0,0,0,0,0,0,0,0,0,0,0,0,0,0,0,0,0,0,0,0,0,0,0,0,0,0,0,0,0,0,0,0,0,0,0,0,0,0,0,0,0,0,0,0,2,5,2,4,0,0,0,0,0,0,0,0,0,0,0,0,0,0,0,0,0,0,0,0,0,2,2,2,1,2,2,2,1,0,0,0,0,0,0,0,0,0,0,0,2,2,2,2,2,4,3,2,2,0,0,0,0,0,0,2,2,2,2,2,0,0,1,0,0,0,0,5,5,0,0,0,0,0,0,0,0,0,0,0,1,5,2,5,0,0,0,0,0,2,0,0,0,0,0,0,0,1,2,2,2,2,2,1,0,0,0,0,0,0,0,0,0,0,0,0,0,0,0,3,2,3,0,2,3,4,0,0,0,0,0,0,0,0,0,0,0,0,0,0,0,0,0,0,0,0,0,0,0,0,0,0,0,0,0,0,0,0,2,2,2,1,2,2,2,2,2,0,0,0,0,0,0,0,0,0,0,0,0,0,0,0,0,0,0,0,0,0,0,0,0,3,2,2,2,3,1,1,2,3,2,0,0,0,5,2,3,0,0,0,0,0,0,0,1,2,0,0,0,0,0,0,0,2,2,2,0,0,0,0,0,0,0,0,0,0,0,0,0,0,0,0,0,0,0,0,0,0,0,0,0,0,0,0,0,0,0,0,0,0,0,0,0,0,0,0,0,0,0,0,0,0,0,0,0,0,0,0,0,0,0,0,0,0,0,0,0,0,0,0,0,0,0,2,5,4,0,1,1,2,2,2,2,2,3,2,0,0,0,3,2,2,3,0,0,0,0,0,0,0,0,0,0,0,0,2,2,0,0,0,0,0,0,0,0,0,0,0,0,0,0,0,0,0,0,0,0,0,0,0,0,0,0,0,0,0,0,0,2,2,2,2,4,5,0,0,0,0,0,0,0,0,0,0,0,0,0,0,0,0,0,0,0,0,0,0,0,0,0,0,0,0,0,0,0,0,0,0,3,0,0,0,0,0,0,0,0,0,0,0,0,0,0,0,0,0,0,0,0,0,0,0,0,0,0,2,3,0,0,0,0,0,0,2,2,5,5,1,1,0,0,0,0,0,0,0,0,0,0,0,0,0,0,0,0,0,0,0,0,0,0,2,1,2,0,0,0,0,0,0,0,0,0,3,3,5,0,0,1,5,0,0,0,0,0,0,0,0,0,0,0,0,0,0,0,3,2,0,0,0,0,2,2,2,0,0,0,0,2,2,2,2,1,0,0,0,2,3,2,2,2,1,0,0,2,2,1,2,2,0,0,0,0,0,0,0,0,0,0,0,0,1,2,3,0,0,0,0,0,0,0,0,0,0,0,0,0,0,0,0,0,0,0,0,0,0,0,0,0,0,0,0,0,0,0,0,0,0,0,0,0,0,0,1,2,0,0,0,0,1,0,0,0,0,0,0,0,0,0,0,0,0,0,0,0,0,0,0,0,0,0,0,0,0,0,0,0,0,0,0,0,0,0,0,0,0,0,0,0,0,0,0,0,0,0,0,0,0,0,0,0,0,0,0,0,0,0,0,0,0,0,0,0,0,0,0,0,0,0,0,0,0,0,0,0,0,0,0,0,0,0,0,0,0,0,5,2,0,0,0,0,0,0,4,2,0,0,0,0,0,0,0,0,0,0,0,0,1,3,3,2,0,0,0,0,0,0,0,0,0,0,0,0,0,0,0,0,0,0,0,0,0,0,0,0,0,0,0,0,0,0,0,0,0,0,0,0,0,0,0,0,0,0,0,2,1,0,0,0,0,0,0,0,0,0,0,0,0,0,0,0,0,0,0,0,0,0,0,2,2,2,5,0,0,0,0,0,0,0,2,2,0,0,0,0,0,0,0,0,2,2,2,1,0,0,0,0,2,2,2,2,0,2,1,2,2,2,0,2,2,0,0,0,0,0,0,0,0,0,0,0,0,0,0,0,0,0,0,1,2,2,0,0,0,0,0,0,0,0,0,0,0,0,0,0,0,0,2,2,5,2,2,1,0,0,0,0,0,0,0,3,2,0,3,4,2,4,1,1,2,0,1,1,4,3,3,3,1,3,4,1,1,0,4,0,0,1,3,2,2,2,4,0,3,1,2,2,3,4,0,2,1,3,1,0,1,2,4,0,0,1,4,2,1,1,2,0,2,3,4,1,2,4,0,3,4,4,2,0,3,1,3,3,1,4,4,1,3,4,2,2,0,2,3,3,3,2,4,0,4,3,3,1,3,2,3,0,4,3,0,2,4,0,4,4,2,0,2,4,2,3,2,3,1,0,2,2,1,0,3,2,2,2,4,4,0,3,3,0,3,2,4,2,0,1,1,0,0,3,0,1,3,1,1,3,2,4,0,0,0,1,0,4,0,3,4,2,3,3,4,2,0,2,2,0,0,1,4,3,1,2,0,4,0,4,4,2,4,3,2,0,3,0,1,2,3,3,3,4,1,3,1,2,0,1,0,3,0,1,2,0,3,2,2,2,4,0,0,2,1,4,3,3,2,0,3,2,3,3,2,4,2,3,4,0,0,1,2,4,4,0,0,2,2,3,4,1,2,4,1,0,0,1,1,1,4,3,2,4,3,4,1,1,1,1,3,0,0,0,1,1,4,4,3,4,0,2,3,4,0,0,3,3,0,2,1,1,4,4,1,4,0,4,0,1,4,1,4,2,3,4,2,2,0,1,3,4,4,2,4,2,4,4,4,2,4,1,2,1,4,3,0,0,4,4,3,4,0,3,3,0,0,3,3,4,4,1,3,1,4,1,2,3,4,2,1,1,2,0,0,0,3,4,3,4,2,2,3,4,2,2,4,0,3,2,1,1,4,1,2,1,4,4,3,0,0,3,0,0,0,0,0,0,0,0,0,0,0,0,0,0,0,0,0,0,0,0,0,0,0,0,0,0,0,0,0,0,0,0,0,0,0,0,0,0,0,0,0,0,0,0,0,0,0,0,0,0,0,0,0,0,0,0,0,0,0,0,0,0,0,0,0,0,0,0,0,0,0,0,0,0,0,0,0,0,0,0,0,2,1,2,0,2,2,2,3,3,2,2,3,1,2,2,0,0,0,0,0,0,0,2,3,2,3,3,5,4,0,2,5,0,5,2,0,0,0,0,2,2,5,2,0,0,0,0,0,0,0,0,0,0,0,0,0,0,0,0,0,0,0,0,0,0,0,0,0,0,0,0,0,0,0,0,0,0,0,0,0,0,0,0,0,0,0,0,0,0,0,0,0,0,0,0,0,0,0,0,0,0,0,0,0,0,0,0,0,0,0,0,0,0,0,0,0,0,0,0,0,0,0,0,0,0,0,0,0,0,0,0,0,0,0,0,0,0,0,0,2,1,1,1,5,5,3,1,1,5,4,1,3,1,3,3,0,0,0,0,0,0,0,0,0,0,0,0,0,0,0,0,0,0,0,0,0,0,0,0,0,0,0,0,0,0,0,0,0,0,0,0,0,0,0,0,0,0,0,0,0,0,0,0,0,0,0,0,0,0,0,0,0,0,0,0,0,0,0,0,0,0,0,0,0,0,0,0,0,0,0,0,0,0,0,0,0,0,0,0,0,0,0,0,0,0,0,0,0,0,0,0,0,0,0,0,0,0,0,0,0,0,0,0,0,0,0,0,0,0,0,0,0,0,0,0,0,0,0,0,0,0,0,0,0,0,0,0,0,0,0,0,0,0,0,0,0,0,0,0,0,0,0,0,0,0,0,0,0,0,0,0,0,0,0,0,0,0,0,0,0,0,0,0,0,0,0,0,0,0,0,0,0,0,0,0,0,0,0,0,0,0,0,0,0,0,0,0,0,0,0,0,0,0,0,0,0,0,0,0,0,0,0,0,0,0,0,0,0,0,0,0,0,0,0,0,0,0,0,0,0,0,0,0,0,0,0,0,0,0,0,0,0,0,0,0,0,0,0,0,0,0,0,0,0,0,0,0,0,0,0,0,0,0,0,0,0,0,0,0,0,0,0,0,0,0,0,0,0,0,0,0,0,0,0,0,0,0,0,0,3,3,2,3,2,2,4,2,3,1,1,2,5,5,1,2,1,0,0,0,0,0,0,0,0,0,0,0,0,0,0,0,0,0,0,0,0,0,0,0,0,0,0,0,0,0,0,0,0,0,0,0,0,0,0,0,0,0,0,0,0,0,0,0,0,0,0,0,0,0,0,0,0,0,0,0,0,0,0,0,0,0,0,0,0,0,0,0,0,0,0,0,0,0,0,0,0,0,0,0,0,0,0,0,0,0,0,0,0,0,0,0,0,0,0,0,0,0,0,0,0,0,0,0,0,0,0,0,0,0,0,0,0,0,0,0,0,0,0,0,0,0,0,0,0,0,1,1,2,4,1,3,2,3,1,3,4,5,3,3,1,3,5,4,1,2,4,3,3,1,3,3,1,3,1,1,2,1,3,2,2,5,3,2,2,3,4,1,2,2,4,0,0,0,0,0,0,0,0,0,0,0,0,0,0,0,0,0,0,0,0,0,0,0,0,0,0,0,0,0,0,1,0,0,0,0,0,0,0,0,0,0,0,0,0,0,0,1,0,1,1,0,0,0,0,0,0,0,0,0,0,0,0,0,0,0,0,0,0,1,0,0,0,0,0,0,0,0,0,0,0,0,0,0,0,0,0,0,1,0,0,0,1,0,0,0,0,0,0,0,0,0,0,0,1,0,0,0,0,0,0,0,0,0,0,0,0,0,0,0,1,0,0,0,0,0,1,0,0,0,0,1,0,0,0,0,1,0,1,0,0,0,0,0,0,0,0,0,0,1,0,0,0,0,0,0,0,0,0,0,1,0,0,0,0,1,0,0,0,1,0,0,0,0,0,0,0,0,0,0,0,0,0,0,0,0,0,0,0,0,0,0,0,0,0,0,0,0,0,0,0,0,0,0,1,0,0,0,0,0,0,0,0,0,0,0,1,0,0,0,0,0,0,0,0,0,0,0,1,0,0,0,0,1,0,0,0,0,0,0,0,0,0,0,0,1,0,0,0,0,0,0,0,1,0,0,0,0,0,0,0,0,0,0,0,0,0,0,0,0,0,0,1,0,0,1,0,0,0,0,0,0,0,0,0,0,0,0,0,1,0,0,0,0,0,0,0,0,0,0,1,0,0,0,0,0,0,0,0,0,0,0,0,0,0,0,0,1,0,0,1,0,0,0,0,1,0,0,0,1,0,0,0,0,0,0,0,0,0,0,1,0,0,0,0,0,1,0,0,0,0,0,0,0,0,0,0,0,0,0,0,0,0,0,0,0,0,0,0,1,0,0,0,0,0,0,0,0,0,0,1,0,0,1,1,1,0,0,0,0,0,0,0,0,0,0,0,0,0,0,0,0,1,0,0,0,0,0,0,1,0,0,0,1,0,0,0,0,0,0,0,0,0,0,0,1,0,0,0,0,0,0,0,0,0,0,0,0,0,0,0,0,0,0,0,0,0,0,0,0,0,0,0,1,0,0,0,0,0,0,0,0,0,0,0,0,0,0,0,0,0,0,0,0,0,0,0,0,0,0,1,0,0,0,0,0,0,0,0,0,0,0,0,0,0,0,1,0,0,0,0,0,0,0,0,0,0,0,0,0,1,1,0,0,0,0,0,0,0,0,0,0,0,0,0,0,0,0,0,0,0,0,0,0,1,0,0,0,0,0,0,0,1,0,0,0,0,0,0,0,0,0,0,0,1,0,0,0,0,0,0,0,0,0,0,0,0,1,0,0,0,0,1,0,0,0,0,0,0,0,0,0,0,0,0,0,0,0,0,0,0,0,0,0,0,0,0,0,0,0,0,0,0,0,0,0,0,0,0,0,0,1,0,0,0,0,0,1,0,0,0,0,0,0,0,0,0,0,0,0,0,1,0,0,0,0,0,0,0,0,0,0,0,0,0,0,0,0,0,0,0,0,0,0,0,0,0,0,0,0,1,0,0,0,0,0,0,0,0,0,1,0,0,0,1,0,0,0,0,0,1,0,0,0,0,0,0,0,0,0,0,0,0,0,0,0,0,0,1,0,0,0,0,0,0,0,0,0,0,0,0,0,0,0,0,0,0,0,0,1,0,0,0,0,0,0,0,0,0,0,0,1,0,0,0,0,0,1,0,0,0,0,0,0,0,0,1,0,0,0,1,0,0,0,0,0,0,0,0,0,0,0,0,0,0,0,0,0,0,0,0,0,1,0,0,0,0,1,0,0,0,0,0,0,0,0,0,0,0,0,0,0,0,0,0,0,0,0,0,0,0,0,0,0,0,0,0,0,0,0,0,0,0,0,1,0,0,0,0,0,0,0,0,0,0,0,0,0,0,0,0,1,0,0,0,0,0,0,0,0,0,0,1,0,0,0,0,0,0,0,0,0,0,0,0,1,0,0,0,0,0,0,0,0,0,1,0,0,0,0,0,0,0,1,0,0,0,0,0,0,0,0,0,0,0,0,0,0,1,0,0,0,0,0,0,0,0,0,0,1,0,0,0,0,0,0,0,0,0,1,1,0,0,0,0,0,0,1,0,0,1,0,0,0,0,0,0,0,1,0,0,0,0,0,0,0,0,0,0,0,0,0,0,1,0,0,0,0,0,0,1,0,1,0,0,0,0,0,0,1,0,0,0,0,0,0,0,0,0,0,0,0,0,0,0,0,0,0,0,0,0,0,0,0,0,0,0,0,0,0,0,0,0,0,0,0,0,0,0,0,0,0,0,0,0,0,0,0,0,1,0,0,0,1,0,0,0,0,0,0,0,1,0,0,0,0,0,0,1,0,0,0,0,0,0,0,0,0,0,0,0,0,1,1,0,0,0,0,1.0,1.1908,1.4180046399999997,41.3376,59.76089499999998,20.0,23.0,49.0,34.0,15.0,0.0,23.0,4.0,4.0,0.0,0.0,3.0,0.0,0.0,0.0,3.0,6224.789915449319,6406.5908255056,10493.047717839718,9197.674380505598,9828.740721011203,9650.125660564796,8891.716313516798,8258.796040401592,6867.485154372796,12577.096724489156,15817.356677258727,23866.318924015777,25799.88015364067,25694.581657375616,23358.350784675025,20349.29574284131,17624.974676946487,16208.168115133592,416.4222359999999,431.1967320000002,752.286068,895.0577440000004,978.9153039999994,965.4371079999996,797.9753680000002,707.1205560000001,595.4677400000004,79.15745657273489,100.70865832599992,154.6371569945471,176.6198759456411,172.67392830188615,152.6771514207351,129.16678509133885,113.7601959971878,104.14161506309392,8187.462244403736,7817.184669366752,14068.602193774035,17630.142482613766,19670.708319417743,19332.26468790544,15744.873064099933,14128.94459885213,11657.850863102993,446.6180555555555,215.6805555555556,582.3333333333331,387.4722222222222,470.25000000000017,526.0972222222224,488.7083333333334,567.6666666666666,355.8333333333334,127.0365288867208,120.87907217935094,116.58941908710796,80.68135421496139,79.90846114643256,82.47970650055382,92.62204493246664,98.31900048097134,95.38173825517772,256.6754433569216,298.4406920237496,265.18132137795305,226.31473818983045,208.8990378648424,199.64402380064124,211.97183065459697,209.8211271065058,225.1134460435221,8.498412979591834,8.13578739622642,8.35873408888889,7.85138371929825,7.958661008130076,8.25159921367521,8.31224341666667,8.418101857142858,8.270385277777784,1.6154582974027527,1.900163364641508,1.7181906332727457,1.5492971574179044,1.4038530756250909,1.304932918125941,1.3454873447014464,1.3542880475855692,1.4464113203207487,167.09106621232115,147.49405036541043,156.31780215304485,154.65037265450673,159.92445788144508,165.23303152055934,164.00909441770762,168.2017214149063,161.9145953208749,9.114654195011337,4.0694444444444455,6.470370370370368,3.3988791423001943,3.82317073170732,4.49655745489079,5.090711805555556,6.757936507936508,4.942129629629631,1.1025807668644565,-0.771686261000674,0.3901624844742646,-0.0819443409069007,-0.2275565865159422,0.3481380188352111,-0.5181746118097929,0.4216129043332008,-0.0228511733908986,1747.4172212866497,37.040819336837394,491.9907212662322,-259.0247258595898,123.02914175374856,29.48397803894416,280.37085962995,780.0372321491203,81.2310649638131,2052.954375129231,35.33765106612324,-88.87003970360647,-322.6405983584614,-148.32885934676136,196.8824299266864,149.08270421056116,338.1431168906214,24.21482556552224,8.209074775510205,-0.2879964714702183,7.99305106538943,-0.7332511103706649,-1.315350477301113,-1.533644586422322,-1.671736947938359,5.129658507288631,-0.3696047313619309,11.23420420740797,-0.0697284986671817,2.1228230123831926,-1.321069044954256,-3.177219545721739,0.3796592757294637,-1.4613196467774126,2.035131771305986,-0.566439022734329,142.89591897726496,-8.441044986696534,93.21586251290648,-19.5925570166762,-48.66409787015389,-26.17691051497428,-44.873754882019846,70.03294867884672,8.450804087922474,184.87188208616783,-12.757256814290344,165.75870297098436,-0.4754558285899635,2.1051905456059554,-51.716761534545626,-25.43691864500901,102.67031098153562,-13.59703422185201,0.0225016483033562,-0.0145601181320881,0.0043351387163807,-0.0007188100079552,-0.00185005354891,0.0029755386225231,-0.005397652206352,0.0050192012420619,-0.0003173774082069,35.661575944625504,0.6988833837139131,5.466563569624802,-2.272146718066577,1.000236924827224,0.251999812298668,2.920529787811979,9.286157525584766,1.1282092356085152,41.89702806386185,0.66674813332308,-0.9874448855956274,-2.8301806873549245,-1.2059256857460274,1.6827558113391998,1.5529448355266788,4.025513296316921,0.3363170217433643,0.1675321382757184,-0.0054338956881173,0.088811678504327,-0.0064320272839532,-0.0106939063195212,-0.0131080733882249,-0.0174139265410245,0.0610673631820075,-0.0051333990466934,0.2292694736205708,-0.0013156320503241,0.0235869223598132,-0.011588324955739,-0.0258310532172499,0.0032449510746108,-0.0152220796539313,0.0242277591822141,-0.0078672086490879,2.9162432444339785,-0.1592649997489912,1.0357318056989608,-0.1718645352340017,-0.3956430721150722,-0.223734277905763,-0.4674349466877067,0.83372557951008,0.1173722789989232,3.772895552778936,-0.2407029587601952,1.8417633663442707,-0.0041706651630698,0.0171153702894793,-0.4420236028593643,-0.2649679025521772,1.222265606923043,-0.1888476975257223,-0.647068958495652,0.19265871806085,-0.0319447712569596,-0.0822185790111275,0.1322364736311052,-0.2398780806447373,0.2230592698986087,-0.0141046293110707,0.0195976584096878,0.1532900166305931,-0.0637141421230154,0.0280480292396603,0.0070664238924821,0.0818957017588598,0.2603967233530033,0.0316365501446255,0.0159139720437159,-0.0235683754010071,-0.0675508697905971,-0.0287830841821975,0.040164085356466,0.0370657516127299,0.0960811179776523,0.0080272285955636,-0.0324349449845522,0.5301172623855841,-0.0383927964517924,-0.0638319693736708,-0.0782421422130491,-0.1039437968156614,0.3645113338284085,-0.0306412793361779,-0.0057383655553791,0.102878599524542,-0.0505445612655663,-0.1126667794422513,0.0141534371033669,-0.0663938352260673,0.1056737244588863,-0.0343142439542899,-0.0546130711328586,0.3551596073735573,-0.0589335390873265,-0.1356687487815728,-0.0767200329851731,-0.1602866796450762,0.2858902737627773,0.0402477671308602,-0.0637979385840418,0.488156467779161,-0.001105428206195,0.0045364018298553,-0.1171576569443568,-0.0702293235647656,0.3239595662866363,-0.0500537835951027,1.7625695405163642,0.5513570616854445,0.7312296865697642,0.8877585395727461,0.7422070065786952,1.2467895038370684,0.6462855119408958,0.7715230650809304,0.5642835963832815,0.594251302739066,0.911568462633155,0.9116037291984386,1.0315063642472002,0.896730387133764,0.7676755329113663,0.8746946486305747,0.8250951182964041,0.9048423608872314,1.1064046183570568,1.0752805916812225,0.9859954076673793,0.9377078896164678,0.8920929079497208,0.9438343167398396,0.6573267052664078,0.289547141222819,0.6040250420954327,0.7296576066681356,1.0277707543277432,1.0294537729405402,0.6560967680108245,0.8771916686009785,0.9655721608547948,0.8686244000286126,1.0159266327663616,1.0628650159321495,0.9596793448431812,1.01361245236727,0.8706964713783811,0.9761510581208506,0.932067186759016,0.6337919343731653,0.7432892913148037,0.8757348546936605,0.9628182115093968,1.0379890441175872,0.7680697045434601,0.8324638577560282,0.6119485245407293,0.2392147122376427,0.494652661016506,0.5881169490782586,1.0097005561843009,0.9813102166726968,0.7037692340715208,0.872087930396528,321.465191205805,162.01830988861673,243.9109292654262,323.8853592730318,9.526039978618584,162.01830988861673,2.571428571428441,0.156226760326449,0.0045949047154837,-6.311918900150348,396.7893902042685,11.670276182478483,20.34357916463292,320.94634298489405,161.80838646698498,243.7025682880933,323.45968881931844,9.513520259391717,161.80838646698498,2.670429949075924,0.1596065335658059,0.0046943098107589,-6.23914843609575,396.6262743266165,11.665478656665192,20.34218117360092,400.48702029195385,197.9667448670208,292.39637287645394,397.56667854888406,11.693137604378943,197.9667448670208,-4.513255421107914,0.0883884909737248,0.0025996614992272,-8.248445935425467,670.0990216232904,19.708794753626183,22.125246682769586,322.03883503645733,162.2671831048906,244.2208525994858,324.38757025840914,9.540810889953212,162.2671831048906,2.4955311733238545,0.1537683245903958,0.0045225977820704,-6.365847863236708,397.0713065109308,11.678567838556788,20.345993984983416,479.3776123706784,233.25781865966056,337.91570552213,471.9308565214045,13.880319309453077,233.25781865966056,-12.39651833367472,0.4129322454499211,0.0121450660426447,-3.0072039638727057,429.63373302101337,12.636286265323925,20.61397241094179,319.7908615056356,161.22275308576445,241.7766279318785,322.2893506029469,9.4790985471455,161.22275308576445,2.6546446658933576,0.1380684774356846,0.0040608375716377,-6.732018712226328,400.0400661146617,11.76588429749005,20.371320005086663,311.2842228591612,156.9400999610359,236.01056262895327,314.657527235123,9.254633153974204,156.9400999610359,5.931249999999665,0.4845809444942353,0.0142523807204186,-2.463200697920672,549.0947438459981,16.149845407235237,21.44812140656743,0.0,11.99613701286246,19.000419587995463,-0.3515469736049186,0.5232888411469407,3.0049667587280267,10.165963705655244,38.0,53.0,51.0,28.0,13.0,1.0,1.0,1.0,0.0,25.0,28.757105,4.140538722179096,3.996205022023729,3.752653984082917,3.529987487255924,3.455828551088284,3.3058260435232927,3.106137020891224,2.935477624999375,2.024697299338417,1.972167799369117,1.7915933366886811,1.617618028146899,1.3630686403020595,1.3127725833193822,1.230203373755688,1.1477880829579137,4.087523349379345,3.922976792094224,3.671141698455798,3.419964471684219,3.175133895567761,3.120498198942037,2.9876339871775803,2.892910501047445,2.035615927752775,1.9906363993349925,1.78187549725478,1.656102309960911,1.459024084514717,1.3988216565681333,1.3795494167879825,1.333956244140869,4.165505359648467,4.01619819963961,3.782045814037544,3.5787471516996336,3.4260332091916297,3.3565667880431453,3.1394633870735,3.0339107959093146,1.9675218135695536,1.9155904119185967,1.638962319545245,1.462026125767856,1.3044976745726735,1.2120304419644934,1.1153273182859895,1.09267134222044,4.080082121938955,3.9114340243687327,3.6610860236538327,3.394760408200136,3.147975405464376,3.050453381717836,2.973325866629751,2.8722691599033925,2.036870396411163,2.000055559640432,1.7811287863701042,1.6596056058855129,1.5709017839287065,1.457134709153605,1.4320491715583283,1.3595143316342382,4.193106174088486,4.03429221013034,3.807796511705444,3.598362788983778,3.448460110254698,3.3705149470145703,3.184236011162472,3.082575402924472,1.9497015175232808,1.903993165822889,1.608595884417748,1.4050951347909388,1.2795610613914503,1.1981972965116874,1.1037909071622312,1.0679351779223265,5.402429077233569,4.8408455813754,4.627637723597247,4.571428571428572,4.571428571428569,4.261366303598331,4.073644407769616,3.80789539470154,1.9485857396970232,1.8641258855080791,1.7673480429752724,1.5587575459815108,1.229136579221129,1.1008486212231097,1.0484349683276757,0.8443717643727391,1.0,0.0,3.0,10.0,4.0,1.0,2.0,1.0,0.0,0.0,0.0,0.2926435951945341,0.6758314338487366,1.1593972250674756,0.0,0.0,0.1172369981783785,0.2624346169246941,0.3776291287065427,3.78540504317141,0.3535533905932737,0.4138605412657321,0.0,1.0385270533470363,0.0110216678544351,0.1398396429876329,0.0,5.592919255456799,9.789988438595794,12.962030415619958,1.9672544283089712,2.9193995971615228,3.280618440051244,24.03480494807372,16.196823100364064,16.232938659377133,12.271344239537717,11.193729190434183,8.838601755603236,7.026928711340089,5.592478385664398,0.7069060278845212,0.4262321868516859,0.2847883975329321,0.1658289762099691,0.1056012187776809,0.0664556522977686,0.0423308958514463,0.0272803823690946,17.334828764995713,10.203652881130216,7.906705637727163,5.674230776880566,4.306999582820865,2.870707832767731,1.8546287925526352,1.2197839475505443,0.5098479048528151,0.2685171810823741,0.1387141339952134,0.0766787942821698,0.0406320715360458,0.0215842694193062,0.0111724626057387,0.0059501655978075,34.89442316303686,51.50400582665701,50.7882352941176,51.63200000000004,34.54544610778445,375.95242215568857,0.7121310849599359,1.051102159727694,1.036494597839135,1.0537142857142865,0.705009104240499,7.672498411340583,6.063970000000005,117.04280000000006,440.25782206350254,635.3679216504455,880.5156441270051,25.89751894491192,440.25782206350254,0.31118453914155,0.0091524864453397,-3.969055175734981,818.8789985573725,24.084676428158016,22.80698352209799,987.0,1.0,0.0,8.0,18.0,1.0,0.0,0.0,1.0,0.0,0.0,0.0,0.0,0.0,1.0,0.0,0.0,0.0,0.0,0.0,0.0,0.0,0.0,0.0,0.0,0.0,7.0,0.0,4.0,1.0,0.0,7.0,0.0,0.0,0.0,0.0,0.0,0.0,0.0,0.0,0.0,0.0,3.0,0.0,0.0,7.0,1.0,0.0,1.0,1.0,7.0,2.0,1.0,0.0,0.0,0.0,0.0,0.0,0.0,1.0,0.0,0.0,2.0,0.0,0.0,1.0,0.0,1.0,1.0,1.0,1.0,0.0,0.0,3.0,0.0,0.0,0.0,0.0,0.0,0.0,0.0,0.0,0.0,0.0,0.0,0.0,0.0,0.0,0.0,0.0,0.0,0.0,0.0,0.0,0.0,0.0,0.0,0.0,0.0,0.0,0.0,0.0,0.0,0.0,0.0,0.0,0.0,0.0,0.0,0.0,0.0,0.0,0.0,0.0,0.0,0.0,0.0,0.0,0.0,0.0,0.6222868503154282,0.0,69.44753427860755,14.835359038456351,6.938981414947281,0.0,0.0,1.3075069646338235,0.0,0.0,0.0,0.0,0.0,0.6222868503154282,0.0,0.0,0.0,0.0,0.0,0.0,0.0,0.0,0.0,0.0,0.0,4.608327770132255,0.0,2.524506992955784,0.7056185754972124,0.0,4.608327770132255,0.0,0.0,0.0,0.0,0.0,0.0,0.0,0.0,0.0,0.0,1.5779362995231672,0.0,0.0,10.832108164487884,-0.0503225284939408,0.0,1.779524714052582,-0.839833117270236,1.2095779407667362,1.853981336419385,-4.914608652198249,0.0,0.0,0.0,0.0,0.0,0.0,9.143875164948124,0.0,0.0,8.210226399157001,0.0,0.0,2.1011322414591715,0.0,9.151525503407326,11.150776223907048,3.928216363708996,5.24607951443765,0.0,0.0,37.86980443168736,0.0,0.0,0.0,0.0,0.0,0.0,0.0,0.0,0.0,0.0,0.0,0.0,0.0,0.0,0.0,0.0,0.0,0.0,0.0,0.0,0.0,0.0,0.0,0.0,0.0,0.0,0.0,0.0,0.0,0.0,0.0,0.0,0.0,0.0,0.0,0.0,0.0,0.0,0.0,0.0,0.0,0.0,0.0,0.0,0.0,0.0,0.6222868503154282,0.0,2.1011322414591715,-0.839833117270236,6.938981414947281,0.0,0.0,1.3075069646338235,0.0,0.0,0.0,0.0,0.0,0.6222868503154282,0.0,0.0,0.0,0.0,0.0,0.0,0.0,0.0,0.0,0.0,0.0,0.5287460454824341,0.0,0.5335720902364415,0.7056185754972124,0.0,0.5287460454824341,0.0,0.0,0.0,0.0,0.0,0.0,0.0,0.0,0.0,0.0,0.068633798465451,0.0,0.0,0.9643781522629238,-0.0503225284939408,0.0,1.779524714052582,-0.839833117270236,-0.5676291421677979,0.8900741646520871,-4.914608652198249,0.0,0.0,0.0,0.0,0.0,0.0,9.143875164948124,0.0,0.0,3.9304942582519695,0.0,0.0,2.1011322414591715,0.0,9.151525503407326,11.150776223907048,3.928216363708996,5.24607951443765,0.0,0.0,12.623268143895784,0.0,0.0,0.0,0.0,0.0,0.0,0.0,0.0,0.0,0.0,0.0,0.0,0.0,0.0,0.0,0.0,0.0,0.0,0.0,0.0,0.0,0.0,0.0,0.0,0.0,0.0,0.0,0.0,0.0,0.0,0.0,0.0,0.0,0.0,0.0,0.0,0.0,0.0,0.0,0.0,0.0,0.0,0.0,0.0,0.0,0.0,0.6222868503154282,0.0,12.623268143895784,1.9559304526087744,6.938981414947281,0.0,0.0,1.3075069646338235,0.0,0.0,0.0,0.0,0.0,0.6222868503154282,0.0,0.0,0.0,0.0,0.0,0.0,0.0,0.0,0.0,0.0,0.0,0.8004907844680573,0.0,0.7056185754972124,0.7056185754972124,0.0,0.8004907844680573,0.0,0.0,0.0,0.0,0.0,0.0,0.0,0.0,0.0,0.0,0.7731434356536597,0.0,0.0,1.9559304526087744,0.0,0.0,1.779524714052582,0.0,0.9665403022648904,0.963907171767298,0.0,0.0,0.0,0.0,0.0,0.0,0.0,9.143875164948124,0.0,0.0,4.279732140905031,0.0,0.0,2.1011322414591715,0.0,9.151525503407326,11.150776223907048,3.928216363708996,5.24607951443765,0.0,0.0,12.623268143895784,0.0,0.0,0.0,0.0,0.0,0.0,0.0,0.0,0.0,0.0,0.0,0.0,0.0,0.0,0.0,0.0,0.0,0.0,0.0,0.0,0.0,0.0,0.0,0.0,0.0,0.0,0.0,0.0,0.0,0.0,0.0,0.0,0.0,0.0,0.0,0.0,0.0,0.0,0.0,0.0,0.0,0.0,0.0,0.0,0.0,0.0,98.25,2.889705882352941,1.5824437773659277,12.623268143895784,0.0197672473680319,-4.914608652198249,9.164065063603816,6.164608652198249,4.6232681438957846,57.60327168542533,6.164608652198249,4.6232681438957846,57.60327168542533,15.29045,0.44972,0.0,0.05028,0.74101,0.93557,0.44468,0.62253,0.91742,0.29633,0.11848,-0.17785,0.01816,0.48069,0.2336,0.0,0.12582,0.38586,0.0327,48.0,1.41176,23.0,0.67647,25.0,0.73529,2.0,0.05882,0.5,0.01471,26.18969,0.77028,66.91487,40.72518,1.1978,6.84536,0.20133,16.19675,9.35139,0.27504,0.71725,0.0211,1.14725,0.03374,0.4693877551020408,322.11,5.0,10.0,10.0,8.0,1.0,1.0,0.2272727272727272,1.871849202776381,4.217480693757318,4.953355314389357,5.3952223440710565,5.3952223440710565,5.3952223440710565,91.72061093604265,206.6565539941086,242.71441040507847,264.3658948594818,264.3658948594818,264.3658948594818,0.3333830696056842,0.7511484673028421,0.8822103816426029,0.9609084875019503,0.9609084875019503,0.9609084875019503,3.742860641338828,1.39722915035789,0.661354529725851,0.2194875000441518,0.2194875000441518,0.2194875000441518,0.3080312661922499,0.6940280853353727,0.8151235190999204,0.8878371011767147,0.8878371011767147,0.8878371011767147,20.21197868821961,45.00916157695057,50.77721813278541,51.67120298888962,51.671202988889625,51.671202988889625,102.88780867374052,49.48864671707738,34.40132512403157,31.5108365444112,31.51083654441119,31.51083654441119,25.641274238227147,10.400738688827332,5.796932067202338,5.0,23.0,2.0,2.78,2.977400000000003,0.0,0.0,0.0,0.0,10.6383100012704,28.499803979375425,1.441529805595748,12.412549201771466,1.5495958803870855,0.0,0.4999999999999999,0.3113995776646091,0.1999999999999999,0.0,0.3086066999241838,0.0833333333333333,0.4999999999999999,0.3333333333333333,0.0,0.591,1.4909999999999997,1.4249999999999998,3.207000000000001,2.8,16.472,57.0,74.0,106.0,133.0,166.0,205.0,237.0,268.0,317.0,1635.0,3.979681653901961,4.663439094112067,5.31443674842792,6.014631606389516,6.626469374035594,7.18355057657018,7.76432254537649,8.299402475581617,8.794987971066973,9.322853120423565,10.204998129506476,16.536384269877676,0.4705882352941176,5.0,0.0,0.0,3.0,2.0,0.0,0.0,0.0,0.0,0.0,0.0,0.0,3.0,0.0,0.0,0.0,0.0,1.0,1.0,0.0,0.0,1.0,0.0,8.0,0.0,3.0,2.0,0.0,1.0,1.0,0.0,0.0,1.0,0.0,3.0,0.0,0.0,3.0,0.0,0.0,0.0,0.0,0.0,0.0,0.0,0.0,0.0,0.0,0.0,0.0,0.0,1.0,1.0,0.0,0.0,1.0,0.0,0.0,0.0,3.0,0.0,0.0,1.0,1.0,0.0,0.0,1.0,0.0,6.0,0.1578947368421052,10.0,0.2631578947368421,0.0,9.0,17.0,0.8888888888888888,9.5,3.555555555555551,2.6388888888888875,2.171666666666668,1.4938888888888888,1.0990929705215415,0.5034722222222222,0.3905816956412193,0.3253240740740744,0.2134516886032035,0.25,0.0623781676413254,0.0497903563941299,0.040216049382716,0.0292919389978213,0.0233849568196072,0.0119874338624338,0.0105562620443572,0.0104943249701314,0.0066703652688501,0.5320010945577746,232.28584626284228,354.92061304949823,464.5716925256846,13.663873309578957,232.28584626284228,0.0220426719002396,0.0006483138794188,-12.970235246335738,540.8227337823713,15.906550993599156,21.39651130795993,114.17,366.6949313679653,6.08746284125034,5.25227342804663,6.115892125483034,7.036148493750536,7.921898411023797,8.845201135339584,9.742320649814571,10.666697032541045,11.570958496220838,12.495883700090396,151.64727347231042,4.343805421853684,0.0,5.720311776607412,3.4339872044851463,7.259116128097101,5.820082930352362,8.878636747430072,7.940583827104244,10.54762829554124,10.825183649068832,468.1045396200004,9.553153869795926,69.97670409628599,2.058138355773117,30.37199552479592,10.914021766117392,12.349542228206468,3808.0,53.0,4.706999999999999,190.0,1.0,1.322219294733919
0,0,0,0,0,0,0,0,0,0,0,0,0,0,0,0,0,0,0,0,0,0,0,0,0,0,0,0,0,0,0,0,0,0,0,0,0,0,0,0,0,0,0,0,0,0,0,0,0,0,0,0,0,0,0,0,0,0,0,0,0,0,0,0,0,0,0,0,0,0,0,0,0,0,0,0,0,0,0,0,0,0,0,0,0,0,0,0,0,0,0,0,0,0,0,0,0,0,0,0,0,0,0,0,0,0,0,0,0,0,0,0,0,0,0,0,0,0,0,0,0,0,0,0,0,0,0,0,0,0,0,0,0,0,0,0,0,0,0,0,0,0,0,0,0,0,0,0,0,0,0,0,0,0,0,0,0,0,0,0,0,0,0,0,0,0,0,0,0,0,0,0,0,0,0,0,0,0,0,0,0,0,0,2,4,3,1,2,2,5,1,2,1,2,3,4,2,2,2,2,5,0,0,0,0,0,0,0,0,0,0,0,0,0,0,0,0,2,3,2,3,0,0,0,0,0,0,0,0,0,0,0,0,0,0,0,0,0,1,5,2,5,1,2,0,0,0,0,0,0,0,0,0,0,0,0,0,0,0,0,0,0,0,0,0,0,0,0,0,0,0,0,0,0,0,0,0,0,0,0,0,0,0,0,0,0,0,0,0,0,0,0,0,0,0,0,0,0,0,0,0,0,0,0,0,0,0,0,0,0,0,0,0,0,0,0,0,0,0,0,0,0,0,0,0,0,0,0,0,0,0,0,0,0,0,0,0,0,0,0,0,0,0,0,0,0,0,0,0,0,0,0,0,0,0,0,0,0,0,0,0,0,0,0,0,0,0,0,0,0,0,0,0,0,0,0,0,0,0,0,0,0,0,0,0,0,0,0,0,0,0,0,0,0,0,0,0,0,0,0,0,0,0,0,0,0,0,0,0,0,0,0,0,0,0,0,0,0,0,0,0,0,0,0,0,0,0,0,0,0,0,0,0,5,2,3,1,1,2,1,0,0,0,0,0,0,0,0,0,0,0,0,0,0,0,0,0,0,0,0,0,0,0,0,0,0,0,0,0,0,0,0,0,0,0,0,0,0,0,0,0,0,0,0,0,0,0,0,0,0,0,0,0,0,0,0,0,0,0,0,0,0,0,0,0,0,0,0,0,0,0,0,0,0,0,0,0,0,0,0,0,0,0,0,0,0,0,0,0,0,0,0,0,0,0,0,0,0,0,0,0,0,0,0,0,0,0,0,0,0,0,0,0,0,0,0,0,0,0,0,0,0,0,0,0,0,0,0,0,0,0,0,0,0,0,0,0,0,0,0,0,0,0,0,0,0,0,0,0,2,5,2,4,0,0,0,0,0,0,0,0,0,0,0,0,0,0,0,0,0,0,0,0,0,2,2,2,1,2,2,2,1,0,0,0,0,0,0,0,0,0,0,0,2,2,2,2,2,4,3,2,2,0,0,0,0,0,0,2,2,2,2,2,0,0,1,0,0,0,0,5,5,0,0,0,0,0,0,0,0,0,0,0,1,5,2,5,0,0,0,0,0,2,0,0,0,0,0,0,0,1,2,2,2,2,2,1,0,0,0,0,0,0,0,0,0,0,0,0,0,0,0,3,2,3,0,2,3,4,0,0,0,0,0,0,0,0,0,0,0,0,0,0,0,0,0,0,0,0,0,0,0,0,0,0,0,0,0,0,0,0,2,2,2,1,2,2,2,2,2,0,0,0,0,0,0,0,0,0,0,0,0,0,0,0,0,0,0,0,0,0,0,0,0,3,2,2,2,3,1,1,2,3,2,0,0,0,5,2,3,0,0,0,0,0,0,0,1,2,0,0,0,0,0,0,0,2,2,2,0,0,0,0,0,0,0,0,0,0,0,0,0,0,0,0,0,0,0,0,0,0,0,0,0,0,0,0,0,0,0,0,0,0,0,0,0,0,0,0,0,0,0,0,0,0,0,0,0,0,0,0,0,0,0,0,0,0,0,0,0,0,0,0,0,0,0,2,5,4,0,1,1,2,2,2,2,2,3,2,0,0,0,3,2,2,3,0,0,0,0,0,0,0,0,0,0,0,0,2,2,0,0,0,0,0,0,0,0,0,0,0,0,0,0,0,0,0,0,0,0,0,0,0,0,0,0,0,0,0,0,0,2,2,2,2,4,5,0,0,0,0,0,0,0,0,0,0,0,0,0,0,0,0,0,0,0,0,0,0,0,0,0,0,0,0,0,0,0,0,0,0,3,0,0,0,0,0,0,0,0,0,0,0,0,0,0,0,0,0,0,0,0,0,0,0,0,0,0,2,3,0,0,0,0,0,0,2,2,5,5,1,1,0,0,0,0,0,0,0,0,0,0,0,0,0,0,0,0,0,0,0,0,0,0,2,1,2,0,0,0,0,0,0,0,0,0,3,3,5,0,0,1,5,0,0,0,0,0,0,0,0,0,0,0,0,0,0,0,3,2,0,0,0,0,2,2,2,0,0,0,0,2,2,2,2,1,0,0,0,2,3,2,2,2,1,0,0,2,2,1,2,2,0,0,0,0,0,0,0,0,0,0,0,0,1,2,3,0,0,0,0,0,0,0,0,0,0,0,0,0,0,0,0,0,0,0,0,0,0,0,0,0,0,0,0,0,0,0,0,0,0,0,0,0,0,0,1,2,0,0,0,0,1,0,0,0,0,0,0,0,0,0,0,0,0,0,0,0,0,0,0,0,0,0,0,0,0,0,0,0,0,0,0,0,0,0,0,0,0,0,0,0,0,0,0,0,0,0,0,0,0,0,0,0,0,0,0,0,0,0,0,0,0,0,0,0,0,0,0,0,0,0,0,0,0,0,0,0,0,0,0,0,0,0,0,0,0,0,5,2,0,0,0,0,0,0,4,2,0,0,0,0,0,0,0,0,0,0,0,0,1,3,3,2,0,0,0,0,0,0,0,0,0,0,0,0,0,0,0,0,0,0,0,0,0,0,0,0,0,0,0,0,0,0,0,0,0,0,0,0,0,0,0,0,0,0,0,2,1,0,0,0,0,0,0,0,0,0,0,0,0,0,0,0,0,0,0,0,0,0,0,2,2,2,5,0,0,0,0,0,0,0,2,2,0,0,0,0,0,0,0,0,2,2,2,1,0,0,0,0,2,2,2,2,0,2,1,2,2,2,0,2,2,0,0,0,0,0,0,0,0,0,0,0,0,0,0,0,0,0,0,1,2,2,0,0,0,0,0,0,0,0,0,0,0,0,0,0,0,0,2,2,5,2,2,1,0,0,0,0,0,0,0,3,2,0,3,4,2,4,1,1,2,0,1,1,4,3,3,3,1,3,4,1,1,0,4,0,0,1,3,2,2,2,4,0,3,1,2,2,3,4,0,2,1,3,1,0,1,2,4,0,0,1,4,2,1,1,2,0,2,3,4,1,2,4,0,3,4,4,2,0,3,1,3,3,1,4,4,1,3,4,2,2,0,2,3,3,3,2,4,0,4,3,3,1,3,2,3,0,4,3,0,2,4,0,4,4,2,0,2,4,2,3,2,3,1,0,2,2,1,0,3,2,2,2,4,4,0,3,3,0,3,2,4,2,0,1,1,0,0,3,0,1,3,1,1,3,2,4,0,0,0,1,0,4,0,3,4,2,3,3,4,2,0,2,2,0,0,1,4,3,1,2,0,4,0,4,4,2,4,3,2,0,3,0,1,2,3,3,3,4,1,3,1,2,0,1,0,3,0,1,2,0,3,2,2,2,4,0,0,2,1,4,3,3,2,0,3,2,3,3,2,4,2,3,4,0,0,1,2,4,4,0,0,2,2,3,4,1,2,4,1,0,0,1,1,1,4,3,2,4,3,4,1,1,1,1,3,0,0,0,1,1,4,4,3,4,0,2,3,4,0,0,3,3,0,2,1,1,4,4,1,4,0,4,0,1,4,1,4,2,3,4,2,2,0,1,3,4,4,2,4,2,4,4,4,2,4,1,2,1,4,3,0,0,4,4,3,4,0,3,3,0,0,3,3,4,4,1,3,1,4,1,2,3,4,2,1,1,2,0,0,0,3,4,3,4,2,2,3,4,2,2,4,0,3,2,1,1,4,1,2,1,4,4,3,0,0,3,0,0,0,0,0,0,0,0,0,0,0,0,0,0,0,0,0,0,0,0,0,0,0,0,0,0,0,0,0,0,0,0,0,0,0,0,0,0,0,0,0,0,0,0,0,0,0,0,0,0,0,0,0,0,0,0,0,0,0,0,0,0,0,0,0,0,0,0,0,0,0,0,0,0,0,0,0,0,0,0,0,2,1,2,0,2,2,2,3,3,2,2,3,1,2,2,0,0,0,0,0,0,0,2,3,2,3,3,5,4,0,2,5,0,5,2,0,0,0,0,2,2,5,2,0,0,0,0,0,0,0,0,0,0,0,0,0,0,0,0,0,0,0,0,0,0,0,0,0,0,0,0,0,0,0,0,0,0,0,0,0,0,0,0,0,0,0,0,0,0,0,0,0,0,0,0,0,0,0,0,0,0,0,0,0,0,0,0,0,0,0,0,0,0,0,0,0,0,0,0,0,0,0,0,0,0,0,0,0,0,0,0,0,0,0,0,0,0,0,0,2,1,1,1,5,5,3,1,1,5,4,1,3,1,3,3,0,0,0,0,0,0,0,0,0,0,0,0,0,0,0,0,0,0,0,0,0,0,0,0,0,0,0,0,0,0,0,0,0,0,0,0,0,0,0,0,0,0,0,0,0,0,0,0,0,0,0,0,0,0,0,0,0,0,0,0,0,0,0,0,0,0,0,0,0,0,0,0,0,0,0,0,0,0,0,0,0,0,0,0,0,0,0,0,0,0,0,0,0,0,0,0,0,0,0,0,0,0,0,0,0,0,0,0,0,0,0,0,0,0,0,0,0,0,0,0,0,0,0,0,0,0,0,0,0,0,0,0,0,0,0,0,0,0,0,0,0,0,0,0,0,0,0,0,0,0,0,0,0,0,0,0,0,0,0,0,0,0,0,0,0,0,0,0,0,0,0,0,0,0,0,0,0,0,0,0,0,0,0,0,0,0,0,0,0,0,0,0,0,0,0,0,0,0,0,0,0,0,0,0,0,0,0,0,0,0,0,0,0,0,0,0,0,0,0,0,0,0,0,0,0,0,0,0,0,0,0,0,0,0,0,0,0,0,0,0,0,0,0,0,0,0,0,0,0,0,0,0,0,0,0,0,0,0,0,0,0,0,0,0,0,0,0,0,0,0,0,0,0,0,0,0,0,0,0,0,0,0,0,0,3,3,2,3,2,2,4,2,3,1,1,2,5,5,1,2,1,0,0,0,0,0,0,0,0,0,0,0,0,0,0,0,0,0,0,0,0,0,0,0,0,0,0,0,0,0,0,0,0,0,0,0,0,0,0,0,0,0,0,0,0,0,0,0,0,0,0,0,0,0,0,0,0,0,0,0,0,0,0,0,0,0,0,0,0,0,0,0,0,0,0,0,0,0,0,0,0,0,0,0,0,0,0,0,0,0,0,0,0,0,0,0,0,0,0,0,0,0,0,0,0,0,0,0,0,0,0,0,0,0,0,0,0,0,0,0,0,0,0,0,0,0,0,0,0,0,1,1,2,4,1,3,2,3,1,3,4,5,3,3,1,3,5,4,1,2,4,3,3,1,3,3,1,3,1,1,2,1,3,2,2,5,3,2,2,3,4,1,2,2,4,0,0,0,0,0,0,0,0,0,0,0,0,0,0,0,0,0,0,0,0,0,0,0,0,0,0,0,0,0,0,0,0,0,0,0,0,0,0,1,0,0,0,0,0,0,0,1,0,0,0,0,0,0,0,0,0,0,0,0,0,0,0,0,0,0,0,0,0,0,0,0,0,0,0,0,0,0,0,0,0,0,0,0,0,0,0,0,0,0,0,0,0,0,0,0,0,0,0,0,0,0,0,0,1,0,0,0,0,0,0,0,0,0,0,0,0,0,0,0,0,0,0,0,0,0,0,0,0,0,0,0,0,0,0,0,0,0,1,0,0,0,0,0,0,0,0,0,0,0,0,0,0,0,0,0,0,0,1,0,1,0,0,0,0,1,0,0,0,0,1,0,0,0,0,0,0,0,0,0,0,0,0,0,0,0,0,0,0,0,0,0,0,0,0,0,0,0,1,0,0,0,0,0,0,0,0,0,0,0,0,0,0,0,0,0,0,1,0,0,0,0,0,0,0,0,0,0,0,0,0,0,0,0,0,0,1,0,0,0,0,0,0,0,0,1,0,0,0,0,0,0,0,1,0,0,1,1,0,0,1,0,0,0,0,0,0,0,0,0,0,0,1,0,0,1,0,0,0,0,0,0,0,0,0,0,0,1,0,1,0,0,0,0,0,1,0,1,0,0,0,0,0,0,0,0,0,0,0,0,0,0,0,0,0,1,0,0,0,0,0,0,0,0,0,0,0,0,0,0,0,0,0,0,0,0,0,0,0,0,0,0,0,0,0,0,0,0,0,0,0,0,0,0,0,0,0,0,0,0,0,0,0,0,0,0,0,0,0,0,0,0,0,0,0,0,0,0,0,0,1,0,0,0,1,1,0,1,0,0,0,0,0,0,0,0,0,0,0,0,0,1,1,0,0,0,0,0,0,0,0,0,0,1,0,0,0,1,0,0,0,0,0,0,0,0,0,0,0,0,0,0,0,0,0,0,0,0,0,0,0,0,0,0,0,0,0,0,0,0,0,0,0,1,0,0,0,0,0,0,0,0,0,0,0,0,0,0,0,0,0,1,0,0,0,0,0,0,0,0,1,0,0,0,0,0,0,0,0,0,0,0,0,0,0,0,0,0,0,0,0,0,0,0,0,0,0,0,0,0,1,1,0,0,0,0,0,0,0,0,0,0,0,0,0,0,0,0,0,0,0,0,0,0,0,0,0,0,0,0,0,0,1,0,0,0,0,0,0,0,0,0,0,0,0,0,0,0,0,0,0,0,0,0,1,0,0,1,0,0,0,0,0,0,0,0,0,0,0,0,0,0,0,0,0,0,0,0,0,0,0,0,0,0,0,0,0,0,0,0,0,0,0,0,0,0,0,0,0,0,0,0,0,0,0,0,0,0,0,0,0,0,0,0,0,0,0,0,0,0,0,1,0,0,0,1,0,0,0,0,0,0,0,0,0,0,0,0,0,0,1,0,0,0,0,0,0,0,0,0,0,0,0,0,0,0,0,0,0,0,1,0,0,0,1,0,0,0,0,0,1,0,0,0,0,0,0,0,0,0,0,0,0,0,0,0,0,0,0,1,0,0,0,0,0,0,0,0,0,0,0,0,0,0,0,0,0,0,0,0,0,0,0,0,0,0,0,0,0,0,0,0,0,0,0,0,0,1,1,0,0,0,0,0,0,0,0,0,0,0,1,0,0,1,0,0,0,0,0,0,0,0,0,0,0,0,0,0,0,0,0,0,0,0,0,0,0,0,0,0,0,0,0,0,0,0,0,0,0,1,0,0,1,0,0,0,0,0,1,0,0,0,0,0,0,0,0,0,0,0,0,0,0,0,0,0,0,0,0,0,0,0,0,0,0,0,0,0,0,0,0,1,0,1,0,0,0,1,0,0,0,0,0,0,0,0,0,0,0,0,0,0,0,0,0,1,0,0,0,0,0,0,0,0,0,0,0,0,0,0,0,0,0,1,0,0,0,0,0,0,0,1,0,0,0,0,0,0,1,0,0,0,0,0,0,0,0,0,0,1,0,0,0,0,0,0,0,0,0,0,1,0,0,0,0,1,0,1,0,0,1,0,0,0,0,0,0,1,1,0,0,0,0,0,0,0,0,0,0,0,0,0,0,0,0,0,0,1,0,0,1,0,0,0,0,0,0,0,0,1,0,0,0,0,0,0,0,0,0,0,0,0,0,0,0,0,0,0,0,0,0,0,0,0,0,0,0,0,0,0,0,0,0,0,0,0,0,0,0,0,0,0,0,0,0,0,0,0,0,0,0,0,0,1,0,0,0,0,0,0,0,0,0,0,0,0,0,0,0,0,0,1,0,1,0,0,0,0,0,0,0,0,0,0,0,0,0,0,1.0,1.5043000000000002,2.262918490000001,47.4115,58.571894999999984,17.0,19.0,50.0,35.0,15.0,0.0,22.0,3.0,4.0,0.0,0.0,6.0,0.0,0.0,0.0,6.0,6967.147717898628,6586.494101011204,11284.712719909823,10337.321646022398,10539.7654341296,11121.635609033588,12717.909908416736,8308.876112745602,6309.369953011204,12441.397666564588,15591.58036001706,23383.72246528848,25348.49932237026,25305.50462760898,23527.38098499533,21260.029762629136,18232.060301190613,15922.484968783205,446.6800839999997,437.80360800000017,783.4168960000009,920.2330720000008,1048.2435160000018,950.8187680000016,1017.7749920000008,739.8900960000005,615.2337840000005,76.08930357273489,97.53398832599996,146.64213058939603,164.25824870564128,158.94577119079213,145.3126557430372,128.15984504388598,115.72616621448988,105.20277637648988,8760.089705023734,7961.946523151751,14813.264273385395,17975.38078082717,20878.620250184467,18643.29712584267,20322.077645725,14670.96167532839,12118.549839356285,631.1527777777777,226.1666666666667,754.1666666666665,516.6388888888887,607.9513888888886,615.3888888888889,1194.5833333333333,486.5277777777779,343.1111111111115,139.34295435797256,124.27347360398498,124.00783208692116,91.48072253117166,85.68914987097236,98.42155406224414,115.61736280378852,94.41904673574548,83.01802569751584,248.82795333129167,294.1807615097558,256.9639831350382,224.3230028528341,205.7358099805608,208.20691137164008,193.27299784208304,207.1825034226206,209.50638116820005,8.933601679999995,8.260445433962268,8.608976879120888,8.143655504424785,8.522305008130097,8.414325380530988,9.252499927272735,8.407842000000006,8.09518136842106,1.5217860714546978,1.8402639306792443,1.6114519844988575,1.4536128204039052,1.292242042201562,1.2859527056905946,1.1650895003989634,1.3150700706192031,1.3842470575853931,175.2017941004747,150.22540609720284,162.783123883356,159.07416620201036,169.7448800828005,164.98493031719175,184.7461604156818,166.71547358327717,159.4546031494248,12.623055555555554,4.267295597484278,8.287545787545787,4.572025565388396,4.9426942186088505,5.445919370698132,10.859848484848484,5.528724747474748,4.5146198830409405,1.176265359789016,-0.771189246175758,0.3298532603501088,0.1689979158607011,-0.3046197982004708,-0.5225414000438943,0.6820822722805728,-0.1913673078978849,0.0266954248701016,1979.7513812557152,8.661937308590836,701.5974459446644,17.13399559288439,-1219.4546177816271,682.8734969960251,1233.9434050283755,394.0040441143104,255.0260806230472,2020.049035909111,36.00302685635493,-48.46342585405441,-338.8562941302055,-30.19067895402455,-337.3278180736325,585.8137877561995,23.19845260012707,127.42117409029856,11.614082000000003,-0.3437550799999884,8.62773764000001,-1.5575994799999715,-8.382513479999986,-0.7058874799999867,15.102574399999986,1.0312715200000122,-0.0449393599999776,12.036451978914492,0.0731400200292217,1.7690388229254024,-3.6891279413348776,0.6149975374332296,-6.9419830965576725,8.168561666116803,-1.0938486208491212,-0.1776201521472418,197.53922905259435,-9.287889213731876,117.21081333552448,-68.22764411919103,-41.777222275523584,-141.97188924323456,271.9802762476655,19.83227809792496,-16.3831226298741,284.43055555555543,-22.507777777777783,219.07333333333327,-5.024444444444436,-166.07305555555544,-1.074444444444441,285.6444444444442,-2.6577777777777665,-3.259999999999953,0.0235253071957803,-0.0145507404938822,0.0036247611027484,0.0014955567775283,-0.002476583725207,-0.0046242601773795,0.0062007479298233,-0.0021746284988396,0.000351255590396,39.59502762511431,0.1634327794073742,7.70986204334796,0.1516282795830477,-9.914265185216482,6.043128292000223,11.217667318439778,4.477318683117164,3.355606323987463,40.40098071818222,0.6793023935161308,-0.5325651192753231,-2.998728266638987,-0.2454526744229638,-2.985201929855154,5.325579888692723,0.2636187795468985,1.6765943959249812,0.2322816400000001,-0.0064859449056601,0.0948103037362638,-0.01378406619469,-0.0681505160975608,-0.0062467918584069,0.1372961309090908,0.0117189945454546,-0.0005913073684207,0.2407290395782898,0.0013800003779098,0.0194399870651143,-0.0326471499233175,0.0049999799791319,-0.0614334787305988,0.0742596515101527,-0.0124300979641945,-0.0023371072650952,3.950784581051887,-0.1752431927119222,1.2880309157749943,-0.603784461231779,-0.339652213622143,-1.256388400382607,2.472547965887868,0.225366796567329,-0.2155674030246592,5.688611111111109,-0.4246750524109016,2.407399267399268,-0.0444641101278268,-1.3501874435411012,-0.0095083579154375,2.5967676767676746,-0.03020202020202,-0.0428947368421046,-0.6185143672211922,0.1540792250907828,0.0635722528544317,-0.1052731726135036,-0.1965653472193144,0.2635777666246842,-0.092437836443201,0.0149309672121551,0.0041276086723503,0.1947179357050821,0.0038294778076344,-0.2503916723858546,0.1526234139603729,0.2833100010599473,0.113077801725722,0.0847481748404961,0.0168140075176545,-0.0131819849372034,-0.0742241453878724,-0.0060754137661935,-0.0738893431988318,0.1318180844628848,0.0065250589183905,0.0414988538921888,-0.0279227618061425,0.4081695984937243,-0.0593420392360326,-0.2933960518685886,-0.026893179583229,0.5910761216818116,0.0504516609468345,-0.0025456483276971,0.0057325878935392,0.0807546405667108,-0.1356178298243906,0.0207701571355534,-0.2551976231792321,0.3084781613395755,-0.0516352243417315,-0.0097084559020774,-0.0443565547846863,0.3260190196024454,-0.1528264699947327,-0.085970825959767,-0.3180098470588078,0.6258372014881048,0.0570435547531993,-0.0545631882989846,-0.0746535567498045,0.4231963163551622,-0.0078163385155611,-0.2373492258776291,-0.0016714726546987,0.4564853575059149,-0.0053092081023132,-0.0075404586469835,1.7309229882939487,0.631450443878305,0.7809777997414923,0.9432920850325068,1.2041112954445323,0.5814640484139366,0.858691088077997,0.8297832884838425,0.5379949520042463,0.5465529770652582,0.8245794403602525,1.20689390316029,0.7748017075181926,0.8234877149961313,0.8164150429567497,0.8297594667528932,0.8787657673524554,0.9288394554236298,1.1108370391559683,0.9946587014070712,1.0885213466308252,0.792781702068134,1.0103785371441063,1.0590554232858287,0.6212558655981363,0.3929570353273922,0.7100202509272105,1.1744294947533986,0.8293479179554365,0.6073176385826666,0.7170965932876691,0.6710085448990193,1.021303291944426,0.9288366468711896,1.106712262008848,0.92726195588654,1.2080567100917654,0.6378768065058577,0.9830746736955004,0.9816513739644138,0.9168031857289224,0.6711460257431628,0.8874501787459055,0.9637977684661734,1.1263205321116845,0.5114840932368345,0.6996795384847976,0.6865392812142153,0.6387141176373038,0.3589568300735839,0.6434867230709467,1.1038104868084182,0.7719934990603372,0.6797428851728382,0.7252176841909007,0.6512852704053707,355.00939992142304,179.21898567499713,269.6377926334615,358.2420529826471,10.235487228075636,179.21898567499713,3.428571428571217,0.3632192785485079,0.0103776936728145,-3.5446199388587227,531.2579659505412,15.178799027158322,21.96336700199823,353.96434627598444,178.79782148266523,269.2350447178212,357.3881402973677,10.21108972278194,178.79782148266523,3.6312966893459873,0.3689981520214054,0.0105428043434687,-3.4893727505917784,541.1184840195544,15.460528114844411,22.027733924510088,441.5636124685202,217.86485133987657,323.90525350542134,437.3965340479723,12.497043829942063,217.86485133987657,-5.833909788767073,0.3509697455989927,0.010027707017114,-3.664693389370746,496.1147466497888,14.17470704713682,21.72382535407354,355.9254530438638,179.6106106120379,270.11215229492285,359.032891613778,10.258082617536514,179.6106106120379,3.295768180212008,0.3605994788888427,0.0103028422539669,-3.569955946677468,526.5166051880858,15.043331576802451,21.93199004463414,523.3777382281846,252.7523938545505,366.0184281406762,512.1543273903302,14.63298078258086,252.7523938545505,-17.872950519083503,0.2209628041829565,0.0063132229766559,-5.284163144729083,578.3512721719751,16.52432206205643,22.26063497488808,347.46704358553006,175.47877412325755,263.2250102833036,350.758090837316,10.021659738209024,175.47877412325755,3.4905046609850388,0.3510441549273996,0.0100298329979257,-3.663951430699546,545.1596679958374,15.57599051416678,22.053775521945887,333.40918053582527,168.34681436419606,250.85298114009683,336.8212678236812,9.623464794962317,168.34681436419606,8.102435064934724,0.4904671315730105,0.0140133466163717,-2.493389542933882,497.8336543456938,14.223818695591252,21.73593097832374,0.0,11.997372411681097,19.00383647197861,-0.3316503066024299,0.4169976509853841,3.6662074113925054,10.042132578384942,38.0,53.0,51.0,32.0,17.0,2.0,2.0,0.0,0.0,21.0,30.748104999999992,4.072466128285998,3.930840375358799,3.722145968104187,3.528551795672793,3.475800629120487,3.313817688425295,3.1333242040887264,2.999794116653133,2.005148485654252,1.96993556945904,1.7595322524881465,1.5859520429382827,1.3502030110453949,1.2524184404206893,1.193283633864983,1.1034927024354402,3.993815913172351,3.8934296745354016,3.568153264076945,3.422573824999584,3.185718817215869,3.174301306277381,2.934559605514538,2.8731590240860743,2.0269904261005327,1.98001024406016,1.783205622605626,1.569119279386209,1.477587800883697,1.4046464824194005,1.4024252467696745,1.2026286251977198,4.088310185748441,3.959660041520989,3.740630210094997,3.591741678742136,3.4304720098037262,3.355397286699981,3.1572466057571087,3.0793891690011708,1.9537456142246223,1.9072078447229983,1.589129484549858,1.3510867622442175,1.3099745835420047,1.1997460075797484,1.1658592548483762,0.9415647293592369,3.981658473691808,3.889791344198665,3.538188703436587,3.4011304922451058,3.1686906124084504,3.10935145116278,2.8936364965009043,2.849634527976955,2.039839824808745,1.9829224062632145,1.7940285520191634,1.5687496928802769,1.554721349977225,1.521391953548641,1.4450362038834426,1.2425332131376254,4.108383531022399,3.981959433199721,3.7711178954449593,3.6096201084635458,3.4683214397165885,3.381352491944866,3.16526144902679,3.1284534073380224,1.9388625044301275,1.890822176673824,1.5570347302368,1.30231593948804,1.2829926255081197,1.1839509398073849,1.140559860635726,0.9289516556746208,5.54093428869677,5.532583051025278,4.95902933062875,4.852983990529741,4.735426008968611,4.735426008968609,4.735426008968607,4.735426008968606,1.8860188664079107,1.850905480362788,1.6225854298819828,1.4553869158932526,1.199401102805386,1.069079849149935,0.9582659420148258,0.7840523405103061,0.0,0.0,4.0,7.0,5.0,3.0,3.0,0.0,0.0,0.0,0.0,0.2140761750626955,0.4638038460194185,0.7746542748541687,0.0,0.0,0.0763141139606879,0.1610255091111996,0.2214096980549439,4.770175353332312,0.5773502691896258,1.2525140526155758,0.2886751345948129,1.0720257002239617,0.0269974623578019,0.175305613874993,0.0089991541192673,7.579372635748667,9.868104746808534,13.87160053091254,1.945429864666813,2.437765747801211,2.773263148388726,25.543241116511005,16.324536971774705,17.11304826870342,12.4729234412237,9.856051286629496,8.348194476431132,6.38825721955187,4.613425361834914,0.7298068890431716,0.4295930782045975,0.2950525563569555,0.1732350477947736,0.1059790460927902,0.0684278235773043,0.0437551864352867,0.0274608652490173,17.573914831330736,10.117453444136537,7.750299760483118,5.347666539948508,3.685115801910149,2.490372849182408,1.5052668892039731,0.9291076885845948,0.5021118523237353,0.2662487748456983,0.1336258579393641,0.0742731463881737,0.039624901095808,0.0204128922064131,0.0103100471863285,0.0055304029082416,35.07612354976594,53.7108521485798,53.27843137254898,54.32400000000004,33.887362275449114,391.8051167664671,0.7015224709953187,1.074217042971596,1.0655686274509797,1.0864800000000008,0.6777472455089822,7.836102335329342,5.296770000000003,114.14280000000008,399.42456295650527,590.2666796632642,798.8491259130105,22.824260740371727,399.42456295650527,0.2063504259263859,0.0058957264550395,-5.523628105410877,423.5019795000876,12.10005655714536,21.169953658789005,1002.0,1.0,0.0,11.0,16.0,1.0,0.0,0.0,2.0,0.0,0.0,0.0,0.0,0.0,1.0,0.0,0.0,0.0,0.0,0.0,0.0,0.0,0.0,0.0,0.0,0.0,6.0,0.0,4.0,2.0,0.0,6.0,0.0,0.0,0.0,0.0,0.0,0.0,0.0,0.0,0.0,0.0,4.0,0.0,0.0,6.0,0.0,0.0,0.0,2.0,8.0,0.0,2.0,0.0,0.0,0.0,0.0,0.0,0.0,0.0,0.0,0.0,2.0,1.0,0.0,0.0,0.0,1.0,2.0,0.0,1.0,0.0,0.0,6.0,0.0,0.0,0.0,0.0,0.0,0.0,0.0,0.0,0.0,0.0,0.0,0.0,0.0,0.0,0.0,0.0,0.0,0.0,0.0,0.0,0.0,0.0,0.0,0.0,0.0,0.0,0.0,0.0,0.0,0.0,0.0,0.0,0.0,0.0,0.0,0.0,0.0,0.0,0.0,0.0,0.0,0.0,0.0,0.0,0.0,0.0,0.6982095948833642,0.0,116.9522560415666,1.7934742079286916,7.471261596323448,0.0,0.0,9.590536911946126,0.0,0.0,0.0,0.0,0.0,0.6982095948833642,0.0,0.0,0.0,0.0,0.0,0.0,0.0,0.0,0.0,0.0,0.0,4.509361888560091,0.0,2.91667718002373,1.5242424175332416,0.0,4.509361888560091,0.0,0.0,0.0,0.0,0.0,0.0,0.0,0.0,0.0,0.0,0.3155348481093392,0.0,0.0,5.722351237246872,0.0,0.0,0.0,-1.4491513736858628,-2.479725655632317,0.0,-10.042420886060192,0.0,0.0,0.0,0.0,0.0,0.0,0.0,0.0,0.0,7.647822455122239,1.4494134753860095,0.0,0.0,0.0,8.75213819188091,22.987086156389665,0.0,4.9575951332866985,0.0,0.0,78.80602308462332,0.0,0.0,0.0,0.0,0.0,0.0,0.0,0.0,0.0,0.0,0.0,0.0,0.0,0.0,0.0,0.0,0.0,0.0,0.0,0.0,0.0,0.0,0.0,0.0,0.0,0.0,0.0,0.0,0.0,0.0,0.0,0.0,0.0,0.0,0.0,0.0,0.0,0.0,0.0,0.0,0.0,0.0,0.0,0.0,0.0,0.0,0.6982095948833642,0.0,1.4494134753860095,-1.507164520261649,7.471261596323448,0.0,0.0,1.0119943954677546,0.0,0.0,0.0,0.0,0.0,0.6982095948833642,0.0,0.0,0.0,0.0,0.0,0.0,0.0,0.0,0.0,0.0,0.0,0.6147438877410468,0.0,0.6775664778843893,0.7595820690768451,0.0,0.6147438877410468,0.0,0.0,0.0,0.0,0.0,0.0,0.0,0.0,0.0,0.0,-0.3055767581131621,0.0,0.0,0.0047466945669181,0.0,0.0,0.0,-1.093376052854904,-1.507164520261649,0.0,-5.021210443030096,0.0,0.0,0.0,0.0,0.0,0.0,0.0,0.0,0.0,3.680558525369132,1.4494134753860095,0.0,0.0,0.0,8.75213819188091,10.70060000761164,0.0,4.9575951332866985,0.0,0.0,13.134337180770553,0.0,0.0,0.0,0.0,0.0,0.0,0.0,0.0,0.0,0.0,0.0,0.0,0.0,0.0,0.0,0.0,0.0,0.0,0.0,0.0,0.0,0.0,0.0,0.0,0.0,0.0,0.0,0.0,0.0,0.0,0.0,0.0,0.0,0.0,0.0,0.0,0.0,0.0,0.0,0.0,0.0,0.0,0.0,0.0,0.0,0.0,0.6982095948833642,0.0,13.134337180770553,1.626708711262283,7.471261596323448,0.0,0.0,8.578542516478372,0.0,0.0,0.0,0.0,0.0,0.6982095948833642,0.0,0.0,0.0,0.0,0.0,0.0,0.0,0.0,0.0,0.0,0.0,0.9148254154197736,0.0,0.7646603484563965,0.7646603484563965,0.0,0.9148254154197736,0.0,0.0,0.0,0.0,0.0,0.0,0.0,0.0,0.0,0.0,0.453634810405644,0.0,0.0,1.626708711262283,0.0,0.0,0.0,0.0,0.7184735613712889,0.0,0.0,0.0,0.0,0.0,0.0,0.0,0.0,0.0,0.0,0.0,3.9672639297531074,1.4494134753860095,0.0,0.0,0.0,8.75213819188091,12.286486148778026,0.0,4.9575951332866985,0.0,0.0,13.134337180770553,0.0,0.0,0.0,0.0,0.0,0.0,0.0,0.0,0.0,0.0,0.0,0.0,0.0,0.0,0.0,0.0,0.0,0.0,0.0,0.0,0.0,0.0,0.0,0.0,0.0,0.0,0.0,0.0,0.0,0.0,0.0,0.0,0.0,0.0,0.0,0.0,0.0,0.0,0.0,0.0,0.0,0.0,0.0,0.0,0.0,0.0,116.66666666666666,3.333333333333333,1.5255611279521115,13.134337180770553,0.1406585279433784,-5.021210443030096,9.907488074797408,6.271210443030096,5.286486148778026,91.30133004260568,6.271210443030096,5.286486148778026,91.30133004260568,15.24758,0.43565,0.0,0.06435,0.79905,1.01293,0.44141,0.67807,0.99312,0.35763,0.12098,-0.23665,0.0198,0.43009,0.2842,0.0,0.17801,0.35415,0.06558,43.25,1.23571,23.25,0.66429,20.0,0.57143,-3.25,-0.09286,0.0,0.0,30.41386,0.86897,73.19596,42.7821,1.22235,7.45515,0.213,16.32447,8.86932,0.25341,1.08953,0.03113,1.43353,0.04096,0.4,254.13,5.0,13.0,12.0,7.0,1.0,1.0,0.2727272727272727,1.9443458487619505,3.923074189428569,4.458171939471839,4.958562939644917,5.013660689688187,5.013660689688186,97.21729243809752,196.15370947142844,222.90859697359195,247.92814698224583,250.6830344844093,250.6830344844093,0.3445066251483561,0.6951052715581613,0.7899159350567697,0.8785771240288883,0.888339553862429,0.8883395538624289,3.699510341012774,1.7207820003461554,1.1856842503028853,0.6852932501298072,0.6301955000865371,0.630195500086538,0.3234523943522158,0.6526245012429401,0.741640891292162,0.8248836267454975,0.8340494339429482,0.8340494339429481,21.82549325527044,42.04251062178878,47.196646432425496,48.746284115726205,48.801813007426674,48.80181300742668,110.87183326450764,63.17287865367061,50.56848495094498,45.995618803810935,45.74940355875877,45.74940355875876,28.01939058171745,11.00653983353151,6.716049382716049,7.0,20.0,4.0,2.45,2.9844000000000013,0.0,0.0,0.0,0.0,9.176667065556195,23.700404460654106,2.981462434506832,9.814210806897048,3.648575311415737,0.25,0.814325284978472,0.2751606040745523,0.0,0.0,0.0,0.0,0.4999999999999999,0.3333333333333333,0.0,0.591,1.239,1.245,2.6670000000000007,2.1670000000000003,14.64,58.0,72.0,93.0,122.0,146.0,168.0,195.0,210.0,237.0,1374.0,3.9219733362813134,4.58751525074937,5.164071432985645,5.786897381366708,6.404349973102371,6.901391321895638,7.422233598524994,7.910799802590355,8.384810246216302,8.851668737315881,9.80029969664421,13.128202613264191,0.4705882352941176,4.0,0.0,0.0,2.0,2.0,0.0,0.0,0.0,0.0,0.0,0.0,0.0,1.0,0.0,0.0,0.0,0.0,0.0,1.0,0.0,0.0,0.0,0.0,5.0,0.0,2.0,2.0,0.0,0.0,1.0,0.0,0.0,0.0,0.0,2.0,0.0,0.0,2.0,0.0,0.0,0.0,0.0,0.0,0.0,0.0,0.0,0.0,0.0,0.0,0.0,0.0,0.0,1.0,0.0,0.0,0.0,0.0,0.0,0.0,2.0,0.0,0.0,0.0,1.0,0.0,0.0,0.0,0.0,8.0,0.2105263157894736,15.0,0.3947368421052631,1.0,9.0,17.0,0.8888888888888888,11.0,5.333333333333327,2.4444444444444446,2.567222222222223,2.180833333333333,0.7926530612244899,0.807433390022676,0.4477198286722096,0.3512654320987656,0.3217039077645136,0.2894736842105263,0.0919540229885056,0.0436507936507936,0.0466767676767676,0.0389434523809523,0.0144118738404452,0.0192246045243494,0.0131682302550649,0.0097573731138545,0.010053247117641,0.6178817283005799,245.3893313004471,375.1432591550534,490.7786626008944,14.022247502882694,245.3893313004471,0.2017656137452495,0.0057647318212928,-5.6022700414676345,413.6058267741712,11.817309336404891,21.08719693864096,96.53,385.1342391872511,6.129283016944966,5.262690188904886,6.115892125483034,7.029087564149662,7.910223707097344,8.821584877430965,9.71420180194054,10.62558655504584,11.523756595923889,12.43556003210344,152.43858344807958,4.343805421853684,0.0,5.733341276897746,3.044522437723423,7.284134806195205,5.351858133476067,8.908829791587868,7.423568444259167,10.57737545815726,10.827984520957385,499.09667528000045,9.98193350560001,70.6026329343205,2.0172180838377285,34.53846946029654,10.444085607956282,9.777865869138845,4134.0,56.0,5.698,192.0,1.0,1.944482672150169
0,0,0,0,0,0,0,0,0,0,0,0,0,0,0,0,0,0,0,0,0,0,0,0,0,0,0,0,0,0,0,0,0,0,0,0,0,0,0,0,0,0,0,0,0,0,0,0,0,0,0,0,0,0,0,0,0,0,0,0,0,0,0,0,0,0,0,0,0,0,0,0,0,0,0,0,0,0,0,0,0,0,0,0,0,0,0,0,0,0,0,0,0,0,0,0,0,0,0,0,0,0,0,0,0,0,0,0,0,0,0,0,0,0,0,0,0,0,0,0,0,0,0,0,0,0,0,0,0,0,0,0,0,0,0,0,0,0,0,0,0,0,0,0,0,0,0,0,0,0,0,0,0,0,0,0,0,0,0,0,0,0,0,0,0,0,0,0,0,0,0,0,0,0,0,0,0,0,0,0,0,0,0,2,4,3,1,2,2,5,1,2,1,2,3,4,2,2,2,2,5,0,0,0,0,0,0,0,0,0,0,0,0,0,0,0,0,2,3,2,3,0,0,0,0,0,0,0,0,0,0,0,0,0,0,0,0,0,1,5,2,5,1,2,0,0,0,0,0,0,0,0,0,0,0,0,0,0,0,0,0,0,0,0,0,0,0,0,0,0,0,0,0,0,0,0,0,0,0,0,0,0,0,0,0,0,0,0,0,0,0,0,0,0,0,0,0,0,0,0,0,0,0,0,0,0,0,0,0,0,0,0,0,0,0,0,0,0,0,0,0,0,0,0,0,0,0,0,0,0,0,0,0,0,0,0,0,0,0,0,0,0,0,0,0,0,0,0,0,0,0,0,0,0,0,0,0,0,0,0,0,0,0,0,0,0,0,0,0,0,0,0,0,0,0,0,0,0,0,0,0,0,0,0,0,0,0,0,0,0,0,0,0,0,0,0,0,0,0,0,0,0,0,0,0,0,0,0,0,0,0,0,0,0,0,0,0,0,0,0,0,0,0,0,0,0,0,0,0,0,0,0,0,5,2,3,1,1,2,1,0,0,0,0,0,0,0,0,0,0,0,0,0,0,0,0,0,0,0,0,0,0,0,0,0,0,0,0,0,0,0,0,0,0,0,0,0,0,0,0,0,0,0,0,0,0,0,0,0,0,0,0,0,0,0,0,0,0,0,0,0,0,0,0,0,0,0,0,0,0,0,0,0,0,0,0,0,0,0,0,0,0,0,0,0,0,0,0,0,0,0,0,0,0,0,0,0,0,0,0,0,0,0,0,0,0,0,0,0,0,0,0,0,0,0,0,0,0,0,0,0,0,0,0,0,0,0,0,0,0,0,0,0,0,0,0,0,0,0,0,0,0,0,0,0,0,0,0,0,2,5,2,4,0,0,0,0,0,0,0,0,0,0,0,0,0,0,0,0,0,0,0,0,0,2,2,2,1,2,2,2,1,0,0,0,0,0,0,0,0,0,0,0,2,2,2,2,2,4,3,2,2,0,0,0,0,0,0,2,2,2,2,2,0,0,1,0,0,0,0,5,5,0,0,0,0,0,0,0,0,0,0,0,1,5,2,5,0,0,0,0,0,2,0,0,0,0,0,0,0,1,2,2,2,2,2,1,0,0,0,0,0,0,0,0,0,0,0,0,0,0,0,3,2,3,0,2,3,4,0,0,0,0,0,0,0,0,0,0,0,0,0,0,0,0,0,0,0,0,0,0,0,0,0,0,0,0,0,0,0,0,2,2,2,1,2,2,2,2,2,0,0,0,0,0,0,0,0,0,0,0,0,0,0,0,0,0,0,0,0,0,0,0,0,3,2,2,2,3,1,1,2,3,2,0,0,0,5,2,3,0,0,0,0,0,0,0,1,2,0,0,0,0,0,0,0,2,2,2,0,0,0,0,0,0,0,0,0,0,0,0,0,0,0,0,0,0,0,0,0,0,0,0,0,0,0,0,0,0,0,0,0,0,0,0,0,0,0,0,0,0,0,0,0,0,0,0,0,0,0,0,0,0,0,0,0,0,0,0,0,0,0,0,0,0,0,2,5,4,0,1,1,2,2,2,2,2,3,2,0,0,0,3,2,2,3,0,0,0,0,0,0,0,0,0,0,0,0,2,2,0,0,0,0,0,0,0,0,0,0,0,0,0,0,0,0,0,0,0,0,0,0,0,0,0,0,0,0,0,0,0,2,2,2,2,4,5,0,0,0,0,0,0,0,0,0,0,0,0,0,0,0,0,0,0,0,0,0,0,0,0,0,0,0,0,0,0,0,0,0,0,3,0,0,0,0,0,0,0,0,0,0,0,0,0,0,0,0,0,0,0,0,0,0,0,0,0,0,2,3,0,0,0,0,0,0,2,2,5,5,1,1,0,0,0,0,0,0,0,0,0,0,0,0,0,0,0,0,0,0,0,0,0,0,2,1,2,0,0,0,0,0,0,0,0,0,3,3,5,0,0,1,5,0,0,0,0,0,0,0,0,0,0,0,0,0,0,0,3,2,0,0,0,0,2,2,2,0,0,0,0,2,2,2,2,1,0,0,0,2,3,2,2,2,1,0,0,2,2,1,2,2,0,0,0,0,0,0,0,0,0,0,0,0,1,2,3,0,0,0,0,0,0,0,0,0,0,0,0,0,0,0,0,0,0,0,0,0,0,0,0,0,0,0,0,0,0,0,0,0,0,0,0,0,0,0,1,2,0,0,0,0,1,0,0,0,0,0,0,0,0,0,0,0,0,0,0,0,0,0,0,0,0,0,0,0,0,0,0,0,0,0,0,0,0,0,0,0,0,0,0,0,0,0,0,0,0,0,0,0,0,0,0,0,0,0,0,0,0,0,0,0,0,0,0,0,0,0,0,0,0,0,0,0,0,0,0,0,0,0,0,0,0,0,0,0,0,0,5,2,0,0,0,0,0,0,4,2,0,0,0,0,0,0,0,0,0,0,0,0,1,3,3,2,0,0,0,0,0,0,0,0,0,0,0,0,0,0,0,0,0,0,0,0,0,0,0,0,0,0,0,0,0,0,0,0,0,0,0,0,0,0,0,0,0,0,0,2,1,0,0,0,0,0,0,0,0,0,0,0,0,0,0,0,0,0,0,0,0,0,0,2,2,2,5,0,0,0,0,0,0,0,2,2,0,0,0,0,0,0,0,0,2,2,2,1,0,0,0,0,2,2,2,2,0,2,1,2,2,2,0,2,2,0,0,0,0,0,0,0,0,0,0,0,0,0,0,0,0,0,0,1,2,2,0,0,0,0,0,0,0,0,0,0,0,0,0,0,0,0,2,2,5,2,2,1,0,0,0,0,0,0,0,3,2,0,3,4,2,4,1,1,2,0,1,1,4,3,3,3,1,3,4,1,1,0,4,0,0,1,3,2,2,2,4,0,3,1,2,2,3,4,0,2,1,3,1,0,1,2,4,0,0,1,4,2,1,1,2,0,2,3,4,1,2,4,0,3,4,4,2,0,3,1,3,3,1,4,4,1,3,4,2,2,0,2,3,3,3,2,4,0,4,3,3,1,3,2,3,0,4,3,0,2,4,0,4,4,2,0,2,4,2,3,2,3,1,0,2,2,1,0,3,2,2,2,4,4,0,3,3,0,3,2,4,2,0,1,1,0,0,3,0,1,3,1,1,3,2,4,0,0,0,1,0,4,0,3,4,2,3,3,4,2,0,2,2,0,0,1,4,3,1,2,0,4,0,4,4,2,4,3,2,0,3,0,1,2,3,3,3,4,1,3,1,2,0,1,0,3,0,1,2,0,3,2,2,2,4,0,0,2,1,4,3,3,2,0,3,2,3,3,2,4,2,3,4,0,0,1,2,4,4,0,0,2,2,3,4,1,2,4,1,0,0,1,1,1,4,3,2,4,3,4,1,1,1,1,3,0,0,0,1,1,4,4,3,4,0,2,3,4,0,0,3,3,0,2,1,1,4,4,1,4,0,4,0,1,4,1,4,2,3,4,2,2,0,1,3,4,4,2,4,2,4,4,4,2,4,1,2,1,4,3,0,0,4,4,3,4,0,3,3,0,0,3,3,4,4,1,3,1,4,1,2,3,4,2,1,1,2,0,0,0,3,4,3,4,2,2,3,4,2,2,4,0,3,2,1,1,4,1,2,1,4,4,3,0,0,3,0,0,0,0,0,0,0,0,0,0,0,0,0,0,0,0,0,0,0,0,0,0,0,0,0,0,0,0,0,0,0,0,0,0,0,0,0,0,0,0,0,0,0,0,0,0,0,0,0,0,0,0,0,0,0,0,0,0,0,0,0,0,0,0,0,0,0,0,0,0,0,0,0,0,0,0,0,0,0,0,0,2,1,2,0,2,2,2,3,3,2,2,3,1,2,2,0,0,0,0,0,0,0,2,3,2,3,3,5,4,0,2,5,0,5,2,0,0,0,0,2,2,5,2,0,0,0,0,0,0,0,0,0,0,0,0,0,0,0,0,0,0,0,0,0,0,0,0,0,0,0,0,0,0,0,0,0,0,0,0,0,0,0,0,0,0,0,0,0,0,0,0,0,0,0,0,0,0,0,0,0,0,0,0,0,0,0,0,0,0,0,0,0,0,0,0,0,0,0,0,0,0,0,0,0,0,0,0,0,0,0,0,0,0,0,0,0,0,0,0,2,1,1,1,5,5,3,1,1,5,4,1,3,1,3,3,0,0,0,0,0,0,0,0,0,0,0,0,0,0,0,0,0,0,0,0,0,0,0,0,0,0,0,0,0,0,0,0,0,0,0,0,0,0,0,0,0,0,0,0,0,0,0,0,0,0,0,0,0,0,0,0,0,0,0,0,0,0,0,0,0,0,0,0,0,0,0,0,0,0,0,0,0,0,0,0,0,0,0,0,0,0,0,0,0,0,0,0,0,0,0,0,0,0,0,0,0,0,0,0,0,0,0,0,0,0,0,0,0,0,0,0,0,0,0,0,0,0,0,0,0,0,0,0,0,0,0,0,0,0,0,0,0,0,0,0,0,0,0,0,0,0,0,0,0,0,0,0,0,0,0,0,0,0,0,0,0,0,0,0,0,0,0,0,0,0,0,0,0,0,0,0,0,0,0,0,0,0,0,0,0,0,0,0,0,0,0,0,0,0,0,0,0,0,0,0,0,0,0,0,0,0,0,0,0,0,0,0,0,0,0,0,0,0,0,0,0,0,0,0,0,0,0,0,0,0,0,0,0,0,0,0,0,0,0,0,0,0,0,0,0,0,0,0,0,0,0,0,0,0,0,0,0,0,0,0,0,0,0,0,0,0,0,0,0,0,0,0,0,0,0,0,0,0,0,0,0,0,0,0,3,3,2,3,2,2,4,2,3,1,1,2,5,5,1,2,1,0,0,0,0,0,0,0,0,0,0,0,0,0,0,0,0,0,0,0,0,0,0,0,0,0,0,0,0,0,0,0,0,0,0,0,0,0,0,0,0,0,0,0,0,0,0,0,0,0,0,0,0,0,0,0,0,0,0,0,0,0,0,0,0,0,0,0,0,0,0,0,0,0,0,0,0,0,0,0,0,0,0,0,0,0,0,0,0,0,0,0,0,0,0,0,0,0,0,0,0,0,0,0,0,0,0,0,0,0,0,0,0,0,0,0,0,0,0,0,0,0,0,0,0,0,0,0,0,0,1,1,2,4,1,3,2,3,1,3,4,5,3,3,1,3,5,4,1,2,4,3,3,1,3,3,1,3,1,1,2,1,3,2,2,5,3,2,2,3,4,1,2,2,4,0,0,0,0,0,0,0,0,0,0,0,0,0,0,0,0,0,0,0,0,0,0,0,0,0,1,0,1,0,0,0,0,0,0,0,0,0,0,0,0,0,0,0,0,0,0,1,0,0,0,0,0,0,0,0,0,1,0,0,0,0,0,0,0,0,0,0,0,0,0,0,0,0,0,0,0,0,0,0,0,0,0,1,0,0,0,0,0,0,0,0,0,0,0,0,0,0,0,0,0,0,0,0,1,0,0,0,1,0,1,0,0,0,0,0,0,0,0,0,0,0,0,0,0,0,0,0,1,0,0,0,0,0,0,0,0,0,0,0,0,0,0,1,0,0,0,0,0,0,0,0,0,0,0,0,0,0,1,0,1,0,1,0,0,0,0,0,0,0,0,0,0,0,0,0,0,0,0,0,0,0,0,0,1,0,0,0,0,0,0,0,0,0,0,0,0,0,0,0,0,0,0,0,0,0,0,0,0,0,0,0,0,0,0,0,0,0,0,0,0,0,0,0,0,0,0,0,0,0,0,0,0,0,0,0,0,1,0,0,0,0,0,1,0,0,0,0,0,0,0,0,0,0,0,0,0,0,0,0,0,0,0,0,0,0,0,1,0,0,0,1,1,0,0,0,1,0,0,1,0,0,0,0,0,0,0,1,0,1,0,0,0,0,0,0,0,0,0,0,0,1,0,0,0,0,0,0,0,0,0,0,0,0,0,0,0,0,0,1,0,0,0,0,0,1,0,0,0,0,0,0,0,1,1,0,0,0,0,0,0,0,0,0,0,0,0,0,0,0,0,1,0,0,0,0,0,0,0,0,0,1,0,0,0,0,0,0,0,0,0,0,0,0,0,0,1,0,0,0,1,0,0,0,0,1,0,0,0,0,0,1,0,0,0,0,0,0,0,0,0,1,1,0,0,0,0,0,0,0,0,0,0,1,0,0,0,0,0,0,0,0,0,0,0,0,0,0,0,0,0,0,0,0,0,0,0,0,0,1,0,0,0,0,0,0,0,0,0,0,0,0,0,0,0,0,0,0,0,0,0,0,0,0,0,0,0,0,0,1,0,0,0,0,0,0,0,0,0,0,0,0,0,0,0,0,0,0,0,0,0,0,0,0,0,0,0,0,0,0,0,0,0,0,0,0,0,0,0,0,0,0,0,0,0,0,0,0,0,0,0,0,0,0,0,0,0,0,0,0,0,0,0,0,0,0,0,0,0,1,0,0,1,0,0,0,0,0,0,0,0,0,0,0,0,0,0,0,1,0,0,0,0,0,1,0,0,0,0,0,0,0,0,0,0,0,0,0,0,0,0,0,0,0,0,0,0,0,0,0,0,0,0,0,0,0,0,0,0,0,0,0,0,0,0,0,0,0,0,0,0,0,0,0,0,0,0,0,0,0,0,0,0,0,0,0,0,0,0,0,0,1,0,0,0,0,0,0,1,0,0,0,0,0,0,0,0,1,0,0,0,0,0,0,1,0,0,0,0,0,0,0,0,0,0,0,0,0,0,0,1,0,0,0,1,0,0,0,0,0,1,0,0,0,0,0,0,0,0,0,0,0,0,0,0,0,0,0,0,0,0,0,0,0,1,0,0,0,0,0,0,0,0,0,0,0,0,0,0,0,0,0,1,0,0,0,0,0,0,0,0,0,0,0,0,0,0,1,0,0,0,0,0,0,1,0,0,0,0,0,1,0,0,0,1,0,0,0,0,0,0,0,0,0,0,0,0,0,0,0,0,0,0,1,0,0,0,0,0,0,0,0,0,0,0,0,0,0,0,0,0,0,0,1,0,0,0,0,0,0,0,0,0,1,0,0,0,0,0,0,0,0,0,0,0,0,0,0,1,0,0,1,0,0,0,0,0,0,0,0,0,1,0,0,0,1,0,0,0,0,0,0,0,0,0,0,0,0,0,0,0,0,0,0,0,1,0,0,0,0,0,0,0,0,0,0,0,0,0,0,0,0,0,1,0,0,0,0,0,0,0,0,0,0,0,0,0,0,0,0,0,0,0,0,0,0,0,0,0,1,0,0,0,0,0,0,0,0,0,0,1,1,0,0,1,0,0,1,0,0,1,0,0,0,0,0,0,0,0,0,0,0,0,0,0,0,0,0,0,0,0,0,0,1,0,0,0,0,0,0,1,0,0,0,0,0,0,0,1,0,0,0,0,0,0,0,0,0,0,0,1,0,0,0,0,0,0,0,0,0,0,0,0,0,0,0,0,0,0,0,0,0,0,0,0,0,0,0,0,0,1,0,1,0,0,0,0,0,0,0,0,0,0,0,0,0,0,0,0,0,0,0,0,0,0,0,0,0,0,0,0,0,0,0,0,0,0,0,0,1,0,0,0,1,0,0,0,0,1.0,-1.1776000000000024,1.3867417600000056,52.93110000000001,73.46337599999994,17.0,19.0,64.0,32.0,32.0,0.0,27.0,2.0,3.0,0.0,0.0,0.0,0.0,0.0,0.0,0.0,5087.941416000014,5736.146298999997,8063.119863000002,8095.973830000007,7850.61177900001,6981.06837000001,5961.397801000009,6023.137362000006,6209.417886000005,13565.436846358134,17597.999569658125,25833.753155138835,28617.348484244216,27451.21874234484,24952.457993034783,21799.75939542967,20443.53902664281,20342.83357032092,479.0431999999994,509.3369080000006,903.41682,1225.3756320000005,1291.4362520000004,1206.203944000001,1026.9353640000006,880.0719040000005,888.5646240000001,93.8775249551678,123.55506159599987,189.54733467303743,220.1349550891118,212.9303982990548,193.1332730156588,169.74396393341345,154.16656383607426,151.11652359298023,10319.646462233468,9631.15629075605,18171.6257737396,26151.479019064685,28025.28664831788,26332.081774136543,22222.86716415329,18699.941097746887,18656.145898712737,225.75,189.8888888888889,327.75,376.7777777777777,405.25,380.8333333333335,310.8333333333332,290.3611111111109,315.6944444444444,79.49908462500022,85.6141238656716,66.63735423966943,48.47888520958088,44.860638737142914,43.09301462962969,42.887753964028846,51.04353696610175,53.07194774358978,211.95995072434584,262.65670999489737,213.50209219123005,171.36136816912705,156.86410709911337,154.02751847552335,156.8328014059689,173.25033073426115,173.87037239590526,7.485049999999991,7.602043402985084,7.466254710743802,7.337578634730542,7.379635725714288,7.445703358024698,7.388024201438854,7.4582364745762755,7.594569435897436,1.4668363274244969,1.844105396955222,1.5665068981242765,1.3181733837671366,1.216745133137456,1.192180697627523,1.221179596643262,1.3064963036955446,1.2915942187434208,161.24447597239794,143.7486013545679,150.1787254028066,156.59568274889034,160.144495133245,162.54371465516385,159.87674218815314,158.4740770995499,159.45423845053622,3.527343749999999,2.834162520729685,2.708677685950413,2.256154357950765,2.315714285714286,2.3508230452674908,2.236211031175059,2.46068738229755,2.6982431149097814,0.5305550357392412,-0.3303257213768571,0.1076348186574422,-0.052186148726817,0.0420709763190281,-0.0629802412234533,0.0162786925536649,0.0064977571896393,0.0482771827397886,2164.3224457500014,109.69468460547026,131.83799431640742,145.4183626210934,156.89456602734296,-182.6400861796868,-53.77001730078097,31.003154273437723,-334.923553324218,3329.463321239813,133.94354203442597,-328.0943991726858,-56.79942281366391,-102.6587562194784,198.3519059487707,155.903964100271,139.42841276298213,-391.3181768380479,3.60697974999999,0.3236315742187379,1.7109717851562514,0.041602964843765,-0.1602897539062421,-0.9882299921874992,-0.6148152695312403,-0.4472951640625041,-0.882325480468767,15.037829549583988,0.6958338021367547,-1.907052929212244,-1.0054457348632462,-1.6140008348632433,1.5313907125754995,1.2374955832122514,0.5353085184245016,-1.780363710910247,90.8367279585948,3.3960316275808147,-9.447086004178235,-21.5385490035344,-28.205878598086898,20.054468140163703,1.0957537810439448,0.0737908988651565,-8.283385813171682,68.97873263888883,1.338670518663195,33.84055582682291,-0.0903388129340371,0.2426147460937569,-15.58635796440971,-13.06578911675344,-11.418687608506932,-5.490200466579868,0.0082899224334256,-0.0049302346474157,0.0008895439558466,-0.0003124919085438,0.0002404055789658,-0.0003887669211324,0.0001171128960695,5.506573889524892e-05,0.0004126254935024,33.81753821484377,1.6372340985891085,1.0895702009620447,0.870768638449661,0.8965403772991026,-1.1274079393807828,-0.3868346568401509,0.2627385955376078,-2.862594472856564,52.02286439437208,1.9991573437974024,-2.711523960104841,-0.3401163042734366,-0.5866214641113051,1.2243944811652512,1.121611252519935,1.181596718330357,-3.344599802034597,0.0563590585937498,0.0048303220032647,0.0141402626872417,0.0002491195499626,-0.0009159414508928,-0.0061001851369598,-0.0044231314354765,-0.0037906369835805,-0.0075412434228099,0.2349660867122498,0.0103855791363694,-0.0157607680100185,-0.0060206331428936,-0.0092228619135042,0.0094530290899722,0.0089028459223902,0.0045365128680042,-0.0152167838539337,1.4193238743530436,0.0506870392176241,-0.0780750909436217,-0.1289733473265533,-0.1611764491319251,0.123793013210887,0.0078831207269348,0.0006253466005521,-0.0707981693433477,1.077792697482638,0.019980156994973,0.2796740150977099,-0.0005409509756529,0.0013863699776786,-0.0962120862000599,-0.0939984828543412,-0.0967685390551434,-0.0469247903126484,-0.5947262699994235,0.1073042556176299,-0.0376953959525389,0.0289997380429689,-0.0468963279517415,0.0141271401524003,0.006642491451213,0.0497743491348878,0.0484137576244525,0.0322190868548731,0.025749025044864,0.0265111070948853,-0.0333379660050453,-0.0114388769041252,0.0077692998783182,-0.0846482217206474,0.0384284365551712,-0.0521217736022659,-0.0065378234788284,-0.011276223847735,0.0235356990703823,0.0215599672485791,0.0227130268985762,-0.0642909582348261,0.085706222278887,0.2508960057187663,0.0044202219869991,-0.0162518940831703,-0.1082378820578166,-0.0784812866971321,-0.0672586994560076,-0.1338071218891205,0.0442003324040891,-0.0670767778897381,-0.0256234132641738,-0.0392518854212309,0.0402314615791717,0.0378899186983231,0.0193070963196483,-0.0647616175885369,0.0357121021731056,-0.0550086504950887,-0.0908695680084589,-0.1135586119872693,0.0872197075296252,0.0055541380437415,0.0004405947168592,-0.0498816166082029,0.018538033372874,0.2594877621187586,-0.000501906328477,0.0012863048533513,-0.0892677102236627,-0.0872138798805096,-0.0897839995401363,-0.0435378625428145,1.582036759618467,0.6622950962148785,0.7291138697912093,0.7589587611464306,0.8925421974547064,0.945213796211603,0.9571559923018595,1.1537155538137185,0.8779030980203041,0.8983371358729816,0.919716331214904,0.9448224684152288,1.0276994369305068,0.990722757203866,0.9718177551748888,1.096609602805494,1.022487133826026,1.0923603338352388,1.0252966455174306,0.998378440108204,0.9375814705839688,0.9696748156370626,0.9638958917739168,1.0189554510159318,0.6712919190103475,0.415646986779678,0.6794327026648848,0.8470038125387342,1.097862245799662,1.0273357713585776,1.015067306751305,1.354188362160896,1.0799114286795783,1.1390064754834797,1.0489577854419696,1.0188482768197338,0.9089035821162283,0.9528065182393902,0.9715534739276266,1.026419191605476,1.1342375263140363,1.144727246037628,1.0876173168423882,1.108734246440292,0.9261991008694748,0.957856046028184,1.0232089915321465,1.1070534210245064,0.6645461649575533,0.3433355518961435,0.7218336110251966,0.6960116279801428,0.8664215506350587,0.8728970311829986,0.9635277597336308,0.842635539974571,379.0839603607817,190.0598373232478,287.7597944259835,380.0549425036384,11.8767169532387,190.0598373232478,1.0357142857139363,0.3487005627357151,0.010896892585491,-3.371333476772325,671.3970427572044,20.98115758616264,20.82995417582285,379.10931135082177,190.07105422254108,287.77647253732306,380.0775586266909,11.877423707084091,190.07105422254108,1.0327970942604452,0.3486723359923073,0.0108960104997596,-3.371592522052459,672.3868095258963,21.01208779768426,20.83466810987882,408.3906494233892,203.27750836636403,308.17866612687493,407.35810603489233,12.729940813590384,203.27750836636403,-1.8356326906611289,0.305267873047642,0.0095396210327388,-3.7970099697369815,466.28163251645736,14.571301016139293,19.663327402227225,379.2137441692896,190.11987727808508,287.8579911540793,380.17562890699,11.880488403343438,190.11987727808508,1.026010386880614,0.3483810583271591,0.0108869080727237,-3.374266889870828,679.9084815156035,21.24714004736261,20.87026624993977,428.1555834327434,211.93616850168104,320.4227523204201,425.7462573162164,13.304570541131763,211.93616850168104,-4.283246429381421,0.2976041286351699,0.009300129019849,-3.878371529655621,866.1736929456815,27.067927904552548,21.64507346455187,376.7254370162441,188.84766937239704,285.3946411488746,377.6347198867597,11.801084996461242,188.84766937239704,0.9699017285499564,0.3628963259751587,0.0113405101867237,-3.24364188442853,542.2338411600522,16.94480753625163,20.14623151888108,394.1684782400096,197.10216818341627,294.795277213762,395.4422851490148,12.357571410906711,197.10216818341627,2.437477954144242,0.492025401704437,0.0153757938032636,-2.2695197898944697,2175.225028394294,67.97578213732169,24.59163967840557,0.0,11.889999999999995,15.996938112772026,-0.3316298298146212,0.259003732576327,3.737022289288926,10.057785386924852,35.0,67.0,66.0,47.0,15.0,1.0,1.0,0.0,0.0,20.0,39.17662399999999,4.053680927399829,3.8617919738408615,3.659055576266892,3.5270390452427915,3.452341866017897,3.2374048092860432,2.9576946069184693,2.874027587990485,2.0622056314405985,2.036153394781141,1.8856691260168228,1.8415781103705493,1.5744566824652142,1.402899438018299,1.382061901664266,1.372874416517864,3.981017051961804,3.869370042188405,3.6229926699257473,3.5029117686730418,3.3816421538652093,3.1734703748771125,2.936467017740418,2.8906644394203767,2.0454116439670456,2.0176117114293057,1.854934362245692,1.804836743189746,1.566709622796046,1.4097344800469112,1.3443791992050969,1.315195537871121,4.073069669076099,3.914732491498513,3.742846129675488,3.636486743183137,3.535239305196497,3.347949199367944,3.080221391348202,3.031213550604347,1.969829876796859,1.9371959549089743,1.7075698284274514,1.6266356755198432,1.3781517146708142,1.2333640675532525,1.1121841674385669,1.071487482092646,3.97190296272246,3.875971584410277,3.62718637768915,3.511786428339743,3.3650887473502165,3.165659870116749,2.9385576247099907,2.910479800881102,2.036218326361304,2.006984923683022,1.834150230821264,1.786312032152748,1.5701590650063606,1.4363044910623832,1.3697347061029863,1.2773873226606691,4.092657515817458,3.938542595716085,3.782920608269814,3.677685922156434,3.5699294352089352,3.379583677055751,3.136539384521275,3.0956867748130428,1.9498738899723824,1.917495565483887,1.6649990283102898,1.5809022116163505,1.3427909310134194,1.2034598856603758,1.0773945943640024,1.0039005172363935,4.953145463964395,4.299504513760163,3.9562553746250178,3.923888880132547,3.80490435526509,3.517008264302828,3.3832134472577926,3.105755265468573,1.993245600716932,1.930974455143652,1.769408770127792,1.7405851641951138,1.4263787007174429,1.280824548117283,1.2183567553203514,1.0950253901344635,0.0,0.0,3.0,7.0,5.0,1.0,10.0,1.0,0.0,0.0,0.0,0.1178511301977579,0.3895195511812306,0.533493211635427,0.0,0.0,0.0204124145231931,0.1743085261331711,0.1619360467259675,1.8174907929125983,0.0,0.3309330932755814,0.0,0.8184466955350992,0.0,0.1194274613151307,0.0,3.94716088393436,6.070161821553794,7.633307772149323,1.684383531948829,2.248313742056961,2.492421066757608,22.33828804643758,15.597356788324024,13.758235505033069,11.157021117682492,9.219083424957272,7.089274735027644,4.981375859852109,3.750328028789343,0.6980715014511744,0.4456387653806863,0.2927284150007035,0.1859503519613748,0.1213037292757535,0.0770573340763874,0.0488370182338442,0.0317824409219435,18.848007332810084,11.856929240766425,8.983751690076252,6.548052113375845,4.69820785719166,3.2617059967459405,1.8052841089308185,1.1572491681652224,0.5890002291503151,0.3387694068790407,0.1911436529803457,0.1091342018895974,0.0618185244367323,0.0354533260515863,0.0176988638130472,0.0098071963403832,39.32956930592312,63.52367079388212,61.03921568627441,61.81600000000009,42.5349556886228,484.4913928143713,0.6145245204050487,0.992557356154408,0.9537377450980375,0.9658750000000014,0.6646086826347313,7.570178012724551,6.923600000000007,131.6178000000001,338.6069750455086,491.396841948562,677.2139500910171,21.162935940344283,338.6069750455086,0.1488462832321294,0.004651446351004,-6.095491717505233,407.6159915011724,12.737999734411638,19.23304170847621,1087.0,1.0,0.0,3.0,15.0,1.0,0.0,0.0,0.0,0.0,0.0,0.0,0.0,0.0,1.0,0.0,0.0,0.0,0.0,0.0,0.0,0.0,0.0,0.0,0.0,0.0,7.0,0.0,11.0,1.0,0.0,7.0,0.0,0.0,0.0,0.0,0.0,0.0,0.0,0.0,1.0,0.0,10.0,0.0,0.0,7.0,1.0,0.0,0.0,1.0,7.0,0.0,0.0,0.0,0.0,0.0,0.0,0.0,0.0,0.0,0.0,0.0,2.0,0.0,0.0,0.0,0.0,1.0,1.0,0.0,1.0,0.0,0.0,0.0,0.0,0.0,0.0,0.0,0.0,0.0,0.0,0.0,0.0,0.0,0.0,0.0,0.0,0.0,0.0,0.0,0.0,0.0,0.0,0.0,0.0,0.0,0.0,0.0,0.0,0.0,0.0,0.0,0.0,0.0,0.0,0.0,0.0,0.0,0.0,0.0,0.0,0.0,0.0,0.0,0.0,0.0,0.0,0.0,0.0,0.0,0.6757180225963779,0.0,24.906520281129268,21.13392512027468,7.164385981332683,0.0,0.0,0.0,0.0,0.0,0.0,0.0,0.0,0.6757180225963779,0.0,0.0,0.0,0.0,0.0,0.0,0.0,0.0,0.0,0.0,0.0,3.189067310509445,0.0,4.344260415963091,0.5713537906718293,0.0,3.189067310509445,0.0,0.0,0.0,0.0,0.0,0.0,0.0,0.0,2.06771942861239,0.0,10.48933739725002,0.0,0.0,14.95761408324632,0.6892406138502364,0.0,0.0,-0.7177374226689721,6.894048459697334,0.0,0.0,0.0,0.0,0.0,0.0,0.0,0.0,0.0,0.0,0.0,8.879923825550074,0.0,0.0,0.0,0.0,8.7261442200086,10.602626749252977,0.0,5.577749311867693,0.0,0.0,0.0,0.0,0.0,0.0,0.0,0.0,0.0,0.0,0.0,0.0,0.0,0.0,0.0,0.0,0.0,0.0,0.0,0.0,0.0,0.0,0.0,0.0,0.0,0.0,0.0,0.0,0.0,0.0,0.0,0.0,0.0,0.0,0.0,0.0,0.0,0.0,0.0,0.0,0.0,0.0,0.0,0.0,0.0,0.0,0.0,0.0,0.0,0.6757180225963779,0.0,5.577749311867693,-0.7177374226689721,7.164385981332683,0.0,0.0,0.0,0.0,0.0,0.0,0.0,0.0,0.6757180225963779,0.0,0.0,0.0,0.0,0.0,0.0,0.0,0.0,0.0,0.0,0.0,0.423217472165768,0.0,0.2804225793512028,0.5713537906718293,0.0,0.423217472165768,0.0,0.0,0.0,0.0,0.0,0.0,0.0,0.0,2.06771942861239,0.0,0.2514239396404272,0.0,0.0,2.058257114036161,0.6892406138502364,0.0,0.0,-0.7177374226689721,0.5528714633363807,0.0,0.0,0.0,0.0,0.0,0.0,0.0,0.0,0.0,0.0,0.0,4.226879269708628,0.0,0.0,0.0,0.0,8.7261442200086,10.602626749252977,0.0,5.577749311867693,0.0,0.0,0.0,0.0,0.0,0.0,0.0,0.0,0.0,0.0,0.0,0.0,0.0,0.0,0.0,0.0,0.0,0.0,0.0,0.0,0.0,0.0,0.0,0.0,0.0,0.0,0.0,0.0,0.0,0.0,0.0,0.0,0.0,0.0,0.0,0.0,0.0,0.0,0.0,0.0,0.0,0.0,0.0,0.0,0.0,0.0,0.0,0.0,0.0,0.6757180225963779,0.0,10.602626749252977,2.213989026863696,7.164385981332683,0.0,0.0,0.0,0.0,0.0,0.0,0.0,0.0,0.6757180225963779,0.0,0.0,0.0,0.0,0.0,0.0,0.0,0.0,0.0,0.0,0.0,0.4912135211712197,0.0,0.5713537906718293,0.5713537906718293,0.0,0.4912135211712197,0.0,0.0,0.0,0.0,0.0,0.0,0.0,0.0,2.06771942861239,0.0,1.3675931059159985,0.0,0.0,2.213989026863696,0.6892406138502364,0.0,0.0,0.0,1.4190575549403963,0.0,0.0,0.0,0.0,0.0,0.0,0.0,0.0,0.0,0.0,0.0,4.653044555841446,0.0,0.0,0.0,0.0,8.7261442200086,10.602626749252977,0.0,5.577749311867693,0.0,0.0,0.0,0.0,0.0,0.0,0.0,0.0,0.0,0.0,0.0,0.0,0.0,0.0,0.0,0.0,0.0,0.0,0.0,0.0,0.0,0.0,0.0,0.0,0.0,0.0,0.0,0.0,0.0,0.0,0.0,0.0,0.0,0.0,0.0,0.0,0.0,0.0,0.0,0.0,0.0,0.0,0.0,0.0,0.0,0.0,0.0,0.0,0.0,68.16666666666667,2.130208333333333,0.6757180225963779,10.602626749252977,0.0401099167059768,-0.7177374226689721,12.194379958947852,2.384404089335639,3.6026267492529747,24.623555237076104,2.384404089335639,3.6026267492529747,24.623555237076104,15.29999,0.47812,0.0,0.02188,0.54844,0.79688,0.44222,0.49875,0.78182,0.10622,0.04969,-0.05653,0.01506,0.6,0.11429,0.0,0.07625,0.29412,0.0,37.75,1.17969,19.25,0.60156,18.5,0.57813,-0.75,-0.02344,0.0,0.0,31.01376,0.96918,57.30573,26.29197,0.82162,9.06127,0.28316,15.5973,6.53603,0.20425,0.3167,0.0099,0.6607,0.02065,0.359375,233.05,3.0,5.0,5.0,5.0,1.0,1.0,0.4444444444444444,1.3884867178034823,3.1547350558081613,4.126310203736037,4.933364648336088,5.269454882778696,5.300704882778696,88.86314993942288,201.90304357172232,264.0838530391064,315.73533749350963,337.24511249783654,339.24511249783654,0.231414452967247,0.5257891759680269,0.6877183672893395,0.822227441389348,0.878242480463116,0.8834508137964493,4.611513282196517,2.8452649441918387,1.873689796263963,1.066635351663912,0.730545117221304,0.699295117221304,0.2212331413693212,0.5026565523712422,0.6574615060639061,0.7860527181695537,0.839603319263466,0.8445825067336408,12.30550052903479,28.65415431843592,34.596401599217906,37.73011206170197,38.06883221298399,38.44383221298399,108.25007446070416,61.789857598123646,41.07810931616879,30.268843945008264,28.089614648336088,27.339614648336088,25.10367346938776,12.63014938886374,7.25,8.0,17.0,6.0,3.88,3.467199999999999,0.0,2.531897445381965,2.1255836493879388,0.0,22.7145832175282,28.567827397740864,0.0,7.571469324504544,0.0,0.0,0.4999999999999999,0.1538461538461538,0.0,0.0,0.0,0.0,0.4999999999999999,0.0,0.0,0.591,0.8389999999999997,0.8,2.221,2.3630000000000004,16.899,47.0,60.0,76.0,92.0,102.0,118.0,130.0,150.0,170.0,1012.0,3.8394523125933104,4.433788569232471,5.024702551307692,5.6325549653678335,6.198161084751875,6.6766504329951175,7.169686757503607,7.613541005588049,8.116459062058956,8.546165125489194,9.5245483126967,13.528403301012846,0.4761904761904761,4.0,0.0,0.0,1.0,3.0,0.0,0.0,0.0,0.0,0.0,0.0,0.0,0.0,0.0,0.0,0.0,0.0,0.0,0.0,0.0,0.0,0.0,0.0,4.0,0.0,1.0,3.0,0.0,0.0,0.0,0.0,0.0,0.0,0.0,1.0,0.0,0.0,1.0,0.0,0.0,0.0,0.0,0.0,0.0,0.0,0.0,0.0,0.0,0.0,0.0,0.0,0.0,0.0,0.0,0.0,0.0,0.0,0.0,0.0,1.0,0.0,0.0,0.0,0.0,0.0,0.0,0.0,0.0,9.0,0.2571428571428571,11.0,0.3142857142857143,1.0,11.0,21.0,0.9090909090909092,5.5,3.3333333333333304,1.5,1.0816666666666668,1.101388888888889,0.5958276643990934,0.3428996598639456,0.2741480851599898,0.2790740740740741,0.1356004489337822,0.1571428571428571,0.0709219858156027,0.0326086956521739,0.0251550387596899,0.0289839181286549,0.0180553837696694,0.0100852841136454,0.0080631789752938,0.0096232439335887,0.0052154018820685,0.3964541601548072,243.89958894933875,375.9169140610027,487.7991778986776,15.243724309333674,243.89958894933875,0.1624374646947556,0.0050761707717111,-5.815878988566684,463.6842938312715,14.490134182227234,19.64545254215227,76.22,418.0582810068193,6.0,5.10594547390058,5.937536205082426,6.794586580876499,7.644440761556566,8.50976567558744,9.36947859331448,10.240566747777828,11.106805142255848,11.98207247742454,143.6911976577762,4.262679877041316,0.0,5.556828061699537,2.3978952727983707,7.037905963447182,4.59511985013459,8.605020901781758,6.6052979209482015,10.21942903970169,10.469738422407527,432.2412928840009,6.7537702013125145,65.66547445885686,2.052046076839277,14.160723727020589,7.8846730228316355,6.276050704188942,3722.0,46.0,10.525000000000004,164.0,1.0,3.033423755486949
0,0,0,0,0,0,0,0,0,0,0,0,0,0,0,0,0,0,0,0,0,0,0,0,0,0,0,0,0,0,0,0,0,0,0,0,0,0,0,0,0,0,0,0,0,0,0,0,0,0,0,0,0,0,0,0,0,0,0,0,0,0,0,0,0,0,0,0,0,0,0,0,0,0,0,0,0,0,0,0,0,0,0,0,0,0,0,0,0,0,0,0,0,0,0,0,0,0,0,0,0,0,0,0,0,0,0,0,0,0,0,0,0,0,0,0,0,0,0,0,0,0,0,0,0,0,0,0,0,0,0,0,0,0,0,0,0,0,0,0,0,0,0,0,0,0,0,0,0,0,0,0,0,0,0,0,0,0,0,0,0,0,0,0,0,0,0,0,0,0,0,0,0,0,0,0,0,0,0,0,0,0,0,2,4,3,1,2,2,5,1,2,1,2,3,4,2,2,2,2,5,0,0,0,0,0,0,0,0,0,0,0,0,0,0,0,0,2,3,2,3,0,0,0,0,0,0,0,0,0,0,0,0,0,0,0,0,0,1,5,2,5,1,2,0,0,0,0,0,0,0,0,0,0,0,0,0,0,0,0,0,0,0,0,0,0,0,0,0,0,0,0,0,0,0,0,0,0,0,0,0,0,0,0,0,0,0,0,0,0,0,0,0,0,0,0,0,0,0,0,0,0,0,0,0,0,0,0,0,0,0,0,0,0,0,0,0,0,0,0,0,0,0,0,0,0,0,0,0,0,0,0,0,0,0,0,0,0,0,0,0,0,0,0,0,0,0,0,0,0,0,0,0,0,0,0,0,0,0,0,0,0,0,0,0,0,0,0,0,0,0,0,0,0,0,0,0,0,0,0,0,0,0,0,0,0,0,0,0,0,0,0,0,0,0,0,0,0,0,0,0,0,0,0,0,0,0,0,0,0,0,0,0,0,0,0,0,0,0,0,0,0,0,0,0,0,0,0,0,0,0,0,0,5,2,3,1,1,2,1,0,0,0,0,0,0,0,0,0,0,0,0,0,0,0,0,0,0,0,0,0,0,0,0,0,0,0,0,0,0,0,0,0,0,0,0,0,0,0,0,0,0,0,0,0,0,0,0,0,0,0,0,0,0,0,0,0,0,0,0,0,0,0,0,0,0,0,0,0,0,0,0,0,0,0,0,0,0,0,0,0,0,0,0,0,0,0,0,0,0,0,0,0,0,0,0,0,0,0,0,0,0,0,0,0,0,0,0,0,0,0,0,0,0,0,0,0,0,0,0,0,0,0,0,0,0,0,0,0,0,0,0,0,0,0,0,0,0,0,0,0,0,0,0,0,0,0,0,0,2,5,2,4,0,0,0,0,0,0,0,0,0,0,0,0,0,0,0,0,0,0,0,0,0,2,2,2,1,2,2,2,1,0,0,0,0,0,0,0,0,0,0,0,2,2,2,2,2,4,3,2,2,0,0,0,0,0,0,2,2,2,2,2,0,0,1,0,0,0,0,5,5,0,0,0,0,0,0,0,0,0,0,0,1,5,2,5,0,0,0,0,0,2,0,0,0,0,0,0,0,1,2,2,2,2,2,1,0,0,0,0,0,0,0,0,0,0,0,0,0,0,0,3,2,3,0,2,3,4,0,0,0,0,0,0,0,0,0,0,0,0,0,0,0,0,0,0,0,0,0,0,0,0,0,0,0,0,0,0,0,0,2,2,2,1,2,2,2,2,2,0,0,0,0,0,0,0,0,0,0,0,0,0,0,0,0,0,0,0,0,0,0,0,0,3,2,2,2,3,1,1,2,3,2,0,0,0,5,2,3,0,0,0,0,0,0,0,1,2,0,0,0,0,0,0,0,2,2,2,0,0,0,0,0,0,0,0,0,0,0,0,0,0,0,0,0,0,0,0,0,0,0,0,0,0,0,0,0,0,0,0,0,0,0,0,0,0,0,0,0,0,0,0,0,0,0,0,0,0,0,0,0,0,0,0,0,0,0,0,0,0,0,0,0,0,0,2,5,4,0,1,1,2,2,2,2,2,3,2,0,0,0,3,2,2,3,0,0,0,0,0,0,0,0,0,0,0,0,2,2,0,0,0,0,0,0,0,0,0,0,0,0,0,0,0,0,0,0,0,0,0,0,0,0,0,0,0,0,0,0,0,2,2,2,2,4,5,0,0,0,0,0,0,0,0,0,0,0,0,0,0,0,0,0,0,0,0,0,0,0,0,0,0,0,0,0,0,0,0,0,0,3,0,0,0,0,0,0,0,0,0,0,0,0,0,0,0,0,0,0,0,0,0,0,0,0,0,0,2,3,0,0,0,0,0,0,2,2,5,5,1,1,0,0,0,0,0,0,0,0,0,0,0,0,0,0,0,0,0,0,0,0,0,0,2,1,2,0,0,0,0,0,0,0,0,0,3,3,5,0,0,1,5,0,0,0,0,0,0,0,0,0,0,0,0,0,0,0,3,2,0,0,0,0,2,2,2,0,0,0,0,2,2,2,2,1,0,0,0,2,3,2,2,2,1,0,0,2,2,1,2,2,0,0,0,0,0,0,0,0,0,0,0,0,1,2,3,0,0,0,0,0,0,0,0,0,0,0,0,0,0,0,0,0,0,0,0,0,0,0,0,0,0,0,0,0,0,0,0,0,0,0,0,0,0,0,1,2,0,0,0,0,1,0,0,0,0,0,0,0,0,0,0,0,0,0,0,0,0,0,0,0,0,0,0,0,0,0,0,0,0,0,0,0,0,0,0,0,0,0,0,0,0,0,0,0,0,0,0,0,0,0,0,0,0,0,0,0,0,0,0,0,0,0,0,0,0,0,0,0,0,0,0,0,0,0,0,0,0,0,0,0,0,0,0,0,0,0,5,2,0,0,0,0,0,0,4,2,0,0,0,0,0,0,0,0,0,0,0,0,1,3,3,2,0,0,0,0,0,0,0,0,0,0,0,0,0,0,0,0,0,0,0,0,0,0,0,0,0,0,0,0,0,0,0,0,0,0,0,0,0,0,0,0,0,0,0,2,1,0,0,0,0,0,0,0,0,0,0,0,0,0,0,0,0,0,0,0,0,0,0,2,2,2,5,0,0,0,0,0,0,0,2,2,0,0,0,0,0,0,0,0,2,2,2,1,0,0,0,0,2,2,2,2,0,2,1,2,2,2,0,2,2,0,0,0,0,0,0,0,0,0,0,0,0,0,0,0,0,0,0,1,2,2,0,0,0,0,0,0,0,0,0,0,0,0,0,0,0,0,2,2,5,2,2,1,0,0,0,0,0,0,0,3,2,0,3,4,2,4,1,1,2,0,1,1,4,3,3,3,1,3,4,1,1,0,4,0,0,1,3,2,2,2,4,0,3,1,2,2,3,4,0,2,1,3,1,0,1,2,4,0,0,1,4,2,1,1,2,0,2,3,4,1,2,4,0,3,4,4,2,0,3,1,3,3,1,4,4,1,3,4,2,2,0,2,3,3,3,2,4,0,4,3,3,1,3,2,3,0,4,3,0,2,4,0,4,4,2,0,2,4,2,3,2,3,1,0,2,2,1,0,3,2,2,2,4,4,0,3,3,0,3,2,4,2,0,1,1,0,0,3,0,1,3,1,1,3,2,4,0,0,0,1,0,4,0,3,4,2,3,3,4,2,0,2,2,0,0,1,4,3,1,2,0,4,0,4,4,2,4,3,2,0,3,0,1,2,3,3,3,4,1,3,1,2,0,1,0,3,0,1,2,0,3,2,2,2,4,0,0,2,1,4,3,3,2,0,3,2,3,3,2,4,2,3,4,0,0,1,2,4,4,0,0,2,2,3,4,1,2,4,1,0,0,1,1,1,4,3,2,4,3,4,1,1,1,1,3,0,0,0,1,1,4,4,3,4,0,2,3,4,0,0,3,3,0,2,1,1,4,4,1,4,0,4,0,1,4,1,4,2,3,4,2,2,0,1,3,4,4,2,4,2,4,4,4,2,4,1,2,1,4,3,0,0,4,4,3,4,0,3,3,0,0,3,3,4,4,1,3,1,4,1,2,3,4,2,1,1,2,0,0,0,3,4,3,4,2,2,3,4,2,2,4,0,3,2,1,1,4,1,2,1,4,4,3,0,0,3,0,0,0,0,0,0,0,0,0,0,0,0,0,0,0,0,0,0,0,0,0,0,0,0,0,0,0,0,0,0,0,0,0,0,0,0,0,0,0,0,0,0,0,0,0,0,0,0,0,0,0,0,0,0,0,0,0,0,0,0,0,0,0,0,0,0,0,0,0,0,0,0,0,0,0,0,0,0,0,0,0,2,1,2,0,2,2,2,3,3,2,2,3,1,2,2,0,0,0,0,0,0,0,2,3,2,3,3,5,4,0,2,5,0,5,2,0,0,0,0,2,2,5,2,0,0,0,0,0,0,0,0,0,0,0,0,0,0,0,0,0,0,0,0,0,0,0,0,0,0,0,0,0,0,0,0,0,0,0,0,0,0,0,0,0,0,0,0,0,0,0,0,0,0,0,0,0,0,0,0,0,0,0,0,0,0,0,0,0,0,0,0,0,0,0,0,0,0,0,0,0,0,0,0,0,0,0,0,0,0,0,0,0,0,0,0,0,0,0,0,2,1,1,1,5,5,3,1,1,5,4,1,3,1,3,3,0,0,0,0,0,0,0,0,0,0,0,0,0,0,0,0,0,0,0,0,0,0,0,0,0,0,0,0,0,0,0,0,0,0,0,0,0,0,0,0,0,0,0,0,0,0,0,0,0,0,0,0,0,0,0,0,0,0,0,0,0,0,0,0,0,0,0,0,0,0,0,0,0,0,0,0,0,0,0,0,0,0,0,0,0,0,0,0,0,0,0,0,0,0,0,0,0,0,0,0,0,0,0,0,0,0,0,0,0,0,0,0,0,0,0,0,0,0,0,0,0,0,0,0,0,0,0,0,0,0,0,0,0,0,0,0,0,0,0,0,0,0,0,0,0,0,0,0,0,0,0,0,0,0,0,0,0,0,0,0,0,0,0,0,0,0,0,0,0,0,0,0,0,0,0,0,0,0,0,0,0,0,0,0,0,0,0,0,0,0,0,0,0,0,0,0,0,0,0,0,0,0,0,0,0,0,0,0,0,0,0,0,0,0,0,0,0,0,0,0,0,0,0,0,0,0,0,0,0,0,0,0,0,0,0,0,0,0,0,0,0,0,0,0,0,0,0,0,0,0,0,0,0,0,0,0,0,0,0,0,0,0,0,0,0,0,0,0,0,0,0,0,0,0,0,0,0,0,0,0,0,0,0,0,3,3,2,3,2,2,4,2,3,1,1,2,5,5,1,2,1,0,0,0,0,0,0,0,0,0,0,0,0,0,0,0,0,0,0,0,0,0,0,0,0,0,0,0,0,0,0,0,0,0,0,0,0,0,0,0,0,0,0,0,0,0,0,0,0,0,0,0,0,0,0,0,0,0,0,0,0,0,0,0,0,0,0,0,0,0,0,0,0,0,0,0,0,0,0,0,0,0,0,0,0,0,0,0,0,0,0,0,0,0,0,0,0,0,0,0,0,0,0,0,0,0,0,0,0,0,0,0,0,0,0,0,0,0,0,0,0,0,0,0,0,0,0,0,0,0,1,1,2,4,1,3,2,3,1,3,4,5,3,3,1,3,5,4,1,2,4,3,3,1,3,3,1,3,1,1,2,1,3,2,2,5,3,2,2,3,4,1,2,2,4,0,0,0,0,0,0,0,0,0,0,0,0,0,0,0,0,0,0,0,0,0,0,0,0,0,0,0,0,0,0,0,0,0,0,0,0,0,0,0,0,0,0,0,0,1,0,0,0,0,0,0,0,0,0,0,0,1,0,0,0,0,0,0,0,0,0,0,0,0,0,0,0,0,0,0,0,0,0,0,0,0,0,0,0,0,0,0,0,0,0,0,0,0,0,0,0,0,0,0,0,0,0,0,1,0,0,0,0,0,0,0,0,0,1,0,0,0,0,1,0,0,0,0,0,0,0,0,0,0,0,0,0,0,0,0,1,0,0,0,0,0,0,1,0,0,0,0,0,0,0,0,0,0,0,0,0,0,0,0,0,0,0,0,0,0,0,0,0,0,0,0,1,0,0,0,0,0,0,0,0,0,0,0,1,0,0,0,0,0,0,0,0,0,0,0,0,0,0,0,0,0,0,0,0,0,0,0,0,0,0,0,0,0,0,0,1,0,0,0,0,0,0,0,0,0,0,0,0,0,0,0,0,0,0,0,0,0,0,0,0,0,0,1,0,0,1,0,0,0,0,0,0,0,0,0,0,0,1,0,0,0,0,0,0,0,0,0,0,0,1,0,0,0,0,0,0,1,0,1,0,0,0,0,1,0,0,0,0,0,0,0,1,0,0,0,1,0,0,0,0,0,0,0,0,0,0,0,0,0,0,0,0,0,0,0,0,0,1,1,0,0,0,0,0,0,0,0,0,0,0,0,0,0,1,0,0,0,0,0,0,0,0,0,0,0,0,0,0,0,0,0,0,1,0,0,0,0,0,0,0,0,0,1,0,0,0,0,0,0,0,0,0,0,0,0,0,0,0,0,1,0,0,0,0,0,0,0,0,0,0,0,0,0,0,0,0,0,0,0,0,0,0,0,0,0,0,0,0,0,0,0,0,0,0,0,0,0,0,0,0,0,0,0,0,0,0,0,0,0,0,0,0,0,0,0,0,0,0,0,0,0,0,0,1,0,0,0,0,0,0,0,0,0,0,0,0,0,0,0,0,0,0,0,0,0,0,0,0,0,0,0,0,0,0,0,0,0,0,1,0,0,0,0,0,0,0,0,0,0,0,0,0,0,0,0,0,0,0,0,0,0,0,0,0,0,0,0,0,0,1,0,0,0,0,0,1,0,0,0,0,0,0,0,0,0,0,0,0,0,0,0,0,0,0,0,0,0,0,0,1,0,0,0,0,0,0,0,0,0,0,0,0,0,0,0,0,0,0,0,0,0,1,0,0,0,0,0,0,0,0,0,0,0,0,0,0,0,0,1,0,0,0,0,0,0,0,0,0,0,0,0,0,0,0,0,0,0,0,0,0,0,0,1,0,0,0,0,0,0,0,0,0,0,0,1,0,0,0,0,0,0,0,0,0,0,0,0,0,0,0,0,0,0,0,0,0,0,0,0,0,0,0,0,0,0,0,0,0,0,0,0,0,0,1,0,0,0,0,0,1,1,0,1,0,0,0,0,0,0,0,0,0,0,1,0,0,0,0,0,0,0,0,0,0,0,0,0,0,0,0,0,0,0,0,0,0,0,0,0,0,0,0,0,0,0,0,0,0,0,0,0,0,0,0,0,1,0,0,1,0,0,0,0,0,0,0,0,0,0,0,0,0,1,0,0,0,0,0,0,0,0,0,0,0,0,0,0,0,0,1,0,0,0,1,0,0,0,0,0,0,0,0,0,0,0,0,0,0,0,0,0,0,1,0,0,0,0,0,0,0,0,0,0,0,0,0,0,0,0,0,0,0,0,0,0,1,0,0,0,0,0,0,1,0,0,0,0,1,0,0,0,0,0,0,0,0,0,1,1,0,0,0,0,0,0,0,0,0,0,0,1,0,0,0,0,0,0,1,0,0,0,0,0,0,0,0,0,0,0,0,0,0,0,0,0,0,0,0,0,0,0,0,0,0,0,0,0,0,0,0,0,0,1,0,0,0,0,0,0,0,0,0,0,0,0,0,0,0,0,0,0,0,0,0,0,0,0,0,0,1,0,0,0,0,0,0,0,0,0,0,1,0,0,0,0,0,0,0,0,0,0,0,0,0,0,0,0,0,0,0,1,0,0,0,0,0,0,0,0,0,0,0,0,0,0,0,0,0,0,1,0,0,0,0,0,0,0,0,0,1,0,0,0,0,0,0,0,0,0,0,0,0,0,0,0,0,0,0,0,0,0,0,1,0,0,0,0,0,0,0,0,0,0,0,1,0,0,0,0,0,0,1,0,0,0,0,0,0,0,0,0,0,1,0,0,0,0,0,0,0,0,0,0,0,0,1,0,0,0,0,0,0,0,0,0,0,0,0,0,0,0,0,1,0,0,0,0,2.0,-3.0192000000000023,9.115568640000014,70.43700000000001,66.61096199999994,6.0,6.0,61.0,27.0,34.0,0.0,20.0,1.0,5.0,0.0,1.0,0.0,0.0,0.0,0.0,0.0,5355.238582432659,6013.996096951999,7285.955083574,6703.073096574012,6869.6162828120105,7005.881118052012,6366.681941956011,5916.788928194009,5793.098211052007,11449.23064044836,14930.349336177656,21573.448558085685,24007.62540926349,23990.03257270236,23047.69062839652,20951.21888436472,18372.09452605577,17115.233536436986,462.52353699999946,475.4000880000005,883.664718,1203.6722500000008,1265.7487600000009,1247.3658240000009,1179.6294640000006,1009.3737620000014,914.554972000001,88.49775876486581,109.51982555799988,164.5805311570372,194.9511166562056,196.90031732299764,191.87197569954463,171.99923248760143,153.14853845905424,140.307899092564,10071.554449603063,9087.99389798975,17788.314874127038,26344.84182368805,27843.095004820403,27585.470194903926,25816.23148939757,22208.744013281765,19709.694745570625,262.98606348117664,148.76388888888886,403.4521604938273,348.62242798353907,365.28086419753095,398.0720164609054,401.1661522633746,315.6574074074074,401.8487654320989,87.79079643332228,96.99993704761287,63.35613116151305,41.12314783174241,39.93962955123262,41.45491785829593,40.55211427997459,43.505800942603,47.87684471943808,187.69230558112065,240.8120860673816,187.595204852919,147.28604545560424,139.476933562223,136.37686762364802,133.44725404053958,135.0889303386454,141.44821104493377,7.582353065573762,7.667743354838717,7.684041026086956,7.384492331288349,7.359004418604656,7.380862863905331,7.513563464968156,7.421865897058834,7.558305553719017,1.4507829305715707,1.7664487993225786,1.4311350535394538,1.1960191205902184,1.1447692867616142,1.135337134316832,1.0955365126598815,1.1260921945518694,1.1595694139881323,165.10744999349288,146.58054674177018,154.6809989054525,161.62479646434386,161.87845933035118,163.22763428937233,164.4345954738699,163.29958833295416,162.89003921959196,4.311246942314371,2.3994175627240137,3.508279656468063,2.138787901739504,2.123725954636808,2.355455718703582,2.555198422059711,2.321010348583878,3.321064177124784,0.9945579219929008,-0.7970266193313885,0.5514090026166646,-0.1898222663219593,-0.2645381688528034,0.356437648739024,-0.1600727170439204,-0.1964025475087268,0.432173789312359,2739.263289362341,598.4140432510252,-237.2037595621416,-305.962301345741,101.68827410853314,293.65935038571024,-111.84502942227375,412.8752130784636,151.95895351835657,3074.851060936452,133.09085735551884,-647.354424775441,-152.9804984612457,-185.9462106060205,-8.500939308113004,-123.83296301936473,158.38883763843887,-133.49522950770296,5.178967672131147,-1.2973041585595404,4.669980913195384,0.2866600236495744,-0.4955853214189605,1.3277955640956909,-0.3172688118785357,-0.6218985640956709,2.1846403224939404,19.63774572608826,-2.481512127200351,-2.7162839619033563,-0.3727519215967586,-0.960742021273414,-1.07771357745319,0.3481226882375203,-0.1082827168364783,-1.1653295679824862,80.79313564460014,-1.737653923396448,-9.005325617837316,14.17760271659544,-15.370130496074417,-5.594404590539808,-0.3187339242045961,-7.847962005734564,-6.332303512642877,106.681832662454,-29.72025987916266,91.81463873382096,-0.0954723591035534,-15.334452133741149,14.640990683589928,-19.717575304500755,-14.934905014671964,66.70328925543231,0.0163042282293918,-0.012855268053732,0.0047948608923188,-0.0011645537811163,-0.0015380126096093,0.0021090985132486,-0.0010195714461396,-0.0014441363787406,0.003571684209193,44.905955563317065,9.6518394072746,-2.062641387496883,-1.877069333409454,0.5912108959798438,1.7376292922231376,-0.7123887224348647,3.035847154988703,1.255859119986418,50.40739444158118,2.146626731540626,-5.629168911090791,-0.9385306654064154,-1.081082619802445,-0.0503014160243373,-0.7887449873844887,1.1646238061649916,-1.103266359567793,0.0849011093791991,-0.020924260621928,0.0406085296799598,0.0017586504518378,-0.0028813100082497,0.0078567784857733,-0.002020820457825,-0.0045727835595269,0.018054878698297,0.3219302578047255,-0.0400243891483927,-0.02361986053829,-0.002286821604888,-0.0055857094260082,-0.0063770034168827,0.0022173419632963,-0.000796196447327,-0.0096308228758883,1.324477633518035,-0.0280266761838136,-0.0783071792855418,0.0869791577705241,-0.0893612238143861,-0.0331029857428391,-0.0020301523834687,-0.0577056029833423,-0.052333086881346,1.7488825026631802,-0.4793590303090752,0.798388162902791,-0.0005857199945003,-0.0891537914752392,0.0866330809679877,-0.1255896516210239,-0.1098154780490585,0.5512668533506803,-0.7884622242074442,0.2940869586010254,-0.071426489173953,-0.0943321320071274,0.1293589910282638,-0.0625341740679039,-0.088574347612313,0.2190649050627452,0.2149345067084827,-0.0459324684581886,-0.0418000087040303,0.0131655342495994,0.0386948517279204,-0.01586401432724,0.0676045552734799,0.0279664268187248,0.0425855522849613,-0.1116734751607648,-0.0186189085114111,-0.0214469053951072,-0.0009978975620855,-0.0156474064196789,0.023104225462689,-0.0218869943941737,-0.2464545018896365,0.4783038758491064,0.0207141044998965,-0.0339372480444371,0.0925403512771794,-0.0238020500862874,-0.0538601155269159,0.2126577477057148,-0.1243262730919518,-0.0733694953042197,-0.0071034689950617,-0.017350681679,-0.0198086488060122,0.0068876469655775,-0.0024731954453625,-0.029915867311019,-0.0211605507518991,-0.059123066561377,0.0656705372513486,-0.0674690319813311,-0.0249932387721127,-0.0015327947653418,-0.043568574903048,-0.0395122466072459,-0.2740944743738428,0.4565133230431511,-0.0003349110038029,-0.0509775764463746,0.0495362500545712,-0.0718113717930034,-0.0627917986953569,0.3152109146905048,1.9022394918821823,0.5709377079785116,0.7831823991274376,0.7536445323818438,0.6955610074229769,1.0125431204248314,1.026488697110023,0.8216530460968912,0.9559719195026268,0.984795598618666,0.8962377214101593,0.8379074949562522,0.8947680689822353,0.9589333387373092,0.9287191651311518,1.0181650150041253,1.1961189616715762,1.2098882819254468,1.040227048636325,1.0338649691684307,1.003116938802255,0.9831653993794712,0.9734536065036624,1.0176504422388004,1.0928541144384527,0.4586255111097803,0.6382585799743018,0.7415078930964796,0.6544321633806975,1.044402911859011,0.96484341745096,0.8502007562431949,1.5912958387269838,1.0896125890451558,0.8862621724799974,0.8842547924211747,0.9845844036845592,0.9000704948128264,1.0320358399687033,1.1008616625682202,1.4173542389204377,1.250601264518036,0.9854065829259416,1.06329850355709,1.0254282779944754,0.9636762451446466,1.0100244213035956,1.0392859210684429,1.0754510655224985,0.3611537662374249,0.5582354319964336,0.710621738819635,0.6586205873628046,1.0993674853019042,0.9664387677994816,0.8293875206027147,309.2816931329567,155.2064893649865,239.05257739140603,310.9793121805756,11.51775230298428,155.2064893649865,1.992857142856849,0.4795620203252514,0.0177615563083426,-1.9841815330528083,375.6645240642724,13.913500891269347,16.007480609098987,309.09916852140344,155.10677732700975,238.947489189429,310.8037651781569,11.511250562153958,155.10677732700975,2.001048249232269,0.4810438710506978,0.0178164396685443,-1.975851373580904,375.809696122938,13.918877634182888,16.00852379741535,353.6517660918244,175.74752397423097,261.1941120844521,351.97431864698706,13.036085875814331,175.74752397423097,-2.15671814336244,0.1683355279011875,0.0062346491815254,-4.8108494738424,458.1594518906338,16.968868588541994,16.543486633745186,322.3549669602379,161.822927523942,246.0988688243702,323.5502337080584,11.983341989187354,161.822927523942,1.290888087646124,0.3818486870593787,0.0141425439651621,-2.5993733112570587,394.3074466249658,14.603979504628365,16.138253501249363,367.8138009288217,181.2120463462626,268.15128183335923,363.8193234032642,13.47478975567645,181.2120463462626,-5.389708236296485,0.0853970502776279,0.0031628537139862,-6.643198040918626,395.7246881873824,14.656469932866017,16.1479405915705,325.179410142604,163.09828000075368,247.81950316095885,326.1212155675146,12.078563539537576,163.09828000075368,1.017149858903423,0.363413325334234,0.0134597527901568,-2.732979029009405,416.1890937521196,15.414410879708134,16.284077215035527,379.56897326331057,189.1097039151512,282.87208552540454,379.0546079365662,14.039059553206153,189.1097039151512,-0.7309402011632358,0.1590304359802642,0.0058900161474171,-4.964381119316952,1014.2299323047008,37.56407156684077,18.689089273584568,1.0,11.899999999999991,30.97376307938552,-0.3945342662592661,0.4488768344087966,2.5061071030506628,10.583366581844915,28.0,62.0,61.0,55.0,21.0,1.0,1.0,0.0,0.0,7.0,48.18303799999999,4.403529424201893,3.872856536590585,3.621444323392812,3.469909001360093,3.2321267903805224,3.054791935658143,2.941015464091769,2.7074591732017703,2.0200590793059754,1.900646753701202,1.756665126984725,1.695656025876176,1.6422090896323918,1.454809769203143,1.2375341999276928,1.1604265691240805,3.875358699915856,3.614703545091699,3.497791260283937,3.3826852753488827,3.2538250676025746,2.989942259452319,2.946660129418613,2.704460068000512,1.990771528582003,1.842796432602416,1.7504517498758516,1.7031000417414972,1.6026032558248369,1.4994309584529304,1.3743464772172105,1.1654975859092418,3.938291736246053,3.741561823467663,3.629461996264504,3.5687706502469374,3.4007744082408413,3.183404529016178,3.1207356183965382,2.8978931063448994,1.9097887203011337,1.6668946477905464,1.5441255606877269,1.5101501779741706,1.3936889497505176,1.271470576182574,1.1253074628397102,0.8769566638043643,3.890214839615045,3.8496947967802897,3.6007427942971137,3.509388280113012,3.280870021014575,3.0227140861415567,2.9637425759272267,2.7266578678545708,1.972992348104932,1.805569173030834,1.723053518667763,1.6730663294267714,1.564613996288396,1.36660596666553,1.3122871329653432,1.133395856860815,3.968460272351239,3.781436283338507,3.6823506537769486,3.5488055449819287,3.4669789232424764,3.226224314241718,3.19703060179163,2.969041771614002,1.887236442985672,1.6122769985720098,1.5138165953264482,1.46474402617989,1.3330827073658231,1.2726077373870135,1.0518188904339787,0.8092173092126531,5.125650720854394,4.378411103954198,4.1311276734952616,4.006504168877028,3.9934218136476303,3.652951959869755,3.527581997176281,3.3332035291490207,1.8857685098208383,1.785711402396491,1.6413536456097122,1.5730447594657986,1.463870535346241,1.2252748578451984,1.1031025798367695,0.942222709413789,0.0,0.0,0.0,4.0,2.0,3.0,10.0,1.0,0.0,0.0,0.0,0.0962250448649376,0.2749716523768432,0.4284393544039397,0.0,0.0,0.0680413817439771,0.158023513514704,0.1982547150593823,2.438324559064972,0.3535533905932737,0.1360827634879543,0.0,0.8037653651571335,0.0223718685071341,0.0809503767325859,0.0,2.9532664512292413,4.246018932019942,5.557466142505019,1.3985996014182247,1.9762422668415185,2.229252072062072,19.70045984493289,12.92516481473553,11.606195472431436,8.136879961514605,6.314527880720884,5.130236736671357,3.452195111084591,2.5231430089190465,0.7296466609234403,0.4616130290976974,0.3136809587143631,0.1937352371789191,0.1214332284754016,0.0814323291535136,0.0523059865315847,0.0336419067855872,16.441813118834485,10.46757902594947,7.850847625521755,5.462937555538411,3.943920540430329,2.7050372762607777,1.6579904135275163,1.0885267382942754,0.6089560414383143,0.373842108069624,0.2121850709600474,0.1300699417985336,0.0758446257775063,0.0429370996231869,0.025121066871629,0.0145136898439236,34.7300865051903,60.825564457392666,58.12941176470579,58.97200000000007,38.808959281437176,467.4635341317366,0.5693456804129557,0.9971404009408634,0.9529411764705868,0.966754098360657,0.636212447236675,7.663336625110436,2.525300000000007,100.44010000000006,227.20360118293823,332.151418231094,454.4072023658765,16.82989638392135,227.20360118293823,0.1392866123021187,0.0051587634185969,-5.322298076360436,263.6808459158911,9.765957256144114,15.051796528044903,751.0,4.0,0.0,6.0,6.0,6.0,3.0,0.0,5.0,1.0,0.0,5.0,0.0,0.0,3.0,0.0,0.0,0.0,1.0,0.0,0.0,0.0,0.0,0.0,0.0,0.0,4.0,0.0,14.0,0.0,0.0,4.0,0.0,0.0,0.0,0.0,0.0,0.0,0.0,0.0,1.0,0.0,10.0,0.0,0.0,4.0,3.0,0.0,0.0,0.0,2.0,0.0,0.0,0.0,0.0,0.0,0.0,1.0,0.0,0.0,0.0,0.0,0.0,0.0,0.0,0.0,0.0,3.0,1.0,1.0,0.0,0.0,0.0,0.0,0.0,0.0,0.0,0.0,0.0,0.0,0.0,1.0,0.0,0.0,0.0,0.0,0.0,0.0,0.0,0.0,0.0,0.0,0.0,0.0,0.0,0.0,0.0,0.0,0.0,0.0,0.0,0.0,0.0,0.0,0.0,0.0,0.0,0.0,0.0,0.0,0.0,0.0,0.0,0.0,0.0,0.0,0.0,0.0,0.0,0.0,1.85141136464474,0.0,46.59326213483806,11.08460208338041,29.390759227250182,4.538074240722833,0.0,10.065428653702629,2.120786760362921,0.0,24.45246538834286,0.0,0.0,1.6367686630817706,0.0,0.0,0.0,0.2146427015629687,0.0,0.0,0.0,0.0,0.0,0.0,0.0,1.5070302344958963,0.0,5.967467612815444,0.0,0.0,1.5070302344958963,0.0,0.0,0.0,0.0,0.0,0.0,0.0,0.0,2.2333386323992084,0.0,9.553039453468266,0.0,0.0,8.58897982609825,-0.1307528551670418,0.0,0.0,0.0,2.4956222572821605,0.0,0.0,0.0,0.0,0.0,0.0,3.2364216389501523,0.0,0.0,0.0,0.0,0.0,0.0,0.0,0.0,0.0,27.61569859672588,11.006402144352151,4.734739754809877,0.0,0.0,0.0,0.0,0.0,0.0,0.0,0.0,0.0,0.0,0.0,-5.688427720523831,0.0,0.0,0.0,0.0,0.0,0.0,0.0,0.0,0.0,0.0,0.0,0.0,0.0,0.0,0.0,0.0,0.0,0.0,0.0,0.0,0.0,0.0,0.0,0.0,0.0,0.0,0.0,0.0,0.0,0.0,0.0,0.0,0.0,0.0,0.0,0.0,0.0,0.0,0.2146427015629687,0.0,3.2364216389501523,1.1553793893462907,2.8144434490786763,1.0162773321699805,0.0,1.9238070415478388,2.120786760362921,0.0,4.022730230865652,0.0,0.0,0.4479204497371747,0.0,0.0,0.0,0.2146427015629687,0.0,0.0,0.0,0.0,0.0,0.0,0.0,0.371600145144935,0.0,0.2313649898122996,0.0,0.0,0.371600145144935,0.0,0.0,0.0,0.0,0.0,0.0,0.0,0.0,2.2333386323992084,0.0,-0.0072408321610533,0.0,0.0,2.126407037351978,-0.1473096176615926,0.0,0.0,0.0,1.1553793893462907,0.0,0.0,0.0,0.0,0.0,0.0,3.2364216389501523,0.0,0.0,0.0,0.0,0.0,0.0,0.0,0.0,0.0,8.98090326803802,11.006402144352151,4.734739754809877,0.0,0.0,0.0,0.0,0.0,0.0,0.0,0.0,0.0,0.0,0.0,-5.688427720523831,0.0,0.0,0.0,0.0,0.0,0.0,0.0,0.0,0.0,0.0,0.0,0.0,0.0,0.0,0.0,0.0,0.0,0.0,0.0,0.0,0.0,0.0,0.0,0.0,0.0,0.0,0.0,0.0,0.0,0.0,0.0,0.0,0.0,0.0,0.0,0.0,0.0,0.0,0.594424106672298,0.0,11.006402144352151,2.168082875697147,6.542470762332592,2.072137472495176,0.0,2.3624438907521985,2.120786760362921,0.0,5.738506164062567,0.0,0.0,0.594424106672298,0.0,0.0,0.0,0.2146427015629687,0.0,0.0,0.0,0.0,0.0,0.0,0.0,0.3819149721030132,0.0,0.7319335483679068,0.0,0.0,0.3819149721030132,0.0,0.0,0.0,0.0,0.0,0.0,0.0,0.0,2.2333386323992084,0.0,1.335095915599784,0.0,0.0,2.168082875697147,0.1280368086155927,0.0,0.0,0.0,1.3402428679358698,0.0,0.0,0.0,0.0,0.0,0.0,3.2364216389501523,0.0,0.0,0.0,0.0,0.0,0.0,0.0,0.0,0.0,9.653892060649834,11.006402144352151,4.734739754809877,0.0,0.0,0.0,0.0,0.0,0.0,0.0,0.0,0.0,0.0,0.0,0.0,0.0,0.0,0.0,0.0,0.0,0.0,0.0,0.0,0.0,0.0,0.0,0.0,0.0,0.0,0.0,0.0,0.0,0.0,0.0,0.0,0.0,0.0,0.0,0.0,0.0,0.0,0.0,0.0,0.0,0.0,0.0,0.0,0.0,0.0,0.0,0.0,0.0,0.0,63.645061728395056,2.357224508459076,1.3006126050983604,11.006402144352151,-0.012721470838245,-5.688427720523831,8.581026761781978,6.000156115585559,4.00640214435215,32.83116118667102,5.272909310219653,3.882945354228693,31.73026955429791,13.06665,0.48395,0.0,0.01605,0.54317,0.84938,0.43671,0.52139,0.7785,0.10646,0.02178,-0.08468,0.07089,0.56977,0.14452,0.0,0.14031,0.19133,0.07653,23.5,0.87037,16.0,0.59259,7.5,0.27778,-8.5,-0.31481,0.0,0.0,30.5834,1.13272,47.00303,16.41963,0.60813,9.21811,0.34141,12.92514,3.70703,0.1373,0.48886,0.01811,0.66086,0.02448,0.180327868852459,82.07,6.0,6.0,6.0,6.0,4.0,4.0,0.7,1.4877547314203357,3.133724146936082,4.323231494760101,4.901968689986436,5.105089337946489,5.071616485815889,90.75303861664048,191.157172963101,263.7171211803662,299.0200900891726,311.41044961473585,309.36860563476927,0.2508549353547492,0.5283869388530062,0.7289534586835443,0.8265361304975274,0.8607849323578912,0.8551409710381753,4.442982606142551,2.7970131906268048,1.6075058428027855,1.0287686475764506,0.8256479996163977,0.8591208517469973,0.246137942371343,0.5184513261469278,0.7152464596764192,0.8109942193026166,0.8445990180548217,0.8390611839113804,15.9076833146321,29.43973469030608,33.81934022639978,35.48380359653442,35.91288243122959,35.87914765295994,93.2492716413123,51.27220961105627,37.21888116856678,30.088779110941083,28.59897486410666,28.92121517955119,23.28061224489796,11.869978086194305,8.489795918367347,8.0,6.0,8.0,2.89,3.178299999999997,0.0,2.275364726531767,0.4387558733080786,0.0,20.68313703981368,17.296498307575508,0.0,4.039695455437569,0.0,0.0,1.5,1.519671371303185,0.0,0.0,0.0,0.0,0.0,0.0,0.0,1.2559999999999998,2.951,2.994,2.4649999999999994,1.561,14.970999999999998,37.0,42.0,52.0,63.0,66.0,75.0,85.0,79.0,72.0,626.0,3.49650756146648,3.9219733362813134,4.193435464866331,4.598900572974496,5.048653361283777,5.138735296723572,5.397313925119364,5.615406530704775,5.70232307691985,5.710220042314625,7.432705676793524,2.698682108626198,0.5,2.0,0.0,0.0,1.0,1.0,0.0,0.0,0.0,0.0,0.0,0.0,0.0,0.0,0.0,0.0,0.0,0.0,0.0,0.0,0.0,0.0,0.0,0.0,2.0,0.0,1.0,1.0,0.0,0.0,0.0,0.0,0.0,0.0,0.0,1.0,0.0,0.0,1.0,0.0,0.0,0.0,0.0,0.0,0.0,0.0,0.0,0.0,0.0,0.0,0.0,0.0,0.0,0.0,0.0,0.0,0.0,0.0,0.0,0.0,1.0,0.0,0.0,0.0,0.0,0.0,0.0,0.0,0.0,12.0,0.4285714285714285,16.0,0.5714285714285714,2.0,9.0,18.0,1.0,6.0,2.2222222222222223,1.3194444444444446,1.3222222222222226,0.6563888888888887,0.6180498866213154,0.4366496598639456,0.2449058327034517,0.1446913580246914,0.1437628813386389,0.2142857142857142,0.06006006006006,0.0388071895424836,0.04006734006734,0.0198905723905723,0.0213120650559074,0.0167942176870748,0.0094194551039789,0.0068900646678424,0.0089851800836649,0.4681783519321609,181.27338685650776,275.95178642170447,362.5467737130156,13.427658285667242,181.27338685650776,0.2993323308159086,0.0110863826228114,-3.256742291006697,359.8732173947512,13.32863768128708,15.891529847901015,108.83,385.7290048331079,5.754887502163469,4.875197323201151,5.666426688112432,6.520621127558696,7.342779189331845,8.206583614320753,9.047233034106032,9.917045230468194,10.77006269216435,11.643962499267984,128.98991139853143,4.04305126783455,0.0,5.3230099791384085,2.3978952727983707,6.771935555839602,4.727387818712341,8.301273485191347,6.823286122355687,9.879553402240496,10.15634523383373,399.217459818001,6.544548521606574,53.80722086408595,1.9928600320031835,18.82981917480405,12.49875008517943,3.109063570846418,2327.0,34.0,5.266999999999999,130.0,1.0,1.0086001717619173
0,0,0,0,0,0,0,0,0,0,0,0,0,0,0,0,0,0,0,0,0,0,0,0,0,0,0,0,0,0,0,0,0,0,0,0,0,0,0,0,0,0,0,0,0,0,0,0,0,0,0,0,0,0,0,0,0,0,0,0,0,0,0,0,0,0,0,0,0,0,0,0,0,0,0,0,0,0,0,0,0,0,0,0,0,0,0,0,0,0,0,0,0,0,0,0,0,0,0,0,0,0,0,0,0,0,0,0,0,0,0,0,0,0,0,0,0,0,0,0,0,0,0,0,0,0,0,0,0,0,0,0,0,0,0,0,0,0,0,0,0,0,0,0,0,0,0,0,0,0,0,0,0,0,0,0,0,0,0,0,0,0,0,0,0,0,0,0,0,0,0,0,0,0,0,0,0,0,0,0,0,0,0,2,4,3,1,2,2,5,1,2,1,2,3,4,2,2,2,2,5,0,0,0,0,0,0,0,0,0,0,0,0,0,0,0,0,2,3,2,3,0,0,0,0,0,0,0,0,0,0,0,0,0,0,0,0,0,1,5,2,5,1,2,0,0,0,0,0,0,0,0,0,0,0,0,0,0,0,0,0,0,0,0,0,0,0,0,0,0,0,0,0,0,0,0,0,0,0,0,0,0,0,0,0,0,0,0,0,0,0,0,0,0,0,0,0,0,0,0,0,0,0,0,0,0,0,0,0,0,0,0,0,0,0,0,0,0,0,0,0,0,0,0,0,0,0,0,0,0,0,0,0,0,0,0,0,0,0,0,0,0,0,0,0,0,0,0,0,0,0,0,0,0,0,0,0,0,0,0,0,0,0,0,0,0,0,0,0,0,0,0,0,0,0,0,0,0,0,0,0,0,0,0,0,0,0,0,0,0,0,0,0,0,0,0,0,0,0,0,0,0,0,0,0,0,0,0,0,0,0,0,0,0,0,0,0,0,0,0,0,0,0,0,0,0,0,0,0,0,0,0,0,5,2,3,1,1,2,1,0,0,0,0,0,0,0,0,0,0,0,0,0,0,0,0,0,0,0,0,0,0,0,0,0,0,0,0,0,0,0,0,0,0,0,0,0,0,0,0,0,0,0,0,0,0,0,0,0,0,0,0,0,0,0,0,0,0,0,0,0,0,0,0,0,0,0,0,0,0,0,0,0,0,0,0,0,0,0,0,0,0,0,0,0,0,0,0,0,0,0,0,0,0,0,0,0,0,0,0,0,0,0,0,0,0,0,0,0,0,0,0,0,0,0,0,0,0,0,0,0,0,0,0,0,0,0,0,0,0,0,0,0,0,0,0,0,0,0,0,0,0,0,0,0,0,0,0,0,2,5,2,4,0,0,0,0,0,0,0,0,0,0,0,0,0,0,0,0,0,0,0,0,0,2,2,2,1,2,2,2,1,0,0,0,0,0,0,0,0,0,0,0,2,2,2,2,2,4,3,2,2,0,0,0,0,0,0,2,2,2,2,2,0,0,1,0,0,0,0,5,5,0,0,0,0,0,0,0,0,0,0,0,1,5,2,5,0,0,0,0,0,2,0,0,0,0,0,0,0,1,2,2,2,2,2,1,0,0,0,0,0,0,0,0,0,0,0,0,0,0,0,3,2,3,0,2,3,4,0,0,0,0,0,0,0,0,0,0,0,0,0,0,0,0,0,0,0,0,0,0,0,0,0,0,0,0,0,0,0,0,2,2,2,1,2,2,2,2,2,0,0,0,0,0,0,0,0,0,0,0,0,0,0,0,0,0,0,0,0,0,0,0,0,3,2,2,2,3,1,1,2,3,2,0,0,0,5,2,3,0,0,0,0,0,0,0,1,2,0,0,0,0,0,0,0,2,2,2,0,0,0,0,0,0,0,0,0,0,0,0,0,0,0,0,0,0,0,0,0,0,0,0,0,0,0,0,0,0,0,0,0,0,0,0,0,0,0,0,0,0,0,0,0,0,0,0,0,0,0,0,0,0,0,0,0,0,0,0,0,0,0,0,0,0,0,2,5,4,0,1,1,2,2,2,2,2,3,2,0,0,0,3,2,2,3,0,0,0,0,0,0,0,0,0,0,0,0,2,2,0,0,0,0,0,0,0,0,0,0,0,0,0,0,0,0,0,0,0,0,0,0,0,0,0,0,0,0,0,0,0,2,2,2,2,4,5,0,0,0,0,0,0,0,0,0,0,0,0,0,0,0,0,0,0,0,0,0,0,0,0,0,0,0,0,0,0,0,0,0,0,3,0,0,0,0,0,0,0,0,0,0,0,0,0,0,0,0,0,0,0,0,0,0,0,0,0,0,2,3,0,0,0,0,0,0,2,2,5,5,1,1,0,0,0,0,0,0,0,0,0,0,0,0,0,0,0,0,0,0,0,0,0,0,2,1,2,0,0,0,0,0,0,0,0,0,3,3,5,0,0,1,5,0,0,0,0,0,0,0,0,0,0,0,0,0,0,0,3,2,0,0,0,0,2,2,2,0,0,0,0,2,2,2,2,1,0,0,0,2,3,2,2,2,1,0,0,2,2,1,2,2,0,0,0,0,0,0,0,0,0,0,0,0,1,2,3,0,0,0,0,0,0,0,0,0,0,0,0,0,0,0,0,0,0,0,0,0,0,0,0,0,0,0,0,0,0,0,0,0,0,0,0,0,0,0,1,2,0,0,0,0,1,0,0,0,0,0,0,0,0,0,0,0,0,0,0,0,0,0,0,0,0,0,0,0,0,0,0,0,0,0,0,0,0,0,0,0,0,0,0,0,0,0,0,0,0,0,0,0,0,0,0,0,0,0,0,0,0,0,0,0,0,0,0,0,0,0,0,0,0,0,0,0,0,0,0,0,0,0,0,0,0,0,0,0,0,0,5,2,0,0,0,0,0,0,4,2,0,0,0,0,0,0,0,0,0,0,0,0,1,3,3,2,0,0,0,0,0,0,0,0,0,0,0,0,0,0,0,0,0,0,0,0,0,0,0,0,0,0,0,0,0,0,0,0,0,0,0,0,0,0,0,0,0,0,0,2,1,0,0,0,0,0,0,0,0,0,0,0,0,0,0,0,0,0,0,0,0,0,0,2,2,2,5,0,0,0,0,0,0,0,2,2,0,0,0,0,0,0,0,0,2,2,2,1,0,0,0,0,2,2,2,2,0,2,1,2,2,2,0,2,2,0,0,0,0,0,0,0,0,0,0,0,0,0,0,0,0,0,0,1,2,2,0,0,0,0,0,0,0,0,0,0,0,0,0,0,0,0,2,2,5,2,2,1,0,0,0,0,0,0,0,3,2,0,3,4,2,4,1,1,2,0,1,1,4,3,3,3,1,3,4,1,1,0,4,0,0,1,3,2,2,2,4,0,3,1,2,2,3,4,0,2,1,3,1,0,1,2,4,0,0,1,4,2,1,1,2,0,2,3,4,1,2,4,0,3,4,4,2,0,3,1,3,3,1,4,4,1,3,4,2,2,0,2,3,3,3,2,4,0,4,3,3,1,3,2,3,0,4,3,0,2,4,0,4,4,2,0,2,4,2,3,2,3,1,0,2,2,1,0,3,2,2,2,4,4,0,3,3,0,3,2,4,2,0,1,1,0,0,3,0,1,3,1,1,3,2,4,0,0,0,1,0,4,0,3,4,2,3,3,4,2,0,2,2,0,0,1,4,3,1,2,0,4,0,4,4,2,4,3,2,0,3,0,1,2,3,3,3,4,1,3,1,2,0,1,0,3,0,1,2,0,3,2,2,2,4,0,0,2,1,4,3,3,2,0,3,2,3,3,2,4,2,3,4,0,0,1,2,4,4,0,0,2,2,3,4,1,2,4,1,0,0,1,1,1,4,3,2,4,3,4,1,1,1,1,3,0,0,0,1,1,4,4,3,4,0,2,3,4,0,0,3,3,0,2,1,1,4,4,1,4,0,4,0,1,4,1,4,2,3,4,2,2,0,1,3,4,4,2,4,2,4,4,4,2,4,1,2,1,4,3,0,0,4,4,3,4,0,3,3,0,0,3,3,4,4,1,3,1,4,1,2,3,4,2,1,1,2,0,0,0,3,4,3,4,2,2,3,4,2,2,4,0,3,2,1,1,4,1,2,1,4,4,3,0,0,3,0,0,0,0,0,0,0,0,0,0,0,0,0,0,0,0,0,0,0,0,0,0,0,0,0,0,0,0,0,0,0,0,0,0,0,0,0,0,0,0,0,0,0,0,0,0,0,0,0,0,0,0,0,0,0,0,0,0,0,0,0,0,0,0,0,0,0,0,0,0,0,0,0,0,0,0,0,0,0,0,0,2,1,2,0,2,2,2,3,3,2,2,3,1,2,2,0,0,0,0,0,0,0,2,3,2,3,3,5,4,0,2,5,0,5,2,0,0,0,0,2,2,5,2,0,0,0,0,0,0,0,0,0,0,0,0,0,0,0,0,0,0,0,0,0,0,0,0,0,0,0,0,0,0,0,0,0,0,0,0,0,0,0,0,0,0,0,0,0,0,0,0,0,0,0,0,0,0,0,0,0,0,0,0,0,0,0,0,0,0,0,0,0,0,0,0,0,0,0,0,0,0,0,0,0,0,0,0,0,0,0,0,0,0,0,0,0,0,0,0,2,1,1,1,5,5,3,1,1,5,4,1,3,1,3,3,0,0,0,0,0,0,0,0,0,0,0,0,0,0,0,0,0,0,0,0,0,0,0,0,0,0,0,0,0,0,0,0,0,0,0,0,0,0,0,0,0,0,0,0,0,0,0,0,0,0,0,0,0,0,0,0,0,0,0,0,0,0,0,0,0,0,0,0,0,0,0,0,0,0,0,0,0,0,0,0,0,0,0,0,0,0,0,0,0,0,0,0,0,0,0,0,0,0,0,0,0,0,0,0,0,0,0,0,0,0,0,0,0,0,0,0,0,0,0,0,0,0,0,0,0,0,0,0,0,0,0,0,0,0,0,0,0,0,0,0,0,0,0,0,0,0,0,0,0,0,0,0,0,0,0,0,0,0,0,0,0,0,0,0,0,0,0,0,0,0,0,0,0,0,0,0,0,0,0,0,0,0,0,0,0,0,0,0,0,0,0,0,0,0,0,0,0,0,0,0,0,0,0,0,0,0,0,0,0,0,0,0,0,0,0,0,0,0,0,0,0,0,0,0,0,0,0,0,0,0,0,0,0,0,0,0,0,0,0,0,0,0,0,0,0,0,0,0,0,0,0,0,0,0,0,0,0,0,0,0,0,0,0,0,0,0,0,0,0,0,0,0,0,0,0,0,0,0,0,0,0,0,0,0,3,3,2,3,2,2,4,2,3,1,1,2,5,5,1,2,1,0,0,0,0,0,0,0,0,0,0,0,0,0,0,0,0,0,0,0,0,0,0,0,0,0,0,0,0,0,0,0,0,0,0,0,0,0,0,0,0,0,0,0,0,0,0,0,0,0,0,0,0,0,0,0,0,0,0,0,0,0,0,0,0,0,0,0,0,0,0,0,0,0,0,0,0,0,0,0,0,0,0,0,0,0,0,0,0,0,0,0,0,0,0,0,0,0,0,0,0,0,0,0,0,0,0,0,0,0,0,0,0,0,0,0,0,0,0,0,0,0,0,0,0,0,0,0,0,0,1,1,2,4,1,3,2,3,1,3,4,5,3,3,1,3,5,4,1,2,4,3,3,1,3,3,1,3,1,1,2,1,3,2,2,5,3,2,2,3,4,1,2,2,4,0,0,0,0,0,0,0,0,0,0,0,0,0,0,0,0,0,0,0,0,0,0,0,0,1,0,0,0,0,0,0,0,0,0,0,0,0,0,0,0,0,0,0,0,0,0,0,0,0,0,1,0,0,0,0,0,1,0,0,0,0,0,0,0,0,0,0,0,1,0,0,0,0,1,0,0,0,0,0,0,0,0,0,1,0,0,0,0,0,0,0,1,0,0,0,0,0,0,0,0,0,0,0,1,0,0,0,1,0,0,0,0,0,0,0,0,0,1,0,0,0,0,0,0,0,0,0,0,0,0,1,0,0,0,0,1,1,0,1,0,0,0,0,0,0,0,0,0,0,0,0,0,0,0,0,0,0,0,0,0,0,0,0,0,0,0,0,0,0,0,0,0,0,0,0,0,0,0,0,0,0,0,0,0,0,0,0,0,0,0,0,0,0,0,0,0,0,0,0,0,0,0,0,1,0,0,0,0,0,0,0,0,0,1,0,0,0,1,0,0,0,0,0,1,0,0,0,0,0,0,0,0,0,0,0,0,0,0,0,0,0,0,0,0,0,0,0,0,0,0,0,0,0,0,0,0,0,0,0,0,0,0,0,0,0,0,0,0,0,1,0,0,0,0,0,0,0,0,0,0,0,0,0,0,0,0,0,0,0,0,0,0,0,0,0,0,0,0,0,1,0,0,0,0,0,0,1,0,0,0,0,0,0,0,0,0,0,0,0,0,0,0,0,0,1,0,0,0,0,0,0,0,0,1,0,0,0,0,0,0,0,0,0,0,0,1,0,0,0,0,0,0,0,0,0,0,1,0,0,0,0,0,0,0,0,0,0,0,0,0,0,0,0,0,0,0,0,0,0,1,0,1,0,1,1,0,0,0,0,0,0,0,0,0,0,0,0,0,0,0,0,0,0,0,0,0,0,0,0,0,0,0,1,0,0,0,0,0,0,0,0,0,0,0,0,0,0,0,0,0,0,0,0,0,0,0,0,0,0,0,1,0,0,0,0,0,0,0,0,0,0,1,0,0,0,0,0,0,0,0,0,0,0,0,0,0,0,0,0,0,0,1,0,0,0,0,0,1,0,1,0,0,0,0,0,0,0,0,0,0,0,0,0,0,0,1,1,0,0,0,1,0,0,0,1,1,0,0,0,0,0,0,0,0,0,0,0,0,0,0,0,0,1,0,0,0,0,1,0,0,0,0,0,0,0,0,0,0,0,0,0,0,0,0,0,0,0,0,0,0,0,0,0,0,0,0,0,0,0,0,0,0,0,0,0,0,0,0,1,0,0,0,0,0,0,0,0,0,1,0,0,0,0,0,1,0,0,0,0,0,0,0,0,0,0,0,0,0,0,0,0,0,0,0,0,0,0,0,0,0,1,0,0,0,0,0,0,0,0,0,1,0,0,0,0,0,0,0,0,0,0,0,0,0,0,0,0,0,0,0,0,0,0,0,0,0,0,0,0,0,0,0,0,0,0,0,0,0,0,1,0,0,0,0,0,0,0,0,0,0,0,0,0,1,0,0,0,1,0,0,0,0,1,0,0,0,0,1,0,0,0,0,0,0,0,0,0,1,0,0,0,0,0,0,0,0,0,0,0,0,0,0,0,0,0,0,0,0,1,0,0,0,0,1,0,0,0,0,0,0,0,0,0,0,0,0,1,0,0,0,0,1,0,0,0,1,0,0,0,1,0,0,1,1,1,0,0,0,0,0,0,0,0,1,0,0,0,0,1,0,0,0,0,0,0,0,0,0,0,0,0,0,0,0,0,0,0,0,0,0,0,0,0,0,0,0,0,0,1,1,0,0,0,0,1,0,0,0,0,0,0,0,0,1,0,0,0,0,0,0,0,0,0,0,0,0,0,0,0,0,1,0,0,0,0,0,0,0,0,0,0,1,0,0,0,0,0,0,0,0,0,0,0,0,0,0,0,0,0,0,0,1,0,0,0,0,0,0,0,0,0,0,1,0,0,0,0,0,0,0,0,0,0,0,0,0,0,0,0,0,0,0,0,0,0,0,1,0,1,0,0,0,0,0,0,0,0,0,0,0,0,0,0,0,0,0,1,0,0,0,0,0,0,0,0,0,0,0,0,0,0,0,0,0,0,0,0,0,0,0,0,0,0,0,0,1,0,0,0,1,0,0,0,0,0,0,0,0,1,0,0,0,0,0,0,0,0,0,0,1,0,0,0,0,0,0,0,1,0,0,0,0,0,0,0,0,0,0,0,0,0,0,0,0,0,0,0,0,0,0,0,0,0,0,0,0,0,0,0,0,0,0,0,0,0,0,0,0,0,0,1,0,0,0,0,0,0,1,0,0,0,0,0,0,1,0,0,0,0,0,0,0,1,0,0,0,0,1.0,-0.2397000000000009,0.0574560900000004,60.053,65.16423899999997,15.0,16.0,54.0,31.0,23.0,0.0,24.0,2.0,4.0,0.0,0.0,0.0,1.0,0.0,0.0,1.0,6158.674978000011,5852.283903000001,8841.274910999999,9828.580429999996,9847.024932999992,8947.289061999987,7628.838790000005,5748.205259000006,5958.6681800000015,12735.494176609212,15909.522375853929,23781.363227712533,27004.33847838865,26770.513356352665,24864.13226802123,21340.57541039688,17630.233509451587,15943.71674010244,421.38281699999953,444.3194900000003,777.5123040000004,1022.9171600000004,1053.7937940000006,1008.4348060000004,945.0116740000004,795.6885780000014,624.3327400000006,86.90491281152684,108.20208280599998,165.06133676649017,193.6746900515841,197.8137158135273,185.6952298675841,160.35698161298012,132.71638354892286,112.51999303279187,8628.615239364626,8190.863195948955,15082.57837469343,20420.918595480533,21492.43592954819,20274.51556318831,19505.16748692532,16973.819282011424,12274.598643455134,250.1164075598232,183.5761316872428,315.62448559670787,375.1419753086421,382.15329218107007,390.2860082304526,389.19135802469134,291.6965020576131,271.16049382716045,114.04953662962984,102.67164742105264,88.41274911,75.02733152671753,71.87609440145981,68.82530047692298,62.02307959349598,54.74481199047624,75.4261794936709,235.84248475202244,279.1144276465601,237.8136322771253,206.13998838464624,195.4052069806764,191.2625559078556,173.50061309265752,167.90698580430083,201.81919924180303,7.803385499999991,7.7950787719298305,7.775123040000004,7.808527938931301,7.69192550364964,7.757190815384618,7.683021739837402,7.57798645714287,7.902946075949375,1.609350237250497,1.898282154491228,1.6506133676649015,1.4784327484853754,1.4438957358651627,1.4284248451352624,1.303715297666505,1.2639655576087891,1.4243037092758466,159.78917109934494,143.69935431489395,150.8257837469343,155.88487477466057,156.87909437626416,155.95781202452545,158.5785974546774,161.65542173344213,155.3746663728498,4.631785325181911,3.220633889249873,3.1562448559670786,2.863679200829329,2.78944008891292,3.002200063311174,3.164157382314564,2.77806192435822,3.4324113142678536,0.870274268700208,-0.3858119638951622,0.0184101529042347,-0.1380556137419249,-0.0995152130334098,0.1458079411376264,0.2050806986653773,-0.1113494757319598,-0.1423033064978442,2591.263265703704,63.31315872016598,413.4089511783277,-89.7057151330581,118.05082612208528,-1205.1295152866933,-61.50489095473289,24.87925690946396,-178.78437801097346,2741.46976949434,41.72083686944877,355.64000439243443,109.52667905251536,132.95079812517972,-1266.0833078555336,-856.8569663908031,544.2685756840049,-378.0523343690445,4.721705870370367,-0.2517745668724306,0.339501647462274,-1.81916681515776,-0.7046800785322341,0.5212579787379944,1.674598758230458,-0.615218210905343,-1.3325847548011056,13.3950214787655,-0.2536061381799098,1.2061466725456176,2.606979928095808,1.2279730969214713,-7.455707445680552,-4.291749399117247,1.2747892524082456,-1.3780584688909716,77.75152088133879,-7.258873472870758,-4.401046868908011,6.012682745927629,-0.5033471829313747,-19.18460850079061,-13.830031266646976,18.94909321240424,-22.6789848348756,84.69819486076541,-2.384459148177627,27.12526630948265,-21.17296778684958,0.944574737469543,-11.555519829837916,-19.67009135695843,-3.9906989126419496,-10.200361598099414,0.0161161901611149,-0.0067686309455291,0.0001841015290423,-0.0010538596468849,-0.0007263884163022,0.0011215995472125,0.001667322753377,-0.0010604711974472,-0.0018013076771879,47.98635677229081,1.1107571705292276,4.1340895117832765,-0.6847764513973901,0.8616848622050021,-9.270227040666873,-0.500039763859617,0.2369453038996568,-2.263093392543968,50.76795869433963,0.7319445064815573,3.556400043924344,0.8360815194848501,0.9704437819356184,-9.73910236811949,-6.966316799925228,5.18351024460957,-4.785472586949931,0.0874389975994512,-0.0044170976644286,0.0033950164746227,-0.0138867695813569,-0.0051436502082644,0.004009676759523,0.0136146240506541,-0.0058592210562413,-0.0168681614531785,0.2480559533104722,-0.0044492304943843,0.0120614667254561,0.0199006101381359,0.008963307276799,-0.0573515957360042,-0.0348922715375385,0.0121408500229356,-0.0174437780872274,1.4398429792840517,-0.1273486574187852,-0.0440104686890801,0.0458983415719666,-0.0036740670286961,-0.1475739115445431,-0.1124392785906258,0.1804675544038499,-0.2870757574034886,1.5684850900141742,-0.0418326166346952,0.2712526630948265,-0.1616257082965616,0.0068947061129163,-0.0888886140756762,-0.1599194419264913,-0.0380066563108757,-0.1291185012417647,-0.4199895184818848,0.0114233902182754,-0.065391363365001,-0.04507196856332,0.0695945838315248,0.1034563837177819,-0.0658016061392682,-0.1117700684330522,0.0231473536488734,0.0861513519644913,-0.0142702321546695,0.0179568719145307,-0.1931846396394873,-0.0104204569276315,0.0049377639778746,-0.0471611838190384,0.0144174500079548,0.0700520591213147,0.0164686849931996,0.0191152807182656,-0.1918356108575496,-0.1372187690639201,0.1021020024818824,-0.0942616703531845,-0.0505163346526782,0.0388272574918453,-0.1588166603301053,-0.0588255852591883,0.0458568472833018,0.1557042558175389,-0.067009243210699,-0.1929134815846106,-0.017936398764095,0.0486239760202803,0.0802262952069846,0.0361342155154018,-0.2312042705309384,-0.1406629071863744,0.0489439977590052,-0.0703219489571954,-0.0884462120182772,-0.030566158478589,0.0318773242862837,-0.0025517136809758,-0.102493059081986,-0.0780913476041222,0.1253383577239691,-0.1993799056798779,-0.0266707136083245,0.17293926784626,-0.1030457409672291,0.0043957740859711,-0.0566716347140239,-0.1019578974289428,-0.0242314425255596,-0.0823205155495599,1.3395906270021276,0.9736456883667516,1.145432745093768,0.9826057525321282,0.8137340790678678,0.7658141275015106,0.9574480381979024,1.308280846104548,0.6367323338831506,0.67867565409932,0.919872719588688,1.0447546519397477,1.435385557785636,0.9625221534553212,1.0115219543176674,0.9261649518711014,0.9065473448449838,0.872073901080004,0.9328854263030956,0.9729918214430944,1.1887742854074337,1.123816936878501,0.9105977436625377,1.0243115396837514,0.7808725567224946,0.8221796479024419,1.218917074973478,0.9664488962861554,0.9395346786699228,0.7776515150210362,0.9063582735653746,1.4347357665054774,0.9801445535538258,0.908296077011268,0.8858850970080036,0.9740063698311248,1.2839142664066638,1.1152649264133232,0.9341809579859478,1.0260038263758782,1.1923790018964435,1.0863196950648435,0.9763604221195278,0.9895774280109864,1.064801758742807,1.0558284564968707,0.8533587168326076,1.1807215072410848,0.6443086605746038,0.4001695120283879,0.849497137929431,0.715090651076539,0.9970111888591132,1.2352499594281283,0.9231167086486188,1.2194696593368697,306.996180482763,154.46447679600328,236.7770115764718,308.8042585527005,9.961427695248402,154.46447679600328,1.932773109243556,0.1129435452219711,0.0036433401684506,-6.760688273242473,311.20083698074865,10.038736676798344,17.795359293665086,307.0145562120168,154.47890182632676,236.8137313370962,308.8324328500317,9.962336543549416,154.47890182632676,1.943247440636668,0.1133742542296146,0.0036572340074069,-6.748888940278861,311.1208693424379,10.036157075562514,17.794562600644067,383.0347541032796,190.4215497970196,293.41778093212315,381.7161917729363,12.313425541062465,190.4215497970196,-2.1513385389813777,0.2123350719675592,0.0068495184505664,-4.803728144032165,288.5150814734375,9.306938112046373,17.560716816164383,309.15449186500166,155.31939061238154,237.69281222772244,310.54302062090755,10.017516794222823,155.31939061238154,1.4842893597614193,0.1050842268294595,0.0033898137686922,-6.984278579318231,311.08923074138374,10.035136475528509,17.79424733844135,455.6237528552898,225.0116637121673,350.09499637819465,452.4785812729591,14.596083266869652,225.0116637121673,-5.131595739592143,0.3096648131450458,0.0099891875208079,-3.6340209246164,347.17754024365524,11.199275491730814,18.13449250661205,315.59795954636854,158.43632818669604,242.98217745624345,316.7904178684228,10.219045737691056,158.43632818669604,1.274696827023547,0.1324303920194329,0.0042719481296591,-6.267264156024261,303.019816562359,9.77483279233416,17.712774434156795,315.14703258699603,157.73072753927556,237.2682785094992,316.7579693954725,10.217999012757176,157.73072753927556,2.436642638706786,0.1657637513092174,0.0053472177841683,-5.571294236517912,738.5842275990591,23.825297664485777,20.4746789579779,0.0,11.99850366834468,34.96938079000966,-0.3706833481354671,0.2589842181835541,4.105902674637556,11.085859008892644,34.0,57.0,55.0,39.0,16.0,1.0,1.0,1.0,0.0,18.0,32.99376099999999,4.1943510064140845,3.870765268704294,3.599459871632028,3.494714320122221,3.3459481616918763,3.300385645585964,3.1843865100043254,2.953449652867685,1.9793488767555216,1.936329389985088,1.7823092511068352,1.732365058663042,1.5835640828344288,1.327782041089464,1.283798940028414,1.2496297225843565,4.069824799316901,3.844225318385997,3.5603175348044864,3.3102671165509188,3.2072717480642328,3.093096086362391,2.989727448151249,2.861676778978263,1.994937164639513,1.9428351204754672,1.778676942339729,1.6874125501621606,1.621961391299116,1.3685457833222996,1.3462202357190252,1.1817223396589291,4.144158726385499,3.9054027705416807,3.6663831424848112,3.483015596211249,3.39908024817162,3.2375288479907227,3.106552193890086,3.006851441850389,1.9128557902627008,1.867434348668138,1.63959376636356,1.464417979260248,1.4333817759213996,1.1913557536887895,1.1278846639382554,0.992502894798024,4.065482168321595,3.841500475181458,3.560662979746013,3.315817244740291,3.1837060620949296,3.077455711168261,3.006182418034109,2.8580426648114066,1.9981371160172856,1.942353045780124,1.7780242187570088,1.66307685185924,1.6157109992473218,1.3937385189260876,1.3581107755072768,1.185671556501824,4.1697053052776,3.919059590953869,3.690810105332424,3.531649449086916,3.407513416831524,3.277247417854481,3.140916746738927,3.046458603710418,1.899878374074233,1.8528562166917952,1.612519801346149,1.411032106341979,1.382173332617769,1.1686889983344235,1.1044182351704843,0.9569470895368348,4.828109212004634,4.616077440109482,4.110938492334406,3.8667635065362327,3.794605632657196,3.606033922404672,3.457522417896931,3.164098230411148,1.9146010109529703,1.8430879399805,1.7686016025003066,1.567246599152154,1.5582449536140284,1.1834757177375266,1.1199282606271406,0.9015195708611806,1.0,0.0,1.0,11.0,3.0,4.0,3.0,1.0,0.0,0.0,0.0,0.160375074774896,0.5525050867779924,1.0705626661094492,0.0,0.0,0.0925005721555376,0.2581756030839873,0.4372458012125921,2.4365543626964383,0.0,0.4380783712044485,0.0,1.1836382582239835,0.0,0.19107476008047,0.0,4.925857644434196,8.623087217428962,12.335201154481943,2.245086057375004,3.549168683604292,4.406190408835912,22.12059138570063,14.867412398353688,13.888472739914445,11.109915745395226,9.917090032256173,8.164360677877033,5.913077068730715,4.3915255384934815,0.713567464054859,0.4372768352456967,0.2834382191819274,0.1683320567484125,0.1066353766909265,0.0691894972701443,0.0441274408114232,0.027794465433503,18.147508355182342,10.607398275730226,8.38883792075954,5.849670540967939,4.559375800447994,3.147950990279152,1.9104862403162064,1.2280917516255982,0.5854034953284627,0.3119823022273595,0.1712007738930518,0.0886313718328475,0.0490255462413762,0.0266775507650775,0.0142573600023597,0.0077727326052253,35.69699918583352,54.62454479242542,52.86274509803914,53.42800000000005,37.72708922155692,406.8978556886228,0.6610555404783985,1.0115656443041745,0.978939724037762,0.9894074074074084,0.6986498003992021,7.535145475715236,6.127270000000005,121.67580000000004,374.9068039067809,528.8675724579298,749.8136078135617,24.18753573592135,374.9068039067809,0.2337990368985651,0.0075419044160827,-4.505209382803817,229.24590618084704,7.395029231640227,16.84786528595113,878.0,1.0,0.0,6.0,16.0,1.0,0.0,0.0,1.0,1.0,0.0,0.0,1.0,0.0,1.0,0.0,0.0,0.0,0.0,0.0,0.0,0.0,0.0,0.0,0.0,0.0,6.0,0.0,7.0,1.0,0.0,6.0,0.0,0.0,0.0,0.0,0.0,0.0,0.0,0.0,2.0,0.0,4.0,0.0,0.0,6.0,2.0,0.0,1.0,1.0,6.0,2.0,0.0,0.0,0.0,0.0,0.0,0.0,0.0,1.0,0.0,0.0,0.0,0.0,0.0,1.0,0.0,1.0,1.0,2.0,0.0,0.0,0.0,0.0,0.0,0.0,0.0,0.0,0.0,0.0,0.0,0.0,0.0,0.0,0.0,0.0,0.0,0.0,0.0,0.0,0.0,0.0,1.0,0.0,0.0,0.0,0.0,0.0,0.0,0.0,0.0,0.0,0.0,0.0,0.0,0.0,0.0,0.0,0.0,0.0,0.0,0.0,0.0,0.0,0.0,0.0,0.0,0.0,0.0,0.0,0.5954961350321768,0.0,35.11774186525148,20.68817370190624,6.693919593940767,0.0,0.0,1.3610862718502972,0.3799403675201319,0.0,0.0,3.5922594536211783,0.0,0.5954961350321768,0.0,0.0,0.0,0.0,0.0,0.0,0.0,0.0,0.0,0.0,0.0,3.21078384456762,0.0,3.874275965620312,0.6706294990606513,0.0,3.21078384456762,0.0,0.0,0.0,0.0,0.0,0.0,0.0,0.0,3.863681722426308,0.0,2.316701768028636,0.0,0.0,11.638789583351825,0.1082355234413743,0.0,2.1908767437864034,-0.7376766723113801,5.264367535628509,2.331816511450882,0.0,0.0,0.0,0.0,0.0,0.0,0.0,9.417811097958309,0.0,0.0,0.0,0.0,0.0,2.2856340986608634,0.0,9.240997646555185,11.24091190546362,11.712174984581248,0.0,0.0,0.0,0.0,0.0,0.0,0.0,0.0,0.0,0.0,0.0,0.0,0.0,0.0,0.0,0.0,0.0,0.0,0.0,0.0,0.0,0.0,0.6380232299905731,0.0,0.0,0.0,0.0,0.0,0.0,0.0,0.0,0.0,0.0,0.0,0.0,0.0,0.0,0.0,0.0,0.0,0.0,0.0,0.0,0.0,0.0,0.0,0.0,0.0,0.0,0.0,0.5954961350321768,0.0,0.6380232299905731,-0.7376766723113801,6.693919593940767,0.0,0.0,1.3610862718502972,0.3799403675201319,0.0,0.0,3.5922594536211783,0.0,0.5954961350321768,0.0,0.0,0.0,0.0,0.0,0.0,0.0,0.0,0.0,0.0,0.0,0.5009875108407305,0.0,0.4369428561350559,0.6706294990606513,0.0,0.5009875108407305,0.0,0.0,0.0,0.0,0.0,0.0,0.0,0.0,1.931840861213154,0.0,0.1911171031931,0.0,0.0,1.804607861102452,0.0069296333548554,0.0,2.1908767437864034,-0.7376766723113801,0.5013845304727338,1.1609808522118437,0.0,0.0,0.0,0.0,0.0,0.0,0.0,9.417811097958309,0.0,0.0,0.0,0.0,0.0,2.2856340986608634,0.0,9.240997646555185,11.24091190546362,5.679794180922336,0.0,0.0,0.0,0.0,0.0,0.0,0.0,0.0,0.0,0.0,0.0,0.0,0.0,0.0,0.0,0.0,0.0,0.0,0.0,0.0,0.0,0.0,0.6380232299905731,0.0,0.0,0.0,0.0,0.0,0.0,0.0,0.0,0.0,0.0,0.0,0.0,0.0,0.0,0.0,0.0,0.0,0.0,0.0,0.0,0.0,0.0,0.0,0.0,0.0,0.0,0.0,0.5954961350321768,0.0,11.24091190546362,2.1908767437864034,6.693919593940767,0.0,0.0,1.3610862718502972,0.3799403675201319,0.0,0.0,3.5922594536211783,0.0,0.5954961350321768,0.0,0.0,0.0,0.0,0.0,0.0,0.0,0.0,0.0,0.0,0.0,0.5676540777113995,0.0,0.6706294990606513,0.6706294990606513,0.0,0.5676540777113995,0.0,0.0,0.0,0.0,0.0,0.0,0.0,0.0,1.931840861213154,0.0,0.8956267403813087,0.0,0.0,2.072399811521384,0.1013058900865189,0.0,2.1908767437864034,0.0,1.294278282294988,1.1708356592390383,0.0,0.0,0.0,0.0,0.0,0.0,0.0,9.417811097958309,0.0,0.0,0.0,0.0,0.0,2.2856340986608634,0.0,9.240997646555185,11.24091190546362,6.032380803658912,0.0,0.0,0.0,0.0,0.0,0.0,0.0,0.0,0.0,0.0,0.0,0.0,0.0,0.0,0.0,0.0,0.0,0.0,0.0,0.0,0.0,0.0,0.6380232299905731,0.0,0.0,0.0,0.0,0.0,0.0,0.0,0.0,0.0,0.0,0.0,0.0,0.0,0.0,0.0,0.0,0.0,0.0,0.0,0.0,0.0,0.0,0.0,0.0,0.0,0.0,0.0,71.51234567901234,2.306849860613301,0.8136750362832612,11.24091190546362,-0.2120500370930267,-0.7376766723113801,8.717204296489355,2.404343338978047,4.240911905463619,32.06780299852631,2.4811608972770864,4.184474515692896,36.0690849980917,14.84761,0.47896,0.0,0.02104,0.61393,0.84685,0.44253,0.5493,0.82976,0.1714,0.06463,-0.10677,0.01709,0.56557,0.14872,0.0,0.1873,0.39737,0.0,40.75,1.31452,19.75,0.6371,21.0,0.67742,1.25,0.04032,1.5,0.04839,27.53658,0.88828,58.58677,31.05018,1.00162,7.25188,0.23393,14.86734,7.61546,0.24566,0.54666,0.01763,0.89066,0.02873,0.3703703703703703,226.07,4.0,5.0,5.0,6.0,1.0,1.0,0.3478260869565217,1.6052388909297826,3.8841550945958057,4.958229168669878,5.245447224305563,5.2824842613426,5.2824842613426,86.68290011020825,209.7443751081735,267.7443751081734,283.2541501125004,285.2541501125004,285.2541501125004,0.2789348862729837,0.6749315417782905,0.8615683915290963,0.9114769354454992,0.9179126888851824,0.9179126888851824,4.149648611233687,1.870732407567664,0.7966583334935908,0.5094402778579061,0.4724032408208689,0.4724032408208689,0.2636958832918433,0.6380581197597941,0.814498469719033,0.8616803685044211,0.8677645185030155,0.8677645185030155,17.40971876071403,40.2810456258884,45.07575287762681,45.77233601514624,45.80966286818328,45.80966286818326,100.11532512498567,44.22423058103641,29.684379178605813,27.515178251558083,27.37610834407055,27.37610834407055,24.13494809688581,10.508121615993335,5.3994490358126725,4.0,10.0,2.0,3.33,3.182600000000001,0.4999999999999999,2.66511651515062,3.0269944904420187,0.0,11.68580943404251,28.05608251499698,0.0,11.903623025962322,0.0,0.0,0.4999999999999999,0.3442651863295481,0.1666666666666666,0.0,0.0,0.0909090909090909,0.0,0.0,0.0,0.591,1.466,1.44,2.7940000000000005,2.4880000000000004,16.381,49.0,66.0,93.0,118.0,134.0,158.0,175.0,187.0,205.0,1250.0,3.828641396489095,4.43970574626056,5.057041666910411,5.701488178102828,6.252866810539282,6.595929922198252,7.00541355212903,7.357748007291119,7.562660954308202,7.875227658386565,9.11470240408021,7.26954375,0.4705882352941176,4.0,0.0,0.0,2.0,2.0,0.0,0.0,0.0,0.0,0.0,0.0,0.0,3.0,0.0,0.0,0.0,0.0,1.0,1.0,0.0,0.0,1.0,0.0,7.0,0.0,2.0,2.0,0.0,1.0,1.0,0.0,0.0,1.0,0.0,2.0,0.0,0.0,2.0,0.0,0.0,0.0,0.0,0.0,0.0,0.0,0.0,0.0,0.0,0.0,0.0,0.0,1.0,1.0,0.0,0.0,1.0,0.0,0.0,0.0,2.0,0.0,0.0,1.0,1.0,0.0,0.0,1.0,0.0,7.0,0.2058823529411764,11.0,0.3235294117647059,0.0,9.0,17.0,0.8888888888888888,7.0,3.333333333333332,2.6388888888888884,2.156666666666668,1.281944444444444,0.6883446712018141,0.4140802154195012,0.3381519274376416,0.2550077160493828,0.1938577696153453,0.2058823529411764,0.0680272108843537,0.0527777777777777,0.0449305555555555,0.0298126614987079,0.0196669906057661,0.0138026738473167,0.011271730914588,0.0094447302240512,0.0071799173931609,0.4983153248706461,204.0133944188629,314.696960739476,408.02678883772586,13.162154478636316,204.0133944188629,0.1445263648380723,0.0046621408012281,-5.996309330582153,313.4468885938141,10.111189954639164,17.81765278717552,84.48,387.53516289941314,5.954196310386876,5.117993812416755,5.983936280687191,6.890609120147166,7.783640596221253,8.698013622083925,9.60434000197507,10.523606946562516,11.438255796633198,12.36135268738799,143.40174886411504,4.23410650459726,0.0,5.579729825986222,3.044522437723423,7.107425474110705,5.53338948872752,8.729882284826589,7.742835955430749,10.411178267606632,10.682170021202335,438.1346348960007,8.113604349925938,63.34455265899843,2.0433726664193044,19.57600158252513,10.910656690693203,6.047987650029917,3047.0,50.0,4.186000000000001,166.0,1.0,1.6720978579357173
0,0,0,0,0,0,0,0,0,0,0,0,0,0,0,0,0,0,0,0,0,0,0,0,0,0,0,0,0,0,0,0,0,0,0,0,0,0,0,0,0,0,0,0,0,0,0,0,0,0,0,0,0,0,0,0,0,0,0,0,0,0,0,0,0,0,0,0,0,0,0,0,0,0,0,0,0,0,0,0,0,0,0,0,0,0,0,0,0,0,0,0,0,0,0,0,0,0,0,0,0,0,0,0,0,0,0,0,0,0,0,0,0,0,0,0,0,0,0,0,0,0,0,0,0,0,0,0,0,0,0,0,0,0,0,0,0,0,0,0,0,0,0,0,0,0,0,0,0,0,0,0,0,0,0,0,0,0,0,0,0,0,0,0,0,0,0,0,0,0,0,0,0,0,0,0,0,0,0,0,0,0,0,2,4,3,1,2,2,5,1,2,1,2,3,4,2,2,2,2,5,0,0,0,0,0,0,0,0,0,0,0,0,0,0,0,0,2,3,2,3,0,0,0,0,0,0,0,0,0,0,0,0,0,0,0,0,0,1,5,2,5,1,2,0,0,0,0,0,0,0,0,0,0,0,0,0,0,0,0,0,0,0,0,0,0,0,0,0,0,0,0,0,0,0,0,0,0,0,0,0,0,0,0,0,0,0,0,0,0,0,0,0,0,0,0,0,0,0,0,0,0,0,0,0,0,0,0,0,0,0,0,0,0,0,0,0,0,0,0,0,0,0,0,0,0,0,0,0,0,0,0,0,0,0,0,0,0,0,0,0,0,0,0,0,0,0,0,0,0,0,0,0,0,0,0,0,0,0,0,0,0,0,0,0,0,0,0,0,0,0,0,0,0,0,0,0,0,0,0,0,0,0,0,0,0,0,0,0,0,0,0,0,0,0,0,0,0,0,0,0,0,0,0,0,0,0,0,0,0,0,0,0,0,0,0,0,0,0,0,0,0,0,0,0,0,0,0,0,0,0,0,0,5,2,3,1,1,2,1,0,0,0,0,0,0,0,0,0,0,0,0,0,0,0,0,0,0,0,0,0,0,0,0,0,0,0,0,0,0,0,0,0,0,0,0,0,0,0,0,0,0,0,0,0,0,0,0,0,0,0,0,0,0,0,0,0,0,0,0,0,0,0,0,0,0,0,0,0,0,0,0,0,0,0,0,0,0,0,0,0,0,0,0,0,0,0,0,0,0,0,0,0,0,0,0,0,0,0,0,0,0,0,0,0,0,0,0,0,0,0,0,0,0,0,0,0,0,0,0,0,0,0,0,0,0,0,0,0,0,0,0,0,0,0,0,0,0,0,0,0,0,0,0,0,0,0,0,0,2,5,2,4,0,0,0,0,0,0,0,0,0,0,0,0,0,0,0,0,0,0,0,0,0,2,2,2,1,2,2,2,1,0,0,0,0,0,0,0,0,0,0,0,2,2,2,2,2,4,3,2,2,0,0,0,0,0,0,2,2,2,2,2,0,0,1,0,0,0,0,5,5,0,0,0,0,0,0,0,0,0,0,0,1,5,2,5,0,0,0,0,0,2,0,0,0,0,0,0,0,1,2,2,2,2,2,1,0,0,0,0,0,0,0,0,0,0,0,0,0,0,0,3,2,3,0,2,3,4,0,0,0,0,0,0,0,0,0,0,0,0,0,0,0,0,0,0,0,0,0,0,0,0,0,0,0,0,0,0,0,0,2,2,2,1,2,2,2,2,2,0,0,0,0,0,0,0,0,0,0,0,0,0,0,0,0,0,0,0,0,0,0,0,0,3,2,2,2,3,1,1,2,3,2,0,0,0,5,2,3,0,0,0,0,0,0,0,1,2,0,0,0,0,0,0,0,2,2,2,0,0,0,0,0,0,0,0,0,0,0,0,0,0,0,0,0,0,0,0,0,0,0,0,0,0,0,0,0,0,0,0,0,0,0,0,0,0,0,0,0,0,0,0,0,0,0,0,0,0,0,0,0,0,0,0,0,0,0,0,0,0,0,0,0,0,0,2,5,4,0,1,1,2,2,2,2,2,3,2,0,0,0,3,2,2,3,0,0,0,0,0,0,0,0,0,0,0,0,2,2,0,0,0,0,0,0,0,0,0,0,0,0,0,0,0,0,0,0,0,0,0,0,0,0,0,0,0,0,0,0,0,2,2,2,2,4,5,0,0,0,0,0,0,0,0,0,0,0,0,0,0,0,0,0,0,0,0,0,0,0,0,0,0,0,0,0,0,0,0,0,0,3,0,0,0,0,0,0,0,0,0,0,0,0,0,0,0,0,0,0,0,0,0,0,0,0,0,0,2,3,0,0,0,0,0,0,2,2,5,5,1,1,0,0,0,0,0,0,0,0,0,0,0,0,0,0,0,0,0,0,0,0,0,0,2,1,2,0,0,0,0,0,0,0,0,0,3,3,5,0,0,1,5,0,0,0,0,0,0,0,0,0,0,0,0,0,0,0,3,2,0,0,0,0,2,2,2,0,0,0,0,2,2,2,2,1,0,0,0,2,3,2,2,2,1,0,0,2,2,1,2,2,0,0,0,0,0,0,0,0,0,0,0,0,1,2,3,0,0,0,0,0,0,0,0,0,0,0,0,0,0,0,0,0,0,0,0,0,0,0,0,0,0,0,0,0,0,0,0,0,0,0,0,0,0,0,1,2,0,0,0,0,1,0,0,0,0,0,0,0,0,0,0,0,0,0,0,0,0,0,0,0,0,0,0,0,0,0,0,0,0,0,0,0,0,0,0,0,0,0,0,0,0,0,0,0,0,0,0,0,0,0,0,0,0,0,0,0,0,0,0,0,0,0,0,0,0,0,0,0,0,0,0,0,0,0,0,0,0,0,0,0,0,0,0,0,0,0,5,2,0,0,0,0,0,0,4,2,0,0,0,0,0,0,0,0,0,0,0,0,1,3,3,2,0,0,0,0,0,0,0,0,0,0,0,0,0,0,0,0,0,0,0,0,0,0,0,0,0,0,0,0,0,0,0,0,0,0,0,0,0,0,0,0,0,0,0,2,1,0,0,0,0,0,0,0,0,0,0,0,0,0,0,0,0,0,0,0,0,0,0,2,2,2,5,0,0,0,0,0,0,0,2,2,0,0,0,0,0,0,0,0,2,2,2,1,0,0,0,0,2,2,2,2,0,2,1,2,2,2,0,2,2,0,0,0,0,0,0,0,0,0,0,0,0,0,0,0,0,0,0,1,2,2,0,0,0,0,0,0,0,0,0,0,0,0,0,0,0,0,2,2,5,2,2,1,0,0,0,0,0,0,0,3,2,0,3,4,2,4,1,1,2,0,1,1,4,3,3,3,1,3,4,1,1,0,4,0,0,1,3,2,2,2,4,0,3,1,2,2,3,4,0,2,1,3,1,0,1,2,4,0,0,1,4,2,1,1,2,0,2,3,4,1,2,4,0,3,4,4,2,0,3,1,3,3,1,4,4,1,3,4,2,2,0,2,3,3,3,2,4,0,4,3,3,1,3,2,3,0,4,3,0,2,4,0,4,4,2,0,2,4,2,3,2,3,1,0,2,2,1,0,3,2,2,2,4,4,0,3,3,0,3,2,4,2,0,1,1,0,0,3,0,1,3,1,1,3,2,4,0,0,0,1,0,4,0,3,4,2,3,3,4,2,0,2,2,0,0,1,4,3,1,2,0,4,0,4,4,2,4,3,2,0,3,0,1,2,3,3,3,4,1,3,1,2,0,1,0,3,0,1,2,0,3,2,2,2,4,0,0,2,1,4,3,3,2,0,3,2,3,3,2,4,2,3,4,0,0,1,2,4,4,0,0,2,2,3,4,1,2,4,1,0,0,1,1,1,4,3,2,4,3,4,1,1,1,1,3,0,0,0,1,1,4,4,3,4,0,2,3,4,0,0,3,3,0,2,1,1,4,4,1,4,0,4,0,1,4,1,4,2,3,4,2,2,0,1,3,4,4,2,4,2,4,4,4,2,4,1,2,1,4,3,0,0,4,4,3,4,0,3,3,0,0,3,3,4,4,1,3,1,4,1,2,3,4,2,1,1,2,0,0,0,3,4,3,4,2,2,3,4,2,2,4,0,3,2,1,1,4,1,2,1,4,4,3,0,0,3,0,0,0,0,0,0,0,0,0,0,0,0,0,0,0,0,0,0,0,0,0,0,0,0,0,0,0,0,0,0,0,0,0,0,0,0,0,0,0,0,0,0,0,0,0,0,0,0,0,0,0,0,0,0,0,0,0,0,0,0,0,0,0,0,0,0,0,0,0,0,0,0,0,0,0,0,0,0,0,0,0,2,1,2,0,2,2,2,3,3,2,2,3,1,2,2,0,0,0,0,0,0,0,2,3,2,3,3,5,4,0,2,5,0,5,2,0,0,0,0,2,2,5,2,0,0,0,0,0,0,0,0,0,0,0,0,0,0,0,0,0,0,0,0,0,0,0,0,0,0,0,0,0,0,0,0,0,0,0,0,0,0,0,0,0,0,0,0,0,0,0,0,0,0,0,0,0,0,0,0,0,0,0,0,0,0,0,0,0,0,0,0,0,0,0,0,0,0,0,0,0,0,0,0,0,0,0,0,0,0,0,0,0,0,0,0,0,0,0,0,2,1,1,1,5,5,3,1,1,5,4,1,3,1,3,3,0,0,0,0,0,0,0,0,0,0,0,0,0,0,0,0,0,0,0,0,0,0,0,0,0,0,0,0,0,0,0,0,0,0,0,0,0,0,0,0,0,0,0,0,0,0,0,0,0,0,0,0,0,0,0,0,0,0,0,0,0,0,0,0,0,0,0,0,0,0,0,0,0,0,0,0,0,0,0,0,0,0,0,0,0,0,0,0,0,0,0,0,0,0,0,0,0,0,0,0,0,0,0,0,0,0,0,0,0,0,0,0,0,0,0,0,0,0,0,0,0,0,0,0,0,0,0,0,0,0,0,0,0,0,0,0,0,0,0,0,0,0,0,0,0,0,0,0,0,0,0,0,0,0,0,0,0,0,0,0,0,0,0,0,0,0,0,0,0,0,0,0,0,0,0,0,0,0,0,0,0,0,0,0,0,0,0,0,0,0,0,0,0,0,0,0,0,0,0,0,0,0,0,0,0,0,0,0,0,0,0,0,0,0,0,0,0,0,0,0,0,0,0,0,0,0,0,0,0,0,0,0,0,0,0,0,0,0,0,0,0,0,0,0,0,0,0,0,0,0,0,0,0,0,0,0,0,0,0,0,0,0,0,0,0,0,0,0,0,0,0,0,0,0,0,0,0,0,0,0,0,0,0,0,3,3,2,3,2,2,4,2,3,1,1,2,5,5,1,2,1,0,0,0,0,0,0,0,0,0,0,0,0,0,0,0,0,0,0,0,0,0,0,0,0,0,0,0,0,0,0,0,0,0,0,0,0,0,0,0,0,0,0,0,0,0,0,0,0,0,0,0,0,0,0,0,0,0,0,0,0,0,0,0,0,0,0,0,0,0,0,0,0,0,0,0,0,0,0,0,0,0,0,0,0,0,0,0,0,0,0,0,0,0,0,0,0,0,0,0,0,0,0,0,0,0,0,0,0,0,0,0,0,0,0,0,0,0,0,0,0,0,0,0,0,0,0,0,0,0,1,1,2,4,1,3,2,3,1,3,4,5,3,3,1,3,5,4,1,2,4,3,3,1,3,3,1,3,1,1,2,1,3,2,2,5,3,2,2,3,4,1,2,2,4,0,0,0,0,0,0,0,0,0,0,0,0,0,0,0,0,0,0,0,0,0,0,0,0,0,0,0,0,1,0,0,0,0,0,0,0,1,0,0,0,0,0,0,0,0,0,0,0,0,0,0,0,0,0,1,1,1,0,0,0,0,0,0,1,0,1,0,0,0,0,0,0,0,0,0,0,0,0,0,0,0,0,0,0,0,0,0,1,0,0,0,0,0,0,0,0,0,0,0,0,0,0,1,1,0,0,0,0,0,1,1,0,0,0,0,0,0,0,0,0,0,0,1,0,0,0,0,0,0,0,0,0,0,0,0,0,0,0,0,0,0,0,0,0,1,0,0,0,0,0,0,0,0,0,0,0,0,0,0,0,0,0,0,0,0,0,0,1,0,0,0,0,0,0,0,0,0,0,0,0,0,0,0,0,0,0,0,0,0,0,0,0,0,0,0,0,0,0,1,0,1,0,0,0,0,0,0,0,0,0,0,0,0,0,0,0,0,0,0,0,0,0,0,0,0,0,1,0,0,0,0,0,0,0,0,0,0,0,0,0,0,0,0,0,0,0,0,0,0,0,0,0,0,0,0,0,0,0,0,0,0,0,0,0,0,0,0,0,0,0,0,0,0,0,0,0,0,0,0,0,0,0,0,0,0,0,0,0,0,0,0,0,0,0,0,0,1,0,0,0,0,0,0,0,1,0,0,0,0,0,0,0,0,1,1,1,0,0,0,0,0,0,0,0,0,0,0,0,0,0,0,0,0,0,0,0,0,1,0,0,1,0,0,0,0,0,0,0,0,0,0,0,0,0,0,0,0,0,1,0,0,0,0,0,0,0,0,0,0,0,0,0,0,0,0,0,0,0,0,1,0,0,0,0,0,0,0,0,0,0,0,0,0,0,0,0,1,0,0,0,0,0,0,0,0,0,0,0,0,0,0,0,1,0,0,0,0,0,0,0,0,0,0,0,0,0,0,0,0,0,0,0,0,0,0,0,0,0,0,0,0,0,0,0,0,0,0,0,0,0,0,0,0,0,0,0,0,0,0,0,0,0,0,0,0,0,0,0,0,0,0,0,0,0,0,0,0,0,0,0,0,0,0,0,0,0,0,0,0,0,0,0,0,0,0,0,0,0,0,0,0,1,0,0,0,0,0,0,0,1,0,0,0,0,0,0,0,0,0,0,0,0,0,0,0,0,0,0,0,0,0,0,0,0,0,0,0,0,0,0,0,0,0,0,0,0,0,0,0,0,0,0,0,0,0,0,0,0,0,0,0,0,0,0,0,0,0,0,0,0,0,0,0,0,0,0,0,0,0,0,0,0,0,0,0,0,0,0,0,0,0,0,0,0,0,0,0,0,0,0,0,0,0,0,0,0,0,0,0,0,0,0,0,0,0,0,0,0,0,0,0,0,0,0,0,0,0,0,0,0,0,0,0,0,0,1,0,0,0,0,0,0,0,0,0,0,0,0,0,0,0,0,0,0,0,0,1,0,0,0,0,0,0,0,0,0,0,0,0,0,0,0,0,1,0,0,0,0,0,0,0,0,1,0,0,0,0,0,0,0,0,0,0,0,0,0,0,0,1,0,0,0,0,0,0,0,0,0,0,1,0,0,0,0,0,0,0,1,1,0,0,1,0,0,0,0,1,0,0,0,0,0,0,0,0,0,0,0,0,0,1,0,0,0,0,0,0,0,1,1,0,0,0,1,0,0,0,0,0,0,0,0,0,0,1,1,0,0,0,0,0,0,0,0,0,0,0,0,0,0,0,0,0,0,0,0,0,1,0,0,0,0,0,0,0,0,0,0,1,0,0,0,1,0,0,0,0,0,0,0,0,0,1,0,1,0,0,0,0,0,0,0,0,0,1,1,0,0,0,0,0,0,0,0,0,0,0,0,0,0,0,0,0,0,0,0,0,0,0,0,0,0,0,0,0,1,0,0,0,0,0,0,0,0,1,0,0,0,0,0,0,0,1,0,0,0,0,0,0,1,0,0,0,0,0,0,1,0,0,0,0,0,0,0,0,0,0,0,1,1,0,0,1,0,0,0,1,0,0,0,0,0,0,0,0,0,0,0,1,0,0,0,0,0,0,0,0,0,0,0,0,0,0,0,0,0,0,0,0,0,0,0,0,0,0,0,1,0,0,0,0,0,0,0,0,0,0,0,1,0,0,0,0,0,0,0,0,0,0,0,0,0,0,0,0,0,0,0,0,0,0,0,0,1,1,0,0,0,0,0,0,0,0,0,0,0,0,0,0,0,0,0,1,0,0,0,0,0,0,0,1,0,0,0,0,0,0,0,0,0,0,0,0,0,0,0,0,0,1,0,0,0,0,0,0,0,0,0,0,0,0,0,0,1,0,0,0,0.0,1.2832000000000026,1.6466022400000069,72.4063,61.43382499999996,11.0,11.0,52.0,27.0,25.0,0.0,21.0,3.0,2.0,1.0,0.0,0.0,0.0,0.0,0.0,0.0,5183.315890000011,5303.445039,7766.659344000004,8021.568839999995,7020.304983000002,7755.648858000007,7620.223839000007,6085.812161000008,4773.786480000003,11430.449857869606,14126.432894674192,20149.055190815547,22232.444050885595,22260.55903692893,22223.92606211977,22418.71966912549,20068.165645121426,16541.724414870157,392.3646249999997,415.096344,718.1205760000013,803.233012,946.0810820000002,928.0195000000016,937.6893220000004,933.388526000001,824.314780000001,83.00863062122485,100.86102774999992,146.84787166273503,166.65550356079203,178.28611479128207,173.90196009516828,174.36520301922522,161.00198237467808,133.598609717829,8397.575345731324,7859.383626553501,14630.140807116994,16161.215433527408,19790.16069676628,19829.60283966472,19588.86201528112,19610.83535620188,17820.859733341404,173.8645404663923,155.88271604938274,243.9228395061729,286.31172839506166,308.20061728395063,284.94135802469134,324.23148148148164,327.20987654321,270.03703703703707,99.67915173076943,98.21194516666668,83.51246606451618,76.39589371428568,55.71670621428573,62.045190864000055,60.96179071200005,49.47814765040657,43.39805890909094,219.81634342056927,261.6006091606332,216.6565074281241,211.73756238938665,176.67110346768993,177.7914084969582,179.34975735300395,163.15581825301973,150.37931286245598,7.545473557692302,7.686969333333334,7.721726623655928,7.64983820952381,7.508580015873017,7.4241560000000115,7.501514576000003,7.588524601626024,7.493770727272736,1.5963198196389394,1.867796810185184,1.579009372717581,1.587195272007543,1.4149691650101752,1.3912156807613465,1.3949216241538018,1.3089592062981958,1.2145328156166273,161.49183357175622,145.54414123247224,157.31334201201068,153.9163374621658,157.06476743465302,158.63682271731776,156.71089612224895,159.4376858227795,162.00781575764913,3.3435488551229287,2.886716963877458,2.6228262312491704,2.7267783656672537,2.4460366451107194,2.2795308641975307,2.593851851851853,2.660242898725284,2.454882154882155,0.5687101593301004,-0.2550860772868994,-0.0215877808985746,0.0201702906953948,-0.0655531460667235,0.0014894100371143,0.0019169462402533,0.1315825228104044,-0.0874734831511832,2354.855888076924,200.67769618935085,760.4249309008884,-155.93234457840043,-1161.790662724849,662.8013210843194,19.01904669970454,-1602.3932363742608,-667.2752607396441,2741.0466862300427,-88.91975799727803,1028.8073151525412,-487.4811667985275,-1160.6261514159887,682.5570832077,-308.78910036324896,-1076.0668618910513,-912.6214967429316,2.8840486730769173,0.0311112625739613,0.0347038154585744,-0.0970840514053299,-0.5101533616863908,0.7615172666420137,0.5378489781804731,-0.2833310151627241,-1.1040936161242605,14.82657108986685,-0.7549214487939055,5.939604752100586,-1.7243173208006208,-5.248521361672219,1.3345973737448549,-2.476088357533235,-6.651841215972361,-1.7380298649042,80.81240156082055,-20.869776633387204,26.62261812456473,-6.013927303418308,-17.907300716102093,11.33498137849809,-17.28155128285694,-13.776219459566509,-4.824326243739376,46.70878838239957,-1.8273494634783776,-2.884575181005019,-3.0554291107620832,-3.7456354351831607,4.6626413594451375,1.442028296239484,-1.4258053150948389,-18.657954531619108,0.0109367338332711,-0.0047238162460536,-0.0002321266763287,0.0001920980066228,-0.0005202630640216,1.191528029691473e-05,1.5335569922026664e-05,0.0010697766082146,-0.0007952134831925,45.28569015532547,3.716253633136127,8.176612160224606,-1.4850699483657184,-9.22056081527658,5.302410568674556,0.1521523735976363,-13.027587287595615,-6.066138733996764,52.71243627365467,-1.6466621851347782,11.062444248952056,-4.642677779033595,-9.211318662031657,5.460456665661599,-2.470312802905992,-8.74851107228497,-8.296559061299378,0.0554624744822484,0.0005761344921103,0.0003731593060061,-0.000924610013384,-0.0040488362038602,0.0060921381331361,0.0043027918254437,-0.0023035041883148,-0.0100372146920387,0.285126367112824,-0.0139800268295167,0.0638667177645224,-0.0164220697219106,-0.041654931441843,0.0106767789899588,-0.0198087068602658,-0.0540800098859541,-0.015800271499129,1.5540846454003951,-0.386477345062726,0.286264711016825,-0.0572754981277934,-0.1421214342547785,0.0906798510279847,-0.1382524102628555,-0.1120017842241179,-0.0438575113067216,0.898245930430761,-0.0338398048792292,-0.0310169374301614,-0.0290993248644007,-0.0297272653585965,0.0373011308755611,0.0115362263699158,-0.0115919131308523,-0.1696177684692646,-0.4319220270025357,-0.0212244971732415,0.0175644767031284,-0.0475702409835464,0.001089473372815,0.0014022074739876,0.0978149989314224,-0.0727103260731661,0.082062426792873,0.1805562006934117,-0.0327933601822578,-0.2036087069370249,0.1170879929286228,0.0033598333839181,-0.2876755823508987,-0.1339526617169906,-0.031238590009124,0.2098640288891559,-0.08807556825739,-0.1747465932747148,0.1035895331665916,-0.0468639466800861,-0.1659667374671775,-0.1573928212732968,0.0103878252365894,0.0067281402333682,-0.016670911675245,-0.0730013624825941,0.1098425230754172,0.0775802353863774,-0.0415326616747347,-0.1809730774859548,-0.0490309857032089,0.2239944288956288,-0.0575957596913949,-0.1460928775673707,0.0374457792103599,-0.0694734305383535,-0.1896703220875913,-0.0554149784852305,-0.2486848745379334,0.1842014924116772,-0.0368548124436535,-0.0914502531605428,0.0583493642359627,-0.0889606693380823,-0.0720692946523911,-0.0282207995790487,-0.037673207005793,-0.0345305627104673,-0.0323957213482124,-0.0330947954802762,0.0415266349803255,0.0128430599895772,-0.012905054994564,-0.1888322147899107,1.4752470731641034,1.3695863093703986,1.2102729357020854,0.8878668733672057,0.8383324078979885,0.9359859553062534,0.9668913219953832,1.0674369281320937,0.7841092352044392,0.811988076666811,1.024065821550762,1.3140585563364149,0.9555900086665914,1.019765028696124,1.4944677444715022,0.9970237227491384,1.026717172071988,0.7405159526302517,1.063096386840521,1.1747085571551088,0.9084192557346136,1.0475450976119007,1.1543967288568602,1.107430975686633,0.7795409160157697,1.1655405950085231,0.9791394341141808,0.9239090324383564,0.6126929786225815,0.8689553069596078,1.2425286603513477,1.2301716133333405,1.052502185389106,0.7572648230918445,1.0792764876183611,1.248508582311671,1.0372508617178782,1.1122315792500774,1.3292569118672632,0.9237491333430596,1.4065910809211677,0.9219307194163248,1.1440272014908552,1.1416691880425127,0.9586881179799144,1.0838586259192808,1.0865004530790328,0.9872189214290444,0.6359959363645742,0.7774936915919114,0.97563246668183,1.101324774292422,0.6671440384370186,1.1925754235023074,1.4357322612207415,1.5343526148278153,224.34615698741896,112.65808242324589,165.92271600821738,225.55449032075225,8.353870011879712,112.65808242324589,1.5535714285713595,0.0508617749859884,0.0018837694439254,-8.04233777439931,270.6737898412014,10.024955179303756,15.12246879439535,224.37861503187173,112.6722041900786,165.93810128108214,225.585252006598,8.355009333577707,112.6722041900786,1.5513903960767124,0.050813745016416,0.0018819905561635,-8.04488865247672,270.7919776724971,10.029332506388782,15.123647473339474,289.1767773805884,143.78919670745682,210.30625099184573,287.9335898517302,10.664207031545564,143.78919670745682,-1.598383965674799,0.1857836254466097,0.0068808750165411,-4.544565983503543,262.9466629873003,9.738765295825935,15.044268265058523,242.79342679569817,121.89128073981593,182.2908551831312,243.7092922437849,9.026270083103144,121.89128073981593,0.989134683933642,0.0917149117761878,0.0033968485843032,-6.450489805006811,234.65396665863216,8.690887654023415,14.736902256017125,310.5995141057631,153.32676953018245,220.33054523405653,308.28081318014824,11.41780789556105,153.32676953018245,-3.294996052189447,0.2387884387959711,0.0088440162517026,-3.866878743447298,284.5662520394995,10.53949081627776,15.257608465408731,242.9740445813497,121.95458060710467,183.5759831417365,243.83989331547903,9.031107159832557,121.95458060710467,0.9351166328596604,0.1365256711464368,0.0050565063387569,-5.376355060588134,243.3083965944493,9.011422096090715,14.83469035328002,338.7685418560145,167.15052102748464,265.09632897872257,338.59818968222294,12.540673691934185,167.15052102748464,-0.2705593348453305,0.3619116689050676,0.0134041358853728,-2.7441587847982487,233.47069710842507,8.647062855867595,14.723252752639226,2.0,11.993284204521252,31.972072345951457,-0.3820601222958557,0.2458859318249498,4.434856460576358,12.073774356938491,29.0,54.0,51.0,40.0,15.0,3.0,3.0,0.0,0.0,14.0,37.764175,4.078850220956919,3.91359945233578,3.725483999137172,3.3401777034469684,3.0468051853082585,3.031019827208561,2.872576718080988,2.8362348016299497,1.9789061701326256,1.7600340909785737,1.710644699116436,1.682736271375427,1.542245658432787,1.381109806218556,1.3461087774360343,1.3057386545023295,3.919910472371442,3.758110671402594,3.61081422987748,3.247302668752113,2.9842740429101,2.8942779073526776,2.8175607488599947,2.738630662960122,1.9676937572824087,1.7712182748738834,1.7345238986350566,1.7144447884309575,1.5645526914703174,1.3833927221055622,1.27990735855121,1.23039612781232,4.008504563797501,3.820057937320688,3.739486917880525,3.451637707150069,3.1564734661200644,3.057614106270341,3.0264586582634965,2.964053939394244,1.867688423451442,1.6784035091297786,1.5529195208602815,1.5030595045223047,1.325111611618895,1.178716121179316,0.9915551680841186,0.9542538254559796,3.921426486667652,3.774534830485292,3.644440128124155,3.2388541423542865,2.9872072270628665,2.917396066799517,2.832045545642669,2.759580664442385,1.9575163163289435,1.777979957669204,1.7328665709885889,1.70009786445311,1.564701801298538,1.3502053013793378,1.2289527510563736,1.1784201961238103,4.043672291533765,3.844145666371574,3.772642799696517,3.493064362510861,3.2203618697490395,3.141731269467337,3.101192197714893,3.044757685415316,1.8397465192471536,1.6656934288987046,1.5006193432830257,1.4494422702726184,1.29023081155183,1.1425923265491351,0.9255652068652568,0.8577213665398365,4.624836096422646,3.949977505032221,3.811471531080772,3.6057486408418105,3.359067307572736,3.125834188989637,2.977086527709111,2.938455398385611,1.8959700135528244,1.726791408344997,1.61110869147635,1.5898573719648916,1.3608767175823515,1.3207919428817123,1.1238261117850723,1.067024265300759,0.0,0.0,1.0,10.0,2.0,5.0,0.0,0.0,0.0,0.0,0.0,0.1571348402636772,0.6385539753655424,0.8878242434195207,0.0,0.0,0.1007401809065409,0.3046436723774373,0.357598574186956,1.653259438305028,0.0,0.5745787107027002,0.0,0.9778423765534198,0.0,0.2387736948532215,0.0,4.429348216865693,6.732026955171512,8.871998292126358,2.2587300053661146,3.124006343913377,3.514491123822851,19.38854057813176,13.007239053047549,11.441354532178092,9.860547026290693,7.71413890175783,5.858718759225468,3.8064006796869134,2.762961106049381,0.7180940954863613,0.4485254845878464,0.2860338633044523,0.1860480570998244,0.1151364015187735,0.0760872566133177,0.0481822870846444,0.0303622099565866,17.045654466706214,9.742433089461208,7.539227587713582,5.726893481252056,4.031648679057372,2.6263660173180394,1.4962875227459551,0.9502395256105006,0.6313205358039339,0.3359459686021106,0.1884806896928395,0.1080545939858878,0.0601738608814533,0.0341086495755589,0.0189403483891893,0.0104421925891263,32.6633912070018,51.82556445739264,49.854901960784254,50.46000000000005,35.65498502994015,393.7878952095809,0.6281421385961885,0.9966454703344738,0.9587481146304664,0.9703846153846164,0.6856727890373105,7.572844138645786,3.519130000000002,112.50500000000002,234.463396806319,335.23845825148334,468.926793612638,17.367659022690297,234.463396806319,0.1678830935784983,0.0062178923547591,-4.818116016089356,490.2751233099031,18.15833790036677,16.72641011613217,683.0,0.0,0.0,5.0,14.0,0.0,0.0,0.0,0.0,0.0,0.0,0.0,0.0,0.0,0.0,0.0,0.0,0.0,0.0,0.0,0.0,0.0,0.0,0.0,0.0,1.0,6.0,0.0,2.0,0.0,1.0,7.0,0.0,0.0,0.0,0.0,0.0,0.0,0.0,0.0,4.0,0.0,3.0,0.0,1.0,6.0,0.0,0.0,0.0,3.0,4.0,0.0,0.0,0.0,0.0,0.0,0.0,0.0,0.0,0.0,0.0,1.0,0.0,1.0,0.0,1.0,0.0,0.0,1.0,1.0,0.0,0.0,0.0,0.0,0.0,0.0,0.0,0.0,0.0,0.0,0.0,0.0,0.0,0.0,0.0,0.0,1.0,0.0,0.0,0.0,0.0,0.0,0.0,0.0,0.0,0.0,0.0,0.0,0.0,0.0,0.0,0.0,0.0,0.0,0.0,0.0,0.0,0.0,0.0,0.0,0.0,0.0,0.0,0.0,0.0,0.0,0.0,0.0,0.0,0.0,0.0,0.0,20.14725158207915,21.74578616382802,0.0,0.0,0.0,0.0,0.0,0.0,0.0,0.0,0.0,0.0,0.0,0.0,0.0,0.0,0.0,0.0,0.0,0.0,0.0,0.0,0.4704721618585706,2.6367031862091834,0.0,1.2754619775947926,0.0,0.4704721618585706,3.1071753480677544,0.0,0.0,0.0,0.0,0.0,0.0,0.0,0.0,7.769386873676472,0.0,2.06977362189976,0.0,2.110027898505081,12.64813394896166,0.0,0.0,0.0,2.140067269574395,4.84755704678688,0.0,0.0,0.0,0.0,0.0,0.0,0.0,0.0,0.0,0.0,4.582616573331414,0.0,1.7381491717057191,0.0,2.313797823715753,0.0,0.0,12.638812638513215,5.0624470004300335,0.0,0.0,0.0,0.0,0.0,0.0,0.0,0.0,0.0,0.0,0.0,0.0,0.0,0.0,0.0,0.0,-1.6059550522855697,0.0,0.0,0.0,0.0,0.0,0.0,0.0,0.0,0.0,0.0,0.0,0.0,0.0,0.0,0.0,0.0,0.0,0.0,0.0,0.0,0.0,0.0,0.0,0.0,0.0,0.0,0.0,0.0,0.0,0.0,0.0,0.0,0.0,0.0,0.0,-1.6059550522855697,0.1215291611747237,0.0,0.0,0.0,0.0,0.0,0.0,0.0,0.0,0.0,0.0,0.0,0.0,0.0,0.0,0.0,0.0,0.0,0.0,0.0,0.0,0.4704721618585706,0.43310905824861,0.0,0.6334694532124706,0.0,0.4704721618585706,0.43310905824861,0.0,0.0,0.0,0.0,0.0,0.0,0.0,0.0,1.670404128961405,0.0,0.5948057098227414,0.0,2.110027898505081,2.037496892927322,0.0,0.0,0.0,0.1215291611747237,1.1489098586965651,0.0,0.0,0.0,0.0,0.0,0.0,0.0,0.0,0.0,0.0,4.582616573331414,0.0,1.7381491717057191,0.0,2.313797823715753,0.0,0.0,12.638812638513215,5.0624470004300335,0.0,0.0,0.0,0.0,0.0,0.0,0.0,0.0,0.0,0.0,0.0,0.0,0.0,0.0,0.0,0.0,-1.6059550522855697,0.0,0.0,0.0,0.0,0.0,0.0,0.0,0.0,0.0,0.0,0.0,0.0,0.0,0.0,0.0,0.0,0.0,0.0,0.0,0.0,0.0,0.0,0.0,0.0,0.0,0.0,0.0,0.0,0.0,0.0,0.0,0.0,0.0,0.0,0.0,12.638812638513215,2.1854753243890146,0.0,0.0,0.0,0.0,0.0,0.0,0.0,0.0,0.0,0.0,0.0,0.0,0.0,0.0,0.0,0.0,0.0,0.0,0.0,0.0,0.4704721618585706,0.4456793236593136,0.0,0.6419925243823221,0.0,0.4704721618585706,0.4704721618585706,0.0,0.0,0.0,0.0,0.0,0.0,0.0,0.0,2.133844120012049,0.0,0.8499792665532134,0.0,2.110027898505081,2.1854753243890146,0.0,0.0,0.0,1.0198085270609625,1.2797378117823994,0.0,0.0,0.0,0.0,0.0,0.0,0.0,0.0,0.0,0.0,4.582616573331414,0.0,1.7381491717057191,0.0,2.313797823715753,0.0,0.0,12.638812638513215,5.0624470004300335,0.0,0.0,0.0,0.0,0.0,0.0,0.0,0.0,0.0,0.0,0.0,0.0,0.0,0.0,0.0,0.0,0.0,0.0,0.0,0.0,0.0,0.0,0.0,0.0,0.0,0.0,0.0,0.0,0.0,0.0,0.0,0.0,0.0,0.0,0.0,0.0,0.0,0.0,0.0,0.0,0.0,0.0,0.0,0.0,0.0,0.0,0.0,0.0,0.0,0.0,56.31481481481481,2.085733882030178,0.6419925243823221,12.638812638513215,-0.0574274472504541,-1.6059550522855697,8.493427017520059,2.254103200433718,5.638812638513215,20.23273469902524,1.676824748290297,5.564738564439141,19.134910775095104,13.19999,0.48889,0.0,0.01111,0.56538,0.81111,0.44026,0.51563,0.81111,0.12513,0.04976,-0.07537,0.0,0.60274,0.11155,0.0,0.17677,0.32576,0.0,32.75,1.21296,17.25,0.63889,15.5,0.57407,-1.75,-0.06481,0.0,0.0,24.64093,0.91263,48.49298,23.85206,0.88341,6.2882,0.2329,13.00719,6.71899,0.24885,0.40681,0.01507,0.66481,0.02462,0.3461538461538461,139.06,5.0,4.0,3.0,5.0,0.0,0.0,0.3333333333333333,1.5640943695856009,3.4654414588200964,4.637281785157549,4.897085150625372,5.0654483718208265,5.065448371820826,81.33290721845124,180.202955858645,241.13865282819256,254.64842783251936,263.403315334683,263.40331533468293,0.2743813542327311,0.6079252882530566,0.8134954520087027,0.8590714739147012,0.8886066026977765,0.8886066026977762,4.136345348555492,2.2349982593209963,1.0631579329835432,0.8033545675157203,0.6349913463202661,0.634991346320267,0.2621774933443129,0.5808861489896101,0.7773130176831751,0.8208619214100115,0.8490833945913856,0.8490833945913855,16.57263894301694,35.127774169862604,39.08205539811672,40.34901779817415,40.518698466963066,40.51869846696307,88.89523980626805,43.584049830091146,30.56376506731553,27.28985081551226,26.31647223321164,26.31647223321164,21.70273483947681,10.15625,5.331434674261303,5.0,12.0,2.0,3.11,2.977999999999999,0.780125700323622,6.132424939235832,6.272388662856216,0.0,9.838438326172705,16.066489299144717,0.0,6.623108809410517,0.0,0.0,0.0,0.1428571428571428,0.0,0.0,0.0,0.0,0.0,0.5345224838248487,0.1666666666666666,0.003,1.903,1.841,2.3910000000000005,2.3520000000000003,14.217000000000002,40.0,53.0,67.0,77.0,79.0,91.0,103.0,108.0,105.0,779.0,3.6506582412937374,4.21582445975981,4.754667197134003,5.258471458000837,5.661440227915687,5.867176021564637,6.275115066258845,6.6784993349989685,6.97795159270857,7.207836723016404,8.481021824278061,6.189184852374839,0.5,3.0,0.0,0.0,2.0,1.0,0.0,0.0,0.0,0.0,0.0,0.0,0.0,0.0,0.0,0.0,0.0,0.0,0.0,0.0,0.0,0.0,0.0,0.0,3.0,0.0,2.0,1.0,0.0,0.0,0.0,0.0,0.0,0.0,0.0,2.0,0.0,0.0,2.0,0.0,0.0,0.0,0.0,0.0,0.0,0.0,0.0,0.0,0.0,0.0,0.0,0.0,0.0,0.0,0.0,0.0,0.0,0.0,0.0,0.0,2.0,0.0,0.0,0.0,0.0,0.0,0.0,0.0,0.0,6.0,0.2068965517241379,10.0,0.3448275862068966,0.0,8.0,16.0,1.0,5.0,3.111111111111112,2.8402777777777763,1.2461111111111116,1.122499999999999,0.6875736961451249,0.4940121882086169,0.1940192743764172,0.1984490740740741,0.1509090909090909,0.1724137931034483,0.0777777777777777,0.0710069444444444,0.0366503267973856,0.0295394736842104,0.018094044635398,0.0164670729402872,0.0088190579262007,0.0094499559082892,0.0075454545454545,0.4670260814711612,157.7537352012614,235.76156883093284,315.5074704025228,11.685461866760104,157.7537352012614,0.0680829706706539,0.0025215915063205,-7.254976033812085,247.0584799506285,9.150314072245502,14.875987687753277,72.13,360.8908482184244,5.754887502163469,4.934473933130692,5.783825182329737,6.658011045870748,7.5310163320779155,8.415603335654604,9.298992069570746,10.189230245606858,11.078397081826632,11.971988210427185,131.86153743649513,4.07753744390572,0.0,5.389071729816501,3.044522437723423,6.884486652042782,5.53338948872752,8.461891875631148,7.678326356506885,10.08535067092992,10.386839199301363,383.1667480400008,7.368591308461553,54.5436029501215,2.0201334425970927,18.10459010949421,5.265830042057172,9.723541405350163,2040.0,40.0,4.527,138.0,1.0,2.2922560713564755
0,0,0,0,0,0,0,0,0,0,0,0,0,0,0,0,0,0,0,0,0,0,0,0,0,0,0,0,0,0,0,0,0,0,0,0,0,0,0,0,0,0,0,0,0,0,0,0,0,0,0,0,0,0,0,0,0,0,0,0,0,0,0,0,0,0,0,0,0,0,0,0,0,0,0,0,0,0,0,0,0,0,0,0,0,0,0,0,0,0,0,0,0,0,0,0,0,0,0,0,0,0,0,0,0,0,0,0,0,0,0,0,0,0,0,0,0,0,0,0,0,0,0,0,0,0,0,0,0,0,0,0,0,0,0,0,0,0,0,0,0,0,0,0,0,0,0,0,0,0,0,0,0,0,0,0,0,0,0,0,0,0,0,0,0,0,0,0,0,0,0,0,0,0,0,0,0,0,0,0,0,0,0,2,4,3,1,2,2,5,1,2,1,2,3,4,2,2,2,2,5,0,0,0,0,0,0,0,0,0,0,0,0,0,0,0,0,2,3,2,3,0,0,0,0,0,0,0,0,0,0,0,0,0,0,0,0,0,1,5,2,5,1,2,0,0,0,0,0,0,0,0,0,0,0,0,0,0,0,0,0,0,0,0,0,0,0,0,0,0,0,0,0,0,0,0,0,0,0,0,0,0,0,0,0,0,0,0,0,0,0,0,0,0,0,0,0,0,0,0,0,0,0,0,0,0,0,0,0,0,0,0,0,0,0,0,0,0,0,0,0,0,0,0,0,0,0,0,0,0,0,0,0,0,0,0,0,0,0,0,0,0,0,0,0,0,0,0,0,0,0,0,0,0,0,0,0,0,0,0,0,0,0,0,0,0,0,0,0,0,0,0,0,0,0,0,0,0,0,0,0,0,0,0,0,0,0,0,0,0,0,0,0,0,0,0,0,0,0,0,0,0,0,0,0,0,0,0,0,0,0,0,0,0,0,0,0,0,0,0,0,0,0,0,0,0,0,0,0,0,0,0,0,5,2,3,1,1,2,1,0,0,0,0,0,0,0,0,0,0,0,0,0,0,0,0,0,0,0,0,0,0,0,0,0,0,0,0,0,0,0,0,0,0,0,0,0,0,0,0,0,0,0,0,0,0,0,0,0,0,0,0,0,0,0,0,0,0,0,0,0,0,0,0,0,0,0,0,0,0,0,0,0,0,0,0,0,0,0,0,0,0,0,0,0,0,0,0,0,0,0,0,0,0,0,0,0,0,0,0,0,0,0,0,0,0,0,0,0,0,0,0,0,0,0,0,0,0,0,0,0,0,0,0,0,0,0,0,0,0,0,0,0,0,0,0,0,0,0,0,0,0,0,0,0,0,0,0,0,2,5,2,4,0,0,0,0,0,0,0,0,0,0,0,0,0,0,0,0,0,0,0,0,0,2,2,2,1,2,2,2,1,0,0,0,0,0,0,0,0,0,0,0,2,2,2,2,2,4,3,2,2,0,0,0,0,0,0,2,2,2,2,2,0,0,1,0,0,0,0,5,5,0,0,0,0,0,0,0,0,0,0,0,1,5,2,5,0,0,0,0,0,2,0,0,0,0,0,0,0,1,2,2,2,2,2,1,0,0,0,0,0,0,0,0,0,0,0,0,0,0,0,3,2,3,0,2,3,4,0,0,0,0,0,0,0,0,0,0,0,0,0,0,0,0,0,0,0,0,0,0,0,0,0,0,0,0,0,0,0,0,2,2,2,1,2,2,2,2,2,0,0,0,0,0,0,0,0,0,0,0,0,0,0,0,0,0,0,0,0,0,0,0,0,3,2,2,2,3,1,1,2,3,2,0,0,0,5,2,3,0,0,0,0,0,0,0,1,2,0,0,0,0,0,0,0,2,2,2,0,0,0,0,0,0,0,0,0,0,0,0,0,0,0,0,0,0,0,0,0,0,0,0,0,0,0,0,0,0,0,0,0,0,0,0,0,0,0,0,0,0,0,0,0,0,0,0,0,0,0,0,0,0,0,0,0,0,0,0,0,0,0,0,0,0,0,2,5,4,0,1,1,2,2,2,2,2,3,2,0,0,0,3,2,2,3,0,0,0,0,0,0,0,0,0,0,0,0,2,2,0,0,0,0,0,0,0,0,0,0,0,0,0,0,0,0,0,0,0,0,0,0,0,0,0,0,0,0,0,0,0,2,2,2,2,4,5,0,0,0,0,0,0,0,0,0,0,0,0,0,0,0,0,0,0,0,0,0,0,0,0,0,0,0,0,0,0,0,0,0,0,3,0,0,0,0,0,0,0,0,0,0,0,0,0,0,0,0,0,0,0,0,0,0,0,0,0,0,2,3,0,0,0,0,0,0,2,2,5,5,1,1,0,0,0,0,0,0,0,0,0,0,0,0,0,0,0,0,0,0,0,0,0,0,2,1,2,0,0,0,0,0,0,0,0,0,3,3,5,0,0,1,5,0,0,0,0,0,0,0,0,0,0,0,0,0,0,0,3,2,0,0,0,0,2,2,2,0,0,0,0,2,2,2,2,1,0,0,0,2,3,2,2,2,1,0,0,2,2,1,2,2,0,0,0,0,0,0,0,0,0,0,0,0,1,2,3,0,0,0,0,0,0,0,0,0,0,0,0,0,0,0,0,0,0,0,0,0,0,0,0,0,0,0,0,0,0,0,0,0,0,0,0,0,0,0,1,2,0,0,0,0,1,0,0,0,0,0,0,0,0,0,0,0,0,0,0,0,0,0,0,0,0,0,0,0,0,0,0,0,0,0,0,0,0,0,0,0,0,0,0,0,0,0,0,0,0,0,0,0,0,0,0,0,0,0,0,0,0,0,0,0,0,0,0,0,0,0,0,0,0,0,0,0,0,0,0,0,0,0,0,0,0,0,0,0,0,0,5,2,0,0,0,0,0,0,4,2,0,0,0,0,0,0,0,0,0,0,0,0,1,3,3,2,0,0,0,0,0,0,0,0,0,0,0,0,0,0,0,0,0,0,0,0,0,0,0,0,0,0,0,0,0,0,0,0,0,0,0,0,0,0,0,0,0,0,0,2,1,0,0,0,0,0,0,0,0,0,0,0,0,0,0,0,0,0,0,0,0,0,0,2,2,2,5,0,0,0,0,0,0,0,2,2,0,0,0,0,0,0,0,0,2,2,2,1,0,0,0,0,2,2,2,2,0,2,1,2,2,2,0,2,2,0,0,0,0,0,0,0,0,0,0,0,0,0,0,0,0,0,0,1,2,2,0,0,0,0,0,0,0,0,0,0,0,0,0,0,0,0,2,2,5,2,2,1,0,0,0,0,0,0,0,3,2,0,3,4,2,4,1,1,2,0,1,1,4,3,3,3,1,3,4,1,1,0,4,0,0,1,3,2,2,2,4,0,3,1,2,2,3,4,0,2,1,3,1,0,1,2,4,0,0,1,4,2,1,1,2,0,2,3,4,1,2,4,0,3,4,4,2,0,3,1,3,3,1,4,4,1,3,4,2,2,0,2,3,3,3,2,4,0,4,3,3,1,3,2,3,0,4,3,0,2,4,0,4,4,2,0,2,4,2,3,2,3,1,0,2,2,1,0,3,2,2,2,4,4,0,3,3,0,3,2,4,2,0,1,1,0,0,3,0,1,3,1,1,3,2,4,0,0,0,1,0,4,0,3,4,2,3,3,4,2,0,2,2,0,0,1,4,3,1,2,0,4,0,4,4,2,4,3,2,0,3,0,1,2,3,3,3,4,1,3,1,2,0,1,0,3,0,1,2,0,3,2,2,2,4,0,0,2,1,4,3,3,2,0,3,2,3,3,2,4,2,3,4,0,0,1,2,4,4,0,0,2,2,3,4,1,2,4,1,0,0,1,1,1,4,3,2,4,3,4,1,1,1,1,3,0,0,0,1,1,4,4,3,4,0,2,3,4,0,0,3,3,0,2,1,1,4,4,1,4,0,4,0,1,4,1,4,2,3,4,2,2,0,1,3,4,4,2,4,2,4,4,4,2,4,1,2,1,4,3,0,0,4,4,3,4,0,3,3,0,0,3,3,4,4,1,3,1,4,1,2,3,4,2,1,1,2,0,0,0,3,4,3,4,2,2,3,4,2,2,4,0,3,2,1,1,4,1,2,1,4,4,3,0,0,3,0,0,0,0,0,0,0,0,0,0,0,0,0,0,0,0,0,0,0,0,0,0,0,0,0,0,0,0,0,0,0,0,0,0,0,0,0,0,0,0,0,0,0,0,0,0,0,0,0,0,0,0,0,0,0,0,0,0,0,0,0,0,0,0,0,0,0,0,0,0,0,0,0,0,0,0,0,0,0,0,0,2,1,2,0,2,2,2,3,3,2,2,3,1,2,2,0,0,0,0,0,0,0,2,3,2,3,3,5,4,0,2,5,0,5,2,0,0,0,0,2,2,5,2,0,0,0,0,0,0,0,0,0,0,0,0,0,0,0,0,0,0,0,0,0,0,0,0,0,0,0,0,0,0,0,0,0,0,0,0,0,0,0,0,0,0,0,0,0,0,0,0,0,0,0,0,0,0,0,0,0,0,0,0,0,0,0,0,0,0,0,0,0,0,0,0,0,0,0,0,0,0,0,0,0,0,0,0,0,0,0,0,0,0,0,0,0,0,0,0,2,1,1,1,5,5,3,1,1,5,4,1,3,1,3,3,0,0,0,0,0,0,0,0,0,0,0,0,0,0,0,0,0,0,0,0,0,0,0,0,0,0,0,0,0,0,0,0,0,0,0,0,0,0,0,0,0,0,0,0,0,0,0,0,0,0,0,0,0,0,0,0,0,0,0,0,0,0,0,0,0,0,0,0,0,0,0,0,0,0,0,0,0,0,0,0,0,0,0,0,0,0,0,0,0,0,0,0,0,0,0,0,0,0,0,0,0,0,0,0,0,0,0,0,0,0,0,0,0,0,0,0,0,0,0,0,0,0,0,0,0,0,0,0,0,0,0,0,0,0,0,0,0,0,0,0,0,0,0,0,0,0,0,0,0,0,0,0,0,0,0,0,0,0,0,0,0,0,0,0,0,0,0,0,0,0,0,0,0,0,0,0,0,0,0,0,0,0,0,0,0,0,0,0,0,0,0,0,0,0,0,0,0,0,0,0,0,0,0,0,0,0,0,0,0,0,0,0,0,0,0,0,0,0,0,0,0,0,0,0,0,0,0,0,0,0,0,0,0,0,0,0,0,0,0,0,0,0,0,0,0,0,0,0,0,0,0,0,0,0,0,0,0,0,0,0,0,0,0,0,0,0,0,0,0,0,0,0,0,0,0,0,0,0,0,0,0,0,0,0,3,3,2,3,2,2,4,2,3,1,1,2,5,5,1,2,1,0,0,0,0,0,0,0,0,0,0,0,0,0,0,0,0,0,0,0,0,0,0,0,0,0,0,0,0,0,0,0,0,0,0,0,0,0,0,0,0,0,0,0,0,0,0,0,0,0,0,0,0,0,0,0,0,0,0,0,0,0,0,0,0,0,0,0,0,0,0,0,0,0,0,0,0,0,0,0,0,0,0,0,0,0,0,0,0,0,0,0,0,0,0,0,0,0,0,0,0,0,0,0,0,0,0,0,0,0,0,0,0,0,0,0,0,0,0,0,0,0,0,0,0,0,0,0,0,0,1,1,2,4,1,3,2,3,1,3,4,5,3,3,1,3,5,4,1,2,4,3,3,1,3,3,1,3,1,1,2,1,3,2,2,5,3,2,2,3,4,1,2,2,4,0,0,0,0,0,0,0,0,0,0,0,0,0,0,0,0,0,0,0,0,0,0,0,0,0,1,0,0,0,0,0,0,0,0,0,0,0,0,0,0,0,0,0,0,1,0,0,0,0,0,0,0,0,0,0,0,1,0,0,0,0,0,0,1,0,0,0,0,0,0,0,0,0,0,0,0,0,0,0,0,0,0,0,0,0,0,0,0,0,0,0,0,0,0,0,0,0,0,0,0,0,0,0,1,0,0,0,0,0,0,0,0,0,0,0,0,0,0,0,0,0,0,0,0,0,0,0,0,0,0,0,0,0,0,0,0,0,1,1,0,0,0,1,0,0,0,0,0,0,0,0,0,0,0,0,0,0,0,0,0,0,0,0,0,0,0,0,0,0,0,1,0,0,0,0,0,0,0,0,0,0,0,0,1,0,0,0,1,0,0,0,0,0,0,0,0,0,0,0,0,0,0,0,0,0,0,0,0,0,0,0,0,0,0,0,1,0,0,0,0,0,0,0,0,0,0,0,0,0,0,0,0,0,0,0,0,0,0,0,0,0,0,1,0,0,1,0,0,0,0,0,0,0,0,0,0,0,1,0,0,0,0,0,0,0,0,0,0,0,0,0,0,0,0,0,0,0,0,0,0,0,0,0,0,0,0,0,0,0,0,0,0,0,0,0,0,0,0,0,0,0,0,0,0,0,0,0,1,0,0,0,0,0,0,0,0,0,1,1,0,0,0,0,0,0,0,0,0,0,0,0,0,0,1,0,0,0,0,0,0,0,0,0,0,0,0,0,0,0,0,0,0,0,0,0,0,0,1,0,0,0,0,0,0,0,0,0,0,0,0,1,0,0,0,0,0,0,0,0,1,0,0,0,0,0,0,0,0,0,0,0,0,0,0,0,0,0,0,0,0,0,0,0,0,0,0,0,1,0,0,0,0,0,0,0,0,0,1,0,0,0,0,0,0,0,0,0,0,0,0,0,0,0,0,0,0,0,0,0,0,0,0,0,1,0,0,0,0,0,0,0,0,0,0,0,0,0,0,0,0,0,0,0,0,0,0,0,0,0,0,0,0,0,0,0,0,0,0,0,0,0,0,0,0,0,0,0,0,0,0,0,0,0,0,0,0,0,0,1,0,0,0,0,0,0,0,0,0,0,1,1,0,0,0,0,0,0,0,0,0,0,0,0,0,0,0,0,0,0,0,0,0,0,0,0,0,0,0,0,0,0,0,0,0,0,0,0,0,0,0,0,0,1,0,0,0,0,0,0,0,1,0,0,0,0,0,0,0,0,0,0,0,0,0,0,0,0,0,0,0,0,0,0,0,0,0,0,0,0,0,0,0,0,0,0,0,0,0,0,0,0,0,1,0,0,0,0,0,0,0,0,0,0,0,1,0,0,0,0,0,0,0,0,0,0,0,0,1,0,0,0,0,0,0,0,0,0,0,0,0,0,0,0,0,0,0,0,0,0,0,0,0,0,1,0,0,0,0,0,1,0,0,0,0,0,0,0,0,0,0,0,0,0,1,0,0,0,0,0,0,0,0,0,0,0,0,0,0,0,0,0,0,0,0,0,0,1,0,1,0,0,0,0,0,0,0,0,0,0,0,0,0,0,0,0,1,0,0,1,0,0,0,0,0,0,0,0,0,0,0,0,0,0,0,0,0,0,0,0,0,0,0,0,0,0,0,0,0,0,1,0,0,0,1,0,0,0,0,0,0,0,0,0,0,0,0,0,0,0,0,0,0,0,0,0,0,0,0,0,0,0,0,0,0,0,0,1,0,0,0,0,0,0,0,0,1,0,0,0,0,0,0,0,0,0,0,0,1,0,0,0,0,0,0,0,0,0,1,1,0,0,0,0,0,0,0,0,0,0,0,1,0,0,0,0,0,0,1,0,0,0,0,0,0,0,0,0,0,0,0,0,0,0,0,0,0,0,0,0,0,0,0,0,0,0,0,0,0,0,0,0,0,1,0,0,0,0,0,0,0,0,0,0,0,0,0,0,0,0,0,0,0,0,0,0,0,0,0,0,0,0,0,0,0,0,0,0,0,0,0,1,0,0,0,0,0,0,0,0,0,0,0,0,0,0,0,0,0,0,0,0,0,0,0,0,0,0,0,0,0,0,0,0,0,0,0,0,0,0,0,0,0,0,0,0,0,0,0,0,0,0,0,0,0,0,0,0,0,0,0,0,0,0,0,0,0,0,0,0,0,0,0,1,0,0,0,0,0,0,0,0,0,0,0,0,0,0,0,0,0,0,1,0,0,0,0,0,0,0,0,0,0,0,0,0,0,0,0,0,0,0,0,0,0,0,0,0,0,0,0,0,0,0,0,0,0,0,0,0,0,0,0,0,0,0,0,1,2.0,-3.1643000000000003,10.012794490000005,68.9289,64.85096199999995,6.0,6.0,60.0,26.0,34.0,0.0,19.0,1.0,5.0,0.0,1.0,0.0,0.0,0.0,0.0,0.0,5210.974461432659,5703.505866952,6766.661516574001,6348.916245574012,6197.000923098016,6826.675992196016,6160.667638670003,4951.2290187640165,4706.587654956016,11025.713738699029,14158.051611826371,19949.42966340403,22371.130106611978,21728.50074927071,20934.86838646196,20147.900444450595,17567.159917160036,15141.513148177237,454.9830209999995,460.2500640000005,835.3392980000002,1133.1399020000006,1290.115874000001,1150.240672000002,1098.8142739999998,1055.0893960000014,837.5945400000023,85.70885876486581,104.51385354799989,153.24737943673512,182.11063098026247,184.0334119937896,176.08687569063852,161.50886365316825,147.54033806245013,128.44131945705362,9944.760093513063,8842.059798363152,16886.253235814253,24614.491095238416,28819.094206147656,25773.041406383392,23327.23452848049,23529.184490279906,18831.488289930265,271.2152301478433,149.9722222222222,396.0077160493828,365.457561728395,389.9320987654321,385.7916666666666,499.4547325102882,347.1219135802469,262.4120370370369,86.84957435721098,95.05843111586668,62.07946345480735,41.49618461159485,35.61494783389664,43.48201268914659,43.08159187881121,34.86780999129589,40.92684917353058,183.7618956449838,235.9675268637729,183.0222904899452,146.21653664452273,124.87644108776269,133.34311074179593,140.89440870245173,123.71239378281714,131.6653317232803,7.583050349999992,7.670834400000008,7.663663284403672,7.406143150326801,7.414459045977017,7.326373707006382,7.684015902097901,7.430207014084517,7.283430782608716,1.4284809794144302,1.7418975591333314,1.405939260887478,1.1902655619624998,1.0576632873206298,1.1215724566282708,1.1294326129592185,1.039016465228522,1.116881038756988,165.7460015585511,147.36766330605255,154.9197544570115,160.87902676626416,165.6269781962509,164.15949940371587,163.1275141851783,165.69848232591482,163.75207208635013,4.520253835797388,2.4995370370370367,3.6330983123796585,2.388611514564673,2.240989073364552,2.457271762208068,3.4926904371348826,2.4445205181707528,2.2818438003220605,1.0176152174863398,-0.8369678628146228,0.5803430320946497,-0.1587090709794246,-0.3300867861261931,0.3321768593660432,0.0262038250545154,-0.2670967963338927,0.1608632714076505,2708.92875444056,553.609552726371,-71.35947214188857,-506.120818660032,164.6370255933931,824.1577218160832,-979.6531226296216,73.90702164942914,727.4674914955383,2994.99517230491,126.04666395673364,-480.2484127572551,-827.9746265331723,121.13754398230634,735.9017941295783,-1015.4949900935156,43.65019374957705,596.3854280866526,5.178904983333344,-1.365855916666672,4.846318713611112,0.4814112591666779,-0.6073606016666464,1.901742343611136,0.6132666730555336,-1.0831011272222106,0.5223804652777982,19.262507393441965,-2.2659319889333145,-2.0912670903435964,-4.3945394739159545,4.382479940383315,-2.4288726136013827,-3.893739285092999,2.9315394422332783,1.6457965240438948,78.3899179788124,3.203163955189996,-6.880506563976967,-10.080170296962308,9.550577602735284,-1.415692624185989,-11.93353193646256,2.9723689938935864,-1.6268259421716058,111.49117830107198,-33.33930231672001,92.24615456019562,5.607098479652521,-24.69075223543154,45.33154283942154,18.93081268311064,-22.73946116784361,20.070562424850568,0.0169602536247723,-0.0139494643802437,0.0053242480008683,-0.001037314189408,-0.0018970504949781,0.002115776174306,0.0001832435318497,-0.001880963354464,0.0013988110557187,45.14881257400933,9.22682587877285,-0.6546740563476016,-3.3079792069283136,0.94618980226088,5.249412240866771,-6.850721137270081,0.5204719834466841,6.325804273874246,49.91658620508183,2.100777732612228,-4.405948740892248,-5.411598866229885,0.6961927815075077,4.687272574073747,-7.101363567087521,0.3073957306308243,5.185960244231762,0.0863150830555557,-0.0227642652777778,0.0444616395744138,0.0031464788180828,-0.0034905781704979,0.0121130085580327,0.0042885781332554,-0.0076274727269169,0.0045424388285025,0.3210417898906994,-0.0377655331488885,-0.0191859366086568,-0.0287224802216729,0.025186666324042,-0.0154705262012826,-0.0272289460496013,0.0206446439593892,0.0143112741221208,1.3064986329802069,0.0533860659198332,-0.0631239134309813,-0.0658834659932177,0.0548883770272142,-0.0090171504725222,-0.0834512722829549,0.0209321760133351,-0.0141463125406226,1.8581863050178664,-0.5556550386120002,0.8462949959650974,0.036647702481389,-0.1419008749162732,0.2887359416523665,0.1323833054762981,-0.1601370504777719,0.1745266297813092,-0.8224797039514182,0.313925022506249,-0.0611614786168581,-0.1118527197144781,0.1247490881395595,0.0108042919583531,-0.1109041996704977,0.0824758335969446,0.2043647518669057,-0.0145003604529895,-0.0732683545443365,0.0209571359315343,0.1162691096750722,-0.1517364631913667,0.011527921860481,0.1401100917882345,0.0420857653201924,-0.0882662272373845,-0.1084128398523965,0.0139471232797692,0.0939021061018902,-0.1422646079583975,0.0061581881695172,0.103892526282252,-0.2637345000656015,0.5151085766296098,0.0364534065970563,-0.0404399561111619,0.1403347842489627,0.049685153294647,-0.0883677852920287,0.0526262463951856,-0.1176343215683729,-0.0597614927800795,-0.0894664841965017,0.0784529214486905,-0.0481885121764045,-0.0848143354136906,0.0643051609150879,0.0445776050743835,0.0408619378330739,-0.0483153306383426,-0.0504275047291349,0.042011813592189,-0.0069017680117686,-0.0638739836203251,0.016021582790016,-0.0108276520032432,-0.2990308545012431,0.4554414127796299,0.0197222971574083,-0.076365257096709,0.1553858947688188,0.0712432898244965,-0.0861792222046498,0.0939231062622815,1.954967628900016,0.5103316540981371,0.7911654523984235,0.9012739040595666,0.7850878722744498,1.0301437173746342,1.004716397954522,0.6931649979425318,0.990223252592963,0.9626808752080646,0.933512886498028,0.8456520124074111,0.9390087697137016,1.135870534271027,0.8405083308936239,0.8057504179792557,1.2232580776987982,1.2072508416789842,1.1495043969419996,0.9476944948277064,0.9218310719193614,1.1250273982661634,0.9489056822484008,0.9083177359180412,1.1235743563667535,0.423728162914274,0.635216901586557,0.910758769371064,0.5765347397860326,1.1699143070713975,1.0019705445800555,0.6141343159993832,1.6192403443010803,1.100192613150195,0.98959810788234,0.743606993488353,1.2085154654452703,1.023403741039897,0.7255308356275052,0.971262549357654,1.3883211503847028,1.2375552398806955,1.1294940456589615,0.8955509091964903,1.0096223042213377,1.0805117018923398,0.9072338607927976,0.981379321032925,1.1371448505853627,0.38318316800257,0.6079150272755469,0.8412477049907008,0.5435846330797865,1.306270525058071,0.9980005469345145,0.5382702164524784,303.9048313109887,152.51805814299172,238.54687294323867,305.59109504725217,11.753503655663543,152.51805814299172,1.9928571428568205,0.4169780090211225,0.0160376157315816,-2.274276666309216,398.4111236235131,15.323504754750504,15.567459559762284,303.72560843796987,152.41999885959206,238.44268827798936,305.4188031103971,11.746877042707576,152.41999885959206,2.001048249232099,0.4183711056542183,0.016091196371316,-2.2656047121758807,397.2961843776145,15.280622476062096,15.560173353119897,344.5654286930479,171.2043552748429,260.0262257352069,342.90641473661555,13.188708259100595,171.2043552748429,-2.1567181433620988,0.1588765724266167,0.0061106374010237,-4.78303189588915,359.8387334548506,13.839951286725023,15.302705517994726,316.62874591408263,158.9598170008643,245.52640139467368,317.8203349180635,12.223859035310134,158.9598170008643,1.290888087645925,0.3269769436498643,0.0125760362942255,-2.906450610145553,720.6049211956782,27.71557389214147,17.10823667174332,357.2065499731032,175.90842086840345,266.48612808558204,353.2736634976046,13.587448596061716,175.90842086840345,-5.389708236296286,0.0959558828213664,0.0036906108777448,-6.094053542422758,387.0432263919859,14.886277938153304,15.492194595528456,319.8798786878247,160.44851427336403,247.27036039455209,320.8187862498893,12.339184086534209,160.44851427336403,1.0171498589033376,0.3058766776887643,0.011764487603414,-3.07989050811199,1009.8034414127372,38.83859390048989,17.985528543926335,379.0264641932264,188.9719676916372,285.9864247252107,378.6560342388657,14.56369362457176,188.9719676916372,-0.5350654896321032,0.1230638183446422,0.0047332237824862,-5.447135745569828,424.5736409511921,16.329755421199696,15.732822215819402,1.0,11.890000000000002,30.97376302659016,-0.3941670808277306,0.4488852512844301,2.5488766305831385,9.577083116931536,26.0,60.0,59.0,53.0,19.0,1.0,1.0,0.0,0.0,7.0,46.86303799999999,4.4037216096834015,3.8319777327784754,3.5533179190821813,3.473489980263232,3.250072450620216,3.010164641608555,2.772227649996848,2.643217571355625,2.022077192225849,1.9037072609979484,1.8111307198379687,1.7058791571320937,1.494237886240138,1.3558738458847497,1.1725272231466748,1.1629393172323714,3.842544901707981,3.5686045040560352,3.502709576637423,3.34065107658059,3.2642953402111865,3.0226885591282544,2.795027995206055,2.64581503189868,1.9930957704289127,1.8561636564742063,1.8091548887605249,1.6509672497288943,1.5419127516771345,1.418674107809066,1.2829339006542564,1.1083265532578632,3.896416094617839,3.7181722807950814,3.632601139623037,3.517610262144724,3.4126883523535803,3.176654814649083,2.995869328366807,2.827594428436295,1.9046620755026944,1.677237797254055,1.6292399969812847,1.4459415300900935,1.3135168175185097,1.1849795298284485,1.010793429534054,0.7986202314843556,3.868614916907664,3.8426975985408673,3.545757100261823,3.4879299725966524,3.295348886808424,3.04535925065008,2.8232131546167207,2.665925019264028,1.9744628558984525,1.8279274080058336,1.781124096070196,1.606586080212296,1.409687300532177,1.3569847563793094,1.2393868089969722,1.08655761637306,3.923356150167054,3.745379947442131,3.686924095050255,3.513373503945852,3.467677484827527,3.2455803871893534,3.079188496001592,2.8901706554462314,1.880394932002577,1.6309440951845957,1.58512148502427,1.391983440640721,1.3250530898131443,1.1240802516062465,0.9320345291642068,0.7385642758080626,5.085293661252009,4.350109527855816,4.087058058026079,3.974500353395351,3.965674908947508,3.728966501206145,3.5218784504744707,3.3377787360148643,1.8845493433680072,1.7944358364062172,1.6877957970098008,1.537143215605619,1.304945086527976,1.1598490170816498,1.0529010847541438,0.8971400381387111,0.0,0.0,0.0,4.0,2.0,3.0,9.0,1.0,0.0,0.0,0.0,0.0,0.0833333333333333,0.1178511301977579,0.0,0.0,0.0,0.0277777777777777,0.0392837100659193,2.8956851575403206,0.5303300858899106,0.0,0.0,1.0551410199858875,0.1244339411230999,0.0,0.0,3.249908880267624,3.504224683009298,4.264187681741945,1.2756279120096994,1.2827036506033316,1.3262177464235498,19.46840903736401,12.277916867529369,11.20674230225704,7.420498351018945,4.730093176799812,4.138006528636849,2.566134297821491,1.4960941909627892,0.7487849629755389,0.4722275718280526,0.3296100677134423,0.2182499515005572,0.1351455193371375,0.0919557006363744,0.0641533574455372,0.0404349781341294,15.99421936164178,9.838115823944156,7.429067119443096,4.705155329356342,2.891326294876428,2.1069009568640373,1.2350148522813,0.7246759284069535,0.6151622831400685,0.3783890701516983,0.2185019741012675,0.1383869214516571,0.082609322710755,0.0468200212636452,0.0308753713070325,0.0195858359028906,33.730086505190286,59.825564457392666,57.12941176470579,57.97200000000007,37.808959281437176,460.7208395209581,0.5621681084198381,0.9970927409565444,0.9521568627450966,0.9662000000000012,0.6301493213572863,7.6786806586826355,2.341300000000007,97.60980000000004,197.00325184752208,294.3961439125796,394.00650369504416,15.154096295963235,197.00325184752208,0.2631055869386815,0.0101194456514877,-3.471519625918895,281.454709134041,10.82518112054004,14.663926012995152,704.0,4.0,0.0,6.0,6.0,6.0,3.0,1.0,5.0,5.0,0.0,0.0,0.0,0.0,3.0,0.0,0.0,1.0,0.0,0.0,0.0,0.0,0.0,0.0,0.0,0.0,4.0,0.0,12.0,0.0,0.0,4.0,0.0,0.0,0.0,0.0,0.0,0.0,0.0,0.0,1.0,0.0,11.0,0.0,0.0,4.0,0.0,0.0,0.0,0.0,2.0,0.0,1.0,0.0,1.0,0.0,0.0,0.0,0.0,0.0,0.0,0.0,0.0,0.0,0.0,0.0,0.0,3.0,1.0,1.0,0.0,0.0,0.0,0.0,0.0,0.0,0.0,0.0,0.0,0.0,0.0,1.0,0.0,0.0,0.0,0.0,0.0,0.0,0.0,0.0,0.0,0.0,0.0,0.0,0.0,0.0,0.0,0.0,0.0,0.0,0.0,0.0,0.0,0.0,0.0,0.0,0.0,0.0,0.0,0.0,0.0,0.0,0.0,0.0,0.0,0.0,0.0,0.0,0.0,0.0,2.068934128796091,0.0,48.73230992601917,10.76822975512812,29.41066576141885,8.277091928863182,2.1841007979189904,18.329881440653885,25.07623108538568,0.0,0.0,0.0,0.0,1.6825097874938937,0.0,0.0,0.3864243413021979,0.0,0.0,0.0,0.0,0.0,0.0,0.0,0.0,1.5400510678292298,0.0,4.758657213239552,0.0,0.0,1.5400510678292298,0.0,0.0,0.0,0.0,0.0,0.0,0.0,0.0,2.2252462434816485,0.0,9.11866397465485,0.0,0.0,8.358403484450479,0.0,0.0,0.0,0.0,2.409826270677642,0.0,-1.137508344985711,0.0,5.999313262152402,0.0,0.0,0.0,0.0,0.0,0.0,0.0,0.0,0.0,0.0,0.0,0.0,27.23169217652132,10.923923954001935,4.577380533343512,0.0,0.0,0.0,0.0,0.0,0.0,0.0,0.0,0.0,0.0,0.0,-5.811879825903019,0.0,0.0,0.0,0.0,0.0,0.0,0.0,0.0,0.0,0.0,0.0,0.0,0.0,0.0,0.0,0.0,0.0,0.0,0.0,0.0,0.0,0.0,0.0,0.0,0.0,0.0,0.0,0.0,0.0,0.0,0.0,0.0,0.0,0.0,0.0,0.0,0.0,0.0,0.3864243413021979,0.0,4.577380533343512,1.0898469819388834,2.758693375257743,1.76881125748677,2.1841007979189904,3.438642591004973,4.245982715783548,0.0,0.0,0.0,0.0,0.4771508031742406,0.0,0.0,0.3864243413021979,0.0,0.0,0.0,0.0,0.0,0.0,0.0,0.0,0.3780127726959554,0.0,0.2306498502025342,0.0,0.0,0.3780127726959554,0.0,0.0,0.0,0.0,0.0,0.0,0.0,0.0,2.2252462434816485,0.0,-0.3799345907344418,0.0,0.0,2.057366976883346,0.0,0.0,0.0,0.0,1.0898469819388834,0.0,-1.137508344985711,0.0,5.999313262152402,0.0,0.0,0.0,0.0,0.0,0.0,0.0,0.0,0.0,0.0,0.0,0.0,8.898617978922372,10.923923954001935,4.577380533343512,0.0,0.0,0.0,0.0,0.0,0.0,0.0,0.0,0.0,0.0,0.0,-5.811879825903019,0.0,0.0,0.0,0.0,0.0,0.0,0.0,0.0,0.0,0.0,0.0,0.0,0.0,0.0,0.0,0.0,0.0,0.0,0.0,0.0,0.0,0.0,0.0,0.0,0.0,0.0,0.0,0.0,0.0,0.0,0.0,0.0,0.0,0.0,0.0,0.0,0.0,0.0,0.6026794921598264,0.0,10.923923954001935,2.1218347653418936,6.5836249409904495,3.645703529846521,2.1841007979189904,4.221270118360499,5.685953282676115,0.0,0.0,0.0,0.0,0.6026794921598264,0.0,0.0,0.3864243413021979,0.0,0.0,0.0,0.0,0.0,0.0,0.0,0.0,0.3920127612186595,0.0,0.7666557705901289,0.0,0.0,0.3920127612186595,0.0,0.0,0.0,0.0,0.0,0.0,0.0,0.0,2.2252462434816485,0.0,1.3284501224661036,0.0,0.0,2.1218347653418936,0.0,0.0,0.0,0.0,1.3199792887387587,0.0,0.0,0.0,5.999313262152402,0.0,0.0,0.0,0.0,0.0,0.0,0.0,0.0,0.0,0.0,0.0,0.0,9.434456218676576,10.923923954001935,4.577380533343512,0.0,0.0,0.0,0.0,0.0,0.0,0.0,0.0,0.0,0.0,0.0,0.0,0.0,0.0,0.0,0.0,0.0,0.0,0.0,0.0,0.0,0.0,0.0,0.0,0.0,0.0,0.0,0.0,0.0,0.0,0.0,0.0,0.0,0.0,0.0,0.0,0.0,0.0,0.0,0.0,0.0,0.0,0.0,0.0,0.0,0.0,0.0,0.0,0.0,0.0,63.895061728395056,2.4575023741690405,1.3142835549597862,10.923923954001935,-0.0074436930604671,-5.811879825903019,8.05894076443243,6.123608220964748,3.923923954001936,33.631919307902606,5.394402483878005,3.800467163878479,32.519024932045255,12.56665,0.48333,0.0,0.01667,0.54056,0.85513,0.43333,0.51869,0.76559,0.10722,0.02187,-0.08535,0.08954,0.56522,0.14907,0.0,0.17772,0.07958,0.11936,22.25,0.85577,14.75,0.56731,7.5,0.28846,-7.25,-0.27885,0.0,0.0,29.3816,1.13006,45.52331,16.1417,0.62083,8.71805,0.33531,12.2779,3.55986,0.13692,0.6361,0.02447,0.7221,0.02777,0.1,26.07,6.0,6.0,6.0,6.0,4.0,5.0,0.6842105263157895,1.4853239317355773,3.1318443172596044,4.105926322092352,4.6150610122030695,4.834148462665181,4.90011772966574,89.11943590413463,187.91065903557623,246.3555793255412,276.90366073218416,290.04890775991083,294.0070637799444,0.2514561439211084,0.5302018492754844,0.695107900787075,0.7813012510565439,0.8183913997423842,0.8295595881374095,4.421566663872941,2.7750462783489143,1.8009642735161666,1.2918295834054492,1.072742132943338,1.0067728659427786,0.2475539886225962,0.5219740528766007,0.6843210536820586,0.7691768353671783,0.8056914104441968,0.8166862882776234,15.978353816752122,28.65947202276538,32.1421680120521,33.24980077018964,33.70384459856241,35.00271139465493,89.79194355424866,50.82788216838741,39.092995387311966,34.15838758738781,32.36360881951333,29.319100489841976,24.03846153846154,12.456747404844291,11.460207612456747,12.0,6.0,8.0,2.78,3.1459999999999986,0.0,2.321006807652882,0.2132007163556104,0.0714285714285714,23.91774391266123,9.353410095850611,3.311987878081584,0.3333333333333333,0.4714045207910317,0.0,1.7320508075688774,1.6817928305074292,0.0,0.0,0.0,0.0,0.0,0.0,0.0,1.112,2.895,2.9240000000000004,2.338,1.428,14.779,34.0,34.0,35.0,45.0,40.0,37.0,43.0,44.0,38.0,402.0,3.4339872044851463,3.8607297110405954,4.047427642434349,4.355104977107617,4.852518425999119,4.767501597905544,4.823301195478757,5.060218794285084,5.221031272587963,5.110857631897958,7.011439390259019,2.7568407960199006,0.5,1.0,0.0,0.0,0.0,1.0,0.0,0.0,0.0,0.0,0.0,0.0,0.0,0.0,0.0,0.0,0.0,0.0,0.0,0.0,0.0,0.0,0.0,0.0,1.0,0.0,0.0,1.0,0.0,0.0,0.0,0.0,0.0,0.0,0.0,0.0,0.0,0.0,0.0,0.0,0.0,0.0,0.0,0.0,0.0,0.0,0.0,0.0,0.0,0.0,0.0,0.0,0.0,0.0,0.0,0.0,0.0,0.0,0.0,0.0,0.0,0.0,0.0,0.0,0.0,0.0,0.0,0.0,0.0,14.0,0.5384615384615384,19.0,0.7307692307692307,2.0,9.0,18.0,1.0,7.0,2.444444444444443,0.625,1.3422222222222229,0.7361111111111109,0.2448979591836735,0.3767361111111111,0.2587553539934492,0.14,0.1402918069584736,0.2692307692307692,0.0718954248366012,0.0201612903225806,0.0497119341563786,0.0230034722222222,0.0087463556851311,0.0171243686868686,0.0117616069997022,0.007,0.0093527871305649,0.5196748096840446,177.520307293207,274.6633330920599,355.0406145864141,13.655408253323618,177.520307293207,0.2545168196947568,0.0097891084497983,-3.557809725603785,1804.608525675757,69.40802021829835,19.49505730630191,122.82,380.7894789080413,5.700439718141093,4.795790545596741,5.54907608489522,6.3818160174060985,7.1631723908466425,7.99799931797973,8.794673401383422,9.630168502920114,10.43702333732841,11.272724764084428,124.0224443624408,3.970291913552122,0.0,5.241747015059643,0.0,6.680854678790215,0.0,8.190077049719049,0.0,9.737610048158109,9.980865173557472,387.217459818001,6.453624330300016,50.79981741580617,1.9538391313771604,18.08893198568788,12.37701835678028,2.5051064874540363,2206.0,31.0,5.381,120.0,1.0,-0.3010299956639811
0,0,0,0,0,0,0,0,0,0,0,0,0,0,0,0,0,0,0,0,0,0,0,0,0,0,0,0,0,0,0,0,0,0,0,0,0,0,0,0,0,0,0,0,0,0,0,0,0,0,0,0,0,0,0,0,0,0,0,0,0,0,0,0,0,0,0,0,0,0,0,0,0,0,0,0,0,0,0,0,0,0,0,0,0,0,0,0,0,0,0,0,0,0,0,0,0,0,0,0,0,0,0,0,0,0,0,0,0,0,0,0,0,0,0,0,0,0,0,0,0,0,0,0,0,0,0,0,0,0,0,0,0,0,0,0,0,0,0,0,0,0,0,0,0,0,0,0,0,0,0,0,0,0,0,0,0,0,0,0,0,0,0,0,0,0,0,0,0,0,0,0,0,0,0,0,0,0,0,0,0,0,0,2,4,3,1,2,2,5,1,2,1,2,3,4,2,2,2,2,5,0,0,0,0,0,0,0,0,0,0,0,0,0,0,0,0,2,3,2,3,0,0,0,0,0,0,0,0,0,0,0,0,0,0,0,0,0,1,5,2,5,1,2,0,0,0,0,0,0,0,0,0,0,0,0,0,0,0,0,0,0,0,0,0,0,0,0,0,0,0,0,0,0,0,0,0,0,0,0,0,0,0,0,0,0,0,0,0,0,0,0,0,0,0,0,0,0,0,0,0,0,0,0,0,0,0,0,0,0,0,0,0,0,0,0,0,0,0,0,0,0,0,0,0,0,0,0,0,0,0,0,0,0,0,0,0,0,0,0,0,0,0,0,0,0,0,0,0,0,0,0,0,0,0,0,0,0,0,0,0,0,0,0,0,0,0,0,0,0,0,0,0,0,0,0,0,0,0,0,0,0,0,0,0,0,0,0,0,0,0,0,0,0,0,0,0,0,0,0,0,0,0,0,0,0,0,0,0,0,0,0,0,0,0,0,0,0,0,0,0,0,0,0,0,0,0,0,0,0,0,0,0,5,2,3,1,1,2,1,0,0,0,0,0,0,0,0,0,0,0,0,0,0,0,0,0,0,0,0,0,0,0,0,0,0,0,0,0,0,0,0,0,0,0,0,0,0,0,0,0,0,0,0,0,0,0,0,0,0,0,0,0,0,0,0,0,0,0,0,0,0,0,0,0,0,0,0,0,0,0,0,0,0,0,0,0,0,0,0,0,0,0,0,0,0,0,0,0,0,0,0,0,0,0,0,0,0,0,0,0,0,0,0,0,0,0,0,0,0,0,0,0,0,0,0,0,0,0,0,0,0,0,0,0,0,0,0,0,0,0,0,0,0,0,0,0,0,0,0,0,0,0,0,0,0,0,0,0,2,5,2,4,0,0,0,0,0,0,0,0,0,0,0,0,0,0,0,0,0,0,0,0,0,2,2,2,1,2,2,2,1,0,0,0,0,0,0,0,0,0,0,0,2,2,2,2,2,4,3,2,2,0,0,0,0,0,0,2,2,2,2,2,0,0,1,0,0,0,0,5,5,0,0,0,0,0,0,0,0,0,0,0,1,5,2,5,0,0,0,0,0,2,0,0,0,0,0,0,0,1,2,2,2,2,2,1,0,0,0,0,0,0,0,0,0,0,0,0,0,0,0,3,2,3,0,2,3,4,0,0,0,0,0,0,0,0,0,0,0,0,0,0,0,0,0,0,0,0,0,0,0,0,0,0,0,0,0,0,0,0,2,2,2,1,2,2,2,2,2,0,0,0,0,0,0,0,0,0,0,0,0,0,0,0,0,0,0,0,0,0,0,0,0,3,2,2,2,3,1,1,2,3,2,0,0,0,5,2,3,0,0,0,0,0,0,0,1,2,0,0,0,0,0,0,0,2,2,2,0,0,0,0,0,0,0,0,0,0,0,0,0,0,0,0,0,0,0,0,0,0,0,0,0,0,0,0,0,0,0,0,0,0,0,0,0,0,0,0,0,0,0,0,0,0,0,0,0,0,0,0,0,0,0,0,0,0,0,0,0,0,0,0,0,0,0,2,5,4,0,1,1,2,2,2,2,2,3,2,0,0,0,3,2,2,3,0,0,0,0,0,0,0,0,0,0,0,0,2,2,0,0,0,0,0,0,0,0,0,0,0,0,0,0,0,0,0,0,0,0,0,0,0,0,0,0,0,0,0,0,0,2,2,2,2,4,5,0,0,0,0,0,0,0,0,0,0,0,0,0,0,0,0,0,0,0,0,0,0,0,0,0,0,0,0,0,0,0,0,0,0,3,0,0,0,0,0,0,0,0,0,0,0,0,0,0,0,0,0,0,0,0,0,0,0,0,0,0,2,3,0,0,0,0,0,0,2,2,5,5,1,1,0,0,0,0,0,0,0,0,0,0,0,0,0,0,0,0,0,0,0,0,0,0,2,1,2,0,0,0,0,0,0,0,0,0,3,3,5,0,0,1,5,0,0,0,0,0,0,0,0,0,0,0,0,0,0,0,3,2,0,0,0,0,2,2,2,0,0,0,0,2,2,2,2,1,0,0,0,2,3,2,2,2,1,0,0,2,2,1,2,2,0,0,0,0,0,0,0,0,0,0,0,0,1,2,3,0,0,0,0,0,0,0,0,0,0,0,0,0,0,0,0,0,0,0,0,0,0,0,0,0,0,0,0,0,0,0,0,0,0,0,0,0,0,0,1,2,0,0,0,0,1,0,0,0,0,0,0,0,0,0,0,0,0,0,0,0,0,0,0,0,0,0,0,0,0,0,0,0,0,0,0,0,0,0,0,0,0,0,0,0,0,0,0,0,0,0,0,0,0,0,0,0,0,0,0,0,0,0,0,0,0,0,0,0,0,0,0,0,0,0,0,0,0,0,0,0,0,0,0,0,0,0,0,0,0,0,5,2,0,0,0,0,0,0,4,2,0,0,0,0,0,0,0,0,0,0,0,0,1,3,3,2,0,0,0,0,0,0,0,0,0,0,0,0,0,0,0,0,0,0,0,0,0,0,0,0,0,0,0,0,0,0,0,0,0,0,0,0,0,0,0,0,0,0,0,2,1,0,0,0,0,0,0,0,0,0,0,0,0,0,0,0,0,0,0,0,0,0,0,2,2,2,5,0,0,0,0,0,0,0,2,2,0,0,0,0,0,0,0,0,2,2,2,1,0,0,0,0,2,2,2,2,0,2,1,2,2,2,0,2,2,0,0,0,0,0,0,0,0,0,0,0,0,0,0,0,0,0,0,1,2,2,0,0,0,0,0,0,0,0,0,0,0,0,0,0,0,0,2,2,5,2,2,1,0,0,0,0,0,0,0,3,2,0,3,4,2,4,1,1,2,0,1,1,4,3,3,3,1,3,4,1,1,0,4,0,0,1,3,2,2,2,4,0,3,1,2,2,3,4,0,2,1,3,1,0,1,2,4,0,0,1,4,2,1,1,2,0,2,3,4,1,2,4,0,3,4,4,2,0,3,1,3,3,1,4,4,1,3,4,2,2,0,2,3,3,3,2,4,0,4,3,3,1,3,2,3,0,4,3,0,2,4,0,4,4,2,0,2,4,2,3,2,3,1,0,2,2,1,0,3,2,2,2,4,4,0,3,3,0,3,2,4,2,0,1,1,0,0,3,0,1,3,1,1,3,2,4,0,0,0,1,0,4,0,3,4,2,3,3,4,2,0,2,2,0,0,1,4,3,1,2,0,4,0,4,4,2,4,3,2,0,3,0,1,2,3,3,3,4,1,3,1,2,0,1,0,3,0,1,2,0,3,2,2,2,4,0,0,2,1,4,3,3,2,0,3,2,3,3,2,4,2,3,4,0,0,1,2,4,4,0,0,2,2,3,4,1,2,4,1,0,0,1,1,1,4,3,2,4,3,4,1,1,1,1,3,0,0,0,1,1,4,4,3,4,0,2,3,4,0,0,3,3,0,2,1,1,4,4,1,4,0,4,0,1,4,1,4,2,3,4,2,2,0,1,3,4,4,2,4,2,4,4,4,2,4,1,2,1,4,3,0,0,4,4,3,4,0,3,3,0,0,3,3,4,4,1,3,1,4,1,2,3,4,2,1,1,2,0,0,0,3,4,3,4,2,2,3,4,2,2,4,0,3,2,1,1,4,1,2,1,4,4,3,0,0,3,0,0,0,0,0,0,0,0,0,0,0,0,0,0,0,0,0,0,0,0,0,0,0,0,0,0,0,0,0,0,0,0,0,0,0,0,0,0,0,0,0,0,0,0,0,0,0,0,0,0,0,0,0,0,0,0,0,0,0,0,0,0,0,0,0,0,0,0,0,0,0,0,0,0,0,0,0,0,0,0,0,2,1,2,0,2,2,2,3,3,2,2,3,1,2,2,0,0,0,0,0,0,0,2,3,2,3,3,5,4,0,2,5,0,5,2,0,0,0,0,2,2,5,2,0,0,0,0,0,0,0,0,0,0,0,0,0,0,0,0,0,0,0,0,0,0,0,0,0,0,0,0,0,0,0,0,0,0,0,0,0,0,0,0,0,0,0,0,0,0,0,0,0,0,0,0,0,0,0,0,0,0,0,0,0,0,0,0,0,0,0,0,0,0,0,0,0,0,0,0,0,0,0,0,0,0,0,0,0,0,0,0,0,0,0,0,0,0,0,0,2,1,1,1,5,5,3,1,1,5,4,1,3,1,3,3,0,0,0,0,0,0,0,0,0,0,0,0,0,0,0,0,0,0,0,0,0,0,0,0,0,0,0,0,0,0,0,0,0,0,0,0,0,0,0,0,0,0,0,0,0,0,0,0,0,0,0,0,0,0,0,0,0,0,0,0,0,0,0,0,0,0,0,0,0,0,0,0,0,0,0,0,0,0,0,0,0,0,0,0,0,0,0,0,0,0,0,0,0,0,0,0,0,0,0,0,0,0,0,0,0,0,0,0,0,0,0,0,0,0,0,0,0,0,0,0,0,0,0,0,0,0,0,0,0,0,0,0,0,0,0,0,0,0,0,0,0,0,0,0,0,0,0,0,0,0,0,0,0,0,0,0,0,0,0,0,0,0,0,0,0,0,0,0,0,0,0,0,0,0,0,0,0,0,0,0,0,0,0,0,0,0,0,0,0,0,0,0,0,0,0,0,0,0,0,0,0,0,0,0,0,0,0,0,0,0,0,0,0,0,0,0,0,0,0,0,0,0,0,0,0,0,0,0,0,0,0,0,0,0,0,0,0,0,0,0,0,0,0,0,0,0,0,0,0,0,0,0,0,0,0,0,0,0,0,0,0,0,0,0,0,0,0,0,0,0,0,0,0,0,0,0,0,0,0,0,0,0,0,0,3,3,2,3,2,2,4,2,3,1,1,2,5,5,1,2,1,0,0,0,0,0,0,0,0,0,0,0,0,0,0,0,0,0,0,0,0,0,0,0,0,0,0,0,0,0,0,0,0,0,0,0,0,0,0,0,0,0,0,0,0,0,0,0,0,0,0,0,0,0,0,0,0,0,0,0,0,0,0,0,0,0,0,0,0,0,0,0,0,0,0,0,0,0,0,0,0,0,0,0,0,0,0,0,0,0,0,0,0,0,0,0,0,0,0,0,0,0,0,0,0,0,0,0,0,0,0,0,0,0,0,0,0,0,0,0,0,0,0,0,0,0,0,0,0,0,1,1,2,4,1,3,2,3,1,3,4,5,3,3,1,3,5,4,1,2,4,3,3,1,3,3,1,3,1,1,2,1,3,2,2,5,3,2,2,3,4,1,2,2,4,0,0,0,0,0,0,0,0,0,0,0,0,0,0,0,0,0,0,0,0,0,0,0,0,0,0,0,0,1,0,0,1,0,0,0,0,0,0,0,0,0,0,0,0,0,0,0,0,0,0,0,0,0,0,1,0,1,0,0,0,0,0,0,0,0,0,0,1,0,0,0,0,0,0,0,0,0,0,0,0,0,0,0,0,0,0,0,1,0,0,0,0,0,0,0,0,0,0,0,0,0,0,0,1,0,0,0,0,0,0,0,0,0,0,0,0,0,0,0,0,0,0,0,0,0,0,0,0,0,0,0,0,0,0,0,0,0,0,0,0,0,0,0,0,1,0,1,0,0,0,0,0,0,0,0,0,0,0,0,0,0,0,0,0,0,0,0,0,0,0,0,0,0,0,0,0,0,0,0,0,0,0,0,0,0,0,0,0,0,0,0,0,0,0,0,0,0,0,1,0,1,0,0,1,0,0,0,0,0,0,0,0,0,0,0,0,0,0,0,0,0,0,0,0,0,0,0,0,0,0,0,0,0,0,0,0,0,0,0,0,0,0,0,0,0,0,0,0,0,0,0,0,0,0,0,0,0,0,0,0,0,0,0,0,0,0,0,0,0,0,0,0,0,0,0,0,0,0,0,0,0,0,0,0,0,0,0,0,0,0,0,0,0,0,0,0,1,0,0,0,0,0,0,0,1,0,0,0,0,0,0,0,0,1,0,1,0,0,0,0,0,0,0,0,0,0,0,0,0,0,0,0,0,0,0,0,0,1,0,0,1,0,0,0,0,0,0,0,1,0,0,0,0,0,0,0,0,0,0,0,0,0,0,0,0,0,0,0,0,0,0,0,0,0,0,0,0,0,0,1,0,0,0,0,0,0,0,0,0,0,0,0,0,0,0,0,1,0,0,0,0,0,0,0,0,0,0,0,0,0,0,1,0,0,0,0,0,0,0,0,0,0,0,0,0,0,0,0,0,0,0,0,0,0,0,0,0,0,0,0,0,0,0,0,0,0,0,0,0,0,0,0,0,0,0,0,0,0,1,0,0,0,0,0,0,0,0,0,0,0,0,0,0,0,0,0,0,0,0,0,0,0,0,0,0,0,0,0,0,0,0,0,0,0,0,0,0,0,0,0,0,1,0,0,0,0,0,0,1,0,0,0,0,0,0,0,0,0,0,0,0,0,0,0,0,0,0,0,0,0,0,0,0,0,0,0,0,0,0,0,0,0,0,0,0,0,0,0,0,0,0,0,0,0,0,0,0,1,0,0,0,0,0,0,0,0,0,0,0,0,0,0,0,0,0,0,0,0,0,0,0,0,0,0,0,0,0,0,0,0,0,0,1,0,0,0,1,0,0,0,0,0,0,0,0,0,0,0,0,0,0,0,0,0,0,0,0,0,0,0,0,0,0,0,0,0,0,0,0,0,0,0,0,0,0,1,0,0,0,0,0,0,0,0,0,0,0,0,0,0,0,0,0,0,0,0,1,0,0,0,0,0,0,0,0,0,0,0,0,0,0,0,0,1,0,0,0,0,0,0,0,0,0,1,0,0,0,0,0,0,0,0,0,0,0,0,0,0,1,0,0,0,0,0,0,0,0,0,0,1,0,0,0,0,0,0,0,1,0,0,0,1,1,0,1,0,1,0,0,0,0,0,0,0,0,0,0,0,0,0,0,0,0,0,0,0,0,0,1,1,0,0,0,0,0,0,0,0,0,0,0,0,0,0,1,1,0,0,0,0,0,0,0,0,0,0,0,0,0,0,0,0,0,0,0,0,0,0,0,0,0,0,0,0,0,1,0,0,0,0,0,0,1,0,0,0,0,0,0,0,0,0,0,0,1,0,0,0,0,0,0,0,0,0,0,1,0,0,0,0,0,0,0,0,0,0,0,0,0,1,0,1,0,0,0,0,0,0,0,0,0,0,0,0,0,0,0,0,1,0,0,0,0,0,0,0,0,0,0,0,0,0,1,0,0,0,0,0,0,0,0,0,0,0,0,0,1,0,0,0,0,0,0,0,0,0,0,0,1,1,0,0,1,0,0,0,1,0,1,0,0,0,0,0,0,0,0,0,0,0,0,0,0,0,0,0,0,1,0,0,0,0,0,0,0,0,0,0,0,0,0,0,0,0,0,0,0,0,0,0,0,0,0,0,0,0,0,0,1,0,0,0,0,0,0,0,1,0,0,0,0,0,0,0,0,0,0,0,1,0,0,0,0,1,1,0,0,0,0,0,0,0,0,0,0,0,0,0,0,0,0,0,1,0,0,0,0,0,0,0,1,0,0,0,0,0,0,0,0,0,0,0,0,0,0,0,0,0,0,0,0,0,0,0,0,0,0,0,0,0,0,0,0,1,0,0,0,0.0,1.7817000000000018,3.1744548900000065,62.141900000000014,54.33485999999998,11.0,11.0,45.0,25.0,20.0,0.0,19.0,3.0,1.0,1.0,0.0,1.0,0.0,0.0,0.0,1.0,4994.6786511497785,4942.507320835201,7577.182238670403,8062.340425931196,6602.793332159998,6786.862873096003,6904.321172340809,5154.410640814399,4027.4390222608017,10388.650560934082,12797.600729492471,18575.762885690347,20755.0816273062,20498.650841289404,19752.80340535858,19510.059535519664,16851.31163485208,13346.88414425326,346.33955699999984,362.8838999999999,618.523740000001,700.8853279999997,859.1566760000004,811.0827380000009,839.920704000001,766.240382000001,680.821688000001,74.87481109697988,90.75591619999996,133.23215236303702,150.80312199554697,160.03749576679192,152.23663687222523,148.42514506977216,132.04251056349003,107.5101406882819,7337.50104746758,6856.475829909001,12561.865862661643,13773.08452974637,17656.669481928653,17201.444363582435,17796.22203513354,15999.645682844592,14836.36856274523,214.89231824417007,146.99382716049382,233.00617283950623,290.63580246913585,334.4320987654321,283.1543209876543,330.601851851852,305.20987654321,234.76543209876544,110.99285891443952,105.1597302305362,94.71477798338005,89.5815602881244,59.484624614054034,62.26479700088076,62.20109164271,52.06475394762019,44.74932246956446,230.8589013540907,272.28937722324406,232.19703607112933,230.61201808118,184.6725301017064,181.21837986567505,175.76630212179876,170.21526903890992,148.2987127139251,7.696434599999996,7.72093404255319,7.731546750000012,7.787614755555553,7.740150234234238,7.441126036697256,7.566853189189199,7.739801838383848,7.564685422222234,1.6638846910439975,1.930976940425532,1.6654019045379629,1.675590244394966,1.4417792411422696,1.396666393323167,1.3371634690970464,1.333762732964546,1.1945571187586876,163.0555788326129,145.88246446614895,157.02332328327054,153.03427255273743,159.0690944317897,157.81141617965537,160.32632464084273,161.61258265499586,164.8485395860581,4.775384849870446,3.1275282374573155,2.912577160493828,3.2292866941015097,3.0129017906795683,2.59774606410692,2.9783950617283965,3.082928045891009,2.6085048010973937,0.4825944261125267,-0.2601972418885711,0.069270366054655,-0.0599984430014882,0.0096294911253314,-0.084679499439595,0.1197626022454856,0.1010213216692695,-0.1064408072475763,2155.375405495917,155.2424583616486,966.73459527006,-182.8813993137834,-2020.8860052028613,564.3615543472314,418.6603081089983,-1880.40000767117,-458.57354755296,2341.7225361243773,-47.864013882579286,1095.6879143436367,-607.7763353143033,-1581.7305065360315,236.31516120900943,479.337523124872,-1486.146522508498,-475.3307492436344,3.5089159111111066,-0.0342945071604928,0.4930159802469147,-0.5447228666666629,-1.0864691807407365,0.3338435264197488,0.4863715525925906,-1.8628824044444423,-1.2237903999999993,13.3331246521,-0.3097870824497681,5.061949018936559,-3.3950958098249915,-6.59269500419866,0.0722112516454464,0.4668615668333322,-6.51514393720333,0.4622292220819928,94.2334250231711,-17.998852822920266,19.63548992452711,-25.701014587603225,5.90686800549997,-16.087994239817135,-17.432932288003656,-6.644595777129039,2.2851258767434475,81.48387440938892,-3.442828498365759,3.693581601720605,-5.993918609967984,-20.08447289539198,5.801794103202416,7.843121983437478,-36.735351318396575,-23.506172839506227,0.0107243205802783,-0.005536111529544,0.0008658795756831,-0.0006666493666832,8.675217230028324e-05,-0.0007768761416476,0.0010789423625719,0.0010204173905986,-0.0011826756360841,47.89723123324261,3.303031028971247,12.084182440875749,-2.0320155479309268,-18.206180227052805,5.177628938965426,3.771714487468453,-18.99393947142596,-5.095261639477333,52.038278580541714,-1.0183832740974317,13.69609892929546,-6.753070392381148,-14.249824383207493,2.168029001917518,4.318356064188036,-15.011581035439374,-5.281452769373716,0.0779759091358023,-0.0007296703651168,0.0061626997530864,-0.0060524762962962,-0.0097880106373039,0.0030627846460527,0.0043817256990323,-0.0188169939842872,-0.0135976711111111,0.2962916589355556,-0.0065912145202078,0.0632743627367069,-0.0377232867758332,-0.0593936486864744,0.0006624885472059,0.0042059600615615,-0.0658095347192255,0.0051358802453554,2.0940761116260243,-0.3829543153812823,0.2454436240565888,-0.2855668287511469,0.0532150270765763,-0.147596277429515,-0.1570534440360689,-0.0671171290619094,0.0253902875193716,1.810752764653087,-0.0732516701779948,0.0461697700215075,-0.0665990956663109,-0.1809411972557836,0.0532274688367194,0.0706587566075448,-0.3710641547312785,-0.2611796982167358,-0.5162202573209878,0.0807398071702097,-0.0621623870428814,0.0080892930839662,-0.0724405929338132,0.1006070598594449,0.0951498403055194,-0.1102797727120427,0.0689607925954352,0.2522939662635204,-0.0424244887566825,-0.3801092413545813,0.1080987106280152,0.0787459815600099,-0.3965561052774048,-0.1063790433869801,-0.019569887818661,0.2631927746821498,-0.1297712102818534,-0.2738335081771099,0.0416621967723619,0.0829842220377129,-0.2884718988581713,-0.1014916886845017,-0.0093576384450494,0.0790333812248795,-0.0776198233964197,-0.1255260855023465,0.0392786013013149,0.0561933262156797,-0.2413180454429295,-0.1743829762526972,-0.0222456971751656,0.2135543165947488,-0.1273180855355708,-0.2004567016832314,0.0022359338416273,0.0141953373803086,-0.2221106559518077,0.0173338671220324,-0.1828750699438154,0.1172085497245871,-0.1363688870551165,0.0254121742667965,-0.0704827664143058,-0.074998918694564,-0.0320509501489866,0.0121248159884964,-0.0404537116319293,0.0254975560014417,-0.036779784057969,-0.0999259538838529,0.0293952161088744,0.0390217582360461,-0.2049225946107385,-0.1442381882911408,1.530872127640927,1.1009621351395953,1.3379836595741272,0.9836041601762509,0.8618758965141883,0.8195575691662638,0.914200467359264,1.1061107095015934,0.7214085273280945,0.6851835132515394,0.9936105882206824,1.4922771764043248,0.7995097919638016,0.9109128382143542,1.483349434048444,0.9832837433575536,0.9630710865463088,0.6789828127065253,1.0723412028207755,1.2410446838035272,0.9729370482090358,0.9154494026082132,1.256364450766552,1.0572344459192091,0.6090953672512333,0.702230934687673,1.042844147571354,1.2421639136232672,0.634870466834128,0.8926722432758398,1.5651067563659575,1.0989088139764565,0.9740656675326508,0.7508607133407765,1.138025597385446,1.2942765285593285,0.9609428835834112,0.9790402360388516,1.2833213333864952,0.8382699909383439,1.1933268665490346,0.873928707748151,1.2149889901086937,1.0508959205298056,0.940305212632684,0.9790652049230264,1.1975579852217828,0.8159807717691532,0.5372222056552297,0.5801125930271027,0.9724580666074708,1.2440767442098295,0.6313839381354599,0.9841794719034564,1.6089398422081491,1.0627301068786408,184.92170378744527,92.98760625341802,140.22957590735206,186.16615073757004,7.446646029502803,92.98760625341802,1.636904761904688,0.1049535071304219,0.0041981402852168,-5.635594540296978,351.55826864977433,14.062330745990971,14.655938672299415,184.75760219569904,92.92104496872255,140.15740540821918,186.02856225895053,7.441142490358022,92.92104496872255,1.669913789895503,0.1034265638623629,0.0041370625544945,-5.672233615026595,351.1028562352216,14.044114249408862,14.652698045614716,231.15309129666088,114.70352107187163,171.0422330792826,229.82609394044343,9.19304375761774,114.70352107187163,-1.7460491529175926,0.0522493512165835,0.0020899740486633,-7.379319512804495,2971.3777265014087,118.85510906005636,19.99195251303533,196.48081729371583,98.76747858871524,149.15722324899113,197.4506259867333,7.898025039469332,98.76747858871524,1.054139883714626,0.0051312405320091,0.0002052496212803,-13.1810195748197,346.2707556511445,13.85083022604578,14.6180524995595,249.92215813182628,122.53049670422396,180.9821969648318,247.0671873258531,9.882687493034126,122.53049670422396,-4.21090645571384,0.1594029739743559,0.0063761189589742,-4.590799638738627,780.2336739710706,31.209346958842826,16.64898364208025,194.5545327351893,97.8351091878436,148.20608074716364,195.58096352444733,7.823238540977894,97.8351091878436,1.1156856404978868,0.0454049598963849,0.0018161983958553,-7.730334827707499,322.6301471355612,12.905205885422449,14.441266529595223,270.146603589543,132.87209694282205,206.99508336206875,270.1748178752572,10.806992715010288,132.87209694282205,0.0470238095236368,0.3359473892413056,0.0134378955696522,-2.727001777294439,252.34016979821843,10.093606791928735,13.826945143484872,2.0,11.993300446684149,31.97207226008112,-0.2867407301450208,0.2458833979176312,4.643208059467803,11.960117511423569,27.0,47.0,44.0,33.0,13.0,3.0,3.0,0.0,0.0,14.0,31.585139999999992,4.077694736624212,3.922008387387468,3.761458441104217,3.1516781737729165,3.0441317923954334,2.891012011713293,2.8504278836036043,2.7732516011456223,1.9627059249396093,1.7594985681551298,1.708854467602796,1.600477520112256,1.4579869368753753,1.3502289722141243,1.3052473440053547,1.044483135925955,3.922324374879998,3.770090593283359,3.604159857431221,3.0685327989281093,2.897356687164397,2.8877443867376784,2.7764975145742348,2.684981461193729,1.9694294621332824,1.7697329579878838,1.7213208117100889,1.6672809148352128,1.4602448596210666,1.297141959093379,1.230312587951186,1.019429486685469,4.011643202783965,3.836119839090668,3.734959248324401,3.240914135810732,3.0899343690045304,3.0535626671639795,2.968316453076057,2.843743704795383,1.868760163913595,1.678377864453186,1.5529359666534115,1.438205450014662,1.2737597909740734,1.0088963787982126,0.9856532770938716,0.7915491661486145,3.922512851687514,3.780294114817464,3.639944747301477,3.0647980033577067,2.9177652435989936,2.8968867585278995,2.8089851459131507,2.6823189504645217,1.9686136552967368,1.7726540721875077,1.721991767750093,1.656846347152124,1.4355379585308286,1.2423736136423016,1.1790696736685151,0.9941299454829938,4.046358881295274,3.8579308392234015,3.766392451459323,3.306631395692904,3.174475974381007,3.135749834768996,3.046836889448256,2.8981659283152306,1.84367004379086,1.6656632510143357,1.5008993204773515,1.379944499665773,1.2528694639881557,0.9294820779088812,0.8976145346542589,0.7416653852709929,4.787503329353344,4.598311650269667,3.916010264008212,3.663875695736254,3.548765940016725,3.1377195059276857,2.974245072299245,2.958549133294676,1.9007887752496784,1.7329211212864577,1.6166242383119764,1.4688489918440233,1.350399860790881,1.1333498905821804,1.113185560982152,0.875864497648438,0.0,0.0,1.0,10.0,2.0,3.0,0.0,0.0,0.0,0.0,0.0,0.1571348402636772,0.6198252360829101,0.974186203692666,0.0,0.0,0.1007401809065409,0.3003464352002358,0.3740269684679139,1.8515042201352785,0.0,0.6924298409004582,0.0,1.0166077915306255,0.0,0.2610454650125903,0.0,5.070231460469152,7.453503536094334,9.62895066578088,2.4094549914418404,3.2486978347293776,3.523350939284456,18.13746372257519,11.917922655570507,10.871605652061438,9.740246056735224,7.500382412876095,5.575294032655069,3.620324366395308,2.372309526697966,0.7254985489030077,0.4414045427989077,0.2787591192836266,0.1837782274855702,0.1136421577708499,0.0743372537687342,0.047635846926254,0.0285820424903369,15.523806817688858,8.782144397056934,6.994125416511698,5.531963729587045,3.8228011857555,2.425513390621859,1.3451709544985673,0.8065609640965397,0.6209522727075543,0.3252646072984049,0.1793365491413256,0.1043766741431518,0.0579212300872045,0.0323401785416247,0.0176996178223495,0.0097176019770667,29.24057724404637,45.23197378004375,43.75294117647055,44.30000000000003,31.51189221556889,341.8668982035928,0.6497906054232527,1.005154972889861,0.9722875816993456,0.9844444444444452,0.7002642714570864,7.597042182302062,3.6416300000000015,101.64400000000003,208.53753349519127,299.19718310759333,417.07506699038254,16.683002679615303,208.53753349519127,0.1647431725628792,0.0065897269025151,-4.508418869136786,422.5462573382368,16.901850293529474,15.11574731407108,529.0,0.0,0.0,5.0,14.0,0.0,0.0,0.0,0.0,0.0,0.0,0.0,0.0,0.0,0.0,0.0,0.0,0.0,0.0,0.0,0.0,0.0,0.0,0.0,0.0,1.0,5.0,0.0,0.0,0.0,1.0,6.0,0.0,0.0,0.0,0.0,0.0,0.0,0.0,0.0,4.0,0.0,1.0,0.0,1.0,5.0,0.0,0.0,0.0,3.0,5.0,0.0,0.0,0.0,0.0,0.0,0.0,0.0,0.0,0.0,0.0,1.0,0.0,1.0,0.0,1.0,0.0,0.0,1.0,0.0,0.0,0.0,0.0,1.0,0.0,0.0,0.0,0.0,0.0,0.0,0.0,0.0,0.0,0.0,0.0,0.0,1.0,0.0,0.0,0.0,0.0,0.0,0.0,0.0,0.0,0.0,0.0,0.0,0.0,0.0,0.0,0.0,0.0,0.0,0.0,0.0,0.0,0.0,0.0,0.0,0.0,0.0,0.0,0.0,0.0,0.0,0.0,0.0,0.0,0.0,0.0,0.0,28.5730519158463,16.58266167010951,0.0,0.0,0.0,0.0,0.0,0.0,0.0,0.0,0.0,0.0,0.0,0.0,0.0,0.0,0.0,0.0,0.0,0.0,0.0,0.0,0.4864731224279835,2.567543581082078,0.0,0.0,0.0,0.4864731224279835,3.0540167035100616,0.0,0.0,0.0,0.0,0.0,0.0,0.0,0.0,7.582921617785712,0.0,0.4926137723607962,0.0,2.0224251490719745,8.917480972517295,0.0,0.0,0.0,2.011467640788078,3.631287907732162,0.0,0.0,0.0,0.0,0.0,0.0,0.0,0.0,0.0,0.0,4.250232505379165,0.0,1.682312394846215,0.0,2.0958550117577897,0.0,0.0,12.39133182712683,0.0,0.0,0.0,0.0,13.96928003220905,0.0,0.0,0.0,0.0,0.0,0.0,0.0,0.0,0.0,0.0,0.0,0.0,-1.5657273500935818,0.0,0.0,0.0,0.0,0.0,0.0,0.0,0.0,0.0,0.0,0.0,0.0,0.0,0.0,0.0,0.0,0.0,0.0,0.0,0.0,0.0,0.0,0.0,0.0,0.0,0.0,0.0,0.0,0.0,0.0,0.0,0.0,0.0,0.0,0.0,-1.5657273500935818,-0.1919840045553529,0.0,0.0,0.0,0.0,0.0,0.0,0.0,0.0,0.0,0.0,0.0,0.0,0.0,0.0,0.0,0.0,0.0,0.0,0.0,0.0,0.4864731224279835,0.4642522911942555,0.0,0.0,0.0,0.4864731224279835,0.4642522911942555,0.0,0.0,0.0,0.0,0.0,0.0,0.0,0.0,1.7499985134863452,0.0,0.4926137723607962,0.0,2.0224251490719745,1.485730083942566,0.0,0.0,0.0,0.0803047238689373,-0.1919840045553529,0.0,0.0,0.0,0.0,0.0,0.0,0.0,0.0,0.0,0.0,4.250232505379165,0.0,1.682312394846215,0.0,2.0958550117577897,0.0,0.0,12.39133182712683,0.0,0.0,0.0,0.0,13.96928003220905,0.0,0.0,0.0,0.0,0.0,0.0,0.0,0.0,0.0,0.0,0.0,0.0,-1.5657273500935818,0.0,0.0,0.0,0.0,0.0,0.0,0.0,0.0,0.0,0.0,0.0,0.0,0.0,0.0,0.0,0.0,0.0,0.0,0.0,0.0,0.0,0.0,0.0,0.0,0.0,0.0,0.0,0.0,0.0,0.0,0.0,0.0,0.0,0.0,0.0,13.96928003220905,2.0733002645502645,0.0,0.0,0.0,0.0,0.0,0.0,0.0,0.0,0.0,0.0,0.0,0.0,0.0,0.0,0.0,0.0,0.0,0.0,0.0,0.0,0.4864731224279835,0.5796657254574338,0.0,0.0,0.0,0.4864731224279835,0.5796657254574338,0.0,0.0,0.0,0.0,0.0,0.0,0.0,0.0,2.021878254388175,0.0,0.4926137723607962,0.0,2.0224251490719745,2.0733002645502645,0.0,0.0,0.0,0.9874206329685228,1.061427049214748,0.0,0.0,0.0,0.0,0.0,0.0,0.0,0.0,0.0,0.0,4.250232505379165,0.0,1.682312394846215,0.0,2.0958550117577897,0.0,0.0,12.39133182712683,0.0,0.0,0.0,0.0,13.96928003220905,0.0,0.0,0.0,0.0,0.0,0.0,0.0,0.0,0.0,0.0,0.0,0.0,0.0,0.0,0.0,0.0,0.0,0.0,0.0,0.0,0.0,0.0,0.0,0.0,0.0,0.0,0.0,0.0,0.0,0.0,0.0,0.0,0.0,0.0,0.0,0.0,0.0,0.0,0.0,0.0,0.0,0.0,0.0,0.0,0.0,0.0,57.481481481481474,2.299259259259259,0.7243934240362813,13.96928003220905,-0.0130874564331905,-1.5657273500935818,8.223926794889609,2.21387549824173,5.969280032209048,25.678170210911563,1.873282587088504,5.957428180357196,24.96411450838364,12.15237,0.48609,0.0,0.01391,0.59661,0.83391,0.44085,0.53417,0.83391,0.15577,0.06245,-0.09332,0.0,0.58291,0.13138,0.0,0.21552,0.39498,0.0,32.0,1.28,16.0,0.64,16.0,0.64,0.0,0.0,0.5,0.02,21.60964,0.86439,44.98183,23.37219,0.93489,5.41304,0.21652,11.91786,6.50482,0.26019,0.49614,0.01985,0.75414,0.03017,0.4,129.06,4.0,4.0,3.0,4.0,0.0,0.0,0.2631578947368421,1.6717626039888116,3.5713556654947824,4.500093307816549,4.802529762804034,4.935863096137367,4.98030754058181,75.22931717949652,160.71100494726522,202.5041988517447,216.1138393261816,222.1138393261815,224.11383932618145,0.3044077426444795,0.650300654961364,0.819412542339135,0.8744825614533771,0.8987609481827021,0.9068537437591436,3.820090492340863,1.9204974308348923,0.991759788513126,0.6893233335256408,0.5559900001923079,0.5115455557478645,0.2885127064657602,0.616344381878889,0.776625877674733,0.8288203459288712,0.8518310059175059,0.8595012259137174,18.646358652152387,37.25863468550207,41.11955856094092,42.40144381024443,42.53582048117777,42.58061270482222,79.77062384023131,40.01921330599116,29.46705587404045,26.609064147959067,25.84630790971566,25.69111443876768,19.753086419753085,8.347140039447732,4.135279458882165,1.0,12.0,0.0,2.89,2.6552,0.9474242560135684,4.48554712092364,7.49916873802513,0.0,6.4339789452052205,14.812201182075952,0.0,8.068765650217555,0.0,0.0,0.0,0.0,0.0,0.0,0.0,0.0,0.0,0.5345224838248487,0.1666666666666666,0.003,1.6809999999999998,1.6030000000000002,2.257,2.22,12.867,39.0,53.0,66.0,75.0,76.0,83.0,95.0,101.0,98.0,738.0,3.597312260588446,4.21582445975981,4.771743385813907,5.264954462878915,5.670527265780141,5.879659700169321,6.2505180485814265,6.664050218743912,6.970084329786824,7.193814942289667,8.471603992437077,6.471777608401084,0.4615384615384615,3.0,0.0,0.0,2.0,1.0,0.0,0.0,0.0,0.0,0.0,0.0,0.0,0.0,0.0,0.0,0.0,0.0,0.0,0.0,0.0,0.0,0.0,0.0,3.0,0.0,2.0,1.0,0.0,0.0,0.0,0.0,0.0,0.0,0.0,2.0,0.0,0.0,2.0,0.0,0.0,0.0,0.0,0.0,0.0,0.0,0.0,0.0,0.0,0.0,0.0,0.0,0.0,0.0,0.0,0.0,0.0,0.0,0.0,0.0,2.0,0.0,0.0,0.0,0.0,0.0,0.0,0.0,0.0,3.0,0.1111111111111111,8.0,0.2962962962962963,0.0,7.0,13.0,0.8571428571428571,5.5,3.777777777777777,3.027777777777776,1.2772222222222227,1.0736111111111106,0.6467573696145127,0.4219458616780047,0.1940192743764172,0.1537577160493827,0.1509090909090909,0.2037037037037037,0.0968660968660968,0.0756944444444444,0.0399131944444444,0.0315767973856209,0.018478781988986,0.0168778344671201,0.0107788485764676,0.0090445715323166,0.0094318181818181,0.5294437968553103,128.96876448511415,194.11462846416703,257.9375289702283,10.317501158809131,128.96876448511415,0.0096432790730511,0.000385731162922,-11.603735188480991,701.4514853921467,28.058059415685864,16.382879346912144,62.9,323.5762111164358,5.643856189774724,4.890349128221754,5.75890177387728,6.647688373563329,7.533158807455563,8.425735580927402,9.31641063570325,10.211082540319786,11.1044307723017,12.00051726160076,127.8882748739708,4.007333185232471,0.0,5.351858133476067,3.044522437723423,6.880384082186005,5.53338948872752,8.48528964240323,7.678326356506885,10.129227729697604,10.422281345951296,357.13111148000064,7.936246921777792,50.38199179125975,2.01527967165039,17.583546387889584,2.540125319541012,9.42940224711252,1559.0,40.0,4.42,132.0,1.0,1.7075701760979365
0,0,0,0,0,0,0,0,0,0,0,0,0,0,0,0,0,0,0,0,0,0,0,0,0,0,0,0,0,0,0,0,0,0,0,0,0,0,0,0,0,0,0,0,0,0,0,0,0,0,0,0,0,0,0,0,0,0,0,0,0,0,0,0,0,0,0,0,0,0,0,0,0,0,0,0,0,0,0,0,0,0,0,0,0,0,0,0,0,0,0,0,0,0,0,0,0,0,0,0,0,0,0,0,0,0,0,0,0,0,0,0,0,0,0,0,0,0,0,0,0,0,0,0,0,0,0,0,0,0,0,0,0,0,0,0,0,0,0,0,0,0,0,0,0,0,0,0,0,0,0,0,0,0,0,0,0,0,0,0,0,0,0,0,0,0,0,0,0,0,0,0,0,0,0,0,0,0,0,0,0,0,0,2,4,3,1,2,2,5,1,2,1,2,3,4,2,2,2,2,5,0,0,0,0,0,0,0,0,0,0,0,0,0,0,0,0,2,3,2,3,0,0,0,0,0,0,0,0,0,0,0,0,0,0,0,0,0,1,5,2,5,1,2,0,0,0,0,0,0,0,0,0,0,0,0,0,0,0,0,0,0,0,0,0,0,0,0,0,0,0,0,0,0,0,0,0,0,0,0,0,0,0,0,0,0,0,0,0,0,0,0,0,0,0,0,0,0,0,0,0,0,0,0,0,0,0,0,0,0,0,0,0,0,0,0,0,0,0,0,0,0,0,0,0,0,0,0,0,0,0,0,0,0,0,0,0,0,0,0,0,0,0,0,0,0,0,0,0,0,0,0,0,0,0,0,0,0,0,0,0,0,0,0,0,0,0,0,0,0,0,0,0,0,0,0,0,0,0,0,0,0,0,0,0,0,0,0,0,0,0,0,0,0,0,0,0,0,0,0,0,0,0,0,0,0,0,0,0,0,0,0,0,0,0,0,0,0,0,0,0,0,0,0,0,0,0,0,0,0,0,0,0,5,2,3,1,1,2,1,0,0,0,0,0,0,0,0,0,0,0,0,0,0,0,0,0,0,0,0,0,0,0,0,0,0,0,0,0,0,0,0,0,0,0,0,0,0,0,0,0,0,0,0,0,0,0,0,0,0,0,0,0,0,0,0,0,0,0,0,0,0,0,0,0,0,0,0,0,0,0,0,0,0,0,0,0,0,0,0,0,0,0,0,0,0,0,0,0,0,0,0,0,0,0,0,0,0,0,0,0,0,0,0,0,0,0,0,0,0,0,0,0,0,0,0,0,0,0,0,0,0,0,0,0,0,0,0,0,0,0,0,0,0,0,0,0,0,0,0,0,0,0,0,0,0,0,0,0,2,5,2,4,0,0,0,0,0,0,0,0,0,0,0,0,0,0,0,0,0,0,0,0,0,2,2,2,1,2,2,2,1,0,0,0,0,0,0,0,0,0,0,0,2,2,2,2,2,4,3,2,2,0,0,0,0,0,0,2,2,2,2,2,0,0,1,0,0,0,0,5,5,0,0,0,0,0,0,0,0,0,0,0,1,5,2,5,0,0,0,0,0,2,0,0,0,0,0,0,0,1,2,2,2,2,2,1,0,0,0,0,0,0,0,0,0,0,0,0,0,0,0,3,2,3,0,2,3,4,0,0,0,0,0,0,0,0,0,0,0,0,0,0,0,0,0,0,0,0,0,0,0,0,0,0,0,0,0,0,0,0,2,2,2,1,2,2,2,2,2,0,0,0,0,0,0,0,0,0,0,0,0,0,0,0,0,0,0,0,0,0,0,0,0,3,2,2,2,3,1,1,2,3,2,0,0,0,5,2,3,0,0,0,0,0,0,0,1,2,0,0,0,0,0,0,0,2,2,2,0,0,0,0,0,0,0,0,0,0,0,0,0,0,0,0,0,0,0,0,0,0,0,0,0,0,0,0,0,0,0,0,0,0,0,0,0,0,0,0,0,0,0,0,0,0,0,0,0,0,0,0,0,0,0,0,0,0,0,0,0,0,0,0,0,0,0,2,5,4,0,1,1,2,2,2,2,2,3,2,0,0,0,3,2,2,3,0,0,0,0,0,0,0,0,0,0,0,0,2,2,0,0,0,0,0,0,0,0,0,0,0,0,0,0,0,0,0,0,0,0,0,0,0,0,0,0,0,0,0,0,0,2,2,2,2,4,5,0,0,0,0,0,0,0,0,0,0,0,0,0,0,0,0,0,0,0,0,0,0,0,0,0,0,0,0,0,0,0,0,0,0,3,0,0,0,0,0,0,0,0,0,0,0,0,0,0,0,0,0,0,0,0,0,0,0,0,0,0,2,3,0,0,0,0,0,0,2,2,5,5,1,1,0,0,0,0,0,0,0,0,0,0,0,0,0,0,0,0,0,0,0,0,0,0,2,1,2,0,0,0,0,0,0,0,0,0,3,3,5,0,0,1,5,0,0,0,0,0,0,0,0,0,0,0,0,0,0,0,3,2,0,0,0,0,2,2,2,0,0,0,0,2,2,2,2,1,0,0,0,2,3,2,2,2,1,0,0,2,2,1,2,2,0,0,0,0,0,0,0,0,0,0,0,0,1,2,3,0,0,0,0,0,0,0,0,0,0,0,0,0,0,0,0,0,0,0,0,0,0,0,0,0,0,0,0,0,0,0,0,0,0,0,0,0,0,0,1,2,0,0,0,0,1,0,0,0,0,0,0,0,0,0,0,0,0,0,0,0,0,0,0,0,0,0,0,0,0,0,0,0,0,0,0,0,0,0,0,0,0,0,0,0,0,0,0,0,0,0,0,0,0,0,0,0,0,0,0,0,0,0,0,0,0,0,0,0,0,0,0,0,0,0,0,0,0,0,0,0,0,0,0,0,0,0,0,0,0,0,5,2,0,0,0,0,0,0,4,2,0,0,0,0,0,0,0,0,0,0,0,0,1,3,3,2,0,0,0,0,0,0,0,0,0,0,0,0,0,0,0,0,0,0,0,0,0,0,0,0,0,0,0,0,0,0,0,0,0,0,0,0,0,0,0,0,0,0,0,2,1,0,0,0,0,0,0,0,0,0,0,0,0,0,0,0,0,0,0,0,0,0,0,2,2,2,5,0,0,0,0,0,0,0,2,2,0,0,0,0,0,0,0,0,2,2,2,1,0,0,0,0,2,2,2,2,0,2,1,2,2,2,0,2,2,0,0,0,0,0,0,0,0,0,0,0,0,0,0,0,0,0,0,1,2,2,0,0,0,0,0,0,0,0,0,0,0,0,0,0,0,0,2,2,5,2,2,1,0,0,0,0,0,0,0,3,2,0,3,4,2,4,1,1,2,0,1,1,4,3,3,3,1,3,4,1,1,0,4,0,0,1,3,2,2,2,4,0,3,1,2,2,3,4,0,2,1,3,1,0,1,2,4,0,0,1,4,2,1,1,2,0,2,3,4,1,2,4,0,3,4,4,2,0,3,1,3,3,1,4,4,1,3,4,2,2,0,2,3,3,3,2,4,0,4,3,3,1,3,2,3,0,4,3,0,2,4,0,4,4,2,0,2,4,2,3,2,3,1,0,2,2,1,0,3,2,2,2,4,4,0,3,3,0,3,2,4,2,0,1,1,0,0,3,0,1,3,1,1,3,2,4,0,0,0,1,0,4,0,3,4,2,3,3,4,2,0,2,2,0,0,1,4,3,1,2,0,4,0,4,4,2,4,3,2,0,3,0,1,2,3,3,3,4,1,3,1,2,0,1,0,3,0,1,2,0,3,2,2,2,4,0,0,2,1,4,3,3,2,0,3,2,3,3,2,4,2,3,4,0,0,1,2,4,4,0,0,2,2,3,4,1,2,4,1,0,0,1,1,1,4,3,2,4,3,4,1,1,1,1,3,0,0,0,1,1,4,4,3,4,0,2,3,4,0,0,3,3,0,2,1,1,4,4,1,4,0,4,0,1,4,1,4,2,3,4,2,2,0,1,3,4,4,2,4,2,4,4,4,2,4,1,2,1,4,3,0,0,4,4,3,4,0,3,3,0,0,3,3,4,4,1,3,1,4,1,2,3,4,2,1,1,2,0,0,0,3,4,3,4,2,2,3,4,2,2,4,0,3,2,1,1,4,1,2,1,4,4,3,0,0,3,0,0,0,0,0,0,0,0,0,0,0,0,0,0,0,0,0,0,0,0,0,0,0,0,0,0,0,0,0,0,0,0,0,0,0,0,0,0,0,0,0,0,0,0,0,0,0,0,0,0,0,0,0,0,0,0,0,0,0,0,0,0,0,0,0,0,0,0,0,0,0,0,0,0,0,0,0,0,0,0,0,2,1,2,0,2,2,2,3,3,2,2,3,1,2,2,0,0,0,0,0,0,0,2,3,2,3,3,5,4,0,2,5,0,5,2,0,0,0,0,2,2,5,2,0,0,0,0,0,0,0,0,0,0,0,0,0,0,0,0,0,0,0,0,0,0,0,0,0,0,0,0,0,0,0,0,0,0,0,0,0,0,0,0,0,0,0,0,0,0,0,0,0,0,0,0,0,0,0,0,0,0,0,0,0,0,0,0,0,0,0,0,0,0,0,0,0,0,0,0,0,0,0,0,0,0,0,0,0,0,0,0,0,0,0,0,0,0,0,0,2,1,1,1,5,5,3,1,1,5,4,1,3,1,3,3,0,0,0,0,0,0,0,0,0,0,0,0,0,0,0,0,0,0,0,0,0,0,0,0,0,0,0,0,0,0,0,0,0,0,0,0,0,0,0,0,0,0,0,0,0,0,0,0,0,0,0,0,0,0,0,0,0,0,0,0,0,0,0,0,0,0,0,0,0,0,0,0,0,0,0,0,0,0,0,0,0,0,0,0,0,0,0,0,0,0,0,0,0,0,0,0,0,0,0,0,0,0,0,0,0,0,0,0,0,0,0,0,0,0,0,0,0,0,0,0,0,0,0,0,0,0,0,0,0,0,0,0,0,0,0,0,0,0,0,0,0,0,0,0,0,0,0,0,0,0,0,0,0,0,0,0,0,0,0,0,0,0,0,0,0,0,0,0,0,0,0,0,0,0,0,0,0,0,0,0,0,0,0,0,0,0,0,0,0,0,0,0,0,0,0,0,0,0,0,0,0,0,0,0,0,0,0,0,0,0,0,0,0,0,0,0,0,0,0,0,0,0,0,0,0,0,0,0,0,0,0,0,0,0,0,0,0,0,0,0,0,0,0,0,0,0,0,0,0,0,0,0,0,0,0,0,0,0,0,0,0,0,0,0,0,0,0,0,0,0,0,0,0,0,0,0,0,0,0,0,0,0,0,0,3,3,2,3,2,2,4,2,3,1,1,2,5,5,1,2,1,0,0,0,0,0,0,0,0,0,0,0,0,0,0,0,0,0,0,0,0,0,0,0,0,0,0,0,0,0,0,0,0,0,0,0,0,0,0,0,0,0,0,0,0,0,0,0,0,0,0,0,0,0,0,0,0,0,0,0,0,0,0,0,0,0,0,0,0,0,0,0,0,0,0,0,0,0,0,0,0,0,0,0,0,0,0,0,0,0,0,0,0,0,0,0,0,0,0,0,0,0,0,0,0,0,0,0,0,0,0,0,0,0,0,0,0,0,0,0,0,0,0,0,0,0,0,0,0,0,1,1,2,4,1,3,2,3,1,3,4,5,3,3,1,3,5,4,1,2,4,3,3,1,3,3,1,3,1,1,2,1,3,2,2,5,3,2,2,3,4,1,2,2,4,0,0,0,0,0,0,0,0,0,0,0,0,0,0,0,0,0,0,0,0,0,0,0,0,0,1,0,0,0,0,0,0,0,1,0,0,1,0,0,0,0,0,0,0,1,0,0,0,0,0,0,0,0,0,0,0,1,0,0,0,0,0,0,0,0,0,0,0,0,0,0,0,0,0,0,0,0,1,0,0,0,1,0,0,0,0,0,0,0,0,0,0,0,0,0,0,0,0,0,0,0,0,0,1,0,0,0,0,0,0,0,0,0,0,0,0,0,0,0,0,0,0,0,0,0,1,0,0,0,0,0,0,0,0,0,0,0,1,0,0,0,0,1,0,0,0,0,0,0,0,0,0,0,0,0,0,0,0,0,0,0,0,0,0,0,0,0,0,0,0,1,0,0,0,0,0,0,0,0,0,0,0,0,0,0,0,0,0,0,0,0,0,0,0,0,0,0,0,0,0,0,0,0,0,0,0,0,1,0,0,0,0,0,0,0,0,0,0,0,0,0,0,0,0,0,0,0,0,0,0,0,0,0,0,0,0,0,0,0,0,0,0,1,0,0,0,0,0,1,0,0,0,0,0,0,0,0,0,0,0,0,0,0,0,0,0,0,0,0,0,0,0,0,0,0,0,0,0,0,0,0,0,0,0,0,0,0,0,0,0,0,0,0,0,0,0,0,0,0,0,0,0,0,0,0,0,0,1,0,1,0,0,0,0,0,0,0,1,0,0,0,0,0,0,0,0,0,0,0,0,0,0,0,1,0,0,0,0,0,0,0,0,0,0,0,1,0,0,0,0,0,0,0,0,0,0,0,0,0,0,0,0,0,0,0,0,0,0,0,0,0,0,0,0,0,0,0,0,0,1,0,0,0,0,0,0,0,0,0,0,0,0,0,0,0,0,0,0,0,0,0,0,0,0,0,0,0,0,0,0,0,0,1,0,0,1,0,0,0,0,0,0,0,0,0,0,0,0,0,0,0,0,0,0,0,0,0,0,0,0,0,0,0,1,0,1,0,0,0,0,0,1,0,0,0,0,0,0,0,0,0,0,0,0,0,1,0,0,0,0,0,0,0,0,0,0,0,0,1,0,0,0,0,0,0,0,0,0,0,0,0,0,0,0,0,0,0,0,1,0,0,0,0,0,0,0,0,0,0,0,0,0,0,0,0,0,0,0,0,0,0,0,0,0,0,0,0,0,0,0,0,0,0,0,0,0,0,0,0,0,0,0,0,0,0,0,0,0,0,0,0,0,0,0,0,0,0,0,0,0,0,0,0,0,0,0,0,0,0,0,0,0,0,0,0,0,0,0,0,0,0,0,0,0,0,0,0,0,0,0,0,0,0,0,0,0,0,0,0,0,0,0,1,0,0,0,0,0,0,0,0,0,0,0,1,0,0,0,0,0,0,0,0,0,0,0,0,0,0,0,0,0,0,1,0,0,0,0,0,0,0,0,0,0,0,0,0,0,0,0,0,0,0,0,0,0,0,0,0,1,0,0,0,0,0,1,0,0,0,0,0,0,0,1,0,0,0,0,0,0,0,0,0,0,0,0,0,0,0,0,0,0,0,0,0,0,0,0,1,0,0,0,0,0,0,0,0,0,0,0,0,0,0,1,0,0,0,0,1,0,0,0,0,0,0,0,0,0,0,0,0,0,0,0,0,0,0,0,0,0,0,1,0,0,0,0,0,0,0,1,0,0,0,1,0,0,0,0,0,0,0,0,0,0,0,0,0,0,0,0,0,0,0,0,0,0,0,0,0,0,0,0,0,0,1,0,0,0,0,0,0,0,1,0,0,0,0,0,0,0,0,0,0,0,0,0,0,0,0,0,0,0,0,0,0,0,0,1,0,0,0,0,0,0,0,0,0,0,0,0,1,0,0,0,0,0,0,0,0,0,0,0,0,0,0,0,0,0,0,0,0,0,0,0,0,0,0,0,0,0,0,0,0,0,0,0,0,0,0,0,0,0,1,0,0,0,0,0,0,0,0,0,0,0,0,0,0,0,0,0,0,0,0,0,0,0,0,0,0,0,0,0,0,0,0,0,0,0,0,0,1,0,0,0,0,0,1,0,0,0,0,0,0,0,0,0,0,0,0,0,0,0,0,0,0,0,0,0,0,0,0,0,0,0,0,0,0,0,0,0,0,0,0,0,0,0,0,0,0,0,0,0,0,0,0,0,0,0,0,0,0,0,0,0,0,0,1,0,0,1,0,0,0,0,0,0,0,0,0,0,0,0,0,0,0,0,0,0,0,0,0,0,0,0,0,0,0,0,0,0,0,0,0,0,0,0,0,0,0,0,0,0,0,0,0,0,0,0,0,0,0,0,0,0,0,0,0,1,0,0,0,0,0,0,0,0,0,1.0,-2.0483,4.195532889999997,55.5821,54.52299699999996,6.0,6.0,51.0,22.0,29.0,0.0,18.0,1.0,3.0,0.0,0.0,0.0,0.0,0.0,0.0,0.0,3590.320085999999,3748.533482000004,5079.0485560000025,5300.027435000014,4107.77426400001,3936.247797000004,4018.801405000006,3445.9576690000044,2809.8216300000013,9417.219324099688,11970.813725234151,16762.79496110616,18593.1226901951,16955.814597863467,15154.552061608068,14384.860334132334,12777.143921142597,10315.47091178123,380.8215279999998,388.1823280000003,687.3511120000006,947.1020200000008,1023.0608480000012,862.8746440000023,731.5066280000015,716.6461320000014,608.1697440000006,66.23358624062101,85.55952464599994,125.91531611473478,145.54246436516817,138.32137258135597,123.74190558360068,113.01686751977176,101.61160653377178,82.94129665746985,8412.504238540721,7494.188471464153,14193.128748539822,20501.017547311363,22703.93652312728,19598.94546848976,15946.808975763764,15684.137044909665,13543.067095675424,194.1458333333333,142.54166666666663,248.125,340.11111111111103,329.02777777777777,247.0833333333333,245.5,248.15277777777777,192.20833333333337,70.3984330588235,73.500656509804,55.20704952173916,41.732499488189085,29.98375375182489,33.07771257983197,40.59395358585865,35.89539238541671,34.266117439024406,184.65135929607231,234.72183774968929,182.2042930555017,146.40254086767797,123.76507005739758,127.34917698830309,145.30161953669025,133.0952491785687,125.79842575342964,7.467088784313721,7.611418196078437,7.471207739130442,7.457496220472447,7.467597430656943,7.251047428571447,7.388955838383853,7.465063875000015,7.416704195121959,1.2986977694239414,1.6776377381568617,1.368644740377552,1.146003656418647,1.009645055338365,1.039847946080678,1.141584520401735,1.0584542347267891,1.01147922753012,164.95106350079843,146.94487198949318,154.273138571085,161.42533501819972,165.7221644023889,164.69702074361143,161.0788785430683,163.3764275511423,165.15935482531006,3.8067810457516336,2.794934640522875,2.6970108695652173,2.6780402449693783,2.401662611516626,2.076330532212885,2.47979797979798,2.5849247685185186,2.344004065040651,0.6414180404124178,-0.3862943409584541,0.0135525631643438,0.2415553370473195,-0.2883196922467967,0.1026817182450598,0.0368184185936284,-0.0921932458783266,-0.0154160581486853,1737.071765294119,-16.20080399999646,87.2838310380655,-153.1709023010358,-650.815069280276,514.0673244117631,22.5189644878902,-242.7180836712794,114.91333960553592,2549.002043598138,42.779300006546855,-248.54682048509724,-564.2097650037904,-268.0356440643973,733.5332369362488,-200.09542539917865,-390.1339777679982,130.8653013827199,3.3290279215686267,-0.2090056470588263,0.8925292395232588,0.5078161953094952,-1.6690293579392592,0.0784329673202658,-0.1078622791234136,-0.5922427543252621,0.0971325182622066,11.356584444895311,0.1948337613333522,-1.7487332876237605,-3.110642325749879,0.7987864119135524,2.6581021048572206,-1.7784919021296588,-1.967004285027664,0.4541207995611077,66.17200917446584,3.56223131150596,-15.993913285559843,-9.224768440575948,8.035834183399711,7.53649839541714,-13.081272170110074,-11.093534876634074,3.36775581690951,69.4387254901961,-6.403186274509801,27.164455978469874,22.299235870818947,-38.608684159938726,2.229983660130719,7.384467512495191,-6.159578046905036,-0.6894703960015433,0.0125768243218121,-0.0075743988423226,0.0001473104691776,0.0019020105279316,-0.0021045233010715,0.0008628715818912,0.0003719032181174,-0.0009603463112325,-0.0001880007091303,34.06023069204154,-0.3176628235293423,0.9487372938920164,-1.2060700968585496,-4.75047495825019,4.319893482451791,0.2274642877564666,-2.528313371575828,1.4013821903114136,49.98043222741447,0.8388098040499383,-2.7015958748380133,-4.442596574832995,-1.9564645552145787,6.164144848203772,-2.021165913123016,-4.063895601749981,1.5959183095453646,0.0652750572856593,-0.0040981499423299,0.0097014047774267,0.0039985527189724,-0.0121826960433522,0.0006591005657165,-0.0010895179709435,-0.0061691953575548,0.0011845429056366,0.2226781263704963,0.0038202698300657,-0.0190079705176495,-0.0244932466594478,0.0058305577511938,0.0223369924777917,-0.0179645646679763,-0.0204896279690381,0.005538058531233,1.2974903759699186,0.0698476727746266,-0.1738468835386939,-0.0726359719730389,0.0586557239664212,0.0633319192892196,-0.1321340623243442,-0.1155576549649382,0.0410701928891403,1.3615436370626688,-0.1255526720492118,0.2952658258529334,0.1755845344158972,-0.2818152128462681,0.0187393584884934,0.0745905809342948,-0.0641622713219274,-0.0084081755609944,-0.6022505084360822,0.0117128509875238,0.1512313823635886,-0.167333441830909,0.068608065105495,0.0295705186461468,-0.0763584102520245,-0.0149481859903423,-0.0093265024069131,0.0278546937180227,-0.0354099215523034,-0.1394727769521589,0.126831010673723,0.0066782955703707,-0.0742306590473736,0.041144236601981,0.0167827641072269,-0.0540530714609582,-0.0888867177982549,-0.0391446105610397,0.1233311632871936,-0.0404391443420611,-0.0813097330423028,0.0319308625080276,-0.0627827858410822,0.1486234586508449,0.0612569775538269,-0.1866363133170125,0.010097280540592,-0.0166911836810127,-0.0945107612936581,0.0181469454780073,0.0171560174873642,-0.0853607439018223,-0.1099939498264661,0.0261837920330477,0.1003106719185657,-0.0806750306408028,-0.092014551689496,0.0248702403846289,0.0538329024000761,-0.1339870312400101,-0.0559818965275492,0.0452070589907644,0.0488110898255232,-0.1018381829811796,-0.0890624370747682,0.0316535626389051,-0.092213476403939,0.2168610816542951,0.1289599023022833,-0.2069821379021264,0.0137633183236938,0.0547838342480253,-0.0471246529125927,-0.0061754727003343,1.6357118006900742,0.8810640934636367,0.932451536544616,1.180717635640996,0.6774607038270026,0.9080102162467056,1.102688861819882,1.0113417036937375,1.0661380408839471,0.9747531232515986,1.0327813776665595,1.1466457369720715,0.80133449235058,0.9692332320121864,1.079238402515757,0.9466697995632992,1.2116037633209318,1.17208671433959,1.100050961975556,0.9788200134461094,0.8545589924594654,1.0596976497647403,1.05537989223091,0.9211716509537288,0.8787567876494412,0.6607533358600826,0.9000948671737119,1.4317870670912407,0.7248511086968937,0.8820392626655246,1.2412441576597792,1.111761587181198,1.2905722396544157,1.24617237007886,1.1297832150523823,0.908902614310352,0.8703614373495421,1.1096102089626714,1.0692774379030627,0.9242950837678858,1.3100492755411035,1.3013428358084884,1.1089241828209602,0.8820918478603826,0.8849835528329153,1.1337381176593224,1.0624499533815956,0.8871560770814618,0.8518348569882223,0.4356337018035754,0.722421698276032,1.510744852238153,0.6747614509430189,0.6239655268104667,1.088865712960675,0.930960813702592,230.6330076004336,115.76293237164522,179.25997878532624,231.44469591212163,10.520213450550983,115.76293237164522,0.8928571428569114,0.2523221456081245,0.0114691884367329,-3.0295070350242046,308.42502242320285,14.019319201054676,12.60925330425159,230.67077105135309,115.78053398356562,179.2889542642544,231.48013188387864,10.52182417653994,115.78053398356562,0.8902969157781371,0.2523993490057914,0.0114726976820814,-3.0288340005764773,308.16624055699805,14.007556388954455,12.60740663475346,264.8598687087657,131.6717803231739,205.65026977998608,263.7570992088255,11.988959054946612,131.6717803231739,-1.5163080624179486,0.3055558011898222,0.0138889000540828,-2.6083702958810178,271.44378639770366,12.338353927168347,12.328261153290768,230.71963647591,115.80269193483934,179.3231682216183,231.524861379336,10.523857335424369,115.80269193483934,0.8857473937687104,0.2524180214188471,0.0114735464281294,-3.028671251387769,307.9332142263738,13.996964283016991,12.60574242957412,299.65252705540263,147.94373122210146,233.64374733406407,296.9142982472574,13.496104465784429,147.94373122210146,-3.765064611199677,0.3517573609354082,0.0159889709516094,-2.298590044510383,171.48750410142898,7.794886550064954,11.31792288345194,233.99647426640607,117.3705632047493,182.0579183721556,234.67343076012656,10.666974125460298,117.3705632047493,0.744652143092452,0.2641368640478314,0.0120062210930832,-2.9288333486450107,288.45408119809485,13.111549145367947,12.461979000508732,248.08521005999808,124.4903966886302,191.03236341526664,249.46116657839696,11.33914393538168,124.4903966886302,2.2054563492061874,0.2330655395460383,0.0105938881611835,-3.2041582746019013,736.243245551233,33.46560207051059,14.523433233759455,1.0,11.849999999999987,15.996929765030206,-0.370721337672292,0.278834760894961,4.355400918825088,9.31541515294314,22.0,51.0,50.0,44.0,15.0,1.0,1.0,0.0,0.0,7.0,33.917002999999994,3.825919210538454,3.616034067605242,3.4746458939328635,3.229838646514612,3.0366180460934085,2.8262155060577294,2.6936166890365003,2.619181913839713,1.9841897178017969,1.897061529831008,1.7799819863038946,1.683729235273678,1.4130364272690954,1.3573694793864717,1.092103408786476,1.0822503020169485,3.816141672374954,3.539120903687706,3.494013667488971,3.2208509510945733,2.993601062356656,2.7681385288543274,2.6458150318986857,2.6025335619760863,1.9701195574548207,1.8420483673292825,1.7883932265372426,1.6228945650546678,1.3690714855847084,1.277815556838367,1.131583491905778,1.0071675921888006,3.8824849812730617,3.685370644707942,3.6250230437582376,3.3909618971963265,3.1666545752918007,2.9985804509756235,2.8994884773688825,2.771820215479791,1.8733354661335329,1.6559459341124372,1.6137596997707824,1.396048630358081,1.1267978419827755,0.9956570340150016,0.7986202314843531,0.7605647701634044,3.8190965384900393,3.5344363401998087,3.508511923202648,3.2374203867329747,2.9927159920271755,2.789643600027804,2.665925019264034,2.56281298850734,1.9613041610896849,1.818033431657637,1.7799913261709328,1.5857381891071995,1.3486130799750495,1.2361430440833203,1.152114796104286,0.9656813932102796,3.903688670220317,3.718044882096288,3.680849015010174,3.454169711987459,3.209701772381357,3.0690977771161987,2.948936424092449,2.838078587645891,1.852828807374128,1.6049089370325298,1.5757687375968852,1.332021156347393,1.0797696883450536,0.9126370873430014,0.7385642758080619,0.722857196875736,4.978138745976212,3.9785209844139056,3.947272730504962,3.673681001838915,3.516382754821184,3.367914267277168,3.125841298674843,2.9343659809536726,1.8505618765007688,1.8031498692955408,1.609548514653157,1.5225342136985611,1.182369781427666,1.1203277329503136,0.7837245274683204,0.7682052442426005,0.0,0.0,1.0,5.0,1.0,3.0,7.0,1.0,0.0,0.0,0.0,0.0,0.0833333333333333,0.1178511301977579,0.0,0.0,0.0,0.0277777777777777,0.0309820853236225,1.7474002407106255,0.2041241452319315,0.696923425058676,0.2041241452319315,0.8588365388424396,0.1020620726159657,0.0772610748656298,0.0186338998124982,3.5800218029181616,2.705214553506172,2.675883239330473,1.153884337657613,0.9184815454061728,0.8183801339823014,16.424438962994,10.453525587537063,9.125150302091482,6.692124575379645,3.8869849809035233,3.1075240463354934,2.090234238933136,1.3428405151517933,0.7465654074088182,0.4751602539789575,0.3258982250746958,0.2230708191793215,0.1388208921751258,0.0913977660686909,0.0633404314828223,0.0419637660984935,13.807315771868195,8.19478612482248,6.129245323184357,3.861550753254957,2.158919888061614,1.4665407524909826,0.8355868920041097,0.4511269490545154,0.6276052623576454,0.3724902784010218,0.2189016186851556,0.1287183584418319,0.0771042817164862,0.0431335515438524,0.0253208149092154,0.0140977171579536,28.75886403419495,50.5287691187182,48.258823529411714,48.94800000000004,31.678441317365312,390.6757467065869,0.5638992947881363,0.990760178798396,0.9462514417531708,0.9597647058823536,0.6211459081836336,7.660308758952684,4.004290000000005,92.48820000000008,152.62054733775452,227.90703060133163,305.24109467550903,13.87459521252314,152.62054733775452,0.1706191541922259,0.0077554160996466,-3.8903070245034654,306.4995859544059,13.931799361563906,12.595476089883508,530.0,2.0,0.0,4.0,7.0,1.0,3.0,0.0,0.0,0.0,0.0,1.0,1.0,0.0,1.0,0.0,0.0,1.0,0.0,0.0,0.0,0.0,0.0,0.0,0.0,0.0,4.0,0.0,10.0,0.0,0.0,4.0,0.0,0.0,0.0,0.0,0.0,0.0,0.0,0.0,2.0,0.0,8.0,0.0,0.0,4.0,0.0,0.0,0.0,1.0,2.0,0.0,1.0,0.0,1.0,0.0,0.0,0.0,0.0,0.0,0.0,0.0,0.0,0.0,0.0,0.0,0.0,1.0,1.0,1.0,0.0,0.0,0.0,0.0,0.0,0.0,0.0,0.0,0.0,0.0,0.0,0.0,0.0,0.0,0.0,0.0,0.0,0.0,0.0,0.0,0.0,0.0,0.0,0.0,0.0,0.0,0.0,0.0,0.0,0.0,0.0,0.0,0.0,0.0,0.0,0.0,0.0,0.0,0.0,0.0,0.0,0.0,0.0,0.0,0.0,0.0,0.0,0.0,0.0,0.0,1.0396056482417306,0.0,31.39147081627337,8.817109082908614,6.696035584167873,12.057571568933586,0.0,0.0,0.0,0.0,2.447150891700716,3.484879648397066,0.0,0.6107353192852119,0.0,0.0,0.4288703289565188,0.0,0.0,0.0,0.0,0.0,0.0,0.0,0.0,1.8530494421904056,0.0,3.8343663772184495,0.0,0.0,1.8530494421904056,0.0,0.0,0.0,0.0,0.0,0.0,0.0,0.0,3.757061510331479,0.0,7.9573144663364515,0.0,0.0,7.834022423784329,0.0,0.0,0.0,-0.9624754746160596,1.9455621337403448,0.0,-1.1729558758499086,0.0,5.728711410300551,0.0,0.0,0.0,0.0,0.0,0.0,0.0,0.0,0.0,0.0,0.0,0.0,8.992829059582487,10.96389118612746,5.70603916026287,0.0,0.0,0.0,0.0,0.0,0.0,0.0,0.0,0.0,0.0,0.0,0.0,0.0,0.0,0.0,0.0,0.0,0.0,0.0,0.0,0.0,0.0,0.0,0.0,0.0,0.0,0.0,0.0,0.0,0.0,0.0,0.0,0.0,0.0,0.0,0.0,0.0,0.0,0.0,0.0,0.0,0.0,0.0,0.0,0.0,0.0,0.0,0.0,0.0,0.0,0.4288703289565188,0.0,5.70603916026287,-0.9624754746160596,6.696035584167873,3.498726392262743,0.0,0.0,0.0,0.0,2.447150891700716,3.484879648397066,0.0,0.6107353192852119,0.0,0.0,0.4288703289565188,0.0,0.0,0.0,0.0,0.0,0.0,0.0,0.0,0.4455812372201712,0.0,0.2402949168971839,0.0,0.0,0.4455812372201712,0.0,0.0,0.0,0.0,0.0,0.0,0.0,0.0,1.5469797946577415,0.0,0.4166326530612243,0.0,0.0,1.940476741622575,0.0,0.0,0.0,-0.9624754746160596,0.8685058421516756,0.0,-1.1729558758499086,0.0,5.728711410300551,0.0,0.0,0.0,0.0,0.0,0.0,0.0,0.0,0.0,0.0,0.0,0.0,8.992829059582487,10.96389118612746,5.70603916026287,0.0,0.0,0.0,0.0,0.0,0.0,0.0,0.0,0.0,0.0,0.0,0.0,0.0,0.0,0.0,0.0,0.0,0.0,0.0,0.0,0.0,0.0,0.0,0.0,0.0,0.0,0.0,0.0,0.0,0.0,0.0,0.0,0.0,0.0,0.0,0.0,0.0,0.0,0.0,0.0,0.0,0.0,0.0,0.0,0.0,0.0,0.0,0.0,0.0,0.0,0.6107353192852119,0.0,10.96389118612746,1.9765344702695893,6.696035584167873,4.70208761963796,0.0,0.0,0.0,0.0,2.447150891700716,3.484879648397066,0.0,0.6107353192852119,0.0,0.0,0.4288703289565188,0.0,0.0,0.0,0.0,0.0,0.0,0.0,0.0,0.4809434838750315,0.0,0.5620672635445363,0.0,0.0,0.4809434838750315,0.0,0.0,0.0,0.0,0.0,0.0,0.0,0.0,2.210081715673737,0.0,1.2967285655770089,0.0,0.0,1.9765344702695893,0.0,0.0,0.0,0.0,1.0770562915886692,0.0,0.0,0.0,5.728711410300551,0.0,0.0,0.0,0.0,0.0,0.0,0.0,0.0,0.0,0.0,0.0,0.0,8.992829059582487,10.96389118612746,5.70603916026287,0.0,0.0,0.0,0.0,0.0,0.0,0.0,0.0,0.0,0.0,0.0,0.0,0.0,0.0,0.0,0.0,0.0,0.0,0.0,0.0,0.0,0.0,0.0,0.0,0.0,0.0,0.0,0.0,0.0,0.0,0.0,0.0,0.0,0.0,0.0,0.0,0.0,0.0,0.0,0.0,0.0,0.0,0.0,0.0,0.0,0.0,0.0,0.0,0.0,0.0,50.75,2.3068181818181817,0.6107353192852119,10.96389118612746,-0.0944274376417235,-1.1729558758499086,8.038296129034588,2.6291421412827263,3.9638911861274586,22.203105063894206,2.6291421412827263,3.9638911861274586,22.203105063894206,10.39999,0.47273,0.0,0.02727,0.52549,0.82273,0.43333,0.50175,0.76,0.09216,0.02374,-0.06842,0.06273,0.57458,0.13971,0.0,0.19872,0.14423,0.04808,20.25,0.92045,12.25,0.55682,8.0,0.36364,-4.25,-0.19318,0.5,0.02273,22.14799,1.00673,35.48505,13.33707,0.60623,6.99358,0.31789,10.45351,3.45993,0.15727,0.46049,0.02093,0.54649,0.02484,0.1176470588235294,22.04,3.0,4.0,4.0,4.0,2.0,3.0,0.6111111111111112,1.345072667720031,3.052478859337231,4.078617253439256,4.7504733810175,4.787730920819268,4.684065107529014,68.5987060537216,155.67642182619878,208.00947992540205,242.27414243189247,244.17427696178265,238.8873204839797,0.2371247899496444,0.5381258765542991,0.719025285932049,0.8374677663657774,0.8440359514992319,0.825760556577203,4.327352674251465,2.619946482634265,1.5938080885322403,0.9219519609539965,0.8846944211522283,0.9883602344424824,0.2326568029616678,0.5279863233897029,0.7054771637713386,0.8216879101821757,0.8281323353084327,0.8102012916738802,12.233549557838368,26.03101878070193,30.67641526984752,31.947297427259475,31.391077774366416,31.449303821886268,77.25122862055484,42.78128248889993,29.950359105012154,24.717401265835093,25.65379811338378,25.7999782891892,20.045454545454547,10.714285714285714,8.444444444444445,8.0,7.0,7.0,3.0,2.6401000000000003,0.0666666666666666,3.867692344053852,0.9261704575725168,0.5345224838248487,16.73726410292543,8.953330474324583,2.1360082813867884,0.6850067105944414,1.144714242553332,0.0,0.4999999999999999,0.2222222222222222,0.0,0.0,0.0,0.0,0.0,0.0,0.0,0.524,1.191,1.209,1.097,0.995,10.884,28.0,30.0,28.0,34.0,33.0,32.0,35.0,36.0,28.0,328.0,3.295836866004329,3.701301974112493,4.011868340397863,4.260917762047916,4.745475458993297,4.715145039196663,4.802995929318011,4.996367322298551,5.177561165412237,4.968944867042047,6.931654894306443,3.119474085365854,0.5,1.0,0.0,0.0,0.0,1.0,0.0,0.0,0.0,0.0,0.0,0.0,0.0,0.0,0.0,0.0,0.0,0.0,0.0,0.0,0.0,0.0,0.0,0.0,1.0,0.0,0.0,1.0,0.0,0.0,0.0,0.0,0.0,0.0,0.0,0.0,0.0,0.0,0.0,0.0,0.0,0.0,0.0,0.0,0.0,0.0,0.0,0.0,0.0,0.0,0.0,0.0,0.0,0.0,0.0,0.0,0.0,0.0,0.0,0.0,0.0,0.0,0.0,0.0,0.0,0.0,0.0,0.0,0.0,11.0,0.5,15.0,0.6818181818181818,1.0,8.0,16.0,1.0,5.0,2.444444444444444,0.5,0.7022222222222224,0.5694444444444443,0.2857142857142858,0.2517361111111111,0.1723356009070294,0.105625,0.0867258443016018,0.2272727272727272,0.0873015873015872,0.0185185185185185,0.0351111111111111,0.0271164021164021,0.0136054421768707,0.0148080065359477,0.0123096857790735,0.008125,0.0078841676637819,0.4801355885726311,133.4683494326577,208.8219831401083,266.9366988653154,12.13348631205979,133.4683494326577,0.2144477332695359,0.0097476242395243,-3.387316323703321,298.3009261373828,13.559133006244672,12.535826151714568,72.55,323.4493287722514,5.459431618637297,4.61512051684126,5.37989735354046,6.18826412308259,6.981934677156389,7.795234929002173,8.600982717145921,9.419222713938122,10.231531513675709,11.053663932256397,114.26585247663904,3.80666248977032,0.0,5.056245805348308,0.0,6.48768401848461,0.0,8.000014093678072,0.0,9.554284623436097,9.796069365768837,307.2147437880008,6.023818505647075,43.02828490215328,1.955831131916058,10.217026180916845,7.795982197740322,2.421043983176517,1405.0,27.0,2.6779999999999995,100.0,1.0,2.447158031342219
0,0,0,0,0,0,0,0,0,0,0,0,0,0,0,0,0,0,0,0,0,0,0,0,0,0,0,0,0,0,0,0,0,0,0,0,0,0,0,0,0,0,0,0,0,0,0,0,0,0,0,0,0,0,0,0,0,0,0,0,0,0,0,0,0,0,0,0,0,0,0,0,0,0,0,0,0,0,0,0,0,0,0,0,0,0,0,0,0,0,0,0,0,0,0,0,0,0,0,0,0,0,0,0,0,0,0,0,0,0,0,0,0,0,0,0,0,0,0,0,0,0,0,0,0,0,0,0,0,0,0,0,0,0,0,0,0,0,0,0,0,0,0,0,0,0,0,0,0,0,0,0,0,0,0,0,0,0,0,0,0,0,0,0,0,0,0,0,0,0,0,0,0,0,0,0,0,0,0,0,0,0,0,2,4,3,1,2,2,5,1,2,1,2,3,4,2,2,2,2,5,0,0,0,0,0,0,0,0,0,0,0,0,0,0,0,0,2,3,2,3,0,0,0,0,0,0,0,0,0,0,0,0,0,0,0,0,0,1,5,2,5,1,2,0,0,0,0,0,0,0,0,0,0,0,0,0,0,0,0,0,0,0,0,0,0,0,0,0,0,0,0,0,0,0,0,0,0,0,0,0,0,0,0,0,0,0,0,0,0,0,0,0,0,0,0,0,0,0,0,0,0,0,0,0,0,0,0,0,0,0,0,0,0,0,0,0,0,0,0,0,0,0,0,0,0,0,0,0,0,0,0,0,0,0,0,0,0,0,0,0,0,0,0,0,0,0,0,0,0,0,0,0,0,0,0,0,0,0,0,0,0,0,0,0,0,0,0,0,0,0,0,0,0,0,0,0,0,0,0,0,0,0,0,0,0,0,0,0,0,0,0,0,0,0,0,0,0,0,0,0,0,0,0,0,0,0,0,0,0,0,0,0,0,0,0,0,0,0,0,0,0,0,0,0,0,0,0,0,0,0,0,0,5,2,3,1,1,2,1,0,0,0,0,0,0,0,0,0,0,0,0,0,0,0,0,0,0,0,0,0,0,0,0,0,0,0,0,0,0,0,0,0,0,0,0,0,0,0,0,0,0,0,0,0,0,0,0,0,0,0,0,0,0,0,0,0,0,0,0,0,0,0,0,0,0,0,0,0,0,0,0,0,0,0,0,0,0,0,0,0,0,0,0,0,0,0,0,0,0,0,0,0,0,0,0,0,0,0,0,0,0,0,0,0,0,0,0,0,0,0,0,0,0,0,0,0,0,0,0,0,0,0,0,0,0,0,0,0,0,0,0,0,0,0,0,0,0,0,0,0,0,0,0,0,0,0,0,0,2,5,2,4,0,0,0,0,0,0,0,0,0,0,0,0,0,0,0,0,0,0,0,0,0,2,2,2,1,2,2,2,1,0,0,0,0,0,0,0,0,0,0,0,2,2,2,2,2,4,3,2,2,0,0,0,0,0,0,2,2,2,2,2,0,0,1,0,0,0,0,5,5,0,0,0,0,0,0,0,0,0,0,0,1,5,2,5,0,0,0,0,0,2,0,0,0,0,0,0,0,1,2,2,2,2,2,1,0,0,0,0,0,0,0,0,0,0,0,0,0,0,0,3,2,3,0,2,3,4,0,0,0,0,0,0,0,0,0,0,0,0,0,0,0,0,0,0,0,0,0,0,0,0,0,0,0,0,0,0,0,0,2,2,2,1,2,2,2,2,2,0,0,0,0,0,0,0,0,0,0,0,0,0,0,0,0,0,0,0,0,0,0,0,0,3,2,2,2,3,1,1,2,3,2,0,0,0,5,2,3,0,0,0,0,0,0,0,1,2,0,0,0,0,0,0,0,2,2,2,0,0,0,0,0,0,0,0,0,0,0,0,0,0,0,0,0,0,0,0,0,0,0,0,0,0,0,0,0,0,0,0,0,0,0,0,0,0,0,0,0,0,0,0,0,0,0,0,0,0,0,0,0,0,0,0,0,0,0,0,0,0,0,0,0,0,0,2,5,4,0,1,1,2,2,2,2,2,3,2,0,0,0,3,2,2,3,0,0,0,0,0,0,0,0,0,0,0,0,2,2,0,0,0,0,0,0,0,0,0,0,0,0,0,0,0,0,0,0,0,0,0,0,0,0,0,0,0,0,0,0,0,2,2,2,2,4,5,0,0,0,0,0,0,0,0,0,0,0,0,0,0,0,0,0,0,0,0,0,0,0,0,0,0,0,0,0,0,0,0,0,0,3,0,0,0,0,0,0,0,0,0,0,0,0,0,0,0,0,0,0,0,0,0,0,0,0,0,0,2,3,0,0,0,0,0,0,2,2,5,5,1,1,0,0,0,0,0,0,0,0,0,0,0,0,0,0,0,0,0,0,0,0,0,0,2,1,2,0,0,0,0,0,0,0,0,0,3,3,5,0,0,1,5,0,0,0,0,0,0,0,0,0,0,0,0,0,0,0,3,2,0,0,0,0,2,2,2,0,0,0,0,2,2,2,2,1,0,0,0,2,3,2,2,2,1,0,0,2,2,1,2,2,0,0,0,0,0,0,0,0,0,0,0,0,1,2,3,0,0,0,0,0,0,0,0,0,0,0,0,0,0,0,0,0,0,0,0,0,0,0,0,0,0,0,0,0,0,0,0,0,0,0,0,0,0,0,1,2,0,0,0,0,1,0,0,0,0,0,0,0,0,0,0,0,0,0,0,0,0,0,0,0,0,0,0,0,0,0,0,0,0,0,0,0,0,0,0,0,0,0,0,0,0,0,0,0,0,0,0,0,0,0,0,0,0,0,0,0,0,0,0,0,0,0,0,0,0,0,0,0,0,0,0,0,0,0,0,0,0,0,0,0,0,0,0,0,0,0,5,2,0,0,0,0,0,0,4,2,0,0,0,0,0,0,0,0,0,0,0,0,1,3,3,2,0,0,0,0,0,0,0,0,0,0,0,0,0,0,0,0,0,0,0,0,0,0,0,0,0,0,0,0,0,0,0,0,0,0,0,0,0,0,0,0,0,0,0,2,1,0,0,0,0,0,0,0,0,0,0,0,0,0,0,0,0,0,0,0,0,0,0,2,2,2,5,0,0,0,0,0,0,0,2,2,0,0,0,0,0,0,0,0,2,2,2,1,0,0,0,0,2,2,2,2,0,2,1,2,2,2,0,2,2,0,0,0,0,0,0,0,0,0,0,0,0,0,0,0,0,0,0,1,2,2,0,0,0,0,0,0,0,0,0,0,0,0,0,0,0,0,2,2,5,2,2,1,0,0,0,0,0,0,0,3,2,0,3,4,2,4,1,1,2,0,1,1,4,3,3,3,1,3,4,1,1,0,4,0,0,1,3,2,2,2,4,0,3,1,2,2,3,4,0,2,1,3,1,0,1,2,4,0,0,1,4,2,1,1,2,0,2,3,4,1,2,4,0,3,4,4,2,0,3,1,3,3,1,4,4,1,3,4,2,2,0,2,3,3,3,2,4,0,4,3,3,1,3,2,3,0,4,3,0,2,4,0,4,4,2,0,2,4,2,3,2,3,1,0,2,2,1,0,3,2,2,2,4,4,0,3,3,0,3,2,4,2,0,1,1,0,0,3,0,1,3,1,1,3,2,4,0,0,0,1,0,4,0,3,4,2,3,3,4,2,0,2,2,0,0,1,4,3,1,2,0,4,0,4,4,2,4,3,2,0,3,0,1,2,3,3,3,4,1,3,1,2,0,1,0,3,0,1,2,0,3,2,2,2,4,0,0,2,1,4,3,3,2,0,3,2,3,3,2,4,2,3,4,0,0,1,2,4,4,0,0,2,2,3,4,1,2,4,1,0,0,1,1,1,4,3,2,4,3,4,1,1,1,1,3,0,0,0,1,1,4,4,3,4,0,2,3,4,0,0,3,3,0,2,1,1,4,4,1,4,0,4,0,1,4,1,4,2,3,4,2,2,0,1,3,4,4,2,4,2,4,4,4,2,4,1,2,1,4,3,0,0,4,4,3,4,0,3,3,0,0,3,3,4,4,1,3,1,4,1,2,3,4,2,1,1,2,0,0,0,3,4,3,4,2,2,3,4,2,2,4,0,3,2,1,1,4,1,2,1,4,4,3,0,0,3,0,0,0,0,0,0,0,0,0,0,0,0,0,0,0,0,0,0,0,0,0,0,0,0,0,0,0,0,0,0,0,0,0,0,0,0,0,0,0,0,0,0,0,0,0,0,0,0,0,0,0,0,0,0,0,0,0,0,0,0,0,0,0,0,0,0,0,0,0,0,0,0,0,0,0,0,0,0,0,0,0,2,1,2,0,2,2,2,3,3,2,2,3,1,2,2,0,0,0,0,0,0,0,2,3,2,3,3,5,4,0,2,5,0,5,2,0,0,0,0,2,2,5,2,0,0,0,0,0,0,0,0,0,0,0,0,0,0,0,0,0,0,0,0,0,0,0,0,0,0,0,0,0,0,0,0,0,0,0,0,0,0,0,0,0,0,0,0,0,0,0,0,0,0,0,0,0,0,0,0,0,0,0,0,0,0,0,0,0,0,0,0,0,0,0,0,0,0,0,0,0,0,0,0,0,0,0,0,0,0,0,0,0,0,0,0,0,0,0,0,2,1,1,1,5,5,3,1,1,5,4,1,3,1,3,3,0,0,0,0,0,0,0,0,0,0,0,0,0,0,0,0,0,0,0,0,0,0,0,0,0,0,0,0,0,0,0,0,0,0,0,0,0,0,0,0,0,0,0,0,0,0,0,0,0,0,0,0,0,0,0,0,0,0,0,0,0,0,0,0,0,0,0,0,0,0,0,0,0,0,0,0,0,0,0,0,0,0,0,0,0,0,0,0,0,0,0,0,0,0,0,0,0,0,0,0,0,0,0,0,0,0,0,0,0,0,0,0,0,0,0,0,0,0,0,0,0,0,0,0,0,0,0,0,0,0,0,0,0,0,0,0,0,0,0,0,0,0,0,0,0,0,0,0,0,0,0,0,0,0,0,0,0,0,0,0,0,0,0,0,0,0,0,0,0,0,0,0,0,0,0,0,0,0,0,0,0,0,0,0,0,0,0,0,0,0,0,0,0,0,0,0,0,0,0,0,0,0,0,0,0,0,0,0,0,0,0,0,0,0,0,0,0,0,0,0,0,0,0,0,0,0,0,0,0,0,0,0,0,0,0,0,0,0,0,0,0,0,0,0,0,0,0,0,0,0,0,0,0,0,0,0,0,0,0,0,0,0,0,0,0,0,0,0,0,0,0,0,0,0,0,0,0,0,0,0,0,0,0,0,3,3,2,3,2,2,4,2,3,1,1,2,5,5,1,2,1,0,0,0,0,0,0,0,0,0,0,0,0,0,0,0,0,0,0,0,0,0,0,0,0,0,0,0,0,0,0,0,0,0,0,0,0,0,0,0,0,0,0,0,0,0,0,0,0,0,0,0,0,0,0,0,0,0,0,0,0,0,0,0,0,0,0,0,0,0,0,0,0,0,0,0,0,0,0,0,0,0,0,0,0,0,0,0,0,0,0,0,0,0,0,0,0,0,0,0,0,0,0,0,0,0,0,0,0,0,0,0,0,0,0,0,0,0,0,0,0,0,0,0,0,0,0,0,0,0,1,1,2,4,1,3,2,3,1,3,4,5,3,3,1,3,5,4,1,2,4,3,3,1,3,3,1,3,1,1,2,1,3,2,2,5,3,2,2,3,4,1,2,2,4,0,0,0,0,0,0,0,0,0,0,0,0,0,0,0,0,0,0,0,0,0,0,0,0,0,1,0,1,0,0,0,0,0,0,0,0,0,0,0,0,0,0,0,0,0,0,1,0,0,0,0,0,0,0,0,0,1,0,0,0,0,0,0,0,0,0,0,0,0,0,0,0,0,0,0,0,0,0,0,0,0,0,1,0,0,0,0,0,0,0,0,0,0,0,0,0,0,0,0,0,0,0,0,1,0,0,0,1,0,1,0,0,0,0,0,0,0,0,0,0,0,0,0,0,0,0,0,1,0,0,0,0,0,0,0,0,0,0,0,0,0,0,1,0,0,0,0,0,0,0,0,0,0,0,0,0,0,1,0,1,0,1,0,0,0,0,0,0,0,0,0,0,0,0,0,0,0,0,0,0,0,0,0,1,0,0,0,0,0,0,0,0,0,0,0,0,0,0,0,0,0,0,0,0,0,0,0,0,0,0,0,0,0,0,0,0,0,0,0,0,0,0,0,0,0,0,0,0,0,0,0,0,0,0,0,0,1,0,0,0,0,0,1,0,0,0,0,0,0,0,0,0,0,0,0,0,0,0,0,0,0,0,0,0,0,0,1,0,0,0,1,1,0,0,0,1,0,0,1,0,0,0,0,0,0,0,1,0,1,0,0,0,0,0,0,0,0,0,0,0,1,0,0,0,0,0,0,0,0,0,0,0,0,0,0,0,0,0,1,0,0,0,0,0,1,0,0,0,0,0,0,0,1,1,0,0,0,0,0,0,0,0,0,0,0,0,0,0,0,0,1,0,0,0,0,0,0,0,0,0,1,0,0,0,0,0,0,0,0,0,0,0,0,0,0,1,0,0,0,1,0,0,0,0,1,0,0,0,0,0,1,0,0,0,0,0,0,0,0,0,1,1,0,0,0,0,0,0,0,0,0,0,1,0,0,0,0,0,0,0,0,0,0,0,0,0,0,0,0,0,0,0,0,0,0,0,0,0,1,0,0,0,0,0,0,0,0,0,0,0,0,0,0,0,0,0,0,0,0,0,0,0,0,0,0,0,0,0,1,0,0,0,0,0,0,0,0,0,0,0,0,0,0,0,0,0,0,0,0,0,0,0,0,0,0,0,0,0,0,0,0,0,0,0,0,0,0,0,0,0,0,0,0,0,0,0,0,0,0,0,0,0,0,0,0,0,0,0,0,0,0,0,0,0,0,0,0,0,1,0,0,1,0,0,0,0,0,0,0,0,0,0,0,0,0,0,0,1,0,0,0,0,0,1,0,0,0,0,0,0,0,0,0,0,0,0,0,0,0,0,0,0,0,0,0,0,0,0,0,0,0,0,0,0,0,0,0,0,0,0,0,0,0,0,0,0,0,0,0,0,0,0,0,0,0,0,0,0,0,0,0,0,0,0,0,0,0,0,0,0,1,0,0,0,0,0,0,1,0,0,0,0,0,0,0,0,1,0,0,0,0,0,0,1,0,0,0,0,0,0,0,0,0,0,0,0,0,0,0,1,0,0,0,1,0,0,0,0,0,1,0,0,0,0,0,0,0,0,0,0,0,0,0,0,0,0,0,0,0,0,0,0,0,1,0,0,0,0,0,0,0,0,0,0,0,0,0,0,0,0,0,1,0,0,0,0,0,0,0,0,0,0,0,0,0,0,1,0,0,0,0,0,0,1,0,0,0,0,0,1,0,0,0,1,0,0,0,0,0,0,0,0,0,0,0,0,0,0,0,0,0,0,1,0,0,0,0,0,0,0,0,0,0,0,0,0,0,0,0,0,0,0,1,0,0,0,0,0,0,0,0,0,1,0,0,0,0,0,0,0,0,0,0,0,0,0,0,1,0,0,1,0,0,0,0,0,0,0,0,0,1,0,0,0,1,0,0,0,0,0,0,0,0,0,0,0,0,0,0,0,0,0,0,0,1,0,0,0,0,0,0,0,0,0,0,0,0,0,0,0,0,0,1,0,0,0,0,0,0,0,0,0,0,0,0,0,0,0,0,0,0,0,0,0,0,0,0,0,1,0,0,0,0,0,0,0,0,0,0,1,1,0,0,1,0,0,1,0,0,1,0,0,0,0,0,0,0,0,0,0,0,0,0,0,0,0,0,0,0,0,0,0,1,0,0,0,0,0,0,1,0,0,0,0,0,0,0,1,0,0,0,0,0,0,0,0,0,0,0,1,0,0,0,0,0,0,0,0,0,0,0,0,0,0,0,0,0,0,0,0,0,0,0,0,0,0,0,0,0,1,0,1,0,0,0,0,0,0,0,0,0,0,0,0,0,0,0,0,0,0,0,0,0,0,0,0,0,0,0,0,0,0,0,0,0,0,0,0,1,0,0,0,1,0,0,0,0,1.0,-1.1776000000000024,1.3867417600000056,52.93110000000001,73.46337599999994,17.0,19.0,64.0,32.0,32.0,0.0,27.0,2.0,3.0,0.0,0.0,0.0,0.0,0.0,0.0,0.0,5087.941416000014,5736.146298999997,8063.119863000002,8095.973830000007,7850.61177900001,6981.06837000001,5961.397801000009,6023.137362000006,6209.417886000005,13565.436846358134,17597.999569658125,25833.753155138835,28617.348484244216,27451.21874234484,24952.457993034783,21799.75939542967,20443.53902664281,20342.83357032092,479.0431999999994,509.3369080000006,903.41682,1225.3756320000005,1291.4362520000004,1206.203944000001,1026.9353640000006,880.0719040000005,888.5646240000001,93.8775249551678,123.55506159599987,189.54733467303743,220.1349550891118,212.9303982990548,193.1332730156588,169.74396393341345,154.16656383607426,151.11652359298023,10319.646462233468,9631.15629075605,18171.6257737396,26151.479019064685,28025.28664831788,26332.081774136543,22222.86716415329,18699.941097746887,18656.145898712737,225.75,189.8888888888889,327.75,376.7777777777777,405.25,380.8333333333335,310.8333333333332,290.3611111111109,315.6944444444444,79.49908462500022,85.6141238656716,66.63735423966943,48.47888520958088,44.860638737142914,43.09301462962969,42.887753964028846,51.04353696610175,53.07194774358978,211.95995072434584,262.65670999489737,213.50209219123005,171.36136816912705,156.86410709911337,154.02751847552335,156.8328014059689,173.25033073426115,173.87037239590526,7.485049999999991,7.602043402985084,7.466254710743802,7.337578634730542,7.379635725714288,7.445703358024698,7.388024201438854,7.4582364745762755,7.594569435897436,1.4668363274244969,1.844105396955222,1.5665068981242765,1.3181733837671366,1.216745133137456,1.192180697627523,1.221179596643262,1.3064963036955446,1.2915942187434208,161.24447597239794,143.7486013545679,150.1787254028066,156.59568274889034,160.144495133245,162.54371465516385,159.87674218815314,158.4740770995499,159.45423845053622,3.527343749999999,2.834162520729685,2.708677685950413,2.256154357950765,2.315714285714286,2.3508230452674908,2.236211031175059,2.46068738229755,2.6982431149097814,0.5305550357392412,-0.3303257213768571,0.1076348186574422,-0.052186148726817,0.0420709763190281,-0.0629802412234533,0.0162786925536649,0.0064977571896393,0.0482771827397886,2164.3224457500014,109.69468460547026,131.83799431640742,145.4183626210934,156.89456602734296,-182.6400861796868,-53.77001730078097,31.003154273437723,-334.923553324218,3329.463321239813,133.94354203442597,-328.0943991726858,-56.79942281366391,-102.6587562194784,198.3519059487707,155.903964100271,139.42841276298213,-391.3181768380479,3.60697974999999,0.3236315742187379,1.7109717851562514,0.041602964843765,-0.1602897539062421,-0.9882299921874992,-0.6148152695312403,-0.4472951640625041,-0.882325480468767,15.037829549583988,0.6958338021367547,-1.907052929212244,-1.0054457348632462,-1.6140008348632433,1.5313907125754995,1.2374955832122514,0.5353085184245016,-1.780363710910247,90.8367279585948,3.3960316275808147,-9.447086004178235,-21.5385490035344,-28.205878598086898,20.054468140163703,1.0957537810439448,0.0737908988651565,-8.283385813171682,68.97873263888883,1.338670518663195,33.84055582682291,-0.0903388129340371,0.2426147460937569,-15.58635796440971,-13.06578911675344,-11.418687608506932,-5.490200466579868,0.0082899224334256,-0.0049302346474157,0.0008895439558466,-0.0003124919085438,0.0002404055789658,-0.0003887669211324,0.0001171128960695,5.506573889524892e-05,0.0004126254935024,33.81753821484377,1.6372340985891085,1.0895702009620447,0.870768638449661,0.8965403772991026,-1.1274079393807828,-0.3868346568401509,0.2627385955376078,-2.862594472856564,52.02286439437208,1.9991573437974024,-2.711523960104841,-0.3401163042734366,-0.5866214641113051,1.2243944811652512,1.121611252519935,1.181596718330357,-3.344599802034597,0.0563590585937498,0.0048303220032647,0.0141402626872417,0.0002491195499626,-0.0009159414508928,-0.0061001851369598,-0.0044231314354765,-0.0037906369835805,-0.0075412434228099,0.2349660867122498,0.0103855791363694,-0.0157607680100185,-0.0060206331428936,-0.0092228619135042,0.0094530290899722,0.0089028459223902,0.0045365128680042,-0.0152167838539337,1.4193238743530436,0.0506870392176241,-0.0780750909436217,-0.1289733473265533,-0.1611764491319251,0.123793013210887,0.0078831207269348,0.0006253466005521,-0.0707981693433477,1.077792697482638,0.019980156994973,0.2796740150977099,-0.0005409509756529,0.0013863699776786,-0.0962120862000599,-0.0939984828543412,-0.0967685390551434,-0.0469247903126484,-0.5947262699994235,0.1073042556176299,-0.0376953959525389,0.0289997380429689,-0.0468963279517415,0.0141271401524003,0.006642491451213,0.0497743491348878,0.0484137576244525,0.0322190868548731,0.025749025044864,0.0265111070948853,-0.0333379660050453,-0.0114388769041252,0.0077692998783182,-0.0846482217206474,0.0384284365551712,-0.0521217736022659,-0.0065378234788284,-0.011276223847735,0.0235356990703823,0.0215599672485791,0.0227130268985762,-0.0642909582348261,0.085706222278887,0.2508960057187663,0.0044202219869991,-0.0162518940831703,-0.1082378820578166,-0.0784812866971321,-0.0672586994560076,-0.1338071218891205,0.0442003324040891,-0.0670767778897381,-0.0256234132641738,-0.0392518854212309,0.0402314615791717,0.0378899186983231,0.0193070963196483,-0.0647616175885369,0.0357121021731056,-0.0550086504950887,-0.0908695680084589,-0.1135586119872693,0.0872197075296252,0.0055541380437415,0.0004405947168592,-0.0498816166082029,0.018538033372874,0.2594877621187586,-0.000501906328477,0.0012863048533513,-0.0892677102236627,-0.0872138798805096,-0.0897839995401363,-0.0435378625428145,1.582036759618467,0.6622950962148785,0.7291138697912093,0.7589587611464306,0.8925421974547064,0.945213796211603,0.9571559923018595,1.1537155538137185,0.8779030980203041,0.8983371358729816,0.919716331214904,0.9448224684152288,1.0276994369305068,0.990722757203866,0.9718177551748888,1.096609602805494,1.022487133826026,1.0923603338352388,1.0252966455174306,0.998378440108204,0.9375814705839688,0.9696748156370626,0.9638958917739168,1.0189554510159318,0.6712919190103475,0.415646986779678,0.6794327026648848,0.8470038125387342,1.097862245799662,1.0273357713585776,1.015067306751305,1.354188362160896,1.0799114286795783,1.1390064754834797,1.0489577854419696,1.0188482768197338,0.9089035821162283,0.9528065182393902,0.9715534739276266,1.026419191605476,1.1342375263140363,1.144727246037628,1.0876173168423882,1.108734246440292,0.9261991008694748,0.957856046028184,1.0232089915321465,1.1070534210245064,0.6645461649575533,0.3433355518961435,0.7218336110251966,0.6960116279801428,0.8664215506350587,0.8728970311829986,0.9635277597336308,0.842635539974571,379.0839603607817,190.0598373232478,287.7597944259835,380.0549425036384,11.8767169532387,190.0598373232478,1.0357142857139363,0.3487005627357151,0.010896892585491,-3.371333476772325,671.3970427572044,20.98115758616264,20.82995417582285,379.10931135082177,190.07105422254108,287.77647253732306,380.0775586266909,11.877423707084091,190.07105422254108,1.0327970942604452,0.3486723359923073,0.0108960104997596,-3.371592522052459,672.3868095258963,21.01208779768426,20.83466810987882,408.3906494233892,203.27750836636403,308.17866612687493,407.35810603489233,12.729940813590384,203.27750836636403,-1.8356326906611289,0.305267873047642,0.0095396210327388,-3.7970099697369815,466.28163251645736,14.571301016139293,19.663327402227225,379.2137441692896,190.11987727808508,287.8579911540793,380.17562890699,11.880488403343438,190.11987727808508,1.026010386880614,0.3483810583271591,0.0108869080727237,-3.374266889870828,679.9084815156035,21.24714004736261,20.87026624993977,428.1555834327434,211.93616850168104,320.4227523204201,425.7462573162164,13.304570541131763,211.93616850168104,-4.283246429381421,0.2976041286351699,0.009300129019849,-3.878371529655621,866.1736929456815,27.067927904552548,21.64507346455187,376.7254370162441,188.84766937239704,285.3946411488746,377.6347198867597,11.801084996461242,188.84766937239704,0.9699017285499564,0.3628963259751587,0.0113405101867237,-3.24364188442853,542.2338411600522,16.94480753625163,20.14623151888108,394.1684782400096,197.10216818341627,294.795277213762,395.4422851490148,12.357571410906711,197.10216818341627,2.437477954144242,0.492025401704437,0.0153757938032636,-2.2695197898944697,2175.225028394294,67.97578213732169,24.59163967840557,0.0,11.889999999999995,15.996938112772026,-0.3316298298146212,0.259003732576327,3.737022289288926,10.057785386924852,35.0,67.0,66.0,47.0,15.0,1.0,1.0,0.0,0.0,20.0,39.17662399999999,4.053680927399829,3.8617919738408615,3.659055576266892,3.5270390452427915,3.452341866017897,3.2374048092860432,2.9576946069184693,2.874027587990485,2.0622056314405985,2.036153394781141,1.8856691260168228,1.8415781103705493,1.5744566824652142,1.402899438018299,1.382061901664266,1.372874416517864,3.981017051961804,3.869370042188405,3.6229926699257473,3.5029117686730418,3.3816421538652093,3.1734703748771125,2.936467017740418,2.8906644394203767,2.0454116439670456,2.0176117114293057,1.854934362245692,1.804836743189746,1.566709622796046,1.4097344800469112,1.3443791992050969,1.315195537871121,4.073069669076099,3.914732491498513,3.742846129675488,3.636486743183137,3.535239305196497,3.347949199367944,3.080221391348202,3.031213550604347,1.969829876796859,1.9371959549089743,1.7075698284274514,1.6266356755198432,1.3781517146708142,1.2333640675532525,1.1121841674385669,1.071487482092646,3.97190296272246,3.875971584410277,3.62718637768915,3.511786428339743,3.3650887473502165,3.165659870116749,2.9385576247099907,2.910479800881102,2.036218326361304,2.006984923683022,1.834150230821264,1.786312032152748,1.5701590650063606,1.4363044910623832,1.3697347061029863,1.2773873226606691,4.092657515817458,3.938542595716085,3.782920608269814,3.677685922156434,3.5699294352089352,3.379583677055751,3.136539384521275,3.0956867748130428,1.9498738899723824,1.917495565483887,1.6649990283102898,1.5809022116163505,1.3427909310134194,1.2034598856603758,1.0773945943640024,1.0039005172363935,4.953145463964395,4.299504513760163,3.9562553746250178,3.923888880132547,3.80490435526509,3.517008264302828,3.3832134472577926,3.105755265468573,1.993245600716932,1.930974455143652,1.769408770127792,1.7405851641951138,1.4263787007174429,1.280824548117283,1.2183567553203514,1.0950253901344635,0.0,0.0,3.0,7.0,5.0,1.0,10.0,1.0,0.0,0.0,0.0,0.1178511301977579,0.3895195511812306,0.533493211635427,0.0,0.0,0.0204124145231931,0.1743085261331711,0.1619360467259675,1.8174907929125983,0.0,0.3309330932755814,0.0,0.8184466955350992,0.0,0.1194274613151307,0.0,3.94716088393436,6.070161821553794,7.633307772149323,1.684383531948829,2.248313742056961,2.492421066757608,22.33828804643758,15.597356788324024,13.758235505033069,11.157021117682492,9.219083424957272,7.089274735027644,4.981375859852109,3.750328028789343,0.6980715014511744,0.4456387653806863,0.2927284150007035,0.1859503519613748,0.1213037292757535,0.0770573340763874,0.0488370182338442,0.0317824409219435,18.848007332810084,11.856929240766425,8.983751690076252,6.548052113375845,4.69820785719166,3.2617059967459405,1.8052841089308185,1.1572491681652224,0.5890002291503151,0.3387694068790407,0.1911436529803457,0.1091342018895974,0.0618185244367323,0.0354533260515863,0.0176988638130472,0.0098071963403832,39.32956930592312,63.52367079388212,61.03921568627441,61.81600000000009,42.5349556886228,484.4913928143713,0.6145245204050487,0.992557356154408,0.9537377450980375,0.9658750000000014,0.6646086826347313,7.570178012724551,6.923600000000007,131.6178000000001,338.6069750455086,491.396841948562,677.2139500910171,21.162935940344283,338.6069750455086,0.1488462832321294,0.004651446351004,-6.095491717505233,407.6159915011724,12.737999734411638,19.23304170847621,1087.0,1.0,0.0,3.0,15.0,1.0,0.0,0.0,0.0,0.0,0.0,0.0,0.0,0.0,1.0,0.0,0.0,0.0,0.0,0.0,0.0,0.0,0.0,0.0,0.0,0.0,7.0,0.0,11.0,1.0,0.0,7.0,0.0,0.0,0.0,0.0,0.0,0.0,0.0,0.0,1.0,0.0,10.0,0.0,0.0,7.0,1.0,0.0,0.0,1.0,7.0,0.0,0.0,0.0,0.0,0.0,0.0,0.0,0.0,0.0,0.0,0.0,2.0,0.0,0.0,0.0,0.0,1.0,1.0,0.0,1.0,0.0,0.0,0.0,0.0,0.0,0.0,0.0,0.0,0.0,0.0,0.0,0.0,0.0,0.0,0.0,0.0,0.0,0.0,0.0,0.0,0.0,0.0,0.0,0.0,0.0,0.0,0.0,0.0,0.0,0.0,0.0,0.0,0.0,0.0,0.0,0.0,0.0,0.0,0.0,0.0,0.0,0.0,0.0,0.0,0.0,0.0,0.0,0.0,0.0,0.6757180225963779,0.0,24.906520281129268,21.13392512027468,7.164385981332683,0.0,0.0,0.0,0.0,0.0,0.0,0.0,0.0,0.6757180225963779,0.0,0.0,0.0,0.0,0.0,0.0,0.0,0.0,0.0,0.0,0.0,3.189067310509445,0.0,4.344260415963091,0.5713537906718293,0.0,3.189067310509445,0.0,0.0,0.0,0.0,0.0,0.0,0.0,0.0,2.06771942861239,0.0,10.48933739725002,0.0,0.0,14.95761408324632,0.6892406138502364,0.0,0.0,-0.7177374226689721,6.894048459697334,0.0,0.0,0.0,0.0,0.0,0.0,0.0,0.0,0.0,0.0,0.0,8.879923825550074,0.0,0.0,0.0,0.0,8.7261442200086,10.602626749252977,0.0,5.577749311867693,0.0,0.0,0.0,0.0,0.0,0.0,0.0,0.0,0.0,0.0,0.0,0.0,0.0,0.0,0.0,0.0,0.0,0.0,0.0,0.0,0.0,0.0,0.0,0.0,0.0,0.0,0.0,0.0,0.0,0.0,0.0,0.0,0.0,0.0,0.0,0.0,0.0,0.0,0.0,0.0,0.0,0.0,0.0,0.0,0.0,0.0,0.0,0.0,0.0,0.6757180225963779,0.0,5.577749311867693,-0.7177374226689721,7.164385981332683,0.0,0.0,0.0,0.0,0.0,0.0,0.0,0.0,0.6757180225963779,0.0,0.0,0.0,0.0,0.0,0.0,0.0,0.0,0.0,0.0,0.0,0.423217472165768,0.0,0.2804225793512028,0.5713537906718293,0.0,0.423217472165768,0.0,0.0,0.0,0.0,0.0,0.0,0.0,0.0,2.06771942861239,0.0,0.2514239396404272,0.0,0.0,2.058257114036161,0.6892406138502364,0.0,0.0,-0.7177374226689721,0.5528714633363807,0.0,0.0,0.0,0.0,0.0,0.0,0.0,0.0,0.0,0.0,0.0,4.226879269708628,0.0,0.0,0.0,0.0,8.7261442200086,10.602626749252977,0.0,5.577749311867693,0.0,0.0,0.0,0.0,0.0,0.0,0.0,0.0,0.0,0.0,0.0,0.0,0.0,0.0,0.0,0.0,0.0,0.0,0.0,0.0,0.0,0.0,0.0,0.0,0.0,0.0,0.0,0.0,0.0,0.0,0.0,0.0,0.0,0.0,0.0,0.0,0.0,0.0,0.0,0.0,0.0,0.0,0.0,0.0,0.0,0.0,0.0,0.0,0.0,0.6757180225963779,0.0,10.602626749252977,2.213989026863696,7.164385981332683,0.0,0.0,0.0,0.0,0.0,0.0,0.0,0.0,0.6757180225963779,0.0,0.0,0.0,0.0,0.0,0.0,0.0,0.0,0.0,0.0,0.0,0.4912135211712197,0.0,0.5713537906718293,0.5713537906718293,0.0,0.4912135211712197,0.0,0.0,0.0,0.0,0.0,0.0,0.0,0.0,2.06771942861239,0.0,1.3675931059159985,0.0,0.0,2.213989026863696,0.6892406138502364,0.0,0.0,0.0,1.4190575549403963,0.0,0.0,0.0,0.0,0.0,0.0,0.0,0.0,0.0,0.0,0.0,4.653044555841446,0.0,0.0,0.0,0.0,8.7261442200086,10.602626749252977,0.0,5.577749311867693,0.0,0.0,0.0,0.0,0.0,0.0,0.0,0.0,0.0,0.0,0.0,0.0,0.0,0.0,0.0,0.0,0.0,0.0,0.0,0.0,0.0,0.0,0.0,0.0,0.0,0.0,0.0,0.0,0.0,0.0,0.0,0.0,0.0,0.0,0.0,0.0,0.0,0.0,0.0,0.0,0.0,0.0,0.0,0.0,0.0,0.0,0.0,0.0,0.0,68.16666666666667,2.130208333333333,0.6757180225963779,10.602626749252977,0.0401099167059768,-0.7177374226689721,12.194379958947852,2.384404089335639,3.6026267492529747,24.623555237076104,2.384404089335639,3.6026267492529747,24.623555237076104,15.29999,0.47812,0.0,0.02188,0.54844,0.79688,0.44222,0.49875,0.78182,0.10622,0.04969,-0.05653,0.01506,0.6,0.11429,0.0,0.07625,0.29412,0.0,37.75,1.17969,19.25,0.60156,18.5,0.57813,-0.75,-0.02344,0.0,0.0,31.01376,0.96918,57.30573,26.29197,0.82162,9.06127,0.28316,15.5973,6.53603,0.20425,0.3167,0.0099,0.6607,0.02065,0.359375,233.05,3.0,5.0,5.0,5.0,1.0,1.0,0.4444444444444444,1.3884867178034823,3.1547350558081613,4.126310203736037,4.933364648336088,5.269454882778696,5.300704882778696,88.86314993942288,201.90304357172232,264.0838530391064,315.73533749350963,337.24511249783654,339.24511249783654,0.231414452967247,0.5257891759680269,0.6877183672893395,0.822227441389348,0.878242480463116,0.8834508137964493,4.611513282196517,2.8452649441918387,1.873689796263963,1.066635351663912,0.730545117221304,0.699295117221304,0.2212331413693212,0.5026565523712422,0.6574615060639061,0.7860527181695537,0.839603319263466,0.8445825067336408,12.30550052903479,28.65415431843592,34.596401599217906,37.73011206170197,38.06883221298399,38.44383221298399,108.25007446070416,61.789857598123646,41.07810931616879,30.268843945008264,28.089614648336088,27.339614648336088,25.10367346938776,12.63014938886374,7.25,8.0,17.0,6.0,3.88,3.467199999999999,0.0,2.531897445381965,2.1255836493879388,0.0,22.7145832175282,28.567827397740864,0.0,7.571469324504544,0.0,0.0,0.4999999999999999,0.1538461538461538,0.0,0.0,0.0,0.0,0.4999999999999999,0.0,0.0,0.591,0.8389999999999997,0.8,2.221,2.3630000000000004,16.899,47.0,60.0,76.0,92.0,102.0,118.0,130.0,150.0,170.0,1012.0,3.8394523125933104,4.433788569232471,5.024702551307692,5.6325549653678335,6.198161084751875,6.6766504329951175,7.169686757503607,7.613541005588049,8.116459062058956,8.546165125489194,9.5245483126967,13.528403301012846,0.4761904761904761,4.0,0.0,0.0,1.0,3.0,0.0,0.0,0.0,0.0,0.0,0.0,0.0,0.0,0.0,0.0,0.0,0.0,0.0,0.0,0.0,0.0,0.0,0.0,4.0,0.0,1.0,3.0,0.0,0.0,0.0,0.0,0.0,0.0,0.0,1.0,0.0,0.0,1.0,0.0,0.0,0.0,0.0,0.0,0.0,0.0,0.0,0.0,0.0,0.0,0.0,0.0,0.0,0.0,0.0,0.0,0.0,0.0,0.0,0.0,1.0,0.0,0.0,0.0,0.0,0.0,0.0,0.0,0.0,9.0,0.2571428571428571,11.0,0.3142857142857143,1.0,11.0,21.0,0.9090909090909092,5.5,3.3333333333333304,1.5,1.0816666666666668,1.101388888888889,0.5958276643990934,0.3428996598639456,0.2741480851599898,0.2790740740740741,0.1356004489337822,0.1571428571428571,0.0709219858156027,0.0326086956521739,0.0251550387596899,0.0289839181286549,0.0180553837696694,0.0100852841136454,0.0080631789752938,0.0096232439335887,0.0052154018820685,0.3964541601548072,243.89958894933875,375.9169140610027,487.7991778986776,15.243724309333674,243.89958894933875,0.1624374646947556,0.0050761707717111,-5.815878988566684,463.6842938312715,14.490134182227234,19.64545254215227,76.22,418.0582810068193,6.0,5.10594547390058,5.937536205082426,6.794586580876499,7.644440761556566,8.50976567558744,9.36947859331448,10.240566747777828,11.106805142255848,11.98207247742454,143.6911976577762,4.262679877041316,0.0,5.556828061699537,2.3978952727983707,7.037905963447182,4.59511985013459,8.605020901781758,6.6052979209482015,10.21942903970169,10.469738422407527,432.2412928840009,6.7537702013125145,65.66547445885686,2.052046076839277,14.160723727020589,7.8846730228316355,6.276050704188942,3722.0,46.0,10.525000000000004,164.0,1.0,3.033423755486949
0,0,0,0,0,0,0,0,0,0,0,0,0,0,0,0,0,0,0,0,0,0,0,0,0,0,0,0,0,0,0,0,0,0,0,0,0,0,0,0,0,0,0,0,0,0,0,0,0,0,0,0,0,0,0,0,0,0,0,0,0,0,0,0,0,0,0,0,0,0,0,0,0,0,0,0,0,0,0,0,0,0,0,0,0,0,0,0,0,0,0,0,0,0,0,0,0,0,0,0,0,0,0,0,0,0,0,0,0,0,0,0,0,0,0,0,0,0,0,0,0,0,0,0,0,0,0,0,0,0,0,0,0,0,0,0,0,0,0,0,0,0,0,0,0,0,0,0,0,0,0,0,0,0,0,0,0,0,0,0,0,0,0,0,0,0,0,0,0,0,0,0,0,0,0,0,0,0,0,0,0,0,0,2,4,3,1,2,2,5,1,2,1,2,3,4,2,2,2,2,5,0,0,0,0,0,0,0,0,0,0,0,0,0,0,0,0,2,3,2,3,0,0,0,0,0,0,0,0,0,0,0,0,0,0,0,0,0,1,5,2,5,1,2,0,0,0,0,0,0,0,0,0,0,0,0,0,0,0,0,0,0,0,0,0,0,0,0,0,0,0,0,0,0,0,0,0,0,0,0,0,0,0,0,0,0,0,0,0,0,0,0,0,0,0,0,0,0,0,0,0,0,0,0,0,0,0,0,0,0,0,0,0,0,0,0,0,0,0,0,0,0,0,0,0,0,0,0,0,0,0,0,0,0,0,0,0,0,0,0,0,0,0,0,0,0,0,0,0,0,0,0,0,0,0,0,0,0,0,0,0,0,0,0,0,0,0,0,0,0,0,0,0,0,0,0,0,0,0,0,0,0,0,0,0,0,0,0,0,0,0,0,0,0,0,0,0,0,0,0,0,0,0,0,0,0,0,0,0,0,0,0,0,0,0,0,0,0,0,0,0,0,0,0,0,0,0,0,0,0,0,0,0,5,2,3,1,1,2,1,0,0,0,0,0,0,0,0,0,0,0,0,0,0,0,0,0,0,0,0,0,0,0,0,0,0,0,0,0,0,0,0,0,0,0,0,0,0,0,0,0,0,0,0,0,0,0,0,0,0,0,0,0,0,0,0,0,0,0,0,0,0,0,0,0,0,0,0,0,0,0,0,0,0,0,0,0,0,0,0,0,0,0,0,0,0,0,0,0,0,0,0,0,0,0,0,0,0,0,0,0,0,0,0,0,0,0,0,0,0,0,0,0,0,0,0,0,0,0,0,0,0,0,0,0,0,0,0,0,0,0,0,0,0,0,0,0,0,0,0,0,0,0,0,0,0,0,0,0,2,5,2,4,0,0,0,0,0,0,0,0,0,0,0,0,0,0,0,0,0,0,0,0,0,2,2,2,1,2,2,2,1,0,0,0,0,0,0,0,0,0,0,0,2,2,2,2,2,4,3,2,2,0,0,0,0,0,0,2,2,2,2,2,0,0,1,0,0,0,0,5,5,0,0,0,0,0,0,0,0,0,0,0,1,5,2,5,0,0,0,0,0,2,0,0,0,0,0,0,0,1,2,2,2,2,2,1,0,0,0,0,0,0,0,0,0,0,0,0,0,0,0,3,2,3,0,2,3,4,0,0,0,0,0,0,0,0,0,0,0,0,0,0,0,0,0,0,0,0,0,0,0,0,0,0,0,0,0,0,0,0,2,2,2,1,2,2,2,2,2,0,0,0,0,0,0,0,0,0,0,0,0,0,0,0,0,0,0,0,0,0,0,0,0,3,2,2,2,3,1,1,2,3,2,0,0,0,5,2,3,0,0,0,0,0,0,0,1,2,0,0,0,0,0,0,0,2,2,2,0,0,0,0,0,0,0,0,0,0,0,0,0,0,0,0,0,0,0,0,0,0,0,0,0,0,0,0,0,0,0,0,0,0,0,0,0,0,0,0,0,0,0,0,0,0,0,0,0,0,0,0,0,0,0,0,0,0,0,0,0,0,0,0,0,0,0,2,5,4,0,1,1,2,2,2,2,2,3,2,0,0,0,3,2,2,3,0,0,0,0,0,0,0,0,0,0,0,0,2,2,0,0,0,0,0,0,0,0,0,0,0,0,0,0,0,0,0,0,0,0,0,0,0,0,0,0,0,0,0,0,0,2,2,2,2,4,5,0,0,0,0,0,0,0,0,0,0,0,0,0,0,0,0,0,0,0,0,0,0,0,0,0,0,0,0,0,0,0,0,0,0,3,0,0,0,0,0,0,0,0,0,0,0,0,0,0,0,0,0,0,0,0,0,0,0,0,0,0,2,3,0,0,0,0,0,0,2,2,5,5,1,1,0,0,0,0,0,0,0,0,0,0,0,0,0,0,0,0,0,0,0,0,0,0,2,1,2,0,0,0,0,0,0,0,0,0,3,3,5,0,0,1,5,0,0,0,0,0,0,0,0,0,0,0,0,0,0,0,3,2,0,0,0,0,2,2,2,0,0,0,0,2,2,2,2,1,0,0,0,2,3,2,2,2,1,0,0,2,2,1,2,2,0,0,0,0,0,0,0,0,0,0,0,0,1,2,3,0,0,0,0,0,0,0,0,0,0,0,0,0,0,0,0,0,0,0,0,0,0,0,0,0,0,0,0,0,0,0,0,0,0,0,0,0,0,0,1,2,0,0,0,0,1,0,0,0,0,0,0,0,0,0,0,0,0,0,0,0,0,0,0,0,0,0,0,0,0,0,0,0,0,0,0,0,0,0,0,0,0,0,0,0,0,0,0,0,0,0,0,0,0,0,0,0,0,0,0,0,0,0,0,0,0,0,0,0,0,0,0,0,0,0,0,0,0,0,0,0,0,0,0,0,0,0,0,0,0,0,5,2,0,0,0,0,0,0,4,2,0,0,0,0,0,0,0,0,0,0,0,0,1,3,3,2,0,0,0,0,0,0,0,0,0,0,0,0,0,0,0,0,0,0,0,0,0,0,0,0,0,0,0,0,0,0,0,0,0,0,0,0,0,0,0,0,0,0,0,2,1,0,0,0,0,0,0,0,0,0,0,0,0,0,0,0,0,0,0,0,0,0,0,2,2,2,5,0,0,0,0,0,0,0,2,2,0,0,0,0,0,0,0,0,2,2,2,1,0,0,0,0,2,2,2,2,0,2,1,2,2,2,0,2,2,0,0,0,0,0,0,0,0,0,0,0,0,0,0,0,0,0,0,1,2,2,0,0,0,0,0,0,0,0,0,0,0,0,0,0,0,0,2,2,5,2,2,1,0,0,0,0,0,0,0,3,2,0,3,4,2,4,1,1,2,0,1,1,4,3,3,3,1,3,4,1,1,0,4,0,0,1,3,2,2,2,4,0,3,1,2,2,3,4,0,2,1,3,1,0,1,2,4,0,0,1,4,2,1,1,2,0,2,3,4,1,2,4,0,3,4,4,2,0,3,1,3,3,1,4,4,1,3,4,2,2,0,2,3,3,3,2,4,0,4,3,3,1,3,2,3,0,4,3,0,2,4,0,4,4,2,0,2,4,2,3,2,3,1,0,2,2,1,0,3,2,2,2,4,4,0,3,3,0,3,2,4,2,0,1,1,0,0,3,0,1,3,1,1,3,2,4,0,0,0,1,0,4,0,3,4,2,3,3,4,2,0,2,2,0,0,1,4,3,1,2,0,4,0,4,4,2,4,3,2,0,3,0,1,2,3,3,3,4,1,3,1,2,0,1,0,3,0,1,2,0,3,2,2,2,4,0,0,2,1,4,3,3,2,0,3,2,3,3,2,4,2,3,4,0,0,1,2,4,4,0,0,2,2,3,4,1,2,4,1,0,0,1,1,1,4,3,2,4,3,4,1,1,1,1,3,0,0,0,1,1,4,4,3,4,0,2,3,4,0,0,3,3,0,2,1,1,4,4,1,4,0,4,0,1,4,1,4,2,3,4,2,2,0,1,3,4,4,2,4,2,4,4,4,2,4,1,2,1,4,3,0,0,4,4,3,4,0,3,3,0,0,3,3,4,4,1,3,1,4,1,2,3,4,2,1,1,2,0,0,0,3,4,3,4,2,2,3,4,2,2,4,0,3,2,1,1,4,1,2,1,4,4,3,0,0,3,0,0,0,0,0,0,0,0,0,0,0,0,0,0,0,0,0,0,0,0,0,0,0,0,0,0,0,0,0,0,0,0,0,0,0,0,0,0,0,0,0,0,0,0,0,0,0,0,0,0,0,0,0,0,0,0,0,0,0,0,0,0,0,0,0,0,0,0,0,0,0,0,0,0,0,0,0,0,0,0,0,2,1,2,0,2,2,2,3,3,2,2,3,1,2,2,0,0,0,0,0,0,0,2,3,2,3,3,5,4,0,2,5,0,5,2,0,0,0,0,2,2,5,2,0,0,0,0,0,0,0,0,0,0,0,0,0,0,0,0,0,0,0,0,0,0,0,0,0,0,0,0,0,0,0,0,0,0,0,0,0,0,0,0,0,0,0,0,0,0,0,0,0,0,0,0,0,0,0,0,0,0,0,0,0,0,0,0,0,0,0,0,0,0,0,0,0,0,0,0,0,0,0,0,0,0,0,0,0,0,0,0,0,0,0,0,0,0,0,0,2,1,1,1,5,5,3,1,1,5,4,1,3,1,3,3,0,0,0,0,0,0,0,0,0,0,0,0,0,0,0,0,0,0,0,0,0,0,0,0,0,0,0,0,0,0,0,0,0,0,0,0,0,0,0,0,0,0,0,0,0,0,0,0,0,0,0,0,0,0,0,0,0,0,0,0,0,0,0,0,0,0,0,0,0,0,0,0,0,0,0,0,0,0,0,0,0,0,0,0,0,0,0,0,0,0,0,0,0,0,0,0,0,0,0,0,0,0,0,0,0,0,0,0,0,0,0,0,0,0,0,0,0,0,0,0,0,0,0,0,0,0,0,0,0,0,0,0,0,0,0,0,0,0,0,0,0,0,0,0,0,0,0,0,0,0,0,0,0,0,0,0,0,0,0,0,0,0,0,0,0,0,0,0,0,0,0,0,0,0,0,0,0,0,0,0,0,0,0,0,0,0,0,0,0,0,0,0,0,0,0,0,0,0,0,0,0,0,0,0,0,0,0,0,0,0,0,0,0,0,0,0,0,0,0,0,0,0,0,0,0,0,0,0,0,0,0,0,0,0,0,0,0,0,0,0,0,0,0,0,0,0,0,0,0,0,0,0,0,0,0,0,0,0,0,0,0,0,0,0,0,0,0,0,0,0,0,0,0,0,0,0,0,0,0,0,0,0,0,0,3,3,2,3,2,2,4,2,3,1,1,2,5,5,1,2,1,0,0,0,0,0,0,0,0,0,0,0,0,0,0,0,0,0,0,0,0,0,0,0,0,0,0,0,0,0,0,0,0,0,0,0,0,0,0,0,0,0,0,0,0,0,0,0,0,0,0,0,0,0,0,0,0,0,0,0,0,0,0,0,0,0,0,0,0,0,0,0,0,0,0,0,0,0,0,0,0,0,0,0,0,0,0,0,0,0,0,0,0,0,0,0,0,0,0,0,0,0,0,0,0,0,0,0,0,0,0,0,0,0,0,0,0,0,0,0,0,0,0,0,0,0,0,0,0,0,1,1,2,4,1,3,2,3,1,3,4,5,3,3,1,3,5,4,1,2,4,3,3,1,3,3,1,3,1,1,2,1,3,2,2,5,3,2,2,3,4,1,2,2,4,0,0,0,0,0,0,0,0,0,0,0,0,0,0,0,0,0,0,0,0,0,0,0,0,0,0,0,0,0,0,0,0,0,0,0,0,0,0,0,0,0,0,0,0,0,0,1,0,0,0,0,0,0,0,0,0,1,0,0,0,0,0,0,0,0,0,0,0,0,0,0,0,0,0,0,0,0,0,0,0,0,0,0,0,0,0,0,0,0,1,0,0,0,0,0,0,0,0,0,0,0,1,0,1,0,0,0,1,0,0,0,0,0,0,0,0,0,1,0,0,0,0,0,0,0,0,0,1,0,0,0,0,0,0,0,0,0,1,0,0,0,0,0,0,0,0,0,0,0,0,0,0,0,0,0,0,0,0,0,1,0,1,0,0,0,0,0,0,0,0,0,0,0,0,0,0,0,0,0,0,0,0,0,0,0,0,0,0,0,0,0,0,0,0,0,0,0,0,0,0,0,0,0,0,0,0,0,0,0,0,0,0,0,0,0,0,0,0,0,0,0,0,0,0,0,0,0,0,0,0,0,0,0,0,0,0,1,0,0,0,0,0,1,0,0,0,0,0,0,0,0,0,0,0,0,0,0,0,0,0,0,0,0,0,0,0,0,0,1,0,1,1,1,0,0,1,0,0,0,0,0,0,0,0,0,1,1,0,1,0,0,0,0,0,0,0,0,0,0,0,0,0,0,0,0,0,0,0,0,0,0,0,0,0,0,0,0,0,0,1,0,0,0,0,0,0,0,0,0,0,0,0,1,1,0,0,0,0,0,0,0,0,0,0,0,0,0,0,0,0,1,0,0,0,0,0,0,0,0,0,0,0,0,0,0,0,0,0,0,0,0,0,0,0,0,1,0,0,0,1,0,0,0,0,1,0,0,0,0,0,1,0,0,0,0,0,0,0,0,0,1,1,0,0,0,0,0,0,0,0,0,0,1,0,0,0,0,0,0,0,0,0,0,0,0,0,0,0,0,0,0,0,0,0,0,0,0,0,0,0,0,0,1,0,0,0,0,0,0,0,0,0,1,0,0,0,0,0,0,0,0,0,0,0,0,0,0,1,0,0,0,0,0,0,0,0,0,0,0,0,0,0,0,0,0,0,0,0,0,0,0,0,0,0,0,0,0,0,0,0,0,0,0,0,0,0,0,0,0,0,0,0,0,0,0,0,0,0,0,0,0,0,0,0,1,0,0,0,0,0,0,0,0,0,0,1,0,0,0,0,0,1,0,0,0,0,0,0,0,0,0,0,0,0,0,0,0,1,0,0,0,0,0,1,0,0,0,0,0,0,0,0,0,0,0,0,0,0,0,0,0,0,0,0,0,0,0,0,0,0,0,0,0,0,0,0,0,0,1,0,0,0,0,0,0,0,0,0,0,0,0,0,0,0,0,0,0,0,0,0,0,0,0,0,0,0,0,0,0,0,1,0,0,0,0,0,0,1,0,0,0,0,0,0,0,0,0,0,0,0,0,0,0,0,0,0,0,0,0,0,0,0,0,0,0,0,0,0,0,1,0,0,0,1,0,0,0,0,0,1,0,0,0,0,0,0,0,0,0,0,0,0,0,0,1,0,0,0,0,0,0,0,0,1,0,0,0,0,0,0,0,0,0,0,0,0,0,0,1,0,0,1,0,0,0,0,0,0,0,0,0,0,0,0,0,0,1,0,0,0,0,0,0,0,0,0,0,0,0,1,0,1,0,1,0,0,0,0,0,0,0,0,0,0,0,0,0,0,0,0,0,0,0,0,0,0,0,0,0,0,0,0,0,0,0,0,0,0,0,0,0,0,0,0,0,0,0,0,0,0,0,0,0,0,0,0,0,0,0,0,0,0,0,0,0,0,0,0,0,0,0,0,0,0,0,0,0,0,0,0,1,0,1,0,1,0,0,0,0,0,0,0,0,0,0,0,0,0,0,1,0,0,0,0,1,0,0,0,0,0,0,0,0,0,1,0,0,0,0,0,0,0,1,0,0,0,0,0,0,0,1,0,0,0,0,0,0,0,0,0,0,0,0,0,0,0,0,0,1,0,0,0,0,0,0,0,0,0,0,1,0,0,0,0,0,0,1,0,0,1,0,0,0,0,0,0,0,1,0,0,0,0,0,0,0,1,0,0,1,0,0,0,0,0,0,0,0,0,0,0,0,0,0,0,0,0,0,0,0,0,0,0,0,0,0,0,0,0,0,1,0,0,0,0,0,0,0,0,0,0,0,0,0,0,0,0,0,0,0,0,0,0,0,0,0,0,0,0,0,0,0,0,0,0,0,0,0,0,0,0,0,0,0,0,0,0,0,0,0,0,0,0,0,0,0,0,0,0,0,0,0,0,0,0,0,0,0,0,1,0,0,0,0,0,0,0,0,1.0,1.3915999999999993,1.936550559999998,37.5055,53.614480999999984,17.0,19.0,46.0,29.0,17.0,0.0,20.0,2.0,4.0,0.0,0.0,3.0,0.0,0.0,0.0,3.0,5401.637582449319,5325.060330505602,8367.53246595491,8097.276872011202,8775.848742678409,7849.889453793605,6829.172311364805,6084.037981372801,4691.750072505601,10882.085161659665,13492.237680223556,19402.022990571724,21400.11431799352,21649.359347773,19686.075118226327,16227.04715426986,14393.249326025889,13706.026333024694,386.8343439999997,387.7275520000001,660.5002280000004,749.0327000000001,902.4457200000002,872.0931960000001,816.0715800000011,555.0013200000006,565.620792,69.25998238243292,87.22104694599993,126.23843163679189,143.1658848150941,144.30097623433917,131.31380999258394,107.65745740843296,94.28905323079192,94.56808610054694,7754.434354562233,7088.41339160255,12675.018918299544,14478.681023829688,17996.669866940418,17998.293337841966,16830.82115040078,11021.42207730529,11245.03055590409,399.5625,190.27777777777777,498.6944444444445,367.37500000000006,498.9444444444445,446.7916666666667,500.69444444444446,324.9444444444446,263.2777777777777,117.42690396628954,110.93875688553338,104.59415582443636,86.1412433192681,79.78044311525827,72.68416160920005,71.13721157671672,89.47114678489413,67.02500103579429,236.5670687317318,281.0882850046574,242.52528738214656,227.6607906169524,196.81235770702727,182.27847331691044,169.03174119031107,211.66543126508657,195.80037618606707,8.40944226086956,8.077657333333336,8.256252850000006,7.968432978723405,8.204052,8.074937000000002,8.500745625000011,8.161784117647068,8.08029702857143,1.505651790922455,1.817105144708332,1.5779803954598983,1.52304132782015,1.3118270566758103,1.215868611042444,1.1214318480045098,1.3866037239822342,1.350972658579242,168.57465988178768,147.6752789917198,158.43773647874428,154.02852153010306,163.60608969945835,166.65086423927747,175.32105365000814,162.07973643096014,160.6432936557727,8.686141304347824,3.96412037037037,6.233680555555557,3.908244680851064,4.535858585858587,4.13695987654321,5.21556712962963,4.778594771241833,3.76111111111111,0.9152357854903416,-0.5227637013336148,0.1224308896569948,-0.1546303791931493,0.2050446479527975,-0.332164534585807,0.3665469936232875,0.0035450054039101,-0.357714673238919,1811.867307067242,34.96069279052554,711.7713614445822,-155.75252186623902,-217.41520742123905,25.78077909807901,-249.56117034631865,320.62980660260814,-924.536896665913,2079.687539381386,22.32972001985607,448.8409654518002,-493.9167389230014,-523.2498666065849,-212.70852901894364,598.2923595358567,-4.9609590187945685,-582.7705282667786,8.120601739130434,-0.1490018147448013,4.83075088846881,-1.105004945179584,0.1742549716446134,-2.38793364839319,0.549914109640829,0.9406464725897924,-2.6698845595463148,10.89605974549037,-0.0786900401329326,2.867073135983116,-3.358539494388781,-2.4602456894266256,-4.076552323950084,6.591204769212406,-1.1797726073591583,-0.8820059622312602,130.80349863689457,-3.537910449965234,72.12479670112069,-46.80252628798097,-40.42165167003496,-59.8306857627428,86.02742679143645,8.849004958862512,-7.943986122980501,172.2785326086958,-17.12156059651333,127.46638048729258,-18.03566083805921,-11.910923387943695,-17.634018588531788,-41.916732304137774,8.34474768956102,-46.95948198907791,0.0198964301193552,-0.0108909104444503,0.0015303861207124,-0.0016450040339696,0.0018640422541163,-0.0030755975424611,0.0038181978502425,5.2132432410442734e-05,-0.0051102096176988,39.388419718853086,0.7283477664692821,8.897142018057277,-1.656941721981266,-1.9765018856476275,0.2387109175748056,-2.599595524440819,4.715144214744237,-13.207669952370184,45.21059868220404,0.4652025004136681,5.610512068147502,-5.254433392797887,-4.756816969150772,-1.9695234168420708,6.232212078498507,-0.0729552796881554,-8.325293260953979,0.176534820415879,-0.00310420447385,0.0603843861058601,-0.0117553717572296,0.0015841361058601,-0.0221104967443813,0.0057282719754253,0.0138330363616145,-0.0381412079935187,0.2368708640323993,-0.0016393758361027,0.0358384141997889,-0.0357291435573274,-0.0223658699038784,-0.0377458548513896,0.0686583830126292,-0.0173495971670464,-0.0126000851747322,2.84355431819336,-0.073706467707609,0.9015599587640086,-0.4978992158295847,-0.3674695606366814,-0.5539878311365074,0.8961190290774631,0.1301324258656251,-0.1134855160425785,3.745185491493387,-0.3566991790940277,1.5933297560911572,-0.1918687323197788,-0.108281121708579,-0.1632779498938128,-0.4366326281681018,0.122716877787662,-0.670849742701113,-0.5473801269432566,0.0769176234898378,-0.0826783510459704,0.0936872716831247,-0.1545803706499707,0.1919036644934729,0.0026201902601476,-0.2568405280265645,0.0184914188400572,0.2258821775933981,-0.042066722498851,-0.0501797711041853,0.0060604339874175,-0.0659989799792992,0.1197088953656943,-0.3353186049768936,0.0102896779510416,0.1240972743489886,-0.1162212743461447,-0.1052146423140193,-0.0435633120164215,0.1378484749185958,-0.001613676478849,-0.184144724989696,-0.0175840917193399,0.3420536864263219,-0.066589535874772,0.0089735050690182,-0.1252472271039429,0.032448397216655,0.0783586848703664,-0.2160548718018694,-0.0069209687008129,0.1512993771783048,-0.1508380682583249,-0.0944222076245696,-0.1593520376833968,0.2898557544976832,-0.0732449608689457,-0.0531939005086283,-0.0259205414983731,0.3170538902653391,-0.1750974871990217,-0.129228957676515,-0.1948223136066137,0.3151404646445468,0.0457640021268537,-0.039909740888889,-0.0952420594131358,0.4254341366295904,-0.0512307688779579,-0.0289120851168848,-0.0435967591631105,-0.1165850474321888,0.0327665687230698,-0.1791232354778808,1.6176186411403175,0.7998989674761733,0.9379969625802488,0.800308921115802,0.9925794074834936,0.7403327445315743,0.8713383921477732,1.1367701908889216,0.6218632303904139,0.5963146007244403,0.8290932596515749,0.9750912817545514,0.9607595202127508,1.187760388587317,0.755546517172287,1.203223131380338,0.9222398902602796,0.8274920181555716,1.1045788707259534,1.0662841823966345,1.0294089696785396,0.8188173090854782,0.9565865701585702,1.1429714522796408,0.6442456689866204,0.5067480689479855,0.7392631206196257,0.8795109091197238,0.9574973936392808,1.2213306745741268,0.7121784969836187,0.9551029897977152,1.061220799076123,0.8733332645785559,1.1660842542778744,1.0572495648930609,1.096791740967978,0.6640412113158946,1.0284413157191803,0.9845069000720826,0.9395805821096652,0.6927862292105873,1.0057913905093776,1.0601816675446112,1.1193920887486215,0.801943438975955,0.8465175665154183,0.7511023778379148,0.6467391447221407,0.3675234824167762,0.6868979214388417,0.8314033813533007,0.8253853710173645,1.3544147666480006,0.7469228256931294,0.8293515281456628,253.889850010876,128.08778214829502,192.4613611569539,256.0179288286097,8.828204442365852,128.08778214829502,2.285714285714093,0.3180761637818305,0.0109681435786838,-3.321846806781949,515.5729807151223,17.778378645349044,18.11130871173001,253.3819231423088,127.88367636721016,192.26253826052672,255.60284034875747,8.813891046508878,127.88367636721016,2.385429592111564,0.3218450702817883,0.0110981058717858,-3.2876864925176155,527.833293386567,18.20114804781265,18.17946345472682,305.2357155766223,150.68055470600055,222.7966960425064,302.6971805032498,10.437833810456889,150.68055470600055,-3.874606164621156,0.1481169488421437,0.0051074809945566,-5.538284054897001,306.13845571094475,10.556498472791198,16.59970866086116,254.3453638501489,128.2801845186243,192.69348493672004,256.407610058828,8.841641726166479,128.2801845186243,2.2150051870996634,0.3154975408355371,0.010879225546053,-3.345452735437976,501.5926011281317,17.296296590625232,18.031585892136967,359.10385376240765,173.87184953254834,250.71223308414343,352.00431901272844,12.138079965956155,173.87184953254834,-11.360154697310946,0.0414966521136301,0.001430919038401,-9.22821332818505,290.78119037459675,10.026937599124023,16.450456077550093,252.5866815868748,127.39541354092634,190.615369750242,254.63881704771632,8.780648863714358,127.39541354092634,2.2041454949779364,0.3230861081185914,0.0111409002799514,-3.276525567787828,593.4321188775542,20.46317651301911,18.51917621642484,250.50383794051,126.7622276103796,190.0240150388328,253.6972036564175,8.74817943642819,126.7622276103796,5.283883928571356,0.4599435210734414,0.0158601214163255,-2.2522895742054927,324.13747029914026,11.177154148246215,16.76538637887389,0.0,11.89,19.00041705853481,-0.3733048033127344,0.3988973381367158,3.739010101318356,10.03510450732191,31.0,48.0,47.0,28.0,11.0,1.0,1.0,0.0,0.0,20.0,28.303518999999994,4.061570515018586,3.884386243724197,3.644255102694693,3.43771356438566,3.2886792564860428,3.0404513496162893,2.915651684975952,2.772579780509787,2.0376175609582226,1.9746787259713392,1.671830722489125,1.4416975062616677,1.393175596986316,1.2704084257748292,1.1865721414693629,1.121010326229222,3.981722767374044,3.862860322951336,3.500288628177707,3.3113019263578787,3.042069117268216,2.936779356382041,2.8847865255760934,2.716517303148981,2.033736800272285,1.9945038152571604,1.677334419373409,1.4953689555329406,1.3580628842321405,1.3489861443542923,1.3201784070967162,1.1858781861094496,4.076998583586798,3.9164041939163896,3.669898365962581,3.4960871333205907,3.2813621319187987,3.143611193048338,3.073761746802566,2.916705395245077,1.962995905697516,1.9137157497850703,1.4957790128863675,1.2889088072753832,1.1348919828279698,1.074811339310083,1.0463223905044337,0.916668413098722,3.96977836557193,3.861931142785871,3.471354889979064,3.2838283745839374,2.996918945011084,2.928246588636429,2.881945096126023,2.710786210477433,2.0339334514645624,2.001746345097368,1.6873545685212343,1.5643249147406368,1.4022235810043062,1.3967298837521624,1.2819271104995034,1.2111547218835312,4.094838861838121,3.932598857737284,3.692980877692405,3.5083886701704463,3.321152599731412,3.18315653097387,3.1388348953977645,2.9583558028340144,1.9450288744919004,1.902050998941859,1.4655300099227295,1.2774240666004169,1.1154314727069925,1.0065892948975592,0.999442508025292,0.8546989968262737,5.367784067673216,4.817970843115527,4.539007092198584,4.539007092198582,4.24020319898109,3.9019458108395577,3.7842689431862313,3.745550795233484,1.962584994073164,1.886773861890624,1.5650799383950738,1.2067303260742512,1.1226100262015055,1.0566055743206693,0.9900254193852686,0.8805826888189106,0.0,0.0,3.0,7.0,5.0,2.0,2.0,0.0,0.0,0.0,0.0,0.1178511301977579,0.2721655269759087,0.499759525041987,0.0,0.0,0.0204124145231931,0.0685249369556619,0.1148558027843204,3.134700660228128,0.2886751345948129,0.660078715634401,0.1178511301977579,0.8431187516209963,0.0134987311789009,0.1192547630252433,0.0038967480399284,5.169061892114707,7.827850957126133,10.70712232184701,1.5208586549412166,1.8878993306715388,2.0448309489538854,21.181433796945207,13.68489041364152,13.33860399464626,9.95316337074902,8.175643251997894,6.445185672877338,4.545578787245894,3.3189878759556763,0.7303942688601796,0.4414480778594038,0.2964134221032502,0.1777350601919467,0.1135506007221929,0.073240746282697,0.0463834570127132,0.0301726170541425,15.578594254429996,8.597743337120187,6.37897100521289,4.337117011092477,2.896108612890968,1.8631368981017704,1.0555831453759563,0.6069173716881071,0.5371929053251723,0.2773465592619415,0.1417549112269531,0.0774485180552228,0.0402237307345967,0.0211720102057019,0.0107712565854689,0.00551743065171,30.920323834724176,48.06554989075023,47.12941176470584,47.93600000000004,31.02663532934134,354.60379101796406,0.6721809529287864,1.0449032584945703,1.024552429667518,1.04208695652174,0.6744920723769856,7.708778065607914,4.9474000000000045,105.04380000000006,261.7993885145562,380.7497381145582,523.5987770291124,18.055130242383186,261.7993885145562,0.0308778973919201,0.00106475508248,-10.085372472772612,364.2902683386772,12.56173339098887,17.104057871988545,744.0,1.0,0.0,7.0,15.0,1.0,0.0,0.0,0.0,0.0,0.0,0.0,0.0,1.0,1.0,0.0,0.0,0.0,0.0,0.0,0.0,0.0,0.0,0.0,0.0,0.0,6.0,0.0,2.0,1.0,0.0,6.0,0.0,0.0,0.0,0.0,0.0,0.0,0.0,0.0,2.0,0.0,2.0,0.0,0.0,6.0,0.0,0.0,0.0,1.0,8.0,0.0,1.0,0.0,0.0,0.0,0.0,0.0,0.0,0.0,0.0,0.0,2.0,0.0,0.0,0.0,0.0,1.0,1.0,1.0,1.0,0.0,0.0,3.0,0.0,0.0,0.0,0.0,0.0,0.0,0.0,0.0,0.0,0.0,0.0,0.0,0.0,0.0,0.0,0.0,0.0,0.0,0.0,0.0,0.0,0.0,0.0,0.0,0.0,0.0,0.0,0.0,0.0,0.0,0.0,0.0,0.0,0.0,0.0,0.0,0.0,0.0,0.0,0.0,0.0,0.0,0.0,0.0,0.0,0.0,0.6894706541423155,0.0,69.08174144191004,9.293809718517652,7.376680226814853,0.0,0.0,0.0,0.0,0.0,0.0,0.0,3.5600833764457414,0.6894706541423155,0.0,0.0,0.0,0.0,0.0,0.0,0.0,0.0,0.0,0.0,0.0,3.829566612620954,0.0,1.313384243504904,0.682088829861786,0.0,3.829566612620954,0.0,0.0,0.0,0.0,0.0,0.0,0.0,0.0,2.9749238919253025,0.0,0.4069130021688227,0.0,0.0,8.825335722537618,0.0,0.0,0.0,-0.8821694476652884,1.3506434436453223,0.0,-4.590698580892849,0.0,0.0,0.0,0.0,0.0,0.0,0.0,0.0,0.0,8.083310526371044,0.0,0.0,0.0,0.0,8.779762113231948,10.6990488753887,4.775388069551788,5.163502398625504,0.0,0.0,39.66403998511208,0.0,0.0,0.0,0.0,0.0,0.0,0.0,0.0,0.0,0.0,0.0,0.0,0.0,0.0,0.0,0.0,0.0,0.0,0.0,0.0,0.0,0.0,0.0,0.0,0.0,0.0,0.0,0.0,0.0,0.0,0.0,0.0,0.0,0.0,0.0,0.0,0.0,0.0,0.0,0.0,0.0,0.0,0.0,0.0,0.0,0.0,0.6894706541423155,0.0,4.775388069551788,-0.9340611445833302,7.376680226814853,0.0,0.0,0.0,0.0,0.0,0.0,0.0,3.5600833764457414,0.6894706541423155,0.0,0.0,0.0,0.0,0.0,0.0,0.0,0.0,0.0,0.0,0.0,0.5212178604224058,0.0,0.631295413643118,0.682088829861786,0.0,0.5212178604224058,0.0,0.0,0.0,0.0,0.0,0.0,0.0,0.0,1.1646333963525195,0.0,0.0180094245483719,0.0,0.0,0.9007772224425016,0.0,0.0,0.0,-0.8821694476652884,-0.9340611445833302,0.0,-4.590698580892849,0.0,0.0,0.0,0.0,0.0,0.0,0.0,0.0,0.0,3.8692421474762746,0.0,0.0,0.0,0.0,8.779762113231948,10.6990488753887,4.775388069551788,5.163502398625504,0.0,0.0,13.221346661704027,0.0,0.0,0.0,0.0,0.0,0.0,0.0,0.0,0.0,0.0,0.0,0.0,0.0,0.0,0.0,0.0,0.0,0.0,0.0,0.0,0.0,0.0,0.0,0.0,0.0,0.0,0.0,0.0,0.0,0.0,0.0,0.0,0.0,0.0,0.0,0.0,0.0,0.0,0.0,0.0,0.0,0.0,0.0,0.0,0.0,0.0,0.6894706541423155,0.0,13.221346661704027,1.8228627744843475,7.376680226814853,0.0,0.0,0.0,0.0,0.0,0.0,0.0,3.5600833764457414,0.6894706541423155,0.0,0.0,0.0,0.0,0.0,0.0,0.0,0.0,0.0,0.0,0.0,0.7934798861055417,0.0,0.682088829861786,0.682088829861786,0.0,0.7934798861055417,0.0,0.0,0.0,0.0,0.0,0.0,0.0,0.0,1.8102904955727828,0.0,0.3889035776204508,0.0,0.0,1.8228627744843475,0.0,0.0,0.0,0.0,0.8493905357365511,0.0,0.0,0.0,0.0,0.0,0.0,0.0,0.0,0.0,0.0,0.0,4.214068378894768,0.0,0.0,0.0,0.0,8.779762113231948,10.6990488753887,4.775388069551788,5.163502398625504,0.0,0.0,13.221346661704027,0.0,0.0,0.0,0.0,0.0,0.0,0.0,0.0,0.0,0.0,0.0,0.0,0.0,0.0,0.0,0.0,0.0,0.0,0.0,0.0,0.0,0.0,0.0,0.0,0.0,0.0,0.0,0.0,0.0,0.0,0.0,0.0,0.0,0.0,0.0,0.0,0.0,0.0,0.0,0.0,0.0,0.0,0.0,0.0,0.0,0.0,85.25,2.939655172413793,1.4542455453447063,13.221346661704027,0.1431515591391131,-4.590698580892849,8.823841475887328,5.840698580892849,5.22134666170403,54.33010393656215,5.840698580892849,5.22134666170403,54.33010393656215,12.99045,0.44795,0.0,0.05205,0.7089,0.94861,0.43976,0.60338,0.92698,0.26914,0.10552,-0.16362,0.02162,0.47222,0.24207,0.0,0.19428,0.34641,0.03849,37.5,1.2931,18.5,0.63793,19.0,0.65517,0.5,0.01724,0.5,0.01724,23.0896,0.79619,55.27652,32.18691,1.10989,5.92578,0.20434,13.68484,7.75905,0.26755,0.72916,0.02514,0.98716,0.03404,0.3695652173913043,149.09,3.0,9.0,9.0,6.0,1.0,1.0,0.25,1.81312026690122,3.833374869929742,4.571943749300113,5.083025814611567,5.126504075481132,5.126504075481133,83.40353227745611,176.33524401676814,210.3094124678052,233.81918747213209,235.81918747213209,235.8191874721321,0.3282520013943164,0.6940041408834294,0.8277165687055655,0.9202441929772572,0.9281156102285636,0.9281156102285636,3.710441689155793,1.690187086127271,0.9516182067569005,0.4405361414454463,0.3970578805758809,0.39705788057588,0.3088599011323251,0.6530045496392566,0.7788176659702609,0.8658790479669358,0.8732854465377985,0.8732854465377987,19.33917363983032,39.40379321698271,44.51267111718166,46.46151436835663,46.50533284800881,46.50533284800881,91.20991591333453,47.85063833286417,34.81241293145274,30.189851826884407,30.036653480968887,30.03665348096889,23.658688865764827,10.08,6.035714285714286,5.0,18.0,3.0,2.67,2.7013,0.0909090909090909,2.725560969301571,3.529641198349548,0.3333333333333333,6.51563463577053,18.824409165032687,1.3003041979523473,8.775167967050528,1.9288512905377,0.0,0.4999999999999999,0.3265986323710904,0.1666666666666666,0.0,0.0,0.0,0.4999999999999999,0.0,0.0,0.591,0.9219999999999996,0.8939999999999999,2.1410000000000005,1.892,12.974999999999998,45.0,56.0,72.0,88.0,98.0,110.0,119.0,140.0,141.0,929.0,3.7495040759303713,4.421848128860553,5.031254581298992,5.661222860237405,6.250397450414372,6.737708083063571,7.223170307006202,7.679984369258588,8.201646266596027,8.597342143445642,9.585196723187442,15.658583658503767,0.5,3.0,0.0,0.0,1.0,2.0,0.0,0.0,0.0,0.0,0.0,0.0,0.0,0.0,0.0,0.0,0.0,0.0,0.0,0.0,0.0,0.0,0.0,0.0,3.0,0.0,1.0,2.0,0.0,0.0,0.0,0.0,0.0,0.0,0.0,1.0,0.0,0.0,1.0,0.0,0.0,0.0,0.0,0.0,0.0,0.0,0.0,0.0,0.0,0.0,0.0,0.0,0.0,0.0,0.0,0.0,0.0,0.0,0.0,0.0,1.0,0.0,0.0,0.0,0.0,0.0,0.0,0.0,0.0,7.0,0.2258064516129032,13.0,0.4193548387096774,1.0,8.0,16.0,1.0,8.0,4.000000000000001,2.125,1.9794444444444448,1.4658333333333329,0.6455782312925176,0.4401927437641725,0.4033919123204836,0.3281250000000001,0.1516212631364146,0.2580645161290322,0.0888888888888889,0.0472222222222222,0.0439876543209876,0.0366458333333333,0.0195629767058338,0.0137560232426303,0.0161356764928193,0.0126201923076923,0.0060648505254565,0.5752637344187629,179.48024185516306,273.98889437377767,358.9604837103261,12.377947714149178,179.48024185516306,0.1814064995784939,0.0062553965371894,-4.950343244370966,498.3069233225741,17.182997355950828,18.012526977318068,85.45,336.33575057803193,5.857980995127573,5.030437921392435,5.872117789475416,6.767343125265392,7.632885505395133,8.529714471969909,9.4053313318708,10.303035186880257,11.18424082614052,12.08264433022544,136.8077504886153,4.143134726391533,0.0,5.493061443340548,2.3978952727983707,7.020190708311925,4.59511985013459,8.631057447565285,6.6052979209482015,10.289531960404688,10.527338244093418,406.1140416840005,8.828566123565228,58.23517619610577,2.008109524003648,24.13417239123736,10.698844104521994,6.275056664341266,2499.0,45.0,6.088000000000001,152.0,1.0,3.4149733479708178
0,0,0,0,0,0,0,0,0,0,0,0,0,0,0,0,0,0,0,0,0,0,0,0,0,0,0,0,0,0,0,0,0,0,0,0,0,0,0,0,0,0,0,0,0,0,0,0,0,0,0,0,0,0,0,0,0,0,0,0,0,0,0,0,0,0,0,0,0,0,0,0,0,0,0,0,0,0,0,0,0,0,0,0,0,0,0,0,0,0,0,0,0,0,0,0,0,0,0,0,0,0,0,0,0,0,0,0,0,0,0,0,0,0,0,0,0,0,0,0,0,0,0,0,0,0,0,0,0,0,0,0,0,0,0,0,0,0,0,0,0,0,0,0,0,0,0,0,0,0,0,0,0,0,0,0,0,0,0,0,0,0,0,0,0,0,0,0,0,0,0,0,0,0,0,0,0,0,0,0,0,0,0,2,4,3,1,2,2,5,1,2,1,2,3,4,2,2,2,2,5,0,0,0,0,0,0,0,0,0,0,0,0,0,0,0,0,2,3,2,3,0,0,0,0,0,0,0,0,0,0,0,0,0,0,0,0,0,1,5,2,5,1,2,0,0,0,0,0,0,0,0,0,0,0,0,0,0,0,0,0,0,0,0,0,0,0,0,0,0,0,0,0,0,0,0,0,0,0,0,0,0,0,0,0,0,0,0,0,0,0,0,0,0,0,0,0,0,0,0,0,0,0,0,0,0,0,0,0,0,0,0,0,0,0,0,0,0,0,0,0,0,0,0,0,0,0,0,0,0,0,0,0,0,0,0,0,0,0,0,0,0,0,0,0,0,0,0,0,0,0,0,0,0,0,0,0,0,0,0,0,0,0,0,0,0,0,0,0,0,0,0,0,0,0,0,0,0,0,0,0,0,0,0,0,0,0,0,0,0,0,0,0,0,0,0,0,0,0,0,0,0,0,0,0,0,0,0,0,0,0,0,0,0,0,0,0,0,0,0,0,0,0,0,0,0,0,0,0,0,0,0,0,5,2,3,1,1,2,1,0,0,0,0,0,0,0,0,0,0,0,0,0,0,0,0,0,0,0,0,0,0,0,0,0,0,0,0,0,0,0,0,0,0,0,0,0,0,0,0,0,0,0,0,0,0,0,0,0,0,0,0,0,0,0,0,0,0,0,0,0,0,0,0,0,0,0,0,0,0,0,0,0,0,0,0,0,0,0,0,0,0,0,0,0,0,0,0,0,0,0,0,0,0,0,0,0,0,0,0,0,0,0,0,0,0,0,0,0,0,0,0,0,0,0,0,0,0,0,0,0,0,0,0,0,0,0,0,0,0,0,0,0,0,0,0,0,0,0,0,0,0,0,0,0,0,0,0,0,2,5,2,4,0,0,0,0,0,0,0,0,0,0,0,0,0,0,0,0,0,0,0,0,0,2,2,2,1,2,2,2,1,0,0,0,0,0,0,0,0,0,0,0,2,2,2,2,2,4,3,2,2,0,0,0,0,0,0,2,2,2,2,2,0,0,1,0,0,0,0,5,5,0,0,0,0,0,0,0,0,0,0,0,1,5,2,5,0,0,0,0,0,2,0,0,0,0,0,0,0,1,2,2,2,2,2,1,0,0,0,0,0,0,0,0,0,0,0,0,0,0,0,3,2,3,0,2,3,4,0,0,0,0,0,0,0,0,0,0,0,0,0,0,0,0,0,0,0,0,0,0,0,0,0,0,0,0,0,0,0,0,2,2,2,1,2,2,2,2,2,0,0,0,0,0,0,0,0,0,0,0,0,0,0,0,0,0,0,0,0,0,0,0,0,3,2,2,2,3,1,1,2,3,2,0,0,0,5,2,3,0,0,0,0,0,0,0,1,2,0,0,0,0,0,0,0,2,2,2,0,0,0,0,0,0,0,0,0,0,0,0,0,0,0,0,0,0,0,0,0,0,0,0,0,0,0,0,0,0,0,0,0,0,0,0,0,0,0,0,0,0,0,0,0,0,0,0,0,0,0,0,0,0,0,0,0,0,0,0,0,0,0,0,0,0,0,2,5,4,0,1,1,2,2,2,2,2,3,2,0,0,0,3,2,2,3,0,0,0,0,0,0,0,0,0,0,0,0,2,2,0,0,0,0,0,0,0,0,0,0,0,0,0,0,0,0,0,0,0,0,0,0,0,0,0,0,0,0,0,0,0,2,2,2,2,4,5,0,0,0,0,0,0,0,0,0,0,0,0,0,0,0,0,0,0,0,0,0,0,0,0,0,0,0,0,0,0,0,0,0,0,3,0,0,0,0,0,0,0,0,0,0,0,0,0,0,0,0,0,0,0,0,0,0,0,0,0,0,2,3,0,0,0,0,0,0,2,2,5,5,1,1,0,0,0,0,0,0,0,0,0,0,0,0,0,0,0,0,0,0,0,0,0,0,2,1,2,0,0,0,0,0,0,0,0,0,3,3,5,0,0,1,5,0,0,0,0,0,0,0,0,0,0,0,0,0,0,0,3,2,0,0,0,0,2,2,2,0,0,0,0,2,2,2,2,1,0,0,0,2,3,2,2,2,1,0,0,2,2,1,2,2,0,0,0,0,0,0,0,0,0,0,0,0,1,2,3,0,0,0,0,0,0,0,0,0,0,0,0,0,0,0,0,0,0,0,0,0,0,0,0,0,0,0,0,0,0,0,0,0,0,0,0,0,0,0,1,2,0,0,0,0,1,0,0,0,0,0,0,0,0,0,0,0,0,0,0,0,0,0,0,0,0,0,0,0,0,0,0,0,0,0,0,0,0,0,0,0,0,0,0,0,0,0,0,0,0,0,0,0,0,0,0,0,0,0,0,0,0,0,0,0,0,0,0,0,0,0,0,0,0,0,0,0,0,0,0,0,0,0,0,0,0,0,0,0,0,0,5,2,0,0,0,0,0,0,4,2,0,0,0,0,0,0,0,0,0,0,0,0,1,3,3,2,0,0,0,0,0,0,0,0,0,0,0,0,0,0,0,0,0,0,0,0,0,0,0,0,0,0,0,0,0,0,0,0,0,0,0,0,0,0,0,0,0,0,0,2,1,0,0,0,0,0,0,0,0,0,0,0,0,0,0,0,0,0,0,0,0,0,0,2,2,2,5,0,0,0,0,0,0,0,2,2,0,0,0,0,0,0,0,0,2,2,2,1,0,0,0,0,2,2,2,2,0,2,1,2,2,2,0,2,2,0,0,0,0,0,0,0,0,0,0,0,0,0,0,0,0,0,0,1,2,2,0,0,0,0,0,0,0,0,0,0,0,0,0,0,0,0,2,2,5,2,2,1,0,0,0,0,0,0,0,3,2,0,3,4,2,4,1,1,2,0,1,1,4,3,3,3,1,3,4,1,1,0,4,0,0,1,3,2,2,2,4,0,3,1,2,2,3,4,0,2,1,3,1,0,1,2,4,0,0,1,4,2,1,1,2,0,2,3,4,1,2,4,0,3,4,4,2,0,3,1,3,3,1,4,4,1,3,4,2,2,0,2,3,3,3,2,4,0,4,3,3,1,3,2,3,0,4,3,0,2,4,0,4,4,2,0,2,4,2,3,2,3,1,0,2,2,1,0,3,2,2,2,4,4,0,3,3,0,3,2,4,2,0,1,1,0,0,3,0,1,3,1,1,3,2,4,0,0,0,1,0,4,0,3,4,2,3,3,4,2,0,2,2,0,0,1,4,3,1,2,0,4,0,4,4,2,4,3,2,0,3,0,1,2,3,3,3,4,1,3,1,2,0,1,0,3,0,1,2,0,3,2,2,2,4,0,0,2,1,4,3,3,2,0,3,2,3,3,2,4,2,3,4,0,0,1,2,4,4,0,0,2,2,3,4,1,2,4,1,0,0,1,1,1,4,3,2,4,3,4,1,1,1,1,3,0,0,0,1,1,4,4,3,4,0,2,3,4,0,0,3,3,0,2,1,1,4,4,1,4,0,4,0,1,4,1,4,2,3,4,2,2,0,1,3,4,4,2,4,2,4,4,4,2,4,1,2,1,4,3,0,0,4,4,3,4,0,3,3,0,0,3,3,4,4,1,3,1,4,1,2,3,4,2,1,1,2,0,0,0,3,4,3,4,2,2,3,4,2,2,4,0,3,2,1,1,4,1,2,1,4,4,3,0,0,3,0,0,0,0,0,0,0,0,0,0,0,0,0,0,0,0,0,0,0,0,0,0,0,0,0,0,0,0,0,0,0,0,0,0,0,0,0,0,0,0,0,0,0,0,0,0,0,0,0,0,0,0,0,0,0,0,0,0,0,0,0,0,0,0,0,0,0,0,0,0,0,0,0,0,0,0,0,0,0,0,0,2,1,2,0,2,2,2,3,3,2,2,3,1,2,2,0,0,0,0,0,0,0,2,3,2,3,3,5,4,0,2,5,0,5,2,0,0,0,0,2,2,5,2,0,0,0,0,0,0,0,0,0,0,0,0,0,0,0,0,0,0,0,0,0,0,0,0,0,0,0,0,0,0,0,0,0,0,0,0,0,0,0,0,0,0,0,0,0,0,0,0,0,0,0,0,0,0,0,0,0,0,0,0,0,0,0,0,0,0,0,0,0,0,0,0,0,0,0,0,0,0,0,0,0,0,0,0,0,0,0,0,0,0,0,0,0,0,0,0,2,1,1,1,5,5,3,1,1,5,4,1,3,1,3,3,0,0,0,0,0,0,0,0,0,0,0,0,0,0,0,0,0,0,0,0,0,0,0,0,0,0,0,0,0,0,0,0,0,0,0,0,0,0,0,0,0,0,0,0,0,0,0,0,0,0,0,0,0,0,0,0,0,0,0,0,0,0,0,0,0,0,0,0,0,0,0,0,0,0,0,0,0,0,0,0,0,0,0,0,0,0,0,0,0,0,0,0,0,0,0,0,0,0,0,0,0,0,0,0,0,0,0,0,0,0,0,0,0,0,0,0,0,0,0,0,0,0,0,0,0,0,0,0,0,0,0,0,0,0,0,0,0,0,0,0,0,0,0,0,0,0,0,0,0,0,0,0,0,0,0,0,0,0,0,0,0,0,0,0,0,0,0,0,0,0,0,0,0,0,0,0,0,0,0,0,0,0,0,0,0,0,0,0,0,0,0,0,0,0,0,0,0,0,0,0,0,0,0,0,0,0,0,0,0,0,0,0,0,0,0,0,0,0,0,0,0,0,0,0,0,0,0,0,0,0,0,0,0,0,0,0,0,0,0,0,0,0,0,0,0,0,0,0,0,0,0,0,0,0,0,0,0,0,0,0,0,0,0,0,0,0,0,0,0,0,0,0,0,0,0,0,0,0,0,0,0,0,0,0,3,3,2,3,2,2,4,2,3,1,1,2,5,5,1,2,1,0,0,0,0,0,0,0,0,0,0,0,0,0,0,0,0,0,0,0,0,0,0,0,0,0,0,0,0,0,0,0,0,0,0,0,0,0,0,0,0,0,0,0,0,0,0,0,0,0,0,0,0,0,0,0,0,0,0,0,0,0,0,0,0,0,0,0,0,0,0,0,0,0,0,0,0,0,0,0,0,0,0,0,0,0,0,0,0,0,0,0,0,0,0,0,0,0,0,0,0,0,0,0,0,0,0,0,0,0,0,0,0,0,0,0,0,0,0,0,0,0,0,0,0,0,0,0,0,0,1,1,2,4,1,3,2,3,1,3,4,5,3,3,1,3,5,4,1,2,4,3,3,1,3,3,1,3,1,1,2,1,3,2,2,5,3,2,2,3,4,1,2,2,4,0,0,0,0,0,0,0,0,0,0,0,0,0,0,0,0,0,0,0,0,0,0,0,0,0,1,0,1,0,0,0,0,0,0,0,0,0,0,0,0,0,0,0,0,0,0,1,0,0,0,0,0,0,0,0,0,1,0,0,0,0,0,0,0,0,0,0,0,0,0,0,0,0,0,0,0,0,0,0,0,0,0,0,0,0,0,0,1,0,0,0,0,0,0,0,0,0,0,0,0,0,0,0,0,0,0,0,1,0,0,0,0,0,0,0,0,0,0,0,0,0,0,0,0,0,0,0,0,0,0,0,0,0,0,0,0,0,0,0,0,0,0,0,0,0,0,0,0,0,0,0,0,0,0,0,0,0,1,0,1,0,0,0,0,0,0,0,0,0,0,0,0,0,0,0,0,0,0,0,0,0,0,0,0,0,0,0,0,0,0,0,0,0,0,0,0,0,0,1,0,0,0,0,0,0,0,0,0,0,0,0,0,0,0,0,0,0,0,0,0,0,0,0,0,0,0,0,0,0,0,0,0,0,0,0,0,0,0,0,0,0,0,0,0,0,0,0,0,0,0,0,0,0,0,0,0,0,0,0,0,0,0,0,0,0,0,0,0,0,0,0,1,0,0,0,1,0,0,1,0,0,0,0,0,0,0,0,0,1,0,0,0,0,0,0,0,0,0,0,0,0,0,0,0,0,0,0,0,0,0,0,0,0,1,0,0,0,0,0,0,1,0,0,0,1,0,0,0,0,0,0,0,1,0,0,0,0,0,0,0,0,0,0,0,0,0,0,0,0,0,0,0,0,0,0,0,0,0,0,0,0,0,0,0,0,0,0,0,0,0,0,0,0,0,0,1,0,0,0,1,0,0,0,0,1,0,0,0,0,0,1,0,0,0,0,0,0,0,0,0,0,1,0,0,0,0,0,0,0,0,0,0,0,0,0,0,0,0,0,0,0,0,0,0,0,0,0,0,0,0,0,0,0,0,0,0,0,0,1,0,0,0,0,0,0,0,0,0,0,0,0,0,0,0,0,0,0,0,0,0,0,0,0,0,0,0,0,0,0,0,0,0,0,0,0,0,0,0,0,0,0,0,0,0,0,0,0,0,0,0,0,0,0,0,0,0,0,0,0,0,1,0,0,0,0,0,0,0,0,0,0,0,0,0,0,0,0,0,0,0,0,0,0,0,0,0,0,0,0,1,0,0,0,0,0,0,0,0,1,0,0,1,0,0,0,0,0,0,0,0,0,0,0,0,0,0,0,1,0,0,0,0,0,0,0,0,0,0,0,0,0,0,0,0,0,0,0,0,0,0,0,0,0,0,0,0,0,0,0,0,0,0,0,0,0,0,0,0,0,0,0,0,0,0,0,0,0,0,0,0,0,0,0,0,0,0,0,0,0,0,0,0,0,0,0,0,0,0,0,0,1,0,0,0,0,0,0,0,0,0,0,0,0,0,0,0,1,0,0,0,0,0,0,0,0,0,0,0,0,0,0,0,0,0,0,0,0,0,0,1,0,0,0,0,0,0,0,0,0,1,0,0,0,0,0,0,0,0,0,0,0,0,0,0,0,0,0,0,0,0,0,0,0,0,0,0,0,0,0,0,0,0,0,0,0,0,0,0,0,0,0,1,0,0,0,0,0,0,0,0,0,0,0,0,0,0,0,0,0,0,0,0,0,1,0,0,0,0,0,1,0,0,0,0,0,0,0,0,0,0,0,0,0,0,0,0,0,0,0,0,0,0,1,0,0,0,0,0,0,0,0,0,0,0,0,0,0,0,0,0,0,0,1,0,0,0,0,0,0,0,0,0,1,0,0,0,0,0,0,0,0,0,0,0,0,0,0,1,0,0,1,0,0,0,0,0,0,0,0,0,0,0,0,0,1,0,0,0,0,0,0,0,0,0,0,0,0,0,0,0,0,0,0,0,1,0,0,0,0,0,0,0,0,0,0,0,0,0,0,0,0,0,1,0,0,0,0,0,0,0,0,0,0,0,0,0,0,0,0,0,0,0,0,0,0,0,0,0,0,0,0,0,0,0,0,0,0,0,0,1,0,0,0,1,0,0,0,0,0,1,0,0,0,0,0,0,0,0,0,0,0,0,0,0,0,0,0,0,0,0,0,0,1,0,0,0,0,0,0,1,0,0,0,0,0,0,0,1,0,0,0,0,0,0,0,0,0,0,0,1,0,0,0,0,0,0,0,0,0,1,0,0,0,0,0,0,0,0,0,0,0,0,0,0,0,0,0,0,1,1,0,0,1,0,0,0,0,1,0,0,0,0,0,0,0,0,0,0,0,0,0,0,0,0,0,0,0,0,0,0,0,0,0,0,0,0,0,0,1,0,0,0,1,0,0,0,0,0.0,-0.1710000000000001,0.029241,27.5624,54.63144599999997,17.0,19.0,46.0,24.0,22.0,0.0,21.0,2.0,1.0,0.0,0.0,0.0,0.0,0.0,0.0,0.0,3700.260048,4361.142811000002,6177.860045000002,6208.424180000007,5819.769720000008,4905.862215000009,3729.244493000004,3594.832417000004,3581.3902520000047,10280.71643762413,13336.795977050362,19711.87062858305,21369.04474715672,19653.423884470176,16820.051647401768,13582.099433299005,12181.384203234344,12210.223507876624,339.91203199999984,370.4961880000002,648.3863960000006,854.0991280000007,894.8173760000009,807.9883960000013,608.8018920000012,474.1646440000001,493.83654400000046,71.4115879066779,93.58631481999991,143.32274425879203,162.86222398122524,150.9561521526212,128.48330124862073,104.56631655213076,91.12968381018784,90.95172017309388,7338.801233845978,7000.416291273803,12958.010671810784,18100.09549972359,19324.417545797274,17758.393088861343,13072.47273091238,9900.82417701079,10168.566049358593,117.94444444444444,136.55555555555554,217.0555555555556,257.33333333333326,283.7222222222222,255.66666666666663,180.6111111111111,149.00000000000003,167.99999999999997,80.44043582608695,89.00291451020414,71.00988557471267,53.063454529914594,48.0972704132232,45.42465013888897,45.478591378048826,56.16925651562506,55.098311569230844,223.4938356005246,272.1795097357217,226.57322561589712,182.64140809535647,162.42499078074525,155.74121895742377,165.63535894267076,190.33412817553665,187.84959242887112,7.389391999999996,7.561146693877554,7.452717195402306,7.299992547008554,7.395184925619842,7.48137403703705,7.424413317073185,7.408822562500002,7.5974852923077,1.5524258240582152,1.9099247922448963,1.6473878650435865,1.3919848203523526,1.2475715053935637,1.1896601967464884,1.2751989823430585,1.423901309534185,1.3992572334322135,159.53915725752125,142.86563859742455,148.94265140012394,154.70167093780844,159.705930130556,164.42956563760504,159.42039915746804,154.7003777657936,156.4394776824399,2.5640096618357484,2.786848072562358,2.494891443167305,2.1994301994301986,2.3448117539026625,2.367283950617284,2.2025745257452574,2.3281250000000004,2.5846153846153843,0.2165343120362031,-0.1101019150422232,-0.0195125992653407,0.0172033300331261,0.0333776479611425,-0.045249462444738,-0.006678373228933,0.0394834660925403,0.0012520178786968,1496.1014306086945,126.25733300378248,117.86456224007723,253.294214669187,125.61052661625688,44.480270614366376,-159.8940481720229,42.65055467485861,-518.1128534253296,2435.4831127316297,79.83785427637667,-163.87424141167585,-110.20185912016196,-257.0293035656036,514.462736415899,93.559025728729,39.4958761868008,-603.873068788056,1.6930793043478274,0.4724616105860124,0.7945929678638947,0.3713076824196583,0.05343504725898,-0.640907410207936,-0.540100499054819,-0.0930640756143659,-0.6289270170132292,10.940715598614604,0.265668512438921,-1.200131818377757,-1.896706546523931,-2.499258388081904,2.782678512365912,1.250318625673564,0.0334981167264137,-2.002196764828992,68.10446236024723,1.199183400668712,-5.3514386861488425,-26.451597500355007,-32.2052565943761,27.45337440991167,10.368675904852482,-3.8284199838398014,-8.655392313567535,16.434782608695663,3.5380697332493174,8.201848351186731,9.458149548414212,7.041115311909263,-4.39398235664776,-5.604757403906737,-1.1761709724847726,-9.679584120982994,0.0047072676529609,-0.0022469778580045,-0.0002242827501763,0.0001470370088301,0.0002758483302573,-0.0004189765041179,-8.144357596259782e-05,0.0006169291576959,1.926181351841248e-05,32.52394414366727,2.5766802653833163,1.3547650832192788,2.164907817685359,1.038103525754189,0.4118543575404294,-1.9499274167319869,0.6664149167946658,-7.970966975774302,52.94528505938325,1.6293439648240138,-1.883611970249148,-0.941896231796256,-2.124209120376889,4.7635438557027685,1.1409637283991343,0.6171230654187625,-9.29035490443163,0.0368060718336484,0.0096420736854288,0.0091332525041826,0.0031735699352107,0.000441611960818,-0.0059343278722957,-0.006586591451888,-0.0014541261814744,-0.0096758002617419,0.2378416434481435,0.0054218063763045,-0.0137946186020431,-0.0162111670643071,-0.0206550280006768,0.0257655417811658,0.0152477881179702,0.0005234080738502,-0.0308030271512152,1.4805317904401571,0.024473130625892,-0.0615107894959637,-0.2260820299175641,-0.2661591454080669,0.2541979112028858,0.1264472671323473,-0.0598190622474969,-0.1331598817471928,0.3572778827977318,0.0722055047601901,0.0942741189791578,0.0808388850291813,0.0581910356356137,-0.0406850218208125,-0.0683507000476431,-0.0183776714450745,-0.1489166787843537,-0.4773422765946135,-0.0476460585442286,0.0312361691899227,0.0586005195782449,-0.0890063057821669,-0.0173016666922197,0.131058865392514,0.0040919308053997,0.0792241019109307,0.0416543909076619,0.0665635080457143,0.0319181314900984,0.0126631123126135,-0.0599535962833602,0.0204899785170865,-0.2450799614144069,0.0307741088370106,-0.035576576235948,-0.0177899926450453,-0.0401208364067618,0.0899710682520642,0.0215498646785909,0.0116558644405559,-0.1754708638174598,0.2619696480789335,0.2481452665055389,0.0862240868722494,0.0119983453494836,-0.1612323069714407,-0.1789539367759022,-0.0395077798045563,-0.2628859799403067,0.0227958666014121,-0.0579991729036753,-0.0681594981824182,-0.0868436145211058,0.1083306581960425,0.0641089924241746,0.0022006578253582,-0.129510655512819,0.0165299595617709,-0.0415464158845766,-0.1527032593135678,-0.1797726648807309,0.1716936528105982,0.0854066545202349,-0.0404037675068854,-0.0899405758167508,0.2020990053869871,0.263867772169177,0.2262633342880258,0.1628733219642309,-0.1138750081651314,-0.1913096313502814,-0.0514380327748383,-0.4168091168091168,1.6045116984197263,1.0074609947177493,0.7955142357290141,1.0807884486908197,1.3447829586613882,1.4800345527538403,1.1793602746538596,1.5849911121797164,0.8272346498991936,0.8879085419276167,0.8811744500827398,0.9652828712007137,1.024979695756837,1.070067929098783,0.9521722595164264,1.254841765105274,0.9544736247323536,1.021989301423387,1.0173430429689745,1.0010725707129282,0.8381435538127241,0.9426360195456333,0.969204259998372,1.1026512497294898,0.5857987106229673,0.5589819019255706,0.5913685458103943,1.1302426344170902,1.6720795807162845,1.6079844074403262,1.1489471218238736,1.9395606523375053,1.005532296164365,1.0676287080386042,1.0703548910185408,1.0435120193389555,0.8101474383436614,0.9081554311224188,0.992461516268664,1.0760643911725591,1.0708426547531438,1.0801301812993969,1.1234111681940708,1.1689520772891322,0.8547660231195572,0.8721305603719194,1.0180760870613208,1.13026425203753,0.6565840621963066,0.563442650367937,0.5512594401483285,0.957956185228912,1.4996846217911026,1.3426127564847068,1.044017650462962,1.8271520146520133,186.2462210089745,93.39096764734438,143.21141463528446,186.737292437546,7.780720518231078,93.39096764734438,0.5357142857142065,0.3045569617521743,0.0126898734063405,-2.853353142761615,255.08941710204184,10.628725712585078,13.299873933588838,186.26086941324968,93.39756767465632,143.22171022204157,186.75061318797407,7.78127554949892,93.39756767465632,0.5342659360629654,0.3044570614971926,0.0126857108957163,-2.854140515810358,255.09198205432685,10.628832585596951,13.299898065732796,204.49859180869635,101.73047403707568,156.47934872126362,204.06624025263585,8.502760010526497,101.73047403707568,-1.0376437345450285,0.184901878437233,0.0077042449348847,-4.051031955442624,337.3377167273608,14.055738196973364,13.970602932830271,186.3332191998633,93.43111999315312,143.275718592102,186.81815492076933,7.784089788365389,93.43111999315312,0.5290207864429277,0.3038616010294263,0.0126609000428927,-2.8588390584233587,255.11821706485776,10.62992571103574,13.300144881752695,215.9198436307324,106.90059286501474,164.5339729126802,215.0370695054395,8.959877896059975,106.90059286501474,-2.118657900702871,0.1283544822069364,0.005348103425289,-4.927102681253315,258.6351161013628,10.776463170890118,13.333003800577822,184.1077011828768,92.36566726983516,141.51707815661385,184.6793650932709,7.694973545552953,92.36566726983516,0.6236333567935475,0.3258329099069429,0.0135763712461226,-2.6912893807437697,256.1021249665678,10.670921873606993,13.309383097393289,200.3114932230498,99.758938913104,152.85795844312236,200.7645433515434,8.365189306314308,99.758938913104,0.9603741496597848,0.6186298045507863,0.0257762418562827,-1.1525957741776622,316.1002551917508,13.17084396632295,13.81454262368304,0.0,11.899999999999997,15.994920931245938,-0.2497028136556164,0.2133365407871314,6.486823048414682,9.889848884290728,27.0,49.0,49.0,30.0,8.0,0.0,0.0,0.0,0.0,19.0,27.28655399999999,4.049222953369758,3.845332392825739,3.63393609883184,3.4360701822926805,2.93685158843533,2.8645032094977023,2.7501294719455003,2.6640401250884755,2.0605807121681563,2.009599284879536,1.883942741740028,1.4120858493720376,1.3978598130875146,1.3728744165178628,1.2807258866153832,1.1011703655754386,3.972649886638663,3.852440753545733,3.610495930340434,3.3608127455223697,2.9475505687745733,2.889966912411218,2.7929956936812417,2.650090137094472,2.0414631277622624,1.997273921748952,1.853482644145125,1.4160334856066794,1.3651732804210752,1.3271794192118949,1.2852290050479274,1.147352159528253,4.068589402245306,3.90013832266528,3.72305492550692,3.517677157537148,3.061381005482741,3.031043248914848,2.981537655322021,2.793827055626827,1.96120365955195,1.9185473039662173,1.7064207439376615,1.2631406149382298,1.1593599543896036,1.0772566270058537,1.018928273672876,0.8747938617374862,3.962666357310124,3.859002428559232,3.617719256388866,3.3392688181871635,2.96139712345447,2.9109647947678337,2.8246242639791515,2.665925019264033,2.031711530738184,1.9885805999653496,1.833176280979501,1.4365252276988536,1.4050576194010669,1.2735585912029406,1.2285965048401577,1.1258955630285823,4.088398681489136,3.925567265875991,3.762943941113092,3.5562485910434694,3.133858698857196,3.094105657766665,3.07248053427365,2.842895164666111,1.9408146496585847,1.898158540477921,1.6640378267444402,1.2263033604904685,1.128947426853994,1.0048125930502805,0.9339036709558676,0.8168425235447823,4.249984880445336,3.91701631211848,3.756530370647229,3.4830121219977848,3.0503049241800504,2.954466398680102,2.811227464347963,2.8106836970196984,2.0247215828044864,1.9017289463081384,1.7966220464011748,1.3163370416784037,1.2460221918294183,1.138141840704914,1.104870743996998,0.910999384189634,0.0,0.0,2.0,8.0,4.0,1.0,5.0,1.0,0.0,0.0,0.0,0.1178511301977579,0.4048115027705867,0.5095014531588639,0.0,0.0,0.0204124145231931,0.1780300426947144,0.1505079761322883,1.2051183572168036,0.0,0.3309330932755814,0.0,0.636045842900551,0.0,0.1194274613151307,0.0,3.282543387725689,5.215677422058845,6.607778166374921,1.4396042549985058,1.8847932030799948,2.0392626214829432,16.355160383312146,11.809663088089318,10.33175733095286,9.096731044943152,7.608368949611564,5.901247923259056,3.853047244130796,2.930954844531008,0.6814650159713395,0.4373949291884932,0.2792366846203475,0.181934620898863,0.1188807648376806,0.0766395834189487,0.0475684844954419,0.0311803706865,14.034361810103151,8.811407914075009,6.695000630104894,5.046208052246352,3.607703976188621,2.5137994088329165,1.228716295557307,0.7910803778648111,0.5847650754209647,0.3263484412620374,0.1809459629758079,0.100924161044927,0.0563703746279471,0.0326467455692586,0.0151693369821889,0.0084157487006894,29.19083207815995,45.423160961398445,43.71372549019604,44.21600000000003,31.5817041916168,346.2983808383234,0.6345833060469555,0.9874600208999662,0.950298380221653,0.9612173913043484,0.6865587867742782,7.528225670398335,5.9621100000000045,99.87400000000008,220.3290561271592,315.4392680147836,440.6581122543183,18.360754677263262,220.3290561271592,0.0145069923073898,0.0006044580128079,-10.159498842466457,304.6773346634368,12.694888944309866,13.726207913951292,576.0,0.0,0.0,1.0,14.0,0.0,0.0,0.0,0.0,0.0,0.0,0.0,0.0,0.0,0.0,0.0,0.0,0.0,0.0,0.0,0.0,0.0,0.0,0.0,0.0,0.0,8.0,0.0,6.0,0.0,0.0,8.0,0.0,0.0,0.0,0.0,0.0,0.0,0.0,0.0,1.0,0.0,5.0,0.0,0.0,8.0,1.0,0.0,0.0,0.0,6.0,0.0,0.0,0.0,0.0,0.0,0.0,0.0,0.0,0.0,0.0,0.0,2.0,0.0,0.0,0.0,0.0,0.0,0.0,0.0,1.0,0.0,0.0,0.0,0.0,0.0,0.0,0.0,0.0,0.0,0.0,0.0,0.0,0.0,0.0,0.0,0.0,0.0,0.0,0.0,0.0,0.0,0.0,0.0,0.0,0.0,0.0,0.0,0.0,0.0,0.0,0.0,0.0,0.0,0.0,0.0,0.0,0.0,0.0,0.0,0.0,0.0,0.0,0.0,0.0,0.0,0.0,0.0,0.0,0.0,0.0,0.0,5.484351536911061,22.60817519468261,0.0,0.0,0.0,0.0,0.0,0.0,0.0,0.0,0.0,0.0,0.0,0.0,0.0,0.0,0.0,0.0,0.0,0.0,0.0,0.0,0.0,3.777603501431445,0.0,1.9912449367923584,0.0,0.0,3.777603501431445,0.0,0.0,0.0,0.0,0.0,0.0,0.0,0.0,2.0598546172072645,0.0,6.734771059810707,0.0,0.0,16.76955234506565,0.720383814784969,0.0,0.0,0.0,5.838622849616961,0.0,0.0,0.0,0.0,0.0,0.0,0.0,0.0,0.0,0.0,0.0,8.725797109936721,0.0,0.0,0.0,0.0,0.0,0.0,0.0,5.484351536911061,0.0,0.0,0.0,0.0,0.0,0.0,0.0,0.0,0.0,0.0,0.0,0.0,0.0,0.0,0.0,0.0,0.0,0.0,0.0,0.0,0.0,0.0,0.0,0.0,0.0,0.0,0.0,0.0,0.0,0.0,0.0,0.0,0.0,0.0,0.0,0.0,0.0,0.0,0.0,0.0,0.0,0.0,0.0,0.0,0.0,0.0,0.0,0.0,0.0,0.0,0.0,5.484351536911061,0.5865252057613171,0.0,0.0,0.0,0.0,0.0,0.0,0.0,0.0,0.0,0.0,0.0,0.0,0.0,0.0,0.0,0.0,0.0,0.0,0.0,0.0,0.0,0.4248302469135803,0.0,0.275206925596588,0.0,0.0,0.4248302469135803,0.0,0.0,0.0,0.0,0.0,0.0,0.0,0.0,2.0598546172072645,0.0,1.3168019711987895,0.0,0.0,1.9973546172072645,0.720383814784969,0.0,0.0,0.0,0.5865252057613171,0.0,0.0,0.0,0.0,0.0,0.0,0.0,0.0,0.0,0.0,0.0,4.149815911901952,0.0,0.0,0.0,0.0,0.0,0.0,0.0,5.484351536911061,0.0,0.0,0.0,0.0,0.0,0.0,0.0,0.0,0.0,0.0,0.0,0.0,0.0,0.0,0.0,0.0,0.0,0.0,0.0,0.0,0.0,0.0,0.0,0.0,0.0,0.0,0.0,0.0,0.0,0.0,0.0,0.0,0.0,0.0,0.0,0.0,0.0,0.0,0.0,0.0,0.0,0.0,0.0,0.0,0.0,0.0,0.0,0.0,0.0,0.0,0.0,5.484351536911061,2.225159202569917,0.0,0.0,0.0,0.0,0.0,0.0,0.0,0.0,0.0,0.0,0.0,0.0,0.0,0.0,0.0,0.0,0.0,0.0,0.0,0.0,0.0,0.5152912564319907,0.0,0.4315440479834419,0.0,0.0,0.5152912564319907,0.0,0.0,0.0,0.0,0.0,0.0,0.0,0.0,2.0598546172072645,0.0,1.3871507104086678,0.0,0.0,2.225159202569917,0.720383814784969,0.0,0.0,0.0,1.4417524017055043,0.0,0.0,0.0,0.0,0.0,0.0,0.0,0.0,0.0,0.0,0.0,4.5759811980347695,0.0,0.0,0.0,0.0,0.0,0.0,0.0,5.484351536911061,0.0,0.0,0.0,0.0,0.0,0.0,0.0,0.0,0.0,0.0,0.0,0.0,0.0,0.0,0.0,0.0,0.0,0.0,0.0,0.0,0.0,0.0,0.0,0.0,0.0,0.0,0.0,0.0,0.0,0.0,0.0,0.0,0.0,0.0,0.0,0.0,0.0,0.0,0.0,0.0,0.0,0.0,0.0,0.0,0.0,0.0,0.0,0.0,0.0,46.333333333333336,1.930555555555556,0.5830636652809272,5.484351536911061,0.0891267479213907,0.5865252057613171,10.624000687843932,1.0801414609053497,1.9843515369110607,11.084401983826863,1.0801414609053497,1.9843515369110607,11.084401983826863,11.63333,0.48472,0.0,0.01528,0.54275,0.76528,0.44545,0.48011,0.76528,0.0973,0.06265,-0.03465,0.0,0.63339,0.0809,0.0,0.04298,0.30086,0.0,31.75,1.32292,14.75,0.61458,17.0,0.70833,2.25,0.09375,0.0,0.0,18.99486,0.79145,38.53649,19.54163,0.81423,6.15401,0.25642,11.80962,5.65561,0.23565,0.10438,0.00435,0.44838,0.01868,0.5,177.03,1.0,3.0,3.0,3.0,0.0,0.0,0.3333333333333333,1.3421236628314803,2.981983491203898,3.735761283067285,4.398030705821853,4.724542662531717,4.768020923401284,61.7376884902481,137.17124059537932,171.8450190210951,202.30941246780523,217.328962476459,219.32896247645908,0.2429815531189503,0.5398660348027639,0.6763319236368361,0.7962308997003413,0.8553434722228273,0.8632148894741337,4.181438293225533,2.541578464853115,1.7878006729897282,1.1255312502351602,0.799019293525296,0.7555410326557288,0.2286269639012693,0.507972440154539,0.6363763516438543,0.7491920716868105,0.8048124585463573,0.8122188571172203,11.38487235021744,26.178823994465297,31.561182351578992,34.2035604955595,35.010548069561615,35.53228719999639,79.98174671268373,52.57374430483114,37.10344509588074,29.63717819773693,27.369626474014662,26.45043639852153,17.415637860082306,8.131482834185537,4.0656,0.0,17.0,0.0,3.44,2.547399999999997,0.0,1.950695689128164,1.752825780640641,0.0,16.496228289630906,21.60193493514693,0.0,6.239558888501845,0.0,0.0,0.0,0.0,0.0,0.0,0.0,0.0,0.4999999999999999,0.0,0.0,0.003,0.517,0.4740000000000001,1.864,2.2430000000000003,12.827,37.0,50.0,64.0,77.0,81.0,94.0,100.0,112.0,125.0,791.0,3.624340932976365,4.26619481914876,4.9245325950428445,5.548589585250499,6.109455894399323,6.554333964816266,7.059187982742347,7.486604554693528,7.955564832743278,8.374981825870686,9.3764222143332,14.925028148704172,0.5,4.0,0.0,0.0,1.0,3.0,0.0,0.0,0.0,0.0,0.0,0.0,0.0,0.0,0.0,0.0,0.0,0.0,0.0,0.0,0.0,0.0,0.0,0.0,4.0,0.0,1.0,3.0,0.0,0.0,0.0,0.0,0.0,0.0,0.0,1.0,0.0,0.0,1.0,0.0,0.0,0.0,0.0,0.0,0.0,0.0,0.0,0.0,0.0,0.0,0.0,0.0,0.0,0.0,0.0,0.0,0.0,0.0,0.0,0.0,1.0,0.0,0.0,0.0,0.0,0.0,0.0,0.0,0.0,3.0,0.1111111111111111,4.0,0.1481481481481481,1.0,7.0,14.0,1.0,3.5,2.8888888888888866,1.1875,0.6905555555555556,0.7888888888888891,0.4293424036281181,0.140625,0.1113788107835726,0.1387577160493827,0.0826446280991735,0.1296296296296296,0.078078078078078,0.0329861111111111,0.0215798611111111,0.0292181069958847,0.0204448763632437,0.0066964285714285,0.0055689405391786,0.0092505144032921,0.0068870523415977,0.3484099824372164,128.66978170782676,199.9293408028952,257.3395634156536,10.722481808985563,128.66978170782676,0.0689200059474273,0.0028716669144761,-6.419541074466626,256.74130002768794,10.69755416782033,13.315365511776385,38.92,299.3383785512962,5.584962500721157,4.859812404361672,5.713732805509369,6.580639137284949,7.44716835960004,8.319473692442186,9.190647738630446,10.065648918115544,10.93931977308153,11.816010795787976,125.93245362481372,4.007333185232471,0.0,5.313205979041787,2.3978952727983707,6.823286122355687,4.59511985013459,8.416930769477844,6.6052979209482015,10.05039779785075,10.299945551484315,318.1732133240006,6.91680898530436,49.93918603568627,2.0807994181535947,9.380154340812147,3.1149500581985263,6.265204282613618,1491.0,36.0,9.231000000000002,128.0,1.0,2.4248816366310666
0,0,0,0,0,0,0,0,0,0,0,0,0,0,0,0,0,0,0,0,0,0,0,0,0,0,0,0,0,0,0,0,0,0,0,0,0,0,0,0,0,0,0,0,0,0,0,0,0,0,0,0,0,0,0,0,0,0,0,0,0,0,0,0,0,0,0,0,0,0,0,0,0,0,0,0,0,0,0,0,0,0,0,0,0,0,0,0,0,0,0,0,0,0,0,0,0,0,0,0,0,0,0,0,0,0,0,0,0,0,0,0,0,0,0,0,0,0,0,0,0,0,0,0,0,0,0,0,0,0,0,0,0,0,0,0,0,0,0,0,0,0,0,0,0,0,0,0,0,0,0,0,0,0,0,0,0,0,0,0,0,0,0,0,0,0,0,0,0,0,0,0,0,0,0,0,0,0,0,0,0,0,0,2,4,3,1,2,2,5,1,2,1,2,3,4,2,2,2,2,5,0,0,0,0,0,0,0,0,0,0,0,0,0,0,0,0,2,3,2,3,0,0,0,0,0,0,0,0,0,0,0,0,0,0,0,0,0,1,5,2,5,1,2,0,0,0,0,0,0,0,0,0,0,0,0,0,0,0,0,0,0,0,0,0,0,0,0,0,0,0,0,0,0,0,0,0,0,0,0,0,0,0,0,0,0,0,0,0,0,0,0,0,0,0,0,0,0,0,0,0,0,0,0,0,0,0,0,0,0,0,0,0,0,0,0,0,0,0,0,0,0,0,0,0,0,0,0,0,0,0,0,0,0,0,0,0,0,0,0,0,0,0,0,0,0,0,0,0,0,0,0,0,0,0,0,0,0,0,0,0,0,0,0,0,0,0,0,0,0,0,0,0,0,0,0,0,0,0,0,0,0,0,0,0,0,0,0,0,0,0,0,0,0,0,0,0,0,0,0,0,0,0,0,0,0,0,0,0,0,0,0,0,0,0,0,0,0,0,0,0,0,0,0,0,0,0,0,0,0,0,0,0,5,2,3,1,1,2,1,0,0,0,0,0,0,0,0,0,0,0,0,0,0,0,0,0,0,0,0,0,0,0,0,0,0,0,0,0,0,0,0,0,0,0,0,0,0,0,0,0,0,0,0,0,0,0,0,0,0,0,0,0,0,0,0,0,0,0,0,0,0,0,0,0,0,0,0,0,0,0,0,0,0,0,0,0,0,0,0,0,0,0,0,0,0,0,0,0,0,0,0,0,0,0,0,0,0,0,0,0,0,0,0,0,0,0,0,0,0,0,0,0,0,0,0,0,0,0,0,0,0,0,0,0,0,0,0,0,0,0,0,0,0,0,0,0,0,0,0,0,0,0,0,0,0,0,0,0,2,5,2,4,0,0,0,0,0,0,0,0,0,0,0,0,0,0,0,0,0,0,0,0,0,2,2,2,1,2,2,2,1,0,0,0,0,0,0,0,0,0,0,0,2,2,2,2,2,4,3,2,2,0,0,0,0,0,0,2,2,2,2,2,0,0,1,0,0,0,0,5,5,0,0,0,0,0,0,0,0,0,0,0,1,5,2,5,0,0,0,0,0,2,0,0,0,0,0,0,0,1,2,2,2,2,2,1,0,0,0,0,0,0,0,0,0,0,0,0,0,0,0,3,2,3,0,2,3,4,0,0,0,0,0,0,0,0,0,0,0,0,0,0,0,0,0,0,0,0,0,0,0,0,0,0,0,0,0,0,0,0,2,2,2,1,2,2,2,2,2,0,0,0,0,0,0,0,0,0,0,0,0,0,0,0,0,0,0,0,0,0,0,0,0,3,2,2,2,3,1,1,2,3,2,0,0,0,5,2,3,0,0,0,0,0,0,0,1,2,0,0,0,0,0,0,0,2,2,2,0,0,0,0,0,0,0,0,0,0,0,0,0,0,0,0,0,0,0,0,0,0,0,0,0,0,0,0,0,0,0,0,0,0,0,0,0,0,0,0,0,0,0,0,0,0,0,0,0,0,0,0,0,0,0,0,0,0,0,0,0,0,0,0,0,0,0,2,5,4,0,1,1,2,2,2,2,2,3,2,0,0,0,3,2,2,3,0,0,0,0,0,0,0,0,0,0,0,0,2,2,0,0,0,0,0,0,0,0,0,0,0,0,0,0,0,0,0,0,0,0,0,0,0,0,0,0,0,0,0,0,0,2,2,2,2,4,5,0,0,0,0,0,0,0,0,0,0,0,0,0,0,0,0,0,0,0,0,0,0,0,0,0,0,0,0,0,0,0,0,0,0,3,0,0,0,0,0,0,0,0,0,0,0,0,0,0,0,0,0,0,0,0,0,0,0,0,0,0,2,3,0,0,0,0,0,0,2,2,5,5,1,1,0,0,0,0,0,0,0,0,0,0,0,0,0,0,0,0,0,0,0,0,0,0,2,1,2,0,0,0,0,0,0,0,0,0,3,3,5,0,0,1,5,0,0,0,0,0,0,0,0,0,0,0,0,0,0,0,3,2,0,0,0,0,2,2,2,0,0,0,0,2,2,2,2,1,0,0,0,2,3,2,2,2,1,0,0,2,2,1,2,2,0,0,0,0,0,0,0,0,0,0,0,0,1,2,3,0,0,0,0,0,0,0,0,0,0,0,0,0,0,0,0,0,0,0,0,0,0,0,0,0,0,0,0,0,0,0,0,0,0,0,0,0,0,0,1,2,0,0,0,0,1,0,0,0,0,0,0,0,0,0,0,0,0,0,0,0,0,0,0,0,0,0,0,0,0,0,0,0,0,0,0,0,0,0,0,0,0,0,0,0,0,0,0,0,0,0,0,0,0,0,0,0,0,0,0,0,0,0,0,0,0,0,0,0,0,0,0,0,0,0,0,0,0,0,0,0,0,0,0,0,0,0,0,0,0,0,5,2,0,0,0,0,0,0,4,2,0,0,0,0,0,0,0,0,0,0,0,0,1,3,3,2,0,0,0,0,0,0,0,0,0,0,0,0,0,0,0,0,0,0,0,0,0,0,0,0,0,0,0,0,0,0,0,0,0,0,0,0,0,0,0,0,0,0,0,2,1,0,0,0,0,0,0,0,0,0,0,0,0,0,0,0,0,0,0,0,0,0,0,2,2,2,5,0,0,0,0,0,0,0,2,2,0,0,0,0,0,0,0,0,2,2,2,1,0,0,0,0,2,2,2,2,0,2,1,2,2,2,0,2,2,0,0,0,0,0,0,0,0,0,0,0,0,0,0,0,0,0,0,1,2,2,0,0,0,0,0,0,0,0,0,0,0,0,0,0,0,0,2,2,5,2,2,1,0,0,0,0,0,0,0,3,2,0,3,4,2,4,1,1,2,0,1,1,4,3,3,3,1,3,4,1,1,0,4,0,0,1,3,2,2,2,4,0,3,1,2,2,3,4,0,2,1,3,1,0,1,2,4,0,0,1,4,2,1,1,2,0,2,3,4,1,2,4,0,3,4,4,2,0,3,1,3,3,1,4,4,1,3,4,2,2,0,2,3,3,3,2,4,0,4,3,3,1,3,2,3,0,4,3,0,2,4,0,4,4,2,0,2,4,2,3,2,3,1,0,2,2,1,0,3,2,2,2,4,4,0,3,3,0,3,2,4,2,0,1,1,0,0,3,0,1,3,1,1,3,2,4,0,0,0,1,0,4,0,3,4,2,3,3,4,2,0,2,2,0,0,1,4,3,1,2,0,4,0,4,4,2,4,3,2,0,3,0,1,2,3,3,3,4,1,3,1,2,0,1,0,3,0,1,2,0,3,2,2,2,4,0,0,2,1,4,3,3,2,0,3,2,3,3,2,4,2,3,4,0,0,1,2,4,4,0,0,2,2,3,4,1,2,4,1,0,0,1,1,1,4,3,2,4,3,4,1,1,1,1,3,0,0,0,1,1,4,4,3,4,0,2,3,4,0,0,3,3,0,2,1,1,4,4,1,4,0,4,0,1,4,1,4,2,3,4,2,2,0,1,3,4,4,2,4,2,4,4,4,2,4,1,2,1,4,3,0,0,4,4,3,4,0,3,3,0,0,3,3,4,4,1,3,1,4,1,2,3,4,2,1,1,2,0,0,0,3,4,3,4,2,2,3,4,2,2,4,0,3,2,1,1,4,1,2,1,4,4,3,0,0,3,0,0,0,0,0,0,0,0,0,0,0,0,0,0,0,0,0,0,0,0,0,0,0,0,0,0,0,0,0,0,0,0,0,0,0,0,0,0,0,0,0,0,0,0,0,0,0,0,0,0,0,0,0,0,0,0,0,0,0,0,0,0,0,0,0,0,0,0,0,0,0,0,0,0,0,0,0,0,0,0,0,2,1,2,0,2,2,2,3,3,2,2,3,1,2,2,0,0,0,0,0,0,0,2,3,2,3,3,5,4,0,2,5,0,5,2,0,0,0,0,2,2,5,2,0,0,0,0,0,0,0,0,0,0,0,0,0,0,0,0,0,0,0,0,0,0,0,0,0,0,0,0,0,0,0,0,0,0,0,0,0,0,0,0,0,0,0,0,0,0,0,0,0,0,0,0,0,0,0,0,0,0,0,0,0,0,0,0,0,0,0,0,0,0,0,0,0,0,0,0,0,0,0,0,0,0,0,0,0,0,0,0,0,0,0,0,0,0,0,0,2,1,1,1,5,5,3,1,1,5,4,1,3,1,3,3,0,0,0,0,0,0,0,0,0,0,0,0,0,0,0,0,0,0,0,0,0,0,0,0,0,0,0,0,0,0,0,0,0,0,0,0,0,0,0,0,0,0,0,0,0,0,0,0,0,0,0,0,0,0,0,0,0,0,0,0,0,0,0,0,0,0,0,0,0,0,0,0,0,0,0,0,0,0,0,0,0,0,0,0,0,0,0,0,0,0,0,0,0,0,0,0,0,0,0,0,0,0,0,0,0,0,0,0,0,0,0,0,0,0,0,0,0,0,0,0,0,0,0,0,0,0,0,0,0,0,0,0,0,0,0,0,0,0,0,0,0,0,0,0,0,0,0,0,0,0,0,0,0,0,0,0,0,0,0,0,0,0,0,0,0,0,0,0,0,0,0,0,0,0,0,0,0,0,0,0,0,0,0,0,0,0,0,0,0,0,0,0,0,0,0,0,0,0,0,0,0,0,0,0,0,0,0,0,0,0,0,0,0,0,0,0,0,0,0,0,0,0,0,0,0,0,0,0,0,0,0,0,0,0,0,0,0,0,0,0,0,0,0,0,0,0,0,0,0,0,0,0,0,0,0,0,0,0,0,0,0,0,0,0,0,0,0,0,0,0,0,0,0,0,0,0,0,0,0,0,0,0,0,0,3,3,2,3,2,2,4,2,3,1,1,2,5,5,1,2,1,0,0,0,0,0,0,0,0,0,0,0,0,0,0,0,0,0,0,0,0,0,0,0,0,0,0,0,0,0,0,0,0,0,0,0,0,0,0,0,0,0,0,0,0,0,0,0,0,0,0,0,0,0,0,0,0,0,0,0,0,0,0,0,0,0,0,0,0,0,0,0,0,0,0,0,0,0,0,0,0,0,0,0,0,0,0,0,0,0,0,0,0,0,0,0,0,0,0,0,0,0,0,0,0,0,0,0,0,0,0,0,0,0,0,0,0,0,0,0,0,0,0,0,0,0,0,0,0,0,1,1,2,4,1,3,2,3,1,3,4,5,3,3,1,3,5,4,1,2,4,3,3,1,3,3,1,3,1,1,2,1,3,2,2,5,3,2,2,3,4,1,2,2,4,0,0,0,0,0,0,0,0,0,0,0,0,0,0,0,0,0,0,0,0,0,0,0,0,0,1,0,0,0,0,0,0,0,1,0,0,1,0,0,0,0,0,0,0,1,0,0,0,0,0,0,0,0,0,0,0,1,0,0,0,0,0,0,0,0,0,1,0,0,0,0,0,0,0,0,0,0,0,0,0,0,1,0,0,0,0,0,0,0,0,0,0,0,0,0,0,0,0,0,0,0,0,0,1,0,0,0,0,0,0,0,0,0,0,0,0,0,0,0,0,0,0,0,0,0,1,0,0,0,0,0,0,0,0,0,0,0,1,0,0,0,0,1,0,0,0,0,0,0,0,0,1,0,0,0,0,0,0,0,0,0,0,0,0,0,0,0,0,0,0,1,0,0,0,0,0,0,0,0,0,0,0,0,0,0,0,0,0,0,0,0,0,0,0,0,0,0,0,0,0,0,0,0,0,0,0,0,1,0,0,0,0,0,0,0,1,0,0,0,0,0,0,0,0,0,0,1,0,0,0,0,0,0,0,0,0,0,0,0,0,0,0,1,0,0,0,0,0,1,0,0,0,0,0,0,0,0,0,0,0,0,0,0,0,0,0,0,0,0,0,0,0,0,0,0,0,0,0,0,1,0,0,0,0,0,0,0,0,0,0,0,0,0,0,0,0,0,0,0,0,0,0,0,0,0,0,0,1,0,1,0,0,0,0,0,0,0,1,0,0,0,0,0,0,0,0,0,0,0,0,0,0,0,1,0,0,0,0,0,0,0,0,0,0,0,1,0,0,0,0,0,0,0,0,0,0,0,0,0,0,0,0,0,0,0,0,0,0,0,0,0,0,0,0,0,0,0,0,0,1,0,0,0,0,0,0,0,0,0,0,0,0,0,0,0,0,0,0,0,0,0,0,0,0,0,0,0,0,0,0,0,0,0,0,0,1,0,0,0,0,0,0,0,0,0,0,0,0,0,1,0,0,0,0,0,0,0,0,0,0,0,0,0,1,0,1,0,0,0,0,0,1,0,0,0,0,0,0,0,0,0,0,0,0,0,1,0,0,0,0,0,0,0,0,0,0,0,0,0,0,0,0,0,0,1,0,0,0,0,0,0,0,0,0,0,0,0,0,1,0,0,0,0,0,0,0,0,0,0,1,0,0,0,0,0,0,0,0,0,0,0,0,0,0,0,0,0,0,0,0,0,0,0,0,0,0,0,0,0,0,0,0,0,0,0,0,0,0,0,0,0,0,0,0,0,0,0,0,0,0,0,0,0,1,0,0,0,0,0,0,0,0,0,0,0,0,0,0,0,0,0,0,0,0,0,0,0,1,0,0,0,0,0,0,0,0,0,0,0,0,0,0,1,0,0,0,0,0,0,0,0,0,0,0,1,0,0,0,0,0,0,0,0,0,0,0,0,0,1,0,0,0,0,0,0,0,0,0,0,0,0,0,0,0,0,0,0,0,0,0,0,0,0,0,0,0,0,0,0,1,0,0,0,0,0,1,0,0,0,0,0,0,0,1,0,0,0,0,0,0,0,0,0,0,0,0,0,0,0,0,0,0,1,0,0,0,0,0,1,0,0,0,0,0,0,0,0,0,0,0,0,0,0,1,0,0,0,0,1,0,0,0,0,0,0,0,0,0,0,0,0,0,0,0,0,0,0,0,0,0,0,1,0,0,0,0,0,0,0,1,0,0,0,1,0,0,0,0,0,0,0,0,0,0,0,0,0,0,0,0,0,0,0,0,0,0,0,0,0,0,0,0,0,0,1,0,0,0,0,0,0,0,0,0,0,0,0,0,0,0,0,0,0,0,0,0,0,0,0,0,0,0,0,0,0,0,0,1,0,0,0,0,0,0,0,0,0,0,0,0,1,0,1,0,0,0,0,1,0,0,0,0,0,0,0,0,0,0,0,0,0,0,0,0,0,0,0,0,0,0,0,0,0,0,0,0,0,0,0,0,0,0,1,0,0,0,0,0,0,0,0,0,0,0,0,0,0,0,0,0,0,0,0,0,0,0,0,0,0,0,0,0,0,0,0,0,0,0,0,0,1,0,0,0,0,0,0,0,0,0,0,0,0,0,0,0,0,0,0,0,0,0,0,0,0,0,0,0,0,0,0,0,0,0,0,0,0,0,0,0,0,0,0,0,0,0,0,0,0,0,0,0,0,0,0,0,0,0,0,0,0,0,0,0,0,0,0,0,0,0,0,0,0,0,0,0,0,0,0,0,0,0,0,0,1,0,0,0,0,0,0,0,0,0,0,0,0,0,0,0,0,0,0,0,0,0,0,0,0,0,0,0,0,0,0,0,0,0,0,0,0,0,0,0,0,0,0,0,0,0,0,0,0,0,0,0,0,2.0,-3.357100000000001,11.270120410000006,65.4779,64.04896199999995,6.0,6.0,59.0,25.0,34.0,0.0,19.0,1.0,4.0,0.0,1.0,0.0,0.0,0.0,0.0,0.0,4955.006460432659,5431.6984790960005,6486.892299766005,5813.097650574014,5683.904049098023,6147.521181054019,5027.535481574013,4457.98764876402,4571.745897956018,10809.322961734671,13910.638952670435,19605.205823727443,21614.20286722537,20581.61768931576,19874.84700050736,18695.315307298704,16197.82454941636,14128.454468285465,441.63130499999954,448.0723920000004,813.6357420000004,1136.0175780000006,1215.1700740000024,1110.8173860000022,1049.4455660000003,946.5566680000017,768.9369600000019,85.0656547648658,105.45456987199992,153.53084583443317,176.60965980856446,177.94586221548764,169.86500751233655,151.7665416054702,138.18227789305394,119.2680854219597,9759.308807710566,8658.478719942403,16668.110947564495,24645.82683731593,27592.85078514076,25154.078816296824,22482.433252279385,21250.660746446392,17138.02642384784,236.9652301478433,141.30709876543207,349.5478395061729,362.207561728395,327.2546296296296,371.7330246913579,387.809670781893,282.45524691358025,247.9953703703703,83.98316034631625,92.06268608637288,60.06381759042597,38.24406349061851,34.03535358741331,40.17987700035306,36.69733928156214,34.558043788868375,43.540437123390646,183.2088637582148,235.77354157068527,181.52968355303187,142.1987030738511,123.24321969650155,129.9009607876298,136.46215552772776,125.5645313908245,134.5567092217663,7.4852763559321955,7.594447322033906,7.533664277777781,7.473799855263162,7.27646750898205,7.260244352941191,7.660186613138689,7.3376485891473,7.323209142857161,1.4417907587265388,1.787365591050846,1.4215819058743813,1.1619056566352923,1.0655440851226805,1.1102288072701736,1.1077849752224105,1.0711804487833638,1.1358865278281876,165.4120136900096,146.75387660919327,154.33436062559718,162.1435976139206,165.2266514080285,164.40574389736486,164.10535220641887,164.73380423601856,163.21929927474133,4.016359833014294,2.395035572295459,3.2365540695016013,2.38294448505523,1.9596085606564648,2.4296276123618163,2.8307275239554235,2.1895755574696145,2.361860670194003,0.8078491438386188,-0.5506582157133668,0.399048012727185,-0.3533289861381396,-0.1329494714333259,0.5893792782792597,-0.4956964628015855,0.0307041603356933,0.2923876967914285,2616.3476646691083,511.4993767979351,-179.05718894367988,-1039.9855098594646,437.3531326645156,682.3117802176232,-1473.282409525108,145.7019838971652,652.0974683586563,2984.9616028324726,112.60772734531308,-469.3658066089112,-892.6282493751364,219.67804950741225,767.6861172474511,-951.778705754562,40.73028225724929,401.61873968532217,4.325658745762711,-0.9780826949152642,2.769096787417393,-1.5055055653547915,-0.5664534329215547,2.4017975067509547,-2.747480850330401,-0.5943037492099905,0.8611445541511119,19.198770303214417,-0.9083784109152332,-5.223200715283929,-2.963329055631219,3.4901663669833662,-2.684618645244463,-1.2122241130119642,2.671667391000196,0.7034882671470036,77.74774116470986,3.3519740982389217,-20.965334557584104,-5.898281339628321,4.240038013535147,-2.012020230329981,-0.3882839234680153,2.458059724830053,-1.947410641206119,92.27290079540371,-27.59084207140805,76.78086328351786,-29.924048846765075,-18.04218004648316,62.61191885240578,-61.07485466315914,-14.86444365215382,24.47497417338293,0.013692358370146,-0.0093331900968367,0.0036948890067331,-0.0023245328035403,-0.0007961046193612,0.003852152145616,-0.0036182223562159,0.0002380167467883,0.0027846447313469,44.344875672357766,8.669480962676866,-1.6579369346637025,-6.842009933285952,2.618881033919255,4.459554119069432,-10.753886200913197,1.1294727433888776,6.210452079606251,50.59256953953344,1.9086055482256448,-4.345979690823252,-5.8725542722048445,1.315437422200073,5.017556321878765,-6.947289823025999,0.3157386221492193,3.8249403779554494,0.0733162499281815,-0.0165776727951739,0.0256397850686795,-0.0099046418773341,-0.0033919367240811,0.0156980229199408,-0.0200546047469372,-0.0046070058078293,0.008201376706201,0.3254028864951596,-0.0153962442528005,-0.0483629695859623,-0.0194955858923106,0.0208991998022956,-0.017546527093101,-0.0088483511898683,0.020710599930234,0.0066998882585428,1.3177583248255909,0.0568131203091342,-0.1941234681257787,-0.0388044824975547,0.0253894491828451,-0.0131504590217645,-0.0028341892223942,0.0190547265490701,-0.0185467680114868,1.5639474711085375,-0.4676413910408144,0.710933919291832,-0.1968687424129281,-0.1080370062663662,0.4092282277935018,-0.4458018588551762,-0.1152282453655334,0.2330949921274564,-0.6816349561216715,0.2698504455440845,-0.1697686213507711,-0.0581422570049734,0.2813359131773132,-0.2642512165110203,0.0173831812134918,0.2033721770983145,0.1955013027149145,-0.0373873397890068,-0.1542908809540511,0.0590571287936145,0.1005652637752073,-0.2425057244577324,0.025470197542868,0.1400489230253387,0.0377250170449288,-0.085901541083563,-0.1160754301600748,0.026000605112025,0.0991757557986456,-0.1373183826450509,0.0062408101628935,0.0756028091233162,-0.2261118484839714,0.3497149007729602,-0.1350947694001869,-0.0462644601627034,0.2141138279074312,-0.2735356045430875,-0.062837444800331,0.1118630141917364,-0.0473144059004208,-0.1486248942253366,-0.0599121479907359,0.0642256128315152,-0.0539224691031192,-0.0271919874011319,0.063646024020571,0.0205895169852543,0.0431134596069834,-0.1473134067671107,-0.0294473438463692,0.0192671514226294,-0.0099794163876787,-0.0021507655607255,0.0144599553575896,-0.014074483660683,-0.2990134896981845,0.4545765969926833,-0.1258793828116145,-0.0690796898631056,0.26166366540651,-0.2850491254282272,-0.073677823260815,0.1490427245374405,1.7427413916669263,0.6472985295803947,1.136249728220985,0.8269881451192475,0.5427311772051768,1.4812953060974974,0.9273989245161648,0.6765161808068205,1.030919783897473,1.1087893149468868,1.0542490742739574,0.7887029772228544,0.9631680938023364,1.209840681113189,0.8216273117316178,0.8489440279272605,1.237233889415846,1.222635541066843,1.117705848398646,0.9409528839900102,0.905110778981218,1.0897810880006868,0.9597572995386312,0.9296454180083744,1.0780018825466178,0.5658138352250585,1.1150815372738994,0.769189696478908,0.4893733272754153,1.736804313050053,0.9168882457035824,0.7173057576141341,1.5430464644089612,1.3542850861409508,0.9297639855488872,0.7645475479748758,1.2104558465451976,0.8861079070735741,0.7454325654582287,1.0165895850905515,1.3757391075154233,1.343902351403157,1.070505598283382,0.9267988484356026,0.9999132601172882,0.9868270421467188,0.9260750264083232,0.991418459082771,1.1196602879214197,0.3853223706516803,1.048481500126965,0.7115019732209235,0.4218261262987223,1.813317376428152,0.8214772094634859,0.5040681467188592,284.1041739447791,142.5037669298968,222.2491069418196,285.568173944779,11.42272695779116,142.5037669298968,1.7428571428570194,0.2771706384549062,0.0110868255381962,-3.207804847890887,531.5026470110132,21.260105880440527,15.68927044508728,283.88701028005823,142.38707174612483,222.1243853094444,285.35850772297044,11.414340308918815,142.38707174612483,1.7517826701335082,0.2794343870698924,0.0111773754827956,-3.187469412592383,547.4915298383406,21.899661193533625,15.763367477390204,332.4172118720003,165.3297441033479,256.2523290545579,331.08134188636893,13.243253675454758,165.3297441033479,-1.7577236653044397,0.287825833464706,0.0115130333385882,-3.113499316730918,387.7406633653168,15.509626534612671,14.900841806901171,299.7938865010869,150.41813989425697,231.48139294757888,300.75288832551985,12.030115533020796,150.41813989425697,1.0423932874270465,0.1532513672398111,0.0061300546895924,-4.689189456438813,339.2710661650624,13.570842646602497,14.566998482682983,357.6041136356075,176.5786122545706,279.14831602263104,354.67507213467667,14.187002885387066,176.5786122545706,-4.307413971957061,0.4433189594328545,0.0177327583773141,-2.0336644232299235,404.97958743053977,16.19918349722159,15.009591661075676,303.4073845677073,152.125700120366,234.28482782559632,304.18387898689014,12.167355159475605,152.125700120366,0.8440156730246713,0.1701503169360707,0.0068060126774428,-4.427682538376691,364.9673630663642,14.59869452265457,14.749519833320209,414.1854099283936,206.1532837602465,314.2213807033557,413.2280995112616,16.529123980450464,206.1532837602465,-1.4078094369588428,0.6126428384313,0.0245057135372519,-1.2249328953733305,327.8431730383899,13.113726921535596,14.481338407656398,1.0,11.85,30.97376295987757,-0.37110478773822,0.3117186211671157,2.926905026963054,9.723031500571556,25.0,59.0,58.0,52.0,18.0,1.0,1.0,0.0,0.0,7.0,46.86303799999999,4.414978385109416,3.822717695903523,3.526578115647044,3.46798439081278,3.221355686188472,2.984850831378288,2.743430214811503,2.619181913839709,1.9905882402901995,1.8986814361338469,1.83556567113814,1.686238740223284,1.4783988812941258,1.389599082338375,1.3441180165273927,1.082250302016949,3.8173703930115206,3.635908185877065,3.4993500298969016,3.376445339324931,3.2165506710427336,2.9628065157173293,2.758350244141276,2.6458150318986844,1.9757601492330528,1.864323191361043,1.828189374770432,1.639809433908325,1.6036021217155731,1.3589143679519688,1.2731852644617954,1.0984549474348455,3.883328668838218,3.746655985060903,3.630962173242702,3.5219055079311823,3.3850634967273967,3.129429847077478,2.969763768053319,2.780712916533402,1.876382139594812,1.7097262848893306,1.6499252934588209,1.4413537726500198,1.3889789270724602,1.1093326644939852,0.9922528663653212,0.7986202314843479,3.9832324064065294,3.8160821275349774,3.523090301122555,3.480799735788155,3.236517751885592,2.983780900912328,2.788436507809023,2.665925019264031,1.9615297926997093,1.8236944317931507,1.7851666905054058,1.5882539929063308,1.4736315937505362,1.318151723984627,1.2163091386843314,1.0267669474789292,3.906268764308688,3.773926457956221,3.689304647674663,3.5417895461396323,3.449454849956875,3.1885437332748885,3.05904217762868,2.866028722354041,1.8546570945970813,1.6768866257950756,1.5938211753178295,1.4170367684340008,1.3267137347434956,1.054278417893032,0.9060566191774186,0.7385642758080608,5.018033275094285,4.027693862060791,3.9928883466503553,3.9116109441818585,3.78874536839785,3.5281653251783376,3.380610277048096,3.137043814135248,1.8826777409891964,1.7993896076551483,1.7376504721942854,1.5259954704070422,1.4637486496822751,1.16995906431705,1.1113043761173085,0.7834140535567332,0.0,0.0,0.0,5.0,1.0,4.0,8.0,1.0,0.0,0.0,0.0,0.0,0.0833333333333333,0.1178511301977579,0.0,0.0,0.0,0.0277777777777777,0.0309820853236225,3.176015243430232,0.6035533905932737,0.0,0.0,1.311485580016719,0.1830867802120128,0.0,0.0,2.8231321849709867,2.998728423713046,4.45482846497283,1.3821000856759835,1.415881195854151,1.6570869793666172,18.761302256177466,11.71725669574955,11.20674230225704,6.713391569832398,4.455426933239662,4.117177643362133,2.19890718226057,1.4184398865812775,0.7504520902470986,0.4686902678299819,0.3395982515835466,0.2165610183816902,0.1350129373708988,0.0957483172874914,0.0628259194931591,0.0405268539023222,15.839898984955274,9.719486107673356,7.64375923590583,4.600813509451236,2.804756929864355,2.088686544940528,1.0145115009384749,0.5688589944172575,0.633595959398211,0.3887794443069342,0.2316290677547221,0.1484133390145559,0.0849926342383138,0.0485741056962913,0.0289860428839564,0.0162531141262073,33.015287400773424,58.494901675163966,55.78039215686266,56.57200000000007,37.32871976047909,452.5663185628743,0.5595811423859902,0.991439011443457,0.945430375540045,0.9588474576271198,0.632690165431849,7.670615568862276,3.891990000000008,99.40050000000006,188.7188425843873,282.9018321876878,377.43768516877446,15.097507406750983,188.7188425843873,0.2078178882342391,0.0083127155293695,-3.927732800307217,335.5313952835341,13.421255811341366,14.539288824074635,673.0,3.0,0.0,5.0,6.0,4.0,0.0,0.0,5.0,0.0,0.0,1.0,0.0,0.0,2.0,0.0,0.0,1.0,0.0,0.0,0.0,0.0,0.0,0.0,0.0,0.0,4.0,0.0,12.0,0.0,0.0,4.0,0.0,0.0,0.0,0.0,0.0,0.0,0.0,0.0,2.0,0.0,10.0,0.0,0.0,4.0,0.0,0.0,0.0,0.0,2.0,0.0,1.0,0.0,1.0,0.0,0.0,0.0,0.0,0.0,0.0,0.0,0.0,0.0,0.0,0.0,0.0,2.0,1.0,1.0,0.0,0.0,0.0,0.0,0.0,0.0,0.0,0.0,0.0,0.0,0.0,1.0,0.0,0.0,0.0,0.0,0.0,0.0,0.0,0.0,0.0,0.0,0.0,0.0,0.0,0.0,0.0,0.0,0.0,0.0,0.0,0.0,0.0,0.0,0.0,0.0,0.0,0.0,0.0,0.0,0.0,0.0,0.0,0.0,0.0,0.0,0.0,0.0,0.0,0.0,1.302045671300863,0.0,41.20856977824761,10.104300055161715,20.13096751021824,0.0,0.0,15.082949618741395,0.0,0.0,1.7555178213526792,0.0,0.0,0.9970256509863196,0.0,0.0,0.3050200203145435,0.0,0.0,0.0,0.0,0.0,0.0,0.0,0.0,1.7611572186228803,0.0,4.582723192326042,0.0,0.0,1.7611572186228803,0.0,0.0,0.0,0.0,0.0,0.0,0.0,0.0,4.078472430419069,0.0,8.737879016493618,0.0,0.0,8.048171058146623,0.0,0.0,0.0,0.0,2.0561289970150907,0.0,-0.5437583449857115,0.0,6.169066348572155,0.0,0.0,0.0,0.0,0.0,0.0,0.0,0.0,0.0,0.0,0.0,0.0,18.18612484673364,11.097960235181072,5.755418347760745,0.0,0.0,0.0,0.0,0.0,0.0,0.0,0.0,0.0,0.0,0.0,-5.190401206941236,0.0,0.0,0.0,0.0,0.0,0.0,0.0,0.0,0.0,0.0,0.0,0.0,0.0,0.0,0.0,0.0,0.0,0.0,0.0,0.0,0.0,0.0,0.0,0.0,0.0,0.0,0.0,0.0,0.0,0.0,0.0,0.0,0.0,0.0,0.0,0.0,0.0,0.0,0.3050200203145435,0.0,5.755418347760745,0.8903560891502813,4.53300824105827,0.0,0.0,2.773566085096759,0.0,0.0,1.7555178213526792,0.0,0.0,0.4985128254931597,0.0,0.0,0.3050200203145435,0.0,0.0,0.0,0.0,0.0,0.0,0.0,0.0,0.4187984755043737,0.0,0.2393544349776207,0.0,0.0,0.4187984755043737,0.0,0.0,0.0,0.0,0.0,0.0,0.0,0.0,1.86566806626268,0.0,-0.0382159419686536,0.0,0.0,1.983158461487018,0.0,0.0,0.0,0.0,0.8903560891502813,0.0,-0.5437583449857115,0.0,6.169066348572155,0.0,0.0,0.0,0.0,0.0,0.0,0.0,0.0,0.0,0.0,0.0,0.0,9.093062423366815,11.097960235181072,5.755418347760745,0.0,0.0,0.0,0.0,0.0,0.0,0.0,0.0,0.0,0.0,0.0,-5.190401206941236,0.0,0.0,0.0,0.0,0.0,0.0,0.0,0.0,0.0,0.0,0.0,0.0,0.0,0.0,0.0,0.0,0.0,0.0,0.0,0.0,0.0,0.0,0.0,0.0,0.0,0.0,0.0,0.0,0.0,0.0,0.0,0.0,0.0,0.0,0.0,0.0,0.0,0.0,0.4985128254931597,0.0,11.097960235181072,2.040927067586294,5.532475514050848,0.0,0.0,3.385100056384928,0.0,0.0,1.7555178213526792,0.0,0.0,0.4985128254931597,0.0,0.0,0.3050200203145435,0.0,0.0,0.0,0.0,0.0,0.0,0.0,0.0,0.4617801338070665,0.0,0.5575452411100559,0.0,0.0,0.4617801338070665,0.0,0.0,0.0,0.0,0.0,0.0,0.0,0.0,2.2128043641563893,0.0,1.296492025733675,0.0,0.0,2.040927067586294,0.0,0.0,0.0,0.0,1.1657729078648094,0.0,0.0,0.0,6.169066348572155,0.0,0.0,0.0,0.0,0.0,0.0,0.0,0.0,0.0,0.0,0.0,0.0,9.093062423366815,11.097960235181072,5.755418347760745,0.0,0.0,0.0,0.0,0.0,0.0,0.0,0.0,0.0,0.0,0.0,0.0,0.0,0.0,0.0,0.0,0.0,0.0,0.0,0.0,0.0,0.0,0.0,0.0,0.0,0.0,0.0,0.0,0.0,0.0,0.0,0.0,0.0,0.0,0.0,0.0,0.0,0.0,0.0,0.0,0.0,0.0,0.0,0.0,0.0,0.0,0.0,0.0,0.0,0.0,58.395061728395056,2.3358024691358024,1.0341392386201838,11.097960235181072,-0.1197051516504981,-5.190401206941236,8.65796592715832,5.502129602002965,4.097960235181074,30.00645655515318,4.78664128604105,3.974503445057617,29.18413469583168,12.23332,0.48933,0.0,0.01067,0.52486,0.83067,0.43333,0.5041,0.75747,0.09153,0.02076,-0.07077,0.0732,0.58908,0.12521,0.0,0.19618,0.08174,0.12262,22.0,0.88,14.0,0.56,8.0,0.32,-6.0,-0.24,0.5,0.02,28.38235,1.13529,42.92019,14.53783,0.58151,8.42773,0.33711,11.71724,3.28951,0.13158,0.69676,0.02787,0.78276,0.03131,0.1016949152542373,25.06,4.0,5.0,5.0,5.0,3.0,4.0,0.6842105263157895,1.447314924650999,3.0714071658691013,4.228954381305962,4.950108303452452,4.982313973450589,4.926602846708166,85.39158055440896,181.21302278627687,249.50830849705176,292.05638990369465,293.9565244335848,290.66956795578176,0.2460314033175965,0.5221134684012984,0.7188867904818269,0.8414769112991561,0.8469516051957424,0.8374811807156328,4.435328124710843,2.81123588349274,1.6536886680558798,0.9325347459093898,0.9003290759112526,0.9560402026536758,0.2421360456887459,0.5138469680487509,0.7075048241725567,0.8281540042973229,0.8335420186467127,0.824221537180989,15.47382497667294,28.14746510433048,33.20727439995262,34.44732909395475,33.96652905501328,34.42363970625927,86.21048523356127,48.91465972327343,33.136017821780825,27.137161265391924,27.989345192742224,27.354518311943185,23.04,11.658402203856747,12.087408949011447,11.0,7.0,7.0,2.89,3.087299999999999,0.0666666666666666,4.517013427292975,0.5677404209761289,0.5345224838248487,19.799905614582663,8.333415186969654,3.0348008392486467,0.3333333333333333,0.4714045207910317,0.0,1.5000000000000004,0.2727272727272727,0.0,0.0,0.0,0.0,0.0,0.0,0.0,1.166,2.9890000000000003,3.021,2.527,1.334,14.36,33.0,31.0,33.0,43.0,35.0,35.0,41.0,40.0,34.0,375.0,3.4011973816621555,3.8394523125933104,3.993602992420569,4.329087249379662,4.836777815714431,4.706146103328094,4.786449533203602,5.016451679417695,5.125450968524837,4.968944867042047,6.949077148544043,2.7765,0.5,1.0,0.0,0.0,0.0,1.0,0.0,0.0,0.0,0.0,0.0,0.0,0.0,0.0,0.0,0.0,0.0,0.0,0.0,0.0,0.0,0.0,0.0,0.0,1.0,0.0,0.0,1.0,0.0,0.0,0.0,0.0,0.0,0.0,0.0,0.0,0.0,0.0,0.0,0.0,0.0,0.0,0.0,0.0,0.0,0.0,0.0,0.0,0.0,0.0,0.0,0.0,0.0,0.0,0.0,0.0,0.0,0.0,0.0,0.0,0.0,0.0,0.0,0.0,0.0,0.0,0.0,0.0,0.0,13.0,0.52,18.0,0.72,1.0,9.0,18.0,1.0,7.0,2.222222222222221,0.625,1.3422222222222229,0.5694444444444443,0.2448979591836735,0.3611111111111111,0.2383471907281431,0.14,0.1402918069584736,0.28,0.0673400673400673,0.0223214285714285,0.0536888888888889,0.0189814814814814,0.0106477373558118,0.0180555555555555,0.0113498662251496,0.0073684210526315,0.0100208433541766,0.5335257750298714,169.3546813754257,263.3705386300752,338.7093627508516,13.54837451003406,169.3546813754257,0.2008875990957354,0.0080355039638294,-4.012524339543415,420.6465308029712,16.825861232118847,15.104482216833643,102.59,371.99925220748,5.643856189774724,4.762173934797756,5.501258210544727,6.336825731146441,7.104144092987527,7.938445551164788,8.722742874329398,9.555418330069251,10.351213619358802,11.18260029635428,121.45482264075297,3.9318256327243257,0.0,5.209486152841421,0.0,6.639875833826536,0.0,8.13593277200489,0.0,9.669093450449065,9.916206324943902,371.22254519800094,6.291907545728829,48.79171617936338,1.951668647174535,15.772406331653658,10.11874148495479,2.4533297921574,2024.0,28.0,4.534,116.0,1.0,1.2787536009528289
0,0,0,0,0,0,0,0,0,0,0,0,0,0,0,0,0,0,0,0,0,0,0,0,0,0,0,0,0,0,0,0,0,0,0,0,0,0,0,0,0,0,0,0,0,0,0,0,0,0,0,0,0,0,0,0,0,0,0,0,0,0,0,0,0,0,0,0,0,0,0,0,0,0,0,0,0,0,0,0,0,0,0,0,0,0,0,0,0,0,0,0,0,0,0,0,0,0,0,0,0,0,0,0,0,0,0,0,0,0,0,0,0,0,0,0,0,0,0,0,0,0,0,0,0,0,0,0,0,0,0,0,0,0,0,0,0,0,0,0,0,0,0,0,0,0,0,0,0,0,0,0,0,0,0,0,0,0,0,0,0,0,0,0,0,0,0,0,0,0,0,0,0,0,0,0,0,0,0,0,0,0,0,2,4,3,1,2,2,5,1,2,1,2,3,4,2,2,2,2,5,0,0,0,0,0,0,0,0,0,0,0,0,0,0,0,0,2,3,2,3,0,0,0,0,0,0,0,0,0,0,0,0,0,0,0,0,0,1,5,2,5,1,2,0,0,0,0,0,0,0,0,0,0,0,0,0,0,0,0,0,0,0,0,0,0,0,0,0,0,0,0,0,0,0,0,0,0,0,0,0,0,0,0,0,0,0,0,0,0,0,0,0,0,0,0,0,0,0,0,0,0,0,0,0,0,0,0,0,0,0,0,0,0,0,0,0,0,0,0,0,0,0,0,0,0,0,0,0,0,0,0,0,0,0,0,0,0,0,0,0,0,0,0,0,0,0,0,0,0,0,0,0,0,0,0,0,0,0,0,0,0,0,0,0,0,0,0,0,0,0,0,0,0,0,0,0,0,0,0,0,0,0,0,0,0,0,0,0,0,0,0,0,0,0,0,0,0,0,0,0,0,0,0,0,0,0,0,0,0,0,0,0,0,0,0,0,0,0,0,0,0,0,0,0,0,0,0,0,0,0,0,0,5,2,3,1,1,2,1,0,0,0,0,0,0,0,0,0,0,0,0,0,0,0,0,0,0,0,0,0,0,0,0,0,0,0,0,0,0,0,0,0,0,0,0,0,0,0,0,0,0,0,0,0,0,0,0,0,0,0,0,0,0,0,0,0,0,0,0,0,0,0,0,0,0,0,0,0,0,0,0,0,0,0,0,0,0,0,0,0,0,0,0,0,0,0,0,0,0,0,0,0,0,0,0,0,0,0,0,0,0,0,0,0,0,0,0,0,0,0,0,0,0,0,0,0,0,0,0,0,0,0,0,0,0,0,0,0,0,0,0,0,0,0,0,0,0,0,0,0,0,0,0,0,0,0,0,0,2,5,2,4,0,0,0,0,0,0,0,0,0,0,0,0,0,0,0,0,0,0,0,0,0,2,2,2,1,2,2,2,1,0,0,0,0,0,0,0,0,0,0,0,2,2,2,2,2,4,3,2,2,0,0,0,0,0,0,2,2,2,2,2,0,0,1,0,0,0,0,5,5,0,0,0,0,0,0,0,0,0,0,0,1,5,2,5,0,0,0,0,0,2,0,0,0,0,0,0,0,1,2,2,2,2,2,1,0,0,0,0,0,0,0,0,0,0,0,0,0,0,0,3,2,3,0,2,3,4,0,0,0,0,0,0,0,0,0,0,0,0,0,0,0,0,0,0,0,0,0,0,0,0,0,0,0,0,0,0,0,0,2,2,2,1,2,2,2,2,2,0,0,0,0,0,0,0,0,0,0,0,0,0,0,0,0,0,0,0,0,0,0,0,0,3,2,2,2,3,1,1,2,3,2,0,0,0,5,2,3,0,0,0,0,0,0,0,1,2,0,0,0,0,0,0,0,2,2,2,0,0,0,0,0,0,0,0,0,0,0,0,0,0,0,0,0,0,0,0,0,0,0,0,0,0,0,0,0,0,0,0,0,0,0,0,0,0,0,0,0,0,0,0,0,0,0,0,0,0,0,0,0,0,0,0,0,0,0,0,0,0,0,0,0,0,0,2,5,4,0,1,1,2,2,2,2,2,3,2,0,0,0,3,2,2,3,0,0,0,0,0,0,0,0,0,0,0,0,2,2,0,0,0,0,0,0,0,0,0,0,0,0,0,0,0,0,0,0,0,0,0,0,0,0,0,0,0,0,0,0,0,2,2,2,2,4,5,0,0,0,0,0,0,0,0,0,0,0,0,0,0,0,0,0,0,0,0,0,0,0,0,0,0,0,0,0,0,0,0,0,0,3,0,0,0,0,0,0,0,0,0,0,0,0,0,0,0,0,0,0,0,0,0,0,0,0,0,0,2,3,0,0,0,0,0,0,2,2,5,5,1,1,0,0,0,0,0,0,0,0,0,0,0,0,0,0,0,0,0,0,0,0,0,0,2,1,2,0,0,0,0,0,0,0,0,0,3,3,5,0,0,1,5,0,0,0,0,0,0,0,0,0,0,0,0,0,0,0,3,2,0,0,0,0,2,2,2,0,0,0,0,2,2,2,2,1,0,0,0,2,3,2,2,2,1,0,0,2,2,1,2,2,0,0,0,0,0,0,0,0,0,0,0,0,1,2,3,0,0,0,0,0,0,0,0,0,0,0,0,0,0,0,0,0,0,0,0,0,0,0,0,0,0,0,0,0,0,0,0,0,0,0,0,0,0,0,1,2,0,0,0,0,1,0,0,0,0,0,0,0,0,0,0,0,0,0,0,0,0,0,0,0,0,0,0,0,0,0,0,0,0,0,0,0,0,0,0,0,0,0,0,0,0,0,0,0,0,0,0,0,0,0,0,0,0,0,0,0,0,0,0,0,0,0,0,0,0,0,0,0,0,0,0,0,0,0,0,0,0,0,0,0,0,0,0,0,0,0,5,2,0,0,0,0,0,0,4,2,0,0,0,0,0,0,0,0,0,0,0,0,1,3,3,2,0,0,0,0,0,0,0,0,0,0,0,0,0,0,0,0,0,0,0,0,0,0,0,0,0,0,0,0,0,0,0,0,0,0,0,0,0,0,0,0,0,0,0,2,1,0,0,0,0,0,0,0,0,0,0,0,0,0,0,0,0,0,0,0,0,0,0,2,2,2,5,0,0,0,0,0,0,0,2,2,0,0,0,0,0,0,0,0,2,2,2,1,0,0,0,0,2,2,2,2,0,2,1,2,2,2,0,2,2,0,0,0,0,0,0,0,0,0,0,0,0,0,0,0,0,0,0,1,2,2,0,0,0,0,0,0,0,0,0,0,0,0,0,0,0,0,2,2,5,2,2,1,0,0,0,0,0,0,0,3,2,0,3,4,2,4,1,1,2,0,1,1,4,3,3,3,1,3,4,1,1,0,4,0,0,1,3,2,2,2,4,0,3,1,2,2,3,4,0,2,1,3,1,0,1,2,4,0,0,1,4,2,1,1,2,0,2,3,4,1,2,4,0,3,4,4,2,0,3,1,3,3,1,4,4,1,3,4,2,2,0,2,3,3,3,2,4,0,4,3,3,1,3,2,3,0,4,3,0,2,4,0,4,4,2,0,2,4,2,3,2,3,1,0,2,2,1,0,3,2,2,2,4,4,0,3,3,0,3,2,4,2,0,1,1,0,0,3,0,1,3,1,1,3,2,4,0,0,0,1,0,4,0,3,4,2,3,3,4,2,0,2,2,0,0,1,4,3,1,2,0,4,0,4,4,2,4,3,2,0,3,0,1,2,3,3,3,4,1,3,1,2,0,1,0,3,0,1,2,0,3,2,2,2,4,0,0,2,1,4,3,3,2,0,3,2,3,3,2,4,2,3,4,0,0,1,2,4,4,0,0,2,2,3,4,1,2,4,1,0,0,1,1,1,4,3,2,4,3,4,1,1,1,1,3,0,0,0,1,1,4,4,3,4,0,2,3,4,0,0,3,3,0,2,1,1,4,4,1,4,0,4,0,1,4,1,4,2,3,4,2,2,0,1,3,4,4,2,4,2,4,4,4,2,4,1,2,1,4,3,0,0,4,4,3,4,0,3,3,0,0,3,3,4,4,1,3,1,4,1,2,3,4,2,1,1,2,0,0,0,3,4,3,4,2,2,3,4,2,2,4,0,3,2,1,1,4,1,2,1,4,4,3,0,0,3,0,0,0,0,0,0,0,0,0,0,0,0,0,0,0,0,0,0,0,0,0,0,0,0,0,0,0,0,0,0,0,0,0,0,0,0,0,0,0,0,0,0,0,0,0,0,0,0,0,0,0,0,0,0,0,0,0,0,0,0,0,0,0,0,0,0,0,0,0,0,0,0,0,0,0,0,0,0,0,0,0,2,1,2,0,2,2,2,3,3,2,2,3,1,2,2,0,0,0,0,0,0,0,2,3,2,3,3,5,4,0,2,5,0,5,2,0,0,0,0,2,2,5,2,0,0,0,0,0,0,0,0,0,0,0,0,0,0,0,0,0,0,0,0,0,0,0,0,0,0,0,0,0,0,0,0,0,0,0,0,0,0,0,0,0,0,0,0,0,0,0,0,0,0,0,0,0,0,0,0,0,0,0,0,0,0,0,0,0,0,0,0,0,0,0,0,0,0,0,0,0,0,0,0,0,0,0,0,0,0,0,0,0,0,0,0,0,0,0,0,2,1,1,1,5,5,3,1,1,5,4,1,3,1,3,3,0,0,0,0,0,0,0,0,0,0,0,0,0,0,0,0,0,0,0,0,0,0,0,0,0,0,0,0,0,0,0,0,0,0,0,0,0,0,0,0,0,0,0,0,0,0,0,0,0,0,0,0,0,0,0,0,0,0,0,0,0,0,0,0,0,0,0,0,0,0,0,0,0,0,0,0,0,0,0,0,0,0,0,0,0,0,0,0,0,0,0,0,0,0,0,0,0,0,0,0,0,0,0,0,0,0,0,0,0,0,0,0,0,0,0,0,0,0,0,0,0,0,0,0,0,0,0,0,0,0,0,0,0,0,0,0,0,0,0,0,0,0,0,0,0,0,0,0,0,0,0,0,0,0,0,0,0,0,0,0,0,0,0,0,0,0,0,0,0,0,0,0,0,0,0,0,0,0,0,0,0,0,0,0,0,0,0,0,0,0,0,0,0,0,0,0,0,0,0,0,0,0,0,0,0,0,0,0,0,0,0,0,0,0,0,0,0,0,0,0,0,0,0,0,0,0,0,0,0,0,0,0,0,0,0,0,0,0,0,0,0,0,0,0,0,0,0,0,0,0,0,0,0,0,0,0,0,0,0,0,0,0,0,0,0,0,0,0,0,0,0,0,0,0,0,0,0,0,0,0,0,0,0,0,3,3,2,3,2,2,4,2,3,1,1,2,5,5,1,2,1,0,0,0,0,0,0,0,0,0,0,0,0,0,0,0,0,0,0,0,0,0,0,0,0,0,0,0,0,0,0,0,0,0,0,0,0,0,0,0,0,0,0,0,0,0,0,0,0,0,0,0,0,0,0,0,0,0,0,0,0,0,0,0,0,0,0,0,0,0,0,0,0,0,0,0,0,0,0,0,0,0,0,0,0,0,0,0,0,0,0,0,0,0,0,0,0,0,0,0,0,0,0,0,0,0,0,0,0,0,0,0,0,0,0,0,0,0,0,0,0,0,0,0,0,0,0,0,0,0,1,1,2,4,1,3,2,3,1,3,4,5,3,3,1,3,5,4,1,2,4,3,3,1,3,3,1,3,1,1,2,1,3,2,2,5,3,2,2,3,4,1,2,2,4,0,0,0,0,0,0,0,0,0,0,0,0,0,0,0,0,0,0,0,0,0,0,0,0,0,1,0,0,0,0,0,0,0,1,0,0,1,0,0,0,0,0,0,0,1,0,0,0,0,0,0,1,0,0,0,0,1,0,0,0,0,0,0,0,0,0,0,0,0,0,0,0,0,0,0,0,0,0,0,0,0,1,0,0,0,0,0,0,0,0,0,0,0,0,0,0,0,0,0,0,0,0,0,1,0,0,0,0,0,0,0,0,0,0,0,0,0,0,0,0,0,0,0,0,0,1,0,0,0,0,0,0,0,0,0,0,0,1,0,0,0,0,1,0,0,0,0,0,0,0,0,0,0,0,0,0,0,0,0,0,0,0,0,0,0,0,0,0,0,0,1,0,0,0,0,0,0,0,0,0,0,0,0,0,0,0,0,0,0,0,0,0,0,0,0,0,0,0,0,0,0,0,0,0,0,0,0,1,0,0,0,0,0,0,0,1,0,0,0,0,0,0,0,0,0,0,0,0,0,0,0,0,0,0,0,0,0,0,0,0,0,0,1,0,0,0,0,0,1,0,0,0,0,0,0,0,0,0,0,0,0,0,0,0,0,0,0,0,0,0,0,0,0,0,0,0,0,0,0,1,0,0,0,0,0,0,0,0,0,0,0,0,0,0,0,0,0,0,0,0,0,0,0,0,0,0,0,1,0,1,0,0,0,0,0,0,0,1,1,0,0,0,0,0,0,0,0,0,0,0,0,0,0,1,0,0,0,0,0,0,0,0,0,0,0,1,0,0,0,0,0,0,0,0,0,0,0,0,0,0,0,0,0,0,0,0,0,0,0,0,0,0,0,0,0,0,0,0,0,1,0,0,0,0,0,0,0,0,0,0,0,0,0,0,0,0,0,0,0,0,0,1,0,0,0,0,0,0,0,0,0,0,0,0,0,1,0,0,0,0,0,0,0,0,0,0,0,0,0,0,0,0,0,0,0,0,0,0,0,0,0,0,0,1,0,1,0,0,0,0,0,1,0,0,0,0,0,0,0,0,0,0,0,0,0,1,0,0,0,0,0,0,0,0,0,0,0,0,1,0,0,0,0,0,0,0,0,0,0,0,0,0,0,0,0,0,0,0,1,0,0,0,0,0,0,0,0,0,0,1,1,0,0,0,0,0,0,0,0,0,0,0,0,0,0,0,0,0,0,0,0,1,0,0,0,0,0,0,0,0,0,0,0,0,0,0,0,0,0,0,0,0,0,0,0,0,0,0,0,0,1,0,0,1,0,0,0,0,0,0,0,0,0,0,0,0,0,0,0,0,0,0,0,0,0,0,0,1,0,0,0,0,0,0,0,0,0,0,0,0,0,0,1,0,0,0,0,0,0,0,0,0,0,0,1,0,0,0,0,0,0,0,0,0,0,0,0,0,0,0,0,0,0,0,0,0,0,0,0,0,0,0,0,0,0,0,0,0,0,0,0,0,0,0,0,0,0,0,0,1,0,0,0,0,0,1,0,0,0,0,0,0,1,1,0,0,0,0,0,0,0,0,0,0,0,0,0,0,0,0,0,0,0,0,0,0,0,0,1,0,0,0,0,0,0,0,0,0,0,0,0,0,0,1,0,1,0,0,1,0,0,0,0,0,0,0,0,0,0,0,0,0,0,0,0,0,0,0,0,0,0,1,0,0,0,0,0,0,0,1,0,0,0,1,0,0,0,0,0,0,0,0,0,0,0,1,0,0,0,0,0,0,0,0,0,0,0,0,0,0,0,0,0,0,0,0,0,0,0,0,0,0,0,0,0,0,0,0,0,0,0,0,0,0,0,0,0,0,0,0,0,0,0,0,0,0,0,1,1,0,0,0,0,0,0,0,0,0,0,0,1,0,0,0,0,0,0,1,0,0,0,0,0,0,0,0,0,0,0,0,0,0,0,0,0,0,0,0,0,0,0,0,0,0,0,0,0,0,0,0,0,0,1,0,0,0,0,0,0,0,0,0,0,0,0,0,0,0,0,0,0,0,0,0,0,0,0,0,0,0,0,0,0,0,0,0,0,0,0,0,1,0,0,0,0,0,0,0,0,0,0,0,0,0,0,0,0,0,0,0,0,0,0,0,0,0,0,0,0,0,0,0,0,0,0,0,0,0,0,0,0,0,0,0,0,0,0,0,0,0,0,0,0,0,0,0,0,0,0,0,0,0,0,0,0,0,0,0,0,0,0,0,0,0,0,0,0,0,0,0,0,0,0,0,0,0,0,0,0,0,0,0,0,0,0,0,0,0,0,0,0,0,0,0,0,0,0,0,0,0,0,0,0,0,0,0,0,0,0,0,0,0,0,0,0,0,0,0,0,0,0,0,0,0,0,0,0,2.0,-2.1929999999999987,4.809248999999994,65.9389,61.75737599999995,6.0,6.0,57.0,25.0,32.0,0.0,18.0,1.0,5.0,0.0,1.0,0.0,0.0,0.0,0.0,0.0,5064.678212432658,5578.907533952,6646.570667574002,5847.756726574012,5679.212525098021,6165.021785054013,5095.056785574011,4513.398840764019,4575.192965956016,10540.02934808784,13416.997063407547,18627.002008515494,20369.73965398035,19474.55559641985,19023.967974569703,18099.93229748693,15431.857313097162,13358.93965391605,434.0055769999996,438.6141160000004,796.7981900000004,1050.6754100000007,1162.236114000002,1009.7240660000018,1013.3231820000004,927.7799480000018,720.7930160000016,82.03073295516782,98.6270812519999,141.32270648158405,164.38403900516835,164.74529448809147,158.80622557645034,144.8618813660741,129.67142800505368,110.42834391456373,9448.130433374568,8403.507590189101,16078.739190121109,22640.29465050773,26096.388800587327,22349.659022823067,21489.6154934066,20755.3919582113,15876.538055190756,244.9652301478433,141.93055555555554,389.4243827160494,336.707561728395,325.2546296296296,362.0663580246912,388.4763374485598,286.4552469135802,243.3287037037036,88.85400372688873,97.87557077108772,64.5298123065437,41.76969090410008,36.17332818533771,45.0001590149928,38.89356324865657,36.10719072611215,47.16693779336099,184.9127955804884,235.3859133931149,180.8446796943252,145.49814038557392,124.04175539120924,138.8610801063482,138.16742211822086,123.45485850477728,137.7210273599593,7.614132929824554,7.694984491228077,7.735904757281558,7.504824357142862,7.402777796178356,7.370248656934319,7.735291465648857,7.422239584000015,7.430855835051562,1.4391356658801373,1.7302996710877174,1.3720651114716895,1.174171707179774,1.0493330859114107,1.159169529755112,1.105815888290642,1.0373714240404297,1.138436535201688,165.75667426972925,147.42995772261582,156.10426398175832,161.71639036076954,166.21903694641608,163.1361972468837,164.04286636188235,166.0431356656904,163.67565005351292,4.297635616628829,2.4900097465886937,3.780819249670383,2.4050540123456785,2.071685539042227,2.642820131567089,2.9654682247981663,2.2916419753086417,2.5085433371515835,0.9555563800091644,-0.7928855097360775,0.636640623997615,-0.3085497167534013,-0.2910399366975332,0.5964598286987594,-0.4445250774126662,0.0245583118358508,0.2076190349248492,2618.19071861902,590.2836752911278,122.35862819090572,-782.7597902728128,451.8012675427917,324.5057044059919,-1526.619233704017,307.0230601188039,644.4888969378081,2841.799788757836,39.12570241827555,-330.19856509268686,-895.8244134849233,552.2295411071968,395.1670180600234,-1106.8515010192282,233.33439069581823,493.4197798653748,5.134783999999991,-1.245135000000006,4.855688000000003,-0.6479149999999978,-1.240251999999994,2.069301000000014,-3.051580000000027,-0.7392669999999903,0.6211090000000072,18.58329449612635,-3.140129523578924,-2.041532048646765,-4.095943363364562,5.685185995748119,-4.174282435912545,-2.404847518172513,3.220955245437196,1.1980081480416749,74.74525018419142,-2.312708615460997,-8.809907170854345,-8.916372132576463,12.968744142479334,-8.050919285340342,-7.715268994171144,3.5236415118609457,0.579959715695967,95.19597695847604,-31.2726628241844,99.71612051829432,-11.800039475525514,-22.48611106419955,57.45201974729744,-64.59225983688191,-13.833092283937717,22.990992579804487,0.0167641470177046,-0.0139102721006329,0.0061809769320156,-0.0022039265482385,-0.001853757558583,0.0043537213773632,-0.0033933212016234,0.0001964664946868,0.0021404024219056,45.93317050208807,10.355853952475924,1.187947846513648,-5.59114135909152,2.877715079890393,2.368654776686072,-11.653581936671886,2.4561844809504314,6.644215432348537,49.85613664487431,0.6864158318995711,-3.205811311579484,-6.398745810606595,3.5173856121477507,2.884430788759295,-8.449248099383421,1.866675125566546,5.086801854282214,0.0900839298245612,-0.0218444736842106,0.0471426019417476,-0.0046279642857142,-0.0078996942675158,0.0151043868613139,-0.0232945038167941,-0.0059141359999999,0.0064031855670103,0.326022710458357,-0.0550899916417355,-0.0198206995014249,-0.0292567383097468,0.0362113757690963,-0.0304692148606755,-0.0183576146425382,0.0257676419634975,0.0123505994643471,1.3113201786700248,-0.0405738353589648,-0.0855330793286829,-0.0636883723755461,0.0826034658756645,-0.0587658341995645,-0.0588951831616117,0.0281891320948875,0.0059789661411955,1.6701048589206324,-0.5486432074418315,0.9681176749348964,-0.0842859962537536,-0.1432236373515895,0.4193578083744338,-0.4930706857777245,-0.1106647382715017,0.23702054205984,-0.8297631896178365,0.368702143060899,-0.131466667878241,-0.1105786984941887,0.2597043185534722,-0.2024153807551148,0.0117194447459401,0.1276773831466152,0.2254548039962789,0.0258625266561916,-0.1217233928765564,0.0626500424080148,0.0515674130654315,-0.2537073276085335,0.0534730011906923,0.1446496150760265,0.0137679306519259,-0.0643012380685351,-0.1283441967472312,0.0705507054668539,0.0578550802944303,-0.1694725798664964,0.0374412309333731,0.1020296035072983,-0.2424902391220367,0.5233186655328866,-0.0513739164657586,-0.0876926026972909,0.1676701592695813,-0.2585866742510037,-0.0656513987735406,0.0710802201844503,-0.1689759328860379,-0.0607954564685352,-0.0897383445116895,0.1110701021968271,-0.0934573386554534,-0.0563077787333563,0.0790363405275378,0.0378826353752577,-0.0309412117795029,-0.0652266934650794,-0.0485681326433492,0.0629925987712956,-0.044814252960834,-0.0449128932198273,0.0214967576595044,0.0045595013624052,-0.3285082397738862,0.579674784947682,-0.0504674875972917,-0.0857572724171062,0.2510966938000884,-0.2952333700150958,-0.0662621497568859,0.141919557202548,1.9893227564977785,0.5577175140586761,1.0112033159160323,0.862434685907828,0.6815182357788132,1.2738347704470958,0.8850782541061306,0.8220468806098928,0.9617325190929428,0.9283511969145624,1.001134915951629,0.8039454146731629,1.0363569039092289,1.2035937216546824,0.7971325255053909,0.8578679899871632,1.2406663783281404,1.1553615621522462,1.1469800701557775,0.885854011533,0.974844157660355,1.127146619382377,0.9166060636271351,0.9038098241986304,1.1009256276886477,0.509031665301879,0.8699559319340423,0.9340986549824662,0.5633534719592083,1.544037232995453,0.9337650658722956,0.796712283230627,1.6697547481741943,1.079179382058912,0.9764926913990726,0.7098190492860464,1.312850227376024,0.918551762483276,0.713175727485294,1.0161480385186032,1.4553210702602086,1.2248046544119957,1.1120625749673123,0.8556779652674432,1.0769036906526388,1.0369913058285742,0.8948408147190929,0.9725962766849436,1.1478516747058771,0.2911704760801041,0.7289378075393845,0.7560585270383771,0.4727257461750426,1.7817414969717578,0.8216339888065346,0.545014649049208,278.3343205063095,139.7328726327852,218.704290642398,280.00832050630925,11.20033282025237,139.7328726327852,1.992857142856877,0.3223818500146282,0.0128952740005851,-2.83004641603763,584.1200054019794,23.36480021607917,15.925266126050836,278.1811031095988,139.64780893520867,218.62036443557213,279.8619836389536,11.194479345558149,139.64780893520867,2.001048249231957,0.3241269716472882,0.0129650788658915,-2.8165498803937594,568.3165523355115,22.73266209342046,15.856696434828004,344.62902644638973,171.23615415151366,263.7372972949255,342.98992065743425,13.719596826297373,171.23615415151366,-2.1567181433624114,0.2037991409842686,0.0081519656393707,-3.9765509329904254,428.8536750361952,17.15414700144781,15.15278944228496,291.2887193886917,146.28980373816887,226.1257056360016,292.4763364293261,11.699053457173042,146.28980373816887,1.290888087646067,0.2208641143567094,0.0088345645742683,-3.7755190843423287,401.8249208382062,16.072996833528247,14.990041183623848,383.9497593313746,189.28002554753888,294.7130721746854,380.08343177499074,15.20333727099963,189.28002554753888,-5.389708236296883,0.2881837074821132,0.0115273482992845,-3.1103928224976203,594.4834178729778,23.779336714919115,15.96923205795415,297.51440323603657,149.26577654746967,230.58458506863337,298.45018110622715,11.938007244249086,149.26577654746967,1.0171498589027692,0.216372631017845,0.0086549052407138,-3.826883035119649,441.8583392216657,17.67433356886663,15.227473328020658,349.82107953500343,174.2310052888121,264.1633260474179,349.191690180436,13.96766760721744,174.2310052888121,-0.9143513061624732,0.114623268826325,0.004584930753053,-5.4152611286309575,245.1290899830969,9.805163599323874,13.754462424182412,1.0,11.850000000000003,30.973762973969944,-0.3710985705299875,0.4488835520577366,2.5334051809149187,9.329539837230769,25.0,57.0,56.0,50.0,18.0,1.0,1.0,0.0,0.0,7.0,46.59262399999999,4.403677040002348,3.8226817808520783,3.5239239416645725,3.4673395914624203,3.220847881030258,2.98124321890936,2.738108496197494,2.619181913839716,1.9866093390617416,1.897541724953068,1.80185647776156,1.6847952817980738,1.4193138595552584,1.3607260928372675,1.1977263076576692,1.0822503020169492,3.815696191492919,3.548268741255264,3.4960662066331256,3.3259096171662064,3.216274564646577,2.961293952217657,2.756678908896225,2.6458150318986755,1.971419872262938,1.844675579684876,1.804511344008188,1.625261864774276,1.5402046259342943,1.3588615581453465,1.2730460328919588,1.067787386817718,3.881736252124762,3.703870049924967,3.628814184221519,3.5047318607029028,3.385000242127376,3.1280316989724466,2.9676615397862527,2.771820215479788,1.873645571374296,1.657861666670909,1.6269072807250564,1.3978924351527515,1.3120911887464617,1.1092048416853597,0.9920460377783696,0.7986202314843532,3.8650421986422265,3.813909293256798,3.522991960895755,3.479005698160134,3.236212950035234,2.9753603954719616,2.78523149204012,2.6659250192640225,1.960158378940024,1.814040765381492,1.775882271808227,1.5857716165689857,1.398058431502239,1.3119839011580987,1.2161467220725697,1.0062905754180818,3.90354480118239,3.728286671871704,3.684818730218511,3.4962415264911093,3.4474684364859107,3.188019457745757,3.0580632784173822,2.8380785876458896,1.852680873097583,1.609130695717042,1.5829283299824388,1.348753369634848,1.316977574001298,1.0539356632100394,0.905147934860596,0.7385642758080619,5.014202710370491,4.009284591300398,3.986743061336692,3.89350266673025,3.7918941940476034,3.5230895653696184,3.374904496220382,3.131775043439576,1.857059043475986,1.8002451299425304,1.6546058288099437,1.5218075650436165,1.2363658775808757,1.1456181261977536,1.0757794593534145,0.7876356320464224,0.0,0.0,0.0,5.0,1.0,4.0,7.0,1.0,0.0,0.0,0.0,0.0,0.0833333333333333,0.1178511301977579,0.0,0.0,0.0,0.0277777777777777,0.0309820853236225,3.176015243430232,0.6035533905932737,0.0,0.0,1.1981277321045205,0.1667094358045406,0.0,0.0,2.8231321849709867,2.998728423713046,4.45482846497283,1.1230886185547233,1.1177129115709428,1.2768194770126264,18.761302256177466,11.71725669574955,11.20674230225704,6.713391569832398,4.455426933239662,4.117177643362133,2.19890718226057,1.4184398865812775,0.7504520902470986,0.4686902678299819,0.3395982515835466,0.2165610183816902,0.1350129373708988,0.0957483172874914,0.0628259194931591,0.0405268539023222,15.54104049423259,9.307580556567514,7.134973298851822,4.103755217854665,2.4975406891861027,1.8157736377831497,0.9200901333941298,0.5076817808659544,0.6216416197693035,0.3723032222627005,0.2162113120864188,0.1323792005759569,0.0756830511874576,0.0422272939019337,0.0262882895255465,0.0145051937390272,32.18825870140439,56.937727603787415,54.403921568627375,55.21200000000006,36.01040479041921,437.6925844311378,0.5647062930070946,0.998907501820832,0.9544547643618838,0.9686315789473696,0.6317614875512142,7.678817270721716,2.8151000000000064,93.37200000000006,188.7188425843873,282.9018321876878,377.43768516877446,15.097507406750983,188.7188425843873,0.2078178882342391,0.0083127155293695,-3.927732800307217,335.5313952835341,13.421255811341366,14.539288824074635,673.0,3.0,0.0,6.0,6.0,6.0,1.0,0.0,5.0,0.0,0.0,1.0,0.0,0.0,2.0,0.0,0.0,1.0,0.0,0.0,0.0,0.0,0.0,0.0,0.0,0.0,4.0,0.0,11.0,0.0,0.0,4.0,0.0,0.0,0.0,0.0,0.0,0.0,0.0,0.0,2.0,0.0,9.0,0.0,0.0,4.0,0.0,0.0,0.0,0.0,2.0,0.0,1.0,0.0,1.0,0.0,0.0,0.0,0.0,0.0,0.0,0.0,0.0,0.0,0.0,0.0,0.0,2.0,1.0,2.0,0.0,0.0,0.0,0.0,0.0,0.0,0.0,0.0,0.0,0.0,0.0,1.0,0.0,0.0,0.0,0.0,0.0,0.0,0.0,0.0,0.0,0.0,0.0,0.0,0.0,0.0,0.0,0.0,0.0,0.0,0.0,0.0,0.0,0.0,0.0,0.0,0.0,0.0,0.0,0.0,0.0,0.0,0.0,0.0,0.0,0.0,0.0,0.0,0.0,0.0,1.5867678935230851,0.0,45.02303364492445,9.879920488520243,29.716373304655924,1.700195587592138,0.0,17.88668923834967,0.0,0.0,2.107881067681435,0.0,0.0,1.2192478732085417,0.0,0.0,0.3675200203145435,0.0,0.0,0.0,0.0,0.0,0.0,0.0,0.0,1.8332235451534928,0.0,4.501032657621328,0.0,0.0,1.8332235451534928,0.0,0.0,0.0,0.0,0.0,0.0,0.0,0.0,3.946552015194156,0.0,8.001937353905378,0.0,0.0,7.9040384050854,0.0,0.0,0.0,0.0,1.975882083434844,0.0,-0.7659805672079334,0.0,6.044066348572155,0.0,0.0,0.0,0.0,0.0,0.0,0.0,0.0,0.0,0.0,0.0,0.0,17.741680402289187,10.875738012958852,10.36154888110426,0.0,0.0,0.0,0.0,0.0,0.0,0.0,0.0,0.0,0.0,0.0,-5.690401206941236,0.0,0.0,0.0,0.0,0.0,0.0,0.0,0.0,0.0,0.0,0.0,0.0,0.0,0.0,0.0,0.0,0.0,0.0,0.0,0.0,0.0,0.0,0.0,0.0,0.0,0.0,0.0,0.0,0.0,0.0,0.0,0.0,0.0,0.0,0.0,0.0,0.0,0.0,0.3675200203145435,0.0,4.626130533343512,0.8656647311255898,2.820199906982087,1.700195587592138,0.0,3.26021137093173,0.0,0.0,2.107881067681435,0.0,0.0,0.6096239366042708,0.0,0.0,0.3675200203145435,0.0,0.0,0.0,0.0,0.0,0.0,0.0,0.0,0.4392066387696799,0.0,0.2428146425900774,0.0,0.0,0.4392066387696799,0.0,0.0,0.0,0.0,0.0,0.0,0.0,0.0,1.74066806626268,0.0,-0.1291544124079671,0.0,0.0,1.951908461487018,0.0,0.0,0.0,0.0,0.8656647311255898,0.0,-0.7659805672079334,0.0,6.044066348572155,0.0,0.0,0.0,0.0,0.0,0.0,0.0,0.0,0.0,0.0,0.0,0.0,8.870840201144594,10.875738012958852,4.626130533343512,0.0,0.0,0.0,0.0,0.0,0.0,0.0,0.0,0.0,0.0,0.0,-5.690401206941236,0.0,0.0,0.0,0.0,0.0,0.0,0.0,0.0,0.0,0.0,0.0,0.0,0.0,0.0,0.0,0.0,0.0,0.0,0.0,0.0,0.0,0.0,0.0,0.0,0.0,0.0,0.0,0.0,0.0,0.0,0.0,0.0,0.0,0.0,0.0,0.0,0.0,0.0,0.6096239366042708,0.0,10.875738012958852,2.000110741055681,6.630110220936686,1.700195587592138,0.0,3.997051455458291,0.0,0.0,2.107881067681435,0.0,0.0,0.6096239366042708,0.0,0.0,0.3675200203145435,0.0,0.0,0.0,0.0,0.0,0.0,0.0,0.0,0.4774051338070665,0.0,0.7165014496024746,0.0,0.0,0.4774051338070665,0.0,0.0,0.0,0.0,0.0,0.0,0.0,0.0,2.205883948931476,0.0,1.287603136844786,0.0,0.0,2.000110741055681,0.0,0.0,0.0,0.0,1.1102173523092538,0.0,0.0,0.0,6.044066348572155,0.0,0.0,0.0,0.0,0.0,0.0,0.0,0.0,0.0,0.0,0.0,0.0,8.870840201144594,10.875738012958852,5.735418347760746,0.0,0.0,0.0,0.0,0.0,0.0,0.0,0.0,0.0,0.0,0.0,0.0,0.0,0.0,0.0,0.0,0.0,0.0,0.0,0.0,0.0,0.0,0.0,0.0,0.0,0.0,0.0,0.0,0.0,0.0,0.0,0.0,0.0,0.0,0.0,0.0,0.0,0.0,0.0,0.0,0.0,0.0,0.0,0.0,0.0,0.0,0.0,0.0,0.0,0.0,60.395061728395056,2.4158024691358024,1.2841392386201838,10.875738012958852,-0.1097051516504981,-5.690401206941236,8.132662935987828,6.002129602002965,3.875738012958852,30.458278151934586,5.28664128604105,3.7522812228353946,29.419463945674323,12.06665,0.48267,0.0,0.01733,0.5462,0.86133,0.43333,0.52275,0.78391,0.11287,0.02345,-0.08942,0.07743,0.56037,0.15392,0.0,0.19889,0.08287,0.12431,22.5,0.9,14.5,0.58,8.0,0.32,-6.5,-0.26,0.5,0.02,27.05064,1.08203,42.92019,15.86955,0.63478,8.04643,0.32186,11.71724,3.67082,0.14683,0.69676,0.02787,0.78276,0.03131,0.1052631578947368,25.07,5.0,6.0,6.0,6.0,3.0,4.0,0.6666666666666666,1.505376145736699,3.174137820802729,4.2314126016183495,4.902722470153268,4.936058163660112,4.878392260540762,85.80644030699185,180.9258557857556,241.1905182922459,279.4551807987363,281.3553153286264,278.0683588508234,0.2580840958908884,0.5441792684406135,0.7254401491100769,0.8405305874527669,0.8462457121038216,0.8363593773745,4.327513868428043,2.6587521933620133,1.6014774125463926,0.930167544011474,0.89683185050463,0.95449775362398,0.2538261366259228,0.5352012136330885,0.7134715905926734,0.8266632277071876,0.8322840622863401,0.8225608356726579,16.30165080339059,29.67971789842454,34.36205544838963,35.56988510024946,35.07221488450304,35.545364505968166,86.24911093691576,47.0743665696807,33.16801897348557,27.67728542872133,28.54889622330559,27.895286156176542,23.04,11.658402203856747,12.087408949011447,11.0,7.0,7.0,2.67,3.0050999999999988,0.0666666666666666,4.230416791843979,0.5677404209761289,0.5345224838248487,18.14839030171158,8.123977647021302,2.6425603154184403,0.3333333333333333,0.4714045207910317,0.0,1.5000000000000004,1.279204298133663,0.1111111111111111,0.0,0.0,0.0,0.0,0.0,0.0,1.011,2.806,2.839,2.370000000000001,1.2479999999999998,13.8,33.0,31.0,33.0,43.0,35.0,35.0,41.0,40.0,34.0,375.0,3.4011973816621555,3.8394523125933104,3.993602992420569,4.329087249379662,4.836777815714431,4.706146103328094,4.786449533203602,5.016451679417695,5.125450968524837,4.968944867042047,6.949077148544043,2.7765,0.5,1.0,0.0,0.0,0.0,1.0,0.0,0.0,0.0,0.0,0.0,0.0,0.0,0.0,0.0,0.0,0.0,0.0,0.0,0.0,0.0,0.0,0.0,0.0,1.0,0.0,0.0,1.0,0.0,0.0,0.0,0.0,0.0,0.0,0.0,0.0,0.0,0.0,0.0,0.0,0.0,0.0,0.0,0.0,0.0,0.0,0.0,0.0,0.0,0.0,0.0,0.0,0.0,0.0,0.0,0.0,0.0,0.0,0.0,0.0,0.0,0.0,0.0,0.0,0.0,0.0,0.0,0.0,0.0,13.0,0.52,18.0,0.72,1.0,9.0,18.0,1.0,7.0,2.222222222222221,0.625,1.3422222222222229,0.5694444444444443,0.2448979591836735,0.3611111111111111,0.2383471907281431,0.14,0.1402918069584736,0.28,0.0673400673400673,0.0223214285714285,0.0536888888888889,0.0189814814814814,0.0106477373558118,0.0180555555555555,0.0113498662251496,0.0073684210526315,0.0100208433541766,0.5335257750298714,169.3546813754257,263.3705386300752,338.7093627508516,13.54837451003406,169.3546813754257,0.2008875990957354,0.0080355039638294,-4.012524339543415,420.6465308029712,16.825861232118847,15.104482216833643,111.82,363.4934942821743,5.643856189774724,4.762173934797756,5.501258210544727,6.336825731146441,7.104144092987527,7.938445551164788,8.722742874329398,9.555418330069251,10.351213619358802,11.18260029635428,121.45482264075297,3.9318256327243257,0.0,5.209486152841421,0.0,6.639875833826536,0.0,8.13593277200489,0.0,9.669093450449065,9.916206324943902,373.2018097540009,6.547400171122823,48.79171617936338,1.951668647174535,18.637136472812543,12.983471626113657,2.4533297921574,2024.0,28.0,3.765000000000001,116.0,1.0,0.3424226808222062
0,0,0,0,0,0,0,0,0,0,0,0,0,0,0,0,0,0,0,0,0,0,0,0,0,0,0,0,0,0,0,0,0,0,0,0,0,0,0,0,0,0,0,0,0,0,0,0,0,0,0,0,0,0,0,0,0,0,0,0,0,0,0,0,0,0,0,0,0,0,0,0,0,0,0,0,0,0,0,0,0,0,0,0,0,0,0,0,0,0,0,0,0,0,0,0,0,0,0,0,0,0,0,0,0,0,0,0,0,0,0,0,0,0,0,0,0,0,0,0,0,0,0,0,0,0,0,0,0,0,0,0,0,0,0,0,0,0,0,0,0,0,0,0,0,0,0,0,0,0,0,0,0,0,0,0,0,0,0,0,0,0,0,0,0,0,0,0,0,0,0,0,0,0,0,0,0,0,0,0,0,0,0,2,4,3,1,2,2,5,1,2,1,2,3,4,2,2,2,2,5,0,0,0,0,0,0,0,0,0,0,0,0,0,0,0,0,2,3,2,3,0,0,0,0,0,0,0,0,0,0,0,0,0,0,0,0,0,1,5,2,5,1,2,0,0,0,0,0,0,0,0,0,0,0,0,0,0,0,0,0,0,0,0,0,0,0,0,0,0,0,0,0,0,0,0,0,0,0,0,0,0,0,0,0,0,0,0,0,0,0,0,0,0,0,0,0,0,0,0,0,0,0,0,0,0,0,0,0,0,0,0,0,0,0,0,0,0,0,0,0,0,0,0,0,0,0,0,0,0,0,0,0,0,0,0,0,0,0,0,0,0,0,0,0,0,0,0,0,0,0,0,0,0,0,0,0,0,0,0,0,0,0,0,0,0,0,0,0,0,0,0,0,0,0,0,0,0,0,0,0,0,0,0,0,0,0,0,0,0,0,0,0,0,0,0,0,0,0,0,0,0,0,0,0,0,0,0,0,0,0,0,0,0,0,0,0,0,0,0,0,0,0,0,0,0,0,0,0,0,0,0,0,5,2,3,1,1,2,1,0,0,0,0,0,0,0,0,0,0,0,0,0,0,0,0,0,0,0,0,0,0,0,0,0,0,0,0,0,0,0,0,0,0,0,0,0,0,0,0,0,0,0,0,0,0,0,0,0,0,0,0,0,0,0,0,0,0,0,0,0,0,0,0,0,0,0,0,0,0,0,0,0,0,0,0,0,0,0,0,0,0,0,0,0,0,0,0,0,0,0,0,0,0,0,0,0,0,0,0,0,0,0,0,0,0,0,0,0,0,0,0,0,0,0,0,0,0,0,0,0,0,0,0,0,0,0,0,0,0,0,0,0,0,0,0,0,0,0,0,0,0,0,0,0,0,0,0,0,2,5,2,4,0,0,0,0,0,0,0,0,0,0,0,0,0,0,0,0,0,0,0,0,0,2,2,2,1,2,2,2,1,0,0,0,0,0,0,0,0,0,0,0,2,2,2,2,2,4,3,2,2,0,0,0,0,0,0,2,2,2,2,2,0,0,1,0,0,0,0,5,5,0,0,0,0,0,0,0,0,0,0,0,1,5,2,5,0,0,0,0,0,2,0,0,0,0,0,0,0,1,2,2,2,2,2,1,0,0,0,0,0,0,0,0,0,0,0,0,0,0,0,3,2,3,0,2,3,4,0,0,0,0,0,0,0,0,0,0,0,0,0,0,0,0,0,0,0,0,0,0,0,0,0,0,0,0,0,0,0,0,2,2,2,1,2,2,2,2,2,0,0,0,0,0,0,0,0,0,0,0,0,0,0,0,0,0,0,0,0,0,0,0,0,3,2,2,2,3,1,1,2,3,2,0,0,0,5,2,3,0,0,0,0,0,0,0,1,2,0,0,0,0,0,0,0,2,2,2,0,0,0,0,0,0,0,0,0,0,0,0,0,0,0,0,0,0,0,0,0,0,0,0,0,0,0,0,0,0,0,0,0,0,0,0,0,0,0,0,0,0,0,0,0,0,0,0,0,0,0,0,0,0,0,0,0,0,0,0,0,0,0,0,0,0,0,2,5,4,0,1,1,2,2,2,2,2,3,2,0,0,0,3,2,2,3,0,0,0,0,0,0,0,0,0,0,0,0,2,2,0,0,0,0,0,0,0,0,0,0,0,0,0,0,0,0,0,0,0,0,0,0,0,0,0,0,0,0,0,0,0,2,2,2,2,4,5,0,0,0,0,0,0,0,0,0,0,0,0,0,0,0,0,0,0,0,0,0,0,0,0,0,0,0,0,0,0,0,0,0,0,3,0,0,0,0,0,0,0,0,0,0,0,0,0,0,0,0,0,0,0,0,0,0,0,0,0,0,2,3,0,0,0,0,0,0,2,2,5,5,1,1,0,0,0,0,0,0,0,0,0,0,0,0,0,0,0,0,0,0,0,0,0,0,2,1,2,0,0,0,0,0,0,0,0,0,3,3,5,0,0,1,5,0,0,0,0,0,0,0,0,0,0,0,0,0,0,0,3,2,0,0,0,0,2,2,2,0,0,0,0,2,2,2,2,1,0,0,0,2,3,2,2,2,1,0,0,2,2,1,2,2,0,0,0,0,0,0,0,0,0,0,0,0,1,2,3,0,0,0,0,0,0,0,0,0,0,0,0,0,0,0,0,0,0,0,0,0,0,0,0,0,0,0,0,0,0,0,0,0,0,0,0,0,0,0,1,2,0,0,0,0,1,0,0,0,0,0,0,0,0,0,0,0,0,0,0,0,0,0,0,0,0,0,0,0,0,0,0,0,0,0,0,0,0,0,0,0,0,0,0,0,0,0,0,0,0,0,0,0,0,0,0,0,0,0,0,0,0,0,0,0,0,0,0,0,0,0,0,0,0,0,0,0,0,0,0,0,0,0,0,0,0,0,0,0,0,0,5,2,0,0,0,0,0,0,4,2,0,0,0,0,0,0,0,0,0,0,0,0,1,3,3,2,0,0,0,0,0,0,0,0,0,0,0,0,0,0,0,0,0,0,0,0,0,0,0,0,0,0,0,0,0,0,0,0,0,0,0,0,0,0,0,0,0,0,0,2,1,0,0,0,0,0,0,0,0,0,0,0,0,0,0,0,0,0,0,0,0,0,0,2,2,2,5,0,0,0,0,0,0,0,2,2,0,0,0,0,0,0,0,0,2,2,2,1,0,0,0,0,2,2,2,2,0,2,1,2,2,2,0,2,2,0,0,0,0,0,0,0,0,0,0,0,0,0,0,0,0,0,0,1,2,2,0,0,0,0,0,0,0,0,0,0,0,0,0,0,0,0,2,2,5,2,2,1,0,0,0,0,0,0,0,3,2,0,3,4,2,4,1,1,2,0,1,1,4,3,3,3,1,3,4,1,1,0,4,0,0,1,3,2,2,2,4,0,3,1,2,2,3,4,0,2,1,3,1,0,1,2,4,0,0,1,4,2,1,1,2,0,2,3,4,1,2,4,0,3,4,4,2,0,3,1,3,3,1,4,4,1,3,4,2,2,0,2,3,3,3,2,4,0,4,3,3,1,3,2,3,0,4,3,0,2,4,0,4,4,2,0,2,4,2,3,2,3,1,0,2,2,1,0,3,2,2,2,4,4,0,3,3,0,3,2,4,2,0,1,1,0,0,3,0,1,3,1,1,3,2,4,0,0,0,1,0,4,0,3,4,2,3,3,4,2,0,2,2,0,0,1,4,3,1,2,0,4,0,4,4,2,4,3,2,0,3,0,1,2,3,3,3,4,1,3,1,2,0,1,0,3,0,1,2,0,3,2,2,2,4,0,0,2,1,4,3,3,2,0,3,2,3,3,2,4,2,3,4,0,0,1,2,4,4,0,0,2,2,3,4,1,2,4,1,0,0,1,1,1,4,3,2,4,3,4,1,1,1,1,3,0,0,0,1,1,4,4,3,4,0,2,3,4,0,0,3,3,0,2,1,1,4,4,1,4,0,4,0,1,4,1,4,2,3,4,2,2,0,1,3,4,4,2,4,2,4,4,4,2,4,1,2,1,4,3,0,0,4,4,3,4,0,3,3,0,0,3,3,4,4,1,3,1,4,1,2,3,4,2,1,1,2,0,0,0,3,4,3,4,2,2,3,4,2,2,4,0,3,2,1,1,4,1,2,1,4,4,3,0,0,3,0,0,0,0,0,0,0,0,0,0,0,0,0,0,0,0,0,0,0,0,0,0,0,0,0,0,0,0,0,0,0,0,0,0,0,0,0,0,0,0,0,0,0,0,0,0,0,0,0,0,0,0,0,0,0,0,0,0,0,0,0,0,0,0,0,0,0,0,0,0,0,0,0,0,0,0,0,0,0,0,0,2,1,2,0,2,2,2,3,3,2,2,3,1,2,2,0,0,0,0,0,0,0,2,3,2,3,3,5,4,0,2,5,0,5,2,0,0,0,0,2,2,5,2,0,0,0,0,0,0,0,0,0,0,0,0,0,0,0,0,0,0,0,0,0,0,0,0,0,0,0,0,0,0,0,0,0,0,0,0,0,0,0,0,0,0,0,0,0,0,0,0,0,0,0,0,0,0,0,0,0,0,0,0,0,0,0,0,0,0,0,0,0,0,0,0,0,0,0,0,0,0,0,0,0,0,0,0,0,0,0,0,0,0,0,0,0,0,0,0,2,1,1,1,5,5,3,1,1,5,4,1,3,1,3,3,0,0,0,0,0,0,0,0,0,0,0,0,0,0,0,0,0,0,0,0,0,0,0,0,0,0,0,0,0,0,0,0,0,0,0,0,0,0,0,0,0,0,0,0,0,0,0,0,0,0,0,0,0,0,0,0,0,0,0,0,0,0,0,0,0,0,0,0,0,0,0,0,0,0,0,0,0,0,0,0,0,0,0,0,0,0,0,0,0,0,0,0,0,0,0,0,0,0,0,0,0,0,0,0,0,0,0,0,0,0,0,0,0,0,0,0,0,0,0,0,0,0,0,0,0,0,0,0,0,0,0,0,0,0,0,0,0,0,0,0,0,0,0,0,0,0,0,0,0,0,0,0,0,0,0,0,0,0,0,0,0,0,0,0,0,0,0,0,0,0,0,0,0,0,0,0,0,0,0,0,0,0,0,0,0,0,0,0,0,0,0,0,0,0,0,0,0,0,0,0,0,0,0,0,0,0,0,0,0,0,0,0,0,0,0,0,0,0,0,0,0,0,0,0,0,0,0,0,0,0,0,0,0,0,0,0,0,0,0,0,0,0,0,0,0,0,0,0,0,0,0,0,0,0,0,0,0,0,0,0,0,0,0,0,0,0,0,0,0,0,0,0,0,0,0,0,0,0,0,0,0,0,0,0,3,3,2,3,2,2,4,2,3,1,1,2,5,5,1,2,1,0,0,0,0,0,0,0,0,0,0,0,0,0,0,0,0,0,0,0,0,0,0,0,0,0,0,0,0,0,0,0,0,0,0,0,0,0,0,0,0,0,0,0,0,0,0,0,0,0,0,0,0,0,0,0,0,0,0,0,0,0,0,0,0,0,0,0,0,0,0,0,0,0,0,0,0,0,0,0,0,0,0,0,0,0,0,0,0,0,0,0,0,0,0,0,0,0,0,0,0,0,0,0,0,0,0,0,0,0,0,0,0,0,0,0,0,0,0,0,0,0,0,0,0,0,0,0,0,0,1,1,2,4,1,3,2,3,1,3,4,5,3,3,1,3,5,4,1,2,4,3,3,1,3,3,1,3,1,1,2,1,3,2,2,5,3,2,2,3,4,1,2,2,4,0,0,0,0,0,0,0,0,0,0,0,0,0,0,0,0,0,0,0,0,0,0,0,0,0,0,0,0,0,0,0,0,0,0,0,0,0,0,1,0,0,0,0,0,0,0,0,0,0,0,0,0,0,0,1,0,1,0,0,1,0,0,0,0,0,0,0,0,0,0,0,0,0,0,0,0,0,0,0,0,0,0,0,0,0,0,0,1,0,0,0,0,0,0,0,0,0,0,0,0,0,0,0,0,1,0,0,0,0,0,0,0,0,0,0,1,0,0,0,0,0,0,0,0,0,0,0,0,0,0,0,0,0,0,0,0,0,0,0,0,0,0,0,0,0,0,0,0,0,0,0,0,0,0,0,0,0,0,0,0,0,0,0,0,0,0,0,0,0,0,1,0,0,0,0,0,0,0,0,0,1,0,0,0,0,0,0,0,0,0,0,0,0,1,0,0,1,0,0,0,0,0,0,0,0,0,0,0,0,0,0,0,0,0,0,0,0,0,0,0,0,0,0,0,0,0,0,0,0,0,0,0,0,0,0,0,0,0,0,0,0,0,0,0,0,0,0,0,0,0,0,0,1,0,1,0,1,0,0,0,0,0,0,0,0,0,0,0,0,1,0,0,0,1,0,0,0,0,0,0,0,0,0,0,0,0,0,0,0,0,0,0,0,0,0,0,0,0,0,0,0,0,0,0,0,0,0,1,0,0,0,0,1,0,0,0,0,0,0,0,0,0,0,0,0,0,0,0,0,0,0,0,0,0,0,0,0,0,0,0,0,0,1,0,0,0,0,0,0,0,0,0,1,0,0,0,0,0,0,0,0,0,0,0,0,0,0,0,0,0,0,0,0,1,0,0,0,0,0,1,0,0,0,0,0,0,1,0,0,1,0,0,0,0,0,0,0,0,0,0,0,1,0,0,0,0,0,0,0,0,0,0,0,0,0,0,0,0,0,0,0,1,0,0,0,0,0,0,0,0,0,0,0,0,0,0,0,0,0,0,0,0,0,0,0,0,0,0,0,0,0,0,0,0,0,0,0,0,0,0,0,0,0,0,0,0,0,0,0,0,0,0,0,0,0,1,0,0,1,0,0,1,0,0,0,0,0,0,0,0,0,0,0,0,0,0,0,0,0,0,0,0,0,0,0,0,0,0,0,0,0,0,0,0,0,0,0,1,0,0,0,0,0,1,0,0,0,0,0,0,0,0,0,0,0,0,0,0,0,0,0,0,1,0,0,0,0,0,0,0,0,0,0,0,0,0,0,0,0,0,0,0,0,0,0,0,0,0,0,0,0,1,1,0,0,0,0,0,0,0,0,0,0,0,0,1,0,0,0,0,1,0,0,0,0,0,1,0,1,0,0,0,1,0,0,0,1,0,0,0,0,0,0,0,0,0,0,0,0,0,0,0,0,0,0,0,0,0,0,0,0,0,0,0,0,1,0,0,0,0,0,0,0,0,0,0,0,1,0,0,0,0,0,0,0,0,0,0,0,0,0,0,0,0,0,0,0,1,0,0,0,0,0,1,0,0,0,0,0,0,0,0,0,1,0,0,0,0,0,0,0,0,0,0,0,0,0,0,0,1,0,0,0,0,0,0,0,1,0,0,0,0,0,0,0,0,0,1,0,0,0,1,0,0,0,0,0,0,0,0,0,0,0,0,0,0,0,0,0,0,0,0,0,0,0,0,0,0,0,1,0,0,1,0,0,0,0,0,0,0,1,0,0,0,0,0,0,0,0,0,0,0,0,0,0,0,0,0,0,0,0,0,0,0,0,0,0,0,0,0,0,0,0,0,0,0,0,0,0,0,0,0,0,0,0,0,0,0,0,0,0,0,0,0,0,0,0,0,0,0,0,0,0,0,0,0,0,0,0,0,1,0,0,0,0,0,0,0,0,0,0,0,0,1,0,0,0,0,0,0,0,0,0,0,0,0,1,0,1,0,0,0,0,0,0,0,0,0,0,0,0,0,1,0,0,0,0,0,0,0,1,0,0,0,0,0,0,0,0,0,0,0,0,0,0,0,0,0,1,0,0,0,0,0,0,0,0,0,0,0,0,1,0,0,0,0,1,0,0,0,0,0,0,0,0,0,0,0,0,0,1,0,0,0,0,0,0,0,0,0,0,1,0,0,0,0,1,0,0,1,0,0,0,0,0,1,0,0,1,0,0,0,0,0,0,0,0,0,0,0,0,0,0,0,0,0,0,0,0,0,0,0,0,0,0,0,0,0,0,0,1,0,0,0,0,0,0,0,0,0,0,0,0,0,0,0,0,0,0,0,0,0,0,0,0,0,0,0,0,0,0,0,1,0,0,0,0,0,0,0,0,0,1,0,0,0,0,0,0,0,1,0,1,0,0,0,0,0.0,0.1701000000000013,0.0289340100000004,60.3464,56.048652999999966,11.0,11.0,47.0,26.0,21.0,0.0,19.0,3.0,3.0,1.0,0.0,0.0,0.0,0.0,0.0,0.0,5146.69139300001,5896.622432999998,7991.038498000003,7700.827817999992,7069.683845999999,6255.918443000003,4756.538506,5017.157363000011,5166.158003000001,10675.471853611582,13935.848552619604,20890.11504759432,22614.84472813404,21229.82218198092,18476.27723638215,15271.27525948204,13517.962536764717,13409.047601953764,363.7614529999997,388.3250520000003,679.5745560000005,855.7275559999987,956.835148,835.37415,765.4792979999997,630.7397960000006,540.9624400000006,76.29558300182887,99.14722648999992,149.31623896333917,168.00709467909428,161.10313820577235,139.3417833155271,116.04581583873492,100.97965512346984,98.02371520594288,7589.767311256828,7245.452669377704,13304.804570473992,17079.10705231467,20368.342627713297,17530.162041861455,16237.048809707409,13750.470449901426,10755.823751647691,257.1397462277092,137.09567901234567,336.4583333333335,359.72530864197506,364.9814814814816,347.3518518518521,322.3364197530864,234.888888888889,328.567901234568,109.50407219148956,117.93244865999996,90.80725565909094,69.37682718918911,56.108601952380944,56.871985845454574,48.53610720408163,59.72806384523823,75.97291180882355,227.1376990130124,278.7169710523921,237.38767099539,203.7373398930994,168.49065223794383,167.9661566943832,155.82933938246978,160.9281254376752,197.19187649932005,7.739605382978718,7.766501040000006,7.722438136363642,7.709257261261249,7.593929746031746,7.594310454545455,7.811013244897957,7.508807095238103,7.955330000000009,1.623310276634657,1.9829445297999984,1.696775442765218,1.51357742954139,1.278596334966447,1.26674348468661,1.1841409779462746,1.2021387514698791,1.4415252236168072,161.48441087780486,144.90905338755408,151.19096102811355,153.86582930013216,161.6535129183595,159.36510947146778,165.68417152762663,163.6960767845408,158.17387870070135,5.47105843037679,2.741913580246913,3.823390151515153,3.2407685463241,2.896678424456203,3.1577441077441097,3.289147140337616,2.7962962962962976,4.831880900508352,0.4676707965582084,-0.3010879633846026,0.1605743038582216,-0.0381596621076791,-0.1174559824363582,0.2189760601638728,-0.1630186512469548,-0.2060577059126676,0.3121595641711704,2210.9718818297897,498.66914541512153,488.17870051018656,-1008.0764118958792,94.8854181797187,-48.520409580353295,-1053.8460268791312,1313.213756899954,-48.562368072882784,2405.5489286657203,172.7360607103853,487.08500262127336,-1344.1215607395968,207.9898578697452,-471.3549844841125,-546.2506277633134,1343.7264091467132,-217.8418221752785,3.594826425531915,0.4780286536894529,2.172725543684926,-0.7308968560434552,-0.894965502489814,-0.2816719108193748,-2.503744419194196,0.3676703884110422,2.0368645332729804,13.472408324075609,-0.1440314146114804,1.1692334395879984,-6.044638472144446,1.1350709046891148,-4.559134922086982,0.048402152973754,4.237560790544536,1.4627444932149172,74.28836253622542,5.658578216974314,-0.2091772977356124,-33.37177950564145,5.100559612278787,-42.6436706101504,14.57658591986399,11.310120688305126,18.70377786468513,104.35265811516804,-23.03410058365796,64.8682588096707,-2.37111073231406,-13.127347532633925,4.525380023485432,-48.09725070962341,-2.5593751959964104,40.91000589308867,0.0099504424799618,-0.006021759267692,0.0018247079983888,-0.0003437807397088,-0.0009321903367964,0.0019906914560352,-0.0016634556249689,-0.0024530679275317,0.0045905818260466,47.04195493254872,9.973382908302431,5.547485233070302,-9.081769476539453,0.7530588744422119,-0.4410946325486663,-10.753530886521746,15.633497105951832,-0.7141524716600409,51.18189209927064,3.454721214207706,5.535056847969016,-12.109203249906278,1.6507131576963905,-4.285045313491932,-5.573985997584831,15.9967429660323,-3.203556208459978,0.0764856686283386,0.009560573073789,0.0246900629964196,-0.0065846563607518,-0.0071029008134112,-0.0025606537347215,-0.0255484124407571,0.0043770284334647,0.0299538901951908,0.2866469856186299,-0.0028806282922296,0.0132867436316818,-0.0544562024517517,0.0090084992435644,-0.0414466811098816,0.0004938995201403,0.0504471522683873,0.0215109484296311,1.580603458217562,0.1131715643394862,-0.0023770147469955,-0.300646662212986,0.0404806318434824,-0.387669732819549,0.1487406726516733,0.1346442939083943,0.2750555568336048,2.22026932159932,-0.4606820116731591,0.7371393046553489,-0.0213613579487753,-0.104185297878047,0.0411398183953221,-0.4907882725471776,-0.0304687523332905,0.6016177337218922,-0.6051750241075834,0.1833795835776614,-0.034549291692417,-0.0936833049056593,0.2000605963045408,-0.1671740355585975,-0.2465285269948271,0.4613444914928256,0.2120103835523588,0.1179263328028051,-0.1930568040712037,0.0160082393582917,-0.0093766220638817,-0.2285944727837254,0.3323309400803597,-0.0151811818340464,0.0674988960452467,0.1081448266358228,-0.2365915512935645,0.0322518978879234,-0.083721901198588,-0.1089054305920093,0.3125469245061431,-0.0625915939615219,0.1249982283641406,0.3228063954882095,-0.086090067313763,-0.0928657739520568,-0.033478869710408,-0.334028752038538,0.0572267787150266,0.3916274869837865,-0.0100493932842613,0.0463522879998437,-0.1899765397296141,0.0314271549869,-0.1445913726266233,0.0017230235966878,0.1759905207428374,0.0750433442835865,0.0716002256929826,-0.0015038653336088,-0.1902100496173933,0.0256108713624682,-0.2452669142307977,0.0941037246745033,0.0851853722123523,0.1740193312899514,-0.2074892478995825,0.3320044543624859,-0.0096210661206579,-0.0469246216504039,0.0185292018383103,-0.2210489816585177,-0.0137229983934305,0.2709661066201332,1.5728468781109994,0.6955035927991263,0.9155814173404648,0.959725279428172,0.8503608007331765,1.3251754400404314,1.3145499745218645,0.7518263403630467,0.8134557488499347,0.7779417059802369,1.0590619839347457,0.8587578015153384,0.896926104852996,1.1162014098479798,0.5811698710850616,0.9061948543831568,0.9310604365268716,0.8744742523202643,1.1971340294738977,0.9381227184628392,1.0647837849993669,1.014272885114197,0.6885135830402309,0.9819205955365288,0.47016905962293,0.4366122046287261,0.9434053812745032,0.9777124311661102,0.9438340670238362,1.584325190438581,0.824287503550759,0.9593589518732912,1.187579044902436,0.9632091794669934,1.139438260590526,0.8527943241605491,1.0572783639513708,0.8240009387817967,0.7246459621307172,0.8290171669579646,1.1318994515701124,1.0826460488280811,1.235022906365575,0.9402543153847857,1.1888302161910762,0.8897473773697989,0.820005143213966,0.8233153622488097,0.7568800175055613,0.3989039302117237,0.8254707999471222,0.8663891235242774,0.8836300517218357,1.3960225023817538,0.8622427350879491,1.135811107787072,207.3145537934288,104.0988152076522,162.4856554000091,208.84065269452768,8.032332795943372,104.0988152076522,1.8035714285712885,0.0890221848251054,0.0034239301855809,-6.289061148796956,223.4045258268536,8.59248176257129,14.06335877772497,207.3305048061764,104.10516172087506,162.4979947857008,208.85413678517105,8.032851414814267,104.10516172087506,1.8006559751754594,0.0891169162644482,0.0034275737024787,-6.286295874199719,223.4462359520444,8.594085998155553,14.063844158237156,249.03404203053805,123.51833179340244,192.2363706046028,247.54747503393307,9.52105673207435,123.51833179340244,-1.9973784437331688,0.0174112725940303,0.0006696643305396,-10.531657323965424,398.6825430844201,15.333943964785387,15.569230218983668,219.09626960675507,110.16694954545378,169.8958404921793,220.2386968228958,8.470719108572915,110.16694954545378,1.2376294841524924,0.0265503436383151,0.0010211670630121,-9.434652729619604,217.32746824054047,8.358748778482326,13.991653744304909,258.56570188094736,127.01855297494444,199.59115062112625,255.81067580900992,9.838872146500378,127.01855297494444,-4.377290316528416,0.0794597308934821,0.0030561434959031,-6.584512779761957,291.6744089926916,11.218246499718909,14.756659170382973,218.72964574694373,109.91894828284092,168.57749879257037,219.752646502702,8.45202486548854,109.91894828284092,1.1082508187380995,0.0731100215073867,0.0028119239041302,-6.801053554096105,217.4801078477026,8.364619532603946,13.993479209254229,326.5809572713512,162.05783279801597,241.76806990749927,325.7354969669124,12.528288344881249,162.05783279801597,-1.549906015037834,0.6932960936856143,0.0266652343725236,-0.952375079312114,323.14748087127543,12.428749264279825,15.023082921960365,0.0,11.889999999999995,31.97207230824072,-0.2740433758287314,0.2416655968904102,5.483521952509385,11.27760514182294,29.0,50.0,46.0,35.0,14.0,4.0,4.0,0.0,0.0,15.0,31.711347,4.7166496747781705,4.087530659938481,3.739813380268924,3.606556257132228,3.2780622216502446,2.8694963133593903,2.7758750130408822,2.5026766358914863,1.9601008482750253,1.7874199425740724,1.646066706349031,1.602409081629133,1.4707152939004466,1.2678692495761672,1.249629722584353,1.177879101889841,4.043250784092879,3.940883697653499,3.585128212311336,3.4658445130424487,3.2158402042213474,2.8761089141834826,2.7334845628465105,2.481789776335249,2.028518555693211,1.807281515168101,1.7151843225620051,1.6277784013665462,1.5497407471832918,1.4011152374697635,1.24048144686114,1.13454068594835,4.123420808743735,4.027853537765934,3.723942149974216,3.6056064744936194,3.3404843443100254,3.0470744146154622,2.909401928700289,2.704236987233521,1.9395669092996464,1.6604222781820277,1.559460109019886,1.4301788892978924,1.360450185358163,1.21086753226509,1.03953550730006,0.7771399979083564,4.064439262715631,4.03865346697703,3.6348908651750818,3.49547685922092,3.228466904996465,2.898462858842663,2.7302289072151185,2.50083546834929,1.983093176840512,1.820708907396888,1.6952815960692147,1.5767647842543673,1.5136338057222771,1.3672375243148185,1.216580295921296,1.0582626705327118,4.156110273647153,3.9989016490229496,3.750061875344798,3.606900076421888,3.365745147278197,3.1312919238155423,2.973984218164379,2.8389820851496474,1.949613238134472,1.638283455191435,1.5524049155662931,1.4144864278813911,1.3251578120228693,1.163195977255119,0.978393939620538,0.7242843404590854,5.08179109553474,4.741601516746714,4.001198632301891,3.980049875311718,3.854092695259845,3.5502322599236544,3.2286527144029216,3.1615681429974285,1.933023576329208,1.7638784404498082,1.5390399395461445,1.4907730810016853,1.404836302708294,1.2530829413617552,1.1062699006599963,0.9023587626141222,0.0,0.0,1.0,9.0,2.0,3.0,1.0,2.0,1.0,0.1666666666666666,0.5474095083960289,0.6533285721330455,1.373755414039192,2.294047272851382,0.1666666666666666,0.5345177968644246,0.5452200572599404,0.8965622680054558,1.2934458893220175,3.693928052777482,0.4553418012614796,0.9548728336248774,0.2804203307853607,1.9299605898709924,0.1961110522223988,0.3716594180559123,0.127665925383002,6.351271718760645,8.910819010575027,12.763099238981736,3.240014177735752,4.015258871266974,5.008687237304132,18.85300667219901,12.103208846802325,12.957605901806737,10.027315281656216,8.131572761297932,6.911810812593783,4.734207160305602,3.394053006274039,0.7251156412384236,0.4173520292000801,0.2756937425916327,0.1617308916396164,0.097970756160216,0.06341110837242,0.0388049767238164,0.024774109534847,15.134421327646791,8.927171214239403,8.145932750327763,5.85549872386349,4.169283723412001,3.0569141605182857,1.8371851545705244,1.033098290102239,0.582093127986415,0.3078334901461863,0.17331771809208,0.0944435278042498,0.050232334017012,0.0280450840414521,0.0150588947095944,0.0075408634314032,30.294534703846907,47.38055353241083,45.75294117647054,46.34000000000004,32.5381155688623,355.885905988024,0.6445645681669555,1.0080968836683155,0.9734668335419264,0.9859574468085116,0.6923003312523894,7.572040552936681,2.810590000000005,95.95340000000004,255.4364521495636,372.8117479480976,510.8729042991272,19.64895785765874,255.4364521495636,0.1776941389069836,0.0068343899579609,-4.491997971353878,302.3837935524844,11.630145905864785,14.850412330310736,592.0,1.0,0.0,5.0,12.0,2.0,0.0,0.0,0.0,0.0,0.0,2.0,0.0,0.0,0.0,0.0,0.0,1.0,0.0,0.0,0.0,0.0,0.0,0.0,0.0,2.0,4.0,0.0,5.0,0.0,1.0,6.0,0.0,0.0,0.0,0.0,0.0,0.0,0.0,0.0,3.0,0.0,1.0,0.0,2.0,4.0,2.0,0.0,0.0,1.0,5.0,0.0,1.0,0.0,1.0,0.0,0.0,0.0,0.0,0.0,0.0,0.0,1.0,0.0,0.0,1.0,0.0,0.0,3.0,0.0,0.0,0.0,0.0,0.0,0.0,0.0,0.0,0.0,0.0,0.0,0.0,0.0,0.0,0.0,0.0,0.0,0.0,0.0,0.0,1.0,0.0,0.0,0.0,0.0,0.0,0.0,0.0,0.0,0.0,0.0,0.0,0.0,0.0,0.0,0.0,0.0,0.0,0.0,0.0,0.0,0.0,0.0,0.0,0.0,0.0,0.0,0.0,0.0,0.0,0.0,0.5296666256757727,0.0,42.596144445185104,13.188600381156922,12.27082190249716,0.0,0.0,0.0,0.0,0.0,7.488406761190983,0.0,0.0,0.0,0.0,0.0,0.5296666256757727,0.0,0.0,0.0,0.0,0.0,0.0,0.0,1.1585574005836905,2.112068078923637,0.0,2.0989066379948413,0.0,0.5534805287855883,3.270625479507327,0.0,0.0,0.0,0.0,0.0,0.0,0.0,0.0,6.501206273723132,0.0,0.8891821981062602,0.0,3.044224628894767,6.365087581303311,1.1191873998349466,0.0,0.0,-0.2152536848072557,3.994541855766103,0.0,0.3083463156190253,0.0,5.291115761381538,0.0,0.0,0.0,0.0,0.0,0.0,0.0,4.451221276233401,0.0,0.0,1.502248322940287,0.0,0.0,35.802780360863274,0.0,0.0,0.0,0.0,0.0,0.0,0.0,0.0,0.0,0.0,0.0,0.0,0.0,0.0,0.0,0.0,0.0,0.0,0.0,0.0,-5.313147549118041,0.0,0.0,0.0,0.0,0.0,0.0,0.0,0.0,0.0,0.0,0.0,0.0,0.0,0.0,0.0,0.0,0.0,0.0,0.0,0.0,0.0,0.0,0.0,0.0,0.0,0.0,0.0,0.0,0.0,0.0,0.5296666256757727,0.0,1.502248322940287,-0.2152536848072557,6.13541095124858,0.0,0.0,0.0,0.0,0.0,0.7956908001388703,0.0,0.0,0.0,0.0,0.0,0.5296666256757727,0.0,0.0,0.0,0.0,0.0,0.0,0.0,0.5534805287855883,0.5128137483758426,0.0,0.3266715081555449,0.0,0.5534805287855883,0.5128137483758426,0.0,0.0,0.0,0.0,0.0,0.0,0.0,0.0,1.961929331190695,0.0,0.8891821981062602,0.0,1.4371468463928778,1.488722210596309,0.5136677739915473,0.0,0.0,-0.2152536848072557,0.1668919178731587,0.0,0.3083463156190253,0.0,5.291115761381538,0.0,0.0,0.0,0.0,0.0,0.0,0.0,4.451221276233401,0.0,0.0,1.502248322940287,0.0,0.0,11.583533214728687,0.0,0.0,0.0,0.0,0.0,0.0,0.0,0.0,0.0,0.0,0.0,0.0,0.0,0.0,0.0,0.0,0.0,0.0,0.0,0.0,-5.313147549118041,0.0,0.0,0.0,0.0,0.0,0.0,0.0,0.0,0.0,0.0,0.0,0.0,0.0,0.0,0.0,0.0,0.0,0.0,0.0,0.0,0.0,0.0,0.0,0.0,0.0,0.0,0.0,0.0,0.0,0.0,0.5296666256757727,0.0,12.635713931405895,1.740899444654405,6.13541095124858,0.0,0.0,0.0,0.0,0.0,6.692715961052113,0.0,0.0,0.0,0.0,0.0,0.5296666256757727,0.0,0.0,0.0,0.0,0.0,0.0,0.0,0.6050768717981019,0.5468235220383939,0.0,0.5335798428263254,0.0,0.5534805287855883,0.6050768717981019,0.0,0.0,0.0,0.0,0.0,0.0,0.0,0.0,2.2696384712662185,0.0,0.8891821981062602,0.0,1.6070777825018896,1.740899444654405,0.6055196258433992,0.0,0.0,0.0,1.240159720096589,0.0,0.3083463156190253,0.0,5.291115761381538,0.0,0.0,0.0,0.0,0.0,0.0,0.0,4.451221276233401,0.0,0.0,1.502248322940287,0.0,0.0,12.635713931405895,0.0,0.0,0.0,0.0,0.0,0.0,0.0,0.0,0.0,0.0,0.0,0.0,0.0,0.0,0.0,0.0,0.0,0.0,0.0,0.0,0.0,0.0,0.0,0.0,0.0,0.0,0.0,0.0,0.0,0.0,0.0,0.0,0.0,0.0,0.0,0.0,0.0,0.0,0.0,0.0,0.0,0.0,0.0,0.0,0.0,0.0,0.0,0.0,0.0,0.0,0.0,63.74074074074074,2.451566951566952,1.2000865341586058,12.635713931405895,0.0346567087054299,-5.313147549118041,7.373109645603392,5.637221623192115,5.635713931405895,36.168788682021294,4.686156927671629,5.626454672146636,35.232723498567694,12.53332,0.48205,0.0,0.01795,0.60142,0.84487,0.44444,0.54011,0.80595,0.15697,0.06131,-0.09567,0.03892,0.57056,0.14373,0.0,0.23138,0.35106,0.10638,32.25,1.24038,16.0,0.61538,16.25,0.625,0.25,0.00962,0.0,0.0,23.81329,0.9159,47.45193,23.63865,0.90918,6.47678,0.24911,12.10316,5.62638,0.2164,0.81084,0.03119,1.15484,0.04442,0.3829787234042553,191.07,6.0,5.0,5.0,6.0,1.0,2.0,0.3684210526315789,1.6724811146965943,3.860642227418889,4.740447096220396,4.953213053667203,4.953213053667205,4.953213053667204,78.60661239073994,181.45018468868776,222.8010135223586,232.8010135223585,232.80101352235863,232.80101352235857,0.301098993887092,0.6950365419490715,0.8534289796784241,0.8917335172649542,0.8917335172649545,0.8917335172649544,3.8821077369810433,1.6939466242587486,0.8141417554572419,0.6013757980104346,0.6013757980104328,0.6013757980104337,0.2837205799824527,0.6549213872987392,0.8041719501028715,0.8402656795428484,0.8402656795428487,0.8402656795428486,18.241523480945112,38.70974064552625,41.935190647069255,42.14962150494159,42.14962150494159,42.14962150494159,84.4162369737304,37.46049166043196,28.4436678347645,27.55506690022222,27.55506690022224,27.555066900222226,19.322235434007133,6.518786781349027,3.337868480725624,4.0,19.0,3.0,2.78,2.6893,0.814325284978472,2.752790094426283,6.044217153032734,1.8898815748423097,6.889031538745116,14.001815940022398,1.0137544082213192,8.550954224996238,2.6358665872816966,0.0,0.5952753944880748,0.0,0.0,0.0,0.1111111111111111,0.1249999999999999,0.0,1.0,0.0,0.359,0.8669999999999999,0.965,2.456,2.3790000000000004,11.925,47.0,62.0,83.0,109.0,122.0,137.0,136.0,122.0,122.0,995.0,3.676300671907076,4.366278277705742,4.879956970454139,5.425775667727838,5.909949401763294,6.1982246191716674,6.545439455153319,6.725183690932973,6.913178049150527,7.240560084505865,8.572462321683378,5.309673366834171,0.4615384615384615,4.0,1.0,0.0,2.0,1.0,0.0,0.0,0.0,0.0,0.0,0.0,0.0,3.0,0.0,0.0,1.0,0.0,1.0,1.0,0.0,0.0,0.0,0.0,7.0,0.0,2.0,2.0,0.0,1.0,1.0,0.0,0.0,0.0,0.0,1.0,0.0,0.0,1.0,0.0,0.0,0.0,0.0,0.0,0.0,0.0,0.0,0.0,0.0,0.0,0.0,0.0,1.0,1.0,0.0,0.0,0.0,0.0,0.0,0.0,1.0,0.0,0.0,1.0,1.0,0.0,0.0,0.0,0.0,4.0,0.1379310344827586,8.0,0.2758620689655172,0.0,7.0,13.0,0.8571428571428571,8.0,5.33333333333333,2.576388888888889,2.278333333333334,1.1291666666666662,0.5388662131519276,0.4158517573696146,0.3059019904257998,0.2950077160493828,0.2624283236404447,0.2758620689655172,0.1212121212121211,0.0644097222222222,0.063287037037037,0.0352864583333333,0.0234289657892142,0.0166340702947845,0.0122360796170319,0.0134094416386083,0.0124965868400211,0.6643004124318078,141.74954134753722,218.80418453161343,283.4990826950745,10.90381087288748,141.74954134753722,0.1272570871116988,0.0048945033504499,-5.360019419840515,236.2080377695808,9.08492452959926,14.208253624997608,103.43,325.3691056672519,5.700439718141093,5.030437921392435,5.932245187448011,6.892641641172089,7.828436359157585,8.792853288640693,9.74665828850311,10.716615352295944,11.682491008662982,12.658379990081803,134.28075903735464,4.07753744390572,1.9459101490553128,5.5093883366279774,4.51085950651685,7.1284959456800365,6.75110146893676,8.848939995030118,8.867709208039386,10.638472211837652,10.973340219532814,371.1303625320006,7.896390692170226,52.5636005410267,2.0216769438856423,19.54525721954576,7.334020576913597,8.949835530400161,1789.0,40.0,3.546,152.0,1.0,1.9138138523837167
0,0,0,0,0,0,0,0,0,0,0,0,0,0,0,0,0,0,0,0,0,0,0,0,0,0,0,0,0,0,0,0,0,0,0,0,0,0,0,0,0,0,0,0,0,0,0,0,0,0,0,0,0,0,0,0,0,0,0,0,0,0,0,0,0,0,0,0,0,0,0,0,0,0,0,0,0,0,0,0,0,0,0,0,0,0,0,0,0,0,0,0,0,0,0,0,0,0,0,0,0,0,0,0,0,0,0,0,0,0,0,0,0,0,0,0,0,0,0,0,0,0,0,0,0,0,0,0,0,0,0,0,0,0,0,0,0,0,0,0,0,0,0,0,0,0,0,0,0,0,0,0,0,0,0,0,0,0,0,0,0,0,0,0,0,0,0,0,0,0,0,0,0,0,0,0,0,0,0,0,0,0,0,2,4,3,1,2,2,5,1,2,1,2,3,4,2,2,2,2,5,0,0,0,0,0,0,0,0,0,0,0,0,0,0,0,0,2,3,2,3,0,0,0,0,0,0,0,0,0,0,0,0,0,0,0,0,0,1,5,2,5,1,2,0,0,0,0,0,0,0,0,0,0,0,0,0,0,0,0,0,0,0,0,0,0,0,0,0,0,0,0,0,0,0,0,0,0,0,0,0,0,0,0,0,0,0,0,0,0,0,0,0,0,0,0,0,0,0,0,0,0,0,0,0,0,0,0,0,0,0,0,0,0,0,0,0,0,0,0,0,0,0,0,0,0,0,0,0,0,0,0,0,0,0,0,0,0,0,0,0,0,0,0,0,0,0,0,0,0,0,0,0,0,0,0,0,0,0,0,0,0,0,0,0,0,0,0,0,0,0,0,0,0,0,0,0,0,0,0,0,0,0,0,0,0,0,0,0,0,0,0,0,0,0,0,0,0,0,0,0,0,0,0,0,0,0,0,0,0,0,0,0,0,0,0,0,0,0,0,0,0,0,0,0,0,0,0,0,0,0,0,0,5,2,3,1,1,2,1,0,0,0,0,0,0,0,0,0,0,0,0,0,0,0,0,0,0,0,0,0,0,0,0,0,0,0,0,0,0,0,0,0,0,0,0,0,0,0,0,0,0,0,0,0,0,0,0,0,0,0,0,0,0,0,0,0,0,0,0,0,0,0,0,0,0,0,0,0,0,0,0,0,0,0,0,0,0,0,0,0,0,0,0,0,0,0,0,0,0,0,0,0,0,0,0,0,0,0,0,0,0,0,0,0,0,0,0,0,0,0,0,0,0,0,0,0,0,0,0,0,0,0,0,0,0,0,0,0,0,0,0,0,0,0,0,0,0,0,0,0,0,0,0,0,0,0,0,0,2,5,2,4,0,0,0,0,0,0,0,0,0,0,0,0,0,0,0,0,0,0,0,0,0,2,2,2,1,2,2,2,1,0,0,0,0,0,0,0,0,0,0,0,2,2,2,2,2,4,3,2,2,0,0,0,0,0,0,2,2,2,2,2,0,0,1,0,0,0,0,5,5,0,0,0,0,0,0,0,0,0,0,0,1,5,2,5,0,0,0,0,0,2,0,0,0,0,0,0,0,1,2,2,2,2,2,1,0,0,0,0,0,0,0,0,0,0,0,0,0,0,0,3,2,3,0,2,3,4,0,0,0,0,0,0,0,0,0,0,0,0,0,0,0,0,0,0,0,0,0,0,0,0,0,0,0,0,0,0,0,0,2,2,2,1,2,2,2,2,2,0,0,0,0,0,0,0,0,0,0,0,0,0,0,0,0,0,0,0,0,0,0,0,0,3,2,2,2,3,1,1,2,3,2,0,0,0,5,2,3,0,0,0,0,0,0,0,1,2,0,0,0,0,0,0,0,2,2,2,0,0,0,0,0,0,0,0,0,0,0,0,0,0,0,0,0,0,0,0,0,0,0,0,0,0,0,0,0,0,0,0,0,0,0,0,0,0,0,0,0,0,0,0,0,0,0,0,0,0,0,0,0,0,0,0,0,0,0,0,0,0,0,0,0,0,0,2,5,4,0,1,1,2,2,2,2,2,3,2,0,0,0,3,2,2,3,0,0,0,0,0,0,0,0,0,0,0,0,2,2,0,0,0,0,0,0,0,0,0,0,0,0,0,0,0,0,0,0,0,0,0,0,0,0,0,0,0,0,0,0,0,2,2,2,2,4,5,0,0,0,0,0,0,0,0,0,0,0,0,0,0,0,0,0,0,0,0,0,0,0,0,0,0,0,0,0,0,0,0,0,0,3,0,0,0,0,0,0,0,0,0,0,0,0,0,0,0,0,0,0,0,0,0,0,0,0,0,0,2,3,0,0,0,0,0,0,2,2,5,5,1,1,0,0,0,0,0,0,0,0,0,0,0,0,0,0,0,0,0,0,0,0,0,0,2,1,2,0,0,0,0,0,0,0,0,0,3,3,5,0,0,1,5,0,0,0,0,0,0,0,0,0,0,0,0,0,0,0,3,2,0,0,0,0,2,2,2,0,0,0,0,2,2,2,2,1,0,0,0,2,3,2,2,2,1,0,0,2,2,1,2,2,0,0,0,0,0,0,0,0,0,0,0,0,1,2,3,0,0,0,0,0,0,0,0,0,0,0,0,0,0,0,0,0,0,0,0,0,0,0,0,0,0,0,0,0,0,0,0,0,0,0,0,0,0,0,1,2,0,0,0,0,1,0,0,0,0,0,0,0,0,0,0,0,0,0,0,0,0,0,0,0,0,0,0,0,0,0,0,0,0,0,0,0,0,0,0,0,0,0,0,0,0,0,0,0,0,0,0,0,0,0,0,0,0,0,0,0,0,0,0,0,0,0,0,0,0,0,0,0,0,0,0,0,0,0,0,0,0,0,0,0,0,0,0,0,0,0,5,2,0,0,0,0,0,0,4,2,0,0,0,0,0,0,0,0,0,0,0,0,1,3,3,2,0,0,0,0,0,0,0,0,0,0,0,0,0,0,0,0,0,0,0,0,0,0,0,0,0,0,0,0,0,0,0,0,0,0,0,0,0,0,0,0,0,0,0,2,1,0,0,0,0,0,0,0,0,0,0,0,0,0,0,0,0,0,0,0,0,0,0,2,2,2,5,0,0,0,0,0,0,0,2,2,0,0,0,0,0,0,0,0,2,2,2,1,0,0,0,0,2,2,2,2,0,2,1,2,2,2,0,2,2,0,0,0,0,0,0,0,0,0,0,0,0,0,0,0,0,0,0,1,2,2,0,0,0,0,0,0,0,0,0,0,0,0,0,0,0,0,2,2,5,2,2,1,0,0,0,0,0,0,0,3,2,0,3,4,2,4,1,1,2,0,1,1,4,3,3,3,1,3,4,1,1,0,4,0,0,1,3,2,2,2,4,0,3,1,2,2,3,4,0,2,1,3,1,0,1,2,4,0,0,1,4,2,1,1,2,0,2,3,4,1,2,4,0,3,4,4,2,0,3,1,3,3,1,4,4,1,3,4,2,2,0,2,3,3,3,2,4,0,4,3,3,1,3,2,3,0,4,3,0,2,4,0,4,4,2,0,2,4,2,3,2,3,1,0,2,2,1,0,3,2,2,2,4,4,0,3,3,0,3,2,4,2,0,1,1,0,0,3,0,1,3,1,1,3,2,4,0,0,0,1,0,4,0,3,4,2,3,3,4,2,0,2,2,0,0,1,4,3,1,2,0,4,0,4,4,2,4,3,2,0,3,0,1,2,3,3,3,4,1,3,1,2,0,1,0,3,0,1,2,0,3,2,2,2,4,0,0,2,1,4,3,3,2,0,3,2,3,3,2,4,2,3,4,0,0,1,2,4,4,0,0,2,2,3,4,1,2,4,1,0,0,1,1,1,4,3,2,4,3,4,1,1,1,1,3,0,0,0,1,1,4,4,3,4,0,2,3,4,0,0,3,3,0,2,1,1,4,4,1,4,0,4,0,1,4,1,4,2,3,4,2,2,0,1,3,4,4,2,4,2,4,4,4,2,4,1,2,1,4,3,0,0,4,4,3,4,0,3,3,0,0,3,3,4,4,1,3,1,4,1,2,3,4,2,1,1,2,0,0,0,3,4,3,4,2,2,3,4,2,2,4,0,3,2,1,1,4,1,2,1,4,4,3,0,0,3,0,0,0,0,0,0,0,0,0,0,0,0,0,0,0,0,0,0,0,0,0,0,0,0,0,0,0,0,0,0,0,0,0,0,0,0,0,0,0,0,0,0,0,0,0,0,0,0,0,0,0,0,0,0,0,0,0,0,0,0,0,0,0,0,0,0,0,0,0,0,0,0,0,0,0,0,0,0,0,0,0,2,1,2,0,2,2,2,3,3,2,2,3,1,2,2,0,0,0,0,0,0,0,2,3,2,3,3,5,4,0,2,5,0,5,2,0,0,0,0,2,2,5,2,0,0,0,0,0,0,0,0,0,0,0,0,0,0,0,0,0,0,0,0,0,0,0,0,0,0,0,0,0,0,0,0,0,0,0,0,0,0,0,0,0,0,0,0,0,0,0,0,0,0,0,0,0,0,0,0,0,0,0,0,0,0,0,0,0,0,0,0,0,0,0,0,0,0,0,0,0,0,0,0,0,0,0,0,0,0,0,0,0,0,0,0,0,0,0,0,2,1,1,1,5,5,3,1,1,5,4,1,3,1,3,3,0,0,0,0,0,0,0,0,0,0,0,0,0,0,0,0,0,0,0,0,0,0,0,0,0,0,0,0,0,0,0,0,0,0,0,0,0,0,0,0,0,0,0,0,0,0,0,0,0,0,0,0,0,0,0,0,0,0,0,0,0,0,0,0,0,0,0,0,0,0,0,0,0,0,0,0,0,0,0,0,0,0,0,0,0,0,0,0,0,0,0,0,0,0,0,0,0,0,0,0,0,0,0,0,0,0,0,0,0,0,0,0,0,0,0,0,0,0,0,0,0,0,0,0,0,0,0,0,0,0,0,0,0,0,0,0,0,0,0,0,0,0,0,0,0,0,0,0,0,0,0,0,0,0,0,0,0,0,0,0,0,0,0,0,0,0,0,0,0,0,0,0,0,0,0,0,0,0,0,0,0,0,0,0,0,0,0,0,0,0,0,0,0,0,0,0,0,0,0,0,0,0,0,0,0,0,0,0,0,0,0,0,0,0,0,0,0,0,0,0,0,0,0,0,0,0,0,0,0,0,0,0,0,0,0,0,0,0,0,0,0,0,0,0,0,0,0,0,0,0,0,0,0,0,0,0,0,0,0,0,0,0,0,0,0,0,0,0,0,0,0,0,0,0,0,0,0,0,0,0,0,0,0,0,3,3,2,3,2,2,4,2,3,1,1,2,5,5,1,2,1,0,0,0,0,0,0,0,0,0,0,0,0,0,0,0,0,0,0,0,0,0,0,0,0,0,0,0,0,0,0,0,0,0,0,0,0,0,0,0,0,0,0,0,0,0,0,0,0,0,0,0,0,0,0,0,0,0,0,0,0,0,0,0,0,0,0,0,0,0,0,0,0,0,0,0,0,0,0,0,0,0,0,0,0,0,0,0,0,0,0,0,0,0,0,0,0,0,0,0,0,0,0,0,0,0,0,0,0,0,0,0,0,0,0,0,0,0,0,0,0,0,0,0,0,0,0,0,0,0,1,1,2,4,1,3,2,3,1,3,4,5,3,3,1,3,5,4,1,2,4,3,3,1,3,3,1,3,1,1,2,1,3,2,2,5,3,2,2,3,4,1,2,2,4,0,0,0,0,0,0,0,0,0,0,0,0,0,0,0,0,0,0,0,0,0,0,0,0,0,1,0,0,0,0,0,0,0,1,0,0,1,0,0,0,0,0,0,0,1,0,0,0,0,0,0,0,0,0,0,0,1,0,0,0,0,0,0,0,0,0,0,0,0,0,0,0,0,0,0,0,0,0,0,0,0,1,0,0,0,0,0,0,0,0,0,0,0,0,0,0,0,0,0,0,0,0,0,1,0,0,0,0,0,0,0,0,0,1,0,0,0,0,0,0,0,0,0,0,0,1,0,0,0,0,0,0,0,0,0,0,0,1,0,0,0,0,1,0,0,0,0,0,0,0,0,0,0,0,0,0,1,0,0,0,0,0,0,1,0,0,0,0,0,0,1,0,0,0,0,0,0,0,0,0,0,0,0,0,0,0,0,0,0,0,1,0,0,0,0,0,0,0,0,0,0,0,0,0,0,0,0,1,0,0,0,0,0,0,0,0,0,0,0,0,0,0,0,0,0,0,1,0,0,1,0,0,0,0,0,0,0,0,0,0,0,0,1,0,0,0,0,0,1,0,0,0,0,0,0,0,0,0,0,0,0,0,0,0,0,0,0,0,0,0,0,0,0,0,0,0,0,0,0,1,1,0,0,0,0,0,0,0,0,0,0,0,0,0,0,0,0,0,0,0,0,0,0,0,0,0,0,1,0,1,0,0,0,0,0,0,0,1,0,0,0,0,0,0,0,0,0,0,0,0,0,0,0,1,0,0,0,0,0,0,0,0,0,0,0,1,0,0,0,0,0,0,0,0,0,0,1,0,0,0,0,0,0,0,0,0,0,0,0,0,0,0,0,0,0,0,0,1,0,1,0,0,1,0,0,0,0,0,0,0,0,0,0,0,0,0,0,0,0,0,0,1,0,0,0,0,0,0,0,0,0,0,0,0,0,1,0,0,0,0,0,0,0,0,0,0,0,0,0,0,0,0,0,0,0,0,0,0,0,0,0,0,0,1,0,1,0,0,0,0,0,1,0,0,0,0,0,0,0,0,0,0,0,0,0,1,0,0,0,0,0,0,0,0,0,0,0,0,0,0,0,0,0,0,1,0,0,0,0,0,0,0,0,0,0,0,0,0,1,0,0,0,0,0,0,0,0,0,0,0,0,0,0,0,0,0,0,0,0,0,0,0,0,0,0,0,0,0,0,0,0,0,0,0,0,0,0,0,0,0,0,0,0,0,0,0,0,0,0,0,0,0,0,0,0,0,0,0,0,0,0,0,0,1,0,0,0,0,0,0,0,0,0,0,0,0,0,0,0,0,0,0,0,0,0,0,0,1,0,0,0,0,0,0,0,0,0,0,0,0,0,0,1,0,0,0,0,0,0,0,0,0,0,0,1,0,0,0,0,0,0,0,0,0,0,0,0,0,0,0,0,0,0,0,0,0,0,0,0,0,0,0,0,0,0,0,1,0,0,0,0,0,0,0,0,0,0,0,0,1,0,0,0,0,0,1,0,0,0,0,0,0,0,0,0,0,1,0,0,0,0,0,0,0,0,0,0,0,0,0,0,0,0,0,0,0,0,0,1,0,0,0,0,0,0,0,0,0,0,0,0,0,0,1,0,0,0,0,1,0,0,0,0,0,0,0,0,0,0,0,0,0,0,0,0,0,0,0,0,0,0,1,0,0,0,0,0,0,0,1,0,0,0,1,0,0,0,0,0,0,0,0,0,0,0,0,0,0,0,0,0,0,0,0,0,0,0,0,0,0,0,0,0,0,0,0,0,0,0,0,0,0,0,0,0,0,0,0,0,0,0,0,0,0,0,0,0,0,0,0,0,0,0,0,0,0,0,1,0,0,0,0,0,0,0,0,0,0,0,0,0,0,0,0,0,0,0,0,0,0,0,0,0,0,0,0,0,0,0,0,0,0,0,0,0,0,0,0,0,0,0,0,0,0,0,0,0,0,0,0,0,0,1,0,0,0,0,0,0,0,0,0,0,0,0,0,0,0,0,0,0,0,0,0,0,0,0,0,0,0,0,0,0,0,0,0,1,0,0,0,1,0,0,0,0,0,0,0,0,0,1,0,0,0,0,0,0,0,0,0,0,0,0,0,0,0,0,0,0,0,0,0,0,0,0,1,0,0,0,0,0,0,0,0,0,0,0,0,0,0,0,0,0,0,0,0,0,0,0,0,0,0,0,0,0,0,0,0,0,0,0,0,0,0,0,0,0,0,0,0,0,0,0,0,0,0,0,0,0,0,0,0,0,1,0,0,0,0,0,0,0,0,0,0,0,0,0,0,0,0,0,0,0,0,0,0,0,0,0,0,0,0,0,0,0,0,0,0,0,0,0,0,0,0,0,0,0,2.0,-2.2613000000000016,5.113477690000008,59.0262,63.50616899999995,11.0,11.0,59.0,26.0,33.0,0.0,20.0,5.0,1.0,0.0,0.0,0.0,0.0,0.0,0.0,0.0,4155.7607780000135,4624.218463000002,6103.841130000005,5540.785601000016,5058.232602000021,5404.837853000022,5383.346116000012,4256.199737000017,3981.855357000005,10929.063244280092,14048.250816267562,19841.219180938817,21367.86892928343,20672.474768448363,19724.292361710155,19116.938021609298,17140.338986403716,14363.153301707316,436.8795279999996,458.62015600000046,814.5185120000003,1082.395580000001,1190.851608000002,1106.015492000002,986.7390400000008,959.219172000001,809.9773080000022,77.14342986001684,100.4155261999999,149.30021269443313,171.25874857856442,171.89600386524256,161.13388663263845,150.4236258191682,139.46864300916803,116.2480004665067,9879.821238452716,9027.0744122659,17079.90841028871,23853.421358009487,27208.432566522115,25394.627618263235,21849.87562886209,21517.914916690694,18430.57328506733,150.89583333333331,161.91666666666663,254.8333333333333,305.0277777777777,307.91666666666663,300.6249999999999,311.7777777777777,277.4583333333333,225.4583333333333,70.43662335593243,77.0703077166667,55.99854247706427,37.69241905442188,30.842881719512324,35.32573760130733,40.78292512121221,32.993796410852845,35.87257078378382,185.238360072544,234.13751360445937,182.0295337700809,145.3596525801594,126.05167541736806,128.91694354058924,144.8252880424947,132.87084485584276,129.3977774928587,7.404737762711857,7.643669266666675,7.472646899082572,7.363235238095245,7.261290292682939,7.228859424836615,7.475295757575764,7.435807534883729,7.297092864864884,1.3075157603392684,1.6735921033333316,1.3697267219672764,1.165025500534452,1.048146365031967,1.053162657729663,1.1395729228724862,1.0811522713888997,1.0472792834820424,167.45459726191044,150.45124020443166,156.6964074338414,162.2681725034659,165.90507662513485,165.9779582893022,165.5293608247128,166.80554198985033,166.04120076637236,2.557556497175141,2.69861111111111,2.337920489296636,2.0750188964474674,1.877540650406504,1.9648692810457509,2.3619528619528616,2.1508397932816536,2.031156156156156,0.4394327887630939,-0.1844600705102113,0.0002500806340453,-0.0510443357633266,-0.1218434336971579,0.219379737066941,-0.0119323672374814,-0.210428289319932,0.2700388202825167,1965.028704711864,87.36043275064952,60.235519023846265,-582.4016585702386,-81.88661408043959,868.8991188488923,-405.2997813214584,-912.1897189632302,493.03371206750825,2899.807141246956,14.98000201297988,-344.2240532693993,-728.439118861766,10.14590298345678,843.1277350980287,-456.492273420072,-816.9805841123698,502.08059219451286,2.547216135593225,0.5287714553289153,0.609433918988787,-0.6802233208848054,-0.3819874955472458,0.8956471738006476,-0.4578107440390805,-1.256965110025866,0.519106931341574,12.606967272617652,0.0476888366000076,-2.220251081448946,-2.7815485935532016,0.2260996117870738,2.3567961370606576,-1.45865026167266,-2.210961280253445,1.4701314985928593,83.7250348736905,16.683035246088536,-9.24040650865485,-8.803732628953078,0.6048529798675149,-1.1040873817198862,0.7894276835896599,5.144775213390668,-3.7763147999883273,27.716807909604537,1.8127094704586864,10.516123240448124,-9.62292723993745,-6.883019726132341,15.599139375658334,-4.328046697947591,-17.337031983146574,9.880242746337249,0.0074480133688659,-0.0030743345085035,2.2943177435355115e-06,-0.0003472403793423,-0.000742947766446,0.0014338544906336,-9.039672149607128e-05,-0.0016312270489917,0.0024327821647073,33.30557126630278,1.4560072125108254,0.5526194405857455,-3.9619160446955006,-0.4993086224417047,5.679079208162695,-3.070452888798927,-7.071238131497909,4.441745153761335,49.14927358045688,0.2496667002163313,-3.1580188373339384,-4.955368155522218,0.0618652620942486,5.510638791490384,-3.4582747986369093,-6.33318282257651,4.523248578328944,0.0431731548405631,0.0088128575888152,0.0055911368714567,-0.0046273695298286,-0.0023291920460197,0.0058539030967362,-0.0034682632124172,-0.0097439155815958,0.0046766390210952,0.2136774114002992,0.0007948139433334,-0.0203692759765958,-0.0189220992758721,0.0013786561694333,0.0154038963206578,-0.0110503807702474,-0.0171392347306468,0.0132444279152509,1.4190683876896697,0.2780505874348089,-0.0847743716390353,-0.0598893376119257,0.0036881279260214,-0.007216257396862,0.0059805127544671,0.0398819783983772,-0.0340208540539489,0.4697764052475345,0.0302118245076447,0.0964781948664965,-0.0654620900676017,-0.0419696324764167,0.1019551593180283,-0.032788232560209,-0.1343955967685781,0.0890111959129481,-0.4127724208115388,0.0003080442568922,-0.0466218791703414,-0.0997511322350382,0.1925150264401195,-0.0121370246022846,-0.2190150538411405,0.3266350426916274,0.0437166262926093,0.0165924023992005,-0.1189565557370879,-0.0149917447279123,0.1705143912036289,-0.0921903685196802,-0.2123139721867584,0.1333634279456216,0.0050797637895426,-0.0642536218193396,-0.100822815771841,0.0012587217996818,0.1121204524512355,-0.0703626838548437,-0.1288560819156188,0.0920308327838138,0.2041281815369021,0.1295049410242226,-0.1071816397693732,-0.053950007930192,0.1355912746787791,-0.0803337913392117,-0.2256938511345714,0.1083228464161564,0.0037196909964641,-0.095327231096208,-0.0885545137966119,0.0064520445113902,0.0720894933147637,-0.0517152500951345,-0.0802107935430692,0.0619832851233822,0.195938821445732,-0.0597394546834019,-0.0422032779614161,0.0025989782860471,-0.0050852076330236,0.0042143936165076,0.028104338553625,-0.023974076477975,0.0643110726085222,0.2053704566444972,-0.1393473348945833,-0.0893395922136661,0.2170291189152127,-0.0697954009481005,-0.2860841780628859,0.1894756631424399,1.5217616798768787,1.0077935343222522,1.224376960094586,1.0255710485951033,0.6480912939702499,1.1550804250850786,1.275139521562258,0.7533125858343034,1.0287993535000814,1.002000548838913,1.1031978232558908,0.965621758360727,0.7686470213505477,1.113743077720002,1.2210824483982892,0.8312915476456789,1.1998376918238942,1.1745482205746325,1.132727917696861,0.9857539422142516,0.8787036518090775,1.0542552229587816,1.0944923966226825,0.8897752897762056,0.7684351709757096,0.8501633192843706,1.0922682962368522,0.9185178210600732,0.616720544803696,1.2762933084725383,1.410662687582687,0.9073663463033648,1.2742704642297862,1.2513162831930549,1.1416890303785736,0.984542611491528,0.9209236176984672,1.037162119991104,1.0426873695777683,0.9244270851585512,1.2117533228307882,1.2350741416464035,1.0657575580148495,0.9204494806285916,0.9202847953532306,1.0368810019476489,0.9717354346820432,0.9312823244902204,0.97073067155876,0.695864519612282,1.2047634011860568,0.9775358522561192,0.5796611960904767,1.2968616529398236,1.3788967164757693,0.6334466680607783,316.6076574108869,158.78597156258607,246.0432936115256,317.49776730099643,12.21145258849986,158.78597156258607,0.9642857142852675,0.1833707238984371,0.0070527201499398,-4.410237940371838,430.72558979327175,16.56636883820276,15.770225132274817,316.6511768200825,158.8064716457959,246.07492293651995,317.53896125532185,12.213036971358534,158.8064716457959,0.9617664715092928,0.183491649857358,0.0070573711483599,-4.408523905207301,429.91797657181473,16.535306791223643,15.76534553966718,360.7883839821862,179.3963831814555,277.1643638016312,359.2532935058208,13.817434365608488,179.3963831814555,-1.995617619275208,0.2512529609411281,0.0096635754208126,-3.591367090578752,697.5760730944431,26.82984896517089,17.02379009010343,316.75026782431394,158.85003879504643,246.1325224739898,317.62701530041755,12.216423665400676,158.85003879504643,0.9498097657789516,0.1833112156965129,0.0070504313729428,-4.41108183972795,429.7844609575536,16.530171575290524,15.764537956520464,399.1665643818848,197.7466805133182,307.2905395999939,396.341023339386,15.24388551305331,197.7466805133182,-3.673203355248319,0.3468846643435692,0.013341717859368,-2.7527836276171485,672.3695749484947,25.8603682672498,16.928101195382133,317.94584390333466,159.5420807341663,247.83118278987,319.00768867992,12.269526487689228,159.5420807341663,1.2993821131661036,0.2150305284966691,0.0082704049421795,-3.996135696609586,369.9049917325976,14.22711506663837,15.37444010326584,342.40865838768843,171.55348939617602,266.13388396103977,343.9295564277393,13.22805986260536,171.55348939617602,2.3885416666663843,0.0773534167111892,0.0029751314119688,-6.654363380205479,260.9482693408075,10.036471897723365,14.467237683388804,1.0,11.850000000000003,15.994922210643963,-0.3707133709178705,0.1757273679628416,5.121068705926263,10.179498493265632,27.0,60.0,60.0,49.0,16.0,0.0,0.0,0.0,0.0,11.0,37.99183099999999,3.826832459370763,3.774174274422883,3.52591485633442,3.468770385082008,3.2230923264829,3.0020747573562434,2.8076234740714185,2.7028130786778783,1.992427678243023,1.899569741684097,1.8509261707583125,1.6871432622817737,1.5499363501455783,1.4024302080379665,1.352502463081478,1.1760862145158042,3.8168534963241822,3.615983030773624,3.49944182670601,3.409902197527172,3.218851491620683,2.987347072778859,2.779273104268932,2.696010876513053,1.974470847790176,1.8549803261893247,1.8226841159204328,1.628182570638,1.5589433129948125,1.4531199243299873,1.351811628569446,1.2701633112570494,3.884676425292072,3.811939704557828,3.6405759197933807,3.603808340236862,3.388839103039394,3.156359476136162,3.007815824621235,2.9288419858881625,1.8755797083187096,1.685001785256601,1.6476701129830569,1.4026523604930878,1.3414513822575955,1.100525233129054,1.0238404345559866,0.9883871477492556,3.8203366442105366,3.60820690527612,3.5184418184821733,3.380779556930551,3.2357313477719134,2.992899780531253,2.798280825742269,2.708399957891936,1.962708909644656,1.8353071504722789,1.7901904222058085,1.5988113343776031,1.5667681478993325,1.5020782189591115,1.322072413291825,1.2171642394185724,3.921546309033946,3.8846406438282295,3.7016025851921657,3.669170734078377,3.4539566788087246,3.222808090607155,3.0974004646251085,3.0307259564029,1.8538815187497129,1.637763749235808,1.5912391230984582,1.3407153158827292,1.2777331101382554,1.037019580237697,0.904128337291114,0.8813959252330987,4.185189962207803,3.992645181075381,3.788057080349028,3.5280642365595254,3.380517667509825,3.137052650725454,3.0586992819808154,2.931757353111966,1.8702107186879724,1.7979126857779677,1.7069007627594788,1.5209639386883944,1.3796703705284594,1.1582411764138174,1.0949928212582622,0.7760469897962109,0.0,0.0,1.0,5.0,1.0,3.0,9.0,1.0,0.0,0.0,0.0,0.1443375672974064,0.1853954059492991,0.1900199138464611,0.0,0.0,0.0223606797749978,0.0435891660786196,0.0421624252111214,1.8194792168823424,0.25,0.0,0.0,1.0591890478216597,0.1443375672974064,0.0,0.0,2.5061448868632064,3.002892587674279,3.376912151748525,1.3094268254666248,1.3410213291844575,1.2979668848417671,18.66707965011328,12.588448176547864,10.835239719232645,7.865722298985256,5.635938043710713,4.2168530995884215,2.7561883768430016,1.79763730117604,0.7179646019274338,0.4662388213536246,0.3186835211539013,0.2125870891617636,0.1374619035051393,0.09167071955627,0.06264064492825,0.0408553932085463,16.207708234777346,9.818589154027036,7.388687196898864,4.733692363438935,2.888651806567605,1.9579513627219267,1.1187532514930854,0.6245812522381717,0.6233733936452825,0.3636514501491494,0.2173143293205548,0.1279376314442955,0.070454922111405,0.0425641600591723,0.0254262102612064,0.0141950284599584,33.444775697130034,58.29570284049535,55.78039215686266,56.58000000000006,36.94980179640723,455.23543053892223,0.5668606050361022,0.9880627600083958,0.945430375540045,0.9589830508474588,0.6262678270577496,7.715854754896987,3.7549900000000056,105.58140000000006,218.64868565724925,322.47908633860914,437.2973713144985,16.81912966594225,218.64868565724925,0.0253026134185525,0.000973177439175,-9.559803737659394,269.93574682416045,10.382144108621556,14.55527828547667,772.0,2.0,0.0,3.0,7.0,0.0,0.0,0.0,0.0,2.0,0.0,1.0,0.0,0.0,0.0,0.0,0.0,1.0,0.0,1.0,0.0,0.0,0.0,0.0,0.0,0.0,4.0,0.0,12.0,0.0,0.0,4.0,0.0,0.0,0.0,0.0,0.0,0.0,0.0,0.0,2.0,0.0,10.0,0.0,0.0,4.0,0.0,0.0,0.0,0.0,3.0,0.0,1.0,0.0,1.0,0.0,0.0,0.0,1.0,0.0,0.0,0.0,3.0,0.0,0.0,0.0,0.0,0.0,0.0,1.0,0.0,0.0,0.0,0.0,0.0,0.0,0.0,0.0,0.0,0.0,0.0,0.0,0.0,0.0,0.0,0.0,0.0,0.0,0.0,0.0,0.0,0.0,0.0,0.0,0.0,0.0,0.0,0.0,0.0,0.0,0.0,0.0,0.0,0.0,0.0,0.0,0.0,0.0,0.0,0.0,0.0,0.0,0.0,0.0,0.0,0.0,0.0,0.0,0.0,0.0,1.0087180234778583,0.0,14.727283809459076,11.373316035739132,0.0,0.0,0.0,0.0,5.291974394822995,0.0,1.74984324057708,0.0,0.0,0.0,0.0,0.0,0.3007084808839565,0.0,0.7080095425939019,0.0,0.0,0.0,0.0,0.0,0.0,1.7569118708472062,0.0,4.643494332149532,0.0,0.0,1.7569118708472062,0.0,0.0,0.0,0.0,0.0,0.0,0.0,0.0,4.3217572160941975,0.0,10.56186795808089,0.0,0.0,8.409185521035269,0.0,0.0,0.0,0.0,2.9641305147038643,0.0,-0.2417753202943533,0.0,6.415889225871223,0.0,0.0,0.0,2.4923261109153287,0.0,0.0,0.0,11.507550300921055,0.0,0.0,0.0,0.0,0.0,0.0,5.819068472672525,0.0,0.0,0.0,0.0,0.0,0.0,0.0,0.0,0.0,0.0,0.0,0.0,0.0,0.0,0.0,0.0,0.0,0.0,0.0,0.0,0.0,0.0,0.0,0.0,0.0,0.0,0.0,0.0,0.0,0.0,0.0,0.0,0.0,0.0,0.0,0.0,0.0,0.0,0.0,0.0,0.0,0.0,0.0,0.0,0.0,0.0,0.0,0.0,0.0,0.0,0.3007084808839565,0.0,2.4923261109153287,0.7202507241767975,0.0,0.0,0.0,0.0,0.7494635986807678,0.0,1.74984324057708,0.0,0.0,0.0,0.0,0.0,0.3007084808839565,0.0,0.7080095425939019,0.0,0.0,0.0,0.0,0.0,0.0,0.4176661452574602,0.0,0.2395846168611674,0.0,0.0,0.4176661452574602,0.0,0.0,0.0,0.0,0.0,0.0,0.0,0.0,2.086413846056079,0.0,0.7445772679078893,0.0,0.0,2.0640341342893653,0.0,0.0,0.0,0.0,0.7202507241767975,0.0,-0.2417753202943533,0.0,6.415889225871223,0.0,0.0,0.0,2.4923261109153287,0.0,0.0,0.0,3.625503683097661,0.0,0.0,0.0,0.0,0.0,0.0,5.819068472672525,0.0,0.0,0.0,0.0,0.0,0.0,0.0,0.0,0.0,0.0,0.0,0.0,0.0,0.0,0.0,0.0,0.0,0.0,0.0,0.0,0.0,0.0,0.0,0.0,0.0,0.0,0.0,0.0,0.0,0.0,0.0,0.0,0.0,0.0,0.0,0.0,0.0,0.0,0.0,0.0,0.0,0.0,0.0,0.0,0.0,0.0,0.0,0.0,0.0,0.0,0.7080095425939019,0.0,6.415889225871223,2.140558626228269,0.0,0.0,0.0,0.0,4.542510796142228,0.0,1.74984324057708,0.0,0.0,0.0,0.0,0.0,0.3007084808839565,0.0,0.7080095425939019,0.0,0.0,0.0,0.0,0.0,0.0,0.4607897901661429,0.0,0.5765891124968505,0.0,0.0,0.4607897901661429,0.0,0.0,0.0,0.0,0.0,0.0,0.0,0.0,2.2353433700381187,0.0,1.3232756362707547,0.0,0.0,2.140558626228269,0.0,0.0,0.0,0.0,1.2884554685434015,0.0,0.0,0.0,6.415889225871223,0.0,0.0,0.0,2.4923261109153287,0.0,0.0,0.0,3.97574553113392,0.0,0.0,0.0,0.0,0.0,0.0,5.819068472672525,0.0,0.0,0.0,0.0,0.0,0.0,0.0,0.0,0.0,0.0,0.0,0.0,0.0,0.0,0.0,0.0,0.0,0.0,0.0,0.0,0.0,0.0,0.0,0.0,0.0,0.0,0.0,0.0,0.0,0.0,0.0,0.0,0.0,0.0,0.0,0.0,0.0,0.0,0.0,0.0,0.0,0.0,0.0,0.0,0.0,0.0,0.0,0.0,0.0,0.0,52.25,2.0096153846153846,0.7080095425939019,6.415889225871223,-0.1241222965469552,-0.2417753202943533,10.005757093405885,1.4917753202943531,2.415889225871223,15.946901473188538,1.4917753202943531,2.415889225871223,15.946901473188538,12.33333,0.47436,0.0,0.02564,0.52316,0.80641,0.43684,0.49082,0.75402,0.08632,0.03234,-0.05398,0.05239,0.58824,0.12605,0.0,0.11351,0.12162,0.04054,26.25,1.00962,14.75,0.56731,11.5,0.44231,-3.25,-0.125,0.5,0.01923,26.84579,1.03253,42.69282,15.84703,0.6095,8.13889,0.31303,12.58843,4.44954,0.17114,0.32557,0.01252,0.49757,0.01914,0.2711864406779661,79.06,5.0,5.0,5.0,6.0,2.0,3.0,0.65,1.3993683322260273,3.0586124624426025,4.195056076221216,4.950108303452451,5.05011058362008,4.994399456877658,82.56273160133561,180.45813528411355,247.50830849705176,292.0563899036946,297.9565244335847,294.6695679557818,0.2378808845758256,0.5199384760859161,0.7131243628110842,0.841476911299156,0.8584764605372281,0.8490060360571187,4.483274717135815,2.824030586919239,1.6875869731406254,0.9325347459093908,0.8325324657417612,0.8882435924841836,0.2319360555143302,0.5069448075600202,0.6953028281213205,0.8204477461949962,0.8370224634230352,0.8277887122459296,12.64148152196052,27.07810436918304,32.11664492678864,33.76347928180772,33.35100636367981,33.80811701492579,90.31788537187064,48.146425707995725,32.5338047336885,25.74525806556499,26.206575138764528,25.571748257965485,22.290809327846365,12.456747404844291,9.677136596055515,8.0,7.0,7.0,3.0,3.0520999999999985,0.0666666666666666,4.517013427292975,0.8080898422461985,0.5345224838248487,19.799905614582663,9.772263594475534,3.0348008392486467,0.5503212081491045,0.7937005259840998,0.0,0.0,0.0,0.0,0.0,0.7302967433402213,0.0,4.242640687119286,0.0,0.0,0.568,1.327,1.376,1.762,1.552,12.321000000000002,34.0,37.0,41.0,46.0,44.0,44.0,49.0,46.0,42.0,436.0,3.5115454388310208,3.9464244321454784,4.312475571712766,4.713463895623359,4.972846888034599,4.941642422609304,5.035327906686628,5.244389024522481,5.268502281468852,5.2351112906442445,7.168483590623618,2.9744839449541285,0.4736842105263157,2.0,0.0,0.0,1.0,1.0,0.0,0.0,0.0,0.0,0.0,0.0,0.0,0.0,0.0,0.0,0.0,0.0,0.0,0.0,0.0,0.0,0.0,0.0,2.0,0.0,1.0,1.0,0.0,0.0,0.0,0.0,0.0,0.0,0.0,1.0,0.0,0.0,1.0,0.0,0.0,0.0,0.0,0.0,0.0,0.0,0.0,0.0,0.0,0.0,0.0,0.0,0.0,0.0,0.0,0.0,0.0,0.0,0.0,0.0,1.0,0.0,0.0,0.0,0.0,0.0,0.0,0.0,0.0,13.0,0.4814814814814814,16.0,0.5925925925925926,2.0,10.0,19.0,0.9,5.0,2.000000000000001,0.5972222222222222,1.0672222222222227,0.6561111111111109,0.2891156462585035,0.2769274376417234,0.1577144746787604,0.0906327160493827,0.1018304254667891,0.1851851851851851,0.0588235294117647,0.0205938697318007,0.0410470085470085,0.0226245210727969,0.0103255587949465,0.013187020840082,0.0075102130799409,0.0043158436213991,0.0059900250274581,0.3917587444904976,182.5542442429594,283.7619671118493,365.1084884859188,14.04263417253534,182.5542442429594,0.188384746347528,0.0072455671672126,-4.34009909918714,325.2368371289449,12.509109120344034,15.039839481063154,89.71000000000001,358.5549680539303,5.700439718141093,4.812184355372417,5.579729825986222,6.395261598115449,7.183111701743281,8.003363058629947,8.801920904041582,9.625161575008372,10.430432558182002,11.255850189111348,125.08701576619062,4.007333185232471,0.0,5.25227342804663,2.3978952727983707,6.660575149839686,4.442651256490317,8.142936010432265,6.259581464064923,9.667448713236183,9.947456589918252,359.2685106760009,6.08929679111866,51.95184939552973,1.9981480536742209,17.470527382689582,3.0683685600991657,14.402158822590412,2269.0,29.0,6.472000000000001,122.0,1.0,3.556302500767287
0,0,0,0,0,0,0,0,0,0,0,0,0,0,0,0,0,0,0,0,0,0,0,0,0,0,0,0,0,0,0,0,0,0,0,0,0,0,0,0,0,0,0,0,0,0,0,0,0,0,0,0,0,0,0,0,0,0,0,0,0,0,0,0,0,0,0,0,0,0,0,0,0,0,0,0,0,0,0,0,0,0,0,0,0,0,0,0,0,0,0,0,0,0,0,0,0,0,0,0,0,0,0,0,0,0,0,0,0,0,0,0,0,0,0,0,0,0,0,0,0,0,0,0,0,0,0,0,0,0,0,0,0,0,0,0,0,0,0,0,0,0,0,0,0,0,0,0,0,0,0,0,0,0,0,0,0,0,0,0,0,0,0,0,0,0,0,0,0,0,0,0,0,0,0,0,0,0,0,0,0,0,0,2,4,3,1,2,2,5,1,2,1,2,3,4,2,2,2,2,5,0,0,0,0,0,0,0,0,0,0,0,0,0,0,0,0,2,3,2,3,0,0,0,0,0,0,0,0,0,0,0,0,0,0,0,0,0,1,5,2,5,1,2,0,0,0,0,0,0,0,0,0,0,0,0,0,0,0,0,0,0,0,0,0,0,0,0,0,0,0,0,0,0,0,0,0,0,0,0,0,0,0,0,0,0,0,0,0,0,0,0,0,0,0,0,0,0,0,0,0,0,0,0,0,0,0,0,0,0,0,0,0,0,0,0,0,0,0,0,0,0,0,0,0,0,0,0,0,0,0,0,0,0,0,0,0,0,0,0,0,0,0,0,0,0,0,0,0,0,0,0,0,0,0,0,0,0,0,0,0,0,0,0,0,0,0,0,0,0,0,0,0,0,0,0,0,0,0,0,0,0,0,0,0,0,0,0,0,0,0,0,0,0,0,0,0,0,0,0,0,0,0,0,0,0,0,0,0,0,0,0,0,0,0,0,0,0,0,0,0,0,0,0,0,0,0,0,0,0,0,0,0,5,2,3,1,1,2,1,0,0,0,0,0,0,0,0,0,0,0,0,0,0,0,0,0,0,0,0,0,0,0,0,0,0,0,0,0,0,0,0,0,0,0,0,0,0,0,0,0,0,0,0,0,0,0,0,0,0,0,0,0,0,0,0,0,0,0,0,0,0,0,0,0,0,0,0,0,0,0,0,0,0,0,0,0,0,0,0,0,0,0,0,0,0,0,0,0,0,0,0,0,0,0,0,0,0,0,0,0,0,0,0,0,0,0,0,0,0,0,0,0,0,0,0,0,0,0,0,0,0,0,0,0,0,0,0,0,0,0,0,0,0,0,0,0,0,0,0,0,0,0,0,0,0,0,0,0,2,5,2,4,0,0,0,0,0,0,0,0,0,0,0,0,0,0,0,0,0,0,0,0,0,2,2,2,1,2,2,2,1,0,0,0,0,0,0,0,0,0,0,0,2,2,2,2,2,4,3,2,2,0,0,0,0,0,0,2,2,2,2,2,0,0,1,0,0,0,0,5,5,0,0,0,0,0,0,0,0,0,0,0,1,5,2,5,0,0,0,0,0,2,0,0,0,0,0,0,0,1,2,2,2,2,2,1,0,0,0,0,0,0,0,0,0,0,0,0,0,0,0,3,2,3,0,2,3,4,0,0,0,0,0,0,0,0,0,0,0,0,0,0,0,0,0,0,0,0,0,0,0,0,0,0,0,0,0,0,0,0,2,2,2,1,2,2,2,2,2,0,0,0,0,0,0,0,0,0,0,0,0,0,0,0,0,0,0,0,0,0,0,0,0,3,2,2,2,3,1,1,2,3,2,0,0,0,5,2,3,0,0,0,0,0,0,0,1,2,0,0,0,0,0,0,0,2,2,2,0,0,0,0,0,0,0,0,0,0,0,0,0,0,0,0,0,0,0,0,0,0,0,0,0,0,0,0,0,0,0,0,0,0,0,0,0,0,0,0,0,0,0,0,0,0,0,0,0,0,0,0,0,0,0,0,0,0,0,0,0,0,0,0,0,0,0,2,5,4,0,1,1,2,2,2,2,2,3,2,0,0,0,3,2,2,3,0,0,0,0,0,0,0,0,0,0,0,0,2,2,0,0,0,0,0,0,0,0,0,0,0,0,0,0,0,0,0,0,0,0,0,0,0,0,0,0,0,0,0,0,0,2,2,2,2,4,5,0,0,0,0,0,0,0,0,0,0,0,0,0,0,0,0,0,0,0,0,0,0,0,0,0,0,0,0,0,0,0,0,0,0,3,0,0,0,0,0,0,0,0,0,0,0,0,0,0,0,0,0,0,0,0,0,0,0,0,0,0,2,3,0,0,0,0,0,0,2,2,5,5,1,1,0,0,0,0,0,0,0,0,0,0,0,0,0,0,0,0,0,0,0,0,0,0,2,1,2,0,0,0,0,0,0,0,0,0,3,3,5,0,0,1,5,0,0,0,0,0,0,0,0,0,0,0,0,0,0,0,3,2,0,0,0,0,2,2,2,0,0,0,0,2,2,2,2,1,0,0,0,2,3,2,2,2,1,0,0,2,2,1,2,2,0,0,0,0,0,0,0,0,0,0,0,0,1,2,3,0,0,0,0,0,0,0,0,0,0,0,0,0,0,0,0,0,0,0,0,0,0,0,0,0,0,0,0,0,0,0,0,0,0,0,0,0,0,0,1,2,0,0,0,0,1,0,0,0,0,0,0,0,0,0,0,0,0,0,0,0,0,0,0,0,0,0,0,0,0,0,0,0,0,0,0,0,0,0,0,0,0,0,0,0,0,0,0,0,0,0,0,0,0,0,0,0,0,0,0,0,0,0,0,0,0,0,0,0,0,0,0,0,0,0,0,0,0,0,0,0,0,0,0,0,0,0,0,0,0,0,5,2,0,0,0,0,0,0,4,2,0,0,0,0,0,0,0,0,0,0,0,0,1,3,3,2,0,0,0,0,0,0,0,0,0,0,0,0,0,0,0,0,0,0,0,0,0,0,0,0,0,0,0,0,0,0,0,0,0,0,0,0,0,0,0,0,0,0,0,2,1,0,0,0,0,0,0,0,0,0,0,0,0,0,0,0,0,0,0,0,0,0,0,2,2,2,5,0,0,0,0,0,0,0,2,2,0,0,0,0,0,0,0,0,2,2,2,1,0,0,0,0,2,2,2,2,0,2,1,2,2,2,0,2,2,0,0,0,0,0,0,0,0,0,0,0,0,0,0,0,0,0,0,1,2,2,0,0,0,0,0,0,0,0,0,0,0,0,0,0,0,0,2,2,5,2,2,1,0,0,0,0,0,0,0,3,2,0,3,4,2,4,1,1,2,0,1,1,4,3,3,3,1,3,4,1,1,0,4,0,0,1,3,2,2,2,4,0,3,1,2,2,3,4,0,2,1,3,1,0,1,2,4,0,0,1,4,2,1,1,2,0,2,3,4,1,2,4,0,3,4,4,2,0,3,1,3,3,1,4,4,1,3,4,2,2,0,2,3,3,3,2,4,0,4,3,3,1,3,2,3,0,4,3,0,2,4,0,4,4,2,0,2,4,2,3,2,3,1,0,2,2,1,0,3,2,2,2,4,4,0,3,3,0,3,2,4,2,0,1,1,0,0,3,0,1,3,1,1,3,2,4,0,0,0,1,0,4,0,3,4,2,3,3,4,2,0,2,2,0,0,1,4,3,1,2,0,4,0,4,4,2,4,3,2,0,3,0,1,2,3,3,3,4,1,3,1,2,0,1,0,3,0,1,2,0,3,2,2,2,4,0,0,2,1,4,3,3,2,0,3,2,3,3,2,4,2,3,4,0,0,1,2,4,4,0,0,2,2,3,4,1,2,4,1,0,0,1,1,1,4,3,2,4,3,4,1,1,1,1,3,0,0,0,1,1,4,4,3,4,0,2,3,4,0,0,3,3,0,2,1,1,4,4,1,4,0,4,0,1,4,1,4,2,3,4,2,2,0,1,3,4,4,2,4,2,4,4,4,2,4,1,2,1,4,3,0,0,4,4,3,4,0,3,3,0,0,3,3,4,4,1,3,1,4,1,2,3,4,2,1,1,2,0,0,0,3,4,3,4,2,2,3,4,2,2,4,0,3,2,1,1,4,1,2,1,4,4,3,0,0,3,0,0,0,0,0,0,0,0,0,0,0,0,0,0,0,0,0,0,0,0,0,0,0,0,0,0,0,0,0,0,0,0,0,0,0,0,0,0,0,0,0,0,0,0,0,0,0,0,0,0,0,0,0,0,0,0,0,0,0,0,0,0,0,0,0,0,0,0,0,0,0,0,0,0,0,0,0,0,0,0,0,2,1,2,0,2,2,2,3,3,2,2,3,1,2,2,0,0,0,0,0,0,0,2,3,2,3,3,5,4,0,2,5,0,5,2,0,0,0,0,2,2,5,2,0,0,0,0,0,0,0,0,0,0,0,0,0,0,0,0,0,0,0,0,0,0,0,0,0,0,0,0,0,0,0,0,0,0,0,0,0,0,0,0,0,0,0,0,0,0,0,0,0,0,0,0,0,0,0,0,0,0,0,0,0,0,0,0,0,0,0,0,0,0,0,0,0,0,0,0,0,0,0,0,0,0,0,0,0,0,0,0,0,0,0,0,0,0,0,0,2,1,1,1,5,5,3,1,1,5,4,1,3,1,3,3,0,0,0,0,0,0,0,0,0,0,0,0,0,0,0,0,0,0,0,0,0,0,0,0,0,0,0,0,0,0,0,0,0,0,0,0,0,0,0,0,0,0,0,0,0,0,0,0,0,0,0,0,0,0,0,0,0,0,0,0,0,0,0,0,0,0,0,0,0,0,0,0,0,0,0,0,0,0,0,0,0,0,0,0,0,0,0,0,0,0,0,0,0,0,0,0,0,0,0,0,0,0,0,0,0,0,0,0,0,0,0,0,0,0,0,0,0,0,0,0,0,0,0,0,0,0,0,0,0,0,0,0,0,0,0,0,0,0,0,0,0,0,0,0,0,0,0,0,0,0,0,0,0,0,0,0,0,0,0,0,0,0,0,0,0,0,0,0,0,0,0,0,0,0,0,0,0,0,0,0,0,0,0,0,0,0,0,0,0,0,0,0,0,0,0,0,0,0,0,0,0,0,0,0,0,0,0,0,0,0,0,0,0,0,0,0,0,0,0,0,0,0,0,0,0,0,0,0,0,0,0,0,0,0,0,0,0,0,0,0,0,0,0,0,0,0,0,0,0,0,0,0,0,0,0,0,0,0,0,0,0,0,0,0,0,0,0,0,0,0,0,0,0,0,0,0,0,0,0,0,0,0,0,0,3,3,2,3,2,2,4,2,3,1,1,2,5,5,1,2,1,0,0,0,0,0,0,0,0,0,0,0,0,0,0,0,0,0,0,0,0,0,0,0,0,0,0,0,0,0,0,0,0,0,0,0,0,0,0,0,0,0,0,0,0,0,0,0,0,0,0,0,0,0,0,0,0,0,0,0,0,0,0,0,0,0,0,0,0,0,0,0,0,0,0,0,0,0,0,0,0,0,0,0,0,0,0,0,0,0,0,0,0,0,0,0,0,0,0,0,0,0,0,0,0,0,0,0,0,0,0,0,0,0,0,0,0,0,0,0,0,0,0,0,0,0,0,0,0,0,1,1,2,4,1,3,2,3,1,3,4,5,3,3,1,3,5,4,1,2,4,3,3,1,3,3,1,3,1,1,2,1,3,2,2,5,3,2,2,3,4,1,2,2,4,0,0,0,0,0,0,0,0,0,0,0,0,0,0,0,0,0,0,0,0,0,0,0,0,0,0,0,0,0,0,0,0,0,0,0,0,0,0,1,0,0,0,0,0,0,0,1,0,0,0,0,0,0,0,0,0,0,0,0,0,0,0,0,0,0,0,0,0,0,0,0,0,0,0,0,0,0,0,0,0,0,0,0,0,0,0,0,0,0,0,0,0,0,0,0,0,0,0,0,0,0,0,0,1,0,0,0,0,0,0,0,0,0,0,0,0,0,0,0,0,0,0,0,0,0,0,0,0,0,0,0,0,0,0,0,0,0,1,0,0,0,0,0,0,0,0,0,0,0,0,0,0,0,0,0,0,0,1,0,1,0,0,0,0,1,0,0,0,0,1,0,0,0,0,0,0,0,0,0,0,0,0,0,0,0,0,0,0,0,0,0,0,0,0,0,0,0,1,0,0,0,0,0,0,0,0,0,0,0,0,0,0,0,0,0,0,1,0,0,0,0,0,0,0,0,0,0,0,0,0,0,0,0,0,0,1,0,0,0,0,0,0,0,0,1,0,0,0,0,0,0,0,1,0,0,1,1,0,0,1,0,0,0,0,0,0,0,0,0,0,0,1,0,0,1,0,0,0,0,0,0,0,0,0,0,0,1,0,1,0,0,0,0,0,1,0,1,0,0,0,0,0,0,0,0,0,0,0,0,0,0,0,0,0,1,0,0,0,0,0,0,0,0,0,0,0,0,0,0,0,0,0,0,0,0,0,0,0,0,0,0,0,0,0,0,0,0,0,0,0,0,0,0,0,0,0,0,0,0,0,0,0,0,0,0,0,0,0,0,0,0,0,0,0,0,0,0,0,0,1,0,0,0,1,1,0,1,0,0,0,0,0,0,0,0,0,0,0,0,0,1,1,0,0,0,0,0,0,0,0,0,0,1,0,0,0,1,0,0,0,0,0,0,0,0,0,0,0,0,0,0,0,0,0,0,0,0,0,0,0,0,0,0,0,0,0,0,0,0,0,0,0,1,0,0,0,0,0,0,0,0,0,0,0,0,0,0,0,0,0,1,0,0,0,0,0,0,0,0,1,0,0,0,0,0,0,0,0,0,0,0,0,0,0,0,0,0,0,0,0,0,0,0,0,0,0,0,0,0,1,1,0,0,0,0,0,0,0,0,0,0,0,0,0,0,0,0,0,0,0,0,0,0,0,0,0,0,0,0,0,0,1,0,0,0,0,0,0,0,0,0,0,0,0,0,0,0,0,0,0,0,0,0,1,0,0,1,0,0,0,0,0,0,0,0,0,0,0,0,0,0,0,0,0,0,0,0,0,0,0,0,0,0,0,0,0,0,0,0,0,0,0,0,0,0,0,0,0,0,0,0,0,0,0,0,0,0,0,0,0,0,0,0,0,0,0,0,0,0,0,1,0,0,0,1,0,0,0,0,0,0,0,0,0,0,0,0,0,0,1,0,0,0,0,0,0,0,0,0,0,0,0,0,0,0,0,0,0,0,1,0,0,0,1,0,0,0,0,0,1,0,0,0,0,0,0,0,0,0,0,0,0,0,0,0,0,0,0,1,0,0,0,0,0,0,0,0,0,0,0,0,0,0,0,0,0,0,0,0,0,0,0,0,0,0,0,0,0,0,0,0,0,0,0,0,0,1,1,0,0,0,0,0,0,0,0,0,0,0,1,0,0,1,0,0,0,0,0,0,0,0,0,0,0,0,0,0,0,0,0,0,0,0,0,0,0,0,0,0,0,0,0,0,0,0,0,0,0,1,0,0,1,0,0,0,0,0,1,0,0,0,0,0,0,0,0,0,0,0,0,0,0,0,0,0,0,0,0,0,0,0,0,0,0,0,0,0,0,0,0,1,0,1,0,0,0,1,0,0,0,0,0,0,0,0,0,0,0,0,0,0,0,0,0,1,0,0,0,0,0,0,0,0,0,0,0,0,0,0,0,0,0,1,0,0,0,0,0,0,0,1,0,0,0,0,0,0,1,0,0,0,0,0,0,0,0,0,0,1,0,0,0,0,0,0,0,0,0,0,1,0,0,0,0,1,0,1,0,0,1,0,0,0,0,0,0,1,1,0,0,0,0,0,0,0,0,0,0,0,0,0,0,0,0,0,0,1,0,0,1,0,0,0,0,0,0,0,0,1,0,0,0,0,0,0,0,0,0,0,0,0,0,0,0,0,0,0,0,0,0,0,0,0,0,0,0,0,0,0,0,0,0,0,0,0,0,0,0,0,0,0,0,0,0,0,0,0,0,0,0,0,0,1,0,0,0,0,0,0,0,0,0,0,0,0,0,0,0,0,0,1,0,1,0,0,0,0,0,0,0,0,0,0,0,0,0,0,1.0,1.5043000000000002,2.262918490000001,47.4115,58.571894999999984,17.0,19.0,50.0,35.0,15.0,0.0,22.0,3.0,4.0,0.0,0.0,6.0,0.0,0.0,0.0,6.0,6967.147717898628,6586.494101011204,11284.712719909823,10337.321646022398,10539.7654341296,11121.635609033588,12717.909908416736,8308.876112745602,6309.369953011204,12441.397666564588,15591.58036001706,23383.72246528848,25348.49932237026,25305.50462760898,23527.38098499533,21260.029762629136,18232.060301190613,15922.484968783205,446.6800839999997,437.80360800000017,783.4168960000009,920.2330720000008,1048.2435160000018,950.8187680000016,1017.7749920000008,739.8900960000005,615.2337840000005,76.08930357273489,97.53398832599996,146.64213058939603,164.25824870564128,158.94577119079213,145.3126557430372,128.15984504388598,115.72616621448988,105.20277637648988,8760.089705023734,7961.946523151751,14813.264273385395,17975.38078082717,20878.620250184467,18643.29712584267,20322.077645725,14670.96167532839,12118.549839356285,631.1527777777777,226.1666666666667,754.1666666666665,516.6388888888887,607.9513888888886,615.3888888888889,1194.5833333333333,486.5277777777779,343.1111111111115,139.34295435797256,124.27347360398498,124.00783208692116,91.48072253117166,85.68914987097236,98.42155406224414,115.61736280378852,94.41904673574548,83.01802569751584,248.82795333129167,294.1807615097558,256.9639831350382,224.3230028528341,205.7358099805608,208.20691137164008,193.27299784208304,207.1825034226206,209.50638116820005,8.933601679999995,8.260445433962268,8.608976879120888,8.143655504424785,8.522305008130097,8.414325380530988,9.252499927272735,8.407842000000006,8.09518136842106,1.5217860714546978,1.8402639306792443,1.6114519844988575,1.4536128204039052,1.292242042201562,1.2859527056905946,1.1650895003989634,1.3150700706192031,1.3842470575853931,175.2017941004747,150.22540609720284,162.783123883356,159.07416620201036,169.7448800828005,164.98493031719175,184.7461604156818,166.71547358327717,159.4546031494248,12.623055555555554,4.267295597484278,8.287545787545787,4.572025565388396,4.9426942186088505,5.445919370698132,10.859848484848484,5.528724747474748,4.5146198830409405,1.176265359789016,-0.771189246175758,0.3298532603501088,0.1689979158607011,-0.3046197982004708,-0.5225414000438943,0.6820822722805728,-0.1913673078978849,0.0266954248701016,1979.7513812557152,8.661937308590836,701.5974459446644,17.13399559288439,-1219.4546177816271,682.8734969960251,1233.9434050283755,394.0040441143104,255.0260806230472,2020.049035909111,36.00302685635493,-48.46342585405441,-338.8562941302055,-30.19067895402455,-337.3278180736325,585.8137877561995,23.19845260012707,127.42117409029856,11.614082000000003,-0.3437550799999884,8.62773764000001,-1.5575994799999715,-8.382513479999986,-0.7058874799999867,15.102574399999986,1.0312715200000122,-0.0449393599999776,12.036451978914492,0.0731400200292217,1.7690388229254024,-3.6891279413348776,0.6149975374332296,-6.9419830965576725,8.168561666116803,-1.0938486208491212,-0.1776201521472418,197.53922905259435,-9.287889213731876,117.21081333552448,-68.22764411919103,-41.777222275523584,-141.97188924323456,271.9802762476655,19.83227809792496,-16.3831226298741,284.43055555555543,-22.507777777777783,219.07333333333327,-5.024444444444436,-166.07305555555544,-1.074444444444441,285.6444444444442,-2.6577777777777665,-3.259999999999953,0.0235253071957803,-0.0145507404938822,0.0036247611027484,0.0014955567775283,-0.002476583725207,-0.0046242601773795,0.0062007479298233,-0.0021746284988396,0.000351255590396,39.59502762511431,0.1634327794073742,7.70986204334796,0.1516282795830477,-9.914265185216482,6.043128292000223,11.217667318439778,4.477318683117164,3.355606323987463,40.40098071818222,0.6793023935161308,-0.5325651192753231,-2.998728266638987,-0.2454526744229638,-2.985201929855154,5.325579888692723,0.2636187795468985,1.6765943959249812,0.2322816400000001,-0.0064859449056601,0.0948103037362638,-0.01378406619469,-0.0681505160975608,-0.0062467918584069,0.1372961309090908,0.0117189945454546,-0.0005913073684207,0.2407290395782898,0.0013800003779098,0.0194399870651143,-0.0326471499233175,0.0049999799791319,-0.0614334787305988,0.0742596515101527,-0.0124300979641945,-0.0023371072650952,3.950784581051887,-0.1752431927119222,1.2880309157749943,-0.603784461231779,-0.339652213622143,-1.256388400382607,2.472547965887868,0.225366796567329,-0.2155674030246592,5.688611111111109,-0.4246750524109016,2.407399267399268,-0.0444641101278268,-1.3501874435411012,-0.0095083579154375,2.5967676767676746,-0.03020202020202,-0.0428947368421046,-0.6185143672211922,0.1540792250907828,0.0635722528544317,-0.1052731726135036,-0.1965653472193144,0.2635777666246842,-0.092437836443201,0.0149309672121551,0.0041276086723503,0.1947179357050821,0.0038294778076344,-0.2503916723858546,0.1526234139603729,0.2833100010599473,0.113077801725722,0.0847481748404961,0.0168140075176545,-0.0131819849372034,-0.0742241453878724,-0.0060754137661935,-0.0738893431988318,0.1318180844628848,0.0065250589183905,0.0414988538921888,-0.0279227618061425,0.4081695984937243,-0.0593420392360326,-0.2933960518685886,-0.026893179583229,0.5910761216818116,0.0504516609468345,-0.0025456483276971,0.0057325878935392,0.0807546405667108,-0.1356178298243906,0.0207701571355534,-0.2551976231792321,0.3084781613395755,-0.0516352243417315,-0.0097084559020774,-0.0443565547846863,0.3260190196024454,-0.1528264699947327,-0.085970825959767,-0.3180098470588078,0.6258372014881048,0.0570435547531993,-0.0545631882989846,-0.0746535567498045,0.4231963163551622,-0.0078163385155611,-0.2373492258776291,-0.0016714726546987,0.4564853575059149,-0.0053092081023132,-0.0075404586469835,1.7309229882939487,0.631450443878305,0.7809777997414923,0.9432920850325068,1.2041112954445323,0.5814640484139366,0.858691088077997,0.8297832884838425,0.5379949520042463,0.5465529770652582,0.8245794403602525,1.20689390316029,0.7748017075181926,0.8234877149961313,0.8164150429567497,0.8297594667528932,0.8787657673524554,0.9288394554236298,1.1108370391559683,0.9946587014070712,1.0885213466308252,0.792781702068134,1.0103785371441063,1.0590554232858287,0.6212558655981363,0.3929570353273922,0.7100202509272105,1.1744294947533986,0.8293479179554365,0.6073176385826666,0.7170965932876691,0.6710085448990193,1.021303291944426,0.9288366468711896,1.106712262008848,0.92726195588654,1.2080567100917654,0.6378768065058577,0.9830746736955004,0.9816513739644138,0.9168031857289224,0.6711460257431628,0.8874501787459055,0.9637977684661734,1.1263205321116845,0.5114840932368345,0.6996795384847976,0.6865392812142153,0.6387141176373038,0.3589568300735839,0.6434867230709467,1.1038104868084182,0.7719934990603372,0.6797428851728382,0.7252176841909007,0.6512852704053707,355.00939992142304,179.21898567499713,269.6377926334615,358.2420529826471,10.235487228075636,179.21898567499713,3.428571428571217,0.3632192785485079,0.0103776936728145,-3.5446199388587227,531.2579659505412,15.178799027158322,21.96336700199823,353.96434627598444,178.79782148266523,269.2350447178212,357.3881402973677,10.21108972278194,178.79782148266523,3.6312966893459873,0.3689981520214054,0.0105428043434687,-3.4893727505917784,541.1184840195544,15.460528114844411,22.027733924510088,441.5636124685202,217.86485133987657,323.90525350542134,437.3965340479723,12.497043829942063,217.86485133987657,-5.833909788767073,0.3509697455989927,0.010027707017114,-3.664693389370746,496.1147466497888,14.17470704713682,21.72382535407354,355.9254530438638,179.6106106120379,270.11215229492285,359.032891613778,10.258082617536514,179.6106106120379,3.295768180212008,0.3605994788888427,0.0103028422539669,-3.569955946677468,526.5166051880858,15.043331576802451,21.93199004463414,523.3777382281846,252.7523938545505,366.0184281406762,512.1543273903302,14.63298078258086,252.7523938545505,-17.872950519083503,0.2209628041829565,0.0063132229766559,-5.284163144729083,578.3512721719751,16.52432206205643,22.26063497488808,347.46704358553006,175.47877412325755,263.2250102833036,350.758090837316,10.021659738209024,175.47877412325755,3.4905046609850388,0.3510441549273996,0.0100298329979257,-3.663951430699546,545.1596679958374,15.57599051416678,22.053775521945887,333.40918053582527,168.34681436419606,250.85298114009683,336.8212678236812,9.623464794962317,168.34681436419606,8.102435064934724,0.4904671315730105,0.0140133466163717,-2.493389542933882,497.8336543456938,14.223818695591252,21.73593097832374,0.0,11.997372411681097,19.00383647197861,-0.3316503066024299,0.4169976509853841,3.6662074113925054,10.042132578384942,38.0,53.0,51.0,32.0,17.0,2.0,2.0,0.0,0.0,21.0,30.748104999999992,4.072466128285998,3.930840375358799,3.722145968104187,3.528551795672793,3.475800629120487,3.313817688425295,3.1333242040887264,2.999794116653133,2.005148485654252,1.96993556945904,1.7595322524881465,1.5859520429382827,1.3502030110453949,1.2524184404206893,1.193283633864983,1.1034927024354402,3.993815913172351,3.8934296745354016,3.568153264076945,3.422573824999584,3.185718817215869,3.174301306277381,2.934559605514538,2.8731590240860743,2.0269904261005327,1.98001024406016,1.783205622605626,1.569119279386209,1.477587800883697,1.4046464824194005,1.4024252467696745,1.2026286251977198,4.088310185748441,3.959660041520989,3.740630210094997,3.591741678742136,3.4304720098037262,3.355397286699981,3.1572466057571087,3.0793891690011708,1.9537456142246223,1.9072078447229983,1.589129484549858,1.3510867622442175,1.3099745835420047,1.1997460075797484,1.1658592548483762,0.9415647293592369,3.981658473691808,3.889791344198665,3.538188703436587,3.4011304922451058,3.1686906124084504,3.10935145116278,2.8936364965009043,2.849634527976955,2.039839824808745,1.9829224062632145,1.7940285520191634,1.5687496928802769,1.554721349977225,1.521391953548641,1.4450362038834426,1.2425332131376254,4.108383531022399,3.981959433199721,3.7711178954449593,3.6096201084635458,3.4683214397165885,3.381352491944866,3.16526144902679,3.1284534073380224,1.9388625044301275,1.890822176673824,1.5570347302368,1.30231593948804,1.2829926255081197,1.1839509398073849,1.140559860635726,0.9289516556746208,5.54093428869677,5.532583051025278,4.95902933062875,4.852983990529741,4.735426008968611,4.735426008968609,4.735426008968607,4.735426008968606,1.8860188664079107,1.850905480362788,1.6225854298819828,1.4553869158932526,1.199401102805386,1.069079849149935,0.9582659420148258,0.7840523405103061,0.0,0.0,4.0,7.0,5.0,3.0,3.0,0.0,0.0,0.0,0.0,0.2140761750626955,0.4638038460194185,0.7746542748541687,0.0,0.0,0.0763141139606879,0.1610255091111996,0.2214096980549439,4.770175353332312,0.5773502691896258,1.2525140526155758,0.2886751345948129,1.0720257002239617,0.0269974623578019,0.175305613874993,0.0089991541192673,7.579372635748667,9.868104746808534,13.87160053091254,1.945429864666813,2.437765747801211,2.773263148388726,25.543241116511005,16.324536971774705,17.11304826870342,12.4729234412237,9.856051286629496,8.348194476431132,6.38825721955187,4.613425361834914,0.7298068890431716,0.4295930782045975,0.2950525563569555,0.1732350477947736,0.1059790460927902,0.0684278235773043,0.0437551864352867,0.0274608652490173,17.573914831330736,10.117453444136537,7.750299760483118,5.347666539948508,3.685115801910149,2.490372849182408,1.5052668892039731,0.9291076885845948,0.5021118523237353,0.2662487748456983,0.1336258579393641,0.0742731463881737,0.039624901095808,0.0204128922064131,0.0103100471863285,0.0055304029082416,35.07612354976594,53.7108521485798,53.27843137254898,54.32400000000004,33.887362275449114,391.8051167664671,0.7015224709953187,1.074217042971596,1.0655686274509797,1.0864800000000008,0.6777472455089822,7.836102335329342,5.296770000000003,114.14280000000008,399.42456295650527,590.2666796632642,798.8491259130105,22.824260740371727,399.42456295650527,0.2063504259263859,0.0058957264550395,-5.523628105410877,423.5019795000876,12.10005655714536,21.169953658789005,1002.0,1.0,0.0,11.0,16.0,1.0,0.0,0.0,2.0,0.0,0.0,0.0,0.0,0.0,1.0,0.0,0.0,0.0,0.0,0.0,0.0,0.0,0.0,0.0,0.0,0.0,6.0,0.0,4.0,2.0,0.0,6.0,0.0,0.0,0.0,0.0,0.0,0.0,0.0,0.0,0.0,0.0,4.0,0.0,0.0,6.0,0.0,0.0,0.0,2.0,8.0,0.0,2.0,0.0,0.0,0.0,0.0,0.0,0.0,0.0,0.0,0.0,2.0,1.0,0.0,0.0,0.0,1.0,2.0,0.0,1.0,0.0,0.0,6.0,0.0,0.0,0.0,0.0,0.0,0.0,0.0,0.0,0.0,0.0,0.0,0.0,0.0,0.0,0.0,0.0,0.0,0.0,0.0,0.0,0.0,0.0,0.0,0.0,0.0,0.0,0.0,0.0,0.0,0.0,0.0,0.0,0.0,0.0,0.0,0.0,0.0,0.0,0.0,0.0,0.0,0.0,0.0,0.0,0.0,0.0,0.6982095948833642,0.0,116.9522560415666,1.7934742079286916,7.471261596323448,0.0,0.0,9.590536911946126,0.0,0.0,0.0,0.0,0.0,0.6982095948833642,0.0,0.0,0.0,0.0,0.0,0.0,0.0,0.0,0.0,0.0,0.0,4.509361888560091,0.0,2.91667718002373,1.5242424175332416,0.0,4.509361888560091,0.0,0.0,0.0,0.0,0.0,0.0,0.0,0.0,0.0,0.0,0.3155348481093392,0.0,0.0,5.722351237246872,0.0,0.0,0.0,-1.4491513736858628,-2.479725655632317,0.0,-10.042420886060192,0.0,0.0,0.0,0.0,0.0,0.0,0.0,0.0,0.0,7.647822455122239,1.4494134753860095,0.0,0.0,0.0,8.75213819188091,22.987086156389665,0.0,4.9575951332866985,0.0,0.0,78.80602308462332,0.0,0.0,0.0,0.0,0.0,0.0,0.0,0.0,0.0,0.0,0.0,0.0,0.0,0.0,0.0,0.0,0.0,0.0,0.0,0.0,0.0,0.0,0.0,0.0,0.0,0.0,0.0,0.0,0.0,0.0,0.0,0.0,0.0,0.0,0.0,0.0,0.0,0.0,0.0,0.0,0.0,0.0,0.0,0.0,0.0,0.0,0.6982095948833642,0.0,1.4494134753860095,-1.507164520261649,7.471261596323448,0.0,0.0,1.0119943954677546,0.0,0.0,0.0,0.0,0.0,0.6982095948833642,0.0,0.0,0.0,0.0,0.0,0.0,0.0,0.0,0.0,0.0,0.0,0.6147438877410468,0.0,0.6775664778843893,0.7595820690768451,0.0,0.6147438877410468,0.0,0.0,0.0,0.0,0.0,0.0,0.0,0.0,0.0,0.0,-0.3055767581131621,0.0,0.0,0.0047466945669181,0.0,0.0,0.0,-1.093376052854904,-1.507164520261649,0.0,-5.021210443030096,0.0,0.0,0.0,0.0,0.0,0.0,0.0,0.0,0.0,3.680558525369132,1.4494134753860095,0.0,0.0,0.0,8.75213819188091,10.70060000761164,0.0,4.9575951332866985,0.0,0.0,13.134337180770553,0.0,0.0,0.0,0.0,0.0,0.0,0.0,0.0,0.0,0.0,0.0,0.0,0.0,0.0,0.0,0.0,0.0,0.0,0.0,0.0,0.0,0.0,0.0,0.0,0.0,0.0,0.0,0.0,0.0,0.0,0.0,0.0,0.0,0.0,0.0,0.0,0.0,0.0,0.0,0.0,0.0,0.0,0.0,0.0,0.0,0.0,0.6982095948833642,0.0,13.134337180770553,1.626708711262283,7.471261596323448,0.0,0.0,8.578542516478372,0.0,0.0,0.0,0.0,0.0,0.6982095948833642,0.0,0.0,0.0,0.0,0.0,0.0,0.0,0.0,0.0,0.0,0.0,0.9148254154197736,0.0,0.7646603484563965,0.7646603484563965,0.0,0.9148254154197736,0.0,0.0,0.0,0.0,0.0,0.0,0.0,0.0,0.0,0.0,0.453634810405644,0.0,0.0,1.626708711262283,0.0,0.0,0.0,0.0,0.7184735613712889,0.0,0.0,0.0,0.0,0.0,0.0,0.0,0.0,0.0,0.0,0.0,3.9672639297531074,1.4494134753860095,0.0,0.0,0.0,8.75213819188091,12.286486148778026,0.0,4.9575951332866985,0.0,0.0,13.134337180770553,0.0,0.0,0.0,0.0,0.0,0.0,0.0,0.0,0.0,0.0,0.0,0.0,0.0,0.0,0.0,0.0,0.0,0.0,0.0,0.0,0.0,0.0,0.0,0.0,0.0,0.0,0.0,0.0,0.0,0.0,0.0,0.0,0.0,0.0,0.0,0.0,0.0,0.0,0.0,0.0,0.0,0.0,0.0,0.0,0.0,0.0,116.66666666666666,3.333333333333333,1.5255611279521115,13.134337180770553,0.1406585279433784,-5.021210443030096,9.907488074797408,6.271210443030096,5.286486148778026,91.30133004260568,6.271210443030096,5.286486148778026,91.30133004260568,15.24758,0.43565,0.0,0.06435,0.79905,1.01293,0.44141,0.67807,0.99312,0.35763,0.12098,-0.23665,0.0198,0.43009,0.2842,0.0,0.17801,0.35415,0.06558,43.25,1.23571,23.25,0.66429,20.0,0.57143,-3.25,-0.09286,0.0,0.0,30.41386,0.86897,73.19596,42.7821,1.22235,7.45515,0.213,16.32447,8.86932,0.25341,1.08953,0.03113,1.43353,0.04096,0.4,254.13,5.0,13.0,12.0,7.0,1.0,1.0,0.2727272727272727,1.9443458487619505,3.923074189428569,4.458171939471839,4.958562939644917,5.013660689688187,5.013660689688186,97.21729243809752,196.15370947142844,222.90859697359195,247.92814698224583,250.6830344844093,250.6830344844093,0.3445066251483561,0.6951052715581613,0.7899159350567697,0.8785771240288883,0.888339553862429,0.8883395538624289,3.699510341012774,1.7207820003461554,1.1856842503028853,0.6852932501298072,0.6301955000865371,0.630195500086538,0.3234523943522158,0.6526245012429401,0.741640891292162,0.8248836267454975,0.8340494339429482,0.8340494339429481,21.82549325527044,42.04251062178878,47.196646432425496,48.746284115726205,48.801813007426674,48.80181300742668,110.87183326450764,63.17287865367061,50.56848495094498,45.995618803810935,45.74940355875877,45.74940355875876,28.01939058171745,11.00653983353151,6.716049382716049,7.0,20.0,4.0,2.45,2.9844000000000013,0.0,0.0,0.0,0.0,9.176667065556195,23.700404460654106,2.981462434506832,9.814210806897048,3.648575311415737,0.25,0.814325284978472,0.2751606040745523,0.0,0.0,0.0,0.0,0.4999999999999999,0.3333333333333333,0.0,0.591,1.239,1.245,2.6670000000000007,2.1670000000000003,14.64,58.0,72.0,93.0,122.0,146.0,168.0,195.0,210.0,237.0,1374.0,3.9219733362813134,4.58751525074937,5.164071432985645,5.786897381366708,6.404349973102371,6.901391321895638,7.422233598524994,7.910799802590355,8.384810246216302,8.851668737315881,9.80029969664421,13.128202613264191,0.4705882352941176,4.0,0.0,0.0,2.0,2.0,0.0,0.0,0.0,0.0,0.0,0.0,0.0,1.0,0.0,0.0,0.0,0.0,0.0,1.0,0.0,0.0,0.0,0.0,5.0,0.0,2.0,2.0,0.0,0.0,1.0,0.0,0.0,0.0,0.0,2.0,0.0,0.0,2.0,0.0,0.0,0.0,0.0,0.0,0.0,0.0,0.0,0.0,0.0,0.0,0.0,0.0,0.0,1.0,0.0,0.0,0.0,0.0,0.0,0.0,2.0,0.0,0.0,0.0,1.0,0.0,0.0,0.0,0.0,8.0,0.2105263157894736,15.0,0.3947368421052631,1.0,9.0,17.0,0.8888888888888888,11.0,5.333333333333327,2.4444444444444446,2.567222222222223,2.180833333333333,0.7926530612244899,0.807433390022676,0.4477198286722096,0.3512654320987656,0.3217039077645136,0.2894736842105263,0.0919540229885056,0.0436507936507936,0.0466767676767676,0.0389434523809523,0.0144118738404452,0.0192246045243494,0.0131682302550649,0.0097573731138545,0.010053247117641,0.6178817283005799,245.3893313004471,375.1432591550534,490.7786626008944,14.022247502882694,245.3893313004471,0.2017656137452495,0.0057647318212928,-5.6022700414676345,413.6058267741712,11.817309336404891,21.08719693864096,96.53,385.1342391872511,6.129283016944966,5.262690188904886,6.115892125483034,7.029087564149662,7.910223707097344,8.821584877430965,9.71420180194054,10.62558655504584,11.523756595923889,12.43556003210344,152.43858344807958,4.343805421853684,0.0,5.733341276897746,3.044522437723423,7.284134806195205,5.351858133476067,8.908829791587868,7.423568444259167,10.57737545815726,10.827984520957385,499.09667528000045,9.98193350560001,70.6026329343205,2.0172180838377285,34.53846946029654,10.444085607956282,9.777865869138845,4134.0,56.0,5.698,192.0,1.0,1.944482672150169
0,0,0,0,0,0,0,0,0,0,0,0,0,0,0,0,0,0,0,0,0,0,0,0,0,0,0,0,0,0,0,0,0,0,0,0,0,0,0,0,0,0,0,0,0,0,0,0,0,0,0,0,0,0,0,0,0,0,0,0,0,0,0,0,0,0,0,0,0,0,0,0,0,0,0,0,0,0,0,0,0,0,0,0,0,0,0,0,0,0,0,0,0,0,0,0,0,0,0,0,0,0,0,0,0,0,0,0,0,0,0,0,0,0,0,0,0,0,0,0,0,0,0,0,0,0,0,0,0,0,0,0,0,0,0,0,0,0,0,0,0,0,0,0,0,0,0,0,0,0,0,0,0,0,0,0,0,0,0,0,0,0,0,0,0,0,0,0,0,0,0,0,0,0,0,0,0,0,0,0,0,0,0,2,4,3,1,2,2,5,1,2,1,2,3,4,2,2,2,2,5,0,0,0,0,0,0,0,0,0,0,0,0,0,0,0,0,2,3,2,3,0,0,0,0,0,0,0,0,0,0,0,0,0,0,0,0,0,1,5,2,5,1,2,0,0,0,0,0,0,0,0,0,0,0,0,0,0,0,0,0,0,0,0,0,0,0,0,0,0,0,0,0,0,0,0,0,0,0,0,0,0,0,0,0,0,0,0,0,0,0,0,0,0,0,0,0,0,0,0,0,0,0,0,0,0,0,0,0,0,0,0,0,0,0,0,0,0,0,0,0,0,0,0,0,0,0,0,0,0,0,0,0,0,0,0,0,0,0,0,0,0,0,0,0,0,0,0,0,0,0,0,0,0,0,0,0,0,0,0,0,0,0,0,0,0,0,0,0,0,0,0,0,0,0,0,0,0,0,0,0,0,0,0,0,0,0,0,0,0,0,0,0,0,0,0,0,0,0,0,0,0,0,0,0,0,0,0,0,0,0,0,0,0,0,0,0,0,0,0,0,0,0,0,0,0,0,0,0,0,0,0,0,5,2,3,1,1,2,1,0,0,0,0,0,0,0,0,0,0,0,0,0,0,0,0,0,0,0,0,0,0,0,0,0,0,0,0,0,0,0,0,0,0,0,0,0,0,0,0,0,0,0,0,0,0,0,0,0,0,0,0,0,0,0,0,0,0,0,0,0,0,0,0,0,0,0,0,0,0,0,0,0,0,0,0,0,0,0,0,0,0,0,0,0,0,0,0,0,0,0,0,0,0,0,0,0,0,0,0,0,0,0,0,0,0,0,0,0,0,0,0,0,0,0,0,0,0,0,0,0,0,0,0,0,0,0,0,0,0,0,0,0,0,0,0,0,0,0,0,0,0,0,0,0,0,0,0,0,2,5,2,4,0,0,0,0,0,0,0,0,0,0,0,0,0,0,0,0,0,0,0,0,0,2,2,2,1,2,2,2,1,0,0,0,0,0,0,0,0,0,0,0,2,2,2,2,2,4,3,2,2,0,0,0,0,0,0,2,2,2,2,2,0,0,1,0,0,0,0,5,5,0,0,0,0,0,0,0,0,0,0,0,1,5,2,5,0,0,0,0,0,2,0,0,0,0,0,0,0,1,2,2,2,2,2,1,0,0,0,0,0,0,0,0,0,0,0,0,0,0,0,3,2,3,0,2,3,4,0,0,0,0,0,0,0,0,0,0,0,0,0,0,0,0,0,0,0,0,0,0,0,0,0,0,0,0,0,0,0,0,2,2,2,1,2,2,2,2,2,0,0,0,0,0,0,0,0,0,0,0,0,0,0,0,0,0,0,0,0,0,0,0,0,3,2,2,2,3,1,1,2,3,2,0,0,0,5,2,3,0,0,0,0,0,0,0,1,2,0,0,0,0,0,0,0,2,2,2,0,0,0,0,0,0,0,0,0,0,0,0,0,0,0,0,0,0,0,0,0,0,0,0,0,0,0,0,0,0,0,0,0,0,0,0,0,0,0,0,0,0,0,0,0,0,0,0,0,0,0,0,0,0,0,0,0,0,0,0,0,0,0,0,0,0,0,2,5,4,0,1,1,2,2,2,2,2,3,2,0,0,0,3,2,2,3,0,0,0,0,0,0,0,0,0,0,0,0,2,2,0,0,0,0,0,0,0,0,0,0,0,0,0,0,0,0,0,0,0,0,0,0,0,0,0,0,0,0,0,0,0,2,2,2,2,4,5,0,0,0,0,0,0,0,0,0,0,0,0,0,0,0,0,0,0,0,0,0,0,0,0,0,0,0,0,0,0,0,0,0,0,3,0,0,0,0,0,0,0,0,0,0,0,0,0,0,0,0,0,0,0,0,0,0,0,0,0,0,2,3,0,0,0,0,0,0,2,2,5,5,1,1,0,0,0,0,0,0,0,0,0,0,0,0,0,0,0,0,0,0,0,0,0,0,2,1,2,0,0,0,0,0,0,0,0,0,3,3,5,0,0,1,5,0,0,0,0,0,0,0,0,0,0,0,0,0,0,0,3,2,0,0,0,0,2,2,2,0,0,0,0,2,2,2,2,1,0,0,0,2,3,2,2,2,1,0,0,2,2,1,2,2,0,0,0,0,0,0,0,0,0,0,0,0,1,2,3,0,0,0,0,0,0,0,0,0,0,0,0,0,0,0,0,0,0,0,0,0,0,0,0,0,0,0,0,0,0,0,0,0,0,0,0,0,0,0,1,2,0,0,0,0,1,0,0,0,0,0,0,0,0,0,0,0,0,0,0,0,0,0,0,0,0,0,0,0,0,0,0,0,0,0,0,0,0,0,0,0,0,0,0,0,0,0,0,0,0,0,0,0,0,0,0,0,0,0,0,0,0,0,0,0,0,0,0,0,0,0,0,0,0,0,0,0,0,0,0,0,0,0,0,0,0,0,0,0,0,0,5,2,0,0,0,0,0,0,4,2,0,0,0,0,0,0,0,0,0,0,0,0,1,3,3,2,0,0,0,0,0,0,0,0,0,0,0,0,0,0,0,0,0,0,0,0,0,0,0,0,0,0,0,0,0,0,0,0,0,0,0,0,0,0,0,0,0,0,0,2,1,0,0,0,0,0,0,0,0,0,0,0,0,0,0,0,0,0,0,0,0,0,0,2,2,2,5,0,0,0,0,0,0,0,2,2,0,0,0,0,0,0,0,0,2,2,2,1,0,0,0,0,2,2,2,2,0,2,1,2,2,2,0,2,2,0,0,0,0,0,0,0,0,0,0,0,0,0,0,0,0,0,0,1,2,2,0,0,0,0,0,0,0,0,0,0,0,0,0,0,0,0,2,2,5,2,2,1,0,0,0,0,0,0,0,3,2,0,3,4,2,4,1,1,2,0,1,1,4,3,3,3,1,3,4,1,1,0,4,0,0,1,3,2,2,2,4,0,3,1,2,2,3,4,0,2,1,3,1,0,1,2,4,0,0,1,4,2,1,1,2,0,2,3,4,1,2,4,0,3,4,4,2,0,3,1,3,3,1,4,4,1,3,4,2,2,0,2,3,3,3,2,4,0,4,3,3,1,3,2,3,0,4,3,0,2,4,0,4,4,2,0,2,4,2,3,2,3,1,0,2,2,1,0,3,2,2,2,4,4,0,3,3,0,3,2,4,2,0,1,1,0,0,3,0,1,3,1,1,3,2,4,0,0,0,1,0,4,0,3,4,2,3,3,4,2,0,2,2,0,0,1,4,3,1,2,0,4,0,4,4,2,4,3,2,0,3,0,1,2,3,3,3,4,1,3,1,2,0,1,0,3,0,1,2,0,3,2,2,2,4,0,0,2,1,4,3,3,2,0,3,2,3,3,2,4,2,3,4,0,0,1,2,4,4,0,0,2,2,3,4,1,2,4,1,0,0,1,1,1,4,3,2,4,3,4,1,1,1,1,3,0,0,0,1,1,4,4,3,4,0,2,3,4,0,0,3,3,0,2,1,1,4,4,1,4,0,4,0,1,4,1,4,2,3,4,2,2,0,1,3,4,4,2,4,2,4,4,4,2,4,1,2,1,4,3,0,0,4,4,3,4,0,3,3,0,0,3,3,4,4,1,3,1,4,1,2,3,4,2,1,1,2,0,0,0,3,4,3,4,2,2,3,4,2,2,4,0,3,2,1,1,4,1,2,1,4,4,3,0,0,3,0,0,0,0,0,0,0,0,0,0,0,0,0,0,0,0,0,0,0,0,0,0,0,0,0,0,0,0,0,0,0,0,0,0,0,0,0,0,0,0,0,0,0,0,0,0,0,0,0,0,0,0,0,0,0,0,0,0,0,0,0,0,0,0,0,0,0,0,0,0,0,0,0,0,0,0,0,0,0,0,0,2,1,2,0,2,2,2,3,3,2,2,3,1,2,2,0,0,0,0,0,0,0,2,3,2,3,3,5,4,0,2,5,0,5,2,0,0,0,0,2,2,5,2,0,0,0,0,0,0,0,0,0,0,0,0,0,0,0,0,0,0,0,0,0,0,0,0,0,0,0,0,0,0,0,0,0,0,0,0,0,0,0,0,0,0,0,0,0,0,0,0,0,0,0,0,0,0,0,0,0,0,0,0,0,0,0,0,0,0,0,0,0,0,0,0,0,0,0,0,0,0,0,0,0,0,0,0,0,0,0,0,0,0,0,0,0,0,0,0,2,1,1,1,5,5,3,1,1,5,4,1,3,1,3,3,0,0,0,0,0,0,0,0,0,0,0,0,0,0,0,0,0,0,0,0,0,0,0,0,0,0,0,0,0,0,0,0,0,0,0,0,0,0,0,0,0,0,0,0,0,0,0,0,0,0,0,0,0,0,0,0,0,0,0,0,0,0,0,0,0,0,0,0,0,0,0,0,0,0,0,0,0,0,0,0,0,0,0,0,0,0,0,0,0,0,0,0,0,0,0,0,0,0,0,0,0,0,0,0,0,0,0,0,0,0,0,0,0,0,0,0,0,0,0,0,0,0,0,0,0,0,0,0,0,0,0,0,0,0,0,0,0,0,0,0,0,0,0,0,0,0,0,0,0,0,0,0,0,0,0,0,0,0,0,0,0,0,0,0,0,0,0,0,0,0,0,0,0,0,0,0,0,0,0,0,0,0,0,0,0,0,0,0,0,0,0,0,0,0,0,0,0,0,0,0,0,0,0,0,0,0,0,0,0,0,0,0,0,0,0,0,0,0,0,0,0,0,0,0,0,0,0,0,0,0,0,0,0,0,0,0,0,0,0,0,0,0,0,0,0,0,0,0,0,0,0,0,0,0,0,0,0,0,0,0,0,0,0,0,0,0,0,0,0,0,0,0,0,0,0,0,0,0,0,0,0,0,0,0,3,3,2,3,2,2,4,2,3,1,1,2,5,5,1,2,1,0,0,0,0,0,0,0,0,0,0,0,0,0,0,0,0,0,0,0,0,0,0,0,0,0,0,0,0,0,0,0,0,0,0,0,0,0,0,0,0,0,0,0,0,0,0,0,0,0,0,0,0,0,0,0,0,0,0,0,0,0,0,0,0,0,0,0,0,0,0,0,0,0,0,0,0,0,0,0,0,0,0,0,0,0,0,0,0,0,0,0,0,0,0,0,0,0,0,0,0,0,0,0,0,0,0,0,0,0,0,0,0,0,0,0,0,0,0,0,0,0,0,0,0,0,0,0,0,0,1,1,2,4,1,3,2,3,1,3,4,5,3,3,1,3,5,4,1,2,4,3,3,1,3,3,1,3,1,1,2,1,3,2,2,5,3,2,2,3,4,1,2,2,4,0,0,0,0,0,0,0,0,0,0,0,0,0,0,0,0,0,0,0,0,0,0,0,0,0,1,0,0,0,0,0,0,0,1,0,0,1,0,0,0,0,0,0,0,1,0,0,0,0,0,0,0,0,0,0,0,1,0,0,0,0,0,0,0,0,0,0,0,0,0,0,0,0,0,0,0,0,1,0,0,0,1,0,0,0,0,0,0,0,0,0,0,0,0,0,0,0,0,0,0,0,0,0,1,0,0,0,0,0,0,0,0,0,0,0,0,0,0,0,0,0,0,0,0,0,1,0,0,0,0,0,0,0,0,0,0,0,1,0,0,0,0,1,0,0,0,0,0,0,0,0,0,0,0,0,0,0,0,0,0,0,0,0,0,0,0,0,0,0,0,1,0,0,0,0,0,0,0,0,0,0,0,0,0,0,0,0,0,0,0,0,0,0,0,0,0,0,0,0,0,0,0,0,0,0,0,0,1,0,0,0,0,0,0,0,0,0,0,0,0,0,0,0,0,0,0,0,0,0,0,0,0,0,0,0,0,0,0,0,0,0,0,1,0,0,0,0,0,1,0,0,0,0,0,0,0,0,0,0,0,0,0,0,0,0,0,0,0,0,0,0,0,0,0,0,0,0,0,0,0,0,0,0,0,0,0,0,0,0,0,0,0,0,0,0,0,0,0,0,0,0,0,0,0,0,0,0,1,0,1,0,0,0,0,0,0,0,1,0,0,0,0,0,0,0,0,0,0,0,0,0,0,0,1,0,0,0,0,0,0,0,0,0,0,0,1,0,0,0,0,0,0,0,0,0,0,0,0,0,0,0,0,0,0,0,0,0,0,0,0,0,0,0,0,0,0,0,0,0,1,0,0,0,0,0,0,0,0,0,0,0,0,0,0,0,0,0,0,0,0,0,0,0,0,0,0,0,0,0,0,0,0,1,0,0,1,0,0,0,0,0,0,0,0,0,0,0,0,0,0,0,0,0,0,0,0,0,0,0,0,0,0,0,1,0,1,0,0,0,0,0,1,0,0,0,0,0,0,0,0,0,0,0,0,0,1,0,0,0,0,0,0,0,0,0,0,0,0,1,0,0,0,0,0,0,0,0,0,0,0,0,0,0,0,0,0,0,0,1,0,0,0,0,0,0,0,0,0,0,0,0,0,0,0,0,0,0,0,0,0,0,0,0,0,0,0,0,0,0,0,0,0,0,0,0,0,0,0,0,0,0,0,0,0,0,0,0,0,0,0,0,0,0,0,0,0,0,0,0,0,0,0,0,0,0,0,0,0,0,0,0,0,0,0,0,0,0,0,0,0,0,0,0,0,0,0,0,0,0,0,0,0,0,0,0,0,0,0,0,0,0,0,1,0,0,0,0,0,0,0,0,0,0,0,1,0,0,0,0,0,0,0,0,0,0,0,0,0,0,0,0,0,0,1,0,0,0,0,0,0,0,0,0,0,0,0,0,0,0,0,0,0,0,0,0,0,0,0,0,1,0,0,0,0,0,1,0,0,0,0,0,0,0,1,0,0,0,0,0,0,0,0,0,0,0,0,0,0,0,0,0,0,0,0,0,0,0,0,1,0,0,0,0,0,0,0,0,0,0,0,0,0,0,1,0,0,0,0,1,0,0,0,0,0,0,0,0,0,0,0,0,0,0,0,0,0,0,0,0,0,0,1,0,0,0,0,0,0,0,1,0,0,0,1,0,0,0,0,0,0,0,0,0,0,0,0,0,0,0,0,0,0,0,0,0,0,0,0,0,0,0,0,0,0,1,0,0,0,0,0,0,0,1,0,0,0,0,0,0,0,0,0,0,0,0,0,0,0,0,0,0,0,0,0,0,0,0,1,0,0,0,0,0,0,0,0,0,0,0,0,1,0,0,0,0,0,0,0,0,0,0,0,0,0,0,0,0,0,0,0,0,0,0,0,0,0,0,0,0,0,0,0,0,0,0,0,0,0,0,0,0,0,1,0,0,0,0,0,0,0,0,0,0,0,0,0,0,0,0,0,0,0,0,0,0,0,0,0,0,0,0,0,0,0,0,0,0,0,0,0,1,0,0,0,0,0,1,0,0,0,0,0,0,0,0,0,0,0,0,0,0,0,0,0,0,0,0,0,0,0,0,0,0,0,0,0,0,0,0,0,0,0,0,0,0,0,0,0,0,0,0,0,0,0,0,0,0,0,0,0,0,0,0,0,0,0,1,0,0,1,0,0,0,0,0,0,0,0,0,0,0,0,0,0,0,0,0,0,0,0,0,0,0,0,0,0,0,0,0,0,0,0,0,0,0,0,0,0,0,0,0,0,0,0,0,0,0,0,0,0,0,0,0,0,0,0,0,1,0,0,0,0,0,0,0,0,0,1.0,-2.0483,4.195532889999997,55.5821,54.52299699999996,6.0,6.0,51.0,22.0,29.0,0.0,18.0,1.0,3.0,0.0,0.0,0.0,0.0,0.0,0.0,0.0,3590.320085999999,3748.533482000004,5079.0485560000025,5300.027435000014,4107.77426400001,3936.247797000004,4018.801405000006,3445.9576690000044,2809.8216300000013,9417.219324099688,11970.813725234151,16762.79496110616,18593.1226901951,16955.814597863467,15154.552061608068,14384.860334132334,12777.143921142597,10315.47091178123,380.8215279999998,388.1823280000003,687.3511120000006,947.1020200000008,1023.0608480000012,862.8746440000023,731.5066280000015,716.6461320000014,608.1697440000006,66.23358624062101,85.55952464599994,125.91531611473478,145.54246436516817,138.32137258135597,123.74190558360068,113.01686751977176,101.61160653377178,82.94129665746985,8412.504238540721,7494.188471464153,14193.128748539822,20501.017547311363,22703.93652312728,19598.94546848976,15946.808975763764,15684.137044909665,13543.067095675424,194.1458333333333,142.54166666666663,248.125,340.11111111111103,329.02777777777777,247.0833333333333,245.5,248.15277777777777,192.20833333333337,70.3984330588235,73.500656509804,55.20704952173916,41.732499488189085,29.98375375182489,33.07771257983197,40.59395358585865,35.89539238541671,34.266117439024406,184.65135929607231,234.72183774968929,182.2042930555017,146.40254086767797,123.76507005739758,127.34917698830309,145.30161953669025,133.0952491785687,125.79842575342964,7.467088784313721,7.611418196078437,7.471207739130442,7.457496220472447,7.467597430656943,7.251047428571447,7.388955838383853,7.465063875000015,7.416704195121959,1.2986977694239414,1.6776377381568617,1.368644740377552,1.146003656418647,1.009645055338365,1.039847946080678,1.141584520401735,1.0584542347267891,1.01147922753012,164.95106350079843,146.94487198949318,154.273138571085,161.42533501819972,165.7221644023889,164.69702074361143,161.0788785430683,163.3764275511423,165.15935482531006,3.8067810457516336,2.794934640522875,2.6970108695652173,2.6780402449693783,2.401662611516626,2.076330532212885,2.47979797979798,2.5849247685185186,2.344004065040651,0.6414180404124178,-0.3862943409584541,0.0135525631643438,0.2415553370473195,-0.2883196922467967,0.1026817182450598,0.0368184185936284,-0.0921932458783266,-0.0154160581486853,1737.071765294119,-16.20080399999646,87.2838310380655,-153.1709023010358,-650.815069280276,514.0673244117631,22.5189644878902,-242.7180836712794,114.91333960553592,2549.002043598138,42.779300006546855,-248.54682048509724,-564.2097650037904,-268.0356440643973,733.5332369362488,-200.09542539917865,-390.1339777679982,130.8653013827199,3.3290279215686267,-0.2090056470588263,0.8925292395232588,0.5078161953094952,-1.6690293579392592,0.0784329673202658,-0.1078622791234136,-0.5922427543252621,0.0971325182622066,11.356584444895311,0.1948337613333522,-1.7487332876237605,-3.110642325749879,0.7987864119135524,2.6581021048572206,-1.7784919021296588,-1.967004285027664,0.4541207995611077,66.17200917446584,3.56223131150596,-15.993913285559843,-9.224768440575948,8.035834183399711,7.53649839541714,-13.081272170110074,-11.093534876634074,3.36775581690951,69.4387254901961,-6.403186274509801,27.164455978469874,22.299235870818947,-38.608684159938726,2.229983660130719,7.384467512495191,-6.159578046905036,-0.6894703960015433,0.0125768243218121,-0.0075743988423226,0.0001473104691776,0.0019020105279316,-0.0021045233010715,0.0008628715818912,0.0003719032181174,-0.0009603463112325,-0.0001880007091303,34.06023069204154,-0.3176628235293423,0.9487372938920164,-1.2060700968585496,-4.75047495825019,4.319893482451791,0.2274642877564666,-2.528313371575828,1.4013821903114136,49.98043222741447,0.8388098040499383,-2.7015958748380133,-4.442596574832995,-1.9564645552145787,6.164144848203772,-2.021165913123016,-4.063895601749981,1.5959183095453646,0.0652750572856593,-0.0040981499423299,0.0097014047774267,0.0039985527189724,-0.0121826960433522,0.0006591005657165,-0.0010895179709435,-0.0061691953575548,0.0011845429056366,0.2226781263704963,0.0038202698300657,-0.0190079705176495,-0.0244932466594478,0.0058305577511938,0.0223369924777917,-0.0179645646679763,-0.0204896279690381,0.005538058531233,1.2974903759699186,0.0698476727746266,-0.1738468835386939,-0.0726359719730389,0.0586557239664212,0.0633319192892196,-0.1321340623243442,-0.1155576549649382,0.0410701928891403,1.3615436370626688,-0.1255526720492118,0.2952658258529334,0.1755845344158972,-0.2818152128462681,0.0187393584884934,0.0745905809342948,-0.0641622713219274,-0.0084081755609944,-0.6022505084360822,0.0117128509875238,0.1512313823635886,-0.167333441830909,0.068608065105495,0.0295705186461468,-0.0763584102520245,-0.0149481859903423,-0.0093265024069131,0.0278546937180227,-0.0354099215523034,-0.1394727769521589,0.126831010673723,0.0066782955703707,-0.0742306590473736,0.041144236601981,0.0167827641072269,-0.0540530714609582,-0.0888867177982549,-0.0391446105610397,0.1233311632871936,-0.0404391443420611,-0.0813097330423028,0.0319308625080276,-0.0627827858410822,0.1486234586508449,0.0612569775538269,-0.1866363133170125,0.010097280540592,-0.0166911836810127,-0.0945107612936581,0.0181469454780073,0.0171560174873642,-0.0853607439018223,-0.1099939498264661,0.0261837920330477,0.1003106719185657,-0.0806750306408028,-0.092014551689496,0.0248702403846289,0.0538329024000761,-0.1339870312400101,-0.0559818965275492,0.0452070589907644,0.0488110898255232,-0.1018381829811796,-0.0890624370747682,0.0316535626389051,-0.092213476403939,0.2168610816542951,0.1289599023022833,-0.2069821379021264,0.0137633183236938,0.0547838342480253,-0.0471246529125927,-0.0061754727003343,1.6357118006900742,0.8810640934636367,0.932451536544616,1.180717635640996,0.6774607038270026,0.9080102162467056,1.102688861819882,1.0113417036937375,1.0661380408839471,0.9747531232515986,1.0327813776665595,1.1466457369720715,0.80133449235058,0.9692332320121864,1.079238402515757,0.9466697995632992,1.2116037633209318,1.17208671433959,1.100050961975556,0.9788200134461094,0.8545589924594654,1.0596976497647403,1.05537989223091,0.9211716509537288,0.8787567876494412,0.6607533358600826,0.9000948671737119,1.4317870670912407,0.7248511086968937,0.8820392626655246,1.2412441576597792,1.111761587181198,1.2905722396544157,1.24617237007886,1.1297832150523823,0.908902614310352,0.8703614373495421,1.1096102089626714,1.0692774379030627,0.9242950837678858,1.3100492755411035,1.3013428358084884,1.1089241828209602,0.8820918478603826,0.8849835528329153,1.1337381176593224,1.0624499533815956,0.8871560770814618,0.8518348569882223,0.4356337018035754,0.722421698276032,1.510744852238153,0.6747614509430189,0.6239655268104667,1.088865712960675,0.930960813702592,230.6330076004336,115.76293237164522,179.25997878532624,231.44469591212163,10.520213450550983,115.76293237164522,0.8928571428569114,0.2523221456081245,0.0114691884367329,-3.0295070350242046,308.42502242320285,14.019319201054676,12.60925330425159,230.67077105135309,115.78053398356562,179.2889542642544,231.48013188387864,10.52182417653994,115.78053398356562,0.8902969157781371,0.2523993490057914,0.0114726976820814,-3.0288340005764773,308.16624055699805,14.007556388954455,12.60740663475346,264.8598687087657,131.6717803231739,205.65026977998608,263.7570992088255,11.988959054946612,131.6717803231739,-1.5163080624179486,0.3055558011898222,0.0138889000540828,-2.6083702958810178,271.44378639770366,12.338353927168347,12.328261153290768,230.71963647591,115.80269193483934,179.3231682216183,231.524861379336,10.523857335424369,115.80269193483934,0.8857473937687104,0.2524180214188471,0.0114735464281294,-3.028671251387769,307.9332142263738,13.996964283016991,12.60574242957412,299.65252705540263,147.94373122210146,233.64374733406407,296.9142982472574,13.496104465784429,147.94373122210146,-3.765064611199677,0.3517573609354082,0.0159889709516094,-2.298590044510383,171.48750410142898,7.794886550064954,11.31792288345194,233.99647426640607,117.3705632047493,182.0579183721556,234.67343076012656,10.666974125460298,117.3705632047493,0.744652143092452,0.2641368640478314,0.0120062210930832,-2.9288333486450107,288.45408119809485,13.111549145367947,12.461979000508732,248.08521005999808,124.4903966886302,191.03236341526664,249.46116657839696,11.33914393538168,124.4903966886302,2.2054563492061874,0.2330655395460383,0.0105938881611835,-3.2041582746019013,736.243245551233,33.46560207051059,14.523433233759455,1.0,11.849999999999987,15.996929765030206,-0.370721337672292,0.278834760894961,4.355400918825088,9.31541515294314,22.0,51.0,50.0,44.0,15.0,1.0,1.0,0.0,0.0,7.0,33.917002999999994,3.825919210538454,3.616034067605242,3.4746458939328635,3.229838646514612,3.0366180460934085,2.8262155060577294,2.6936166890365003,2.619181913839713,1.9841897178017969,1.897061529831008,1.7799819863038946,1.683729235273678,1.4130364272690954,1.3573694793864717,1.092103408786476,1.0822503020169485,3.816141672374954,3.539120903687706,3.494013667488971,3.2208509510945733,2.993601062356656,2.7681385288543274,2.6458150318986857,2.6025335619760863,1.9701195574548207,1.8420483673292825,1.7883932265372426,1.6228945650546678,1.3690714855847084,1.277815556838367,1.131583491905778,1.0071675921888006,3.8824849812730617,3.685370644707942,3.6250230437582376,3.3909618971963265,3.1666545752918007,2.9985804509756235,2.8994884773688825,2.771820215479791,1.8733354661335329,1.6559459341124372,1.6137596997707824,1.396048630358081,1.1267978419827755,0.9956570340150016,0.7986202314843531,0.7605647701634044,3.8190965384900393,3.5344363401998087,3.508511923202648,3.2374203867329747,2.9927159920271755,2.789643600027804,2.665925019264034,2.56281298850734,1.9613041610896849,1.818033431657637,1.7799913261709328,1.5857381891071995,1.3486130799750495,1.2361430440833203,1.152114796104286,0.9656813932102796,3.903688670220317,3.718044882096288,3.680849015010174,3.454169711987459,3.209701772381357,3.0690977771161987,2.948936424092449,2.838078587645891,1.852828807374128,1.6049089370325298,1.5757687375968852,1.332021156347393,1.0797696883450536,0.9126370873430014,0.7385642758080619,0.722857196875736,4.978138745976212,3.9785209844139056,3.947272730504962,3.673681001838915,3.516382754821184,3.367914267277168,3.125841298674843,2.9343659809536726,1.8505618765007688,1.8031498692955408,1.609548514653157,1.5225342136985611,1.182369781427666,1.1203277329503136,0.7837245274683204,0.7682052442426005,0.0,0.0,1.0,5.0,1.0,3.0,7.0,1.0,0.0,0.0,0.0,0.0,0.0833333333333333,0.1178511301977579,0.0,0.0,0.0,0.0277777777777777,0.0309820853236225,1.7474002407106255,0.2041241452319315,0.696923425058676,0.2041241452319315,0.8588365388424396,0.1020620726159657,0.0772610748656298,0.0186338998124982,3.5800218029181616,2.705214553506172,2.675883239330473,1.153884337657613,0.9184815454061728,0.8183801339823014,16.424438962994,10.453525587537063,9.125150302091482,6.692124575379645,3.8869849809035233,3.1075240463354934,2.090234238933136,1.3428405151517933,0.7465654074088182,0.4751602539789575,0.3258982250746958,0.2230708191793215,0.1388208921751258,0.0913977660686909,0.0633404314828223,0.0419637660984935,13.807315771868195,8.19478612482248,6.129245323184357,3.861550753254957,2.158919888061614,1.4665407524909826,0.8355868920041097,0.4511269490545154,0.6276052623576454,0.3724902784010218,0.2189016186851556,0.1287183584418319,0.0771042817164862,0.0431335515438524,0.0253208149092154,0.0140977171579536,28.75886403419495,50.5287691187182,48.258823529411714,48.94800000000004,31.678441317365312,390.6757467065869,0.5638992947881363,0.990760178798396,0.9462514417531708,0.9597647058823536,0.6211459081836336,7.660308758952684,4.004290000000005,92.48820000000008,152.62054733775452,227.90703060133163,305.24109467550903,13.87459521252314,152.62054733775452,0.1706191541922259,0.0077554160996466,-3.8903070245034654,306.4995859544059,13.931799361563906,12.595476089883508,530.0,2.0,0.0,4.0,7.0,1.0,3.0,0.0,0.0,0.0,0.0,1.0,1.0,0.0,1.0,0.0,0.0,1.0,0.0,0.0,0.0,0.0,0.0,0.0,0.0,0.0,4.0,0.0,10.0,0.0,0.0,4.0,0.0,0.0,0.0,0.0,0.0,0.0,0.0,0.0,2.0,0.0,8.0,0.0,0.0,4.0,0.0,0.0,0.0,1.0,2.0,0.0,1.0,0.0,1.0,0.0,0.0,0.0,0.0,0.0,0.0,0.0,0.0,0.0,0.0,0.0,0.0,1.0,1.0,1.0,0.0,0.0,0.0,0.0,0.0,0.0,0.0,0.0,0.0,0.0,0.0,0.0,0.0,0.0,0.0,0.0,0.0,0.0,0.0,0.0,0.0,0.0,0.0,0.0,0.0,0.0,0.0,0.0,0.0,0.0,0.0,0.0,0.0,0.0,0.0,0.0,0.0,0.0,0.0,0.0,0.0,0.0,0.0,0.0,0.0,0.0,0.0,0.0,0.0,0.0,1.0396056482417306,0.0,31.39147081627337,8.817109082908614,6.696035584167873,12.057571568933586,0.0,0.0,0.0,0.0,2.447150891700716,3.484879648397066,0.0,0.6107353192852119,0.0,0.0,0.4288703289565188,0.0,0.0,0.0,0.0,0.0,0.0,0.0,0.0,1.8530494421904056,0.0,3.8343663772184495,0.0,0.0,1.8530494421904056,0.0,0.0,0.0,0.0,0.0,0.0,0.0,0.0,3.757061510331479,0.0,7.9573144663364515,0.0,0.0,7.834022423784329,0.0,0.0,0.0,-0.9624754746160596,1.9455621337403448,0.0,-1.1729558758499086,0.0,5.728711410300551,0.0,0.0,0.0,0.0,0.0,0.0,0.0,0.0,0.0,0.0,0.0,0.0,8.992829059582487,10.96389118612746,5.70603916026287,0.0,0.0,0.0,0.0,0.0,0.0,0.0,0.0,0.0,0.0,0.0,0.0,0.0,0.0,0.0,0.0,0.0,0.0,0.0,0.0,0.0,0.0,0.0,0.0,0.0,0.0,0.0,0.0,0.0,0.0,0.0,0.0,0.0,0.0,0.0,0.0,0.0,0.0,0.0,0.0,0.0,0.0,0.0,0.0,0.0,0.0,0.0,0.0,0.0,0.0,0.4288703289565188,0.0,5.70603916026287,-0.9624754746160596,6.696035584167873,3.498726392262743,0.0,0.0,0.0,0.0,2.447150891700716,3.484879648397066,0.0,0.6107353192852119,0.0,0.0,0.4288703289565188,0.0,0.0,0.0,0.0,0.0,0.0,0.0,0.0,0.4455812372201712,0.0,0.2402949168971839,0.0,0.0,0.4455812372201712,0.0,0.0,0.0,0.0,0.0,0.0,0.0,0.0,1.5469797946577415,0.0,0.4166326530612243,0.0,0.0,1.940476741622575,0.0,0.0,0.0,-0.9624754746160596,0.8685058421516756,0.0,-1.1729558758499086,0.0,5.728711410300551,0.0,0.0,0.0,0.0,0.0,0.0,0.0,0.0,0.0,0.0,0.0,0.0,8.992829059582487,10.96389118612746,5.70603916026287,0.0,0.0,0.0,0.0,0.0,0.0,0.0,0.0,0.0,0.0,0.0,0.0,0.0,0.0,0.0,0.0,0.0,0.0,0.0,0.0,0.0,0.0,0.0,0.0,0.0,0.0,0.0,0.0,0.0,0.0,0.0,0.0,0.0,0.0,0.0,0.0,0.0,0.0,0.0,0.0,0.0,0.0,0.0,0.0,0.0,0.0,0.0,0.0,0.0,0.0,0.6107353192852119,0.0,10.96389118612746,1.9765344702695893,6.696035584167873,4.70208761963796,0.0,0.0,0.0,0.0,2.447150891700716,3.484879648397066,0.0,0.6107353192852119,0.0,0.0,0.4288703289565188,0.0,0.0,0.0,0.0,0.0,0.0,0.0,0.0,0.4809434838750315,0.0,0.5620672635445363,0.0,0.0,0.4809434838750315,0.0,0.0,0.0,0.0,0.0,0.0,0.0,0.0,2.210081715673737,0.0,1.2967285655770089,0.0,0.0,1.9765344702695893,0.0,0.0,0.0,0.0,1.0770562915886692,0.0,0.0,0.0,5.728711410300551,0.0,0.0,0.0,0.0,0.0,0.0,0.0,0.0,0.0,0.0,0.0,0.0,8.992829059582487,10.96389118612746,5.70603916026287,0.0,0.0,0.0,0.0,0.0,0.0,0.0,0.0,0.0,0.0,0.0,0.0,0.0,0.0,0.0,0.0,0.0,0.0,0.0,0.0,0.0,0.0,0.0,0.0,0.0,0.0,0.0,0.0,0.0,0.0,0.0,0.0,0.0,0.0,0.0,0.0,0.0,0.0,0.0,0.0,0.0,0.0,0.0,0.0,0.0,0.0,0.0,0.0,0.0,0.0,50.75,2.3068181818181817,0.6107353192852119,10.96389118612746,-0.0944274376417235,-1.1729558758499086,8.038296129034588,2.6291421412827263,3.9638911861274586,22.203105063894206,2.6291421412827263,3.9638911861274586,22.203105063894206,10.39999,0.47273,0.0,0.02727,0.52549,0.82273,0.43333,0.50175,0.76,0.09216,0.02374,-0.06842,0.06273,0.57458,0.13971,0.0,0.19872,0.14423,0.04808,20.25,0.92045,12.25,0.55682,8.0,0.36364,-4.25,-0.19318,0.5,0.02273,22.14799,1.00673,35.48505,13.33707,0.60623,6.99358,0.31789,10.45351,3.45993,0.15727,0.46049,0.02093,0.54649,0.02484,0.1176470588235294,22.04,3.0,4.0,4.0,4.0,2.0,3.0,0.6111111111111112,1.345072667720031,3.052478859337231,4.078617253439256,4.7504733810175,4.787730920819268,4.684065107529014,68.5987060537216,155.67642182619878,208.00947992540205,242.27414243189247,244.17427696178265,238.8873204839797,0.2371247899496444,0.5381258765542991,0.719025285932049,0.8374677663657774,0.8440359514992319,0.825760556577203,4.327352674251465,2.619946482634265,1.5938080885322403,0.9219519609539965,0.8846944211522283,0.9883602344424824,0.2326568029616678,0.5279863233897029,0.7054771637713386,0.8216879101821757,0.8281323353084327,0.8102012916738802,12.233549557838368,26.03101878070193,30.67641526984752,31.947297427259475,31.391077774366416,31.449303821886268,77.25122862055484,42.78128248889993,29.950359105012154,24.717401265835093,25.65379811338378,25.7999782891892,20.045454545454547,10.714285714285714,8.444444444444445,8.0,7.0,7.0,3.0,2.6401000000000003,0.0666666666666666,3.867692344053852,0.9261704575725168,0.5345224838248487,16.73726410292543,8.953330474324583,2.1360082813867884,0.6850067105944414,1.144714242553332,0.0,0.4999999999999999,0.2222222222222222,0.0,0.0,0.0,0.0,0.0,0.0,0.0,0.524,1.191,1.209,1.097,0.995,10.884,28.0,30.0,28.0,34.0,33.0,32.0,35.0,36.0,28.0,328.0,3.295836866004329,3.701301974112493,4.011868340397863,4.260917762047916,4.745475458993297,4.715145039196663,4.802995929318011,4.996367322298551,5.177561165412237,4.968944867042047,6.931654894306443,3.119474085365854,0.5,1.0,0.0,0.0,0.0,1.0,0.0,0.0,0.0,0.0,0.0,0.0,0.0,0.0,0.0,0.0,0.0,0.0,0.0,0.0,0.0,0.0,0.0,0.0,1.0,0.0,0.0,1.0,0.0,0.0,0.0,0.0,0.0,0.0,0.0,0.0,0.0,0.0,0.0,0.0,0.0,0.0,0.0,0.0,0.0,0.0,0.0,0.0,0.0,0.0,0.0,0.0,0.0,0.0,0.0,0.0,0.0,0.0,0.0,0.0,0.0,0.0,0.0,0.0,0.0,0.0,0.0,0.0,0.0,11.0,0.5,15.0,0.6818181818181818,1.0,8.0,16.0,1.0,5.0,2.444444444444444,0.5,0.7022222222222224,0.5694444444444443,0.2857142857142858,0.2517361111111111,0.1723356009070294,0.105625,0.0867258443016018,0.2272727272727272,0.0873015873015872,0.0185185185185185,0.0351111111111111,0.0271164021164021,0.0136054421768707,0.0148080065359477,0.0123096857790735,0.008125,0.0078841676637819,0.4801355885726311,133.4683494326577,208.8219831401083,266.9366988653154,12.13348631205979,133.4683494326577,0.2144477332695359,0.0097476242395243,-3.387316323703321,298.3009261373828,13.559133006244672,12.535826151714568,72.55,323.4493287722514,5.459431618637297,4.61512051684126,5.37989735354046,6.18826412308259,6.981934677156389,7.795234929002173,8.600982717145921,9.419222713938122,10.231531513675709,11.053663932256397,114.26585247663904,3.80666248977032,0.0,5.056245805348308,0.0,6.48768401848461,0.0,8.000014093678072,0.0,9.554284623436097,9.796069365768837,307.2147437880008,6.023818505647075,43.02828490215328,1.955831131916058,10.217026180916845,7.795982197740322,2.421043983176517,1405.0,27.0,2.6779999999999995,100.0,1.0,2.447158031342219
0,0,0,0,0,0,0,0,0,0,0,0,0,0,0,0,0,0,0,0,0,0,0,0,0,0,0,0,0,0,0,0,0,0,0,0,0,0,0,0,0,0,0,0,0,0,0,0,0,0,0,0,0,0,0,0,0,0,0,0,0,0,0,0,0,0,0,0,0,0,0,0,0,0,0,0,0,0,0,0,0,0,0,0,0,0,0,0,0,0,0,0,0,0,0,0,0,0,0,0,0,0,0,0,0,0,0,0,0,0,0,0,0,0,0,0,0,0,0,0,0,0,0,0,0,0,0,0,0,0,0,0,0,0,0,0,0,0,0,0,0,0,0,0,0,0,0,0,0,0,0,0,0,0,0,0,0,0,0,0,0,0,0,0,0,0,0,0,0,0,0,0,0,0,0,0,0,0,0,0,0,0,0,2,4,3,1,2,2,5,1,2,1,2,3,4,2,2,2,2,5,0,0,0,0,0,0,0,0,0,0,0,0,0,0,0,0,2,3,2,3,0,0,0,0,0,0,0,0,0,0,0,0,0,0,0,0,0,1,5,2,5,1,2,0,0,0,0,0,0,0,0,0,0,0,0,0,0,0,0,0,0,0,0,0,0,0,0,0,0,0,0,0,0,0,0,0,0,0,0,0,0,0,0,0,0,0,0,0,0,0,0,0,0,0,0,0,0,0,0,0,0,0,0,0,0,0,0,0,0,0,0,0,0,0,0,0,0,0,0,0,0,0,0,0,0,0,0,0,0,0,0,0,0,0,0,0,0,0,0,0,0,0,0,0,0,0,0,0,0,0,0,0,0,0,0,0,0,0,0,0,0,0,0,0,0,0,0,0,0,0,0,0,0,0,0,0,0,0,0,0,0,0,0,0,0,0,0,0,0,0,0,0,0,0,0,0,0,0,0,0,0,0,0,0,0,0,0,0,0,0,0,0,0,0,0,0,0,0,0,0,0,0,0,0,0,0,0,0,0,0,0,0,5,2,3,1,1,2,1,0,0,0,0,0,0,0,0,0,0,0,0,0,0,0,0,0,0,0,0,0,0,0,0,0,0,0,0,0,0,0,0,0,0,0,0,0,0,0,0,0,0,0,0,0,0,0,0,0,0,0,0,0,0,0,0,0,0,0,0,0,0,0,0,0,0,0,0,0,0,0,0,0,0,0,0,0,0,0,0,0,0,0,0,0,0,0,0,0,0,0,0,0,0,0,0,0,0,0,0,0,0,0,0,0,0,0,0,0,0,0,0,0,0,0,0,0,0,0,0,0,0,0,0,0,0,0,0,0,0,0,0,0,0,0,0,0,0,0,0,0,0,0,0,0,0,0,0,0,2,5,2,4,0,0,0,0,0,0,0,0,0,0,0,0,0,0,0,0,0,0,0,0,0,2,2,2,1,2,2,2,1,0,0,0,0,0,0,0,0,0,0,0,2,2,2,2,2,4,3,2,2,0,0,0,0,0,0,2,2,2,2,2,0,0,1,0,0,0,0,5,5,0,0,0,0,0,0,0,0,0,0,0,1,5,2,5,0,0,0,0,0,2,0,0,0,0,0,0,0,1,2,2,2,2,2,1,0,0,0,0,0,0,0,0,0,0,0,0,0,0,0,3,2,3,0,2,3,4,0,0,0,0,0,0,0,0,0,0,0,0,0,0,0,0,0,0,0,0,0,0,0,0,0,0,0,0,0,0,0,0,2,2,2,1,2,2,2,2,2,0,0,0,0,0,0,0,0,0,0,0,0,0,0,0,0,0,0,0,0,0,0,0,0,3,2,2,2,3,1,1,2,3,2,0,0,0,5,2,3,0,0,0,0,0,0,0,1,2,0,0,0,0,0,0,0,2,2,2,0,0,0,0,0,0,0,0,0,0,0,0,0,0,0,0,0,0,0,0,0,0,0,0,0,0,0,0,0,0,0,0,0,0,0,0,0,0,0,0,0,0,0,0,0,0,0,0,0,0,0,0,0,0,0,0,0,0,0,0,0,0,0,0,0,0,0,2,5,4,0,1,1,2,2,2,2,2,3,2,0,0,0,3,2,2,3,0,0,0,0,0,0,0,0,0,0,0,0,2,2,0,0,0,0,0,0,0,0,0,0,0,0,0,0,0,0,0,0,0,0,0,0,0,0,0,0,0,0,0,0,0,2,2,2,2,4,5,0,0,0,0,0,0,0,0,0,0,0,0,0,0,0,0,0,0,0,0,0,0,0,0,0,0,0,0,0,0,0,0,0,0,3,0,0,0,0,0,0,0,0,0,0,0,0,0,0,0,0,0,0,0,0,0,0,0,0,0,0,2,3,0,0,0,0,0,0,2,2,5,5,1,1,0,0,0,0,0,0,0,0,0,0,0,0,0,0,0,0,0,0,0,0,0,0,2,1,2,0,0,0,0,0,0,0,0,0,3,3,5,0,0,1,5,0,0,0,0,0,0,0,0,0,0,0,0,0,0,0,3,2,0,0,0,0,2,2,2,0,0,0,0,2,2,2,2,1,0,0,0,2,3,2,2,2,1,0,0,2,2,1,2,2,0,0,0,0,0,0,0,0,0,0,0,0,1,2,3,0,0,0,0,0,0,0,0,0,0,0,0,0,0,0,0,0,0,0,0,0,0,0,0,0,0,0,0,0,0,0,0,0,0,0,0,0,0,0,1,2,0,0,0,0,1,0,0,0,0,0,0,0,0,0,0,0,0,0,0,0,0,0,0,0,0,0,0,0,0,0,0,0,0,0,0,0,0,0,0,0,0,0,0,0,0,0,0,0,0,0,0,0,0,0,0,0,0,0,0,0,0,0,0,0,0,0,0,0,0,0,0,0,0,0,0,0,0,0,0,0,0,0,0,0,0,0,0,0,0,0,5,2,0,0,0,0,0,0,4,2,0,0,0,0,0,0,0,0,0,0,0,0,1,3,3,2,0,0,0,0,0,0,0,0,0,0,0,0,0,0,0,0,0,0,0,0,0,0,0,0,0,0,0,0,0,0,0,0,0,0,0,0,0,0,0,0,0,0,0,2,1,0,0,0,0,0,0,0,0,0,0,0,0,0,0,0,0,0,0,0,0,0,0,2,2,2,5,0,0,0,0,0,0,0,2,2,0,0,0,0,0,0,0,0,2,2,2,1,0,0,0,0,2,2,2,2,0,2,1,2,2,2,0,2,2,0,0,0,0,0,0,0,0,0,0,0,0,0,0,0,0,0,0,1,2,2,0,0,0,0,0,0,0,0,0,0,0,0,0,0,0,0,2,2,5,2,2,1,0,0,0,0,0,0,0,3,2,0,3,4,2,4,1,1,2,0,1,1,4,3,3,3,1,3,4,1,1,0,4,0,0,1,3,2,2,2,4,0,3,1,2,2,3,4,0,2,1,3,1,0,1,2,4,0,0,1,4,2,1,1,2,0,2,3,4,1,2,4,0,3,4,4,2,0,3,1,3,3,1,4,4,1,3,4,2,2,0,2,3,3,3,2,4,0,4,3,3,1,3,2,3,0,4,3,0,2,4,0,4,4,2,0,2,4,2,3,2,3,1,0,2,2,1,0,3,2,2,2,4,4,0,3,3,0,3,2,4,2,0,1,1,0,0,3,0,1,3,1,1,3,2,4,0,0,0,1,0,4,0,3,4,2,3,3,4,2,0,2,2,0,0,1,4,3,1,2,0,4,0,4,4,2,4,3,2,0,3,0,1,2,3,3,3,4,1,3,1,2,0,1,0,3,0,1,2,0,3,2,2,2,4,0,0,2,1,4,3,3,2,0,3,2,3,3,2,4,2,3,4,0,0,1,2,4,4,0,0,2,2,3,4,1,2,4,1,0,0,1,1,1,4,3,2,4,3,4,1,1,1,1,3,0,0,0,1,1,4,4,3,4,0,2,3,4,0,0,3,3,0,2,1,1,4,4,1,4,0,4,0,1,4,1,4,2,3,4,2,2,0,1,3,4,4,2,4,2,4,4,4,2,4,1,2,1,4,3,0,0,4,4,3,4,0,3,3,0,0,3,3,4,4,1,3,1,4,1,2,3,4,2,1,1,2,0,0,0,3,4,3,4,2,2,3,4,2,2,4,0,3,2,1,1,4,1,2,1,4,4,3,0,0,3,0,0,0,0,0,0,0,0,0,0,0,0,0,0,0,0,0,0,0,0,0,0,0,0,0,0,0,0,0,0,0,0,0,0,0,0,0,0,0,0,0,0,0,0,0,0,0,0,0,0,0,0,0,0,0,0,0,0,0,0,0,0,0,0,0,0,0,0,0,0,0,0,0,0,0,0,0,0,0,0,0,2,1,2,0,2,2,2,3,3,2,2,3,1,2,2,0,0,0,0,0,0,0,2,3,2,3,3,5,4,0,2,5,0,5,2,0,0,0,0,2,2,5,2,0,0,0,0,0,0,0,0,0,0,0,0,0,0,0,0,0,0,0,0,0,0,0,0,0,0,0,0,0,0,0,0,0,0,0,0,0,0,0,0,0,0,0,0,0,0,0,0,0,0,0,0,0,0,0,0,0,0,0,0,0,0,0,0,0,0,0,0,0,0,0,0,0,0,0,0,0,0,0,0,0,0,0,0,0,0,0,0,0,0,0,0,0,0,0,0,2,1,1,1,5,5,3,1,1,5,4,1,3,1,3,3,0,0,0,0,0,0,0,0,0,0,0,0,0,0,0,0,0,0,0,0,0,0,0,0,0,0,0,0,0,0,0,0,0,0,0,0,0,0,0,0,0,0,0,0,0,0,0,0,0,0,0,0,0,0,0,0,0,0,0,0,0,0,0,0,0,0,0,0,0,0,0,0,0,0,0,0,0,0,0,0,0,0,0,0,0,0,0,0,0,0,0,0,0,0,0,0,0,0,0,0,0,0,0,0,0,0,0,0,0,0,0,0,0,0,0,0,0,0,0,0,0,0,0,0,0,0,0,0,0,0,0,0,0,0,0,0,0,0,0,0,0,0,0,0,0,0,0,0,0,0,0,0,0,0,0,0,0,0,0,0,0,0,0,0,0,0,0,0,0,0,0,0,0,0,0,0,0,0,0,0,0,0,0,0,0,0,0,0,0,0,0,0,0,0,0,0,0,0,0,0,0,0,0,0,0,0,0,0,0,0,0,0,0,0,0,0,0,0,0,0,0,0,0,0,0,0,0,0,0,0,0,0,0,0,0,0,0,0,0,0,0,0,0,0,0,0,0,0,0,0,0,0,0,0,0,0,0,0,0,0,0,0,0,0,0,0,0,0,0,0,0,0,0,0,0,0,0,0,0,0,0,0,0,0,3,3,2,3,2,2,4,2,3,1,1,2,5,5,1,2,1,0,0,0,0,0,0,0,0,0,0,0,0,0,0,0,0,0,0,0,0,0,0,0,0,0,0,0,0,0,0,0,0,0,0,0,0,0,0,0,0,0,0,0,0,0,0,0,0,0,0,0,0,0,0,0,0,0,0,0,0,0,0,0,0,0,0,0,0,0,0,0,0,0,0,0,0,0,0,0,0,0,0,0,0,0,0,0,0,0,0,0,0,0,0,0,0,0,0,0,0,0,0,0,0,0,0,0,0,0,0,0,0,0,0,0,0,0,0,0,0,0,0,0,0,0,0,0,0,0,1,1,2,4,1,3,2,3,1,3,4,5,3,3,1,3,5,4,1,2,4,3,3,1,3,3,1,3,1,1,2,1,3,2,2,5,3,2,2,3,4,1,2,2,4,0,0,0,0,0,0,0,0,0,0,0,0,0,0,0,0,0,0,0,0,0,0,0,0,1,0,0,0,0,1,0,0,0,0,0,0,0,0,0,0,0,1,0,0,0,0,1,0,0,0,0,0,0,0,0,0,1,0,0,0,0,0,0,0,0,0,1,0,0,0,0,0,0,0,0,0,0,0,0,0,0,0,0,0,0,0,0,0,0,0,0,0,0,0,0,0,0,0,0,0,0,1,0,1,0,0,1,1,0,0,0,0,0,0,0,0,0,1,0,0,0,0,0,1,0,0,0,0,0,0,0,0,0,0,0,1,0,0,0,0,0,0,0,0,1,0,0,0,0,0,0,0,0,0,0,0,0,0,0,1,0,0,1,0,0,0,0,0,0,0,0,1,0,0,0,0,0,0,0,0,0,0,0,0,0,0,0,0,0,0,0,0,0,0,0,0,0,0,1,0,0,0,0,0,0,0,0,0,0,1,0,0,0,1,0,0,0,1,0,0,0,0,0,0,0,0,0,0,0,0,0,0,0,0,0,1,0,0,0,0,0,0,0,0,0,0,0,0,0,0,0,0,0,0,0,0,0,0,0,0,0,0,0,0,0,0,0,0,0,0,0,1,0,0,0,1,0,0,0,0,0,0,0,0,0,0,1,0,1,0,0,1,0,0,0,0,0,0,0,0,0,0,0,0,0,1,1,0,0,0,0,0,0,0,0,0,0,0,0,0,0,0,0,0,0,0,0,0,0,0,0,0,0,0,0,0,1,0,0,0,0,0,0,0,0,0,0,0,0,0,0,0,0,0,0,0,0,0,0,0,0,0,0,0,0,0,0,0,0,0,0,0,0,0,0,1,0,0,0,1,0,0,0,1,1,0,0,0,0,0,0,0,0,0,0,0,0,0,0,0,0,1,0,0,0,0,0,0,0,0,0,0,1,0,0,0,0,0,0,0,0,0,0,0,0,0,0,0,0,0,0,0,0,0,0,0,0,0,0,0,1,0,0,0,0,0,0,0,0,0,0,0,0,0,0,0,0,0,0,0,0,0,0,0,0,0,0,0,0,0,0,0,0,0,0,1,0,0,0,1,0,0,0,0,0,0,0,0,0,0,0,0,0,0,0,0,0,0,0,0,0,0,0,0,0,0,0,0,0,0,0,0,0,0,0,0,0,0,0,0,0,0,0,0,0,1,0,1,0,0,0,0,0,0,0,0,0,0,0,0,0,1,0,0,0,0,0,0,0,0,0,0,0,0,0,0,0,1,0,0,0,0,0,1,0,0,0,0,0,0,0,0,1,0,0,0,0,0,1,0,0,0,0,0,0,0,0,0,0,0,0,0,0,0,0,0,0,0,0,0,0,0,0,0,0,0,0,0,0,0,0,0,0,0,0,0,0,0,0,0,0,0,0,0,0,0,0,0,0,0,1,0,0,0,0,0,0,0,0,0,0,0,0,0,0,0,0,0,0,0,0,0,0,0,0,0,1,0,0,0,0,0,0,0,0,0,0,0,0,1,0,0,0,1,0,0,0,0,0,1,0,0,0,0,1,0,1,1,0,0,0,0,0,0,0,0,0,1,0,0,0,0,0,1,0,0,0,0,0,0,0,0,0,0,0,0,0,0,1,0,0,1,0,0,0,0,0,0,0,0,0,0,0,0,0,0,1,1,0,0,0,0,0,0,0,0,0,0,0,1,0,0,1,0,0,0,0,0,0,0,0,0,0,0,0,0,0,0,0,0,0,0,0,0,0,0,0,0,0,0,0,0,0,0,0,0,0,0,0,0,1,0,0,0,0,0,0,0,0,1,0,0,0,0,0,0,0,0,0,0,0,0,0,1,0,0,0,0,0,0,0,0,0,0,0,0,0,0,0,0,1,0,0,0,1,0,0,0,0,0,0,0,0,0,0,0,0,0,0,0,0,0,0,0,1,0,0,0,0,0,0,1,0,0,1,0,0,0,0,0,0,0,1,0,0,1,0,0,0,0,0,0,0,0,0,0,0,0,0,0,0,0,0,0,0,0,1,0,1,0,0,0,0,0,0,0,0,0,0,1,0,0,0,0,0,0,1,0,1,1,0,0,0,0,0,0,0,0,0,0,0,0,0,0,0,0,0,0,1,0,0,0,0,0,0,1,0,0,0,1,0,0,0,0,0,0,0,0,1,0,1,0,0,0,0,0,0,0,0,1,0,0,0,0,0,0,0,1,0,1,0,0,0,0,0,0,0,0,0,0,0,0,0,0,0,0,0,0,0,0,0,0,0,0,0,0,0,0,0,0,0,0,0,0,0,0,0,1,0,0,1,0,0,0,0,0,0,0,0,0,0,0,0,0,0,0,0,0,0,0,0,0,0,0,0,0,0,1.0,0.5193,0.26967249,63.389100000000006,68.94461799999996,17.0,19.0,59.0,33.0,26.0,0.0,25.0,4.0,4.0,0.0,0.0,0.0,0.0,0.0,0.0,0.0,5441.676889000012,5999.463451999999,8726.851834999994,9224.817645,9343.479287999991,8753.64242799998,7739.110477000009,6745.079213000003,6279.893339000002,13234.919699681612,16681.495891368224,24401.124096170184,28160.427193559564,28845.63721122825,27538.81324300172,23787.35603119761,20173.37815452216,18918.97956039527,457.4063719999995,484.0792000000004,836.3951080000007,1065.856116,1196.9562399999993,1214.95512,1140.1949480000012,883.1743800000004,748.2525879999998,88.69525152607383,112.95597573599991,168.6387016138861,200.2751799395843,211.3475933640746,204.2741098720176,175.87091281201725,145.27837487267809,135.47564408018798,9564.483249330477,9039.769185778654,16660.339986295327,21461.81359620064,24883.68774348592,25870.320376896263,24238.28191245024,18607.53875913505,15096.914700332129,272.55555555555554,207.3333333333333,345.86111111111114,404.63888888888914,452.69444444444457,436.41666666666686,470.44444444444446,372.44444444444457,298.0555555555554,92.2318116779663,96.76553954838708,80.80418365740735,66.84650467391303,59.512606929936254,54.37044986335391,52.29128700675682,59.16736151754388,64.74116844329899,224.3206728759596,269.0563853446488,225.936334223798,204.06106661999684,183.7301733199252,171.048529459638,160.72537858917306,176.95945749580844,195.04102639582752,7.752650372881348,7.807729032258071,7.744399148148155,7.723595043478259,7.623925095541397,7.546305093167701,7.704019918918927,7.7471436842105295,7.713944206185565,1.5033093478995565,1.821870576387096,1.5614694593878342,1.45126941985206,1.3461630150578,1.268783291130544,1.188316978459576,1.2743717094094569,1.3966561245380205,162.10988558187245,145.80272880288152,154.2624072805123,155.5203883782655,158.49482639163003,160.68521973227493,163.77217508412323,163.22402420293906,155.63829587971267,4.619585687382298,3.344086021505376,3.2024176954732515,2.9321658615136896,2.883404104741685,2.7106625258799184,3.1786786786786787,3.267056530214426,3.072737686139746,0.858833762104752,-0.3989713347516309,0.0361441681308994,-0.2254845797553668,0.2453537698937625,-0.2259070605641433,0.2083119024661621,-0.0633740433225268,0.0507953102270803,2062.549752576272,111.93374468256376,571.5441159620813,-394.4317054495823,-128.63170387244995,92.78668224102373,-43.94957671674834,-6.989507689744016,-225.54882437115683,2905.0555410641778,3.4921656652252526,640.3142024314848,-174.83431019722286,-403.93689330609766,-257.8780021948667,116.32123749633332,382.7874220899858,-475.6874862403659,4.683111728813553,0.1599996070094741,1.090366191324327,-1.7297969250215577,0.2831958402757904,-0.3818897684573292,0.1293191209422549,-0.4170568319448496,-0.45082002872738,13.302504574109191,-0.396329835730597,2.126838864647799,0.0573580257479049,-1.7206560899466488,-3.12196125538077,1.3760130836853357,2.3428329665197367,-2.3699322459965604,89.58782981044146,-9.267026900045565,14.368846571721413,-14.60390860347026,-23.72948419998681,-27.182496548614417,8.124467584416706,44.56731155621016,-22.88358280715405,89.23352165725048,-0.7463372594082114,32.7556816368221,-14.732173066487931,3.9299131794822575,-1.9757493057551,-16.566950748507786,-23.37399853171184,-7.217258769829877,0.0145565044424534,-0.0064350215282521,0.0003346682234342,-0.0016339462301113,0.0015627628655653,-0.0014031494444977,0.001407512854501,-0.0005559126607239,0.0005236629920317,34.95847038264868,1.8053829787510285,5.292075147797049,-2.858200764127408,-0.8193102157480888,0.5763147965280977,-0.2969565994374887,-0.0613114709626668,-2.3252456120737817,49.23822950956234,0.0563252526649234,5.928835207698933,-1.2669152912842236,-2.572846454178966,-1.6017267217072468,0.7859543074076576,3.357784404298121,-4.903994703508927,0.0793747750646364,0.0025806388227334,0.010095983253003,-0.0125347603262431,0.0018037951609922,-0.0023719861394865,0.0008737778442044,-0.0036583932626741,-0.0046476291621379,0.2254661792221896,-0.0063924167053322,0.0196929524504425,0.0004156378677384,-0.0109595929295964,-0.0193910636980172,0.0092973857005765,0.0205511663729801,-0.0244322911958408,1.518437793397313,-0.1494681758071865,0.1330448756640871,-0.1058254246628279,-0.1511432114648841,-0.1688353822895305,0.0548950512460588,0.39094132944044,-0.2359132248160211,1.5124325704618724,-0.0120376977323905,0.3032933484890935,-0.1067548772933908,0.0250312941368296,-0.0122717348183546,-0.1119388564088363,-0.2050350748395775,-0.074404729585875,-0.4420718967037612,0.0229909745679194,-0.1122485303096545,0.1073583889417596,-0.0963932962096009,0.0966930529280192,-0.0381899832423108,0.0359745015777631,0.0516436491353784,0.1513817707088157,-0.0817598920330922,-0.0234366723366347,0.0164856983220337,-0.0084945535713393,-0.0017538373473313,-0.0665145124092127,0.0011439333466282,0.1204112184120576,-0.0257303177612871,-0.0522530253383563,-0.0325301445169993,0.0159622779948864,0.0681946617037889,-0.0995972997476796,0.0325120773020394,0.1271938502475335,-0.1579186878455512,0.0227250428051409,-0.0298833746307307,0.0110082560044156,-0.046090124472101,-0.0585529742711495,-0.0283519981905254,0.0873432659318531,0.0018434599334246,-0.0486085894008793,-0.0860043123315091,0.0412362764679412,0.0911496635277064,-0.1083634418258518,-0.0984354949917113,0.0876195760159631,-0.0696936187461831,-0.0995386258970282,-0.1111901870617845,0.0361523214745847,0.2574628550082108,-0.1553657488254392,-0.0079591632496478,0.2005334680120467,-0.0705848838343845,0.0165503537980443,-0.0081139054117348,-0.0740124608495121,-0.1355664238154849,-0.0491954028490361,1.4118751409459451,0.9826244203266296,1.132434117735594,0.6962553095295544,0.8229729773858668,0.8565272560460956,1.0403209647010083,0.9573621374579292,0.7626010282957488,0.7498839935338139,1.0152120748829727,0.9697264317839596,0.9409160646181928,1.0280288197406222,0.9978467889245044,1.0103160061733558,0.9754506746663048,0.856441098252834,1.006093583789391,1.0443964075029664,1.0322742193941137,0.954026809273436,0.8855317076703374,1.0863072563983809,0.7450524783622802,0.7206759591644598,1.1328103836520935,0.8009061355765875,0.757748336942333,1.0697782524078954,1.079851620528146,1.0623688805752445,1.1008892790728206,0.9303719085603864,1.014772934832834,1.0451971054778912,1.0674482438392272,0.9140316460630908,0.855338695200493,1.1287334768473347,1.2547818885823616,0.9984344976609836,1.093882284195587,1.1153713332043549,1.1200189081482703,0.9285309517650698,0.7676547733709368,1.152204745512433,0.6357106775058157,0.3791549711921998,0.8137178548412305,0.6966699470677423,0.6337753089892688,1.2147476272993338,1.3526203138959831,0.8466305284573985,336.33292592004176,168.95217724573504,254.13341950018523,337.80911639623207,10.23663989079491,168.95217724573504,1.5714285714283278,0.2568974631317307,0.0077847716100524,-4.48495822447266,479.5057493452271,14.53047725288567,20.370094418995382,336.3978003854045,168.98243170786392,254.1744791790963,337.8698898987385,10.238481512082986,168.98243170786392,1.5670630303233963,0.2568184900196565,0.0077823784854441,-4.485972836809688,479.34389491847537,14.525572573287132,20.368980334808043,407.7862630689174,202.4564933218556,301.2179237165341,405.7836764695311,12.29647504453125,202.4564933218556,-2.873276425206228,0.2206299456390174,0.006685755928455,-4.987185835670583,451.40886803385695,13.679056607086574,20.17083258238176,336.6325687074012,169.09379994036266,254.3452689258434,338.09335556719043,10.24525319900577,169.09379994036266,1.5550311733240676,0.2571465616692982,0.0077923200505847,-4.48175995662533,479.09193744346015,14.51793749828667,20.367245300163827,458.6492096707983,226.1236526703571,332.2100298699336,454.18727634983065,13.763250798479715,226.1236526703571,-6.401904330084136,0.1211338048453471,0.0036707213589499,-6.965836413331983,682.6605454931154,20.68668319676107,21.53579251193129,332.5845214656822,167.00565942776265,250.2442941085884,333.94895009718624,10.119665154460186,167.00565942776265,1.5935350853434045,0.2210906370850967,0.0066997162753059,-4.98030237864936,468.6832778690758,14.202523571790175,20.294759847804,339.1223307546792,169.85547534536846,255.40187422488432,341.1296241293509,10.337261337253056,169.85547534536846,3.612190476190193,0.5381694667639667,0.0163081656595141,-2.0446198556370647,648.0923147703276,19.63916105364629,21.36430938599424,1.0,11.996129164177216,15.999307767710045,-0.3669742007783704,0.2797562541151137,3.840206337075098,10.523355581845909,36.0,62.0,60.0,41.0,15.0,1.0,1.0,1.0,0.0,21.0,37.173382,4.068465586014518,3.90414795684056,3.674210380960613,3.5004638598866005,3.327865751748971,3.255735408574883,3.100547718785517,2.9661838415455577,2.072996798375979,1.981395070261732,1.7564283668209582,1.7342557473388849,1.5584542003197752,1.4320292145448887,1.3059123215203114,1.2496297225843565,4.000005439398464,3.885114700167183,3.55233230842484,3.3945616982416738,3.288797717444287,3.166329261516539,3.004985078900072,2.973896953503633,2.0725010453325043,1.999068736424081,1.7759954528107127,1.6958141748887334,1.5672639430572304,1.4062645447297055,1.3576721144973467,1.2857962889655723,4.0860032117492375,3.941328945619032,3.715649478502183,3.572103226390101,3.4571825556685325,3.335484183208059,3.1406121586763507,3.1184048025170745,1.99799013282071,1.9220614291158995,1.5856191452799926,1.4739108295576309,1.373594502860109,1.2411024475702863,1.146317271272755,1.0414158979246997,3.991205257061927,3.882705544822712,3.528744007426849,3.375544765941656,3.292892912542829,3.1540539644056875,3.0152162943627974,2.964791244598274,2.066980498058774,2.0065140028710062,1.778611866339019,1.6788650474810862,1.581529148166222,1.4579919522544231,1.316166875961961,1.3012796978346075,4.104869573781752,3.9600416654518185,3.751058533778804,3.598313279042681,3.50765793268306,3.369315839360226,3.1911849861436568,3.1848825204837,1.9786513226242328,1.9106414338568487,1.5375981648050454,1.4269344200833929,1.34159998260354,1.2186374887775415,1.0883133528108275,0.9819470972436506,4.822459180532202,4.612574118641585,4.237530250818234,3.908575684203533,3.788905038202546,3.758398967334376,3.4508857227402268,3.3622767664237565,2.042359639875623,1.8775109833129533,1.6803554058900407,1.5642758675712771,1.4388900714161938,1.2477521936851397,1.126960138189924,1.0331913685008702,1.0,0.0,3.0,6.0,6.0,6.0,3.0,0.0,0.0,0.0,0.0,0.1178511301977579,0.3277210825314642,0.6601204879333322,0.0,0.0,0.0204124145231931,0.1048304798248656,0.1930107063975957,2.4852363428654414,0.0,0.4598842704182982,0.0,1.156056298293392,0.0,0.163021575124852,0.0,5.13617602396278,8.163183580292161,11.43379197951434,2.1298675815041346,2.91851156847877,3.468824235708502,23.53480494807372,15.85057564594808,14.638831691766631,11.788436243053487,9.968645891729864,8.117929324566797,5.99851840517363,4.438301770202568,0.7131759075173855,0.4402937679430022,0.2870359155248359,0.1759468095978132,0.1120072572104479,0.071209906355849,0.0457902168333864,0.0288201413649517,18.96044836996187,10.961444353121388,8.458171553849134,5.785919814794106,4.143061481069562,2.868947355385266,1.7650739277342111,1.1085953689797,0.5745590415139961,0.304484565364483,0.1658465010558653,0.086357012161106,0.0465512525962872,0.0251662048718005,0.013473846776597,0.0071986712271409,37.93481213108085,59.51711580480708,57.59607843137248,58.39200000000007,39.93689700598806,447.7099508982036,0.6429629174759466,1.008764674657747,0.9762047191758046,0.9896949152542384,0.6768965594235264,7.588304252511925,4.2067100000000055,124.35980000000006,378.8083076885122,543.5150777389787,757.6166153770243,22.95807925384922,378.8083076885122,0.1596447636839452,0.0048377201116347,-6.054853724969887,355.80178685568507,10.781872328960151,19.3854335310836,1008.0,1.0,0.0,5.0,16.0,1.0,0.0,1.0,0.0,0.0,0.0,0.0,0.0,0.0,1.0,0.0,0.0,0.0,0.0,0.0,0.0,0.0,0.0,0.0,0.0,0.0,5.0,0.0,7.0,1.0,0.0,5.0,0.0,0.0,0.0,0.0,0.0,0.0,0.0,0.0,3.0,0.0,5.0,0.0,0.0,5.0,1.0,0.0,1.0,1.0,9.0,0.0,0.0,0.0,0.0,0.0,0.0,0.0,0.0,1.0,0.0,0.0,2.0,1.0,0.0,0.0,0.0,1.0,1.0,1.0,1.0,0.0,0.0,0.0,0.0,0.0,0.0,0.0,0.0,0.0,0.0,0.0,0.0,0.0,0.0,0.0,0.0,0.0,0.0,0.0,0.0,0.0,0.0,0.0,0.0,0.0,0.0,0.0,0.0,0.0,0.0,0.0,0.0,0.0,0.0,0.0,0.0,0.0,0.0,0.0,0.0,0.0,0.0,0.0,0.0,0.0,0.0,0.0,0.0,0.0,0.6533844528291859,0.0,33.17890380283977,17.604580425261876,7.10284142455622,0.0,1.4166162459279952,0.0,0.0,0.0,0.0,0.0,0.0,0.6533844528291859,0.0,0.0,0.0,0.0,0.0,0.0,0.0,0.0,0.0,0.0,0.0,2.8503697529421674,0.0,3.9634161547159374,0.6528633190768451,0.0,2.8503697529421674,0.0,0.0,0.0,0.0,0.0,0.0,0.0,0.0,5.879595153814408,0.0,3.111628781002562,0.0,0.0,9.30155068068684,-0.0331573399519735,0.0,2.1601627356473334,-0.7738754277054787,6.916742436633184,0.0,0.0,0.0,0.0,0.0,0.0,0.0,0.0,9.485103579011984,0.0,0.0,8.773345598021372,2.1681205296422026,0.0,0.0,0.0,8.936044465979156,10.870845478187578,5.683006014674174,5.520887314356657,0.0,0.0,0.0,0.0,0.0,0.0,0.0,0.0,0.0,0.0,0.0,0.0,0.0,0.0,0.0,0.0,0.0,0.0,0.0,0.0,0.0,0.0,0.0,0.0,0.0,0.0,0.0,0.0,0.0,0.0,0.0,0.0,0.0,0.0,0.0,0.0,0.0,0.0,0.0,0.0,0.0,0.0,0.0,0.0,0.0,0.0,0.0,0.0,0.0,0.6533844528291859,0.0,2.1681205296422026,-0.7738754277054787,7.10284142455622,0.0,1.4166162459279952,0.0,0.0,0.0,0.0,0.0,0.0,0.6533844528291859,0.0,0.0,0.0,0.0,0.0,0.0,0.0,0.0,0.0,0.0,0.0,0.4836568643332192,0.0,0.4535783550281897,0.6528633190768451,0.0,0.4836568643332192,0.0,0.0,0.0,0.0,0.0,0.0,0.0,0.0,1.9105601571216688,0.0,0.1489339669965979,0.0,0.0,1.6948750470858225,-0.0331573399519735,0.0,2.1601627356473334,-0.7738754277054787,0.3421883510144556,0.0,0.0,0.0,0.0,0.0,0.0,0.0,0.0,9.485103579011984,0.0,0.0,4.186727926771668,2.1681205296422026,0.0,0.0,0.0,8.936044465979156,10.870845478187578,5.683006014674174,5.520887314356657,0.0,0.0,0.0,0.0,0.0,0.0,0.0,0.0,0.0,0.0,0.0,0.0,0.0,0.0,0.0,0.0,0.0,0.0,0.0,0.0,0.0,0.0,0.0,0.0,0.0,0.0,0.0,0.0,0.0,0.0,0.0,0.0,0.0,0.0,0.0,0.0,0.0,0.0,0.0,0.0,0.0,0.0,0.0,0.0,0.0,0.0,0.0,0.0,0.0,0.6533844528291859,0.0,10.870845478187578,2.1601627356473334,7.10284142455622,0.0,1.4166162459279952,0.0,0.0,0.0,0.0,0.0,0.0,0.6533844528291859,0.0,0.0,0.0,0.0,0.0,0.0,0.0,0.0,0.0,0.0,0.0,0.64039971156412,0.0,0.6528633190768451,0.6528633190768451,0.0,0.64039971156412,0.0,0.0,0.0,0.0,0.0,0.0,0.0,0.0,2.05847483957107,0.0,0.8493820026813075,0.0,0.0,2.061965197133848,0.0,0.0,2.1601627356473334,0.0,1.2568322946406671,0.0,0.0,0.0,0.0,0.0,0.0,0.0,0.0,9.485103579011984,0.0,0.0,4.586617671249705,2.1681205296422026,0.0,0.0,0.0,8.936044465979156,10.870845478187578,5.683006014674174,5.520887314356657,0.0,0.0,0.0,0.0,0.0,0.0,0.0,0.0,0.0,0.0,0.0,0.0,0.0,0.0,0.0,0.0,0.0,0.0,0.0,0.0,0.0,0.0,0.0,0.0,0.0,0.0,0.0,0.0,0.0,0.0,0.0,0.0,0.0,0.0,0.0,0.0,0.0,0.0,0.0,0.0,0.0,0.0,0.0,0.0,0.0,0.0,0.0,0.0,0.0,77.99999999999999,2.363636363636364,0.6533844528291859,10.870845478187578,-0.1045820422506853,-0.7738754277054787,8.569347227525862,2.4405420943721454,3.870845478187578,35.115586033156085,2.4405420943721454,3.870845478187578,35.115586033156085,15.43332,0.46768,0.0,0.03232,0.60283,0.84141,0.44194,0.53822,0.82549,0.16089,0.0646,-0.09629,0.01592,0.55582,0.15847,0.0,0.16631,0.38229,0.0,43.25,1.31061,21.25,0.64394,22.0,0.66667,0.75,0.02273,0.5,0.01515,29.82612,0.90382,63.82396,33.99785,1.03024,7.58125,0.22973,15.8505,8.26926,0.25058,0.5635,0.01708,0.9075,0.0275,0.3559322033898305,240.08,5.0,8.0,8.0,8.0,1.0,1.0,0.375,1.5723407202764768,3.807851009551937,4.867824354769851,5.234089447556915,5.335784362811153,5.335784362811154,92.76810249631212,224.6632095635643,287.20163693142126,308.811277405858,314.81127740585805,314.81127740585805,0.2672847403935288,0.647302747693491,0.8274893298681314,0.8897513249804809,0.9070386079927096,0.9070386079927096,4.310302329085365,2.0747920398099047,1.01481869459199,0.6485536018049265,0.5468586865506886,0.5468586865506877,0.2528216939456132,0.6122765442073864,0.7827130489797551,0.841605984841195,0.8579578355620178,0.8579578355620179,14.720335470852866,37.857941208531095,41.60243607996774,43.46203161126702,43.56452229248738,43.564522292487375,108.07550012209757,44.486839523131714,31.69945013142612,27.27118939785676,26.748707525083564,26.748707525083567,26.07407407407408,11.82314494425221,6.415682780129205,5.0,20.0,3.0,3.33,3.3577000000000017,0.454280148208035,4.286422779110285,5.715502338181727,0.0,10.875585618482264,25.74846416018411,0.0,12.02183071603884,0.0,0.0,0.4999999999999999,0.280056016805602,0.1666666666666666,0.0,0.3086066999241838,0.0769230769230769,0.4999999999999999,0.2857142857142857,0.0,0.591,1.826,1.7820000000000005,3.105000000000001,2.6530000000000005,17.179999999999996,51.0,67.0,89.0,114.0,131.0,154.0,181.0,209.0,224.0,1289.0,3.901972669574645,4.524502282920636,5.151121611729456,5.785746412507631,6.380281422581851,6.878809101547689,7.384881916761528,7.87782963928634,8.382890072516151,8.827340645733813,9.779334699848253,13.703565930469356,0.4736842105263157,4.0,0.0,0.0,1.0,3.0,0.0,0.0,0.0,0.0,0.0,0.0,0.0,1.0,0.0,0.0,0.0,0.0,0.0,0.0,1.0,0.0,0.0,0.0,5.0,0.0,1.0,3.0,0.0,0.0,0.0,1.0,0.0,0.0,0.0,2.0,0.0,0.0,1.0,1.0,0.0,0.0,0.0,0.0,0.0,0.0,0.0,0.0,0.0,0.0,0.0,0.0,0.0,0.0,1.0,0.0,0.0,0.0,0.0,0.0,1.0,1.0,0.0,0.0,0.0,1.0,0.0,0.0,0.0,7.0,0.1944444444444444,11.0,0.3055555555555556,0.0,10.0,19.0,0.9,7.5,3.999999999999997,2.0,2.446111111111112,1.3788888888888875,0.7069387755102045,0.6233347505668934,0.407903439153439,0.2790740740740741,0.218143046627895,0.2083333333333333,0.0784313725490195,0.0377358490566037,0.0470405982905983,0.0287268518518518,0.0172424091587854,0.0168468851504565,0.0116543839758125,0.0084567901234567,0.0080793720973294,0.5010541785778215,231.53380442427223,353.63959852543366,463.0676088485445,14.03235178328923,231.53380442427223,0.0480885459234629,0.0014572286643473,-10.014547160367174,469.9522745263629,14.24097801595039,20.303682781758017,112.48,408.9771414703801,6.044394119358453,5.1647859739235145,6.018593214496234,6.906754778648554,7.782807262839695,8.676075516476429,9.562193710635698,10.45866493387262,11.350488885022813,12.249290168479682,147.16965444439526,4.290459441148391,0.0,5.6240175061873385,2.3978952727983707,7.144407180321139,4.59511985013459,8.757311846936409,6.6052979209482015,10.423263006821704,10.65683573578683,446.1954053120007,7.562633988338995,67.32079503678248,2.040024092023712,23.113653608182027,10.875494602052743,12.238159006129251,3653.0,53.0,3.903999999999998,174.0,1.0,2.210050849875137
0,0,0,0,0,0,0,0,0,0,0,0,0,0,0,0,0,0,0,0,0,0,0,0,0,0,0,0,0,0,0,0,0,0,0,0,0,0,0,0,0,0,0,0,0,0,0,0,0,0,0,0,0,0,0,0,0,0,0,0,0,0,0,0,0,0,0,0,0,0,0,0,0,0,0,0,0,0,0,0,0,0,0,0,0,0,0,0,0,0,0,0,0,0,0,0,0,0,0,0,0,0,0,0,0,0,0,0,0,0,0,0,0,0,0,0,0,0,0,0,0,0,0,0,0,0,0,0,0,0,0,0,0,0,0,0,0,0,0,0,0,0,0,0,0,0,0,0,0,0,0,0,0,0,0,0,0,0,0,0,0,0,0,0,0,0,0,0,0,0,0,0,0,0,0,0,0,0,0,0,0,0,0,2,4,3,1,2,2,5,1,2,1,2,3,4,2,2,2,2,5,0,0,0,0,0,0,0,0,0,0,0,0,0,0,0,0,2,3,2,3,0,0,0,0,0,0,0,0,0,0,0,0,0,0,0,0,0,1,5,2,5,1,2,0,0,0,0,0,0,0,0,0,0,0,0,0,0,0,0,0,0,0,0,0,0,0,0,0,0,0,0,0,0,0,0,0,0,0,0,0,0,0,0,0,0,0,0,0,0,0,0,0,0,0,0,0,0,0,0,0,0,0,0,0,0,0,0,0,0,0,0,0,0,0,0,0,0,0,0,0,0,0,0,0,0,0,0,0,0,0,0,0,0,0,0,0,0,0,0,0,0,0,0,0,0,0,0,0,0,0,0,0,0,0,0,0,0,0,0,0,0,0,0,0,0,0,0,0,0,0,0,0,0,0,0,0,0,0,0,0,0,0,0,0,0,0,0,0,0,0,0,0,0,0,0,0,0,0,0,0,0,0,0,0,0,0,0,0,0,0,0,0,0,0,0,0,0,0,0,0,0,0,0,0,0,0,0,0,0,0,0,0,5,2,3,1,1,2,1,0,0,0,0,0,0,0,0,0,0,0,0,0,0,0,0,0,0,0,0,0,0,0,0,0,0,0,0,0,0,0,0,0,0,0,0,0,0,0,0,0,0,0,0,0,0,0,0,0,0,0,0,0,0,0,0,0,0,0,0,0,0,0,0,0,0,0,0,0,0,0,0,0,0,0,0,0,0,0,0,0,0,0,0,0,0,0,0,0,0,0,0,0,0,0,0,0,0,0,0,0,0,0,0,0,0,0,0,0,0,0,0,0,0,0,0,0,0,0,0,0,0,0,0,0,0,0,0,0,0,0,0,0,0,0,0,0,0,0,0,0,0,0,0,0,0,0,0,0,2,5,2,4,0,0,0,0,0,0,0,0,0,0,0,0,0,0,0,0,0,0,0,0,0,2,2,2,1,2,2,2,1,0,0,0,0,0,0,0,0,0,0,0,2,2,2,2,2,4,3,2,2,0,0,0,0,0,0,2,2,2,2,2,0,0,1,0,0,0,0,5,5,0,0,0,0,0,0,0,0,0,0,0,1,5,2,5,0,0,0,0,0,2,0,0,0,0,0,0,0,1,2,2,2,2,2,1,0,0,0,0,0,0,0,0,0,0,0,0,0,0,0,3,2,3,0,2,3,4,0,0,0,0,0,0,0,0,0,0,0,0,0,0,0,0,0,0,0,0,0,0,0,0,0,0,0,0,0,0,0,0,2,2,2,1,2,2,2,2,2,0,0,0,0,0,0,0,0,0,0,0,0,0,0,0,0,0,0,0,0,0,0,0,0,3,2,2,2,3,1,1,2,3,2,0,0,0,5,2,3,0,0,0,0,0,0,0,1,2,0,0,0,0,0,0,0,2,2,2,0,0,0,0,0,0,0,0,0,0,0,0,0,0,0,0,0,0,0,0,0,0,0,0,0,0,0,0,0,0,0,0,0,0,0,0,0,0,0,0,0,0,0,0,0,0,0,0,0,0,0,0,0,0,0,0,0,0,0,0,0,0,0,0,0,0,0,2,5,4,0,1,1,2,2,2,2,2,3,2,0,0,0,3,2,2,3,0,0,0,0,0,0,0,0,0,0,0,0,2,2,0,0,0,0,0,0,0,0,0,0,0,0,0,0,0,0,0,0,0,0,0,0,0,0,0,0,0,0,0,0,0,2,2,2,2,4,5,0,0,0,0,0,0,0,0,0,0,0,0,0,0,0,0,0,0,0,0,0,0,0,0,0,0,0,0,0,0,0,0,0,0,3,0,0,0,0,0,0,0,0,0,0,0,0,0,0,0,0,0,0,0,0,0,0,0,0,0,0,2,3,0,0,0,0,0,0,2,2,5,5,1,1,0,0,0,0,0,0,0,0,0,0,0,0,0,0,0,0,0,0,0,0,0,0,2,1,2,0,0,0,0,0,0,0,0,0,3,3,5,0,0,1,5,0,0,0,0,0,0,0,0,0,0,0,0,0,0,0,3,2,0,0,0,0,2,2,2,0,0,0,0,2,2,2,2,1,0,0,0,2,3,2,2,2,1,0,0,2,2,1,2,2,0,0,0,0,0,0,0,0,0,0,0,0,1,2,3,0,0,0,0,0,0,0,0,0,0,0,0,0,0,0,0,0,0,0,0,0,0,0,0,0,0,0,0,0,0,0,0,0,0,0,0,0,0,0,1,2,0,0,0,0,1,0,0,0,0,0,0,0,0,0,0,0,0,0,0,0,0,0,0,0,0,0,0,0,0,0,0,0,0,0,0,0,0,0,0,0,0,0,0,0,0,0,0,0,0,0,0,0,0,0,0,0,0,0,0,0,0,0,0,0,0,0,0,0,0,0,0,0,0,0,0,0,0,0,0,0,0,0,0,0,0,0,0,0,0,0,5,2,0,0,0,0,0,0,4,2,0,0,0,0,0,0,0,0,0,0,0,0,1,3,3,2,0,0,0,0,0,0,0,0,0,0,0,0,0,0,0,0,0,0,0,0,0,0,0,0,0,0,0,0,0,0,0,0,0,0,0,0,0,0,0,0,0,0,0,2,1,0,0,0,0,0,0,0,0,0,0,0,0,0,0,0,0,0,0,0,0,0,0,2,2,2,5,0,0,0,0,0,0,0,2,2,0,0,0,0,0,0,0,0,2,2,2,1,0,0,0,0,2,2,2,2,0,2,1,2,2,2,0,2,2,0,0,0,0,0,0,0,0,0,0,0,0,0,0,0,0,0,0,1,2,2,0,0,0,0,0,0,0,0,0,0,0,0,0,0,0,0,2,2,5,2,2,1,0,0,0,0,0,0,0,3,2,0,3,4,2,4,1,1,2,0,1,1,4,3,3,3,1,3,4,1,1,0,4,0,0,1,3,2,2,2,4,0,3,1,2,2,3,4,0,2,1,3,1,0,1,2,4,0,0,1,4,2,1,1,2,0,2,3,4,1,2,4,0,3,4,4,2,0,3,1,3,3,1,4,4,1,3,4,2,2,0,2,3,3,3,2,4,0,4,3,3,1,3,2,3,0,4,3,0,2,4,0,4,4,2,0,2,4,2,3,2,3,1,0,2,2,1,0,3,2,2,2,4,4,0,3,3,0,3,2,4,2,0,1,1,0,0,3,0,1,3,1,1,3,2,4,0,0,0,1,0,4,0,3,4,2,3,3,4,2,0,2,2,0,0,1,4,3,1,2,0,4,0,4,4,2,4,3,2,0,3,0,1,2,3,3,3,4,1,3,1,2,0,1,0,3,0,1,2,0,3,2,2,2,4,0,0,2,1,4,3,3,2,0,3,2,3,3,2,4,2,3,4,0,0,1,2,4,4,0,0,2,2,3,4,1,2,4,1,0,0,1,1,1,4,3,2,4,3,4,1,1,1,1,3,0,0,0,1,1,4,4,3,4,0,2,3,4,0,0,3,3,0,2,1,1,4,4,1,4,0,4,0,1,4,1,4,2,3,4,2,2,0,1,3,4,4,2,4,2,4,4,4,2,4,1,2,1,4,3,0,0,4,4,3,4,0,3,3,0,0,3,3,4,4,1,3,1,4,1,2,3,4,2,1,1,2,0,0,0,3,4,3,4,2,2,3,4,2,2,4,0,3,2,1,1,4,1,2,1,4,4,3,0,0,3,0,0,0,0,0,0,0,0,0,0,0,0,0,0,0,0,0,0,0,0,0,0,0,0,0,0,0,0,0,0,0,0,0,0,0,0,0,0,0,0,0,0,0,0,0,0,0,0,0,0,0,0,0,0,0,0,0,0,0,0,0,0,0,0,0,0,0,0,0,0,0,0,0,0,0,0,0,0,0,0,0,2,1,2,0,2,2,2,3,3,2,2,3,1,2,2,0,0,0,0,0,0,0,2,3,2,3,3,5,4,0,2,5,0,5,2,0,0,0,0,2,2,5,2,0,0,0,0,0,0,0,0,0,0,0,0,0,0,0,0,0,0,0,0,0,0,0,0,0,0,0,0,0,0,0,0,0,0,0,0,0,0,0,0,0,0,0,0,0,0,0,0,0,0,0,0,0,0,0,0,0,0,0,0,0,0,0,0,0,0,0,0,0,0,0,0,0,0,0,0,0,0,0,0,0,0,0,0,0,0,0,0,0,0,0,0,0,0,0,0,2,1,1,1,5,5,3,1,1,5,4,1,3,1,3,3,0,0,0,0,0,0,0,0,0,0,0,0,0,0,0,0,0,0,0,0,0,0,0,0,0,0,0,0,0,0,0,0,0,0,0,0,0,0,0,0,0,0,0,0,0,0,0,0,0,0,0,0,0,0,0,0,0,0,0,0,0,0,0,0,0,0,0,0,0,0,0,0,0,0,0,0,0,0,0,0,0,0,0,0,0,0,0,0,0,0,0,0,0,0,0,0,0,0,0,0,0,0,0,0,0,0,0,0,0,0,0,0,0,0,0,0,0,0,0,0,0,0,0,0,0,0,0,0,0,0,0,0,0,0,0,0,0,0,0,0,0,0,0,0,0,0,0,0,0,0,0,0,0,0,0,0,0,0,0,0,0,0,0,0,0,0,0,0,0,0,0,0,0,0,0,0,0,0,0,0,0,0,0,0,0,0,0,0,0,0,0,0,0,0,0,0,0,0,0,0,0,0,0,0,0,0,0,0,0,0,0,0,0,0,0,0,0,0,0,0,0,0,0,0,0,0,0,0,0,0,0,0,0,0,0,0,0,0,0,0,0,0,0,0,0,0,0,0,0,0,0,0,0,0,0,0,0,0,0,0,0,0,0,0,0,0,0,0,0,0,0,0,0,0,0,0,0,0,0,0,0,0,0,0,3,3,2,3,2,2,4,2,3,1,1,2,5,5,1,2,1,0,0,0,0,0,0,0,0,0,0,0,0,0,0,0,0,0,0,0,0,0,0,0,0,0,0,0,0,0,0,0,0,0,0,0,0,0,0,0,0,0,0,0,0,0,0,0,0,0,0,0,0,0,0,0,0,0,0,0,0,0,0,0,0,0,0,0,0,0,0,0,0,0,0,0,0,0,0,0,0,0,0,0,0,0,0,0,0,0,0,0,0,0,0,0,0,0,0,0,0,0,0,0,0,0,0,0,0,0,0,0,0,0,0,0,0,0,0,0,0,0,0,0,0,0,0,0,0,0,1,1,2,4,1,3,2,3,1,3,4,5,3,3,1,3,5,4,1,2,4,3,3,1,3,3,1,3,1,1,2,1,3,2,2,5,3,2,2,3,4,1,2,2,4,0,0,0,0,0,0,0,0,0,0,0,0,0,0,0,0,0,0,0,0,0,0,0,0,0,0,1,1,0,0,0,0,0,0,0,0,0,0,1,0,0,0,0,0,0,0,0,0,0,0,1,0,0,0,0,0,0,0,0,0,0,0,0,0,0,1,0,0,0,0,0,0,0,0,0,0,0,0,0,0,0,0,0,1,0,0,0,0,0,0,0,0,0,0,0,0,0,0,0,0,0,0,0,1,0,0,0,0,0,0,1,0,0,1,0,0,0,0,0,0,0,0,0,0,0,0,0,0,0,0,1,0,0,0,0,0,1,1,1,0,0,0,1,0,0,0,0,0,0,0,0,0,0,0,0,0,0,0,0,0,0,0,0,0,0,0,0,0,0,1,0,0,0,0,0,0,0,0,0,0,0,0,0,0,0,0,0,0,0,0,0,0,0,0,0,0,0,0,0,0,0,0,0,0,0,0,0,0,0,1,0,0,0,0,0,0,0,0,0,0,0,0,0,0,0,0,1,0,0,0,0,0,0,0,0,0,0,0,0,0,0,0,0,0,0,0,0,0,0,0,0,0,0,0,0,0,0,0,0,0,0,0,0,0,0,0,0,0,0,0,0,0,0,0,0,0,0,0,0,0,0,0,0,0,0,1,0,0,0,0,0,0,0,0,0,0,0,0,1,0,0,0,0,0,0,0,0,0,0,0,0,0,0,0,0,0,0,0,0,1,1,0,0,0,1,0,0,0,1,0,0,0,0,1,0,0,0,0,0,0,0,0,0,0,0,1,0,1,0,0,0,0,0,0,0,0,1,0,0,0,0,0,0,1,0,0,0,0,0,0,0,0,0,0,1,0,0,0,0,1,0,1,0,0,1,0,0,0,0,0,0,0,0,0,0,0,0,0,0,0,0,0,0,0,1,0,0,1,0,1,0,0,1,0,0,0,0,0,0,0,0,0,0,0,0,0,0,0,0,0,0,0,1,0,0,0,0,0,0,0,0,0,1,0,0,0,0,0,0,0,0,1,1,0,0,0,0,0,0,0,0,0,0,0,0,0,0,0,0,0,0,0,0,0,0,0,0,0,0,0,0,0,0,0,0,0,0,0,0,0,0,0,0,0,0,0,0,1,0,0,1,0,0,0,0,0,1,0,0,0,0,0,0,0,0,0,0,0,0,0,0,0,0,0,0,0,0,0,0,0,0,0,0,0,0,0,0,0,0,0,0,0,0,0,0,0,0,0,0,0,0,0,0,0,0,0,0,0,0,0,0,0,0,0,0,0,1,0,1,0,0,0,0,0,0,0,0,0,0,0,0,0,0,0,0,0,0,0,0,0,0,0,0,0,0,0,0,0,0,0,0,0,0,0,0,0,0,0,0,0,0,0,0,0,0,0,0,0,0,1,0,0,0,0,0,0,0,0,0,0,0,0,0,0,0,0,0,0,0,0,0,0,0,0,0,0,0,0,0,0,0,0,0,0,0,0,1,0,0,0,0,0,0,0,0,0,0,0,0,0,0,0,0,1,0,0,0,1,0,0,0,0,0,0,0,0,0,0,0,0,0,0,0,0,0,0,0,0,0,0,0,0,0,0,0,0,0,0,0,0,0,0,0,0,0,0,0,0,1,0,0,0,0,0,0,0,0,0,0,0,0,0,0,0,0,0,1,1,0,0,0,1,0,0,1,1,0,0,0,1,0,0,0,1,0,0,0,0,0,0,0,0,0,0,0,0,0,0,1,0,0,0,0,0,0,0,0,0,0,0,0,0,1,0,0,0,0,0,0,0,0,0,0,0,0,0,0,0,1,0,0,0,0,0,0,0,0,0,0,0,0,0,0,0,1,0,0,0,0,0,0,0,0,0,0,0,0,0,0,0,1,0,1,0,0,1,0,0,0,0,0,1,0,0,0,0,0,0,0,0,0,0,0,0,0,0,0,1,0,0,0,0,0,0,0,0,0,0,0,0,0,0,1,0,0,0,0,0,0,0,0,0,0,0,0,0,0,0,0,0,0,0,0,0,0,0,0,0,1,0,0,0,0,1,0,1,0,0,0,0,0,0,0,1,0,0,1,0,0,0,0,0,0,0,0,0,0,1,0,0,0,0,0,0,0,0,0,0,1,0,0,0,1,0,0,0,0,0,0,1,0,0,0,0,0,0,0,1,0,0,0,0,0,0,0,1,0,0,0,0,1,0,0,0,0,0,0,0,0,1,0,0,0,0,0,0,0,0,0,0,0,0,0,1,0,0,0,0,0,1,0,0,0,0,0,0,0,0,0,0,0,0,0,0,0,0,0,0,0,0,0,1,0,0,0,0,0,1,0,0,0,0,0,0,0,0,0,0,0,0,0,0,1,0,0,0,0,1.0,-0.2442999999999971,0.0596824899999985,61.22590000000001,70.04041099999996,15.0,16.0,61.0,34.0,27.0,0.0,26.0,2.0,3.0,0.0,0.0,3.0,0.0,0.0,0.0,3.0,6021.414947449322,6356.244209505601,10187.708460954927,9969.574718011208,10496.80239379361,10587.959234576005,9176.787501339204,6438.153625612804,6574.45888201121,13517.633239500592,17761.021121098118,27410.27536468119,30612.566347488253,30785.825740837827,29580.468301517845,25938.97247442411,20340.348915222094,18352.20823084627,485.9103639999996,508.6163960000004,938.275488,1241.760628,1325.9135000000003,1319.9072160000003,1336.0625000000014,1022.5315760000012,819.867100000001,89.79630743092282,119.52300602599988,189.61359261079235,222.11935121292368,221.1152740630176,209.7359648394705,182.26105552592324,148.05965479577225,128.31489700722474,10178.925725542224,9535.41978014835,18387.147677307665,25742.20910740274,27790.198001666813,27474.598847263864,28091.337893776326,21825.031556715214,17016.72173884746,400.8680555555555,202.63888888888889,545.2222222222221,455.8333333333334,526.2361111111114,577.5416666666664,672.1666666666667,431.30555555555554,356.4722222222222,98.71172044998887,97.78837245393233,85.61099547020947,61.163035079823366,61.0279208941489,62.650646358437896,55.956021349629296,49.52425865856003,62.61389411439248,221.60054490984567,273.2464787861249,230.33844844269908,187.8071555060629,178.9873589583595,175.03235681371507,158.1644663074641,156.46422242478533,174.78293553186924,7.965743672131142,7.824867630769237,7.884667966386556,7.61816336196319,7.708799418604653,7.810101869822488,8.146722560975618,7.865627507692318,7.808258095238104,1.4720706136216857,1.8388154773230752,1.5933915345444736,1.3626954062142558,1.2855539189710323,1.241041212067873,1.1113478995483124,1.1389204215059403,1.2220466381640451,166.86763484495452,146.69876584843615,154.5138460277955,157.92766323559965,161.5709186143419,162.5715908122122,171.2886456937581,167.88485812857857,162.064016560452,6.571607468123861,3.117521367521367,4.581699346405228,2.796523517382413,3.059512273901811,3.4174063116370794,4.098577235772358,3.3177350427350425,3.3949735449735443,0.972432823028812,-0.5474946136835727,0.0897492323972477,-0.0945959689681133,-0.0674983244426691,0.226043329520649,-0.055098511235,0.0471031282006908,-0.1784047479212691,2361.349240246073,53.024545959873215,316.42854437213146,-17.308565957430176,228.25701880624987,109.30628418608016,-1335.8474611227934,-681.2231468983391,506.31003348951015,3003.645258283896,223.68589658305427,-189.00322142398744,-288.3958569315041,-30.996364174437645,-728.0258158950269,-581.0156888845713,115.63518912393832,581.84366802528,8.062283672131143,-0.457334142434829,4.890219131416284,-0.3506389927438451,-0.3153964525664918,-0.2553283375436678,-2.948250921795271,-3.072027235689336,-1.2112315667831184,14.659493503563652,1.019952694121919,0.238884958303975,-2.22502558802831,-1.873448366339025,-6.3343931131382325,1.0943658439927415,2.5741789364169514,0.8496278977503755,150.9546308075816,2.764861596761849,57.2660391305599,-29.788560028171226,-36.76544427672352,-69.86058182492417,32.888844622012904,32.56410649520249,-32.8586608019102,182.49089253187628,-12.455573098629394,141.87648742870786,5.03059773358415,-4.610248887694439,-25.85238623129991,-110.11132946639184,-61.63723909343353,3.917885350413561,0.0159415216889969,-0.0084229940566703,0.0007541952302289,-0.0005803433679025,-0.0003924321188527,0.001337534494205,-0.0003359665319207,0.0003623317553899,-0.0016990928373454,38.71064328272251,0.815762245536511,2.6590633980851384,-0.106187521211228,1.3270756907340109,0.6467827466631961,-8.145411348309716,-5.240178053064147,4.822000318947715,49.24008620137534,3.4413214858931425,-1.5882623649074574,-1.769299735776099,-0.1802114196188235,-4.307845064467615,-3.542778590759581,0.8895014547995255,5.541368266907428,0.1321685847890351,-0.0070359098836127,0.0410942784152628,-0.0021511594646861,-0.0018337003056191,-0.0015108185653471,-0.0179771397670443,-0.0236309787360718,-0.0115355387312677,0.240319565632191,0.0156915799095679,0.0020074366244031,-0.013650463730235,-0.0108921416647617,-0.0374816160540723,0.0066729624633703,0.0198013764339765,0.0080916942642892,2.474666078812813,0.0425363322578746,0.481227219584537,-0.1827519020133204,-0.2137525830042065,-0.4133762238161193,0.2005417355000786,0.250493126886173,-0.312939626684859,2.991653975932398,-0.1916242015173752,1.1922393901572088,0.0308625627827248,-0.0268037726028746,-0.1529726995934905,-0.6714105455267796,-0.4741326084110271,0.0373131938134624,-0.5283682587518623,0.0473101153668115,-0.0364045151538512,-0.0246169798911725,0.0839025608909224,-0.0210749349074135,0.0227288060988567,-0.1065828514048417,0.02107333219907,0.0686907571818095,-0.0027431091866825,0.0342819332926538,0.0167081373962047,-0.2104178762626042,-0.135367888742964,0.1245652334870883,0.0698886161941167,-0.0322554749074158,-0.0359321006982047,-0.003659851830515,-0.087486545958713,-0.0719490736931453,0.0180645795614931,0.1125377450446593,-0.0532343589427346,0.3109231931389503,-0.0162758757545887,-0.01387394976307,-0.0114309960098209,-0.1360167379845905,-0.1787942178074397,-0.0872789759357762,0.0652946416089314,0.0083531967907911,-0.0568012999454528,-0.0453235742004968,-0.1559657281980859,0.0277670378015884,0.0823960229034474,0.0336705596275653,0.0171887159330526,0.1944614765218744,-0.0738491158778856,-0.0863763336937771,-0.1670432335721152,0.0810378972811902,0.1012230009659903,-0.1264573145298809,-0.0640529296031478,0.3985218209554559,0.0103162207364259,-0.0089595163138881,-0.0511331527055411,-0.2244278753252282,-0.1584851096501747,0.0124724296705581,1.617822235313147,0.8085677085047609,0.8729051165785627,0.9676919386912796,0.9419431270282548,1.0570920364153462,0.9374743769709424,1.244653355078247,0.7220682180940438,0.775467799927664,0.875426120077047,0.8952699043070348,0.9542620964916784,1.3219928662765803,1.1750199008878772,0.84751777313142,0.9347402185164744,1.026425010656304,1.0520091930633717,1.0041442374121288,1.081943846417265,1.0062695413278466,0.957868943641184,0.8756281461586934,0.6434551753343182,0.4619548142639381,0.6224877879430591,0.7918214403487936,0.9819756087876572,1.636097080791629,1.3135684970700672,1.0284602505833798,1.025664674756389,1.0434946377339445,1.049510047070266,1.0295445335050373,1.1620958122506415,0.9575207698438434,0.8902616718988231,0.9374870369256788,0.953908887187579,0.822866093528272,0.8565419500066556,0.9793191766142016,1.1919504095239852,1.2012033307639485,0.9080898481617172,0.9175962148363688,0.5973603339891546,0.3124172638487708,0.5176323534477147,0.710227117758853,1.015870317119896,1.7548556441428405,1.2451095542012562,0.7813827644594951,362.7494617767932,182.3677529463148,277.36954579291046,364.61575799346986,10.723992882160882,182.3677529463148,2.035714285713908,0.0125092982778784,0.0003679205375846,-14.89636236650476,461.4888976845891,13.57320287307615,20.857157188548992,362.2869636291677,182.18634278168503,277.1986120438985,364.2470288567222,10.713147907550656,182.18634278168503,2.136164013012234,0.0101483516828022,0.0002984809318471,-15.607509540380976,467.6484381901325,13.754365829121545,20.90223716480104,434.2353113080568,214.71280474292067,328.396269033539,432.1908338453726,12.711495113099192,214.71280474292067,-3.4756116865632123,0.0165193074535708,0.0004858619839285,-13.95096647378006,354.55966775763727,10.42822552228345,19.960980600014288,363.2108352789917,182.56102500721653,277.60625024088205,365.0063729328518,10.73548155684858,182.56102500721653,1.9665103868807703,0.0135502303867795,0.0003985361878464,-14.624595878894487,457.9590188746822,13.469382908078888,20.83105098568205,514.3630469608028,251.0130143086637,386.0055881738193,508.3710246202513,14.952088959419156,251.0130143086637,-10.277860432972034,0.0699865620390917,0.0020584282952674,-9.04213688918765,308.3157248408387,9.068109554142314,19.48582275120345,367.01537631977897,184.5231938144393,282.05410168441995,368.9269163754021,10.85079165810006,184.5231938144393,2.0310113090996538,0.0191132758789168,0.0005621551729093,-13.455065184831566,462.0166406365354,13.588724724603985,20.8610430910314,349.00044436961616,175.3502336336224,260.27853498727967,351.6108089096719,10.341494379696233,175.3502336336224,4.612694597069208,0.0019557815844836,5.7522987778931575e-05,-21.205682285128063,506.8340718841424,14.90688446718066,21.17582449715893,1.0,11.900000000000004,19.000418645709896,-0.3701419516247016,0.3965577186242912,3.9574604187011686,10.538596845724353,38.0,65.0,64.0,48.0,21.0,1.0,1.0,0.0,0.0,17.0,37.31958899999999,4.087112462350054,3.92154733335317,3.594145374239036,3.5468050867766427,3.384665205666381,3.313341158602452,3.1138967162964226,2.886017328413281,2.008130922515568,1.968760095153916,1.8763911012410168,1.724171078503528,1.648622317991503,1.5268712956307482,1.3227458581930858,1.2531923855144278,4.044943144072353,3.899646971349372,3.5691924246318583,3.519765217559421,3.231330706373998,3.126569914161013,2.997708127238774,2.8552262853244783,2.009051542459211,1.9629185620506904,1.914172425060336,1.6559760066687514,1.602299593590551,1.537245033088657,1.404820003463293,1.3248785607733409,4.116916638100689,3.958669083141704,3.683132691038979,3.642756567993592,3.420039025111364,3.345989535268388,3.206214479750969,3.008297250618756,1.93163821572142,1.893795728794616,1.749745999746245,1.4525836511201229,1.4372897004031169,1.31880093924616,1.159336447482997,1.0817640677982432,4.03880172846652,3.9013040261708025,3.580456181567226,3.5173641771546444,3.209931854668314,3.09554825432166,2.976755817986161,2.855612645554213,2.0104376010017866,1.959046505519648,1.917745329326216,1.6122857329828648,1.5751568646049856,1.558981207790433,1.470362207453357,1.3497256468823742,4.144810648615584,3.981047772257155,3.7258133206407273,3.681683447608068,3.4325764742335667,3.3862507857266824,3.2644144523218754,3.064751735486579,1.9167356526046808,1.877589040578125,1.7070913874463236,1.3933886166928935,1.388428310242397,1.2951074465334589,1.1227957249548564,1.02712721197805,5.632995407710366,5.036745778479746,4.846601941747579,4.8466019417475765,4.194979725407071,4.0092892663398505,3.939438972360727,3.6823588375189145,1.8987197266471203,1.8706505394356805,1.7431016135056638,1.6113463067834457,1.545298979561891,1.3475579445458,1.1037557347283782,1.052795768694557,0.0,0.0,1.0,9.0,5.0,3.0,7.0,1.0,0.0,0.0,0.0,0.222904987429245,0.4994850663945829,0.8883411608229103,0.0,0.0,0.1755875672974064,0.2325893725541307,0.3425204210219013,3.34470416886174,0.2886751345948129,0.7169011693687852,0.1178511301977579,1.0913790093690212,0.0134987311789009,0.1940322943847958,0.0038967480399284,5.830551334579207,9.601182751518268,14.30720125415172,2.31079367255051,3.472040954198752,4.24872244389338,23.871668241257183,16.2918449013236,15.92429410131597,12.436735883796912,10.93855095605735,9.148859955738732,6.670161338069303,5.070425333560963,0.7021078894487408,0.4287327605611473,0.2843623946663566,0.168063998429688,0.1061995238452169,0.0687884207198401,0.0447661834769751,0.0289738590489197,18.673259998464754,11.718528513296793,9.268608786208976,7.027158686308117,5.42471069750086,3.620177322586367,2.2816877685950594,1.4570711731270354,0.5492135293666104,0.308382329297284,0.1655108711823031,0.0949616038690286,0.0526670941504937,0.027219378365311,0.0153133407288259,0.0083261209892973,38.914663749236766,62.17407137654779,60.40784313725483,61.33600000000007,40.53916826347309,468.3332401197605,0.6379453073645371,1.019247071746685,0.9902925104468004,1.0055081967213126,0.6645765289093949,7.677594100323942,5.220280000000007,124.38850000000008,445.6007285245102,623.9542497541574,891.2014570490201,26.211807560265303,445.6007285245102,0.3302346627479622,0.0097127841984694,-3.76703604518854,265.3769688917057,7.805204967403107,18.975914553541585,1001.0,3.0,0.0,8.0,15.0,1.0,2.0,3.0,4.0,0.0,1.0,0.0,1.0,0.0,1.0,0.0,0.0,0.0,1.0,1.0,0.0,0.0,0.0,0.0,0.0,0.0,6.0,0.0,9.0,1.0,0.0,6.0,0.0,0.0,0.0,0.0,0.0,0.0,0.0,0.0,0.0,0.0,8.0,0.0,0.0,6.0,2.0,0.0,0.0,1.0,6.0,2.0,1.0,0.0,0.0,0.0,0.0,1.0,1.0,0.0,0.0,0.0,0.0,0.0,0.0,0.0,0.0,1.0,1.0,1.0,0.0,0.0,0.0,3.0,0.0,0.0,0.0,0.0,0.0,0.0,0.0,0.0,0.0,0.0,0.0,0.0,0.0,0.0,0.0,0.0,0.0,0.0,0.0,0.0,0.0,0.0,0.0,0.0,0.0,0.0,0.0,0.0,0.0,0.0,0.0,0.0,0.0,0.0,0.0,0.0,0.0,0.0,0.0,0.0,0.0,0.0,0.0,0.0,0.0,0.0,1.215373235200839,0.0,74.15607213212395,13.922669772922196,6.859764110840951,1.97568140511816,7.636427243227738,10.600915186130894,0.0,1.634234760893068,0.0,3.6087370907277694,0.0,0.6122707354633077,0.0,0.0,0.0,0.2772698852301021,0.3258326145074293,0.0,0.0,0.0,0.0,0.0,0.0,3.335862602435613,0.0,4.953840637246674,0.736969231096354,0.0,3.335862602435613,0.0,0.0,0.0,0.0,0.0,0.0,0.0,0.0,0.0,0.0,5.029790508566311,0.0,0.0,10.116169794853922,-0.3005547430333934,0.0,0.0,-0.87018116333558,2.835325957645584,1.8413551837582671,-4.391311003912396,0.0,0.0,0.0,0.0,3.235678723906642,3.323086263179816,0.0,0.0,0.0,0.0,0.0,0.0,0.0,0.0,9.192621599717604,11.203808566238497,5.894021846392878,0.0,0.0,0.0,41.30685513268851,0.0,0.0,0.0,0.0,0.0,0.0,0.0,0.0,0.0,0.0,0.0,0.0,0.0,0.0,0.0,0.0,0.0,0.0,0.0,0.0,0.0,0.0,0.0,0.0,0.0,0.0,0.0,0.0,0.0,0.0,0.0,0.0,0.0,0.0,0.0,0.0,0.0,0.0,0.0,0.0,0.0,0.0,0.0,0.0,0.0,0.0,0.2772698852301021,0.0,3.235678723906642,-0.87018116333558,6.859764110840951,0.9213917468015964,1.9811113920092964,1.9204645481740976,0.0,1.634234760893068,0.0,3.6087370907277694,0.0,0.6122707354633077,0.0,0.0,0.0,0.2772698852301021,0.3258326145074293,0.0,0.0,0.0,0.0,0.0,0.0,0.5191050295857988,0.0,0.3854505288800799,0.736969231096354,0.0,0.5191050295857988,0.0,0.0,0.0,0.0,0.0,0.0,0.0,0.0,0.0,0.0,-0.012331078936973,0.0,0.0,1.2286820280745798,-0.280379677686503,0.0,0.0,-0.87018116333558,-0.5484920127371422,0.8858453132709434,-4.391311003912396,0.0,0.0,0.0,0.0,3.235678723906642,3.323086263179816,0.0,0.0,0.0,0.0,0.0,0.0,0.0,0.0,9.192621599717604,11.203808566238497,5.894021846392878,0.0,0.0,0.0,13.768951710896172,0.0,0.0,0.0,0.0,0.0,0.0,0.0,0.0,0.0,0.0,0.0,0.0,0.0,0.0,0.0,0.0,0.0,0.0,0.0,0.0,0.0,0.0,0.0,0.0,0.0,0.0,0.0,0.0,0.0,0.0,0.0,0.0,0.0,0.0,0.0,0.0,0.0,0.0,0.0,0.0,0.0,0.0,0.0,0.0,0.0,0.0,0.6122707354633077,0.0,13.768951710896172,1.880337626180204,6.859764110840951,1.0542896583165635,3.1064787153009834,3.650566237578223,0.0,1.634234760893068,0.0,3.6087370907277694,0.0,0.6122707354633077,0.0,0.0,0.0,0.2772698852301021,0.3258326145074293,0.0,0.0,0.0,0.0,0.0,0.0,0.6315355851413544,0.0,0.7653651444693736,0.736969231096354,0.0,0.6315355851413544,0.0,0.0,0.0,0.0,0.0,0.0,0.0,0.0,0.0,0.0,0.9774580149042412,0.0,0.0,1.880337626180204,0.0,0.0,0.0,0.0,1.0608557063170507,0.9555098704873236,0.0,0.0,0.0,0.0,0.0,3.235678723906642,3.323086263179816,0.0,0.0,0.0,0.0,0.0,0.0,0.0,0.0,9.192621599717604,11.203808566238497,5.894021846392878,0.0,0.0,0.0,13.768951710896172,0.0,0.0,0.0,0.0,0.0,0.0,0.0,0.0,0.0,0.0,0.0,0.0,0.0,0.0,0.0,0.0,0.0,0.0,0.0,0.0,0.0,0.0,0.0,0.0,0.0,0.0,0.0,0.0,0.0,0.0,0.0,0.0,0.0,0.0,0.0,0.0,0.0,0.0,0.0,0.0,0.0,0.0,0.0,0.0,0.0,0.0,88.41666666666667,2.6004901960784315,1.356603150849009,13.768951710896172,-0.2228614732930209,-4.391311003912396,11.209299352155575,5.641311003912396,5.7689517108961725,57.31214426424791,5.641311003912396,5.7689517108961725,57.31214426424791,15.65712,0.4605,0.0,0.0395,0.62857,0.8895,0.44468,0.56724,0.8417,0.18389,0.06133,-0.12256,0.0478,0.51771,0.19658,0.0,0.09732,0.35128,0.03193,38.75,1.13971,21.75,0.63971,17.0,0.5,-4.75,-0.13971,0.5,0.01471,34.19265,1.00567,66.82348,32.63083,0.95973,9.04742,0.2661,16.29178,7.24436,0.21307,0.62222,0.0183,1.05222,0.03095,0.4262295081967213,322.08,4.0,7.0,7.0,5.0,3.0,3.0,0.4230769230769231,1.6339640550315917,3.7859326238452,4.910005165325338,5.360985083429057,5.393771968674959,5.393771968674959,99.67180735692708,230.94189005455712,299.5103150848456,327.02009008917247,329.0200900891725,329.0200900891725,0.2755077424661391,0.6383578311362123,0.8278911855069614,0.9039323069451668,0.9094606052628554,0.9094606052628554,4.296773282531295,2.144804713717688,1.0207321722375484,0.5697522541338298,0.5369653688879277,0.5369653688879277,0.263141368300797,0.6097046552924267,0.7907306611727822,0.8633586191505356,0.8686387756015667,0.8686387756015667,16.559990680495655,36.30710279915505,42.39722141109299,43.21212944076593,43.245172884438055,43.24517288443806,109.0204240962216,53.20576111891677,34.1653084580868,30.73251604859385,30.603639414575404,30.6036394145754,25.641274238227147,10.775510204081632,5.796932067202338,4.0,10.0,2.0,3.4400000000000004,3.313800000000001,0.0,0.0,0.0,0.0,17.019214643009484,32.115849805149004,2.5736112620007034,12.341601742533603,2.0610547171024005,0.0,0.4999999999999999,0.2222222222222222,0.0,0.0,0.0,0.0,0.3333333333333333,0.0,0.0,1.2829999999999997,1.485,1.4859999999999998,2.269000000000001,2.24,16.347,56.0,74.0,103.0,133.0,149.0,175.0,202.0,207.0,230.0,1401.0,3.871201010907891,4.485823428355525,5.061803580670655,5.68549120468395,6.236980949273917,6.571123654659379,6.973886768952133,7.356267404410392,7.532571338915795,7.851500051095812,9.095098733139729,6.360105504996431,0.4705882352941176,5.0,0.0,0.0,2.0,3.0,0.0,0.0,0.0,0.0,0.0,0.0,0.0,3.0,0.0,0.0,0.0,0.0,0.0,2.0,0.0,0.0,0.0,1.0,8.0,0.0,2.0,3.0,0.0,0.0,2.0,0.0,0.0,0.0,1.0,2.0,0.0,0.0,1.0,1.0,0.0,0.0,0.0,0.0,0.0,0.0,0.0,0.0,0.0,0.0,0.0,0.0,0.0,2.0,0.0,0.0,0.0,1.0,0.0,0.0,1.0,1.0,0.0,0.0,2.0,0.0,0.0,0.0,1.0,7.0,0.1842105263157894,11.0,0.2894736842105263,1.0,9.0,17.0,0.8888888888888888,8.0,3.9999999999999982,2.6041666666666656,2.4127777777777784,1.4449999999999994,0.8794557823129248,0.4765802154195012,0.3940932854623329,0.2343750000000001,0.2433425160697886,0.2105263157894736,0.0714285714285714,0.0473484848484848,0.0430853174603174,0.0267592592592592,0.0199876314162028,0.0144418247096818,0.0112598081560666,0.0071022727272727,0.0073740156384784,0.4910830812382668,231.28450559344176,356.4509858509461,462.5690111868836,13.604970917261282,231.28450559344176,0.0137554313327976,0.0004045715097881,-14.573493191263664,378.43199192915296,11.130352703798616,20.18252368816239,74.35,409.2449729318717,6.08746284125034,5.241747015059643,6.107022887742255,7.018401799069201,7.908019444632471,8.821879862683842,9.72178580362158,10.6361678974314,11.541308819361998,12.455900970105777,151.45223449970817,4.343805421853684,0.0,5.707110264748875,3.044522437723423,7.25063551189868,5.351858133476067,8.883640232503673,7.444833273892193,10.568929462003853,10.817315253638798,472.1973773840008,7.740940612852472,70.13823969250498,2.0628894027207347,21.45319574961153,7.954513891029941,6.31960641089428,3809.0,55.0,7.1240000000000006,188.0,1.0,0.7634279935629372
0,0,0,0,0,0,0,0,0,0,0,0,0,0,0,0,0,0,0,0,0,0,0,0,0,0,0,0,0,0,0,0,0,0,0,0,0,0,0,0,0,0,0,0,0,0,0,0,0,0,0,0,0,0,0,0,0,0,0,0,0,0,0,0,0,0,0,0,0,0,0,0,0,0,0,0,0,0,0,0,0,0,0,0,0,0,0,0,0,0,0,0,0,0,0,0,0,0,0,0,0,0,0,0,0,0,0,0,0,0,0,0,0,0,0,0,0,0,0,0,0,0,0,0,0,0,0,0,0,0,0,0,0,0,0,0,0,0,0,0,0,0,0,0,0,0,0,0,0,0,0,0,0,0,0,0,0,0,0,0,0,0,0,0,0,0,0,0,0,0,0,0,0,0,0,0,0,0,0,0,0,0,0,2,4,3,1,2,2,5,1,2,1,2,3,4,2,2,2,2,5,0,0,0,0,0,0,0,0,0,0,0,0,0,0,0,0,2,3,2,3,0,0,0,0,0,0,0,0,0,0,0,0,0,0,0,0,0,1,5,2,5,1,2,0,0,0,0,0,0,0,0,0,0,0,0,0,0,0,0,0,0,0,0,0,0,0,0,0,0,0,0,0,0,0,0,0,0,0,0,0,0,0,0,0,0,0,0,0,0,0,0,0,0,0,0,0,0,0,0,0,0,0,0,0,0,0,0,0,0,0,0,0,0,0,0,0,0,0,0,0,0,0,0,0,0,0,0,0,0,0,0,0,0,0,0,0,0,0,0,0,0,0,0,0,0,0,0,0,0,0,0,0,0,0,0,0,0,0,0,0,0,0,0,0,0,0,0,0,0,0,0,0,0,0,0,0,0,0,0,0,0,0,0,0,0,0,0,0,0,0,0,0,0,0,0,0,0,0,0,0,0,0,0,0,0,0,0,0,0,0,0,0,0,0,0,0,0,0,0,0,0,0,0,0,0,0,0,0,0,0,0,0,5,2,3,1,1,2,1,0,0,0,0,0,0,0,0,0,0,0,0,0,0,0,0,0,0,0,0,0,0,0,0,0,0,0,0,0,0,0,0,0,0,0,0,0,0,0,0,0,0,0,0,0,0,0,0,0,0,0,0,0,0,0,0,0,0,0,0,0,0,0,0,0,0,0,0,0,0,0,0,0,0,0,0,0,0,0,0,0,0,0,0,0,0,0,0,0,0,0,0,0,0,0,0,0,0,0,0,0,0,0,0,0,0,0,0,0,0,0,0,0,0,0,0,0,0,0,0,0,0,0,0,0,0,0,0,0,0,0,0,0,0,0,0,0,0,0,0,0,0,0,0,0,0,0,0,0,2,5,2,4,0,0,0,0,0,0,0,0,0,0,0,0,0,0,0,0,0,0,0,0,0,2,2,2,1,2,2,2,1,0,0,0,0,0,0,0,0,0,0,0,2,2,2,2,2,4,3,2,2,0,0,0,0,0,0,2,2,2,2,2,0,0,1,0,0,0,0,5,5,0,0,0,0,0,0,0,0,0,0,0,1,5,2,5,0,0,0,0,0,2,0,0,0,0,0,0,0,1,2,2,2,2,2,1,0,0,0,0,0,0,0,0,0,0,0,0,0,0,0,3,2,3,0,2,3,4,0,0,0,0,0,0,0,0,0,0,0,0,0,0,0,0,0,0,0,0,0,0,0,0,0,0,0,0,0,0,0,0,2,2,2,1,2,2,2,2,2,0,0,0,0,0,0,0,0,0,0,0,0,0,0,0,0,0,0,0,0,0,0,0,0,3,2,2,2,3,1,1,2,3,2,0,0,0,5,2,3,0,0,0,0,0,0,0,1,2,0,0,0,0,0,0,0,2,2,2,0,0,0,0,0,0,0,0,0,0,0,0,0,0,0,0,0,0,0,0,0,0,0,0,0,0,0,0,0,0,0,0,0,0,0,0,0,0,0,0,0,0,0,0,0,0,0,0,0,0,0,0,0,0,0,0,0,0,0,0,0,0,0,0,0,0,0,2,5,4,0,1,1,2,2,2,2,2,3,2,0,0,0,3,2,2,3,0,0,0,0,0,0,0,0,0,0,0,0,2,2,0,0,0,0,0,0,0,0,0,0,0,0,0,0,0,0,0,0,0,0,0,0,0,0,0,0,0,0,0,0,0,2,2,2,2,4,5,0,0,0,0,0,0,0,0,0,0,0,0,0,0,0,0,0,0,0,0,0,0,0,0,0,0,0,0,0,0,0,0,0,0,3,0,0,0,0,0,0,0,0,0,0,0,0,0,0,0,0,0,0,0,0,0,0,0,0,0,0,2,3,0,0,0,0,0,0,2,2,5,5,1,1,0,0,0,0,0,0,0,0,0,0,0,0,0,0,0,0,0,0,0,0,0,0,2,1,2,0,0,0,0,0,0,0,0,0,3,3,5,0,0,1,5,0,0,0,0,0,0,0,0,0,0,0,0,0,0,0,3,2,0,0,0,0,2,2,2,0,0,0,0,2,2,2,2,1,0,0,0,2,3,2,2,2,1,0,0,2,2,1,2,2,0,0,0,0,0,0,0,0,0,0,0,0,1,2,3,0,0,0,0,0,0,0,0,0,0,0,0,0,0,0,0,0,0,0,0,0,0,0,0,0,0,0,0,0,0,0,0,0,0,0,0,0,0,0,1,2,0,0,0,0,1,0,0,0,0,0,0,0,0,0,0,0,0,0,0,0,0,0,0,0,0,0,0,0,0,0,0,0,0,0,0,0,0,0,0,0,0,0,0,0,0,0,0,0,0,0,0,0,0,0,0,0,0,0,0,0,0,0,0,0,0,0,0,0,0,0,0,0,0,0,0,0,0,0,0,0,0,0,0,0,0,0,0,0,0,0,5,2,0,0,0,0,0,0,4,2,0,0,0,0,0,0,0,0,0,0,0,0,1,3,3,2,0,0,0,0,0,0,0,0,0,0,0,0,0,0,0,0,0,0,0,0,0,0,0,0,0,0,0,0,0,0,0,0,0,0,0,0,0,0,0,0,0,0,0,2,1,0,0,0,0,0,0,0,0,0,0,0,0,0,0,0,0,0,0,0,0,0,0,2,2,2,5,0,0,0,0,0,0,0,2,2,0,0,0,0,0,0,0,0,2,2,2,1,0,0,0,0,2,2,2,2,0,2,1,2,2,2,0,2,2,0,0,0,0,0,0,0,0,0,0,0,0,0,0,0,0,0,0,1,2,2,0,0,0,0,0,0,0,0,0,0,0,0,0,0,0,0,2,2,5,2,2,1,0,0,0,0,0,0,0,3,2,0,3,4,2,4,1,1,2,0,1,1,4,3,3,3,1,3,4,1,1,0,4,0,0,1,3,2,2,2,4,0,3,1,2,2,3,4,0,2,1,3,1,0,1,2,4,0,0,1,4,2,1,1,2,0,2,3,4,1,2,4,0,3,4,4,2,0,3,1,3,3,1,4,4,1,3,4,2,2,0,2,3,3,3,2,4,0,4,3,3,1,3,2,3,0,4,3,0,2,4,0,4,4,2,0,2,4,2,3,2,3,1,0,2,2,1,0,3,2,2,2,4,4,0,3,3,0,3,2,4,2,0,1,1,0,0,3,0,1,3,1,1,3,2,4,0,0,0,1,0,4,0,3,4,2,3,3,4,2,0,2,2,0,0,1,4,3,1,2,0,4,0,4,4,2,4,3,2,0,3,0,1,2,3,3,3,4,1,3,1,2,0,1,0,3,0,1,2,0,3,2,2,2,4,0,0,2,1,4,3,3,2,0,3,2,3,3,2,4,2,3,4,0,0,1,2,4,4,0,0,2,2,3,4,1,2,4,1,0,0,1,1,1,4,3,2,4,3,4,1,1,1,1,3,0,0,0,1,1,4,4,3,4,0,2,3,4,0,0,3,3,0,2,1,1,4,4,1,4,0,4,0,1,4,1,4,2,3,4,2,2,0,1,3,4,4,2,4,2,4,4,4,2,4,1,2,1,4,3,0,0,4,4,3,4,0,3,3,0,0,3,3,4,4,1,3,1,4,1,2,3,4,2,1,1,2,0,0,0,3,4,3,4,2,2,3,4,2,2,4,0,3,2,1,1,4,1,2,1,4,4,3,0,0,3,0,0,0,0,0,0,0,0,0,0,0,0,0,0,0,0,0,0,0,0,0,0,0,0,0,0,0,0,0,0,0,0,0,0,0,0,0,0,0,0,0,0,0,0,0,0,0,0,0,0,0,0,0,0,0,0,0,0,0,0,0,0,0,0,0,0,0,0,0,0,0,0,0,0,0,0,0,0,0,0,0,2,1,2,0,2,2,2,3,3,2,2,3,1,2,2,0,0,0,0,0,0,0,2,3,2,3,3,5,4,0,2,5,0,5,2,0,0,0,0,2,2,5,2,0,0,0,0,0,0,0,0,0,0,0,0,0,0,0,0,0,0,0,0,0,0,0,0,0,0,0,0,0,0,0,0,0,0,0,0,0,0,0,0,0,0,0,0,0,0,0,0,0,0,0,0,0,0,0,0,0,0,0,0,0,0,0,0,0,0,0,0,0,0,0,0,0,0,0,0,0,0,0,0,0,0,0,0,0,0,0,0,0,0,0,0,0,0,0,0,2,1,1,1,5,5,3,1,1,5,4,1,3,1,3,3,0,0,0,0,0,0,0,0,0,0,0,0,0,0,0,0,0,0,0,0,0,0,0,0,0,0,0,0,0,0,0,0,0,0,0,0,0,0,0,0,0,0,0,0,0,0,0,0,0,0,0,0,0,0,0,0,0,0,0,0,0,0,0,0,0,0,0,0,0,0,0,0,0,0,0,0,0,0,0,0,0,0,0,0,0,0,0,0,0,0,0,0,0,0,0,0,0,0,0,0,0,0,0,0,0,0,0,0,0,0,0,0,0,0,0,0,0,0,0,0,0,0,0,0,0,0,0,0,0,0,0,0,0,0,0,0,0,0,0,0,0,0,0,0,0,0,0,0,0,0,0,0,0,0,0,0,0,0,0,0,0,0,0,0,0,0,0,0,0,0,0,0,0,0,0,0,0,0,0,0,0,0,0,0,0,0,0,0,0,0,0,0,0,0,0,0,0,0,0,0,0,0,0,0,0,0,0,0,0,0,0,0,0,0,0,0,0,0,0,0,0,0,0,0,0,0,0,0,0,0,0,0,0,0,0,0,0,0,0,0,0,0,0,0,0,0,0,0,0,0,0,0,0,0,0,0,0,0,0,0,0,0,0,0,0,0,0,0,0,0,0,0,0,0,0,0,0,0,0,0,0,0,0,0,3,3,2,3,2,2,4,2,3,1,1,2,5,5,1,2,1,0,0,0,0,0,0,0,0,0,0,0,0,0,0,0,0,0,0,0,0,0,0,0,0,0,0,0,0,0,0,0,0,0,0,0,0,0,0,0,0,0,0,0,0,0,0,0,0,0,0,0,0,0,0,0,0,0,0,0,0,0,0,0,0,0,0,0,0,0,0,0,0,0,0,0,0,0,0,0,0,0,0,0,0,0,0,0,0,0,0,0,0,0,0,0,0,0,0,0,0,0,0,0,0,0,0,0,0,0,0,0,0,0,0,0,0,0,0,0,0,0,0,0,0,0,0,0,0,0,1,1,2,4,1,3,2,3,1,3,4,5,3,3,1,3,5,4,1,2,4,3,3,1,3,3,1,3,1,1,2,1,3,2,2,5,3,2,2,3,4,1,2,2,4,0,0,0,0,0,0,0,0,0,0,0,0,0,0,0,0,0,0,0,0,0,0,0,0,1,0,0,0,0,0,0,0,0,0,0,0,0,0,0,0,0,0,0,0,0,0,1,0,0,0,0,0,0,0,0,0,1,0,0,0,0,0,0,0,0,0,0,0,0,0,0,0,0,0,0,0,0,0,0,0,0,1,0,0,0,0,0,0,0,1,0,0,0,0,0,0,0,0,0,0,0,1,0,1,0,0,0,1,0,0,0,0,0,0,0,0,0,1,0,0,0,0,0,0,0,0,0,1,0,0,0,0,0,0,0,0,0,0,0,0,0,0,0,0,0,0,0,0,0,0,0,0,0,0,0,0,0,0,0,1,0,1,0,0,0,0,0,0,0,0,0,0,0,0,0,0,0,0,0,0,0,0,0,0,0,0,0,0,0,0,0,0,0,0,0,0,0,0,0,0,0,0,0,0,0,0,0,0,0,0,0,0,0,0,0,0,0,0,0,0,0,0,0,0,0,0,0,0,0,1,0,0,0,0,0,0,1,0,0,0,0,0,1,0,0,0,0,0,0,0,0,0,0,0,0,0,0,0,0,0,0,0,0,0,0,0,0,0,1,0,1,1,0,0,0,1,0,0,0,0,0,0,0,0,0,0,1,0,1,0,0,0,0,0,0,0,0,0,0,0,0,0,0,0,0,0,1,0,0,0,0,0,0,0,0,0,0,0,0,0,0,0,0,0,0,0,0,0,0,0,0,0,1,1,0,0,0,0,0,0,0,0,0,0,0,0,0,0,0,0,1,0,0,0,0,0,0,0,0,0,0,0,0,0,0,0,0,0,0,0,0,0,0,0,0,1,0,0,0,1,0,0,0,0,1,0,0,0,0,0,1,0,0,0,0,0,0,0,0,0,1,1,0,0,0,0,0,0,0,0,0,0,1,0,0,0,0,0,0,0,0,1,0,0,0,0,0,0,0,0,0,0,0,0,0,0,0,0,0,0,0,0,0,0,1,0,0,0,0,0,0,0,0,0,0,0,0,0,0,0,0,0,0,0,0,0,0,0,0,0,0,0,0,0,0,0,0,0,0,0,0,0,0,0,0,0,0,0,0,0,0,0,0,0,0,0,0,0,0,0,0,0,0,0,0,0,0,0,0,0,0,0,0,0,0,0,0,0,0,0,0,0,0,0,0,0,0,1,0,0,0,0,0,0,0,0,0,0,0,0,0,1,0,0,0,0,0,0,0,0,0,0,0,0,0,0,0,1,0,0,0,0,0,1,0,0,0,0,0,1,0,0,0,0,0,0,0,0,1,0,0,0,0,0,0,0,0,0,0,0,0,0,0,0,0,0,0,0,0,0,0,0,0,0,0,0,0,0,0,0,0,0,0,0,0,0,0,0,0,0,0,0,0,0,0,0,0,0,0,0,1,0,0,0,0,0,0,1,0,0,0,0,0,0,0,0,0,0,0,0,0,0,0,0,0,0,0,0,0,0,0,0,0,0,0,0,0,0,0,1,0,0,0,1,0,0,0,0,0,1,0,0,0,0,0,0,0,1,0,0,0,0,0,0,0,0,0,0,0,0,0,0,0,1,0,0,0,0,0,0,0,0,0,0,0,0,0,0,1,0,0,1,0,0,0,0,0,0,0,0,0,0,0,0,0,0,1,0,0,0,0,0,0,0,0,0,0,0,0,1,0,1,0,1,0,0,0,0,0,0,0,0,0,0,0,0,0,0,0,0,0,0,0,0,0,0,0,0,0,0,0,0,0,0,0,0,0,0,0,0,0,0,0,0,0,0,0,0,0,0,0,0,0,0,0,0,0,0,0,0,0,0,0,0,0,0,0,0,0,0,0,0,0,0,0,0,0,0,0,0,1,0,0,0,1,0,0,0,0,0,0,0,0,0,0,0,0,0,0,1,0,0,0,0,1,0,1,0,0,0,0,0,0,0,0,0,0,0,0,0,0,0,1,0,0,0,0,0,0,1,1,0,0,0,0,0,0,0,0,0,0,0,0,0,0,0,0,0,1,0,0,0,0,0,0,0,0,0,0,1,0,0,0,0,0,0,1,0,0,1,0,0,0,0,0,0,0,0,0,0,0,0,0,0,0,0,0,0,1,0,0,0,0,0,0,0,0,0,0,0,0,0,0,0,0,0,0,0,0,0,0,0,0,0,0,0,0,0,0,1,0,0,0,0,0,0,0,1,0,0,0,0,0,0,0,0,0,0,0,0,0,0,0,0,0,0,0,0,0,0,0,0,0,0,0,0,0,0,0,0,0,0,0,0,0,0,0,0,0,1,0,0,0,0,0,0,0,0,0,0,0,0,0,0,0,0,0,0,0,0,0,0,0,0,0,0,0,1.0,1.1321999999999992,1.2818768399999982,49.1686,59.420652999999966,17.0,19.0,49.0,28.0,21.0,0.0,21.0,2.0,4.0,0.0,0.0,0.0,0.0,1.0,0.0,1.0,10851.797202999993,5792.910284999998,8827.313687999995,9953.534774000002,9562.632136999997,10504.134489,7598.928435000005,5765.748803000006,6371.060819999998,11602.21348681565,14099.027663606426,20170.083678952084,22106.8412891743,21799.949627255693,20886.85508906448,17744.69543837422,14750.391977830444,14727.066083131189,383.61067699999967,399.6259700000003,667.9083400000006,829.3701260000005,871.5758140000003,839.1692719999995,790.5158960000007,609.1933060000009,580.0814840000002,82.19908700182887,96.76705418599992,141.76655185933905,160.1291417401882,161.48366223498033,155.6547262398862,138.10392904613107,107.33231532897982,106.8841813885469,7849.803309669228,7372.167006164152,13031.110123663182,16415.785251119178,17900.89744953375,17180.862943901462,16261.590481025463,12764.51336371788,11456.025624846588,216.91160836762683,170.30246913580245,290.90432098765444,317.7515432098765,324.0000000000001,316.5324074074075,290.44135802469145,233.63580246913563,242.4876543209876,221.46524904081613,113.58647617647055,102.6431824186046,93.9012714528302,84.62506315929201,97.26050452777778,74.49929838235299,72.07186003750007,87.27480575342463,236.7798670778704,276.45152281581227,234.53585673200087,208.5551065016444,192.91990820580256,193.39680638022668,173.96760233700215,184.37989972288057,201.7406312757697,7.828789326530606,7.835803333333339,7.766376046511636,7.824246471698117,7.713060300884958,7.770085851851848,7.750155843137262,7.614916325000012,7.946321698630139,1.677532387792426,1.897393219333332,1.6484482774341749,1.5106522805678133,1.4290589578316844,1.4412474651841316,1.3539600886875596,1.3416539416122475,1.464166868336259,160.20006754426996,144.5522942385128,151.5245363216649,154.86589859546393,158.4150216772898,159.0820642953839,159.4273576571124,159.5564170464735,156.9318578746108,4.42676751770667,3.339264100702009,3.3826083835773773,2.9976560680177027,2.8672566371681425,2.930855624142662,2.84746429435972,2.9204475308641955,3.321748689328597,0.6861808408884256,-0.4000010556019776,0.1095743414245263,-0.0191720818214008,-0.080980846045523,-0.0360679351320792,0.1549385447822753,0.0162310415189335,-0.2133674879628198,6804.783570979594,27.80676575593581,859.1987210766356,-53.05581315993254,260.1644933123705,-135.69081322032332,-2706.031692059556,983.2383408904618,-495.815685071636,2555.194119095567,22.306656566859346,434.0230462327419,-160.09358071834674,247.6181064540196,-485.6551973213951,-595.4530578646039,716.9783506459968,-715.8242128214991,4.3573088163265306,0.1390111911703458,1.4301449754269056,-1.3074800108288196,-1.1152883111203653,-0.538564084964597,-0.0172478625572673,0.3556155039566834,-1.8465205835068703,14.652637315983906,0.0007188221977659,1.5262528660753754,-0.1453815559192253,1.8431228771921933,-3.6454791465669816,-4.538358837380633,2.624766589141603,-1.1216568829786913,70.87067103317159,-1.4246452568328316,1.6133850639178702,-13.44089007922768,-14.898736659962214,-5.324010061050166,-7.0606439777367145,9.336673330710596,-14.0364498287993,68.07806332409508,-4.875904687061685,31.37441275325953,-23.0052074495709,-9.727840344586646,-3.5614612310028635,-5.113403394447554,2.469521694207189,-31.548293956450493,0.014003690630376,-0.0078431579529799,0.0012741202491223,-0.0001808686964283,-0.0007166446552701,-0.000333962362334,0.0015190053410026,0.0002028880189866,-0.0029228423008605,138.87313410162437,0.5452307010967806,9.990682803216693,-0.5005265392446466,2.30234064878204,-1.2563964187066974,-26.529722471172114,12.290479261130772,-6.791995685912822,52.1468187570524,0.437385422879595,5.046779607357464,-1.5103167992296862,2.1913106765842443,-4.4968073826055095,-5.83777507710396,8.962229383074959,-9.805811134541084,0.0889246697209496,0.002725709630791,0.0166295927375221,-0.0123347170832907,-0.009869808063012,-0.0049867044904129,-0.0001690966917379,0.0044451937994585,-0.0252948025137927,0.2990334146119164,1.409455289737212e-05,0.0177471263497136,-0.0013715241124455,0.0163108219220548,-0.0337544365422868,-0.0444937140919669,0.03280958236427,-0.01536516278053,1.4463402251667672,-0.0279342207222123,0.0187602914409054,-0.1268008498040347,-0.1318472270793116,-0.0492963894541682,-0.0692219997817324,0.1167084166338824,-0.1922801346410863,1.389348231103981,-0.0956059742561114,0.3648187529448782,-0.217030258958216,-0.086087082695457,-0.0329764928796561,-0.0501314058279171,0.0308690211775898,-0.4321684103623355,-0.5600779223133513,0.0909846041841746,-0.0129157877878264,-0.0511754132668147,-0.0238481676830002,0.1084717865523076,0.0144881820329975,-0.2087194281856297,0.0039261064036892,0.071941076780954,-0.0036041999230633,0.0165787332710244,-0.0090470804654505,-0.1910356718222995,0.0885014897995811,-0.0489079167821083,0.0083875763336079,0.0967802011254029,-0.0289627792304286,0.0420219435972379,-0.0862335898869642,-0.1119488248037077,0.1718653140631497,-0.1880423651579884,0.0306518949054803,0.1870076412957924,-0.1387097317538289,-0.1109906631532517,-0.0560778522547396,-0.0019015723338478,0.0499883082322127,-0.2844520265655098,4.713370549463154e-05,0.0593483051810305,-0.0045865246003543,0.0545451482177096,-0.1128784774306682,-0.1487917801751708,0.1097187831227827,-0.0513827620250092,-0.0193137273209638,0.012970870279669,-0.0876701398451489,-0.0911592063783673,-0.0340835362222496,-0.0478601082769104,0.0806922289812036,-0.1329425340562009,-0.0688135430094027,0.2625826591041124,-0.1562101236388828,-0.0619622070033888,-0.0237352250079541,-0.0360826787018561,0.0222183470540436,-0.3110583802441903,1.5210084852853758,0.8333055979950131,1.1118370344590451,0.8998995000790941,0.8113986506977557,0.7962443693041431,0.8690675738603659,1.3632462212389682,0.5083586872691873,0.5522065568940053,0.9052222030382668,0.8589637856886192,1.2326675029011551,1.8390813843791505,0.3972109123686493,0.7649905340212951,0.896677838340269,0.8446561592547988,0.980925107754799,0.923343435674145,1.05398439320378,1.1456229728234646,0.795290827212837,1.0818951125139462,0.7302861667775618,0.63689890395282,1.1789563344558949,0.9877142478114136,0.9059027919783814,1.0223994454914054,0.7663406108578573,1.4390074595853664,0.863343174422094,0.8275063188564473,0.9667898082485694,0.8852033289821636,1.1399190589609018,1.33622838648943,0.7206103119629005,0.9255303495270304,1.131687739529053,1.0385235133859705,1.0851700029596874,1.1159582099494043,1.1015867111069788,0.9834818074836292,0.9221897420578934,1.1873153245631067,0.7440593458090473,0.4097581347207966,1.0331425321786305,0.8239952038911504,0.6762003150045796,0.9955665796716638,0.8812236732294572,1.5218259768152511,249.36310205163423,125.43165189103276,189.07692968608603,251.1753469495933,8.970548105342623,125.43165189103276,2.114285714285643,0.2019878465411666,0.0072138516621845,-4.4787336972804885,412.2866122588144,14.724521866386228,16.86081255127378,249.40120844496363,125.41616645934064,189.0681934431604,251.2284182665934,8.972443509521192,125.41616645934064,2.131744791901397,0.2024013177457012,0.0072286184909179,-4.473007926768444,412.3759614648688,14.7277129094596,16.861419291014137,298.2052935731965,148.09736013055482,221.0201292248234,296.9127821582835,10.604027934224412,148.09736013055482,-2.0105733120868763,0.0107378850379833,0.0003834958942136,-12.695135972767195,312.82122141619817,11.172186479149934,16.087769179361782,252.0991706689021,126.76030794974686,190.47170777265563,253.41908409730863,9.050681574903876,126.76030794974686,1.4214452305916012,0.1801810030215669,0.0064350358221988,-4.798621410797408,399.9423668824367,14.283655960087026,16.775697271012824,337.06778367576646,166.07735099921965,245.68107292013548,333.9093740260562,11.92533478664486,166.07735099921965,-4.913081677327142,0.1834782828128077,0.0065527958147431,-4.747845111199023,306.33852056513774,10.94066144875492,16.02913414714159,252.7513236645472,126.97060578281769,189.74764602422368,253.85621957270047,9.066293556167874,126.97060578281769,1.1898879010881558,0.1614163830058625,0.0057648708216379,-5.106550463518291,458.46548793825104,16.373767426366108,17.15807804813527,254.7074657419226,127.74927775050008,190.1921271958244,256.26291283855244,9.15224688709116,127.74927775050008,2.275408327582128,0.3496264425811706,0.0124866586636132,-2.942492003884263,315.8105938639576,11.278949780855628,16.11439941265433,0.0,11.89,78.91833750840334,-0.3662508540452032,0.2590170449544511,3.8442842353691766,10.920427944045038,30.0,51.0,50.0,31.0,10.0,1.0,1.0,0.0,0.0,20.0,30.357347,6.879741118821411,4.042819907387075,3.817077565726109,3.56678823114363,3.425715309359952,3.2864837336977564,2.9715583508808274,2.8240579375217267,2.036508520272952,1.9422676042860263,1.734789861380612,1.670982509962364,1.3942314538848173,1.266912109804221,1.249629722584356,1.1633857434103931,3.979245649712147,3.855177141816688,3.494685068108229,3.332260482162793,3.246024926904453,2.937261426306084,2.851288585793811,2.7318686953335214,2.030410617441,1.97446535110137,1.697960632877448,1.6746346944859527,1.3627870330097915,1.3315397382595913,1.3200480484366053,1.1345406859483511,4.072142290564536,3.899611778809989,3.653516307640373,3.5060503967641727,3.421414840006674,3.0914990469580506,2.964754873842068,2.8142488612226724,1.9610032781723008,1.8992221062920285,1.4982060648444298,1.469578924863579,1.1995785616059416,1.101037502675746,1.073450402826725,0.8061532070705192,3.972353810982757,3.867657653308437,3.476771709057278,3.327156081480888,3.2432301913972594,2.944441057690661,2.895531667997232,2.7846284373406487,2.024196290573924,1.975827993297221,1.6894700309575652,1.6759780190778717,1.4028245738165326,1.3815186800941026,1.2814573792825488,1.0582626705327112,4.089797894904758,3.9130354305902806,3.674402658761609,3.533408313189928,3.4593401913633746,3.1435408844729342,2.996432493747584,2.849890966086273,1.9427929190887856,1.8902346690872849,1.466743083569522,1.4226873213751643,1.1747835712247825,1.0939736512960212,1.0058428573620408,0.7697415404488206,4.790567951112156,4.23117983542243,3.907508895601867,3.7586787240768937,3.751042030311626,3.4278335897031305,3.1291207124769915,2.9745619792669493,1.971121898135972,1.898164134535404,1.5791116256885518,1.5663637386460147,1.166083961454917,1.1229705232534573,1.017965873080969,0.9109868926708078,0.0,0.0,3.0,8.0,4.0,3.0,3.0,0.0,0.0,0.0,0.0,0.1178511301977579,0.2721655269759087,0.5337802159139756,0.0,0.0,0.0204124145231931,0.0685249369556619,0.1500732313023566,2.2947746771053104,0.0,0.3654508901400061,0.0,1.1559852636240704,0.0,0.138130249360768,0.0,4.1864380861634,6.213224204249481,8.522187250924857,1.8167213124976795,2.27479951253146,2.775805162016636,20.25878406613483,13.3294075958929,12.564670222809426,9.444120881601824,7.816706985392251,6.200609908786555,4.224384197970067,3.167760617717298,0.7235280023619582,0.4443135865297633,0.2991588148287958,0.1816177092615735,0.1166672684386903,0.0756171940095921,0.0469376021996674,0.030754957453566,17.486012116715873,9.744931641979218,7.632293106364156,4.746496957804442,3.289195050497304,2.242913459058652,1.1579268913989582,0.6828963801442209,0.6245004327398526,0.3248310547326405,0.1817212644372418,0.0912787876500854,0.0490924634402582,0.0273526031592518,0.0128658543488773,0.0066300619431477,32.3530647262365,49.643481427531015,48.05882352941171,48.63200000000004,34.44949281437129,369.69329520958087,0.660266627066051,1.0131322740312452,0.9807923169267696,0.9924897959183682,0.7030508737626794,7.54476112672614,5.2553000000000045,115.40480000000004,250.2055558795955,362.5658217586832,500.4111117591909,17.87182541997111,250.2055558795955,0.011294111878449,0.000403361138516,-12.55372653296448,341.68583541892656,12.203065550675948,16.334896773988238,751.0,1.0,0.0,4.0,15.0,1.0,0.0,0.0,0.0,0.0,0.0,0.0,0.0,1.0,1.0,0.0,0.0,0.0,0.0,0.0,0.0,0.0,0.0,0.0,0.0,0.0,6.0,0.0,5.0,1.0,0.0,6.0,0.0,0.0,0.0,0.0,0.0,0.0,0.0,0.0,3.0,0.0,2.0,0.0,0.0,6.0,1.0,0.0,0.0,1.0,8.0,0.0,0.0,0.0,0.0,0.0,0.0,0.0,0.0,0.0,0.0,0.0,2.0,0.0,0.0,0.0,0.0,1.0,1.0,1.0,1.0,0.0,0.0,0.0,0.0,0.0,0.0,0.0,0.0,0.0,0.0,0.0,0.0,0.0,0.0,0.0,0.0,0.0,0.0,0.0,0.0,0.0,0.0,0.0,0.0,0.0,0.0,0.0,0.0,0.0,0.0,0.0,0.0,0.0,0.0,0.0,0.0,0.0,0.0,0.0,1.0,0.0,0.0,0.0,0.0,0.0,0.0,0.0,0.0,0.0,0.6772326783192701,0.0,30.89435497781964,17.95310660285423,7.2767037258854845,0.0,0.0,0.0,0.0,0.0,0.0,0.0,3.719097978392048,0.6772326783192701,0.0,0.0,0.0,0.0,0.0,0.0,0.0,0.0,0.0,0.0,0.0,3.1729874266849527,0.0,2.6975283000833103,0.6588557036066818,0.0,3.1729874266849527,0.0,0.0,0.0,0.0,0.0,0.0,0.0,0.0,6.00342332993586,0.0,0.6221828210915338,0.0,0.0,11.803172838553746,0.149446817505892,0.0,0.0,-0.7964828192557538,6.946416583556237,0.0,0.0,0.0,0.0,0.0,0.0,0.0,0.0,0.0,0.0,0.0,8.696069775132276,0.0,0.0,0.0,0.0,8.8310208215991,10.744761673262026,5.826962143625862,5.491610339332652,0.0,0.0,0.0,0.0,0.0,0.0,0.0,0.0,0.0,0.0,0.0,0.0,0.0,0.0,0.0,0.0,0.0,0.0,0.0,0.0,0.0,0.0,0.0,0.0,0.0,0.0,0.0,0.0,0.0,0.0,0.0,0.0,0.0,0.0,0.0,0.0,0.0,0.0,0.0,0.0795638238087208,0.0,0.0,0.0,0.0,0.0,0.0,0.0,0.0,0.0,0.6772326783192701,0.0,5.491610339332652,-0.7964828192557538,7.2767037258854845,0.0,0.0,0.0,0.0,0.0,0.0,0.0,3.719097978392048,0.6772326783192701,0.0,0.0,0.0,0.0,0.0,0.0,0.0,0.0,0.0,0.0,0.0,0.486804582040596,0.0,0.4175341452154775,0.6588557036066818,0.0,0.486804582040596,0.0,0.0,0.0,0.0,0.0,0.0,0.0,0.0,1.9655323076327769,0.0,0.1176517037562416,0.0,0.0,1.9156045865443407,0.149446817505892,0.0,0.0,-0.7964828192557538,0.4851395085761072,0.0,0.0,0.0,0.0,0.0,0.0,0.0,0.0,0.0,0.0,0.0,4.135626889644747,0.0,0.0,0.0,0.0,8.8310208215991,10.744761673262026,5.826962143625862,5.491610339332652,0.0,0.0,0.0,0.0,0.0,0.0,0.0,0.0,0.0,0.0,0.0,0.0,0.0,0.0,0.0,0.0,0.0,0.0,0.0,0.0,0.0,0.0,0.0,0.0,0.0,0.0,0.0,0.0,0.0,0.0,0.0,0.0,0.0,0.0,0.0,0.0,0.0,0.0,0.0,0.0795638238087208,0.0,0.0,0.0,0.0,0.0,0.0,0.0,0.0,0.0,0.6772326783192701,0.0,10.744761673262026,2.073020020796411,7.2767037258854845,0.0,0.0,0.0,0.0,0.0,0.0,0.0,3.719097978392048,0.6772326783192701,0.0,0.0,0.0,0.0,0.0,0.0,0.0,0.0,0.0,0.0,0.0,0.5611419231425787,0.0,0.6588557036066818,0.6588557036066818,0.0,0.5611419231425787,0.0,0.0,0.0,0.0,0.0,0.0,0.0,0.0,2.018945511151541,0.0,0.5045311173352921,0.0,0.0,2.073020020796411,0.149446817505892,0.0,0.0,0.0,1.238346262824077,0.0,0.0,0.0,0.0,0.0,0.0,0.0,0.0,0.0,0.0,0.0,4.560442885487529,0.0,0.0,0.0,0.0,8.8310208215991,10.744761673262026,5.826962143625862,5.491610339332652,0.0,0.0,0.0,0.0,0.0,0.0,0.0,0.0,0.0,0.0,0.0,0.0,0.0,0.0,0.0,0.0,0.0,0.0,0.0,0.0,0.0,0.0,0.0,0.0,0.0,0.0,0.0,0.0,0.0,0.0,0.0,0.0,0.0,0.0,0.0,0.0,0.0,0.0,0.0,0.0795638238087208,0.0,0.0,0.0,0.0,0.0,0.0,0.0,0.0,0.0,64.39814814814815,2.2999338624338628,0.6772326783192701,10.744761673262026,-0.120597502587427,-0.7964828192557538,8.047692655667877,2.463149485922421,3.744761673262025,27.402671592102827,2.4717473695203043,3.7372719613278687,28.20906852493096,13.96665,0.49881,0.0,0.00119,0.60884,0.84048,0.44,0.53282,0.82184,0.16884,0.07602,-0.09282,0.01864,0.59348,0.12081,0.0,0.2506,0.358,0.0,36.75,1.3125,17.25,0.61607,19.5,0.69643,2.25,0.08036,1.0,0.03571,24.38389,0.87085,50.81592,26.43203,0.944,6.36543,0.22734,13.32934,6.96391,0.24871,0.58466,0.02088,0.84266,0.03009,0.3469387755102041,144.07,3.0,6.0,6.0,6.0,1.0,1.0,0.2857142857142857,1.6457847062232098,3.730576804983365,4.558088670425059,4.997063670513365,4.997063670513363,5.037879997043976,80.64345060493729,182.7982634441849,223.3463448508279,244.85611985515487,244.8561198551548,246.8561198551548,0.2931201703945861,0.6644291349967785,0.8118119719405276,0.8899949969366271,0.8899949969366268,0.8972645313674028,3.968925137891999,1.884133039131844,1.0566211736901492,0.6176461736018437,0.6176461736018455,0.5768298470712327,0.2769508942291184,0.627777484031635,0.7670302977518523,0.8409005423585578,0.8409005423585576,0.8477690702340789,23.214810487339573,43.71116530371819,48.02446187520928,49.364192274271495,49.364192274271495,49.40532798986333,93.10071397738,46.06069512171301,33.861741270578975,30.27349758443712,30.273497584437127,30.1259584071263,22.68,10.346938775510203,6.25,5.0,18.0,3.0,3.0,2.9641,0.454280148208035,3.4167095746471667,5.358834079368455,0.0,6.51563463577053,19.540637757349696,0.0,9.978017295740967,0.0,0.0,0.4999999999999999,0.3265986323710904,0.1666666666666666,0.0,0.0,0.0,0.4999999999999999,0.0,0.0,0.591,1.073,1.039,2.4250000000000007,2.4770000000000003,15.08,42.0,52.0,67.0,82.0,90.0,103.0,113.0,126.0,129.0,862.0,3.725693427236653,4.385146762010125,4.984462419792233,5.6185876285929695,6.205251965998166,6.680070180436652,7.168134401281182,7.631465763171099,8.12316516421728,8.523733475802844,9.519152889232696,15.797065327726218,0.4705882352941176,3.0,0.0,0.0,1.0,2.0,0.0,0.0,0.0,0.0,0.0,0.0,0.0,0.0,0.0,0.0,0.0,0.0,0.0,0.0,0.0,0.0,0.0,0.0,3.0,0.0,1.0,2.0,0.0,0.0,0.0,0.0,0.0,0.0,0.0,1.0,0.0,0.0,1.0,0.0,0.0,0.0,0.0,0.0,0.0,0.0,0.0,0.0,0.0,0.0,0.0,0.0,0.0,0.0,0.0,0.0,0.0,0.0,0.0,0.0,1.0,0.0,0.0,0.0,0.0,0.0,0.0,0.0,0.0,7.0,0.2333333333333333,12.0,0.4,1.0,9.0,17.0,0.8888888888888888,7.0,3.333333333333332,1.625,1.841666666666668,1.111666666666666,0.6326077097505672,0.3489937641723357,0.3474505542957923,0.2375077160493827,0.1349903071115192,0.2333333333333333,0.0793650793650793,0.0396341463414634,0.0460416666666666,0.030045045045045,0.0218140589569161,0.0124640630061548,0.0133634828575304,0.0098961548353909,0.0074994615061955,0.5289238647806145,177.24677177765025,271.2199454610616,354.49354355530056,12.66048369840359,177.24677177765025,0.0511212212232411,0.00182575790083,-8.32595562359309,370.0134347831338,13.214765527969064,16.55791008257052,85.45,354.7126776305464,5.807354922057604,4.976733742420574,5.808142489980444,6.683360945766275,7.538494999413465,8.416930769477844,9.283683766200392,10.16450475627842,11.037965573724245,11.920701234775636,133.8305182780373,4.110873864173311,0.0,5.43372200355424,2.3978952727983707,6.928537818164665,4.59511985013459,8.508555998020574,6.6052979209482015,10.137016983402756,10.38588283710658,444.06846925200057,9.0626218214694,56.44387851076056,2.015852803955734,19.68008094482613,10.848227883024736,6.270702881514619,2373.0,41.0,6.291,144.0,1.0,1.6334684555795864
0,0,0,0,0,0,0,0,0,0,0,0,0,0,0,0,0,0,0,0,0,0,0,0,0,0,0,0,0,0,0,0,0,0,0,0,0,0,0,0,0,0,0,0,0,0,0,0,0,0,0,0,0,0,0,0,0,0,0,0,0,0,0,0,0,0,0,0,0,0,0,0,0,0,0,0,0,0,0,0,0,0,0,0,0,0,0,0,0,0,0,0,0,0,0,0,0,0,0,0,0,0,0,0,0,0,0,0,0,0,0,0,0,0,0,0,0,0,0,0,0,0,0,0,0,0,0,0,0,0,0,0,0,0,0,0,0,0,0,0,0,0,0,0,0,0,0,0,0,0,0,0,0,0,0,0,0,0,0,0,0,0,0,0,0,0,0,0,0,0,0,0,0,0,0,0,0,0,0,0,0,0,0,2,4,3,1,2,2,5,1,2,1,2,3,4,2,2,2,2,5,0,0,0,0,0,0,0,0,0,0,0,0,0,0,0,0,2,3,2,3,0,0,0,0,0,0,0,0,0,0,0,0,0,0,0,0,0,1,5,2,5,1,2,0,0,0,0,0,0,0,0,0,0,0,0,0,0,0,0,0,0,0,0,0,0,0,0,0,0,0,0,0,0,0,0,0,0,0,0,0,0,0,0,0,0,0,0,0,0,0,0,0,0,0,0,0,0,0,0,0,0,0,0,0,0,0,0,0,0,0,0,0,0,0,0,0,0,0,0,0,0,0,0,0,0,0,0,0,0,0,0,0,0,0,0,0,0,0,0,0,0,0,0,0,0,0,0,0,0,0,0,0,0,0,0,0,0,0,0,0,0,0,0,0,0,0,0,0,0,0,0,0,0,0,0,0,0,0,0,0,0,0,0,0,0,0,0,0,0,0,0,0,0,0,0,0,0,0,0,0,0,0,0,0,0,0,0,0,0,0,0,0,0,0,0,0,0,0,0,0,0,0,0,0,0,0,0,0,0,0,0,0,5,2,3,1,1,2,1,0,0,0,0,0,0,0,0,0,0,0,0,0,0,0,0,0,0,0,0,0,0,0,0,0,0,0,0,0,0,0,0,0,0,0,0,0,0,0,0,0,0,0,0,0,0,0,0,0,0,0,0,0,0,0,0,0,0,0,0,0,0,0,0,0,0,0,0,0,0,0,0,0,0,0,0,0,0,0,0,0,0,0,0,0,0,0,0,0,0,0,0,0,0,0,0,0,0,0,0,0,0,0,0,0,0,0,0,0,0,0,0,0,0,0,0,0,0,0,0,0,0,0,0,0,0,0,0,0,0,0,0,0,0,0,0,0,0,0,0,0,0,0,0,0,0,0,0,0,2,5,2,4,0,0,0,0,0,0,0,0,0,0,0,0,0,0,0,0,0,0,0,0,0,2,2,2,1,2,2,2,1,0,0,0,0,0,0,0,0,0,0,0,2,2,2,2,2,4,3,2,2,0,0,0,0,0,0,2,2,2,2,2,0,0,1,0,0,0,0,5,5,0,0,0,0,0,0,0,0,0,0,0,1,5,2,5,0,0,0,0,0,2,0,0,0,0,0,0,0,1,2,2,2,2,2,1,0,0,0,0,0,0,0,0,0,0,0,0,0,0,0,3,2,3,0,2,3,4,0,0,0,0,0,0,0,0,0,0,0,0,0,0,0,0,0,0,0,0,0,0,0,0,0,0,0,0,0,0,0,0,2,2,2,1,2,2,2,2,2,0,0,0,0,0,0,0,0,0,0,0,0,0,0,0,0,0,0,0,0,0,0,0,0,3,2,2,2,3,1,1,2,3,2,0,0,0,5,2,3,0,0,0,0,0,0,0,1,2,0,0,0,0,0,0,0,2,2,2,0,0,0,0,0,0,0,0,0,0,0,0,0,0,0,0,0,0,0,0,0,0,0,0,0,0,0,0,0,0,0,0,0,0,0,0,0,0,0,0,0,0,0,0,0,0,0,0,0,0,0,0,0,0,0,0,0,0,0,0,0,0,0,0,0,0,0,2,5,4,0,1,1,2,2,2,2,2,3,2,0,0,0,3,2,2,3,0,0,0,0,0,0,0,0,0,0,0,0,2,2,0,0,0,0,0,0,0,0,0,0,0,0,0,0,0,0,0,0,0,0,0,0,0,0,0,0,0,0,0,0,0,2,2,2,2,4,5,0,0,0,0,0,0,0,0,0,0,0,0,0,0,0,0,0,0,0,0,0,0,0,0,0,0,0,0,0,0,0,0,0,0,3,0,0,0,0,0,0,0,0,0,0,0,0,0,0,0,0,0,0,0,0,0,0,0,0,0,0,2,3,0,0,0,0,0,0,2,2,5,5,1,1,0,0,0,0,0,0,0,0,0,0,0,0,0,0,0,0,0,0,0,0,0,0,2,1,2,0,0,0,0,0,0,0,0,0,3,3,5,0,0,1,5,0,0,0,0,0,0,0,0,0,0,0,0,0,0,0,3,2,0,0,0,0,2,2,2,0,0,0,0,2,2,2,2,1,0,0,0,2,3,2,2,2,1,0,0,2,2,1,2,2,0,0,0,0,0,0,0,0,0,0,0,0,1,2,3,0,0,0,0,0,0,0,0,0,0,0,0,0,0,0,0,0,0,0,0,0,0,0,0,0,0,0,0,0,0,0,0,0,0,0,0,0,0,0,1,2,0,0,0,0,1,0,0,0,0,0,0,0,0,0,0,0,0,0,0,0,0,0,0,0,0,0,0,0,0,0,0,0,0,0,0,0,0,0,0,0,0,0,0,0,0,0,0,0,0,0,0,0,0,0,0,0,0,0,0,0,0,0,0,0,0,0,0,0,0,0,0,0,0,0,0,0,0,0,0,0,0,0,0,0,0,0,0,0,0,0,5,2,0,0,0,0,0,0,4,2,0,0,0,0,0,0,0,0,0,0,0,0,1,3,3,2,0,0,0,0,0,0,0,0,0,0,0,0,0,0,0,0,0,0,0,0,0,0,0,0,0,0,0,0,0,0,0,0,0,0,0,0,0,0,0,0,0,0,0,2,1,0,0,0,0,0,0,0,0,0,0,0,0,0,0,0,0,0,0,0,0,0,0,2,2,2,5,0,0,0,0,0,0,0,2,2,0,0,0,0,0,0,0,0,2,2,2,1,0,0,0,0,2,2,2,2,0,2,1,2,2,2,0,2,2,0,0,0,0,0,0,0,0,0,0,0,0,0,0,0,0,0,0,1,2,2,0,0,0,0,0,0,0,0,0,0,0,0,0,0,0,0,2,2,5,2,2,1,0,0,0,0,0,0,0,3,2,0,3,4,2,4,1,1,2,0,1,1,4,3,3,3,1,3,4,1,1,0,4,0,0,1,3,2,2,2,4,0,3,1,2,2,3,4,0,2,1,3,1,0,1,2,4,0,0,1,4,2,1,1,2,0,2,3,4,1,2,4,0,3,4,4,2,0,3,1,3,3,1,4,4,1,3,4,2,2,0,2,3,3,3,2,4,0,4,3,3,1,3,2,3,0,4,3,0,2,4,0,4,4,2,0,2,4,2,3,2,3,1,0,2,2,1,0,3,2,2,2,4,4,0,3,3,0,3,2,4,2,0,1,1,0,0,3,0,1,3,1,1,3,2,4,0,0,0,1,0,4,0,3,4,2,3,3,4,2,0,2,2,0,0,1,4,3,1,2,0,4,0,4,4,2,4,3,2,0,3,0,1,2,3,3,3,4,1,3,1,2,0,1,0,3,0,1,2,0,3,2,2,2,4,0,0,2,1,4,3,3,2,0,3,2,3,3,2,4,2,3,4,0,0,1,2,4,4,0,0,2,2,3,4,1,2,4,1,0,0,1,1,1,4,3,2,4,3,4,1,1,1,1,3,0,0,0,1,1,4,4,3,4,0,2,3,4,0,0,3,3,0,2,1,1,4,4,1,4,0,4,0,1,4,1,4,2,3,4,2,2,0,1,3,4,4,2,4,2,4,4,4,2,4,1,2,1,4,3,0,0,4,4,3,4,0,3,3,0,0,3,3,4,4,1,3,1,4,1,2,3,4,2,1,1,2,0,0,0,3,4,3,4,2,2,3,4,2,2,4,0,3,2,1,1,4,1,2,1,4,4,3,0,0,3,0,0,0,0,0,0,0,0,0,0,0,0,0,0,0,0,0,0,0,0,0,0,0,0,0,0,0,0,0,0,0,0,0,0,0,0,0,0,0,0,0,0,0,0,0,0,0,0,0,0,0,0,0,0,0,0,0,0,0,0,0,0,0,0,0,0,0,0,0,0,0,0,0,0,0,0,0,0,0,0,0,2,1,2,0,2,2,2,3,3,2,2,3,1,2,2,0,0,0,0,0,0,0,2,3,2,3,3,5,4,0,2,5,0,5,2,0,0,0,0,2,2,5,2,0,0,0,0,0,0,0,0,0,0,0,0,0,0,0,0,0,0,0,0,0,0,0,0,0,0,0,0,0,0,0,0,0,0,0,0,0,0,0,0,0,0,0,0,0,0,0,0,0,0,0,0,0,0,0,0,0,0,0,0,0,0,0,0,0,0,0,0,0,0,0,0,0,0,0,0,0,0,0,0,0,0,0,0,0,0,0,0,0,0,0,0,0,0,0,0,2,1,1,1,5,5,3,1,1,5,4,1,3,1,3,3,0,0,0,0,0,0,0,0,0,0,0,0,0,0,0,0,0,0,0,0,0,0,0,0,0,0,0,0,0,0,0,0,0,0,0,0,0,0,0,0,0,0,0,0,0,0,0,0,0,0,0,0,0,0,0,0,0,0,0,0,0,0,0,0,0,0,0,0,0,0,0,0,0,0,0,0,0,0,0,0,0,0,0,0,0,0,0,0,0,0,0,0,0,0,0,0,0,0,0,0,0,0,0,0,0,0,0,0,0,0,0,0,0,0,0,0,0,0,0,0,0,0,0,0,0,0,0,0,0,0,0,0,0,0,0,0,0,0,0,0,0,0,0,0,0,0,0,0,0,0,0,0,0,0,0,0,0,0,0,0,0,0,0,0,0,0,0,0,0,0,0,0,0,0,0,0,0,0,0,0,0,0,0,0,0,0,0,0,0,0,0,0,0,0,0,0,0,0,0,0,0,0,0,0,0,0,0,0,0,0,0,0,0,0,0,0,0,0,0,0,0,0,0,0,0,0,0,0,0,0,0,0,0,0,0,0,0,0,0,0,0,0,0,0,0,0,0,0,0,0,0,0,0,0,0,0,0,0,0,0,0,0,0,0,0,0,0,0,0,0,0,0,0,0,0,0,0,0,0,0,0,0,0,0,3,3,2,3,2,2,4,2,3,1,1,2,5,5,1,2,1,0,0,0,0,0,0,0,0,0,0,0,0,0,0,0,0,0,0,0,0,0,0,0,0,0,0,0,0,0,0,0,0,0,0,0,0,0,0,0,0,0,0,0,0,0,0,0,0,0,0,0,0,0,0,0,0,0,0,0,0,0,0,0,0,0,0,0,0,0,0,0,0,0,0,0,0,0,0,0,0,0,0,0,0,0,0,0,0,0,0,0,0,0,0,0,0,0,0,0,0,0,0,0,0,0,0,0,0,0,0,0,0,0,0,0,0,0,0,0,0,0,0,0,0,0,0,0,0,0,1,1,2,4,1,3,2,3,1,3,4,5,3,3,1,3,5,4,1,2,4,3,3,1,3,3,1,3,1,1,2,1,3,2,2,5,3,2,2,3,4,1,2,2,4,0,0,0,0,0,0,0,0,0,0,0,0,0,0,0,0,0,0,0,0,0,0,0,0,1,0,0,0,0,0,0,0,0,0,0,0,0,0,0,0,0,1,0,0,0,0,1,0,0,0,0,0,0,0,0,0,1,0,0,0,0,0,0,0,0,0,1,0,0,0,0,0,0,0,0,0,0,0,0,0,0,0,0,0,0,0,0,0,0,0,0,0,0,0,0,0,0,0,0,0,0,1,0,1,0,0,1,1,0,0,0,0,0,0,0,0,0,1,0,0,0,0,0,1,0,0,0,0,0,0,0,0,0,1,0,1,0,0,0,0,0,0,0,0,0,0,0,0,0,0,0,0,0,0,0,0,0,0,0,1,0,0,1,0,0,0,0,0,0,0,0,1,0,0,0,0,0,0,0,0,0,1,0,0,0,0,0,0,0,0,0,1,0,0,0,0,0,0,0,0,0,0,0,0,0,0,0,0,0,1,0,0,0,1,0,0,0,1,0,0,0,0,0,0,0,0,0,1,0,0,0,0,0,0,0,1,0,0,0,0,0,0,0,0,0,1,0,0,0,0,0,0,0,0,0,0,0,0,0,0,0,0,0,0,1,0,0,0,0,0,0,1,0,0,0,1,0,0,0,0,0,0,0,0,0,0,0,0,1,0,0,1,0,0,1,0,0,0,0,0,0,0,0,0,0,0,1,0,0,0,0,0,0,0,0,0,0,0,0,0,0,0,0,0,0,0,0,0,0,0,0,0,0,0,0,0,0,0,0,0,0,0,0,0,0,0,0,0,0,0,0,0,0,0,0,0,1,0,0,0,0,0,0,1,0,0,0,0,0,0,0,0,0,0,0,1,0,0,0,1,0,0,0,1,1,0,0,0,0,0,0,0,0,0,0,0,0,0,0,0,0,1,0,0,0,0,0,0,0,0,0,0,0,0,0,0,0,0,0,0,0,0,0,0,0,0,0,0,0,0,0,0,0,0,0,0,0,0,0,0,1,0,0,0,0,0,0,0,0,0,0,0,0,0,0,0,0,0,0,0,0,0,0,0,0,0,0,0,0,0,0,0,0,0,0,1,0,0,0,1,0,0,0,0,0,0,0,0,0,0,0,0,0,0,0,0,0,0,0,0,0,0,0,0,0,1,0,0,0,0,0,0,0,0,0,0,0,0,0,0,0,0,0,0,0,0,0,1,0,0,0,0,0,0,0,0,0,0,0,0,1,1,0,0,0,0,0,0,0,0,0,0,0,0,0,0,0,1,0,0,0,0,0,0,0,0,0,0,0,0,0,0,1,0,0,0,0,0,1,0,0,0,0,0,0,0,0,0,0,0,0,0,0,0,0,0,0,0,0,0,0,0,0,0,0,0,0,0,0,0,0,0,0,0,0,0,1,0,0,0,0,0,0,0,0,0,0,0,0,0,1,0,0,0,0,0,0,0,0,0,0,0,0,0,0,0,0,0,0,0,0,0,0,0,0,0,1,0,0,0,0,0,0,0,0,0,0,0,0,1,0,0,0,0,0,0,0,0,0,1,0,0,0,0,0,0,1,1,0,0,0,0,0,0,0,0,0,1,0,0,0,0,0,1,0,0,0,0,0,0,0,0,0,0,0,0,0,0,1,0,0,1,0,0,0,0,0,0,0,0,0,0,0,0,0,0,0,1,0,0,0,0,0,0,0,0,0,0,0,1,0,0,1,1,0,0,0,0,0,0,0,0,0,0,0,0,0,0,0,0,0,0,0,0,0,0,0,0,0,0,0,0,0,0,0,0,0,0,0,0,0,0,0,0,0,0,0,0,0,1,0,0,0,0,0,0,0,0,0,0,0,0,0,1,0,0,0,0,0,0,0,0,0,0,0,0,0,0,0,0,1,0,0,0,1,0,0,0,0,0,0,0,0,0,0,0,0,0,0,0,0,0,0,0,1,0,0,0,0,0,0,1,0,0,0,0,0,0,0,0,0,0,1,0,0,1,0,0,0,0,0,0,0,0,0,0,0,0,0,0,0,0,0,0,0,0,0,0,1,0,0,0,0,0,1,0,0,0,0,1,0,0,0,0,0,0,0,0,0,1,0,0,0,0,0,0,0,0,0,0,0,0,0,0,0,0,0,0,1,0,0,0,0,0,0,1,0,0,0,1,0,0,0,0,0,0,0,0,1,0,0,0,0,0,0,0,0,0,0,1,0,0,0,0,0,0,0,1,0,1,0,0,0,0,0,0,0,0,0,0,0,0,0,0,0,0,0,0,0,0,0,0,0,0,0,0,0,0,0,0,0,0,0,0,0,0,0,0,0,0,0,0,0,0,0,0,0,0,0,0,0,0,0,0,0,0,0,0,0,0,0,0,0,0,0,0,0,0.0,-0.2351000000000004,0.0552720100000001,64.85990000000001,70.27820399999996,17.0,19.0,61.0,33.0,28.0,0.0,25.0,4.0,4.0,0.0,0.0,0.0,0.0,0.0,0.0,0.0,5443.709017000013,6027.697531999999,8701.617910999994,9789.332275999996,10032.894987,8957.350155999979,7723.116541000012,6762.269645000001,6219.36277,13297.087188543474,16878.246138364208,24861.56866430965,29312.32953382865,30791.11879500736,28979.599795285285,24176.51629097845,20499.381103184227,19267.535228808647,470.8432999999995,500.6680000000004,868.5375720000006,1117.643856,1293.482859999999,1383.6061920000002,1204.2847400000014,899.4210360000002,783.8170319999995,89.58447733577182,114.60428803199996,172.35164156788608,208.5350165109804,224.8455121340746,216.89939791080965,182.40782865620545,149.10762904552712,140.03694134533902,9934.318553378973,9378.076010187704,17334.76555081402,22680.11876969469,26753.80023674133,29616.353420497035,26175.92427309531,19034.57804861859,15857.060526208174,260.55555555555554,209.91666666666663,324.94444444444434,414.9444444444445,509.8333333333334,505.86111111111126,461.0555555555556,362.05555555555566,299.94444444444423,89.24113142622971,94.1827739375,77.69301706249995,67.51263638620688,59.366242526627225,49.21620964835153,48.57306000628938,57.797176452991465,60.97414480392157,217.98503587776187,263.72259591194074,221.9782916456219,202.1539967850252,182.19596920122697,159.2285703037653,152.0535615784808,175.2083854973011,188.8974042040064,7.718742622950812,7.822937500000006,7.754799750000005,7.707888662068966,7.653744733727804,7.602231824175825,7.574117861635229,7.6873592820512835,7.684480705882348,1.4685979891110137,1.790692000499999,1.5388539425704113,1.4381725276619337,1.330446817361388,1.191754933575877,1.1472190481522355,1.2744241798763,1.3729111896601864,162.85768120293395,146.53243765918288,154.77469241798232,156.41461220479098,158.30651027657592,162.72721659613757,164.62845454776922,162.68870127024437,155.46137770792328,4.271402550091074,3.279947916666666,2.901289682539681,2.8616858237547897,3.016765285996056,2.7794566544566552,2.899720475192173,3.094491927825262,2.940631808278865,0.9743891529798856,-0.3911863603454646,-0.20198241592499,0.1274370086823036,0.1014777987379995,-0.4155575258860427,0.3753311399856698,-0.0586287884164072,0.0389308678418885,2145.7929263606543,96.793405654396,381.9915435017487,-0.2172684966397184,-278.2569129991939,-218.2160006662211,557.0420293386162,36.37182063611863,-462.9073029145388,3018.458200306774,48.79195158504068,667.95570304376,180.4395090887505,-746.7986639907242,-150.19852850827675,623.6465535089535,242.1353104535967,-930.3103609455666,4.7444487868852505,0.0292400924482546,-0.2274073464122678,-0.5000308540714978,0.1075767051867756,-1.6272473969363002,1.1220352604138786,-0.0458326568126899,-0.4462669551195961,13.718304557647151,-0.031433243698774,2.734766393543109,1.191685763290751,-3.851300840105984,-1.0511235030824095,2.318390174320014,1.2574129909383387,-4.410988936353663,91.24646394897164,-7.507696965172763,13.00777542917366,0.0580508044244216,-36.411783707400616,-19.329427108735945,9.623481308505424,38.05512098148305,-33.62461738160252,80.96357012750465,-4.311049896981094,-2.482292693123115,2.222296873600284,17.63371554838903,-26.421817611753166,10.336304458180308,-14.42284033563259,-7.4500134372480495,0.0159735926718014,-0.0061122868803978,-0.0018034144279016,0.0008788759219469,0.0006004603475621,-0.0022832831092639,0.002360573207457,-0.0005011007556957,0.0003816751749204,35.17693321902712,1.5123969633499377,3.410638781265613,-0.0014984034251015,-1.646490609462686,-1.1989890146495663,3.5034089895510454,0.3108702618471677,-4.538306891319008,49.48292131650449,0.7623742435162606,5.963890205747857,1.2444104075086242,-4.418927005862273,-0.8252666401553668,3.92230536798084,2.069532567979459,-9.120689813191827,0.0777778489653319,0.0004568764445039,-0.0020304227358238,-0.0034484886487689,0.000636548551401,-0.0089409197633862,0.0070568255371942,-0.0003917321095101,-0.0043751662266627,0.2248902386499533,-0.0004911444327933,0.0244175570852063,0.0082185225054534,-0.022788762367491,-0.0057754038630901,0.0145810702787422,0.0107471195806695,-0.0432449895720947,1.495843671294617,-0.1173077650808244,0.1161408520461934,0.0004003503753408,-0.2154543414639089,-0.106205643454593,0.0605250396761347,0.3252574442861799,-0.3296531115843384,1.3272716414345025,-0.0673601546403296,-0.0221633276171706,0.0153261853351743,0.1043415121206451,-0.1451748220425998,0.0650082041394987,-0.1232721396207913,-0.0730393474240004,-0.3826494769199957,-0.1128997380210721,0.0550205542362692,0.0375908137824332,-0.1429411126336475,0.1477797297050289,-0.0313705730446222,0.0238941346985926,0.0429939970586146,0.0969566835184144,-4.259619267466511e-05,-0.0468059736535561,-0.0340845237185439,0.0995939290027721,0.0088373326893379,-0.1290137165471903,0.015406815588755,0.1205242141546454,0.0251482809502915,-0.0893020639908822,-0.0166778075788364,0.0792658408927162,0.0418231687402253,-0.1843199546537225,0.0058741203386535,-0.0261054112814156,-0.0443376706175822,0.0081841881701404,-0.1149545774577992,0.0907305310068378,-0.0050365510839053,-0.0562520857141839,-0.0021839295282078,0.1085754420991691,0.0365445941753201,-0.1013328213100535,-0.0256809895252043,0.0648363858132499,0.0477882883898651,-0.1922937599768681,-0.0784224764472194,0.0776423728461385,0.0002676418552443,-0.1440353331023143,-0.0710004965710585,0.0404621424267896,0.217440799816118,-0.2203793871715428,-0.0507508429604714,-0.0166984111807111,0.0115471353841403,0.0786135323496205,-0.1093783800621975,0.0489788240101615,-0.0928763455591954,-0.0550296903390931,1.3352367330878514,1.0981666631622224,0.962972524251633,0.8381779599029203,1.0198668281451242,0.7518006692368823,0.9508827057557196,0.932812210284035,0.8101361199719149,0.8257462138890164,0.940377979227192,0.9984530127539956,1.0244998824526306,0.9043961433280252,0.9709279095210523,1.071522750807689,0.9887464932307858,0.8651190932214169,0.9637790951027576,1.078491425888755,0.9984231459161164,0.905485676628711,0.92136316818596,1.182083976177372,0.8507790222454827,0.9565152252342692,0.995675709863524,0.9006290497177228,1.0670142587455322,0.8402070344403597,0.9575928544046772,1.0419094197027317,1.1048360081562902,0.9237086269045426,0.986595471992026,1.1067365851634838,0.9955478136127218,0.893978647492476,0.910574942717985,1.2278034314479578,1.262714702811481,1.0228162141159058,1.0532634716958589,1.1702679276806218,1.044248912708419,0.9117539505645844,0.821146115826358,1.2362550777899286,0.8099064377151334,0.7160774949139135,0.6658308902647816,0.7851072853789877,1.099565213521657,0.8926161719367156,1.225886365878266,0.8289655824983815,325.9121442921527,163.7417864317905,246.1746721362801,327.38833476834293,9.920858629343725,163.7417864317905,1.5714285714283278,0.1500810738035461,0.0045479113273801,-6.258712808288966,401.0784941623499,12.153893762495452,19.78071860883223,325.9788996650353,163.77298134767932,246.2167944874124,327.4509891783693,9.922757247829376,163.77298134767932,1.5670630303232826,0.1500179599397317,0.0045459987860524,-6.260100855101782,401.09784866490486,12.154480262572877,19.78087785027338,399.0523445593029,198.08953406704848,294.1400385824914,397.04975795991686,12.031810847270206,198.08953406704848,-2.873276425206001,0.1314775918023818,0.003984169448557,-6.695432193217174,488.9179113596945,14.815694283627105,20.43424219634484,326.2152340499945,163.88513261165932,246.38730117028808,327.6760209097838,9.929576391205572,163.88513261165932,1.5550311733241244,0.1504202453367835,0.0045581892526298,-6.251263479692505,401.1332308544336,12.155552450134351,19.78116894152752,451.7881585496677,222.69312710979185,326.2923256413952,447.3262252287001,13.555340158445452,222.69312710979185,-6.401904330083994,0.0422188146460196,0.0012793580195763,-10.444134731603024,540.6592179233892,16.383612664345126,20.76620425754129,322.3876058083291,161.9071982808435,242.48936943082512,323.7520277974362,9.81066750901322,161.9071982808435,1.593535085343461,0.1121887235706731,0.0033996582900203,-7.218990219802272,403.0511722383874,12.21367188601174,19.79690965607736,325.61123379431774,163.3638520851245,244.004884001982,327.7450746906476,9.931668930019626,163.3638520851245,3.5312380952381943,0.4501703153784112,0.0136415247084367,-2.6338266543733515,481.2242806539853,14.582553959211676,20.38190035654398,1.0,11.996129164177212,15.999307767710055,-0.419600579266147,0.2129113969912348,4.533321023566563,10.579657454898763,36.0,64.0,63.0,44.0,16.0,0.0,0.0,1.0,0.0,20.0,38.401796,4.068675228571606,3.905444651521679,3.680148103319736,3.487654816734917,3.3136397557003723,3.1736094804398767,3.0598351634791303,2.9607684136505914,2.0734457256983774,1.9814369024052687,1.7673449123629374,1.734603152691392,1.553137564785846,1.4315207868137605,1.3058363906818415,1.249629722584354,4.000340640282215,3.885630554683523,3.561568493589993,3.3972256486242483,3.2824180308540933,3.1213524586664065,3.0028506600123785,2.9558819526533853,2.073773252719304,1.999228663819768,1.79165661689608,1.6959047185463771,1.5445561233974707,1.4055505425752708,1.355648171936126,1.2810339594840232,4.086273883533764,3.9427024853574175,3.723379462052794,3.56853952948928,3.4499400499381845,3.2651483618794,3.135185393108695,3.109436543596987,1.9987238328419,1.9221632861202989,1.602847105729989,1.4739926795473532,1.3511719187432305,1.2368824458906014,1.145991469380999,1.0269109482108143,3.991559195777937,3.883091524210037,3.539503702420044,3.3798448438117745,3.288076010091516,3.119982247776937,3.015171263164853,2.9502396345545634,2.068632743378267,2.0067452185619925,1.7937439575340344,1.678812749076504,1.5408028751946805,1.4579907944974706,1.3081503807475887,1.283963390564199,4.105175027177658,3.9616465846897433,3.759788765495328,3.6025693908150456,3.504127025314171,3.3150603845259394,3.190196542535219,3.1759193601704045,1.979348384965726,1.9107383670199871,1.5544347637329428,1.4267017785340883,1.30839416305531,1.2138816982620702,1.0883021519321805,0.9604763018278588,4.632943468987852,4.24829729989008,4.199064136485286,4.093999938020188,3.91360869410498,3.765606022263419,3.4527343978560614,3.3260031447815703,2.0378190605294617,1.8698302477980384,1.7053454870359115,1.557744896422253,1.4403921615797963,1.24013279765943,1.1181215525227843,1.0253230795109485,1.0,0.0,2.0,6.0,6.0,7.0,3.0,0.0,0.0,0.0,0.0,0.1178511301977579,0.3277210825314642,0.6512916755667828,0.0,0.0,0.0204124145231931,0.1048304798248656,0.1878816299082302,2.20619724050298,0.0,0.5432176037516315,0.0,1.1915915825953438,0.0,0.2275712975616422,0.0,5.459788653762457,8.984838260283103,11.953514724580808,2.4180155366535367,3.2665192738074773,3.754426975957483,23.53480494807372,15.943422003275256,14.13826506037463,12.28355109163668,10.460005956493978,8.008926963952693,6.025977070813882,4.563470546569397,0.7131759075173855,0.4428728334243127,0.2772208835367574,0.1754793013090954,0.1136957169184128,0.069642843164806,0.0446368671912139,0.0283445375563316,19.07676394418759,11.071083256237928,8.52773286698099,6.032388419746052,4.262182009713162,2.833211493864923,1.7617559826433655,1.1545592719975784,0.5780837558844725,0.3075300904510535,0.1672104483721762,0.0861769774249436,0.0463280653229691,0.0246366216857819,0.0130500443158767,0.0071711756024694,38.476639934866725,61.40495265841233,59.321568627450894,60.15200000000007,40.735451497006025,463.9955113772455,0.6307645890961758,1.006638568170694,0.9724847315975556,0.9860983606557387,0.6677942868361644,7.606483793069598,3.0852100000000062,125.19960000000006,373.4038356303281,536.3400255657677,746.807671260656,22.63053549274716,373.4038356303281,0.1300058283894407,0.0039395705572557,-6.732580786029875,349.3596701736883,10.586656671929948,19.32513648479581,965.0,2.0,0.0,5.0,15.0,0.0,2.0,2.0,0.0,0.0,0.0,0.0,0.0,0.0,2.0,0.0,0.0,0.0,0.0,0.0,0.0,0.0,0.0,0.0,0.0,0.0,5.0,0.0,8.0,0.0,0.0,5.0,0.0,0.0,0.0,0.0,0.0,0.0,0.0,0.0,3.0,0.0,5.0,0.0,0.0,5.0,2.0,0.0,1.0,0.0,9.0,0.0,0.0,0.0,0.0,0.0,0.0,0.0,0.0,1.0,0.0,0.0,2.0,1.0,0.0,0.0,0.0,2.0,0.0,1.0,1.0,0.0,0.0,0.0,0.0,0.0,0.0,0.0,0.0,0.0,0.0,0.0,0.0,0.0,0.0,0.0,0.0,0.0,0.0,0.0,0.0,0.0,0.0,0.0,0.0,0.0,0.0,0.0,0.0,0.0,0.0,0.0,0.0,0.0,0.0,0.0,0.0,0.0,0.0,0.0,0.0,0.0,0.0,0.0,0.0,0.0,0.0,0.0,0.0,0.0,0.9835310673964148,0.0,32.32402969264545,18.320037197541104,0.0,2.0698503947536926,9.34647364861244,0.0,0.0,0.0,0.0,0.0,0.0,0.9835310673964148,0.0,0.0,0.0,0.0,0.0,0.0,0.0,0.0,0.0,0.0,0.0,2.838771530282103,0.0,4.677905500447418,0.0,0.0,2.838771530282103,0.0,0.0,0.0,0.0,0.0,0.0,0.0,0.0,5.881000126504765,0.0,2.140956238556311,0.0,0.0,9.293254085709268,-0.2743421454683905,0.0,2.162540222794153,0.0,6.86424288903768,0.0,0.0,0.0,0.0,0.0,0.0,0.0,0.0,9.491514631518498,0.0,0.0,8.783470925368924,2.104509418531092,0.0,0.0,0.0,19.00595509068005,0.0,5.6864330219149775,5.5271321615193365,0.0,0.0,0.0,0.0,0.0,0.0,0.0,0.0,0.0,0.0,0.0,0.0,0.0,0.0,0.0,0.0,0.0,0.0,0.0,0.0,0.0,0.0,0.0,0.0,0.0,0.0,0.0,0.0,0.0,0.0,0.0,0.0,0.0,0.0,0.0,0.0,0.0,0.0,0.0,0.0,0.0,0.0,0.0,0.0,0.0,0.0,0.0,0.0,0.0,0.4917655336982074,0.0,2.104509418531092,0.3422464540096215,0.0,1.0349251973768463,4.67323682430622,0.0,0.0,0.0,0.0,0.0,0.0,0.4917655336982074,0.0,0.0,0.0,0.0,0.0,0.0,0.0,0.0,0.0,0.0,0.0,0.479980914786734,0.0,0.4528010004575525,0.0,0.0,0.479980914786734,0.0,0.0,0.0,0.0,0.0,0.0,0.0,0.0,1.912096042412846,0.0,-0.0628715885589574,0.0,0.0,1.6964740275721657,-0.2421055601956585,0.0,2.162540222794153,0.0,0.3422464540096215,0.0,0.0,0.0,0.0,0.0,0.0,0.0,0.0,9.491514631518498,0.0,0.0,4.191790590445443,2.104509418531092,0.0,0.0,0.0,9.502977545340029,0.0,5.6864330219149775,5.5271321615193365,0.0,0.0,0.0,0.0,0.0,0.0,0.0,0.0,0.0,0.0,0.0,0.0,0.0,0.0,0.0,0.0,0.0,0.0,0.0,0.0,0.0,0.0,0.0,0.0,0.0,0.0,0.0,0.0,0.0,0.0,0.0,0.0,0.0,0.0,0.0,0.0,0.0,0.0,0.0,0.0,0.0,0.0,0.0,0.0,0.0,0.0,0.0,0.0,0.0,0.4917655336982074,0.0,9.502977545340029,2.162540222794153,0.0,1.0349251973768463,4.67323682430622,0.0,0.0,0.0,0.0,0.0,0.0,0.4917655336982074,0.0,0.0,0.0,0.0,0.0,0.0,0.0,0.0,0.0,0.0,0.0,0.6387957050700037,0.0,0.6579752577534483,0.0,0.0,0.6387957050700037,0.0,0.0,0.0,0.0,0.0,0.0,0.0,0.0,2.0568080416790733,0.0,0.818509931630665,0.0,0.0,2.053077725478519,0.0,0.0,2.162540222794153,0.0,1.2422995093043103,0.0,0.0,0.0,0.0,0.0,0.0,0.0,0.0,9.491514631518498,0.0,0.0,4.59168033492348,2.104509418531092,0.0,0.0,0.0,9.502977545340029,0.0,5.6864330219149775,5.5271321615193365,0.0,0.0,0.0,0.0,0.0,0.0,0.0,0.0,0.0,0.0,0.0,0.0,0.0,0.0,0.0,0.0,0.0,0.0,0.0,0.0,0.0,0.0,0.0,0.0,0.0,0.0,0.0,0.0,0.0,0.0,0.0,0.0,0.0,0.0,0.0,0.0,0.0,0.0,0.0,0.0,0.0,0.0,0.0,0.0,0.0,0.0,0.0,0.0,0.0,76.66666666666666,2.323232323232323,0.6579752577534483,9.502977545340029,-0.1066647414796142,-0.2421055601956585,7.877786627094011,1.5754388935289918,3.5029775453400265,35.417802033380944,1.5754388935289918,3.5029775453400265,35.417802033380944,15.43332,0.46768,0.0,0.03232,0.5929,0.84141,0.44194,0.53203,0.81048,0.15096,0.06086,-0.0901,0.03094,0.55582,0.15847,0.0,0.16631,0.38229,0.0,41.75,1.26515,21.25,0.64394,20.5,0.62121,-0.75,-0.02273,0.5,0.01515,31.26888,0.94754,64.4153,33.14642,1.00444,7.9474,0.24083,15.94335,7.99595,0.2423,0.47065,0.01426,0.81465,0.02469,0.3442622950819672,240.08,5.0,8.0,8.0,8.0,2.0,2.0,0.4166666666666667,1.558567787366476,3.796100709212214,4.9491913870558815,5.205087132538455,5.237874017784352,5.237874017784354,95.07263502935504,231.56214326194504,301.9006746104088,317.51031508484573,319.5103150848455,319.5103150848456,0.262794944145501,0.6400723035176842,0.8344984957788821,0.8776458703661587,0.8831741686838467,0.8831741686838469,4.372169550196411,2.134636628350673,0.9815459505070052,0.725650205024432,0.6928633197785343,0.6928633197785325,0.2498343490831431,0.6085050373988571,0.7933424639567912,0.8343618841732259,0.8396175363176305,0.8396175363176308,14.58068920895191,36.904611533287856,40.29480805005211,41.633903725767816,41.66694716943995,41.66694716943995,109.01496850781704,44.74684230600294,31.928131913850653,28.744334965388163,28.61545833136971,28.615458331369705,26.07407407407408,11.82314494425221,5.877551020408164,5.0,20.0,3.0,3.33,3.4007000000000023,0.454280148208035,4.250799495545132,5.806849656074471,0.0,10.387509741852693,26.29976224066704,0.0,12.603132956478929,0.0,0.0,0.25,0.3015113445777637,0.1666666666666666,0.0,0.3086066999241838,0.0769230769230769,0.4999999999999999,0.2857142857142857,0.0,0.515,2.1180000000000003,2.086,3.1950000000000003,2.914,17.407,51.0,70.0,92.0,115.0,135.0,161.0,186.0,211.0,231.0,1321.0,3.881563797943437,4.502583597212991,5.162640817577126,5.79186966164357,6.380281422581851,6.8859888496884345,7.394147319106861,7.885899289329618,8.39364041778791,8.837682066133551,9.788491681371788,13.494622622539742,0.5,4.0,0.0,0.0,1.0,3.0,0.0,0.0,0.0,0.0,0.0,0.0,0.0,1.0,0.0,0.0,0.0,0.0,0.0,0.0,1.0,0.0,0.0,0.0,5.0,0.0,1.0,3.0,0.0,0.0,0.0,1.0,0.0,0.0,0.0,2.0,0.0,0.0,1.0,1.0,0.0,0.0,0.0,0.0,0.0,0.0,0.0,0.0,0.0,0.0,0.0,0.0,0.0,0.0,1.0,0.0,0.0,0.0,0.0,0.0,1.0,1.0,0.0,0.0,0.0,1.0,0.0,0.0,0.0,7.0,0.1944444444444444,12.0,0.3333333333333333,0.0,9.0,18.0,1.0,7.0,4.444444444444441,2.25,2.4061111111111115,1.4691666666666654,0.7265306122448982,0.6111819727891157,0.4036202443940539,0.2631327160493827,0.2050851953882256,0.1944444444444444,0.0871459694989106,0.0401785714285714,0.0437474747474747,0.0306076388888888,0.0177202588352414,0.0165184316970031,0.0118711836586486,0.0082228973765432,0.0070719032892491,0.4925677883769326,225.49218906644,345.45933942159,450.98437813288,13.666193276753944,225.49218906644,0.0278251497901147,0.0008431863572762,-11.8199894951902,762.2894189923402,23.09967936340425,21.89987678513509,115.64,411.61360017118017,6.044394119358453,5.1647859739235145,6.0330862217988015,6.92461239604856,7.80994708647679,8.706655856361559,9.598930562859502,10.498332581805691,11.394468452242316,12.29572594623066,147.4265450777474,4.290459441148391,0.0,5.6240175061873385,2.3978952727983707,7.158513997329321,4.59511985013459,8.785845337961213,6.6052979209482015,10.462617508188442,10.692717341773118,448.21105537600073,7.3477222192787,67.32312684942981,2.0400947530130247,23.24234611911303,10.998112544679582,12.244233574433414,3571.0,56.0,2.9829999999999983,174.0,1.0,1.301029995663981
0,0,0,0,0,0,0,0,0,0,0,0,0,0,0,0,0,0,0,0,0,0,0,0,0,0,0,0,0,0,0,0,0,0,0,0,0,0,0,0,0,0,0,0,0,0,0,0,0,0,0,0,0,0,0,0,0,0,0,0,0,0,0,0,0,0,0,0,0,0,0,0,0,0,0,0,0,0,0,0,0,0,0,0,0,0,0,0,0,0,0,0,0,0,0,0,0,0,0,0,0,0,0,0,0,0,0,0,0,0,0,0,0,0,0,0,0,0,0,0,0,0,0,0,0,0,0,0,0,0,0,0,0,0,0,0,0,0,0,0,0,0,0,0,0,0,0,0,0,0,0,0,0,0,0,0,0,0,0,0,0,0,0,0,0,0,0,0,0,0,0,0,0,0,0,0,0,0,0,0,0,0,0,2,4,3,1,2,2,5,1,2,1,2,3,4,2,2,2,2,5,0,0,0,0,0,0,0,0,0,0,0,0,0,0,0,0,2,3,2,3,0,0,0,0,0,0,0,0,0,0,0,0,0,0,0,0,0,1,5,2,5,1,2,0,0,0,0,0,0,0,0,0,0,0,0,0,0,0,0,0,0,0,0,0,0,0,0,0,0,0,0,0,0,0,0,0,0,0,0,0,0,0,0,0,0,0,0,0,0,0,0,0,0,0,0,0,0,0,0,0,0,0,0,0,0,0,0,0,0,0,0,0,0,0,0,0,0,0,0,0,0,0,0,0,0,0,0,0,0,0,0,0,0,0,0,0,0,0,0,0,0,0,0,0,0,0,0,0,0,0,0,0,0,0,0,0,0,0,0,0,0,0,0,0,0,0,0,0,0,0,0,0,0,0,0,0,0,0,0,0,0,0,0,0,0,0,0,0,0,0,0,0,0,0,0,0,0,0,0,0,0,0,0,0,0,0,0,0,0,0,0,0,0,0,0,0,0,0,0,0,0,0,0,0,0,0,0,0,0,0,0,0,5,2,3,1,1,2,1,0,0,0,0,0,0,0,0,0,0,0,0,0,0,0,0,0,0,0,0,0,0,0,0,0,0,0,0,0,0,0,0,0,0,0,0,0,0,0,0,0,0,0,0,0,0,0,0,0,0,0,0,0,0,0,0,0,0,0,0,0,0,0,0,0,0,0,0,0,0,0,0,0,0,0,0,0,0,0,0,0,0,0,0,0,0,0,0,0,0,0,0,0,0,0,0,0,0,0,0,0,0,0,0,0,0,0,0,0,0,0,0,0,0,0,0,0,0,0,0,0,0,0,0,0,0,0,0,0,0,0,0,0,0,0,0,0,0,0,0,0,0,0,0,0,0,0,0,0,2,5,2,4,0,0,0,0,0,0,0,0,0,0,0,0,0,0,0,0,0,0,0,0,0,2,2,2,1,2,2,2,1,0,0,0,0,0,0,0,0,0,0,0,2,2,2,2,2,4,3,2,2,0,0,0,0,0,0,2,2,2,2,2,0,0,1,0,0,0,0,5,5,0,0,0,0,0,0,0,0,0,0,0,1,5,2,5,0,0,0,0,0,2,0,0,0,0,0,0,0,1,2,2,2,2,2,1,0,0,0,0,0,0,0,0,0,0,0,0,0,0,0,3,2,3,0,2,3,4,0,0,0,0,0,0,0,0,0,0,0,0,0,0,0,0,0,0,0,0,0,0,0,0,0,0,0,0,0,0,0,0,2,2,2,1,2,2,2,2,2,0,0,0,0,0,0,0,0,0,0,0,0,0,0,0,0,0,0,0,0,0,0,0,0,3,2,2,2,3,1,1,2,3,2,0,0,0,5,2,3,0,0,0,0,0,0,0,1,2,0,0,0,0,0,0,0,2,2,2,0,0,0,0,0,0,0,0,0,0,0,0,0,0,0,0,0,0,0,0,0,0,0,0,0,0,0,0,0,0,0,0,0,0,0,0,0,0,0,0,0,0,0,0,0,0,0,0,0,0,0,0,0,0,0,0,0,0,0,0,0,0,0,0,0,0,0,2,5,4,0,1,1,2,2,2,2,2,3,2,0,0,0,3,2,2,3,0,0,0,0,0,0,0,0,0,0,0,0,2,2,0,0,0,0,0,0,0,0,0,0,0,0,0,0,0,0,0,0,0,0,0,0,0,0,0,0,0,0,0,0,0,2,2,2,2,4,5,0,0,0,0,0,0,0,0,0,0,0,0,0,0,0,0,0,0,0,0,0,0,0,0,0,0,0,0,0,0,0,0,0,0,3,0,0,0,0,0,0,0,0,0,0,0,0,0,0,0,0,0,0,0,0,0,0,0,0,0,0,2,3,0,0,0,0,0,0,2,2,5,5,1,1,0,0,0,0,0,0,0,0,0,0,0,0,0,0,0,0,0,0,0,0,0,0,2,1,2,0,0,0,0,0,0,0,0,0,3,3,5,0,0,1,5,0,0,0,0,0,0,0,0,0,0,0,0,0,0,0,3,2,0,0,0,0,2,2,2,0,0,0,0,2,2,2,2,1,0,0,0,2,3,2,2,2,1,0,0,2,2,1,2,2,0,0,0,0,0,0,0,0,0,0,0,0,1,2,3,0,0,0,0,0,0,0,0,0,0,0,0,0,0,0,0,0,0,0,0,0,0,0,0,0,0,0,0,0,0,0,0,0,0,0,0,0,0,0,1,2,0,0,0,0,1,0,0,0,0,0,0,0,0,0,0,0,0,0,0,0,0,0,0,0,0,0,0,0,0,0,0,0,0,0,0,0,0,0,0,0,0,0,0,0,0,0,0,0,0,0,0,0,0,0,0,0,0,0,0,0,0,0,0,0,0,0,0,0,0,0,0,0,0,0,0,0,0,0,0,0,0,0,0,0,0,0,0,0,0,0,5,2,0,0,0,0,0,0,4,2,0,0,0,0,0,0,0,0,0,0,0,0,1,3,3,2,0,0,0,0,0,0,0,0,0,0,0,0,0,0,0,0,0,0,0,0,0,0,0,0,0,0,0,0,0,0,0,0,0,0,0,0,0,0,0,0,0,0,0,2,1,0,0,0,0,0,0,0,0,0,0,0,0,0,0,0,0,0,0,0,0,0,0,2,2,2,5,0,0,0,0,0,0,0,2,2,0,0,0,0,0,0,0,0,2,2,2,1,0,0,0,0,2,2,2,2,0,2,1,2,2,2,0,2,2,0,0,0,0,0,0,0,0,0,0,0,0,0,0,0,0,0,0,1,2,2,0,0,0,0,0,0,0,0,0,0,0,0,0,0,0,0,2,2,5,2,2,1,0,0,0,0,0,0,0,3,2,0,3,4,2,4,1,1,2,0,1,1,4,3,3,3,1,3,4,1,1,0,4,0,0,1,3,2,2,2,4,0,3,1,2,2,3,4,0,2,1,3,1,0,1,2,4,0,0,1,4,2,1,1,2,0,2,3,4,1,2,4,0,3,4,4,2,0,3,1,3,3,1,4,4,1,3,4,2,2,0,2,3,3,3,2,4,0,4,3,3,1,3,2,3,0,4,3,0,2,4,0,4,4,2,0,2,4,2,3,2,3,1,0,2,2,1,0,3,2,2,2,4,4,0,3,3,0,3,2,4,2,0,1,1,0,0,3,0,1,3,1,1,3,2,4,0,0,0,1,0,4,0,3,4,2,3,3,4,2,0,2,2,0,0,1,4,3,1,2,0,4,0,4,4,2,4,3,2,0,3,0,1,2,3,3,3,4,1,3,1,2,0,1,0,3,0,1,2,0,3,2,2,2,4,0,0,2,1,4,3,3,2,0,3,2,3,3,2,4,2,3,4,0,0,1,2,4,4,0,0,2,2,3,4,1,2,4,1,0,0,1,1,1,4,3,2,4,3,4,1,1,1,1,3,0,0,0,1,1,4,4,3,4,0,2,3,4,0,0,3,3,0,2,1,1,4,4,1,4,0,4,0,1,4,1,4,2,3,4,2,2,0,1,3,4,4,2,4,2,4,4,4,2,4,1,2,1,4,3,0,0,4,4,3,4,0,3,3,0,0,3,3,4,4,1,3,1,4,1,2,3,4,2,1,1,2,0,0,0,3,4,3,4,2,2,3,4,2,2,4,0,3,2,1,1,4,1,2,1,4,4,3,0,0,3,0,0,0,0,0,0,0,0,0,0,0,0,0,0,0,0,0,0,0,0,0,0,0,0,0,0,0,0,0,0,0,0,0,0,0,0,0,0,0,0,0,0,0,0,0,0,0,0,0,0,0,0,0,0,0,0,0,0,0,0,0,0,0,0,0,0,0,0,0,0,0,0,0,0,0,0,0,0,0,0,0,2,1,2,0,2,2,2,3,3,2,2,3,1,2,2,0,0,0,0,0,0,0,2,3,2,3,3,5,4,0,2,5,0,5,2,0,0,0,0,2,2,5,2,0,0,0,0,0,0,0,0,0,0,0,0,0,0,0,0,0,0,0,0,0,0,0,0,0,0,0,0,0,0,0,0,0,0,0,0,0,0,0,0,0,0,0,0,0,0,0,0,0,0,0,0,0,0,0,0,0,0,0,0,0,0,0,0,0,0,0,0,0,0,0,0,0,0,0,0,0,0,0,0,0,0,0,0,0,0,0,0,0,0,0,0,0,0,0,0,2,1,1,1,5,5,3,1,1,5,4,1,3,1,3,3,0,0,0,0,0,0,0,0,0,0,0,0,0,0,0,0,0,0,0,0,0,0,0,0,0,0,0,0,0,0,0,0,0,0,0,0,0,0,0,0,0,0,0,0,0,0,0,0,0,0,0,0,0,0,0,0,0,0,0,0,0,0,0,0,0,0,0,0,0,0,0,0,0,0,0,0,0,0,0,0,0,0,0,0,0,0,0,0,0,0,0,0,0,0,0,0,0,0,0,0,0,0,0,0,0,0,0,0,0,0,0,0,0,0,0,0,0,0,0,0,0,0,0,0,0,0,0,0,0,0,0,0,0,0,0,0,0,0,0,0,0,0,0,0,0,0,0,0,0,0,0,0,0,0,0,0,0,0,0,0,0,0,0,0,0,0,0,0,0,0,0,0,0,0,0,0,0,0,0,0,0,0,0,0,0,0,0,0,0,0,0,0,0,0,0,0,0,0,0,0,0,0,0,0,0,0,0,0,0,0,0,0,0,0,0,0,0,0,0,0,0,0,0,0,0,0,0,0,0,0,0,0,0,0,0,0,0,0,0,0,0,0,0,0,0,0,0,0,0,0,0,0,0,0,0,0,0,0,0,0,0,0,0,0,0,0,0,0,0,0,0,0,0,0,0,0,0,0,0,0,0,0,0,0,3,3,2,3,2,2,4,2,3,1,1,2,5,5,1,2,1,0,0,0,0,0,0,0,0,0,0,0,0,0,0,0,0,0,0,0,0,0,0,0,0,0,0,0,0,0,0,0,0,0,0,0,0,0,0,0,0,0,0,0,0,0,0,0,0,0,0,0,0,0,0,0,0,0,0,0,0,0,0,0,0,0,0,0,0,0,0,0,0,0,0,0,0,0,0,0,0,0,0,0,0,0,0,0,0,0,0,0,0,0,0,0,0,0,0,0,0,0,0,0,0,0,0,0,0,0,0,0,0,0,0,0,0,0,0,0,0,0,0,0,0,0,0,0,0,0,1,1,2,4,1,3,2,3,1,3,4,5,3,3,1,3,5,4,1,2,4,3,3,1,3,3,1,3,1,1,2,1,3,2,2,5,3,2,2,3,4,1,2,2,4,0,0,0,0,0,0,0,0,0,0,0,0,0,0,0,0,0,0,0,0,0,0,0,0,0,1,0,0,0,0,0,0,0,0,0,0,0,0,0,0,0,0,0,0,1,0,0,0,0,0,0,0,0,0,0,0,1,0,0,0,0,0,0,1,0,0,0,0,0,0,0,0,0,0,0,0,0,0,0,0,0,0,0,0,0,0,0,0,0,0,0,0,0,0,0,0,0,0,0,0,0,0,0,1,0,0,0,0,0,0,0,0,0,0,0,0,0,0,0,0,0,0,0,0,0,0,0,0,0,0,0,0,0,0,0,0,0,1,1,0,0,0,1,0,0,0,0,0,0,0,0,0,0,0,0,0,0,0,0,0,0,0,0,0,0,0,0,0,0,0,1,0,0,0,0,0,0,0,0,0,0,0,0,1,0,0,0,1,0,0,0,0,0,0,0,0,0,0,0,0,0,0,0,0,0,0,0,0,0,0,0,0,0,0,0,1,0,0,0,0,0,0,0,0,0,0,0,0,0,0,0,0,0,0,0,0,0,0,0,0,0,0,1,0,0,1,0,0,0,0,0,0,0,0,0,0,0,1,0,0,0,0,0,0,0,0,0,0,0,0,0,0,0,0,0,0,0,0,0,0,0,0,0,0,0,0,0,0,0,0,0,0,0,0,0,0,0,0,0,0,0,0,0,0,0,0,0,1,0,0,0,0,0,0,0,0,0,1,1,0,0,0,0,0,0,0,0,0,0,0,0,0,0,1,0,0,0,0,0,0,0,0,0,0,0,0,0,0,0,0,0,0,0,0,0,0,0,1,0,0,0,0,0,0,0,0,0,0,0,0,1,0,0,0,0,0,0,0,0,1,0,0,0,0,0,0,0,0,0,0,0,0,0,0,0,0,0,0,0,0,0,0,0,0,0,0,0,1,0,0,0,0,0,0,0,0,0,1,0,0,0,0,0,0,0,0,0,0,0,0,0,0,0,0,0,0,0,0,0,0,0,0,0,1,0,0,0,0,0,0,0,0,0,0,0,0,0,0,0,0,0,0,0,0,0,0,0,0,0,0,0,0,0,0,0,0,0,0,0,0,0,0,0,0,0,0,0,0,0,0,0,0,0,0,0,0,0,0,1,0,0,0,0,0,0,0,0,0,0,1,1,0,0,0,0,0,0,0,0,0,0,0,0,0,0,0,0,0,0,0,0,0,0,0,0,0,0,0,0,0,0,0,0,0,0,0,0,0,0,0,0,0,1,0,0,0,0,0,0,0,1,0,0,0,0,0,0,0,0,0,0,0,0,0,0,0,0,0,0,0,0,0,0,0,0,0,0,0,0,0,0,0,0,0,0,0,0,0,0,0,0,0,1,0,0,0,0,0,0,0,0,0,0,0,1,0,0,0,0,0,0,0,0,0,0,0,0,1,0,0,0,0,0,0,0,0,0,0,0,0,0,0,0,0,0,0,0,0,0,0,0,0,0,1,0,0,0,0,0,1,0,0,0,0,0,0,0,0,0,0,0,0,0,1,0,0,0,0,0,0,0,0,0,0,0,0,0,0,0,0,0,0,0,0,0,0,1,0,1,0,0,0,0,0,0,0,0,0,0,0,0,0,0,0,0,1,0,0,1,0,0,0,0,0,0,0,0,0,0,0,0,0,0,0,0,0,0,0,0,0,0,0,0,0,0,0,0,0,0,1,0,0,0,1,0,0,0,0,0,0,0,0,0,0,0,0,0,0,0,0,0,0,0,0,0,0,0,0,0,0,0,0,0,0,0,0,1,0,0,0,0,0,0,0,0,1,0,0,0,0,0,0,0,0,0,0,0,1,0,0,0,0,0,0,0,0,0,1,1,0,0,0,0,0,0,0,0,0,0,0,1,0,0,0,0,0,0,1,0,0,0,0,0,0,0,0,0,0,0,0,0,0,0,0,0,0,0,0,0,0,0,0,0,0,0,0,0,0,0,0,0,0,1,0,0,0,0,0,0,0,0,0,0,0,0,0,0,0,0,0,0,0,0,0,0,0,0,0,0,0,0,0,0,0,0,0,0,0,0,0,1,0,0,0,0,0,0,0,0,0,0,0,0,0,0,0,0,0,0,0,0,0,0,0,0,0,0,0,0,0,0,0,0,0,0,0,0,0,0,0,0,0,0,0,0,0,0,0,0,0,0,0,0,0,0,0,0,0,0,0,0,0,0,0,0,0,0,0,0,0,0,0,1,0,0,0,0,0,0,0,0,0,0,0,0,0,0,0,0,0,0,1,0,0,0,0,0,0,0,0,0,0,0,0,0,0,0,0,0,0,0,0,0,0,0,0,0,0,0,0,0,0,0,0,0,0,0,0,0,0,0,0,0,0,0,0,1,2.0,-3.1643000000000003,10.012794490000005,68.9289,64.85096199999995,6.0,6.0,60.0,26.0,34.0,0.0,19.0,1.0,5.0,0.0,1.0,0.0,0.0,0.0,0.0,0.0,5210.974461432659,5703.505866952,6766.661516574001,6348.916245574012,6197.000923098016,6826.675992196016,6160.667638670003,4951.2290187640165,4706.587654956016,11025.713738699029,14158.051611826371,19949.42966340403,22371.130106611978,21728.50074927071,20934.86838646196,20147.900444450595,17567.159917160036,15141.513148177237,454.9830209999995,460.2500640000005,835.3392980000002,1133.1399020000006,1290.115874000001,1150.240672000002,1098.8142739999998,1055.0893960000014,837.5945400000023,85.70885876486581,104.51385354799989,153.24737943673512,182.11063098026247,184.0334119937896,176.08687569063852,161.50886365316825,147.54033806245013,128.44131945705362,9944.760093513063,8842.059798363152,16886.253235814253,24614.491095238416,28819.094206147656,25773.041406383392,23327.23452848049,23529.184490279906,18831.488289930265,271.2152301478433,149.9722222222222,396.0077160493828,365.457561728395,389.9320987654321,385.7916666666666,499.4547325102882,347.1219135802469,262.4120370370369,86.84957435721098,95.05843111586668,62.07946345480735,41.49618461159485,35.61494783389664,43.48201268914659,43.08159187881121,34.86780999129589,40.92684917353058,183.7618956449838,235.9675268637729,183.0222904899452,146.21653664452273,124.87644108776269,133.34311074179593,140.89440870245173,123.71239378281714,131.6653317232803,7.583050349999992,7.670834400000008,7.663663284403672,7.406143150326801,7.414459045977017,7.326373707006382,7.684015902097901,7.430207014084517,7.283430782608716,1.4284809794144302,1.7418975591333314,1.405939260887478,1.1902655619624998,1.0576632873206298,1.1215724566282708,1.1294326129592185,1.039016465228522,1.116881038756988,165.7460015585511,147.36766330605255,154.9197544570115,160.87902676626416,165.6269781962509,164.15949940371587,163.1275141851783,165.69848232591482,163.75207208635013,4.520253835797388,2.4995370370370367,3.6330983123796585,2.388611514564673,2.240989073364552,2.457271762208068,3.4926904371348826,2.4445205181707528,2.2818438003220605,1.0176152174863398,-0.8369678628146228,0.5803430320946497,-0.1587090709794246,-0.3300867861261931,0.3321768593660432,0.0262038250545154,-0.2670967963338927,0.1608632714076505,2708.92875444056,553.609552726371,-71.35947214188857,-506.120818660032,164.6370255933931,824.1577218160832,-979.6531226296216,73.90702164942914,727.4674914955383,2994.99517230491,126.04666395673364,-480.2484127572551,-827.9746265331723,121.13754398230634,735.9017941295783,-1015.4949900935156,43.65019374957705,596.3854280866526,5.178904983333344,-1.365855916666672,4.846318713611112,0.4814112591666779,-0.6073606016666464,1.901742343611136,0.6132666730555336,-1.0831011272222106,0.5223804652777982,19.262507393441965,-2.2659319889333145,-2.0912670903435964,-4.3945394739159545,4.382479940383315,-2.4288726136013827,-3.893739285092999,2.9315394422332783,1.6457965240438948,78.3899179788124,3.203163955189996,-6.880506563976967,-10.080170296962308,9.550577602735284,-1.415692624185989,-11.93353193646256,2.9723689938935864,-1.6268259421716058,111.49117830107198,-33.33930231672001,92.24615456019562,5.607098479652521,-24.69075223543154,45.33154283942154,18.93081268311064,-22.73946116784361,20.070562424850568,0.0169602536247723,-0.0139494643802437,0.0053242480008683,-0.001037314189408,-0.0018970504949781,0.002115776174306,0.0001832435318497,-0.001880963354464,0.0013988110557187,45.14881257400933,9.22682587877285,-0.6546740563476016,-3.3079792069283136,0.94618980226088,5.249412240866771,-6.850721137270081,0.5204719834466841,6.325804273874246,49.91658620508183,2.100777732612228,-4.405948740892248,-5.411598866229885,0.6961927815075077,4.687272574073747,-7.101363567087521,0.3073957306308243,5.185960244231762,0.0863150830555557,-0.0227642652777778,0.0444616395744138,0.0031464788180828,-0.0034905781704979,0.0121130085580327,0.0042885781332554,-0.0076274727269169,0.0045424388285025,0.3210417898906994,-0.0377655331488885,-0.0191859366086568,-0.0287224802216729,0.025186666324042,-0.0154705262012826,-0.0272289460496013,0.0206446439593892,0.0143112741221208,1.3064986329802069,0.0533860659198332,-0.0631239134309813,-0.0658834659932177,0.0548883770272142,-0.0090171504725222,-0.0834512722829549,0.0209321760133351,-0.0141463125406226,1.8581863050178664,-0.5556550386120002,0.8462949959650974,0.036647702481389,-0.1419008749162732,0.2887359416523665,0.1323833054762981,-0.1601370504777719,0.1745266297813092,-0.8224797039514182,0.313925022506249,-0.0611614786168581,-0.1118527197144781,0.1247490881395595,0.0108042919583531,-0.1109041996704977,0.0824758335969446,0.2043647518669057,-0.0145003604529895,-0.0732683545443365,0.0209571359315343,0.1162691096750722,-0.1517364631913667,0.011527921860481,0.1401100917882345,0.0420857653201924,-0.0882662272373845,-0.1084128398523965,0.0139471232797692,0.0939021061018902,-0.1422646079583975,0.0061581881695172,0.103892526282252,-0.2637345000656015,0.5151085766296098,0.0364534065970563,-0.0404399561111619,0.1403347842489627,0.049685153294647,-0.0883677852920287,0.0526262463951856,-0.1176343215683729,-0.0597614927800795,-0.0894664841965017,0.0784529214486905,-0.0481885121764045,-0.0848143354136906,0.0643051609150879,0.0445776050743835,0.0408619378330739,-0.0483153306383426,-0.0504275047291349,0.042011813592189,-0.0069017680117686,-0.0638739836203251,0.016021582790016,-0.0108276520032432,-0.2990308545012431,0.4554414127796299,0.0197222971574083,-0.076365257096709,0.1553858947688188,0.0712432898244965,-0.0861792222046498,0.0939231062622815,1.954967628900016,0.5103316540981371,0.7911654523984235,0.9012739040595666,0.7850878722744498,1.0301437173746342,1.004716397954522,0.6931649979425318,0.990223252592963,0.9626808752080646,0.933512886498028,0.8456520124074111,0.9390087697137016,1.135870534271027,0.8405083308936239,0.8057504179792557,1.2232580776987982,1.2072508416789842,1.1495043969419996,0.9476944948277064,0.9218310719193614,1.1250273982661634,0.9489056822484008,0.9083177359180412,1.1235743563667535,0.423728162914274,0.635216901586557,0.910758769371064,0.5765347397860326,1.1699143070713975,1.0019705445800555,0.6141343159993832,1.6192403443010803,1.100192613150195,0.98959810788234,0.743606993488353,1.2085154654452703,1.023403741039897,0.7255308356275052,0.971262549357654,1.3883211503847028,1.2375552398806955,1.1294940456589615,0.8955509091964903,1.0096223042213377,1.0805117018923398,0.9072338607927976,0.981379321032925,1.1371448505853627,0.38318316800257,0.6079150272755469,0.8412477049907008,0.5435846330797865,1.306270525058071,0.9980005469345145,0.5382702164524784,303.9048313109887,152.51805814299172,238.54687294323867,305.59109504725217,11.753503655663543,152.51805814299172,1.9928571428568205,0.4169780090211225,0.0160376157315816,-2.274276666309216,398.4111236235131,15.323504754750504,15.567459559762284,303.72560843796987,152.41999885959206,238.44268827798936,305.4188031103971,11.746877042707576,152.41999885959206,2.001048249232099,0.4183711056542183,0.016091196371316,-2.2656047121758807,397.2961843776145,15.280622476062096,15.560173353119897,344.5654286930479,171.2043552748429,260.0262257352069,342.90641473661555,13.188708259100595,171.2043552748429,-2.1567181433620988,0.1588765724266167,0.0061106374010237,-4.78303189588915,359.8387334548506,13.839951286725023,15.302705517994726,316.62874591408263,158.9598170008643,245.52640139467368,317.8203349180635,12.223859035310134,158.9598170008643,1.290888087645925,0.3269769436498643,0.0125760362942255,-2.906450610145553,720.6049211956782,27.71557389214147,17.10823667174332,357.2065499731032,175.90842086840345,266.48612808558204,353.2736634976046,13.587448596061716,175.90842086840345,-5.389708236296286,0.0959558828213664,0.0036906108777448,-6.094053542422758,387.0432263919859,14.886277938153304,15.492194595528456,319.8798786878247,160.44851427336403,247.27036039455209,320.8187862498893,12.339184086534209,160.44851427336403,1.0171498589033376,0.3058766776887643,0.011764487603414,-3.07989050811199,1009.8034414127372,38.83859390048989,17.985528543926335,379.0264641932264,188.9719676916372,285.9864247252107,378.6560342388657,14.56369362457176,188.9719676916372,-0.5350654896321032,0.1230638183446422,0.0047332237824862,-5.447135745569828,424.5736409511921,16.329755421199696,15.732822215819402,1.0,11.890000000000002,30.97376302659016,-0.3941670808277306,0.4488852512844301,2.5488766305831385,9.577083116931536,26.0,60.0,59.0,53.0,19.0,1.0,1.0,0.0,0.0,7.0,46.86303799999999,4.4037216096834015,3.8319777327784754,3.5533179190821813,3.473489980263232,3.250072450620216,3.010164641608555,2.772227649996848,2.643217571355625,2.022077192225849,1.9037072609979484,1.8111307198379687,1.7058791571320937,1.494237886240138,1.3558738458847497,1.1725272231466748,1.1629393172323714,3.842544901707981,3.5686045040560352,3.502709576637423,3.34065107658059,3.2642953402111865,3.0226885591282544,2.795027995206055,2.64581503189868,1.9930957704289127,1.8561636564742063,1.8091548887605249,1.6509672497288943,1.5419127516771345,1.418674107809066,1.2829339006542564,1.1083265532578632,3.896416094617839,3.7181722807950814,3.632601139623037,3.517610262144724,3.4126883523535803,3.176654814649083,2.995869328366807,2.827594428436295,1.9046620755026944,1.677237797254055,1.6292399969812847,1.4459415300900935,1.3135168175185097,1.1849795298284485,1.010793429534054,0.7986202314843556,3.868614916907664,3.8426975985408673,3.545757100261823,3.4879299725966524,3.295348886808424,3.04535925065008,2.8232131546167207,2.665925019264028,1.9744628558984525,1.8279274080058336,1.781124096070196,1.606586080212296,1.409687300532177,1.3569847563793094,1.2393868089969722,1.08655761637306,3.923356150167054,3.745379947442131,3.686924095050255,3.513373503945852,3.467677484827527,3.2455803871893534,3.079188496001592,2.8901706554462314,1.880394932002577,1.6309440951845957,1.58512148502427,1.391983440640721,1.3250530898131443,1.1240802516062465,0.9320345291642068,0.7385642758080626,5.085293661252009,4.350109527855816,4.087058058026079,3.974500353395351,3.965674908947508,3.728966501206145,3.5218784504744707,3.3377787360148643,1.8845493433680072,1.7944358364062172,1.6877957970098008,1.537143215605619,1.304945086527976,1.1598490170816498,1.0529010847541438,0.8971400381387111,0.0,0.0,0.0,4.0,2.0,3.0,9.0,1.0,0.0,0.0,0.0,0.0,0.0833333333333333,0.1178511301977579,0.0,0.0,0.0,0.0277777777777777,0.0392837100659193,2.8956851575403206,0.5303300858899106,0.0,0.0,1.0551410199858875,0.1244339411230999,0.0,0.0,3.249908880267624,3.504224683009298,4.264187681741945,1.2756279120096994,1.2827036506033316,1.3262177464235498,19.46840903736401,12.277916867529369,11.20674230225704,7.420498351018945,4.730093176799812,4.138006528636849,2.566134297821491,1.4960941909627892,0.7487849629755389,0.4722275718280526,0.3296100677134423,0.2182499515005572,0.1351455193371375,0.0919557006363744,0.0641533574455372,0.0404349781341294,15.99421936164178,9.838115823944156,7.429067119443096,4.705155329356342,2.891326294876428,2.1069009568640373,1.2350148522813,0.7246759284069535,0.6151622831400685,0.3783890701516983,0.2185019741012675,0.1383869214516571,0.082609322710755,0.0468200212636452,0.0308753713070325,0.0195858359028906,33.730086505190286,59.825564457392666,57.12941176470579,57.97200000000007,37.808959281437176,460.7208395209581,0.5621681084198381,0.9970927409565444,0.9521568627450966,0.9662000000000012,0.6301493213572863,7.6786806586826355,2.341300000000007,97.60980000000004,197.00325184752208,294.3961439125796,394.00650369504416,15.154096295963235,197.00325184752208,0.2631055869386815,0.0101194456514877,-3.471519625918895,281.454709134041,10.82518112054004,14.663926012995152,704.0,4.0,0.0,6.0,6.0,6.0,3.0,1.0,5.0,5.0,0.0,0.0,0.0,0.0,3.0,0.0,0.0,1.0,0.0,0.0,0.0,0.0,0.0,0.0,0.0,0.0,4.0,0.0,12.0,0.0,0.0,4.0,0.0,0.0,0.0,0.0,0.0,0.0,0.0,0.0,1.0,0.0,11.0,0.0,0.0,4.0,0.0,0.0,0.0,0.0,2.0,0.0,1.0,0.0,1.0,0.0,0.0,0.0,0.0,0.0,0.0,0.0,0.0,0.0,0.0,0.0,0.0,3.0,1.0,1.0,0.0,0.0,0.0,0.0,0.0,0.0,0.0,0.0,0.0,0.0,0.0,1.0,0.0,0.0,0.0,0.0,0.0,0.0,0.0,0.0,0.0,0.0,0.0,0.0,0.0,0.0,0.0,0.0,0.0,0.0,0.0,0.0,0.0,0.0,0.0,0.0,0.0,0.0,0.0,0.0,0.0,0.0,0.0,0.0,0.0,0.0,0.0,0.0,0.0,0.0,2.068934128796091,0.0,48.73230992601917,10.76822975512812,29.41066576141885,8.277091928863182,2.1841007979189904,18.329881440653885,25.07623108538568,0.0,0.0,0.0,0.0,1.6825097874938937,0.0,0.0,0.3864243413021979,0.0,0.0,0.0,0.0,0.0,0.0,0.0,0.0,1.5400510678292298,0.0,4.758657213239552,0.0,0.0,1.5400510678292298,0.0,0.0,0.0,0.0,0.0,0.0,0.0,0.0,2.2252462434816485,0.0,9.11866397465485,0.0,0.0,8.358403484450479,0.0,0.0,0.0,0.0,2.409826270677642,0.0,-1.137508344985711,0.0,5.999313262152402,0.0,0.0,0.0,0.0,0.0,0.0,0.0,0.0,0.0,0.0,0.0,0.0,27.23169217652132,10.923923954001935,4.577380533343512,0.0,0.0,0.0,0.0,0.0,0.0,0.0,0.0,0.0,0.0,0.0,-5.811879825903019,0.0,0.0,0.0,0.0,0.0,0.0,0.0,0.0,0.0,0.0,0.0,0.0,0.0,0.0,0.0,0.0,0.0,0.0,0.0,0.0,0.0,0.0,0.0,0.0,0.0,0.0,0.0,0.0,0.0,0.0,0.0,0.0,0.0,0.0,0.0,0.0,0.0,0.0,0.3864243413021979,0.0,4.577380533343512,1.0898469819388834,2.758693375257743,1.76881125748677,2.1841007979189904,3.438642591004973,4.245982715783548,0.0,0.0,0.0,0.0,0.4771508031742406,0.0,0.0,0.3864243413021979,0.0,0.0,0.0,0.0,0.0,0.0,0.0,0.0,0.3780127726959554,0.0,0.2306498502025342,0.0,0.0,0.3780127726959554,0.0,0.0,0.0,0.0,0.0,0.0,0.0,0.0,2.2252462434816485,0.0,-0.3799345907344418,0.0,0.0,2.057366976883346,0.0,0.0,0.0,0.0,1.0898469819388834,0.0,-1.137508344985711,0.0,5.999313262152402,0.0,0.0,0.0,0.0,0.0,0.0,0.0,0.0,0.0,0.0,0.0,0.0,8.898617978922372,10.923923954001935,4.577380533343512,0.0,0.0,0.0,0.0,0.0,0.0,0.0,0.0,0.0,0.0,0.0,-5.811879825903019,0.0,0.0,0.0,0.0,0.0,0.0,0.0,0.0,0.0,0.0,0.0,0.0,0.0,0.0,0.0,0.0,0.0,0.0,0.0,0.0,0.0,0.0,0.0,0.0,0.0,0.0,0.0,0.0,0.0,0.0,0.0,0.0,0.0,0.0,0.0,0.0,0.0,0.0,0.6026794921598264,0.0,10.923923954001935,2.1218347653418936,6.5836249409904495,3.645703529846521,2.1841007979189904,4.221270118360499,5.685953282676115,0.0,0.0,0.0,0.0,0.6026794921598264,0.0,0.0,0.3864243413021979,0.0,0.0,0.0,0.0,0.0,0.0,0.0,0.0,0.3920127612186595,0.0,0.7666557705901289,0.0,0.0,0.3920127612186595,0.0,0.0,0.0,0.0,0.0,0.0,0.0,0.0,2.2252462434816485,0.0,1.3284501224661036,0.0,0.0,2.1218347653418936,0.0,0.0,0.0,0.0,1.3199792887387587,0.0,0.0,0.0,5.999313262152402,0.0,0.0,0.0,0.0,0.0,0.0,0.0,0.0,0.0,0.0,0.0,0.0,9.434456218676576,10.923923954001935,4.577380533343512,0.0,0.0,0.0,0.0,0.0,0.0,0.0,0.0,0.0,0.0,0.0,0.0,0.0,0.0,0.0,0.0,0.0,0.0,0.0,0.0,0.0,0.0,0.0,0.0,0.0,0.0,0.0,0.0,0.0,0.0,0.0,0.0,0.0,0.0,0.0,0.0,0.0,0.0,0.0,0.0,0.0,0.0,0.0,0.0,0.0,0.0,0.0,0.0,0.0,0.0,63.895061728395056,2.4575023741690405,1.3142835549597862,10.923923954001935,-0.0074436930604671,-5.811879825903019,8.05894076443243,6.123608220964748,3.923923954001936,33.631919307902606,5.394402483878005,3.800467163878479,32.519024932045255,12.56665,0.48333,0.0,0.01667,0.54056,0.85513,0.43333,0.51869,0.76559,0.10722,0.02187,-0.08535,0.08954,0.56522,0.14907,0.0,0.17772,0.07958,0.11936,22.25,0.85577,14.75,0.56731,7.5,0.28846,-7.25,-0.27885,0.0,0.0,29.3816,1.13006,45.52331,16.1417,0.62083,8.71805,0.33531,12.2779,3.55986,0.13692,0.6361,0.02447,0.7221,0.02777,0.1,26.07,6.0,6.0,6.0,6.0,4.0,5.0,0.6842105263157895,1.4853239317355773,3.1318443172596044,4.105926322092352,4.6150610122030695,4.834148462665181,4.90011772966574,89.11943590413463,187.91065903557623,246.3555793255412,276.90366073218416,290.04890775991083,294.0070637799444,0.2514561439211084,0.5302018492754844,0.695107900787075,0.7813012510565439,0.8183913997423842,0.8295595881374095,4.421566663872941,2.7750462783489143,1.8009642735161666,1.2918295834054492,1.072742132943338,1.0067728659427786,0.2475539886225962,0.5219740528766007,0.6843210536820586,0.7691768353671783,0.8056914104441968,0.8166862882776234,15.978353816752122,28.65947202276538,32.1421680120521,33.24980077018964,33.70384459856241,35.00271139465493,89.79194355424866,50.82788216838741,39.092995387311966,34.15838758738781,32.36360881951333,29.319100489841976,24.03846153846154,12.456747404844291,11.460207612456747,12.0,6.0,8.0,2.78,3.1459999999999986,0.0,2.321006807652882,0.2132007163556104,0.0714285714285714,23.91774391266123,9.353410095850611,3.311987878081584,0.3333333333333333,0.4714045207910317,0.0,1.7320508075688774,1.6817928305074292,0.0,0.0,0.0,0.0,0.0,0.0,0.0,1.112,2.895,2.9240000000000004,2.338,1.428,14.779,34.0,34.0,35.0,45.0,40.0,37.0,43.0,44.0,38.0,402.0,3.4339872044851463,3.8607297110405954,4.047427642434349,4.355104977107617,4.852518425999119,4.767501597905544,4.823301195478757,5.060218794285084,5.221031272587963,5.110857631897958,7.011439390259019,2.7568407960199006,0.5,1.0,0.0,0.0,0.0,1.0,0.0,0.0,0.0,0.0,0.0,0.0,0.0,0.0,0.0,0.0,0.0,0.0,0.0,0.0,0.0,0.0,0.0,0.0,1.0,0.0,0.0,1.0,0.0,0.0,0.0,0.0,0.0,0.0,0.0,0.0,0.0,0.0,0.0,0.0,0.0,0.0,0.0,0.0,0.0,0.0,0.0,0.0,0.0,0.0,0.0,0.0,0.0,0.0,0.0,0.0,0.0,0.0,0.0,0.0,0.0,0.0,0.0,0.0,0.0,0.0,0.0,0.0,0.0,14.0,0.5384615384615384,19.0,0.7307692307692307,2.0,9.0,18.0,1.0,7.0,2.444444444444443,0.625,1.3422222222222229,0.7361111111111109,0.2448979591836735,0.3767361111111111,0.2587553539934492,0.14,0.1402918069584736,0.2692307692307692,0.0718954248366012,0.0201612903225806,0.0497119341563786,0.0230034722222222,0.0087463556851311,0.0171243686868686,0.0117616069997022,0.007,0.0093527871305649,0.5196748096840446,177.520307293207,274.6633330920599,355.0406145864141,13.655408253323618,177.520307293207,0.2545168196947568,0.0097891084497983,-3.557809725603785,1804.608525675757,69.40802021829835,19.49505730630191,122.82,380.7894789080413,5.700439718141093,4.795790545596741,5.54907608489522,6.3818160174060985,7.1631723908466425,7.99799931797973,8.794673401383422,9.630168502920114,10.43702333732841,11.272724764084428,124.0224443624408,3.970291913552122,0.0,5.241747015059643,0.0,6.680854678790215,0.0,8.190077049719049,0.0,9.737610048158109,9.980865173557472,387.217459818001,6.453624330300016,50.79981741580617,1.9538391313771604,18.08893198568788,12.37701835678028,2.5051064874540363,2206.0,31.0,5.381,120.0,1.0,-0.5228787452803376
0,0,0,0,0,0,0,0,0,0,0,0,0,0,0,0,0,0,0,0,0,0,0,0,0,0,0,0,0,0,0,0,0,0,0,0,0,0,0,0,0,0,0,0,0,0,0,0,0,0,0,0,0,0,0,0,0,0,0,0,0,0,0,0,0,0,0,0,0,0,0,0,0,0,0,0,0,0,0,0,0,0,0,0,0,0,0,0,0,0,0,0,0,0,0,0,0,0,0,0,0,0,0,0,0,0,0,0,0,0,0,0,0,0,0,0,0,0,0,0,0,0,0,0,0,0,0,0,0,0,0,0,0,0,0,0,0,0,0,0,0,0,0,0,0,0,0,0,0,0,0,0,0,0,0,0,0,0,0,0,0,0,0,0,0,0,0,0,0,0,0,0,0,0,0,0,0,0,0,0,0,0,0,2,4,3,1,2,2,5,1,2,1,2,3,4,2,2,2,2,5,0,0,0,0,0,0,0,0,0,0,0,0,0,0,0,0,2,3,2,3,0,0,0,0,0,0,0,0,0,0,0,0,0,0,0,0,0,1,5,2,5,1,2,0,0,0,0,0,0,0,0,0,0,0,0,0,0,0,0,0,0,0,0,0,0,0,0,0,0,0,0,0,0,0,0,0,0,0,0,0,0,0,0,0,0,0,0,0,0,0,0,0,0,0,0,0,0,0,0,0,0,0,0,0,0,0,0,0,0,0,0,0,0,0,0,0,0,0,0,0,0,0,0,0,0,0,0,0,0,0,0,0,0,0,0,0,0,0,0,0,0,0,0,0,0,0,0,0,0,0,0,0,0,0,0,0,0,0,0,0,0,0,0,0,0,0,0,0,0,0,0,0,0,0,0,0,0,0,0,0,0,0,0,0,0,0,0,0,0,0,0,0,0,0,0,0,0,0,0,0,0,0,0,0,0,0,0,0,0,0,0,0,0,0,0,0,0,0,0,0,0,0,0,0,0,0,0,0,0,0,0,0,5,2,3,1,1,2,1,0,0,0,0,0,0,0,0,0,0,0,0,0,0,0,0,0,0,0,0,0,0,0,0,0,0,0,0,0,0,0,0,0,0,0,0,0,0,0,0,0,0,0,0,0,0,0,0,0,0,0,0,0,0,0,0,0,0,0,0,0,0,0,0,0,0,0,0,0,0,0,0,0,0,0,0,0,0,0,0,0,0,0,0,0,0,0,0,0,0,0,0,0,0,0,0,0,0,0,0,0,0,0,0,0,0,0,0,0,0,0,0,0,0,0,0,0,0,0,0,0,0,0,0,0,0,0,0,0,0,0,0,0,0,0,0,0,0,0,0,0,0,0,0,0,0,0,0,0,2,5,2,4,0,0,0,0,0,0,0,0,0,0,0,0,0,0,0,0,0,0,0,0,0,2,2,2,1,2,2,2,1,0,0,0,0,0,0,0,0,0,0,0,2,2,2,2,2,4,3,2,2,0,0,0,0,0,0,2,2,2,2,2,0,0,1,0,0,0,0,5,5,0,0,0,0,0,0,0,0,0,0,0,1,5,2,5,0,0,0,0,0,2,0,0,0,0,0,0,0,1,2,2,2,2,2,1,0,0,0,0,0,0,0,0,0,0,0,0,0,0,0,3,2,3,0,2,3,4,0,0,0,0,0,0,0,0,0,0,0,0,0,0,0,0,0,0,0,0,0,0,0,0,0,0,0,0,0,0,0,0,2,2,2,1,2,2,2,2,2,0,0,0,0,0,0,0,0,0,0,0,0,0,0,0,0,0,0,0,0,0,0,0,0,3,2,2,2,3,1,1,2,3,2,0,0,0,5,2,3,0,0,0,0,0,0,0,1,2,0,0,0,0,0,0,0,2,2,2,0,0,0,0,0,0,0,0,0,0,0,0,0,0,0,0,0,0,0,0,0,0,0,0,0,0,0,0,0,0,0,0,0,0,0,0,0,0,0,0,0,0,0,0,0,0,0,0,0,0,0,0,0,0,0,0,0,0,0,0,0,0,0,0,0,0,0,2,5,4,0,1,1,2,2,2,2,2,3,2,0,0,0,3,2,2,3,0,0,0,0,0,0,0,0,0,0,0,0,2,2,0,0,0,0,0,0,0,0,0,0,0,0,0,0,0,0,0,0,0,0,0,0,0,0,0,0,0,0,0,0,0,2,2,2,2,4,5,0,0,0,0,0,0,0,0,0,0,0,0,0,0,0,0,0,0,0,0,0,0,0,0,0,0,0,0,0,0,0,0,0,0,3,0,0,0,0,0,0,0,0,0,0,0,0,0,0,0,0,0,0,0,0,0,0,0,0,0,0,2,3,0,0,0,0,0,0,2,2,5,5,1,1,0,0,0,0,0,0,0,0,0,0,0,0,0,0,0,0,0,0,0,0,0,0,2,1,2,0,0,0,0,0,0,0,0,0,3,3,5,0,0,1,5,0,0,0,0,0,0,0,0,0,0,0,0,0,0,0,3,2,0,0,0,0,2,2,2,0,0,0,0,2,2,2,2,1,0,0,0,2,3,2,2,2,1,0,0,2,2,1,2,2,0,0,0,0,0,0,0,0,0,0,0,0,1,2,3,0,0,0,0,0,0,0,0,0,0,0,0,0,0,0,0,0,0,0,0,0,0,0,0,0,0,0,0,0,0,0,0,0,0,0,0,0,0,0,1,2,0,0,0,0,1,0,0,0,0,0,0,0,0,0,0,0,0,0,0,0,0,0,0,0,0,0,0,0,0,0,0,0,0,0,0,0,0,0,0,0,0,0,0,0,0,0,0,0,0,0,0,0,0,0,0,0,0,0,0,0,0,0,0,0,0,0,0,0,0,0,0,0,0,0,0,0,0,0,0,0,0,0,0,0,0,0,0,0,0,0,5,2,0,0,0,0,0,0,4,2,0,0,0,0,0,0,0,0,0,0,0,0,1,3,3,2,0,0,0,0,0,0,0,0,0,0,0,0,0,0,0,0,0,0,0,0,0,0,0,0,0,0,0,0,0,0,0,0,0,0,0,0,0,0,0,0,0,0,0,2,1,0,0,0,0,0,0,0,0,0,0,0,0,0,0,0,0,0,0,0,0,0,0,2,2,2,5,0,0,0,0,0,0,0,2,2,0,0,0,0,0,0,0,0,2,2,2,1,0,0,0,0,2,2,2,2,0,2,1,2,2,2,0,2,2,0,0,0,0,0,0,0,0,0,0,0,0,0,0,0,0,0,0,1,2,2,0,0,0,0,0,0,0,0,0,0,0,0,0,0,0,0,2,2,5,2,2,1,0,0,0,0,0,0,0,3,2,0,3,4,2,4,1,1,2,0,1,1,4,3,3,3,1,3,4,1,1,0,4,0,0,1,3,2,2,2,4,0,3,1,2,2,3,4,0,2,1,3,1,0,1,2,4,0,0,1,4,2,1,1,2,0,2,3,4,1,2,4,0,3,4,4,2,0,3,1,3,3,1,4,4,1,3,4,2,2,0,2,3,3,3,2,4,0,4,3,3,1,3,2,3,0,4,3,0,2,4,0,4,4,2,0,2,4,2,3,2,3,1,0,2,2,1,0,3,2,2,2,4,4,0,3,3,0,3,2,4,2,0,1,1,0,0,3,0,1,3,1,1,3,2,4,0,0,0,1,0,4,0,3,4,2,3,3,4,2,0,2,2,0,0,1,4,3,1,2,0,4,0,4,4,2,4,3,2,0,3,0,1,2,3,3,3,4,1,3,1,2,0,1,0,3,0,1,2,0,3,2,2,2,4,0,0,2,1,4,3,3,2,0,3,2,3,3,2,4,2,3,4,0,0,1,2,4,4,0,0,2,2,3,4,1,2,4,1,0,0,1,1,1,4,3,2,4,3,4,1,1,1,1,3,0,0,0,1,1,4,4,3,4,0,2,3,4,0,0,3,3,0,2,1,1,4,4,1,4,0,4,0,1,4,1,4,2,3,4,2,2,0,1,3,4,4,2,4,2,4,4,4,2,4,1,2,1,4,3,0,0,4,4,3,4,0,3,3,0,0,3,3,4,4,1,3,1,4,1,2,3,4,2,1,1,2,0,0,0,3,4,3,4,2,2,3,4,2,2,4,0,3,2,1,1,4,1,2,1,4,4,3,0,0,3,0,0,0,0,0,0,0,0,0,0,0,0,0,0,0,0,0,0,0,0,0,0,0,0,0,0,0,0,0,0,0,0,0,0,0,0,0,0,0,0,0,0,0,0,0,0,0,0,0,0,0,0,0,0,0,0,0,0,0,0,0,0,0,0,0,0,0,0,0,0,0,0,0,0,0,0,0,0,0,0,0,2,1,2,0,2,2,2,3,3,2,2,3,1,2,2,0,0,0,0,0,0,0,2,3,2,3,3,5,4,0,2,5,0,5,2,0,0,0,0,2,2,5,2,0,0,0,0,0,0,0,0,0,0,0,0,0,0,0,0,0,0,0,0,0,0,0,0,0,0,0,0,0,0,0,0,0,0,0,0,0,0,0,0,0,0,0,0,0,0,0,0,0,0,0,0,0,0,0,0,0,0,0,0,0,0,0,0,0,0,0,0,0,0,0,0,0,0,0,0,0,0,0,0,0,0,0,0,0,0,0,0,0,0,0,0,0,0,0,0,2,1,1,1,5,5,3,1,1,5,4,1,3,1,3,3,0,0,0,0,0,0,0,0,0,0,0,0,0,0,0,0,0,0,0,0,0,0,0,0,0,0,0,0,0,0,0,0,0,0,0,0,0,0,0,0,0,0,0,0,0,0,0,0,0,0,0,0,0,0,0,0,0,0,0,0,0,0,0,0,0,0,0,0,0,0,0,0,0,0,0,0,0,0,0,0,0,0,0,0,0,0,0,0,0,0,0,0,0,0,0,0,0,0,0,0,0,0,0,0,0,0,0,0,0,0,0,0,0,0,0,0,0,0,0,0,0,0,0,0,0,0,0,0,0,0,0,0,0,0,0,0,0,0,0,0,0,0,0,0,0,0,0,0,0,0,0,0,0,0,0,0,0,0,0,0,0,0,0,0,0,0,0,0,0,0,0,0,0,0,0,0,0,0,0,0,0,0,0,0,0,0,0,0,0,0,0,0,0,0,0,0,0,0,0,0,0,0,0,0,0,0,0,0,0,0,0,0,0,0,0,0,0,0,0,0,0,0,0,0,0,0,0,0,0,0,0,0,0,0,0,0,0,0,0,0,0,0,0,0,0,0,0,0,0,0,0,0,0,0,0,0,0,0,0,0,0,0,0,0,0,0,0,0,0,0,0,0,0,0,0,0,0,0,0,0,0,0,0,0,3,3,2,3,2,2,4,2,3,1,1,2,5,5,1,2,1,0,0,0,0,0,0,0,0,0,0,0,0,0,0,0,0,0,0,0,0,0,0,0,0,0,0,0,0,0,0,0,0,0,0,0,0,0,0,0,0,0,0,0,0,0,0,0,0,0,0,0,0,0,0,0,0,0,0,0,0,0,0,0,0,0,0,0,0,0,0,0,0,0,0,0,0,0,0,0,0,0,0,0,0,0,0,0,0,0,0,0,0,0,0,0,0,0,0,0,0,0,0,0,0,0,0,0,0,0,0,0,0,0,0,0,0,0,0,0,0,0,0,0,0,0,0,0,0,0,1,1,2,4,1,3,2,3,1,3,4,5,3,3,1,3,5,4,1,2,4,3,3,1,3,3,1,3,1,1,2,1,3,2,2,5,3,2,2,3,4,1,2,2,4,0,0,0,0,0,0,0,0,0,0,0,0,0,0,0,0,0,0,0,0,0,0,0,0,1,0,0,0,0,0,0,0,0,0,0,0,0,0,0,0,0,0,0,0,0,0,1,0,0,0,0,0,0,0,0,0,1,0,0,0,0,0,0,0,0,0,0,0,0,0,0,0,0,0,0,0,0,0,0,0,0,0,0,0,0,0,0,0,0,1,0,0,0,0,0,0,0,0,0,0,0,1,0,1,0,0,0,1,0,0,0,0,0,0,0,0,0,1,0,0,0,0,1,0,0,0,0,1,0,0,0,0,0,0,0,0,0,0,0,0,0,0,0,0,0,0,0,0,0,0,0,0,0,0,0,0,0,0,0,1,0,1,0,0,0,0,0,0,0,0,0,0,0,0,0,0,0,0,0,0,0,0,0,0,0,0,0,0,0,0,0,0,0,0,0,0,0,0,0,0,0,0,0,0,0,0,0,0,0,0,0,0,0,0,0,0,0,0,0,0,0,0,0,0,0,1,0,0,0,0,0,0,0,0,0,0,1,0,0,0,0,0,1,0,0,0,0,0,0,0,0,0,0,0,0,0,0,0,0,0,0,0,0,0,0,0,0,0,1,0,1,1,0,0,0,1,0,0,0,0,0,0,0,0,0,0,1,0,1,0,0,0,0,0,0,0,0,0,0,0,0,0,0,0,0,0,1,0,0,0,0,0,0,0,0,0,0,0,0,0,0,0,0,0,0,0,0,0,0,0,0,0,1,1,0,0,0,0,0,0,0,0,0,0,0,0,0,0,0,0,1,0,0,0,0,0,0,0,0,0,0,0,0,0,0,0,0,0,0,0,0,0,0,0,0,1,0,0,0,1,0,0,0,0,1,0,0,0,0,0,1,0,0,0,0,0,0,0,0,0,1,1,0,0,0,0,0,1,0,0,0,0,1,0,0,0,0,0,0,0,0,0,0,0,0,0,0,0,0,0,0,0,0,0,0,0,0,0,0,0,0,0,0,0,0,0,0,0,0,0,0,0,0,0,0,0,0,0,0,0,0,0,0,0,0,0,0,0,0,0,0,0,0,0,0,0,0,0,0,0,0,0,0,0,0,0,0,0,0,0,0,0,0,0,0,0,0,0,0,0,0,0,0,0,0,0,0,0,0,0,0,0,0,0,0,0,0,0,0,0,0,0,0,0,0,0,0,1,0,0,0,0,0,0,0,0,0,0,0,0,0,1,0,0,0,0,0,0,0,0,0,0,0,0,0,0,0,1,0,0,0,0,0,1,0,0,0,0,0,0,0,0,0,0,0,0,0,0,1,0,0,0,0,0,0,0,1,0,0,0,0,0,0,0,0,0,0,0,0,0,0,0,0,0,0,0,0,0,0,0,0,0,0,0,0,0,0,0,0,0,0,0,0,0,0,0,0,0,0,0,1,0,0,0,0,0,0,1,0,0,0,0,0,0,0,0,0,0,1,0,0,0,0,0,0,0,0,0,0,0,0,0,0,0,0,0,0,0,0,1,0,0,0,1,0,0,0,0,0,1,0,0,0,0,0,0,0,1,0,0,0,0,0,0,0,0,0,0,1,0,0,0,0,1,0,0,0,0,0,0,0,0,0,0,0,0,0,0,1,0,0,1,1,0,0,0,0,0,0,0,0,0,0,0,0,0,1,0,0,0,0,0,0,0,0,0,0,0,0,1,0,0,0,1,0,0,0,0,0,0,0,0,0,0,0,0,0,0,0,0,0,0,0,0,0,0,0,0,0,0,0,0,0,0,0,0,0,0,0,0,0,0,0,0,0,0,0,0,0,0,0,0,0,0,0,0,0,0,0,0,0,0,0,0,0,0,0,0,0,0,0,0,0,0,0,0,0,0,0,0,1,0,0,0,1,0,0,0,0,1,0,0,0,0,0,0,0,0,0,1,0,0,0,0,1,0,0,0,0,0,0,0,0,1,0,0,0,0,0,0,0,0,1,0,0,0,0,0,0,0,1,0,0,0,0,0,0,0,0,0,0,0,0,0,0,0,0,0,1,0,0,0,0,0,0,0,0,0,0,1,0,0,0,0,0,0,1,0,0,1,0,0,0,0,0,0,0,1,0,0,0,0,0,0,0,0,0,0,1,0,0,0,0,0,1,0,0,0,0,0,0,0,0,0,0,0,0,0,0,0,0,0,0,0,0,0,0,0,0,1,0,0,0,0,0,0,0,1,0,0,0,0,0,0,0,0,0,0,0,0,0,0,0,0,0,0,0,0,0,0,0,0,0,0,0,0,0,0,0,0,0,0,0,0,0,0,0,0,0,0,0,0,0,0,0,0,0,0,0,0,0,0,0,0,0,0,0,0,0,0,0,0,0,0,0,0,0,1.0,0.7230999999999992,0.5228736099999989,41.442,56.92765299999997,17.0,19.0,49.0,28.0,21.0,0.0,21.0,2.0,4.0,0.0,0.0,1.0,0.0,0.0,0.0,1.0,4828.08731114978,5061.373161835199,7364.239441670402,7454.639042892804,7306.627925931208,7090.741221940801,5645.929568011202,5034.211679835211,4907.986573670402,11075.84902976842,13827.047402311267,19626.12315636177,21294.786285565817,20910.325609544885,19794.96572288437,16824.46464538079,14478.411716535284,14183.10556054087,389.2487159999996,401.7705960000002,672.1975920000006,838.5375040000002,880.0340440000003,852.8555159999996,807.3011480000008,611.3379320000009,584.3707360000001,73.20683600182888,92.60374418599991,133.43993185933897,148.1408207911882,147.33141728598025,139.2617903418861,121.22442935213078,103.16900532897984,98.55756138854692,8013.791399069229,7435.326028864151,13157.428169063183,16694.76060575618,18166.648184420752,17617.633732225462,16863.91327134747,12827.67238641788,11582.34367024659,279.7777777777777,181.86111111111111,316.3333333333333,374.3888888888889,365.61111111111126,403.2222222222223,364.4166666666666,245.1944444444443,267.9166666666666,98.53239410509757,99.24261101637644,85.63069118221398,70.32678342351703,64.66042412328503,65.65501131426667,55.35225066677649,62.92764599794013,67.23269279000552,226.0377353013964,271.1185765159072,228.2107343762996,200.89421024118693,185.04712928800785,183.2867196563368,164.94573181745872,180.98014645669107,194.2891172676832,7.943851346938767,7.877854823529416,7.816251069767448,7.910731169811323,7.787911893805313,7.89681033333333,7.91471713725491,7.6417241500000115,8.005078575342466,1.4940170612618138,1.8157596899215669,1.5516271146434764,1.397554913124417,1.3038178520883208,1.2894610216841305,1.1884747975699097,1.289612566612248,1.3501035806650263,163.54676324631075,145.79070644831668,152.99335080306028,157.49774156373755,160.76679809221903,163.12623826134688,165.33248305242617,160.3459048302235,158.66224205817247,5.709750566893423,3.565904139433551,3.6782945736434094,3.5319706498951784,3.2354965585054094,3.7335390946502063,3.5727124183006524,3.064930555555553,3.670091324200912,0.7490222660900083,-0.4175432433541316,0.0752407434815121,0.0205444884059285,-0.1319405739991198,0.0199346077318752,0.1320398531377404,0.0103996161964921,-0.2138570881097981,1812.3923798239048,65.26229216024035,602.9400799643114,-305.7416358340853,85.80887868267045,-280.1540185332814,-421.7782950768976,603.5203429533916,-775.92582437886,2384.4240650000875,22.55904293160264,324.920633032202,-206.8666921878912,83.9464204866928,-485.1710750188188,-109.91878234278138,612.1990124404304,-863.4463986323624,5.637320000000006,0.0841199999999999,1.365900000000001,-0.9128599999999976,-1.358340000000001,0.0419040000000001,-0.6940999999999988,0.3946320000000006,-2.006124000000004,11.387586047779848,-0.0836679423653357,-0.0375166213011378,-0.0452695412736652,-0.648187657929012,-2.506133713851866,1.3358195522278675,1.2272497873727577,-3.339350660797102,92.872694003498,-2.3443045546014005,-7.90688712153292,-14.71091438226065,-32.71122293410299,4.607024178209805,25.397793116849083,1.7313186324018517,-28.309235173449068,105.7891156462584,-7.010099958350691,32.52658614466195,-18.04380119394697,-17.35494469896805,7.527164607339538,-32.48335184413898,3.522872414271826,-35.04126752741913,0.0152861686957144,-0.0081871224187084,0.000874892366064,0.0001938159283578,-0.0011676156991072,0.000184579701221,0.0012945083640954,0.0001299952024561,-0.002929549152189,36.98759958824297,1.279652787455693,7.010931162375714,-2.8843550550385406,0.759370607811243,-2.594018690122976,-4.13508132428331,7.544004286917395,-10.629120881902193,48.66171561224668,0.4423341751294635,3.778146895723279,-1.9515725678102944,0.7428886768733877,-4.492324768692766,-1.077635121007661,7.65248765550538,-11.828032857977568,0.1150473469387756,0.0016494117647058,0.0158825581395348,-0.0086118867924528,-0.0120207079646017,0.000388,-0.0068049019607843,0.0049329,-0.0274811506849315,0.2323997152608131,-0.0016405478895163,-0.0004362397825713,-0.0004270711440911,-0.0057361739639735,-0.0232049417949246,0.013096270119881,0.0153406223421594,-0.0457445295999603,1.895361102112204,-0.0459667559725764,-0.0919405479248014,-0.1387822111534023,-0.2894798489743627,0.0426576312797204,0.2489979717338145,0.0216414829050231,-0.387797742102042,2.158961543801192,-0.1374529403598174,0.3782161179611854,-0.1702245395655374,-0.1535835814067969,0.0696959685864772,-0.3184642337660684,0.0440359051783978,-0.4800173633893032,-0.5355902176458225,0.0572342477359532,0.0126791697917185,-0.0763838030542343,0.0120749485953805,0.0846849455781824,0.0085041062311838,-0.1916470510370808,0.0345968054618621,0.1895481523652115,-0.0779816772958517,0.0205304106312597,-0.070132117763801,-0.1117964228637779,0.2039603643085658,-0.2873698482796599,0.0090899831533712,0.0776410541261811,-0.0401048862181739,0.0152663889369002,-0.0923174350137828,-0.0221454403620831,0.1572588956066209,-0.2430664991803291,0.0143368083540739,0.1380523633281788,-0.0748551533051497,-0.10448487761303,0.003372524532934,-0.0591487082653513,0.0428771295580169,-0.2388681826757475,-0.0070591648000741,-0.0018771097980124,-0.001837657776869,-0.024682362271985,-0.099849269474718,0.0563523501101695,0.0660096434496199,-0.1968355664662626,-0.0242522419191523,-0.048508196048944,-0.0732220424903425,-0.1527307111303299,0.0225063346674058,0.131372312883455,0.0114181318171538,-0.2046036196848597,-0.063666229143577,0.1751842773888766,-0.0788455635322852,-0.0711377105570805,0.0322821723187187,-0.1475080622350326,0.0203967992412063,-0.2223371531408368,1.485843788937094,0.8550004457054924,1.0712882818341596,0.940013904824807,0.830469548295149,0.8504743384399205,0.8349191188507554,1.3235666779650488,0.7245061155999221,0.668825946118969,1.0130153091655705,0.9301944213090476,1.0337088580780431,1.1558540369446813,0.7364539886078628,1.2176286544502988,0.964369750513459,0.9092684235359088,1.005471169958447,0.9604156637007444,1.038657362240831,0.993755774706832,0.8544626328151663,1.1642316840454026,0.6770603135991606,0.6258251364370894,1.080648224520978,0.9757718175127332,0.9546927342149176,1.2716587481494117,0.6641132311098176,1.269587948572472,1.083374144847439,1.032144559946995,1.0055483731435024,0.9960585044706588,1.0536826486480075,0.930484628620462,0.9096881642769272,1.1524642100097984,1.0544600873337469,1.018878585680264,1.0670066138305332,1.136187070787574,1.1047447909065302,1.0222322081735526,0.8254010488450249,1.172736281082285,0.6556390674075566,0.4612071608346438,0.9606152853119936,0.8680373967926271,0.8632944886240506,1.4302100236918138,0.6798115876792503,1.2120261834018529,251.0363010510627,126.327674335055,189.99008412269328,252.53970241160664,9.01927508612881,126.327674335055,1.6190476190472936,0.1866375980414944,0.0066656285014819,-4.700042258310343,403.94750717194495,14.42669668471232,16.80359782297406,250.91760578180543,126.28372871404102,189.9522579824362,252.44961088191943,9.016057531497124,126.28372871404102,1.6498516462765878,0.1874837304395982,0.0066958475156999,-4.687376983310843,404.2231204138726,14.436540014781164,16.80550761053865,301.9730489061604,149.5958810360703,222.6002212340276,300.1850787985762,10.720895671377722,149.5958810360703,-2.78128683401971,0.0297676907841838,0.0010631318137208,-9.840128691444304,317.30704295341786,11.332394391193494,16.127635705594887,251.29323037878635,126.44061778294304,190.1453051260343,252.7678066239504,9.027421665141087,126.44061778294304,1.5880051870997107,0.1854110156731221,0.0066218219883257,-4.71850459332782,402.11982404181816,14.361422287207793,16.79090031909031,349.3306242514361,170.9834394449261,250.9632930471221,344.68225435034753,12.310080512512414,170.9834394449261,-7.363745361583909,0.2319723831102361,0.0082847279682227,-4.0911834676143135,291.7632700964425,10.42011678915866,15.892639712908649,251.2679150858686,126.38232709690674,189.145623741298,252.65774425753165,9.023490866340415,126.38232709690674,1.4967391079448618,0.1710792552566936,0.0061099734020247,-4.94375937669695,465.9001520500592,16.639291144644968,17.203119766505154,247.4109730331801,124.66148738594968,187.15935580926467,249.8319614637224,8.922570052275798,124.66148738594968,3.722751322751265,0.4011925892272442,0.0143283067581158,-2.557278344830425,311.9175826270161,11.139913665250576,16.079669185067054,0.0,11.89,18.998407978946936,-0.3648603931974983,0.2590262350502443,3.8438915157136586,10.021078355131298,30.0,51.0,50.0,31.0,10.0,1.0,1.0,0.0,0.0,20.0,30.270347,4.0574567822175975,3.865698753232712,3.6154668067260713,3.4305434055917985,3.297927569449982,2.98986531384406,2.85156203057696,2.7586778483139014,2.0369996805220514,1.960048008321689,1.7350428817047312,1.6711546348126936,1.39438523142794,1.2707975709016204,1.249629722584355,1.1667749481928529,3.976625885895075,3.847445320042522,3.489606265311499,3.331749849752768,3.2421775660538827,2.933823410418716,2.840133882842598,2.6839472184915194,2.0314143073706785,1.982564682704724,1.6979615328608335,1.6747309134379669,1.3671189704048532,1.3370195351965035,1.320099965022696,1.1345406859483511,4.073356344674308,3.90315878581071,3.656424239904551,3.506122499270835,3.423457678255672,3.0921176223715365,2.9689207548920047,2.843311613602122,1.9606559441915965,1.8957889813516209,1.4981058009508093,1.4695757147424644,1.1969661477572453,1.098949353003758,1.073284146199084,0.7914502628077209,3.9649133765303217,3.845462904330797,3.46422487451429,3.3264686329851973,3.227839598955512,2.9346548618027164,2.8400449941383545,2.682003600858464,2.028154313312719,1.9918966536815543,1.689633872752464,1.6759879018003343,1.4152809962388122,1.3922280198445087,1.2815166309409558,1.0582626705327114,4.091642116152227,3.919052676119133,3.679187619645916,3.533450322440989,3.4628856616044854,3.14375159456928,3.003397511447705,2.89592819191792,1.941994646059101,1.8841007641300929,1.466561080852992,1.422576317934689,1.1690456177312127,1.0905347708099389,1.0057814422565925,0.7416524649297,4.907334684780502,4.790567942515295,4.218520881927087,3.859127643192812,3.755418072353948,3.68442991293178,3.417009901076367,3.126015374122383,1.970112327540779,1.8637423277297127,1.5790481571836426,1.5657922538588809,1.146787382178053,1.1121787367099152,0.997536181814118,0.9109868926708078,0.0,0.0,3.0,8.0,4.0,3.0,3.0,0.0,0.0,0.0,0.0,0.1178511301977579,0.2721655269759087,0.5337802159139756,0.0,0.0,0.0204124145231931,0.0685249369556619,0.1119200842693695,2.2947746771053104,0.0,0.3654508901400061,0.0,0.927066381426148,0.0,0.0841735513795029,0.0,4.1864380861634,6.213224204249481,8.522187250924858,1.383184008514759,1.7344159654267726,1.8897057101882608,20.25878406613483,13.3294075958929,12.564670222809426,9.444120881601824,7.816706985392253,6.2006099087865545,4.224384197970067,3.167760617717298,0.7235280023619582,0.4443135865297633,0.2991588148287958,0.1816177092615735,0.1166672684386903,0.0756171940095921,0.0469376021996674,0.030754957453566,15.900015577601168,8.951933372421866,6.777956207189636,4.1267890994648,2.816947110567026,1.815696801889616,1.002087754401925,0.6043630299974745,0.5678576992000417,0.2983977790807289,0.1613799096949913,0.0793613288358615,0.0420439867248809,0.0221426439254831,0.0111343083822436,0.0058676022329851,31.71087014044369,49.92789512017486,48.45882352941171,49.176000000000045,32.9566784431138,373.0519778443114,0.6471606151110958,1.0189366351056093,0.988955582232892,1.0035918367346948,0.6725852743492613,7.613305670292069,4.631900000000004,107.66280000000006,250.20555587959544,362.5658217586832,500.4111117591908,17.871825419971103,250.20555587959544,0.0112941118784488,0.000403361138516,-12.553726532964534,341.68583541892656,12.203065550675948,16.334896773988238,751.0,1.0,0.0,5.0,15.0,1.0,0.0,0.0,0.0,0.0,0.0,0.0,0.0,1.0,1.0,0.0,0.0,0.0,0.0,0.0,0.0,0.0,0.0,0.0,0.0,0.0,6.0,0.0,5.0,1.0,0.0,6.0,0.0,0.0,0.0,0.0,0.0,0.0,0.0,0.0,3.0,0.0,2.0,0.0,0.0,6.0,1.0,0.0,0.0,1.0,8.0,0.0,0.0,0.0,0.0,0.0,0.0,0.0,0.0,0.0,0.0,0.0,2.0,0.0,0.0,0.0,0.0,1.0,1.0,1.0,1.0,0.0,0.0,1.0,0.0,0.0,0.0,0.0,0.0,0.0,0.0,0.0,0.0,0.0,0.0,0.0,0.0,0.0,0.0,0.0,0.0,0.0,0.0,0.0,0.0,0.0,0.0,0.0,0.0,0.0,0.0,0.0,0.0,0.0,0.0,0.0,0.0,0.0,0.0,0.0,0.0,0.0,0.0,0.0,0.0,0.0,0.0,0.0,0.0,0.0,0.6841051063028092,0.0,44.413727548023736,12.60390639816248,7.329460124025975,0.0,0.0,0.0,0.0,0.0,0.0,0.0,3.6250499083421928,0.6841051063028092,0.0,0.0,0.0,0.0,0.0,0.0,0.0,0.0,0.0,0.0,0.0,3.553309500301779,0.0,2.865173352680286,0.6680053858332871,0.0,3.553309500301779,0.0,0.0,0.0,0.0,0.0,0.0,0.0,0.0,5.548783412240386,0.0,0.5329852141321747,0.0,0.0,10.097416951493848,-0.1279605899015152,0.0,0.0,-0.8318664171393519,3.338355863807984,0.0,0.0,0.0,0.0,0.0,0.0,0.0,0.0,0.0,0.0,0.0,8.361891350676073,0.0,0.0,0.0,0.0,8.800197776331611,10.713938627994535,5.393513069551788,5.298966306410842,0.0,0.0,14.207111767734965,0.0,0.0,0.0,0.0,0.0,0.0,0.0,0.0,0.0,0.0,0.0,0.0,0.0,0.0,0.0,0.0,0.0,0.0,0.0,0.0,0.0,0.0,0.0,0.0,0.0,0.0,0.0,0.0,0.0,0.0,0.0,0.0,0.0,0.0,0.0,0.0,0.0,0.0,0.0,0.0,0.0,0.0,0.0,0.0,0.0,0.0,0.6841051063028092,0.0,5.298966306410842,-0.8318664171393519,7.329460124025975,0.0,0.0,0.0,0.0,0.0,0.0,0.0,3.6250499083421928,0.6841051063028092,0.0,0.0,0.0,0.0,0.0,0.0,0.0,0.0,0.0,0.0,0.0,0.502267545003559,0.0,0.4604868201125968,0.6680053858332871,0.0,0.502267545003559,0.0,0.0,0.0,0.0,0.0,0.0,0.0,0.0,1.8263014782297309,0.0,0.0766151050273351,0.0,0.0,1.3024438891091683,-0.1279605899015152,0.0,0.0,-0.8318664171393519,-0.4954500334722194,0.0,0.0,0.0,0.0,0.0,0.0,0.0,0.0,0.0,0.0,0.0,3.9940924981103554,0.0,0.0,0.0,0.0,8.800197776331611,10.713938627994535,5.393513069551788,5.298966306410842,0.0,0.0,14.207111767734965,0.0,0.0,0.0,0.0,0.0,0.0,0.0,0.0,0.0,0.0,0.0,0.0,0.0,0.0,0.0,0.0,0.0,0.0,0.0,0.0,0.0,0.0,0.0,0.0,0.0,0.0,0.0,0.0,0.0,0.0,0.0,0.0,0.0,0.0,0.0,0.0,0.0,0.0,0.0,0.0,0.0,0.0,0.0,0.0,0.0,0.0,0.6841051063028092,0.0,14.207111767734965,1.9087527346924893,7.329460124025975,0.0,0.0,0.0,0.0,0.0,0.0,0.0,3.6250499083421928,0.6841051063028092,0.0,0.0,0.0,0.0,0.0,0.0,0.0,0.0,0.0,0.0,0.0,0.7118826638833196,0.0,0.6680053858332871,0.6680053858332871,0.0,0.7118826638833196,0.0,0.0,0.0,0.0,0.0,0.0,0.0,0.0,1.8961804557809248,0.0,0.4563701091048395,0.0,0.0,1.9087527346924893,0.0,0.0,0.0,0.0,0.9260932688453783,0.0,0.0,0.0,0.0,0.0,0.0,0.0,0.0,0.0,0.0,0.0,4.367798852565718,0.0,0.0,0.0,0.0,8.800197776331611,10.713938627994535,5.393513069551788,5.298966306410842,0.0,0.0,14.207111767734965,0.0,0.0,0.0,0.0,0.0,0.0,0.0,0.0,0.0,0.0,0.0,0.0,0.0,0.0,0.0,0.0,0.0,0.0,0.0,0.0,0.0,0.0,0.0,0.0,0.0,0.0,0.0,0.0,0.0,0.0,0.0,0.0,0.0,0.0,0.0,0.0,0.0,0.0,0.0,0.0,0.0,0.0,0.0,0.0,0.0,0.0,71.33333333333333,2.5476190476190474,0.7118826638833196,14.207111767734965,-0.0239539840689084,-0.8318664171393519,8.350056374846007,2.4985330838060187,6.207111767734963,37.55123779739961,2.4985330838060187,6.207111767734963,37.55123779739961,12.91903,0.46139,0.0,0.03861,0.63022,0.87789,0.44,0.54894,0.85796,0.19022,0.08129,-0.10894,0.01993,0.52557,0.18872,0.0,0.18983,0.38703,0.0,37.0,1.32143,17.5,0.625,19.5,0.69643,2.0,0.07143,1.0,0.03571,22.47429,0.80265,50.81592,28.34163,1.0122,6.09364,0.21763,13.32934,7.2357,0.25842,0.58466,0.02088,0.84266,0.03009,0.3469387755102041,144.07,3.0,7.0,7.0,6.0,1.0,1.0,0.2857142857142857,1.6457847062232098,3.730576804983365,4.558088670425059,4.997063670513365,4.997063670513363,5.037879997043976,80.64345060493729,182.7982634441849,223.3463448508279,244.85611985515487,244.8561198551548,246.8561198551548,0.2931201703945861,0.6644291349967785,0.8118119719405276,0.8899949969366271,0.8899949969366268,0.8972645313674028,3.968925137891999,1.884133039131844,1.0566211736901492,0.6176461736018437,0.6176461736018455,0.5768298470712327,0.2769508942291184,0.627777484031635,0.7670302977518523,0.8409005423585578,0.8409005423585576,0.8477690702340789,16.34883002581369,36.8451848421923,41.1584814136834,42.49821181274561,42.49821181274561,42.53934752833745,90.12148018254337,43.081461326876365,30.882507475742337,27.294263789600475,27.294263789600485,27.146724612289656,22.68,10.346938775510203,6.25,5.0,18.0,3.0,3.0,2.8068,0.454280148208035,3.4167095746471667,5.358834079368455,0.0,6.51563463577053,19.540637757349696,0.0,9.978017295740967,0.0,0.0,0.4999999999999999,0.3265986323710904,0.1666666666666666,0.0,0.0,0.0,0.4999999999999999,0.0,0.0,0.591,1.084,1.039,2.264,2.051,13.836,42.0,52.0,67.0,82.0,90.0,103.0,113.0,126.0,129.0,862.0,3.725693427236653,4.385146762010125,4.984462419792233,5.6185876285929695,6.205251965998166,6.680070180436652,7.168134401281182,7.631465763171099,8.12316516421728,8.523733475802844,9.519152889232696,15.797065327726218,0.4705882352941176,3.0,0.0,0.0,1.0,2.0,0.0,0.0,0.0,0.0,0.0,0.0,0.0,0.0,0.0,0.0,0.0,0.0,0.0,0.0,0.0,0.0,0.0,0.0,3.0,0.0,1.0,2.0,0.0,0.0,0.0,0.0,0.0,0.0,0.0,1.0,0.0,0.0,1.0,0.0,0.0,0.0,0.0,0.0,0.0,0.0,0.0,0.0,0.0,0.0,0.0,0.0,0.0,0.0,0.0,0.0,0.0,0.0,0.0,0.0,1.0,0.0,0.0,0.0,0.0,0.0,0.0,0.0,0.0,7.0,0.2333333333333333,12.0,0.4,1.0,9.0,17.0,0.8888888888888888,7.0,3.333333333333332,1.625,1.841666666666668,1.111666666666666,0.6326077097505673,0.3489937641723357,0.3474505542957923,0.2375077160493827,0.1349903071115192,0.2333333333333333,0.0793650793650793,0.0396341463414634,0.0460416666666666,0.030045045045045,0.0218140589569161,0.0124640630061548,0.0133634828575304,0.0098961548353909,0.0074994615061955,0.5289238647806145,177.24677177765022,271.2199454610618,354.49354355530056,12.660483698403592,177.24677177765022,0.0511212212232414,0.00182575790083,-8.325955623593076,370.0134347831335,13.214765527969051,16.557910082570515,85.45,341.4966175032861,5.807354922057604,4.976733742420574,5.808142489980444,6.683360945766275,7.538494999413465,8.416930769477844,9.283683766200392,10.16450475627842,11.037965573724245,11.920701234775636,133.8305182780373,4.110873864173311,0.0,5.43372200355424,2.3978952727983707,6.928537818164665,4.59511985013459,8.508555998020574,6.6052979209482015,10.137016983402756,10.38588283710658,384.1485353720006,7.839766028000012,56.44387851076056,2.015852803955734,19.68008094482613,10.848227883024736,6.270702881514619,2373.0,41.0,5.816000000000001,144.0,1.0,2.7242758696007887
0,0,0,0,0,0,0,0,0,0,0,0,0,0,0,0,0,0,0,0,0,0,0,0,0,0,0,0,0,0,0,0,0,0,0,0,0,0,0,0,0,0,0,0,0,0,0,0,0,0,0,0,0,0,0,0,0,0,0,0,0,0,0,0,0,0,0,0,0,0,0,0,0,0,0,0,0,0,0,0,0,0,0,0,0,0,0,0,0,0,0,0,0,0,0,0,0,0,0,0,0,0,0,0,0,0,0,0,0,0,0,0,0,0,0,0,0,0,0,0,0,0,0,0,0,0,0,0,0,0,0,0,0,0,0,0,0,0,0,0,0,0,0,0,0,0,0,0,0,0,0,0,0,0,0,0,0,0,0,0,0,0,0,0,0,0,0,0,0,0,0,0,0,0,0,0,0,0,0,0,0,0,0,2,4,3,1,2,2,5,1,2,1,2,3,4,2,2,2,2,5,0,0,0,0,0,0,0,0,0,0,0,0,0,0,0,0,2,3,2,3,0,0,0,0,0,0,0,0,0,0,0,0,0,0,0,0,0,1,5,2,5,1,2,0,0,0,0,0,0,0,0,0,0,0,0,0,0,0,0,0,0,0,0,0,0,0,0,0,0,0,0,0,0,0,0,0,0,0,0,0,0,0,0,0,0,0,0,0,0,0,0,0,0,0,0,0,0,0,0,0,0,0,0,0,0,0,0,0,0,0,0,0,0,0,0,0,0,0,0,0,0,0,0,0,0,0,0,0,0,0,0,0,0,0,0,0,0,0,0,0,0,0,0,0,0,0,0,0,0,0,0,0,0,0,0,0,0,0,0,0,0,0,0,0,0,0,0,0,0,0,0,0,0,0,0,0,0,0,0,0,0,0,0,0,0,0,0,0,0,0,0,0,0,0,0,0,0,0,0,0,0,0,0,0,0,0,0,0,0,0,0,0,0,0,0,0,0,0,0,0,0,0,0,0,0,0,0,0,0,0,0,0,5,2,3,1,1,2,1,0,0,0,0,0,0,0,0,0,0,0,0,0,0,0,0,0,0,0,0,0,0,0,0,0,0,0,0,0,0,0,0,0,0,0,0,0,0,0,0,0,0,0,0,0,0,0,0,0,0,0,0,0,0,0,0,0,0,0,0,0,0,0,0,0,0,0,0,0,0,0,0,0,0,0,0,0,0,0,0,0,0,0,0,0,0,0,0,0,0,0,0,0,0,0,0,0,0,0,0,0,0,0,0,0,0,0,0,0,0,0,0,0,0,0,0,0,0,0,0,0,0,0,0,0,0,0,0,0,0,0,0,0,0,0,0,0,0,0,0,0,0,0,0,0,0,0,0,0,2,5,2,4,0,0,0,0,0,0,0,0,0,0,0,0,0,0,0,0,0,0,0,0,0,2,2,2,1,2,2,2,1,0,0,0,0,0,0,0,0,0,0,0,2,2,2,2,2,4,3,2,2,0,0,0,0,0,0,2,2,2,2,2,0,0,1,0,0,0,0,5,5,0,0,0,0,0,0,0,0,0,0,0,1,5,2,5,0,0,0,0,0,2,0,0,0,0,0,0,0,1,2,2,2,2,2,1,0,0,0,0,0,0,0,0,0,0,0,0,0,0,0,3,2,3,0,2,3,4,0,0,0,0,0,0,0,0,0,0,0,0,0,0,0,0,0,0,0,0,0,0,0,0,0,0,0,0,0,0,0,0,2,2,2,1,2,2,2,2,2,0,0,0,0,0,0,0,0,0,0,0,0,0,0,0,0,0,0,0,0,0,0,0,0,3,2,2,2,3,1,1,2,3,2,0,0,0,5,2,3,0,0,0,0,0,0,0,1,2,0,0,0,0,0,0,0,2,2,2,0,0,0,0,0,0,0,0,0,0,0,0,0,0,0,0,0,0,0,0,0,0,0,0,0,0,0,0,0,0,0,0,0,0,0,0,0,0,0,0,0,0,0,0,0,0,0,0,0,0,0,0,0,0,0,0,0,0,0,0,0,0,0,0,0,0,0,2,5,4,0,1,1,2,2,2,2,2,3,2,0,0,0,3,2,2,3,0,0,0,0,0,0,0,0,0,0,0,0,2,2,0,0,0,0,0,0,0,0,0,0,0,0,0,0,0,0,0,0,0,0,0,0,0,0,0,0,0,0,0,0,0,2,2,2,2,4,5,0,0,0,0,0,0,0,0,0,0,0,0,0,0,0,0,0,0,0,0,0,0,0,0,0,0,0,0,0,0,0,0,0,0,3,0,0,0,0,0,0,0,0,0,0,0,0,0,0,0,0,0,0,0,0,0,0,0,0,0,0,2,3,0,0,0,0,0,0,2,2,5,5,1,1,0,0,0,0,0,0,0,0,0,0,0,0,0,0,0,0,0,0,0,0,0,0,2,1,2,0,0,0,0,0,0,0,0,0,3,3,5,0,0,1,5,0,0,0,0,0,0,0,0,0,0,0,0,0,0,0,3,2,0,0,0,0,2,2,2,0,0,0,0,2,2,2,2,1,0,0,0,2,3,2,2,2,1,0,0,2,2,1,2,2,0,0,0,0,0,0,0,0,0,0,0,0,1,2,3,0,0,0,0,0,0,0,0,0,0,0,0,0,0,0,0,0,0,0,0,0,0,0,0,0,0,0,0,0,0,0,0,0,0,0,0,0,0,0,1,2,0,0,0,0,1,0,0,0,0,0,0,0,0,0,0,0,0,0,0,0,0,0,0,0,0,0,0,0,0,0,0,0,0,0,0,0,0,0,0,0,0,0,0,0,0,0,0,0,0,0,0,0,0,0,0,0,0,0,0,0,0,0,0,0,0,0,0,0,0,0,0,0,0,0,0,0,0,0,0,0,0,0,0,0,0,0,0,0,0,0,5,2,0,0,0,0,0,0,4,2,0,0,0,0,0,0,0,0,0,0,0,0,1,3,3,2,0,0,0,0,0,0,0,0,0,0,0,0,0,0,0,0,0,0,0,0,0,0,0,0,0,0,0,0,0,0,0,0,0,0,0,0,0,0,0,0,0,0,0,2,1,0,0,0,0,0,0,0,0,0,0,0,0,0,0,0,0,0,0,0,0,0,0,2,2,2,5,0,0,0,0,0,0,0,2,2,0,0,0,0,0,0,0,0,2,2,2,1,0,0,0,0,2,2,2,2,0,2,1,2,2,2,0,2,2,0,0,0,0,0,0,0,0,0,0,0,0,0,0,0,0,0,0,1,2,2,0,0,0,0,0,0,0,0,0,0,0,0,0,0,0,0,2,2,5,2,2,1,0,0,0,0,0,0,0,3,2,0,3,4,2,4,1,1,2,0,1,1,4,3,3,3,1,3,4,1,1,0,4,0,0,1,3,2,2,2,4,0,3,1,2,2,3,4,0,2,1,3,1,0,1,2,4,0,0,1,4,2,1,1,2,0,2,3,4,1,2,4,0,3,4,4,2,0,3,1,3,3,1,4,4,1,3,4,2,2,0,2,3,3,3,2,4,0,4,3,3,1,3,2,3,0,4,3,0,2,4,0,4,4,2,0,2,4,2,3,2,3,1,0,2,2,1,0,3,2,2,2,4,4,0,3,3,0,3,2,4,2,0,1,1,0,0,3,0,1,3,1,1,3,2,4,0,0,0,1,0,4,0,3,4,2,3,3,4,2,0,2,2,0,0,1,4,3,1,2,0,4,0,4,4,2,4,3,2,0,3,0,1,2,3,3,3,4,1,3,1,2,0,1,0,3,0,1,2,0,3,2,2,2,4,0,0,2,1,4,3,3,2,0,3,2,3,3,2,4,2,3,4,0,0,1,2,4,4,0,0,2,2,3,4,1,2,4,1,0,0,1,1,1,4,3,2,4,3,4,1,1,1,1,3,0,0,0,1,1,4,4,3,4,0,2,3,4,0,0,3,3,0,2,1,1,4,4,1,4,0,4,0,1,4,1,4,2,3,4,2,2,0,1,3,4,4,2,4,2,4,4,4,2,4,1,2,1,4,3,0,0,4,4,3,4,0,3,3,0,0,3,3,4,4,1,3,1,4,1,2,3,4,2,1,1,2,0,0,0,3,4,3,4,2,2,3,4,2,2,4,0,3,2,1,1,4,1,2,1,4,4,3,0,0,3,0,0,0,0,0,0,0,0,0,0,0,0,0,0,0,0,0,0,0,0,0,0,0,0,0,0,0,0,0,0,0,0,0,0,0,0,0,0,0,0,0,0,0,0,0,0,0,0,0,0,0,0,0,0,0,0,0,0,0,0,0,0,0,0,0,0,0,0,0,0,0,0,0,0,0,0,0,0,0,0,0,2,1,2,0,2,2,2,3,3,2,2,3,1,2,2,0,0,0,0,0,0,0,2,3,2,3,3,5,4,0,2,5,0,5,2,0,0,0,0,2,2,5,2,0,0,0,0,0,0,0,0,0,0,0,0,0,0,0,0,0,0,0,0,0,0,0,0,0,0,0,0,0,0,0,0,0,0,0,0,0,0,0,0,0,0,0,0,0,0,0,0,0,0,0,0,0,0,0,0,0,0,0,0,0,0,0,0,0,0,0,0,0,0,0,0,0,0,0,0,0,0,0,0,0,0,0,0,0,0,0,0,0,0,0,0,0,0,0,0,2,1,1,1,5,5,3,1,1,5,4,1,3,1,3,3,0,0,0,0,0,0,0,0,0,0,0,0,0,0,0,0,0,0,0,0,0,0,0,0,0,0,0,0,0,0,0,0,0,0,0,0,0,0,0,0,0,0,0,0,0,0,0,0,0,0,0,0,0,0,0,0,0,0,0,0,0,0,0,0,0,0,0,0,0,0,0,0,0,0,0,0,0,0,0,0,0,0,0,0,0,0,0,0,0,0,0,0,0,0,0,0,0,0,0,0,0,0,0,0,0,0,0,0,0,0,0,0,0,0,0,0,0,0,0,0,0,0,0,0,0,0,0,0,0,0,0,0,0,0,0,0,0,0,0,0,0,0,0,0,0,0,0,0,0,0,0,0,0,0,0,0,0,0,0,0,0,0,0,0,0,0,0,0,0,0,0,0,0,0,0,0,0,0,0,0,0,0,0,0,0,0,0,0,0,0,0,0,0,0,0,0,0,0,0,0,0,0,0,0,0,0,0,0,0,0,0,0,0,0,0,0,0,0,0,0,0,0,0,0,0,0,0,0,0,0,0,0,0,0,0,0,0,0,0,0,0,0,0,0,0,0,0,0,0,0,0,0,0,0,0,0,0,0,0,0,0,0,0,0,0,0,0,0,0,0,0,0,0,0,0,0,0,0,0,0,0,0,0,0,3,3,2,3,2,2,4,2,3,1,1,2,5,5,1,2,1,0,0,0,0,0,0,0,0,0,0,0,0,0,0,0,0,0,0,0,0,0,0,0,0,0,0,0,0,0,0,0,0,0,0,0,0,0,0,0,0,0,0,0,0,0,0,0,0,0,0,0,0,0,0,0,0,0,0,0,0,0,0,0,0,0,0,0,0,0,0,0,0,0,0,0,0,0,0,0,0,0,0,0,0,0,0,0,0,0,0,0,0,0,0,0,0,0,0,0,0,0,0,0,0,0,0,0,0,0,0,0,0,0,0,0,0,0,0,0,0,0,0,0,0,0,0,0,0,0,1,1,2,4,1,3,2,3,1,3,4,5,3,3,1,3,5,4,1,2,4,3,3,1,3,3,1,3,1,1,2,1,3,2,2,5,3,2,2,3,4,1,2,2,4,0,0,0,0,0,0,0,0,0,0,0,0,0,0,0,0,0,0,0,0,0,0,0,0,1,0,0,0,0,0,0,0,0,0,0,0,0,0,0,0,0,0,0,0,0,0,0,0,0,0,1,0,0,0,0,0,1,0,0,0,0,0,0,0,0,0,0,0,1,0,0,0,0,1,0,0,0,0,0,0,0,0,0,1,0,0,0,0,0,0,0,1,0,0,0,0,0,0,0,0,0,0,0,1,0,0,0,1,0,0,0,0,0,0,0,0,0,1,0,0,0,0,0,0,0,0,0,0,0,0,1,0,0,0,0,1,1,0,1,0,0,0,0,0,0,0,0,0,0,0,0,0,0,0,0,0,0,0,0,0,0,0,0,0,0,0,0,0,0,0,0,0,0,0,0,0,0,0,0,0,0,0,0,0,0,0,0,0,0,0,0,0,0,0,0,0,0,0,0,0,0,0,0,1,0,0,0,0,0,0,0,0,0,1,0,0,0,1,0,0,0,0,0,1,0,0,0,0,0,0,0,0,0,0,0,0,0,0,0,0,0,0,0,0,0,0,0,0,0,0,0,0,0,0,0,0,0,0,0,0,0,0,0,0,0,0,0,0,0,1,0,0,0,0,0,0,0,0,0,0,0,0,0,0,0,0,0,0,0,0,0,0,0,0,0,0,0,0,0,1,0,0,0,0,0,0,1,0,0,0,0,0,0,0,0,0,0,0,0,0,0,0,0,0,1,0,0,0,0,0,0,0,0,1,0,0,0,0,0,0,0,0,0,0,0,1,0,0,0,0,0,0,0,0,0,0,1,0,0,0,0,0,0,0,0,0,0,0,0,0,0,0,0,0,0,0,0,0,0,1,0,1,0,1,1,0,0,0,0,0,0,0,0,0,0,0,0,0,0,0,0,0,0,0,0,0,0,0,0,0,0,0,1,0,0,0,0,0,0,0,0,0,0,0,0,0,0,0,0,0,0,0,0,0,0,0,0,0,0,0,1,0,0,0,0,0,0,0,0,0,0,1,0,0,0,0,0,0,0,0,0,0,0,0,0,0,0,0,0,0,0,1,0,0,0,0,0,1,0,1,0,0,0,0,0,0,0,0,0,0,0,0,0,0,0,1,1,0,0,0,1,0,0,0,1,1,0,0,0,0,0,0,0,0,0,0,0,0,0,0,0,0,1,0,0,0,0,1,0,0,0,0,0,0,0,0,0,0,0,0,0,0,0,0,0,0,0,0,0,0,0,0,0,0,0,0,0,0,0,0,0,0,0,0,0,0,0,0,1,0,0,0,0,0,0,0,0,0,1,0,0,0,0,0,1,0,0,0,0,0,0,0,0,0,0,0,0,0,0,0,0,0,0,0,0,0,0,0,0,0,1,0,0,0,0,0,0,0,0,0,1,0,0,0,0,0,0,0,0,0,0,0,0,0,0,0,0,0,0,0,0,0,0,0,0,0,0,0,0,0,0,0,0,0,0,0,0,0,0,1,0,0,0,0,0,0,0,0,0,0,0,0,0,1,0,0,0,1,0,0,0,0,1,0,0,0,0,1,0,0,0,0,0,0,0,0,0,1,0,0,0,0,0,0,0,0,0,0,0,0,0,0,0,0,0,0,0,0,1,0,0,0,0,1,0,0,0,0,0,0,0,0,0,0,0,0,1,0,0,0,0,1,0,0,0,1,0,0,0,1,0,0,1,1,1,0,0,0,0,0,0,0,0,1,0,0,0,0,1,0,0,0,0,0,0,0,0,0,0,0,0,0,0,0,0,0,0,0,0,0,0,0,0,0,0,0,0,0,1,1,0,0,0,0,1,0,0,0,0,0,0,0,0,1,0,0,0,0,0,0,0,0,0,0,0,0,0,0,0,0,1,0,0,0,0,0,0,0,0,0,0,1,0,0,0,0,0,0,0,0,0,0,0,0,0,0,0,0,0,0,0,1,0,0,0,0,0,0,0,0,0,0,1,0,0,0,0,0,0,0,0,0,0,0,0,0,0,0,0,0,0,0,0,0,0,0,1,0,1,0,0,0,0,0,0,0,0,0,0,0,0,0,0,0,0,0,1,0,0,0,0,0,0,0,0,0,0,0,0,0,0,0,0,0,0,0,0,0,0,0,0,0,0,0,0,1,0,0,0,1,0,0,0,0,0,0,0,0,1,0,0,0,0,0,0,0,0,0,0,1,0,0,0,0,0,0,0,1,0,0,0,0,0,0,0,0,0,0,0,0,0,0,0,0,0,0,0,0,0,0,0,0,0,0,0,0,0,0,0,0,0,0,0,0,0,0,0,0,0,0,1,0,0,0,0,0,0,1,0,0,0,0,0,0,1,0,0,0,0,0,0,0,1,0,0,0,0,1.0,-0.2397000000000009,0.0574560900000004,60.053,65.16423899999997,15.0,16.0,54.0,31.0,23.0,0.0,24.0,2.0,4.0,0.0,0.0,0.0,1.0,0.0,0.0,1.0,6158.674978000011,5852.283903000001,8841.274910999999,9828.580429999996,9847.024932999992,8947.289061999987,7628.838790000005,5748.205259000006,5958.6681800000015,12735.494176609212,15909.522375853929,23781.363227712533,27004.33847838865,26770.513356352665,24864.13226802123,21340.57541039688,17630.233509451587,15943.71674010244,421.38281699999953,444.3194900000003,777.5123040000004,1022.9171600000004,1053.7937940000006,1008.4348060000004,945.0116740000004,795.6885780000014,624.3327400000006,86.90491281152684,108.20208280599998,165.06133676649017,193.6746900515841,197.8137158135273,185.6952298675841,160.35698161298012,132.71638354892286,112.51999303279187,8628.615239364626,8190.863195948955,15082.57837469343,20420.918595480533,21492.43592954819,20274.51556318831,19505.16748692532,16973.819282011424,12274.598643455134,250.1164075598232,183.5761316872428,315.62448559670787,375.1419753086421,382.15329218107007,390.2860082304526,389.19135802469134,291.6965020576131,271.16049382716045,114.04953662962984,102.67164742105264,88.41274911,75.02733152671753,71.87609440145981,68.82530047692298,62.02307959349598,54.74481199047624,75.4261794936709,235.84248475202244,279.1144276465601,237.8136322771253,206.13998838464624,195.4052069806764,191.2625559078556,173.50061309265752,167.90698580430083,201.81919924180303,7.803385499999991,7.7950787719298305,7.775123040000004,7.808527938931301,7.69192550364964,7.757190815384618,7.683021739837402,7.57798645714287,7.902946075949375,1.609350237250497,1.898282154491228,1.6506133676649015,1.4784327484853754,1.4438957358651627,1.4284248451352624,1.303715297666505,1.2639655576087891,1.4243037092758466,159.78917109934494,143.69935431489395,150.8257837469343,155.88487477466057,156.87909437626416,155.95781202452545,158.5785974546774,161.65542173344213,155.3746663728498,4.631785325181911,3.220633889249873,3.1562448559670786,2.863679200829329,2.78944008891292,3.002200063311174,3.164157382314564,2.77806192435822,3.4324113142678536,0.870274268700208,-0.3858119638951622,0.0184101529042347,-0.1380556137419249,-0.0995152130334098,0.1458079411376264,0.2050806986653773,-0.1113494757319598,-0.1423033064978442,2591.263265703704,63.31315872016598,413.4089511783277,-89.7057151330581,118.05082612208528,-1205.1295152866933,-61.50489095473289,24.87925690946396,-178.78437801097346,2741.46976949434,41.72083686944877,355.64000439243443,109.52667905251536,132.95079812517972,-1266.0833078555336,-856.8569663908031,544.2685756840049,-378.0523343690445,4.721705870370367,-0.2517745668724306,0.339501647462274,-1.81916681515776,-0.7046800785322341,0.5212579787379944,1.674598758230458,-0.615218210905343,-1.3325847548011056,13.3950214787655,-0.2536061381799098,1.2061466725456176,2.606979928095808,1.2279730969214713,-7.455707445680552,-4.291749399117247,1.2747892524082456,-1.3780584688909716,77.75152088133879,-7.258873472870758,-4.401046868908011,6.012682745927629,-0.5033471829313747,-19.18460850079061,-13.830031266646976,18.94909321240424,-22.6789848348756,84.69819486076541,-2.384459148177627,27.12526630948265,-21.17296778684958,0.944574737469543,-11.555519829837916,-19.67009135695843,-3.9906989126419496,-10.200361598099414,0.0161161901611149,-0.0067686309455291,0.0001841015290423,-0.0010538596468849,-0.0007263884163022,0.0011215995472125,0.001667322753377,-0.0010604711974472,-0.0018013076771879,47.98635677229081,1.1107571705292276,4.1340895117832765,-0.6847764513973901,0.8616848622050021,-9.270227040666873,-0.500039763859617,0.2369453038996568,-2.263093392543968,50.76795869433963,0.7319445064815573,3.556400043924344,0.8360815194848501,0.9704437819356184,-9.73910236811949,-6.966316799925228,5.18351024460957,-4.785472586949931,0.0874389975994512,-0.0044170976644286,0.0033950164746227,-0.0138867695813569,-0.0051436502082644,0.004009676759523,0.0136146240506541,-0.0058592210562413,-0.0168681614531785,0.2480559533104722,-0.0044492304943843,0.0120614667254561,0.0199006101381359,0.008963307276799,-0.0573515957360042,-0.0348922715375385,0.0121408500229356,-0.0174437780872274,1.4398429792840517,-0.1273486574187852,-0.0440104686890801,0.0458983415719666,-0.0036740670286961,-0.1475739115445431,-0.1124392785906258,0.1804675544038499,-0.2870757574034886,1.5684850900141742,-0.0418326166346952,0.2712526630948265,-0.1616257082965616,0.0068947061129163,-0.0888886140756762,-0.1599194419264913,-0.0380066563108757,-0.1291185012417647,-0.4199895184818848,0.0114233902182754,-0.065391363365001,-0.04507196856332,0.0695945838315248,0.1034563837177819,-0.0658016061392682,-0.1117700684330522,0.0231473536488734,0.0861513519644913,-0.0142702321546695,0.0179568719145307,-0.1931846396394873,-0.0104204569276315,0.0049377639778746,-0.0471611838190384,0.0144174500079548,0.0700520591213147,0.0164686849931996,0.0191152807182656,-0.1918356108575496,-0.1372187690639201,0.1021020024818824,-0.0942616703531845,-0.0505163346526782,0.0388272574918453,-0.1588166603301053,-0.0588255852591883,0.0458568472833018,0.1557042558175389,-0.067009243210699,-0.1929134815846106,-0.017936398764095,0.0486239760202803,0.0802262952069846,0.0361342155154018,-0.2312042705309384,-0.1406629071863744,0.0489439977590052,-0.0703219489571954,-0.0884462120182772,-0.030566158478589,0.0318773242862837,-0.0025517136809758,-0.102493059081986,-0.0780913476041222,0.1253383577239691,-0.1993799056798779,-0.0266707136083245,0.17293926784626,-0.1030457409672291,0.0043957740859711,-0.0566716347140239,-0.1019578974289428,-0.0242314425255596,-0.0823205155495599,1.3395906270021276,0.9736456883667516,1.145432745093768,0.9826057525321282,0.8137340790678678,0.7658141275015106,0.9574480381979024,1.308280846104548,0.6367323338831506,0.67867565409932,0.919872719588688,1.0447546519397477,1.435385557785636,0.9625221534553212,1.0115219543176674,0.9261649518711014,0.9065473448449838,0.872073901080004,0.9328854263030956,0.9729918214430944,1.1887742854074337,1.123816936878501,0.9105977436625377,1.0243115396837514,0.7808725567224946,0.8221796479024419,1.218917074973478,0.9664488962861554,0.9395346786699228,0.7776515150210362,0.9063582735653746,1.4347357665054774,0.9801445535538258,0.908296077011268,0.8858850970080036,0.9740063698311248,1.2839142664066638,1.1152649264133232,0.9341809579859478,1.0260038263758782,1.1923790018964435,1.0863196950648435,0.9763604221195278,0.9895774280109864,1.064801758742807,1.0558284564968707,0.8533587168326076,1.1807215072410848,0.6443086605746038,0.4001695120283879,0.849497137929431,0.715090651076539,0.9970111888591132,1.2352499594281283,0.9231167086486188,1.2194696593368697,306.996180482763,154.46447679600328,236.7770115764718,308.8042585527005,9.961427695248402,154.46447679600328,1.932773109243556,0.1129435452219711,0.0036433401684506,-6.760688273242473,311.20083698074865,10.038736676798344,17.795359293665086,307.0145562120168,154.47890182632676,236.8137313370962,308.8324328500317,9.962336543549416,154.47890182632676,1.943247440636668,0.1133742542296146,0.0036572340074069,-6.748888940278861,311.1208693424379,10.036157075562514,17.794562600644067,383.0347541032796,190.4215497970196,293.41778093212315,381.7161917729363,12.313425541062465,190.4215497970196,-2.1513385389813777,0.2123350719675592,0.0068495184505664,-4.803728144032165,288.5150814734375,9.306938112046373,17.560716816164383,309.15449186500166,155.31939061238154,237.69281222772244,310.54302062090755,10.017516794222823,155.31939061238154,1.4842893597614193,0.1050842268294595,0.0033898137686922,-6.984278579318231,311.08923074138374,10.035136475528509,17.79424733844135,455.6237528552898,225.0116637121673,350.09499637819465,452.4785812729591,14.596083266869652,225.0116637121673,-5.131595739592143,0.3096648131450458,0.0099891875208079,-3.6340209246164,347.17754024365524,11.199275491730814,18.13449250661205,315.59795954636854,158.43632818669604,242.98217745624345,316.7904178684228,10.219045737691056,158.43632818669604,1.274696827023547,0.1324303920194329,0.0042719481296591,-6.267264156024261,303.019816562359,9.77483279233416,17.712774434156795,315.14703258699603,157.73072753927556,237.2682785094992,316.7579693954725,10.217999012757176,157.73072753927556,2.436642638706786,0.1657637513092174,0.0053472177841683,-5.571294236517912,738.5842275990591,23.825297664485777,20.4746789579779,0.0,11.99850366834468,34.96938079000966,-0.3706833481354671,0.2589842181835541,4.105902674637556,11.085859008892644,34.0,57.0,55.0,39.0,16.0,1.0,1.0,1.0,0.0,18.0,32.99376099999999,4.1943510064140845,3.870765268704294,3.599459871632028,3.494714320122221,3.3459481616918763,3.300385645585964,3.1843865100043254,2.953449652867685,1.9793488767555216,1.936329389985088,1.7823092511068352,1.732365058663042,1.5835640828344288,1.327782041089464,1.283798940028414,1.2496297225843565,4.069824799316901,3.844225318385997,3.5603175348044864,3.3102671165509188,3.2072717480642328,3.093096086362391,2.989727448151249,2.861676778978263,1.994937164639513,1.9428351204754672,1.778676942339729,1.6874125501621606,1.621961391299116,1.3685457833222996,1.3462202357190252,1.1817223396589291,4.144158726385499,3.9054027705416807,3.6663831424848112,3.483015596211249,3.39908024817162,3.2375288479907227,3.106552193890086,3.006851441850389,1.9128557902627008,1.867434348668138,1.63959376636356,1.464417979260248,1.4333817759213996,1.1913557536887895,1.1278846639382554,0.992502894798024,4.065482168321595,3.841500475181458,3.560662979746013,3.315817244740291,3.1837060620949296,3.077455711168261,3.006182418034109,2.8580426648114066,1.9981371160172856,1.942353045780124,1.7780242187570088,1.66307685185924,1.6157109992473218,1.3937385189260876,1.3581107755072768,1.185671556501824,4.1697053052776,3.919059590953869,3.690810105332424,3.531649449086916,3.407513416831524,3.277247417854481,3.140916746738927,3.046458603710418,1.899878374074233,1.8528562166917952,1.612519801346149,1.411032106341979,1.382173332617769,1.1686889983344235,1.1044182351704843,0.9569470895368348,4.828109212004634,4.616077440109482,4.110938492334406,3.8667635065362327,3.794605632657196,3.606033922404672,3.457522417896931,3.164098230411148,1.9146010109529703,1.8430879399805,1.7686016025003066,1.567246599152154,1.5582449536140284,1.1834757177375266,1.1199282606271406,0.9015195708611806,1.0,0.0,1.0,11.0,3.0,4.0,3.0,1.0,0.0,0.0,0.0,0.160375074774896,0.5525050867779924,1.0705626661094492,0.0,0.0,0.0925005721555376,0.2581756030839873,0.4372458012125921,2.4365543626964383,0.0,0.4380783712044485,0.0,1.1836382582239835,0.0,0.19107476008047,0.0,4.925857644434196,8.623087217428962,12.335201154481943,2.245086057375004,3.549168683604292,4.406190408835912,22.12059138570063,14.867412398353688,13.888472739914445,11.109915745395226,9.917090032256173,8.164360677877033,5.913077068730715,4.3915255384934815,0.713567464054859,0.4372768352456967,0.2834382191819274,0.1683320567484125,0.1066353766909265,0.0691894972701443,0.0441274408114232,0.027794465433503,18.147508355182342,10.607398275730226,8.38883792075954,5.849670540967939,4.559375800447994,3.147950990279152,1.9104862403162064,1.2280917516255982,0.5854034953284627,0.3119823022273595,0.1712007738930518,0.0886313718328475,0.0490255462413762,0.0266775507650775,0.0142573600023597,0.0077727326052253,35.69699918583352,54.62454479242542,52.86274509803914,53.42800000000005,37.72708922155692,406.8978556886228,0.6610555404783985,1.0115656443041745,0.978939724037762,0.9894074074074084,0.6986498003992021,7.535145475715236,6.127270000000005,121.67580000000004,374.9068039067809,528.8675724579298,749.8136078135617,24.18753573592135,374.9068039067809,0.2337990368985651,0.0075419044160827,-4.505209382803817,229.24590618084704,7.395029231640227,16.84786528595113,878.0,1.0,0.0,6.0,16.0,1.0,0.0,0.0,1.0,1.0,0.0,0.0,1.0,0.0,1.0,0.0,0.0,0.0,0.0,0.0,0.0,0.0,0.0,0.0,0.0,0.0,6.0,0.0,7.0,1.0,0.0,6.0,0.0,0.0,0.0,0.0,0.0,0.0,0.0,0.0,2.0,0.0,4.0,0.0,0.0,6.0,2.0,0.0,1.0,1.0,6.0,2.0,0.0,0.0,0.0,0.0,0.0,0.0,0.0,1.0,0.0,0.0,0.0,0.0,0.0,1.0,0.0,1.0,1.0,2.0,0.0,0.0,0.0,0.0,0.0,0.0,0.0,0.0,0.0,0.0,0.0,0.0,0.0,0.0,0.0,0.0,0.0,0.0,0.0,0.0,0.0,0.0,1.0,0.0,0.0,0.0,0.0,0.0,0.0,0.0,0.0,0.0,0.0,0.0,0.0,0.0,0.0,0.0,0.0,0.0,0.0,0.0,0.0,0.0,0.0,0.0,0.0,0.0,0.0,0.0,0.5954961350321768,0.0,35.11774186525148,20.68817370190624,6.693919593940767,0.0,0.0,1.3610862718502972,0.3799403675201319,0.0,0.0,3.5922594536211783,0.0,0.5954961350321768,0.0,0.0,0.0,0.0,0.0,0.0,0.0,0.0,0.0,0.0,0.0,3.21078384456762,0.0,3.874275965620312,0.6706294990606513,0.0,3.21078384456762,0.0,0.0,0.0,0.0,0.0,0.0,0.0,0.0,3.863681722426308,0.0,2.316701768028636,0.0,0.0,11.638789583351825,0.1082355234413743,0.0,2.1908767437864034,-0.7376766723113801,5.264367535628509,2.331816511450882,0.0,0.0,0.0,0.0,0.0,0.0,0.0,9.417811097958309,0.0,0.0,0.0,0.0,0.0,2.2856340986608634,0.0,9.240997646555185,11.24091190546362,11.712174984581248,0.0,0.0,0.0,0.0,0.0,0.0,0.0,0.0,0.0,0.0,0.0,0.0,0.0,0.0,0.0,0.0,0.0,0.0,0.0,0.0,0.0,0.0,0.6380232299905731,0.0,0.0,0.0,0.0,0.0,0.0,0.0,0.0,0.0,0.0,0.0,0.0,0.0,0.0,0.0,0.0,0.0,0.0,0.0,0.0,0.0,0.0,0.0,0.0,0.0,0.0,0.0,0.5954961350321768,0.0,0.6380232299905731,-0.7376766723113801,6.693919593940767,0.0,0.0,1.3610862718502972,0.3799403675201319,0.0,0.0,3.5922594536211783,0.0,0.5954961350321768,0.0,0.0,0.0,0.0,0.0,0.0,0.0,0.0,0.0,0.0,0.0,0.5009875108407305,0.0,0.4369428561350559,0.6706294990606513,0.0,0.5009875108407305,0.0,0.0,0.0,0.0,0.0,0.0,0.0,0.0,1.931840861213154,0.0,0.1911171031931,0.0,0.0,1.804607861102452,0.0069296333548554,0.0,2.1908767437864034,-0.7376766723113801,0.5013845304727338,1.1609808522118437,0.0,0.0,0.0,0.0,0.0,0.0,0.0,9.417811097958309,0.0,0.0,0.0,0.0,0.0,2.2856340986608634,0.0,9.240997646555185,11.24091190546362,5.679794180922336,0.0,0.0,0.0,0.0,0.0,0.0,0.0,0.0,0.0,0.0,0.0,0.0,0.0,0.0,0.0,0.0,0.0,0.0,0.0,0.0,0.0,0.0,0.6380232299905731,0.0,0.0,0.0,0.0,0.0,0.0,0.0,0.0,0.0,0.0,0.0,0.0,0.0,0.0,0.0,0.0,0.0,0.0,0.0,0.0,0.0,0.0,0.0,0.0,0.0,0.0,0.0,0.5954961350321768,0.0,11.24091190546362,2.1908767437864034,6.693919593940767,0.0,0.0,1.3610862718502972,0.3799403675201319,0.0,0.0,3.5922594536211783,0.0,0.5954961350321768,0.0,0.0,0.0,0.0,0.0,0.0,0.0,0.0,0.0,0.0,0.0,0.5676540777113995,0.0,0.6706294990606513,0.6706294990606513,0.0,0.5676540777113995,0.0,0.0,0.0,0.0,0.0,0.0,0.0,0.0,1.931840861213154,0.0,0.8956267403813087,0.0,0.0,2.072399811521384,0.1013058900865189,0.0,2.1908767437864034,0.0,1.294278282294988,1.1708356592390383,0.0,0.0,0.0,0.0,0.0,0.0,0.0,9.417811097958309,0.0,0.0,0.0,0.0,0.0,2.2856340986608634,0.0,9.240997646555185,11.24091190546362,6.032380803658912,0.0,0.0,0.0,0.0,0.0,0.0,0.0,0.0,0.0,0.0,0.0,0.0,0.0,0.0,0.0,0.0,0.0,0.0,0.0,0.0,0.0,0.0,0.6380232299905731,0.0,0.0,0.0,0.0,0.0,0.0,0.0,0.0,0.0,0.0,0.0,0.0,0.0,0.0,0.0,0.0,0.0,0.0,0.0,0.0,0.0,0.0,0.0,0.0,0.0,0.0,0.0,71.51234567901234,2.306849860613301,0.8136750362832612,11.24091190546362,-0.2120500370930267,-0.7376766723113801,8.717204296489355,2.404343338978047,4.240911905463619,32.06780299852631,2.4811608972770864,4.184474515692896,36.0690849980917,14.84761,0.47896,0.0,0.02104,0.61393,0.84685,0.44253,0.5493,0.82976,0.1714,0.06463,-0.10677,0.01709,0.56557,0.14872,0.0,0.1873,0.39737,0.0,40.75,1.31452,19.75,0.6371,21.0,0.67742,1.25,0.04032,1.5,0.04839,27.53658,0.88828,58.58677,31.05018,1.00162,7.25188,0.23393,14.86734,7.61546,0.24566,0.54666,0.01763,0.89066,0.02873,0.3703703703703703,226.07,4.0,5.0,5.0,6.0,1.0,1.0,0.3478260869565217,1.6052388909297826,3.8841550945958057,4.958229168669878,5.245447224305563,5.2824842613426,5.2824842613426,86.68290011020825,209.7443751081735,267.7443751081734,283.2541501125004,285.2541501125004,285.2541501125004,0.2789348862729837,0.6749315417782905,0.8615683915290963,0.9114769354454992,0.9179126888851824,0.9179126888851824,4.149648611233687,1.870732407567664,0.7966583334935908,0.5094402778579061,0.4724032408208689,0.4724032408208689,0.2636958832918433,0.6380581197597941,0.814498469719033,0.8616803685044211,0.8677645185030155,0.8677645185030155,17.40971876071403,40.2810456258884,45.07575287762681,45.77233601514624,45.80966286818328,45.80966286818326,100.11532512498567,44.22423058103641,29.684379178605813,27.515178251558083,27.37610834407055,27.37610834407055,24.13494809688581,10.508121615993335,5.3994490358126725,4.0,10.0,2.0,3.33,3.182600000000001,0.4999999999999999,2.66511651515062,3.0269944904420187,0.0,11.68580943404251,28.05608251499698,0.0,11.903623025962322,0.0,0.0,0.4999999999999999,0.3442651863295481,0.1666666666666666,0.0,0.0,0.0909090909090909,0.0,0.0,0.0,0.591,1.466,1.44,2.7940000000000005,2.4880000000000004,16.381,49.0,66.0,93.0,118.0,134.0,158.0,175.0,187.0,205.0,1250.0,3.828641396489095,4.43970574626056,5.057041666910411,5.701488178102828,6.252866810539282,6.595929922198252,7.00541355212903,7.357748007291119,7.562660954308202,7.875227658386565,9.11470240408021,7.26954375,0.4705882352941176,4.0,0.0,0.0,2.0,2.0,0.0,0.0,0.0,0.0,0.0,0.0,0.0,3.0,0.0,0.0,0.0,0.0,1.0,1.0,0.0,0.0,1.0,0.0,7.0,0.0,2.0,2.0,0.0,1.0,1.0,0.0,0.0,1.0,0.0,2.0,0.0,0.0,2.0,0.0,0.0,0.0,0.0,0.0,0.0,0.0,0.0,0.0,0.0,0.0,0.0,0.0,1.0,1.0,0.0,0.0,1.0,0.0,0.0,0.0,2.0,0.0,0.0,1.0,1.0,0.0,0.0,1.0,0.0,7.0,0.2058823529411764,11.0,0.3235294117647059,0.0,9.0,17.0,0.8888888888888888,7.0,3.333333333333332,2.6388888888888884,2.156666666666668,1.281944444444444,0.6883446712018141,0.4140802154195012,0.3381519274376416,0.2550077160493828,0.1938577696153453,0.2058823529411764,0.0680272108843537,0.0527777777777777,0.0449305555555555,0.0298126614987079,0.0196669906057661,0.0138026738473167,0.011271730914588,0.0094447302240512,0.0071799173931609,0.4983153248706461,204.0133944188629,314.696960739476,408.02678883772586,13.162154478636316,204.0133944188629,0.1445263648380723,0.0046621408012281,-5.996309330582153,313.4468885938141,10.111189954639164,17.81765278717552,84.48,387.53516289941314,5.954196310386876,5.117993812416755,5.983936280687191,6.890609120147166,7.783640596221253,8.698013622083925,9.60434000197507,10.523606946562516,11.438255796633198,12.36135268738799,143.40174886411504,4.23410650459726,0.0,5.579729825986222,3.044522437723423,7.107425474110705,5.53338948872752,8.729882284826589,7.742835955430749,10.411178267606632,10.682170021202335,438.1346348960007,8.113604349925938,63.34455265899843,2.0433726664193044,19.57600158252513,10.910656690693203,6.047987650029917,3047.0,50.0,4.186000000000001,166.0,1.0,1.6720978579357173
0,0,0,0,0,0,0,0,0,0,0,0,0,0,0,0,0,0,0,0,0,0,0,0,0,0,0,0,0,0,0,0,0,0,0,0,0,0,0,0,0,0,0,0,0,0,0,0,0,0,0,0,0,0,0,0,0,0,0,0,0,0,0,0,0,0,0,0,0,0,0,0,0,0,0,0,0,0,0,0,0,0,0,0,0,0,0,0,0,0,0,0,0,0,0,0,0,0,0,0,0,0,0,0,0,0,0,0,0,0,0,0,0,0,0,0,0,0,0,0,0,0,0,0,0,0,0,0,0,0,0,0,0,0,0,0,0,0,0,0,0,0,0,0,0,0,0,0,0,0,0,0,0,0,0,0,0,0,0,0,0,0,0,0,0,0,0,0,0,0,0,0,0,0,0,0,0,0,0,0,0,0,0,2,4,3,1,2,2,5,1,2,1,2,3,4,2,2,2,2,5,0,0,0,0,0,0,0,0,0,0,0,0,0,0,0,0,2,3,2,3,0,0,0,0,0,0,0,0,0,0,0,0,0,0,0,0,0,1,5,2,5,1,2,0,0,0,0,0,0,0,0,0,0,0,0,0,0,0,0,0,0,0,0,0,0,0,0,0,0,0,0,0,0,0,0,0,0,0,0,0,0,0,0,0,0,0,0,0,0,0,0,0,0,0,0,0,0,0,0,0,0,0,0,0,0,0,0,0,0,0,0,0,0,0,0,0,0,0,0,0,0,0,0,0,0,0,0,0,0,0,0,0,0,0,0,0,0,0,0,0,0,0,0,0,0,0,0,0,0,0,0,0,0,0,0,0,0,0,0,0,0,0,0,0,0,0,0,0,0,0,0,0,0,0,0,0,0,0,0,0,0,0,0,0,0,0,0,0,0,0,0,0,0,0,0,0,0,0,0,0,0,0,0,0,0,0,0,0,0,0,0,0,0,0,0,0,0,0,0,0,0,0,0,0,0,0,0,0,0,0,0,0,5,2,3,1,1,2,1,0,0,0,0,0,0,0,0,0,0,0,0,0,0,0,0,0,0,0,0,0,0,0,0,0,0,0,0,0,0,0,0,0,0,0,0,0,0,0,0,0,0,0,0,0,0,0,0,0,0,0,0,0,0,0,0,0,0,0,0,0,0,0,0,0,0,0,0,0,0,0,0,0,0,0,0,0,0,0,0,0,0,0,0,0,0,0,0,0,0,0,0,0,0,0,0,0,0,0,0,0,0,0,0,0,0,0,0,0,0,0,0,0,0,0,0,0,0,0,0,0,0,0,0,0,0,0,0,0,0,0,0,0,0,0,0,0,0,0,0,0,0,0,0,0,0,0,0,0,2,5,2,4,0,0,0,0,0,0,0,0,0,0,0,0,0,0,0,0,0,0,0,0,0,2,2,2,1,2,2,2,1,0,0,0,0,0,0,0,0,0,0,0,2,2,2,2,2,4,3,2,2,0,0,0,0,0,0,2,2,2,2,2,0,0,1,0,0,0,0,5,5,0,0,0,0,0,0,0,0,0,0,0,1,5,2,5,0,0,0,0,0,2,0,0,0,0,0,0,0,1,2,2,2,2,2,1,0,0,0,0,0,0,0,0,0,0,0,0,0,0,0,3,2,3,0,2,3,4,0,0,0,0,0,0,0,0,0,0,0,0,0,0,0,0,0,0,0,0,0,0,0,0,0,0,0,0,0,0,0,0,2,2,2,1,2,2,2,2,2,0,0,0,0,0,0,0,0,0,0,0,0,0,0,0,0,0,0,0,0,0,0,0,0,3,2,2,2,3,1,1,2,3,2,0,0,0,5,2,3,0,0,0,0,0,0,0,1,2,0,0,0,0,0,0,0,2,2,2,0,0,0,0,0,0,0,0,0,0,0,0,0,0,0,0,0,0,0,0,0,0,0,0,0,0,0,0,0,0,0,0,0,0,0,0,0,0,0,0,0,0,0,0,0,0,0,0,0,0,0,0,0,0,0,0,0,0,0,0,0,0,0,0,0,0,0,2,5,4,0,1,1,2,2,2,2,2,3,2,0,0,0,3,2,2,3,0,0,0,0,0,0,0,0,0,0,0,0,2,2,0,0,0,0,0,0,0,0,0,0,0,0,0,0,0,0,0,0,0,0,0,0,0,0,0,0,0,0,0,0,0,2,2,2,2,4,5,0,0,0,0,0,0,0,0,0,0,0,0,0,0,0,0,0,0,0,0,0,0,0,0,0,0,0,0,0,0,0,0,0,0,3,0,0,0,0,0,0,0,0,0,0,0,0,0,0,0,0,0,0,0,0,0,0,0,0,0,0,2,3,0,0,0,0,0,0,2,2,5,5,1,1,0,0,0,0,0,0,0,0,0,0,0,0,0,0,0,0,0,0,0,0,0,0,2,1,2,0,0,0,0,0,0,0,0,0,3,3,5,0,0,1,5,0,0,0,0,0,0,0,0,0,0,0,0,0,0,0,3,2,0,0,0,0,2,2,2,0,0,0,0,2,2,2,2,1,0,0,0,2,3,2,2,2,1,0,0,2,2,1,2,2,0,0,0,0,0,0,0,0,0,0,0,0,1,2,3,0,0,0,0,0,0,0,0,0,0,0,0,0,0,0,0,0,0,0,0,0,0,0,0,0,0,0,0,0,0,0,0,0,0,0,0,0,0,0,1,2,0,0,0,0,1,0,0,0,0,0,0,0,0,0,0,0,0,0,0,0,0,0,0,0,0,0,0,0,0,0,0,0,0,0,0,0,0,0,0,0,0,0,0,0,0,0,0,0,0,0,0,0,0,0,0,0,0,0,0,0,0,0,0,0,0,0,0,0,0,0,0,0,0,0,0,0,0,0,0,0,0,0,0,0,0,0,0,0,0,0,5,2,0,0,0,0,0,0,4,2,0,0,0,0,0,0,0,0,0,0,0,0,1,3,3,2,0,0,0,0,0,0,0,0,0,0,0,0,0,0,0,0,0,0,0,0,0,0,0,0,0,0,0,0,0,0,0,0,0,0,0,0,0,0,0,0,0,0,0,2,1,0,0,0,0,0,0,0,0,0,0,0,0,0,0,0,0,0,0,0,0,0,0,2,2,2,5,0,0,0,0,0,0,0,2,2,0,0,0,0,0,0,0,0,2,2,2,1,0,0,0,0,2,2,2,2,0,2,1,2,2,2,0,2,2,0,0,0,0,0,0,0,0,0,0,0,0,0,0,0,0,0,0,1,2,2,0,0,0,0,0,0,0,0,0,0,0,0,0,0,0,0,2,2,5,2,2,1,0,0,0,0,0,0,0,3,2,0,3,4,2,4,1,1,2,0,1,1,4,3,3,3,1,3,4,1,1,0,4,0,0,1,3,2,2,2,4,0,3,1,2,2,3,4,0,2,1,3,1,0,1,2,4,0,0,1,4,2,1,1,2,0,2,3,4,1,2,4,0,3,4,4,2,0,3,1,3,3,1,4,4,1,3,4,2,2,0,2,3,3,3,2,4,0,4,3,3,1,3,2,3,0,4,3,0,2,4,0,4,4,2,0,2,4,2,3,2,3,1,0,2,2,1,0,3,2,2,2,4,4,0,3,3,0,3,2,4,2,0,1,1,0,0,3,0,1,3,1,1,3,2,4,0,0,0,1,0,4,0,3,4,2,3,3,4,2,0,2,2,0,0,1,4,3,1,2,0,4,0,4,4,2,4,3,2,0,3,0,1,2,3,3,3,4,1,3,1,2,0,1,0,3,0,1,2,0,3,2,2,2,4,0,0,2,1,4,3,3,2,0,3,2,3,3,2,4,2,3,4,0,0,1,2,4,4,0,0,2,2,3,4,1,2,4,1,0,0,1,1,1,4,3,2,4,3,4,1,1,1,1,3,0,0,0,1,1,4,4,3,4,0,2,3,4,0,0,3,3,0,2,1,1,4,4,1,4,0,4,0,1,4,1,4,2,3,4,2,2,0,1,3,4,4,2,4,2,4,4,4,2,4,1,2,1,4,3,0,0,4,4,3,4,0,3,3,0,0,3,3,4,4,1,3,1,4,1,2,3,4,2,1,1,2,0,0,0,3,4,3,4,2,2,3,4,2,2,4,0,3,2,1,1,4,1,2,1,4,4,3,0,0,3,0,0,0,0,0,0,0,0,0,0,0,0,0,0,0,0,0,0,0,0,0,0,0,0,0,0,0,0,0,0,0,0,0,0,0,0,0,0,0,0,0,0,0,0,0,0,0,0,0,0,0,0,0,0,0,0,0,0,0,0,0,0,0,0,0,0,0,0,0,0,0,0,0,0,0,0,0,0,0,0,0,2,1,2,0,2,2,2,3,3,2,2,3,1,2,2,0,0,0,0,0,0,0,2,3,2,3,3,5,4,0,2,5,0,5,2,0,0,0,0,2,2,5,2,0,0,0,0,0,0,0,0,0,0,0,0,0,0,0,0,0,0,0,0,0,0,0,0,0,0,0,0,0,0,0,0,0,0,0,0,0,0,0,0,0,0,0,0,0,0,0,0,0,0,0,0,0,0,0,0,0,0,0,0,0,0,0,0,0,0,0,0,0,0,0,0,0,0,0,0,0,0,0,0,0,0,0,0,0,0,0,0,0,0,0,0,0,0,0,0,2,1,1,1,5,5,3,1,1,5,4,1,3,1,3,3,0,0,0,0,0,0,0,0,0,0,0,0,0,0,0,0,0,0,0,0,0,0,0,0,0,0,0,0,0,0,0,0,0,0,0,0,0,0,0,0,0,0,0,0,0,0,0,0,0,0,0,0,0,0,0,0,0,0,0,0,0,0,0,0,0,0,0,0,0,0,0,0,0,0,0,0,0,0,0,0,0,0,0,0,0,0,0,0,0,0,0,0,0,0,0,0,0,0,0,0,0,0,0,0,0,0,0,0,0,0,0,0,0,0,0,0,0,0,0,0,0,0,0,0,0,0,0,0,0,0,0,0,0,0,0,0,0,0,0,0,0,0,0,0,0,0,0,0,0,0,0,0,0,0,0,0,0,0,0,0,0,0,0,0,0,0,0,0,0,0,0,0,0,0,0,0,0,0,0,0,0,0,0,0,0,0,0,0,0,0,0,0,0,0,0,0,0,0,0,0,0,0,0,0,0,0,0,0,0,0,0,0,0,0,0,0,0,0,0,0,0,0,0,0,0,0,0,0,0,0,0,0,0,0,0,0,0,0,0,0,0,0,0,0,0,0,0,0,0,0,0,0,0,0,0,0,0,0,0,0,0,0,0,0,0,0,0,0,0,0,0,0,0,0,0,0,0,0,0,0,0,0,0,0,3,3,2,3,2,2,4,2,3,1,1,2,5,5,1,2,1,0,0,0,0,0,0,0,0,0,0,0,0,0,0,0,0,0,0,0,0,0,0,0,0,0,0,0,0,0,0,0,0,0,0,0,0,0,0,0,0,0,0,0,0,0,0,0,0,0,0,0,0,0,0,0,0,0,0,0,0,0,0,0,0,0,0,0,0,0,0,0,0,0,0,0,0,0,0,0,0,0,0,0,0,0,0,0,0,0,0,0,0,0,0,0,0,0,0,0,0,0,0,0,0,0,0,0,0,0,0,0,0,0,0,0,0,0,0,0,0,0,0,0,0,0,0,0,0,0,1,1,2,4,1,3,2,3,1,3,4,5,3,3,1,3,5,4,1,2,4,3,3,1,3,3,1,3,1,1,2,1,3,2,2,5,3,2,2,3,4,1,2,2,4,0,0,0,0,0,0,0,0,0,0,0,0,0,0,0,0,0,0,0,0,0,0,0,0,1,0,0,0,0,0,0,0,0,0,0,0,0,0,0,0,0,0,0,0,0,0,0,0,0,0,0,0,0,0,0,0,1,0,0,0,0,0,1,0,0,0,0,0,0,0,0,0,0,0,0,0,0,0,0,0,0,0,0,0,0,1,0,0,0,1,0,0,0,0,0,0,0,0,0,0,0,0,0,1,0,0,0,0,0,0,0,0,0,0,0,0,0,1,0,0,0,0,0,0,0,0,0,1,0,0,0,0,0,0,0,1,0,1,0,0,0,0,0,0,0,0,0,0,0,0,0,0,0,0,0,0,0,0,0,1,0,1,0,0,0,0,0,0,0,0,0,0,0,0,0,0,0,0,0,0,0,0,0,0,0,0,0,0,0,0,0,0,0,0,0,0,0,0,0,0,0,0,0,0,0,0,0,0,0,1,0,0,0,0,0,0,0,1,0,0,0,0,0,0,0,0,0,0,0,0,0,0,0,0,0,0,1,1,0,0,0,0,1,0,0,0,0,0,0,0,0,0,0,0,0,0,0,0,0,1,0,0,0,0,0,0,0,0,1,0,1,0,0,0,0,0,0,0,0,0,0,1,0,0,0,0,1,0,0,0,0,0,0,0,0,0,0,0,0,0,0,0,0,0,0,0,1,0,0,0,0,0,0,0,0,0,0,0,0,0,0,0,0,0,0,0,0,0,0,0,0,0,0,1,0,0,0,0,0,0,0,0,0,0,0,0,0,0,0,0,1,0,0,0,0,0,0,0,0,0,0,0,0,0,0,0,0,0,0,0,0,0,0,0,0,1,0,0,0,1,0,0,0,1,1,0,0,0,0,0,1,0,0,0,0,0,0,0,0,0,0,0,0,0,0,0,0,0,0,0,0,0,1,0,0,0,0,0,0,0,0,0,0,0,0,0,0,0,0,0,0,0,0,0,0,0,0,0,0,0,1,0,0,0,0,0,0,0,0,0,0,0,0,0,0,0,0,0,0,0,0,0,0,0,0,0,0,0,0,0,0,0,0,0,0,1,0,0,0,0,0,0,0,0,1,0,1,1,0,0,0,0,0,0,0,0,1,0,0,0,0,0,0,0,0,0,0,0,0,0,0,0,0,0,0,0,0,0,1,0,0,0,0,0,0,0,0,1,0,0,0,0,0,0,0,0,0,0,0,0,0,0,0,0,0,0,0,0,0,0,0,0,0,0,0,0,0,0,0,0,0,0,0,1,0,0,1,0,0,0,0,0,1,0,0,1,0,0,1,0,0,0,0,0,0,0,0,0,0,0,0,0,0,0,0,1,0,0,0,0,0,0,0,0,0,0,0,0,0,0,0,0,0,1,0,0,0,0,0,0,0,0,0,0,0,0,0,0,0,0,0,0,0,0,0,0,0,0,0,0,0,0,0,0,0,0,0,0,0,0,0,0,0,0,0,0,0,0,0,0,0,0,0,0,0,0,0,0,0,0,0,0,0,1,0,0,0,0,0,0,0,0,0,0,0,0,0,1,0,0,0,0,0,0,0,0,0,1,1,0,0,0,0,1,0,0,0,0,0,0,0,0,0,0,0,0,0,0,1,0,0,1,0,0,0,0,0,0,0,0,0,0,0,0,0,0,1,0,0,0,0,0,0,0,0,0,0,0,0,1,0,0,1,1,0,0,0,0,0,0,0,0,0,0,0,0,0,0,0,0,0,0,0,0,0,0,0,0,0,0,0,0,0,0,0,0,0,0,0,0,0,0,0,0,0,0,0,0,0,1,0,0,0,0,0,0,0,0,0,0,0,0,0,1,0,0,0,0,0,0,0,0,0,0,0,0,0,0,0,0,1,0,0,0,0,0,0,0,0,0,0,0,0,0,0,0,0,0,0,1,0,0,0,0,0,0,0,0,0,0,0,1,0,0,0,0,0,0,0,0,0,0,1,0,0,0,0,0,0,0,1,0,0,0,0,0,0,1,0,0,0,0,0,0,0,0,0,0,1,0,0,0,0,0,0,0,0,0,0,0,0,0,0,0,0,0,1,0,0,1,0,0,0,0,0,0,1,0,0,0,0,0,0,0,0,0,0,0,0,0,0,0,0,0,0,0,0,0,0,0,0,0,0,0,0,0,0,0,0,0,0,0,0,0,0,0,0,0,0,1,0,0,0,0,0,0,0,1,0,0,0,0,0,0,0,0,0,0,0,0,0,0,0,0,0,0,0,0,0,0,0,0,0,0,0,0,0,0,0,0,0,0,0,0,0,0,0,0,0,0,0,0,0,0,0,0,0,0,0,0,0,0,0,0,0,0,0,0,0,0,0,0,0,0,0,1,0,1.0,1.0227999999999993,1.0461198399999985,52.94250000000001,63.98223899999996,17.0,19.0,52.0,29.0,23.0,0.0,24.0,1.0,3.0,1.0,0.0,0.0,0.0,0.0,0.0,0.0,5477.65202800001,5451.861185000001,7832.228120000005,8020.296360000002,8264.492634999982,8170.030630999999,6890.713874000012,5725.0805320000045,5476.369676000003,12368.595504776726,15308.028724334174,21990.447317841776,24525.92739944028,25237.18389794914,24802.074686635333,21066.428993982336,17342.81901767159,16854.985335241254,394.4976889999997,412.1775600000004,688.1379580000006,877.3764940000003,932.2702440000004,927.861502,941.4975700000012,714.2475880000011,629.1123820000007,88.70930881152685,108.84670280599993,160.6233044893392,182.95625296018824,195.0305747378293,196.70728413728224,168.21518780916833,131.1100275998289,131.86694141594293,8171.094270135327,7607.290153635954,13396.007063590312,17407.080399929495,19072.263746684053,19025.307817320096,20022.51502392268,15045.055443636373,12539.19735601658,238.1978737997256,172.7376543209876,281.43827160493817,333.6265432098765,345.3271604938272,335.2746913580249,341.1450617283949,291.78086419753083,237.67592592592595,105.33946207692328,100.96039231481484,86.06844087912094,69.74170747826089,66.11594107999986,64.84151294444443,54.25758955905521,60.26400560000005,65.9803575421687,237.8576058610909,283.4820134135958,241.6532672290305,213.2689339081764,201.89747118359315,196.84186259234392,165.87739365340423,182.5559896597009,203.0721124727862,7.586494019230762,7.632917777777784,7.561955582417589,7.629360817391307,7.458161952000002,7.363980174603174,7.413366692913395,7.518395663157906,7.579667253012056,1.7059482463755165,2.015679681592592,1.7650912581246063,1.5909239387842455,1.5602445979026347,1.561168921724462,1.3245290378674672,1.3801055536824094,1.5887583303125654,157.1364282718332,140.875743585851,147.20886883066277,151.36591652112605,152.57810997347244,150.99450648666743,157.6575986135644,158.36900466985657,151.0746669399588,4.580728342302415,3.198845450388659,3.092728259394925,2.9011003757380567,2.7626172839506173,2.660910248873213,2.6861815884125586,3.0713775178687457,2.8635653726015176,0.6088292475465992,-0.3076978372782433,0.096662093278243,-0.1731260265545713,0.0476784645995307,-0.0082064385848858,0.1137181041187591,-0.0211918723374129,-0.0908410912813786,2315.3446790769244,109.67429088165812,460.77639584615497,-506.8147749585802,-23.63096255029638,-159.65554707100625,-20.76186936094729,352.46164191715866,-899.0857889112418,2775.186064983924,130.77771550984852,505.4708056311389,-148.14726785606592,162.34814916208904,-894.4141469081165,-39.44660314823932,507.9480999358798,-775.5118001793053,3.263598826923074,-0.1336153587278118,0.9150206105769216,-1.4118461941568046,-0.0783701608727798,0.2689915539940867,0.1682462303994105,-0.4054054530325441,-0.9738011468195272,15.209515831274684,1.090276798586632,2.3823064752787864,2.087740141202413,2.456050823603225,-3.8540831151990393,-3.6113891602234647,3.188255653341479,-2.3588341815427225,77.07345916218847,3.830612980983707,10.498043250942953,8.540756412456583,12.99901080559156,-30.133676937992284,-17.53974359808784,21.445119740660427,-8.262898132920878,82.4927389996835,-4.088626766422347,28.870058760683744,-21.849484911851373,-2.3484512859067648,4.468758624118293,-6.534247515239332,-15.783426702096625,-23.78592008689053,0.0117082547605115,-0.0056981080977452,0.0010622208052554,-0.0015054437091701,0.0003814277167962,-6.513046495941188e-05,0.0008954181426673,-0.0002230723403938,-0.0010944709792937,44.525859213017775,2.0310053866973723,5.063476877430275,-4.407084999639828,-0.189047700402371,-1.2671075164365575,-0.1634792863066716,3.710122546496407,-10.83235890254508,53.36896278815239,2.421809546478676,5.554624237704823,-1.2882371117918776,1.2987851932967125,-7.098524975461243,-0.3106031743955852,5.346822104588208,-9.343515664810909,0.0627615159023668,-0.0024743584949594,0.0100551715448013,-0.0122769234274504,-0.0006269612869822,0.0021348536031276,0.0013247734677118,-0.0042674258213952,-0.0117325439375846,0.2924906890629747,0.0201903110849376,0.0261791920360306,0.0181542620974122,0.0196484065888258,-0.0305879612317384,-0.0284361351198698,0.0335605858246471,-0.0284196889342496,1.482181906965163,0.0709372774256242,0.1153631126477247,0.0742674470648398,0.1039920864447324,-0.2391561661745419,-0.1381082173077782,0.2257381025332676,-0.0995529895532635,1.5863988269169904,-0.0757153104893027,0.3172533929745466,-0.1899955209726206,-0.0187876102872541,0.0354663382866531,-0.0514507678365301,-0.1661413337062802,-0.2865773504444642,-0.4866744202529038,0.0907240939817926,-0.1285796850139955,0.032577674862584,-0.0055627816691414,0.0764775076202966,-0.019052569743031,-0.0934785757297531,0.0456140638854551,0.1137199139314956,-0.09897810120981,-0.0042457956734297,-0.0284577892225401,-0.0036715582629088,0.0833251196511823,-0.2432824227090509,0.04537861371022,0.1040796737938088,-0.0241383201863135,0.0243359646776765,-0.1330084866674058,-0.0058199215080967,0.1001859849855499,-0.1750739601573279,-0.0394247726394729,0.1602123753741605,-0.1956122832748132,-0.0099895816404045,0.0340153288593076,0.0211080540147045,-0.0679943076587522,-0.1869385047333156,0.0690289019100726,0.0895043603606612,0.0620678290839664,0.0671761779897048,-0.1045775553735752,-0.097220650718722,0.1147406980104634,-0.097164422653231,0.0478600346504509,0.0778333024479675,0.0501068368975748,0.0701614868971522,-0.1613541260021352,-0.0931789928474847,0.1523012131456098,-0.0671665124809835,-0.0477277902659874,0.1999833759276646,-0.1197652934110259,-0.0118429300176463,0.0223565081396198,-0.0324324293258081,-0.1047286034806011,-0.1806464714811968,1.3566222425413723,0.7516051157008579,1.1785070043534278,0.7080993185975187,0.6070344148027197,0.6802163451865356,1.0296841312320812,0.9990548546970722,0.7668048426197261,0.8147025247350461,1.0194139421597994,1.0051992146188256,1.0548467860496409,1.1542186699332786,0.7976738526120979,1.3923235736696529,0.8896738291744481,0.867797992669067,0.975118474778032,0.972645913857051,1.1496977699540951,1.0293706866488233,0.8602325451150042,1.1600231905497809,0.7577896086295138,0.6329916049419374,1.320766681169649,0.7434435004646457,0.441363213028164,0.7642890655128273,1.0004468120193448,1.164097708432042,0.8856082011259739,0.9140962270905444,0.8960841658226726,0.961101548912872,1.1694291474837182,1.1961618994566356,0.7726941081719861,1.225021282872908,0.9487350963865298,0.9028766194246106,0.9180427559546848,0.921957731514075,1.1585126768582474,1.0988463810651796,0.8651457496230265,1.0759085114547209,0.6667562943291064,0.3742195859735724,0.8982630992073212,0.737705929685313,0.571356479723476,0.9700536997512714,1.2875424514742333,1.192926333464288,268.4316567017312,134.6086111065637,202.8872129221977,269.6354744357212,9.297774980542108,134.6086111065637,1.517857142856883,0.2266638836308656,0.0078159959872712,-4.3044324381983206,331.88845161645776,11.44442936608475,16.833916877722096,268.4612361651032,134.62152488959202,202.90237572169733,269.6633078623051,9.29873475387259,134.62152488959202,1.5156556182110703,0.2265218605104683,0.007811098638292,-4.306250090531652,331.88428132528503,11.444285562940864,16.833880438007718,296.9564369318899,147.7988538723218,218.28036224370464,296.0662350505908,10.209180518985889,147.7988538723218,-1.358729187246297,0.0568252339124888,0.0019594908245685,-8.316546899369873,441.5204740677399,15.22484393337034,17.661650739259624,270.38956346551714,135.67333348172275,203.8897831023848,271.2806598256574,9.354505511229563,135.67333348172275,0.957103497928358,0.2054027763166838,0.0070828543557477,-4.590069148339732,452.90392966293615,15.617376884928833,17.735472078858322,324.4753780098426,160.53965922432656,234.1652459279493,322.6517033430019,11.125920804931102,160.53965922432656,-3.340926680164671,0.1270910092279203,0.0043824485940662,-5.982270339104928,459.80366177503095,15.85529868189762,17.779318770807198,273.9412516724351,137.29950166012884,205.7449800229548,274.55364113764927,9.467366935781008,137.29950166012884,0.6577516478225789,0.1849765702583067,0.0063785024227002,-4.893825716612281,417.7309332547188,14.40451493981789,17.501028822248212,300.26913845625,148.64122278441943,221.7774121852641,300.4488473369287,10.360305080583744,148.64122278441943,0.3474371693120588,0.3125243024138567,0.0107767000832364,-3.372911830804767,436.8884204867007,15.065117947817264,17.63106571221742,0.0,11.996132962616157,31.972072447802823,-0.3669529177754811,0.2784875963191626,3.851989179000281,12.191396172063367,31.0,54.0,52.0,33.0,10.0,1.0,1.0,1.0,0.0,21.0,30.957760999999994,4.304327707314912,3.875358089536287,3.764560523771245,3.451516074515764,3.3188983645922145,3.139278396134765,3.021774369094148,2.84227785067476,2.059882879054746,1.9760295748491297,1.7380781492451876,1.6923875032038769,1.476021817309439,1.3731758165730037,1.2496297225843556,1.2273028032935938,4.0634435053121,3.864867228104458,3.612662970302962,3.342217558781716,3.281395079144777,3.0463270899120336,2.924072979769268,2.8192219347135814,2.042154181414811,1.9866489582555644,1.7024945298653582,1.6800082151325448,1.4554594434897254,1.361313210070342,1.3205791285953217,1.1775053194063565,4.082135438572521,3.910182730678647,3.6768692242899808,3.5054732330641976,3.4399746900119297,3.1660529909919086,3.081555814065604,2.942165788926253,1.9876426418491688,1.9266169911879032,1.5394193528928497,1.479580051085803,1.3325232860485856,1.2667208191563255,1.07674432375548,1.024124164590803,4.115523359554816,3.869403438190558,3.654671011611964,3.3402056561314524,3.2933773243985205,3.0306724412981367,2.9333766041632154,2.834281249813613,2.032046279179231,1.977467831900022,1.6956826372620597,1.661876820892385,1.451699142954586,1.320130921524327,1.2806108855056282,1.1498453173573913,4.085913627019013,3.9255979489576736,3.6888042025710135,3.533089065920516,3.4758354156618347,3.207844852984549,3.141062934196026,2.9777967010638644,1.974015559781912,1.917574561652616,1.5137236773532194,1.4454462761884204,1.3087975404060188,1.2600181152724488,1.014439553865416,0.9849988526653738,4.706924559027573,4.515735924077324,4.010720926771992,3.8405529106731495,3.667952265348304,3.5818402492334327,3.3756634695690173,3.0767462829414907,2.0281974024717058,1.9671980143666308,1.6455233950706185,1.6123531522906551,1.440247613058199,1.341275774143238,1.1471860733017245,0.932259866618899,1.0,0.0,2.0,9.0,6.0,3.0,3.0,0.0,0.0,0.0,0.0,0.1178511301977579,0.2721655269759087,0.5138513566024673,0.0,0.0,0.1020620726159657,0.1501745950484345,0.2263913099493615,2.225739083376461,0.0,0.3309330932755814,0.0,1.1091471746870596,0.0,0.1416588384177743,0.0,4.166800424800324,6.401853202676797,8.58613080943909,1.9793511432286333,2.7539921848582227,3.196590335931134,20.96589084732138,13.867412398353686,12.75571428446642,9.7613914954056,8.1393604752084,6.429978035438609,4.611961497351407,3.3211554900598435,0.7229617533559096,0.4473358838178608,0.2966445182434051,0.1807665091741778,0.1162765782172628,0.0747671864585884,0.0480412655974104,0.0307514397227763,17.54603462839896,10.364543830017084,8.143223488607234,5.5552939442183895,4.119619760405075,2.750684287808201,1.7760367278346192,1.1512210097033568,0.6050356768413434,0.3343401235489381,0.1893772904327263,0.102875813781822,0.0588517108629296,0.0319847010210255,0.0185003825816106,0.0106594537935496,34.320435375534295,51.94209759650408,50.09411764705876,50.64400000000005,37.01930479041919,388.47883173652696,0.6600083726064288,0.998886492240463,0.9633484162895916,0.973923076923078,0.7119097075080614,7.47074676416398,5.949210000000006,118.55280000000008,263.23760535707,380.29664540096894,526.4752107141401,18.15431761083241,263.23760535707,0.0197567559396905,0.0006812674461962,-11.380353342375344,342.9408872917707,11.825547837647266,16.92891846696363,780.0,1.0,0.0,4.0,18.0,1.0,0.0,0.0,0.0,0.0,0.0,0.0,0.0,1.0,1.0,0.0,0.0,0.0,0.0,0.0,0.0,0.0,0.0,0.0,0.0,0.0,8.0,0.0,5.0,1.0,0.0,8.0,0.0,0.0,0.0,0.0,0.0,0.0,0.0,0.0,3.0,0.0,2.0,0.0,0.0,8.0,1.0,0.0,1.0,1.0,8.0,0.0,0.0,0.0,0.0,0.0,0.0,0.0,0.0,1.0,0.0,0.0,0.0,0.0,0.0,0.0,0.0,1.0,1.0,1.0,0.0,0.0,0.0,0.0,0.0,0.0,0.0,0.0,0.0,0.0,0.0,0.0,0.0,0.0,0.0,0.0,0.0,1.0,0.0,0.0,0.0,0.0,0.0,0.0,0.0,0.0,0.0,0.0,0.0,0.0,0.0,0.0,0.0,0.0,0.0,0.0,0.0,0.0,0.0,0.0,0.0,0.0,0.0,0.0,0.0,0.0,0.0,0.0,0.0,0.0,0.6601718341877192,0.0,24.08689329999008,26.679210120287188,7.120519887573023,0.0,0.0,0.0,0.0,0.0,0.0,0.0,-0.8573477202315367,0.6601718341877192,0.0,0.0,0.0,0.0,0.0,0.0,0.0,0.0,0.0,0.0,0.0,3.6480508893390287,0.0,2.685601680904579,0.6373905983906438,0.0,3.6480508893390287,0.0,0.0,0.0,0.0,0.0,0.0,0.0,0.0,5.987341370561852,0.0,0.7059721939359874,0.0,0.0,16.790421435669415,0.0349406446663858,0.0,2.25555923541053,-0.7698545753656056,8.403084024572848,0.0,0.0,0.0,0.0,0.0,0.0,0.0,0.0,9.487123852039996,0.0,0.0,0.0,0.0,0.0,0.0,0.0,8.86821124434508,10.785858346008004,5.731497291018153,0.0,0.0,0.0,0.0,0.0,0.0,0.0,0.0,0.0,0.0,0.0,0.0,0.0,0.0,0.0,0.0,0.0,-1.2986735813811632,0.0,0.0,0.0,0.0,0.0,0.0,0.0,0.0,0.0,0.0,0.0,0.0,0.0,0.0,0.0,0.0,0.0,0.0,0.0,0.0,0.0,0.0,0.0,0.0,0.0,0.0,0.0,0.0,0.0,0.0,0.0,0.0,0.6601718341877192,0.0,-1.2986735813811632,-0.7698545753656056,7.120519887573023,0.0,0.0,0.0,0.0,0.0,0.0,0.0,-0.8573477202315367,0.6601718341877192,0.0,0.0,0.0,0.0,0.0,0.0,0.0,0.0,0.0,0.0,0.0,0.3694077932098765,0.0,0.4277696975982961,0.6373905983906438,0.0,0.3694077932098765,0.0,0.0,0.0,0.0,0.0,0.0,0.0,0.0,1.955000329512356,0.0,0.1526583476058172,0.0,0.0,1.9043269346971887,0.0349406446663858,0.0,2.25555923541053,-0.7698545753656056,0.5799203368981503,0.0,0.0,0.0,0.0,0.0,0.0,0.0,0.0,9.487123852039996,0.0,0.0,0.0,0.0,0.0,0.0,0.0,8.86821124434508,10.785858346008004,5.731497291018153,0.0,0.0,0.0,0.0,0.0,0.0,0.0,0.0,0.0,0.0,0.0,0.0,0.0,0.0,0.0,0.0,0.0,-1.2986735813811632,0.0,0.0,0.0,0.0,0.0,0.0,0.0,0.0,0.0,0.0,0.0,0.0,0.0,0.0,0.0,0.0,0.0,0.0,0.0,0.0,0.0,0.0,0.0,0.0,0.0,0.0,0.0,0.0,0.0,0.0,0.0,0.0,0.6601718341877192,0.0,10.785858346008004,2.4065789556563364,7.120519887573023,0.0,0.0,0.0,0.0,0.0,0.0,0.0,0.0,0.6601718341877192,0.0,0.0,0.0,0.0,0.0,0.0,0.0,0.0,0.0,0.0,0.0,0.5294473322693021,0.0,0.6373905983906438,0.6373905983906438,0.0,0.5294473322693021,0.0,0.0,0.0,0.0,0.0,0.0,0.0,0.0,2.0773407115371403,0.0,0.5533138463301702,0.0,0.0,2.4065789556563364,0.0349406446663858,0.0,2.25555923541053,0.0,1.3814358048724031,0.0,0.0,0.0,0.0,0.0,0.0,0.0,0.0,9.487123852039996,0.0,0.0,0.0,0.0,0.0,0.0,0.0,8.86821124434508,10.785858346008004,5.731497291018153,0.0,0.0,0.0,0.0,0.0,0.0,0.0,0.0,0.0,0.0,0.0,0.0,0.0,0.0,0.0,0.0,0.0,0.0,0.0,0.0,0.0,0.0,0.0,0.0,0.0,0.0,0.0,0.0,0.0,0.0,0.0,0.0,0.0,0.0,0.0,0.0,0.0,0.0,0.0,0.0,0.0,0.0,0.0,0.0,0.0,0.0,0.0,0.0,0.0,0.0,66.98148148148147,2.3097062579821195,0.6601718341877192,10.785858346008004,-0.1279021605617276,-1.2986735813811632,8.966896046961734,2.4365212420322724,3.7858583460080033,26.78366040991915,2.4483730938841246,3.776063427122176,25.39795543582952,14.23332,0.4908,0.0,0.0092,0.58013,0.8023,0.43976,0.51422,0.78556,0.14037,0.06591,-0.07446,0.01674,0.61175,0.10254,0.0,0.18033,0.35129,0.0,38.75,1.33621,16.75,0.57759,22.0,0.75862,5.25,0.18103,0.5,0.01724,24.40829,0.84167,53.45105,29.04275,1.00147,6.49439,0.22394,13.86735,7.37296,0.25424,0.54665,0.01885,0.80465,0.02775,0.3269230769230769,149.05,3.0,4.0,4.0,4.0,1.0,1.0,0.2608695652173913,1.49205678527989,3.62910623996084,4.625129199662368,5.1568885160932,5.19535005455474,5.195350054554741,77.58695283455428,188.7135244779637,240.50671838244315,268.1582028368464,270.15820283684644,270.1582028368465,0.2617441564256113,0.6366361928907982,0.8113635839255252,0.9046474958207006,0.911394613650776,0.9113946136507762,4.208382932861203,2.071333478180253,1.0753105184787248,0.543551202047893,0.5050896635863529,0.505089663586352,0.2464058119786767,0.5993289790553695,0.7638172536009132,0.8516346794757508,0.8579864126725454,0.8579864126725456,15.54030960252203,35.89790471062172,41.63815929233007,43.44240752335136,43.48117002458211,43.48117002458211,94.3285013984088,48.12210258519845,31.416751482161345,26.622971767872333,26.48064716332844,26.48064716332844,23.658688865764827,11.039480800432669,6.491083676268861,5.0,20.0,3.0,3.55,3.130800000000001,0.454280148208035,4.813602124048599,5.358834079368455,0.0,12.241767161807294,27.65355011419293,0.0,9.978017295740967,0.0,0.0,0.4999999999999999,0.1333333333333333,0.0,0.0,0.0,0.0,0.0,0.0,0.0,0.591,0.985,1.024,2.2910000000000004,2.667,15.458,43.0,54.0,70.0,86.0,96.0,108.0,119.0,134.0,139.0,909.0,3.795489189172194,4.421848128860553,5.044231243524771,5.681877639268151,6.273289657243213,6.764029239947545,7.252286472656169,7.72122047386775,8.230380532581552,8.642562654996444,9.621181368649886,16.589499965621563,0.4705882352941176,3.0,0.0,0.0,1.0,2.0,0.0,0.0,0.0,0.0,0.0,0.0,0.0,0.0,0.0,0.0,0.0,0.0,0.0,0.0,0.0,0.0,0.0,0.0,3.0,0.0,1.0,2.0,0.0,0.0,0.0,0.0,0.0,0.0,0.0,1.0,0.0,0.0,1.0,0.0,0.0,0.0,0.0,0.0,0.0,0.0,0.0,0.0,0.0,0.0,0.0,0.0,0.0,0.0,0.0,0.0,0.0,0.0,0.0,0.0,1.0,0.0,0.0,0.0,0.0,0.0,0.0,0.0,0.0,7.0,0.2258064516129032,11.0,0.3548387096774194,1.0,9.0,17.0,0.8888888888888888,7.0,3.333333333333332,1.625,1.881666666666668,1.2852777777777769,0.6326077097505672,0.389810090702948,0.3474505542957924,0.2575077160493828,0.1432547699214366,0.2258064516129032,0.0775193798449612,0.0377906976744186,0.0437596899224806,0.0321319444444444,0.019169930598502,0.0129936696900982,0.0128685390479923,0.0099041429249762,0.0068216557105446,0.5139265646615455,186.1085763386568,283.7495241761665,372.2171526773136,12.835074230252191,186.1085763386568,0.0938536865846151,0.0032363340201591,-6.861452881651792,363.81708389630126,12.545416686079353,17.100288551236968,98.56,380.766132277852,5.857980995127573,5.003946305945459,5.83773044716594,6.71295620067707,7.57095858316901,8.450839690866216,9.31982238259318,10.202443337211283,11.077686481493952,11.962273478228346,136.13865690735048,4.143134726391533,0.0,5.459585514144159,2.3978952727983707,6.953684210870537,4.59511985013459,8.535229553902337,6.6052979209482015,10.166736041346642,10.414213171301784,405.1398645960006,7.791151242230781,58.474310080735066,2.016355520025347,13.35629585894782,7.749935424304872,2.4876818713299365,2583.0,43.0,6.799,148.0,1.0,3.505149978319906
0,0,0,0,0,0,0,0,0,0,0,0,0,0,0,0,0,0,0,0,0,0,0,0,0,0,0,0,0,0,0,0,0,0,0,0,0,0,0,0,0,0,0,0,0,0,0,0,0,0,0,0,0,0,0,0,0,0,0,0,0,0,0,0,0,0,0,0,0,0,0,0,0,0,0,0,0,0,0,0,0,0,0,0,0,0,0,0,0,0,0,0,0,0,0,0,0,0,0,0,0,0,0,0,0,0,0,0,0,0,0,0,0,0,0,0,0,0,0,0,0,0,0,0,0,0,0,0,0,0,0,0,0,0,0,0,0,0,0,0,0,0,0,0,0,0,0,0,0,0,0,0,0,0,0,0,0,0,0,0,0,0,0,0,0,0,0,0,0,0,0,0,0,0,0,0,0,0,0,0,0,0,0,2,4,3,1,2,2,5,1,2,1,2,3,4,2,2,2,2,5,0,0,0,0,0,0,0,0,0,0,0,0,0,0,0,0,2,3,2,3,0,0,0,0,0,0,0,0,0,0,0,0,0,0,0,0,0,1,5,2,5,1,2,0,0,0,0,0,0,0,0,0,0,0,0,0,0,0,0,0,0,0,0,0,0,0,0,0,0,0,0,0,0,0,0,0,0,0,0,0,0,0,0,0,0,0,0,0,0,0,0,0,0,0,0,0,0,0,0,0,0,0,0,0,0,0,0,0,0,0,0,0,0,0,0,0,0,0,0,0,0,0,0,0,0,0,0,0,0,0,0,0,0,0,0,0,0,0,0,0,0,0,0,0,0,0,0,0,0,0,0,0,0,0,0,0,0,0,0,0,0,0,0,0,0,0,0,0,0,0,0,0,0,0,0,0,0,0,0,0,0,0,0,0,0,0,0,0,0,0,0,0,0,0,0,0,0,0,0,0,0,0,0,0,0,0,0,0,0,0,0,0,0,0,0,0,0,0,0,0,0,0,0,0,0,0,0,0,0,0,0,0,5,2,3,1,1,2,1,0,0,0,0,0,0,0,0,0,0,0,0,0,0,0,0,0,0,0,0,0,0,0,0,0,0,0,0,0,0,0,0,0,0,0,0,0,0,0,0,0,0,0,0,0,0,0,0,0,0,0,0,0,0,0,0,0,0,0,0,0,0,0,0,0,0,0,0,0,0,0,0,0,0,0,0,0,0,0,0,0,0,0,0,0,0,0,0,0,0,0,0,0,0,0,0,0,0,0,0,0,0,0,0,0,0,0,0,0,0,0,0,0,0,0,0,0,0,0,0,0,0,0,0,0,0,0,0,0,0,0,0,0,0,0,0,0,0,0,0,0,0,0,0,0,0,0,0,0,2,5,2,4,0,0,0,0,0,0,0,0,0,0,0,0,0,0,0,0,0,0,0,0,0,2,2,2,1,2,2,2,1,0,0,0,0,0,0,0,0,0,0,0,2,2,2,2,2,4,3,2,2,0,0,0,0,0,0,2,2,2,2,2,0,0,1,0,0,0,0,5,5,0,0,0,0,0,0,0,0,0,0,0,1,5,2,5,0,0,0,0,0,2,0,0,0,0,0,0,0,1,2,2,2,2,2,1,0,0,0,0,0,0,0,0,0,0,0,0,0,0,0,3,2,3,0,2,3,4,0,0,0,0,0,0,0,0,0,0,0,0,0,0,0,0,0,0,0,0,0,0,0,0,0,0,0,0,0,0,0,0,2,2,2,1,2,2,2,2,2,0,0,0,0,0,0,0,0,0,0,0,0,0,0,0,0,0,0,0,0,0,0,0,0,3,2,2,2,3,1,1,2,3,2,0,0,0,5,2,3,0,0,0,0,0,0,0,1,2,0,0,0,0,0,0,0,2,2,2,0,0,0,0,0,0,0,0,0,0,0,0,0,0,0,0,0,0,0,0,0,0,0,0,0,0,0,0,0,0,0,0,0,0,0,0,0,0,0,0,0,0,0,0,0,0,0,0,0,0,0,0,0,0,0,0,0,0,0,0,0,0,0,0,0,0,0,2,5,4,0,1,1,2,2,2,2,2,3,2,0,0,0,3,2,2,3,0,0,0,0,0,0,0,0,0,0,0,0,2,2,0,0,0,0,0,0,0,0,0,0,0,0,0,0,0,0,0,0,0,0,0,0,0,0,0,0,0,0,0,0,0,2,2,2,2,4,5,0,0,0,0,0,0,0,0,0,0,0,0,0,0,0,0,0,0,0,0,0,0,0,0,0,0,0,0,0,0,0,0,0,0,3,0,0,0,0,0,0,0,0,0,0,0,0,0,0,0,0,0,0,0,0,0,0,0,0,0,0,2,3,0,0,0,0,0,0,2,2,5,5,1,1,0,0,0,0,0,0,0,0,0,0,0,0,0,0,0,0,0,0,0,0,0,0,2,1,2,0,0,0,0,0,0,0,0,0,3,3,5,0,0,1,5,0,0,0,0,0,0,0,0,0,0,0,0,0,0,0,3,2,0,0,0,0,2,2,2,0,0,0,0,2,2,2,2,1,0,0,0,2,3,2,2,2,1,0,0,2,2,1,2,2,0,0,0,0,0,0,0,0,0,0,0,0,1,2,3,0,0,0,0,0,0,0,0,0,0,0,0,0,0,0,0,0,0,0,0,0,0,0,0,0,0,0,0,0,0,0,0,0,0,0,0,0,0,0,1,2,0,0,0,0,1,0,0,0,0,0,0,0,0,0,0,0,0,0,0,0,0,0,0,0,0,0,0,0,0,0,0,0,0,0,0,0,0,0,0,0,0,0,0,0,0,0,0,0,0,0,0,0,0,0,0,0,0,0,0,0,0,0,0,0,0,0,0,0,0,0,0,0,0,0,0,0,0,0,0,0,0,0,0,0,0,0,0,0,0,0,5,2,0,0,0,0,0,0,4,2,0,0,0,0,0,0,0,0,0,0,0,0,1,3,3,2,0,0,0,0,0,0,0,0,0,0,0,0,0,0,0,0,0,0,0,0,0,0,0,0,0,0,0,0,0,0,0,0,0,0,0,0,0,0,0,0,0,0,0,2,1,0,0,0,0,0,0,0,0,0,0,0,0,0,0,0,0,0,0,0,0,0,0,2,2,2,5,0,0,0,0,0,0,0,2,2,0,0,0,0,0,0,0,0,2,2,2,1,0,0,0,0,2,2,2,2,0,2,1,2,2,2,0,2,2,0,0,0,0,0,0,0,0,0,0,0,0,0,0,0,0,0,0,1,2,2,0,0,0,0,0,0,0,0,0,0,0,0,0,0,0,0,2,2,5,2,2,1,0,0,0,0,0,0,0,3,2,0,3,4,2,4,1,1,2,0,1,1,4,3,3,3,1,3,4,1,1,0,4,0,0,1,3,2,2,2,4,0,3,1,2,2,3,4,0,2,1,3,1,0,1,2,4,0,0,1,4,2,1,1,2,0,2,3,4,1,2,4,0,3,4,4,2,0,3,1,3,3,1,4,4,1,3,4,2,2,0,2,3,3,3,2,4,0,4,3,3,1,3,2,3,0,4,3,0,2,4,0,4,4,2,0,2,4,2,3,2,3,1,0,2,2,1,0,3,2,2,2,4,4,0,3,3,0,3,2,4,2,0,1,1,0,0,3,0,1,3,1,1,3,2,4,0,0,0,1,0,4,0,3,4,2,3,3,4,2,0,2,2,0,0,1,4,3,1,2,0,4,0,4,4,2,4,3,2,0,3,0,1,2,3,3,3,4,1,3,1,2,0,1,0,3,0,1,2,0,3,2,2,2,4,0,0,2,1,4,3,3,2,0,3,2,3,3,2,4,2,3,4,0,0,1,2,4,4,0,0,2,2,3,4,1,2,4,1,0,0,1,1,1,4,3,2,4,3,4,1,1,1,1,3,0,0,0,1,1,4,4,3,4,0,2,3,4,0,0,3,3,0,2,1,1,4,4,1,4,0,4,0,1,4,1,4,2,3,4,2,2,0,1,3,4,4,2,4,2,4,4,4,2,4,1,2,1,4,3,0,0,4,4,3,4,0,3,3,0,0,3,3,4,4,1,3,1,4,1,2,3,4,2,1,1,2,0,0,0,3,4,3,4,2,2,3,4,2,2,4,0,3,2,1,1,4,1,2,1,4,4,3,0,0,3,0,0,0,0,0,0,0,0,0,0,0,0,0,0,0,0,0,0,0,0,0,0,0,0,0,0,0,0,0,0,0,0,0,0,0,0,0,0,0,0,0,0,0,0,0,0,0,0,0,0,0,0,0,0,0,0,0,0,0,0,0,0,0,0,0,0,0,0,0,0,0,0,0,0,0,0,0,0,0,0,0,2,1,2,0,2,2,2,3,3,2,2,3,1,2,2,0,0,0,0,0,0,0,2,3,2,3,3,5,4,0,2,5,0,5,2,0,0,0,0,2,2,5,2,0,0,0,0,0,0,0,0,0,0,0,0,0,0,0,0,0,0,0,0,0,0,0,0,0,0,0,0,0,0,0,0,0,0,0,0,0,0,0,0,0,0,0,0,0,0,0,0,0,0,0,0,0,0,0,0,0,0,0,0,0,0,0,0,0,0,0,0,0,0,0,0,0,0,0,0,0,0,0,0,0,0,0,0,0,0,0,0,0,0,0,0,0,0,0,0,2,1,1,1,5,5,3,1,1,5,4,1,3,1,3,3,0,0,0,0,0,0,0,0,0,0,0,0,0,0,0,0,0,0,0,0,0,0,0,0,0,0,0,0,0,0,0,0,0,0,0,0,0,0,0,0,0,0,0,0,0,0,0,0,0,0,0,0,0,0,0,0,0,0,0,0,0,0,0,0,0,0,0,0,0,0,0,0,0,0,0,0,0,0,0,0,0,0,0,0,0,0,0,0,0,0,0,0,0,0,0,0,0,0,0,0,0,0,0,0,0,0,0,0,0,0,0,0,0,0,0,0,0,0,0,0,0,0,0,0,0,0,0,0,0,0,0,0,0,0,0,0,0,0,0,0,0,0,0,0,0,0,0,0,0,0,0,0,0,0,0,0,0,0,0,0,0,0,0,0,0,0,0,0,0,0,0,0,0,0,0,0,0,0,0,0,0,0,0,0,0,0,0,0,0,0,0,0,0,0,0,0,0,0,0,0,0,0,0,0,0,0,0,0,0,0,0,0,0,0,0,0,0,0,0,0,0,0,0,0,0,0,0,0,0,0,0,0,0,0,0,0,0,0,0,0,0,0,0,0,0,0,0,0,0,0,0,0,0,0,0,0,0,0,0,0,0,0,0,0,0,0,0,0,0,0,0,0,0,0,0,0,0,0,0,0,0,0,0,0,3,3,2,3,2,2,4,2,3,1,1,2,5,5,1,2,1,0,0,0,0,0,0,0,0,0,0,0,0,0,0,0,0,0,0,0,0,0,0,0,0,0,0,0,0,0,0,0,0,0,0,0,0,0,0,0,0,0,0,0,0,0,0,0,0,0,0,0,0,0,0,0,0,0,0,0,0,0,0,0,0,0,0,0,0,0,0,0,0,0,0,0,0,0,0,0,0,0,0,0,0,0,0,0,0,0,0,0,0,0,0,0,0,0,0,0,0,0,0,0,0,0,0,0,0,0,0,0,0,0,0,0,0,0,0,0,0,0,0,0,0,0,0,0,0,0,1,1,2,4,1,3,2,3,1,3,4,5,3,3,1,3,5,4,1,2,4,3,3,1,3,3,1,3,1,1,2,1,3,2,2,5,3,2,2,3,4,1,2,2,4,0,0,0,0,0,0,0,0,0,0,0,0,0,0,0,0,0,0,0,0,0,0,0,0,1,0,0,0,0,0,0,0,0,0,0,0,0,0,0,0,0,0,0,0,0,0,1,0,0,0,0,0,0,0,0,0,1,0,0,0,0,0,0,0,0,0,0,0,0,0,0,0,0,0,0,0,0,0,0,0,0,0,0,0,0,0,0,0,0,1,0,0,0,0,0,0,0,0,0,0,0,1,0,1,0,0,0,1,0,1,0,0,0,0,0,0,0,1,0,0,0,0,0,0,0,0,0,1,0,0,0,0,0,0,0,0,1,0,0,0,0,0,0,0,0,0,0,0,0,0,0,0,0,0,0,0,0,0,0,1,0,1,0,0,0,0,0,0,0,0,0,0,0,0,0,0,0,0,0,0,0,0,0,0,0,0,0,0,0,0,0,0,0,0,0,0,0,0,0,0,0,0,0,0,0,0,0,0,0,0,0,0,0,0,0,0,0,0,0,0,0,0,0,0,0,0,0,0,0,0,0,0,0,0,0,0,1,0,0,0,0,0,1,0,0,0,0,0,0,0,0,0,0,0,0,0,0,0,0,0,0,0,0,0,0,0,0,0,1,0,1,1,0,0,0,1,0,0,0,0,0,0,0,0,0,0,1,0,1,0,0,0,0,0,0,0,0,0,0,0,0,0,0,0,0,0,1,0,0,0,0,0,0,0,0,0,0,0,0,0,0,0,0,0,0,0,0,0,0,1,0,0,1,1,0,0,0,0,0,0,0,0,0,0,0,0,0,0,0,0,1,0,0,0,0,0,0,0,0,0,0,0,0,0,0,0,0,0,0,0,0,0,0,0,0,1,0,0,0,1,0,0,0,0,1,0,0,0,0,1,1,0,0,0,0,0,0,0,0,0,1,1,0,0,0,0,0,0,0,0,0,0,1,0,0,0,0,0,0,0,0,0,0,0,0,0,0,0,0,0,0,0,0,0,0,0,0,0,0,0,0,0,0,0,0,0,0,0,0,0,0,0,0,0,0,0,0,0,0,0,0,1,0,0,0,0,0,0,0,0,0,0,0,0,0,0,0,0,0,0,0,0,0,0,0,0,0,0,0,0,0,0,0,0,0,0,0,0,0,0,0,0,0,0,0,0,0,0,0,0,0,0,0,0,0,0,0,0,0,0,0,0,0,0,0,0,0,1,0,0,0,0,0,0,0,0,0,0,0,0,0,1,0,0,0,0,0,0,0,0,0,0,0,0,0,0,0,1,0,0,0,0,0,1,0,0,0,0,0,0,0,0,0,0,0,0,0,0,1,0,0,0,0,0,1,0,0,0,0,0,0,0,0,0,0,0,0,0,0,0,0,0,0,0,0,0,0,0,0,0,0,0,0,0,0,0,0,0,0,0,0,0,0,0,0,0,0,0,0,0,1,0,0,0,0,0,0,1,0,0,0,0,0,0,0,0,0,0,0,0,0,0,0,0,0,0,0,0,0,0,0,0,0,0,0,0,0,0,0,1,0,0,0,1,0,0,0,0,0,1,0,0,1,0,0,0,1,1,0,0,0,0,0,0,0,0,0,0,0,0,0,0,0,1,0,0,0,0,0,0,0,0,0,0,0,0,0,0,1,0,0,1,0,0,0,0,0,0,0,0,0,0,0,0,0,0,1,0,0,0,0,0,0,0,0,0,0,0,0,1,0,0,0,1,0,0,0,0,0,0,0,0,0,0,0,0,0,0,0,0,0,0,0,0,0,0,0,0,0,0,0,0,0,0,0,0,0,0,0,0,0,0,0,0,0,0,0,0,0,0,0,0,0,0,0,0,0,0,0,0,0,0,0,0,0,0,0,0,0,0,0,0,0,0,0,0,0,0,0,0,1,0,0,0,1,0,0,0,0,0,0,0,0,0,0,0,0,0,0,1,0,0,1,0,1,0,0,0,0,0,0,0,0,0,0,0,0,0,0,0,0,0,1,0,0,0,0,0,0,0,1,0,0,0,0,0,0,0,0,0,0,0,0,0,0,0,0,0,1,0,0,0,0,0,0,0,0,0,0,1,0,0,0,0,0,0,1,0,0,1,0,0,0,0,0,0,0,0,0,0,1,0,0,0,0,0,0,0,1,0,0,0,0,0,0,0,0,0,0,0,0,0,0,0,0,0,0,0,0,0,0,0,0,0,0,0,0,0,0,1,0,0,0,0,0,0,0,1,0,0,0,0,0,0,0,0,0,0,0,0,0,0,0,0,0,0,0,0,0,0,0,0,0,0,0,0,0,0,0,0,0,0,0,0,0,0,0,0,0,0,0,0,0,0,0,0,0,0,0,0,0,0,0,0,0,0,0,0,0,0,0,0,0,0,0,0,0,1.0,0.9876999999999992,0.9755512899999984,46.1851,58.55065299999997,17.0,19.0,49.0,28.0,21.0,0.0,21.0,2.0,4.0,0.0,0.0,0.0,1.0,0.0,0.0,1.0,5723.85048700001,5258.973290999998,7759.439700000002,8129.631608000004,7916.0115230000065,8012.754513000001,6173.466471000003,5231.811809000006,5303.186832000001,11402.775982499365,14015.216487598736,20002.461326936704,21856.60517089402,21525.81048651814,20550.38754022815,17461.124768238085,14666.580801822753,14559.443731115804,385.3243409999996,400.32894600000026,669.3142920000006,832.3750540000004,874.3482940000004,843.6554159999996,796.0178480000005,609.896282000001,581.4874360000001,77.64898700182887,95.31415418599993,138.86075185933905,155.94549183018827,156.54485232498033,149.9339664198862,132.21336958613088,105.87941532897982,103.97838138854692,7878.396867046128,7385.159478113152,13057.095067561184,16473.17340113537,17955.56515686744,17270.711266007344,16385.494582497602,12777.50583566688,11482.010568744588,217.58862978204536,170.77057613168725,291.93415637860096,320.04526748971193,325.68518518518533,320.04320987654324,293.4372427983538,234.10390946502045,243.51748971193408,116.81327524489816,103.11712335294116,90.22604302325584,76.69463781132079,70.05319931858413,74.19217141666667,60.52418108823533,65.39764761250008,72.64639495890412,232.7097139285584,274.8081664235046,232.58675961554303,206.19438840466057,190.49389811078,190.2813661132236,171.18749772782436,183.3322600227844,199.44443467281928,7.863762061224482,7.849587176470593,7.782724325581402,7.852594849056608,7.737595522123897,7.811624222222218,7.804096549019613,7.623703525000012,7.965581315068495,1.5846732041189566,1.8689049840392145,1.6146599053411517,1.4711838851904555,1.3853526754423038,1.388277466850798,1.2962095057463812,1.3234926916122478,1.4243613888842042,160.78360953155362,144.80704859045397,151.8266868321068,155.40729623712613,158.89880669794195,159.9139932037717,160.64210374997649,159.71882294583602,157.28781601019983,4.440584281266232,3.3484426692487697,3.3945832137046623,3.019294976318037,2.8821697803998703,2.9633630544124374,2.876835713709351,2.9262988683127555,3.335856023451152,0.7006834667264278,-0.4039459315041639,0.1002963424011682,-0.0076722708049559,-0.0955696928864354,-0.0201066560565272,0.148453809215488,0.0145691952521509,-0.2135408496600207,2444.504815959184,54.53574694044271,675.8148992349029,-210.07326589129505,158.18679513494325,-184.4769582773841,-950.4591008742192,696.6458468421483,-692.6485545310286,2466.0935766245298,22.35341160025243,400.589063188236,-173.11097259893904,198.46965790438304,-482.6213169340107,-441.3372060725774,684.2096380659973,-760.9265101030642,4.6452199999999975,0.1209067346938773,1.4097581632653056,-1.1730916326530607,-1.1903109183673477,-0.3378837551020405,-0.2228765306122442,0.3666692448979597,-1.8974367551020448,12.130015606188003,-0.0299064141370968,0.9875901785743318,-0.0575164302382622,1.022524136109305,-3.1384884427310773,-2.317858072907488,2.118834311869632,-1.880878994507224,70.36111695823736,-1.6181107720946832,-0.3193427182858186,-13.509458576532694,-18.385249613067227,-2.882868880922951,0.2372823315869185,7.705801692499822,-16.918986478776375,67.77448373039203,-4.963893089686443,31.430414891524187,-22.73422139494921,-9.972118225900507,-2.967605042632928,-5.996105002100851,2.488050071983287,-31.670293714940343,0.0142996625862536,-0.0079205084608659,0.0011662365395484,-7.237991325430117e-05,-0.0008457494945702,-0.0001861727412641,0.0014554295021126,0.0001821149406518,-0.0029252171186304,49.88785338692212,1.0693283713812296,7.858312781801197,-1.981823263125425,1.3998831427871083,-1.708119984049853,-9.31822647915901,8.708073085526854,-9.488336363438748,50.32844033927612,0.4383021882402437,4.658012362653906,-1.6331223830088588,1.7563686540210888,-4.468715897537136,-4.32683535365272,8.552620475824966,-10.423650823329648,0.0948004081632652,0.0023707202881152,0.0163925367821547,-0.0110669021948401,-0.0105337249413039,-0.0031285532879818,-0.0021850640256102,0.0045833655612244,-0.0259922843164663,0.247551338901796,-0.0005864002771979,0.0114836067276085,-0.0005426078324364,0.0090488861602593,-0.0290600781734359,-0.0227240987539949,0.0264854288983703,-0.0257654656781811,1.4359411624130074,-0.0317276621979349,-0.0037132874219281,-0.1274477224201197,-0.1627013240094444,-0.0266932303789162,0.0023262973684992,0.0963225211562477,-0.2317669380654298,1.383152729191674,-0.0973312370526753,0.3654699405991184,-0.2144737867448038,-0.0882488338575266,-0.0274778244688234,-0.0587853431578514,0.031100625899791,-0.4338396399306897,-0.5538947799006113,0.0815569271312443,-0.0050616518269375,-0.0591447168399099,-0.0130193800127221,0.1017806884137072,0.0127356110365118,-0.2045654644636478,0.0214346438819023,0.1575195613419842,-0.0397255670183826,0.0280606008827407,-0.0342391958780417,-0.1867834722590357,0.1745529722032425,-0.1901933179976445,0.0087088370965907,0.0925522891481064,-0.0324492945141869,0.0348981339811244,-0.0887910665900323,-0.0859719737882692,0.169936131900168,-0.2071125342462693,0.0250074903056576,0.1729163101695036,-0.1167389720071751,-0.1111147635900763,-0.0330014748733345,-0.0230490993440357,0.0483475298263592,-0.2741790338254921,-0.0023688026887651,0.0463887885985705,-0.0021919002128753,0.0365535738986612,-0.1173901070475085,-0.0917954992883705,0.1069896410815907,-0.1040813020542876,-0.0220953776021147,-0.0025859607058608,-0.088755532438357,-0.1133064001982054,-0.0185893622090057,0.0016200506186409,0.0670797130673404,-0.1614042024367908,-0.0703691175952467,0.2642296348666442,-0.1550615360244013,-0.0638026676266618,-0.0198660812279795,-0.0425009775979013,0.0224853157886378,-0.3136599673878597,1.5125612019243977,0.8399784605253277,1.1003230297268978,0.9117581410599132,0.8142115297448899,0.8097844834077401,0.8609609089200024,1.353648582182201,0.6335223285093674,0.6101681585578191,0.9578960192424972,0.8950796093185328,1.0873585751200818,1.4451805593151503,0.6074491907750018,1.0374118058840358,0.9230039461799568,0.8679732094384053,0.9890727233406656,0.9352185947754832,1.0448748611778895,1.088897175972014,0.820154562724674,1.112501367661495,0.7161960036338436,0.634396528444394,1.147061345186406,0.9863777220721296,0.912409267543363,1.0960679377687943,0.7387155613727666,1.393374494317418,0.979097353566833,0.9239395474447546,0.984306904770952,0.9235679134688436,1.0864438174184086,1.1365528478832634,0.8298053254124058,1.028875590938636,1.1573302959697225,1.0667373094111785,1.0917349635682494,1.1392499353612306,1.0838705847894388,0.9268666109098008,0.9399906190016402,1.2202916922022815,0.7455924929552219,0.4086880384734648,1.0314918351546172,0.8256106479833756,0.6695255195368168,0.9980276654736956,0.8840236023625226,1.5252197029911043,249.5691067423708,125.75093992580716,189.4020620653508,251.3638246295256,8.977279451054482,125.75093992580716,1.9327731092434988,0.1963939291654285,0.0070140688987653,-4.557371823487012,408.9570130571622,14.605607609184364,16.838108134314368,249.550044756812,125.74664609872444,189.4047072121353,251.354488808832,8.976946028886854,125.74664609872444,1.9432474406368807,0.1965970537889181,0.0070213233496042,-4.554477360147711,408.9212738821821,14.60433121007793,16.837863428735048,298.87038925146663,148.3595253562426,221.2964645792399,297.4873859049786,10.624549496606376,148.3595253562426,-2.151338538981406,0.0141447454056424,0.0005051694787729,-11.923553805197225,313.5209789173254,11.197177818475907,16.094025573445716,251.79308157972696,126.6386854697443,190.34750009777213,253.1713502709342,9.04183393824765,126.6386854697443,1.4842893597616325,0.1821587504135863,0.006505669657628,-4.768054807821141,400.73871704346345,14.312097037266552,16.781266982177183,338.0500904508965,166.4592473556522,246.0922599224375,334.7512074754444,11.955400266980156,166.4592473556522,-5.131595739592115,0.1873884737482724,0.0066924454910097,-4.688799968202618,304.6765659654947,10.881305927339096,16.013902168561586,252.3355732295488,126.80513502828636,189.5782228443564,253.51922028321388,9.054257867257636,126.80513502828636,1.274696827023945,0.164100794713943,0.0058607426683551,-5.060368426495364,460.34153205806746,16.44076900207384,17.169512289975152,252.74335198766107,126.9413447057022,189.3943993648556,254.55440043757943,9.091228587056406,126.9413447057022,2.623872627542127,0.3622117464581876,0.0129361338020781,-2.843473648950963,314.56450132843446,11.234446476015515,16.103329610973958,0.0,11.89,34.96885390234256,-0.3658759149935043,0.2590186636000346,3.844142718521688,10.053069798131704,30.0,51.0,50.0,31.0,10.0,1.0,1.0,0.0,0.0,20.0,29.487347,4.089486051997371,3.938285626176616,3.6787504414425216,3.441147893828444,3.346609269239837,3.220126596057467,2.9600255076209376,2.8177888400978848,2.036733857795056,1.951276915512189,1.7349188417930486,1.6710687255376848,1.3943013431497753,1.268593883057288,1.2496297225843551,1.164786886332137,3.9782570102264017,3.852372887476512,3.4927879519055627,3.3320648448627304,3.2445565589574685,2.935735041900348,2.846344496417509,2.7149491743788854,2.030640755224587,1.976572181375518,1.697960859986015,1.6746588986322923,1.3636855258120688,1.3329772053504554,1.3200654529888314,1.1345406859483502,4.072503071005667,3.900674356829128,3.654385874208773,3.50607167823894,3.422019500714948,3.0916680356248727,2.9658288729368145,2.823029150995226,1.960877449797912,1.8980230703613103,1.498170496522496,1.4695777858526673,1.1986276764521315,1.1002895630303062,1.0733935954142149,0.8009578772265015,3.968285707999136,3.856751491455581,3.470065967114404,3.326765743392972,3.2346379010336093,2.936722931890204,2.857740786989194,2.744021263303035,2.024867797863207,1.979782154798028,1.6895060334825611,1.67598019223419,1.4043114895964302,1.384711820748423,1.2814702747221742,1.0582626705327107,4.090108486490562,3.9140623380025046,3.675217273742727,3.533415249958539,3.4599341450824297,3.143571383013557,2.9972889387377726,2.85763467067023,1.9425883333719065,1.888800084280148,1.466698700221488,1.4226601482323449,1.17331244896149,1.0931500349845569,1.005827735142825,0.762985447673929,4.79056795112594,4.231346760605698,3.908688076287784,3.7591635275204296,3.7515716215203856,3.4280940773663326,3.12926879525444,2.974761022948027,1.9709727759043445,1.894483206279299,1.5791041657196678,1.5662986104571663,1.1622849671808737,1.121805661229162,1.0148377093256735,0.910986892670808,0.0,0.0,3.0,8.0,4.0,3.0,3.0,0.0,0.0,0.0,0.0,0.1178511301977579,0.2721655269759087,0.5337802159139756,0.0,0.0,0.0204124145231931,0.0685249369556619,0.1301049084557022,2.2947746771053104,0.0,0.3654508901400061,0.0,1.0361753265441442,0.0,0.1098907763731849,0.0,4.1864380861634,6.213224204249481,8.522187250924857,1.5898196405461031,1.9919774134716584,2.312044730588676,20.25878406613483,13.3294075958929,12.564670222809426,9.444120881601824,7.816706985392251,6.200609908786555,4.224384197970067,3.167760617717298,0.7235280023619582,0.4443135865297633,0.2991588148287958,0.1816177092615735,0.1166672684386903,0.0756171940095921,0.0469376021996674,0.030754957453566,16.655944523619624,9.329897845431091,7.185156333930241,4.422158664681839,3.0420332811145028,2.019319842300274,1.076364911806285,0.6417941536724768,0.5948551615578437,0.3109965948477031,0.1710751508078628,0.085041512782343,0.0454034818076791,0.0246258517353691,0.0119596101311809,0.0062310112007036,32.155171382047605,49.73670793882016,48.13725490196073,48.66800000000004,33.92853473053895,370.3842113772456,0.6562279873887267,1.015034855894289,0.982392957182872,0.9932244897959192,0.692419076133448,7.55886145667848,5.146200000000004,112.71480000000004,250.2055558795955,362.5658217586832,500.4111117591909,17.87182541997111,250.2055558795955,0.011294111878449,0.000403361138516,-12.55372653296448,341.68583541892656,12.203065550675948,16.334896773988238,751.0,1.0,0.0,5.0,15.0,1.0,0.0,0.0,0.0,0.0,0.0,0.0,0.0,1.0,1.0,0.0,0.0,0.0,0.0,0.0,0.0,0.0,0.0,0.0,0.0,0.0,6.0,0.0,5.0,1.0,0.0,6.0,0.0,0.0,0.0,0.0,0.0,0.0,0.0,0.0,3.0,0.0,2.0,0.0,0.0,6.0,1.0,0.0,0.0,1.0,8.0,0.0,0.0,0.0,0.0,0.0,0.0,0.0,0.0,0.0,0.0,0.0,2.0,0.0,0.0,0.0,0.0,1.0,1.0,1.0,1.0,0.0,0.0,0.0,0.0,0.0,0.0,0.0,0.0,0.0,0.0,0.0,0.0,0.0,0.0,0.0,0.0,0.0,0.0,0.0,0.0,0.0,1.0,0.0,0.0,0.0,0.0,0.0,0.0,0.0,0.0,0.0,0.0,0.0,0.0,0.0,0.0,0.0,0.0,0.0,0.0,0.0,0.0,0.0,0.0,0.0,0.0,0.0,0.0,0.0,0.677328700267144,0.0,31.51821012157584,17.73647232665176,7.276889959355834,0.0,0.0,0.0,0.0,0.0,0.0,0.0,3.7143409217953183,0.677328700267144,0.0,0.0,0.0,0.0,0.0,0.0,0.0,0.0,0.0,0.0,0.0,3.178301307953052,0.0,2.699870646127579,0.6589835434781115,0.0,3.178301307953052,0.0,0.0,0.0,0.0,0.0,0.0,0.0,0.0,5.985011121431058,0.0,0.618570456946762,0.0,0.0,11.734092382068454,0.1382122496046576,0.0,0.0,-0.797915799855401,6.800295744438707,0.0,0.0,0.0,0.0,0.0,0.0,0.0,0.0,0.0,0.0,0.0,8.682536069468942,0.0,0.0,0.0,0.0,8.82977253627674,10.743513387939666,5.809408131280184,5.483808556067906,0.0,0.0,0.0,0.0,0.0,0.0,0.0,0.0,0.0,0.0,0.0,0.0,0.0,0.0,0.0,0.0,0.0,0.0,0.0,0.0,0.0,0.6517075100113408,0.0,0.0,0.0,0.0,0.0,0.0,0.0,0.0,0.0,0.0,0.0,0.0,0.0,0.0,0.0,0.0,0.0,0.0,0.0,0.0,0.0,0.0,0.0,0.0,0.0,0.0,0.0,0.677328700267144,0.0,0.6517075100113408,-0.797915799855401,7.276889959355834,0.0,0.0,0.0,0.0,0.0,0.0,0.0,3.7143409217953183,0.677328700267144,0.0,0.0,0.0,0.0,0.0,0.0,0.0,0.0,0.0,0.0,0.0,0.4870206314233121,0.0,0.4181342823896887,0.6589835434781115,0.0,0.4870206314233121,0.0,0.0,0.0,0.0,0.0,0.0,0.0,0.0,1.962723665657468,0.0,0.1159897854276565,0.0,0.0,1.9127959445690328,0.1382122496046576,0.0,0.0,-0.797915799855401,0.4739049406748725,0.0,0.0,0.0,0.0,0.0,0.0,0.0,0.0,0.0,0.0,0.0,4.129894967246158,0.0,0.0,0.0,0.0,8.82977253627674,10.743513387939666,5.809408131280184,5.483808556067906,0.0,0.0,0.0,0.0,0.0,0.0,0.0,0.0,0.0,0.0,0.0,0.0,0.0,0.0,0.0,0.0,0.0,0.0,0.0,0.0,0.0,0.6517075100113408,0.0,0.0,0.0,0.0,0.0,0.0,0.0,0.0,0.0,0.0,0.0,0.0,0.0,0.0,0.0,0.0,0.0,0.0,0.0,0.0,0.0,0.0,0.0,0.0,0.0,0.0,0.0,0.677328700267144,0.0,10.743513387939666,2.041812887737426,7.276889959355834,0.0,0.0,0.0,0.0,0.0,0.0,0.0,3.7143409217953183,0.677328700267144,0.0,0.0,0.0,0.0,0.0,0.0,0.0,0.0,0.0,0.0,0.0,0.5620061206734429,0.0,0.6589835434781115,0.6589835434781115,0.0,0.5620061206734429,0.0,0.0,0.0,0.0,0.0,0.0,0.0,0.0,2.011143727886795,0.0,0.5025806715191055,0.0,0.0,2.041812887737426,0.1382122496046576,0.0,0.0,0.0,1.1681302134413607,0.0,0.0,0.0,0.0,0.0,0.0,0.0,0.0,0.0,0.0,0.0,4.552641102222783,0.0,0.0,0.0,0.0,8.82977253627674,10.743513387939666,5.809408131280184,5.483808556067906,0.0,0.0,0.0,0.0,0.0,0.0,0.0,0.0,0.0,0.0,0.0,0.0,0.0,0.0,0.0,0.0,0.0,0.0,0.0,0.0,0.0,0.6517075100113408,0.0,0.0,0.0,0.0,0.0,0.0,0.0,0.0,0.0,0.0,0.0,0.0,0.0,0.0,0.0,0.0,0.0,0.0,0.0,0.0,0.0,0.0,0.0,0.0,0.0,0.0,0.0,64.67901234567901,2.309964726631393,0.677328700267144,10.743513387939666,-0.1192471939454515,-0.797915799855401,8.123549075267839,2.464582466522068,3.743513387939666,27.226278049088908,2.4786918139647485,3.73122257861182,30.6311124103858,13.34761,0.4767,0.0,0.0233,0.62148,0.86259,0.44,0.54234,0.84319,0.18148,0.07913,-0.10234,0.0194,0.55264,0.16165,0.0,0.21584,0.3746,0.0,37.0,1.32143,17.5,0.625,19.5,0.69643,2.0,0.07143,1.0,0.03571,23.23501,0.82982,50.81592,27.58091,0.98503,6.19509,0.22125,13.32934,7.13425,0.25479,0.58466,0.02088,0.84266,0.03009,0.3469387755102041,144.07,3.0,6.0,6.0,6.0,1.0,1.0,0.2857142857142857,1.6457847062232098,3.730576804983365,4.558088670425059,4.997063670513365,4.997063670513363,5.0378799970439765,80.64345060493729,182.7982634441849,223.3463448508279,244.85611985515487,244.8561198551548,246.85611985515484,0.2931201703945861,0.6644291349967785,0.8118119719405276,0.8899949969366271,0.8899949969366268,0.8972645313674029,3.968925137891999,1.884133039131844,1.0566211736901492,0.6176461736018437,0.6176461736018455,0.5768298470712319,0.2769508942291184,0.627777484031635,0.7670302977518523,0.8409005423585578,0.8409005423585576,0.8477690702340791,18.178818593119946,38.67517340949856,42.98846998098965,44.32820038005186,44.32820038005187,44.3693360956437,91.03816750403156,43.99814864836456,31.799194797230538,28.21095111108868,28.210951111088686,28.063411933777857,22.68,10.346938775510203,6.25,5.0,18.0,3.0,3.0,2.9115,0.454280148208035,3.4167095746471667,5.358834079368455,0.0,6.51563463577053,19.540637757349696,0.0,9.978017295740967,0.0,0.0,0.4999999999999999,0.3265986323710904,0.1666666666666666,0.0,0.0,0.0,0.4999999999999999,0.0,0.0,0.591,1.084,1.039,2.3460000000000005,2.3040000000000003,14.652,42.0,52.0,67.0,82.0,90.0,103.0,113.0,126.0,129.0,862.0,3.725693427236653,4.385146762010125,4.984462419792233,5.6185876285929695,6.205251965998166,6.680070180436652,7.168134401281182,7.631465763171099,8.12316516421728,8.523733475802844,9.519152889232696,15.797065327726218,0.4705882352941176,3.0,0.0,0.0,1.0,2.0,0.0,0.0,0.0,0.0,0.0,0.0,0.0,0.0,0.0,0.0,0.0,0.0,0.0,0.0,0.0,0.0,0.0,0.0,3.0,0.0,1.0,2.0,0.0,0.0,0.0,0.0,0.0,0.0,0.0,1.0,0.0,0.0,1.0,0.0,0.0,0.0,0.0,0.0,0.0,0.0,0.0,0.0,0.0,0.0,0.0,0.0,0.0,0.0,0.0,0.0,0.0,0.0,0.0,0.0,1.0,0.0,0.0,0.0,0.0,0.0,0.0,0.0,0.0,7.0,0.2333333333333333,12.0,0.4,1.0,9.0,17.0,0.8888888888888888,7.0,3.333333333333332,1.625,1.841666666666668,1.111666666666666,0.6326077097505672,0.3489937641723357,0.3474505542957923,0.2375077160493827,0.1349903071115192,0.2333333333333333,0.0793650793650793,0.0396341463414634,0.0460416666666666,0.030045045045045,0.0218140589569161,0.0124640630061548,0.0133634828575304,0.0098961548353909,0.0074994615061955,0.5289238647806145,177.24677177765025,271.2199454610616,354.49354355530056,12.66048369840359,177.24677177765025,0.0511212212232411,0.00182575790083,-8.32595562359309,370.0134347831338,13.214765527969064,16.55791008257052,85.45,350.640126423413,5.807354922057604,4.976733742420574,5.808142489980444,6.683360945766275,7.538494999413465,8.416930769477844,9.283683766200392,10.16450475627842,11.037965573724245,11.920701234775636,133.8305182780373,4.110873864173311,0.0,5.43372200355424,2.3978952727983707,6.928537818164665,4.59511985013459,8.508555998020574,6.6052979209482015,10.137016983402756,10.38588283710658,400.1189848320006,8.165693568000012,56.44387851076056,2.015852803955734,19.68008094482613,10.848227883024736,6.270702881514619,2373.0,41.0,5.953000000000001,144.0,1.0,1.863322860120456
0,0,0,0,0,0,0,0,0,0,0,0,0,0,0,0,0,0,0,0,0,0,0,0,0,0,0,0,0,0,0,0,0,0,0,0,0,0,0,0,0,0,0,0,0,0,0,0,0,0,0,0,0,0,0,0,0,0,0,0,0,0,0,0,0,0,0,0,0,0,0,0,0,0,0,0,0,0,0,0,0,0,0,0,0,0,0,0,0,0,0,0,0,0,0,0,0,0,0,0,0,0,0,0,0,0,0,0,0,0,0,0,0,0,0,0,0,0,0,0,0,0,0,0,0,0,0,0,0,0,0,0,0,0,0,0,0,0,0,0,0,0,0,0,0,0,0,0,0,0,0,0,0,0,0,0,0,0,0,0,0,0,0,0,0,0,0,0,0,0,0,0,0,0,0,0,0,0,0,0,0,0,0,2,4,3,1,2,2,5,1,2,1,2,3,4,2,2,2,2,5,0,0,0,0,0,0,0,0,0,0,0,0,0,0,0,0,2,3,2,3,0,0,0,0,0,0,0,0,0,0,0,0,0,0,0,0,0,1,5,2,5,1,2,0,0,0,0,0,0,0,0,0,0,0,0,0,0,0,0,0,0,0,0,0,0,0,0,0,0,0,0,0,0,0,0,0,0,0,0,0,0,0,0,0,0,0,0,0,0,0,0,0,0,0,0,0,0,0,0,0,0,0,0,0,0,0,0,0,0,0,0,0,0,0,0,0,0,0,0,0,0,0,0,0,0,0,0,0,0,0,0,0,0,0,0,0,0,0,0,0,0,0,0,0,0,0,0,0,0,0,0,0,0,0,0,0,0,0,0,0,0,0,0,0,0,0,0,0,0,0,0,0,0,0,0,0,0,0,0,0,0,0,0,0,0,0,0,0,0,0,0,0,0,0,0,0,0,0,0,0,0,0,0,0,0,0,0,0,0,0,0,0,0,0,0,0,0,0,0,0,0,0,0,0,0,0,0,0,0,0,0,0,5,2,3,1,1,2,1,0,0,0,0,0,0,0,0,0,0,0,0,0,0,0,0,0,0,0,0,0,0,0,0,0,0,0,0,0,0,0,0,0,0,0,0,0,0,0,0,0,0,0,0,0,0,0,0,0,0,0,0,0,0,0,0,0,0,0,0,0,0,0,0,0,0,0,0,0,0,0,0,0,0,0,0,0,0,0,0,0,0,0,0,0,0,0,0,0,0,0,0,0,0,0,0,0,0,0,0,0,0,0,0,0,0,0,0,0,0,0,0,0,0,0,0,0,0,0,0,0,0,0,0,0,0,0,0,0,0,0,0,0,0,0,0,0,0,0,0,0,0,0,0,0,0,0,0,0,2,5,2,4,0,0,0,0,0,0,0,0,0,0,0,0,0,0,0,0,0,0,0,0,0,2,2,2,1,2,2,2,1,0,0,0,0,0,0,0,0,0,0,0,2,2,2,2,2,4,3,2,2,0,0,0,0,0,0,2,2,2,2,2,0,0,1,0,0,0,0,5,5,0,0,0,0,0,0,0,0,0,0,0,1,5,2,5,0,0,0,0,0,2,0,0,0,0,0,0,0,1,2,2,2,2,2,1,0,0,0,0,0,0,0,0,0,0,0,0,0,0,0,3,2,3,0,2,3,4,0,0,0,0,0,0,0,0,0,0,0,0,0,0,0,0,0,0,0,0,0,0,0,0,0,0,0,0,0,0,0,0,2,2,2,1,2,2,2,2,2,0,0,0,0,0,0,0,0,0,0,0,0,0,0,0,0,0,0,0,0,0,0,0,0,3,2,2,2,3,1,1,2,3,2,0,0,0,5,2,3,0,0,0,0,0,0,0,1,2,0,0,0,0,0,0,0,2,2,2,0,0,0,0,0,0,0,0,0,0,0,0,0,0,0,0,0,0,0,0,0,0,0,0,0,0,0,0,0,0,0,0,0,0,0,0,0,0,0,0,0,0,0,0,0,0,0,0,0,0,0,0,0,0,0,0,0,0,0,0,0,0,0,0,0,0,0,2,5,4,0,1,1,2,2,2,2,2,3,2,0,0,0,3,2,2,3,0,0,0,0,0,0,0,0,0,0,0,0,2,2,0,0,0,0,0,0,0,0,0,0,0,0,0,0,0,0,0,0,0,0,0,0,0,0,0,0,0,0,0,0,0,2,2,2,2,4,5,0,0,0,0,0,0,0,0,0,0,0,0,0,0,0,0,0,0,0,0,0,0,0,0,0,0,0,0,0,0,0,0,0,0,3,0,0,0,0,0,0,0,0,0,0,0,0,0,0,0,0,0,0,0,0,0,0,0,0,0,0,2,3,0,0,0,0,0,0,2,2,5,5,1,1,0,0,0,0,0,0,0,0,0,0,0,0,0,0,0,0,0,0,0,0,0,0,2,1,2,0,0,0,0,0,0,0,0,0,3,3,5,0,0,1,5,0,0,0,0,0,0,0,0,0,0,0,0,0,0,0,3,2,0,0,0,0,2,2,2,0,0,0,0,2,2,2,2,1,0,0,0,2,3,2,2,2,1,0,0,2,2,1,2,2,0,0,0,0,0,0,0,0,0,0,0,0,1,2,3,0,0,0,0,0,0,0,0,0,0,0,0,0,0,0,0,0,0,0,0,0,0,0,0,0,0,0,0,0,0,0,0,0,0,0,0,0,0,0,1,2,0,0,0,0,1,0,0,0,0,0,0,0,0,0,0,0,0,0,0,0,0,0,0,0,0,0,0,0,0,0,0,0,0,0,0,0,0,0,0,0,0,0,0,0,0,0,0,0,0,0,0,0,0,0,0,0,0,0,0,0,0,0,0,0,0,0,0,0,0,0,0,0,0,0,0,0,0,0,0,0,0,0,0,0,0,0,0,0,0,0,5,2,0,0,0,0,0,0,4,2,0,0,0,0,0,0,0,0,0,0,0,0,1,3,3,2,0,0,0,0,0,0,0,0,0,0,0,0,0,0,0,0,0,0,0,0,0,0,0,0,0,0,0,0,0,0,0,0,0,0,0,0,0,0,0,0,0,0,0,2,1,0,0,0,0,0,0,0,0,0,0,0,0,0,0,0,0,0,0,0,0,0,0,2,2,2,5,0,0,0,0,0,0,0,2,2,0,0,0,0,0,0,0,0,2,2,2,1,0,0,0,0,2,2,2,2,0,2,1,2,2,2,0,2,2,0,0,0,0,0,0,0,0,0,0,0,0,0,0,0,0,0,0,1,2,2,0,0,0,0,0,0,0,0,0,0,0,0,0,0,0,0,2,2,5,2,2,1,0,0,0,0,0,0,0,3,2,0,3,4,2,4,1,1,2,0,1,1,4,3,3,3,1,3,4,1,1,0,4,0,0,1,3,2,2,2,4,0,3,1,2,2,3,4,0,2,1,3,1,0,1,2,4,0,0,1,4,2,1,1,2,0,2,3,4,1,2,4,0,3,4,4,2,0,3,1,3,3,1,4,4,1,3,4,2,2,0,2,3,3,3,2,4,0,4,3,3,1,3,2,3,0,4,3,0,2,4,0,4,4,2,0,2,4,2,3,2,3,1,0,2,2,1,0,3,2,2,2,4,4,0,3,3,0,3,2,4,2,0,1,1,0,0,3,0,1,3,1,1,3,2,4,0,0,0,1,0,4,0,3,4,2,3,3,4,2,0,2,2,0,0,1,4,3,1,2,0,4,0,4,4,2,4,3,2,0,3,0,1,2,3,3,3,4,1,3,1,2,0,1,0,3,0,1,2,0,3,2,2,2,4,0,0,2,1,4,3,3,2,0,3,2,3,3,2,4,2,3,4,0,0,1,2,4,4,0,0,2,2,3,4,1,2,4,1,0,0,1,1,1,4,3,2,4,3,4,1,1,1,1,3,0,0,0,1,1,4,4,3,4,0,2,3,4,0,0,3,3,0,2,1,1,4,4,1,4,0,4,0,1,4,1,4,2,3,4,2,2,0,1,3,4,4,2,4,2,4,4,4,2,4,1,2,1,4,3,0,0,4,4,3,4,0,3,3,0,0,3,3,4,4,1,3,1,4,1,2,3,4,2,1,1,2,0,0,0,3,4,3,4,2,2,3,4,2,2,4,0,3,2,1,1,4,1,2,1,4,4,3,0,0,3,0,0,0,0,0,0,0,0,0,0,0,0,0,0,0,0,0,0,0,0,0,0,0,0,0,0,0,0,0,0,0,0,0,0,0,0,0,0,0,0,0,0,0,0,0,0,0,0,0,0,0,0,0,0,0,0,0,0,0,0,0,0,0,0,0,0,0,0,0,0,0,0,0,0,0,0,0,0,0,0,0,2,1,2,0,2,2,2,3,3,2,2,3,1,2,2,0,0,0,0,0,0,0,2,3,2,3,3,5,4,0,2,5,0,5,2,0,0,0,0,2,2,5,2,0,0,0,0,0,0,0,0,0,0,0,0,0,0,0,0,0,0,0,0,0,0,0,0,0,0,0,0,0,0,0,0,0,0,0,0,0,0,0,0,0,0,0,0,0,0,0,0,0,0,0,0,0,0,0,0,0,0,0,0,0,0,0,0,0,0,0,0,0,0,0,0,0,0,0,0,0,0,0,0,0,0,0,0,0,0,0,0,0,0,0,0,0,0,0,0,2,1,1,1,5,5,3,1,1,5,4,1,3,1,3,3,0,0,0,0,0,0,0,0,0,0,0,0,0,0,0,0,0,0,0,0,0,0,0,0,0,0,0,0,0,0,0,0,0,0,0,0,0,0,0,0,0,0,0,0,0,0,0,0,0,0,0,0,0,0,0,0,0,0,0,0,0,0,0,0,0,0,0,0,0,0,0,0,0,0,0,0,0,0,0,0,0,0,0,0,0,0,0,0,0,0,0,0,0,0,0,0,0,0,0,0,0,0,0,0,0,0,0,0,0,0,0,0,0,0,0,0,0,0,0,0,0,0,0,0,0,0,0,0,0,0,0,0,0,0,0,0,0,0,0,0,0,0,0,0,0,0,0,0,0,0,0,0,0,0,0,0,0,0,0,0,0,0,0,0,0,0,0,0,0,0,0,0,0,0,0,0,0,0,0,0,0,0,0,0,0,0,0,0,0,0,0,0,0,0,0,0,0,0,0,0,0,0,0,0,0,0,0,0,0,0,0,0,0,0,0,0,0,0,0,0,0,0,0,0,0,0,0,0,0,0,0,0,0,0,0,0,0,0,0,0,0,0,0,0,0,0,0,0,0,0,0,0,0,0,0,0,0,0,0,0,0,0,0,0,0,0,0,0,0,0,0,0,0,0,0,0,0,0,0,0,0,0,0,0,3,3,2,3,2,2,4,2,3,1,1,2,5,5,1,2,1,0,0,0,0,0,0,0,0,0,0,0,0,0,0,0,0,0,0,0,0,0,0,0,0,0,0,0,0,0,0,0,0,0,0,0,0,0,0,0,0,0,0,0,0,0,0,0,0,0,0,0,0,0,0,0,0,0,0,0,0,0,0,0,0,0,0,0,0,0,0,0,0,0,0,0,0,0,0,0,0,0,0,0,0,0,0,0,0,0,0,0,0,0,0,0,0,0,0,0,0,0,0,0,0,0,0,0,0,0,0,0,0,0,0,0,0,0,0,0,0,0,0,0,0,0,0,0,0,0,1,1,2,4,1,3,2,3,1,3,4,5,3,3,1,3,5,4,1,2,4,3,3,1,3,3,1,3,1,1,2,1,3,2,2,5,3,2,2,3,4,1,2,2,4,0,0,0,0,0,0,0,0,0,0,0,0,0,0,0,0,0,0,0,0,0,0,0,0,1,0,0,0,0,0,0,0,0,0,0,0,0,0,0,0,0,0,0,0,0,0,1,0,0,0,0,0,0,0,0,0,1,0,0,0,0,0,0,0,0,0,0,0,0,0,0,0,0,0,0,0,0,0,0,0,0,0,0,0,0,0,0,0,0,1,0,0,0,0,0,0,0,0,0,0,0,1,0,1,0,0,0,1,0,1,0,0,0,0,0,0,0,1,0,0,0,0,0,0,0,0,0,1,0,0,0,0,0,0,0,0,0,1,0,0,0,0,0,0,0,0,0,0,0,0,0,0,0,0,0,0,0,0,0,1,0,1,0,0,0,0,0,0,0,0,0,0,0,0,0,0,0,0,0,0,0,0,0,0,0,0,0,0,0,0,0,0,0,0,0,0,0,0,0,0,0,0,0,0,0,0,0,0,0,0,0,0,0,0,0,0,0,0,0,0,0,0,0,0,0,0,0,0,0,0,0,0,0,0,0,0,1,0,0,0,0,0,1,0,0,0,0,0,0,0,0,0,0,0,0,0,0,0,0,0,0,0,0,0,0,0,0,0,1,0,1,1,0,0,0,1,0,0,0,0,0,0,0,0,0,1,1,0,1,0,0,0,0,0,1,0,0,0,0,0,0,0,0,0,0,0,1,0,0,0,0,0,0,0,0,0,0,0,0,1,0,0,0,0,0,0,0,0,0,0,0,0,1,1,0,0,0,0,0,0,0,0,0,0,0,0,0,0,0,0,1,0,0,0,0,0,0,0,0,0,0,0,0,0,0,0,0,0,0,0,0,0,0,0,0,1,0,0,0,1,0,0,0,0,1,0,0,0,0,0,1,0,0,0,0,0,0,0,0,0,1,1,0,0,0,0,0,0,0,0,0,1,1,0,0,0,0,0,0,0,0,0,0,0,0,0,0,0,0,0,0,0,0,0,0,0,0,0,0,0,0,0,1,0,0,0,0,0,0,0,0,0,1,0,0,0,0,0,0,0,0,0,0,0,0,0,0,0,0,0,0,0,0,0,0,0,0,0,0,0,0,0,0,0,0,0,0,0,0,0,0,0,0,0,0,0,0,0,0,0,0,0,0,0,0,0,0,0,0,0,0,0,0,0,0,0,0,0,0,0,0,0,0,0,1,0,0,1,0,0,0,0,0,0,0,0,0,0,0,0,0,1,0,0,0,0,0,0,0,0,0,0,0,0,0,0,0,1,0,0,0,0,0,1,0,0,0,0,0,0,0,0,0,0,0,0,0,0,1,0,0,0,0,0,0,0,0,0,0,0,0,0,0,0,0,0,0,0,1,0,0,0,0,0,0,0,0,0,0,0,0,0,0,0,0,0,0,0,0,0,0,0,0,0,0,0,0,0,0,0,1,0,0,0,0,0,0,1,0,0,0,0,0,0,0,0,0,0,0,0,0,0,0,0,0,0,0,0,0,0,0,0,0,0,0,0,0,0,0,1,0,0,0,1,0,0,0,0,0,1,0,0,0,0,0,0,0,1,0,0,0,0,0,0,0,0,0,0,0,0,0,0,0,1,0,0,0,0,0,0,0,0,0,0,0,0,0,0,1,0,0,1,0,0,0,0,0,0,0,0,0,0,0,0,0,0,1,0,0,0,0,0,0,0,0,0,0,0,0,1,0,0,0,1,0,0,0,0,0,0,0,0,0,0,0,0,0,0,0,0,0,0,0,0,0,0,0,0,0,0,0,0,0,0,0,0,0,0,0,0,0,0,0,0,0,0,0,0,0,0,0,0,0,0,0,0,0,0,0,0,0,0,0,0,0,0,0,0,0,0,0,0,0,0,0,0,1,0,0,0,1,0,1,0,1,0,0,0,0,0,0,0,0,0,0,0,0,0,0,1,0,0,0,0,1,0,0,0,0,0,0,0,0,0,0,0,0,0,0,0,0,0,1,0,0,0,0,0,0,0,1,0,0,0,0,0,0,0,0,0,0,0,0,0,0,0,0,0,1,0,0,0,0,0,0,0,0,0,0,1,0,0,0,0,1,0,1,0,0,1,0,0,0,0,0,0,0,1,0,0,0,0,0,0,0,1,0,0,1,0,0,0,0,0,0,0,0,0,0,0,0,0,0,0,0,0,0,0,0,0,0,0,0,0,0,0,0,0,0,1,0,0,0,0,0,0,0,1,0,0,0,0,0,0,0,0,0,0,0,0,0,0,0,0,0,0,0,0,0,0,0,0,0,0,0,0,0,0,0,0,0,0,0,0,0,0,0,0,0,0,0,0,0,0,0,0,0,0,0,0,0,0,0,0,0,0,0,0,0,0,0,0,0,0,0,0,0,1.0,1.3414999999999988,1.7996222499999968,47.0041,59.80165299999997,17.0,19.0,52.0,31.0,21.0,0.0,22.0,2.0,4.0,0.0,0.0,3.0,0.0,0.0,0.0,3.0,5694.23008044932,5662.0169245056,8963.775476954908,8537.091802011204,9386.2639786784,8810.298755793607,8616.111023822406,6777.894371033599,5424.704636505599,11853.453942882046,14798.217949204292,21278.115799478703,23384.67883731264,23852.65388738971,23082.90197082459,20628.84075179652,17407.537401203666,15303.966186611378,428.7892319999997,431.2791120000002,746.2626240000008,889.7220520000004,1007.3092240000004,960.84042,990.6381800000004,865.7984480000019,610.4357679999999,76.61623400182887,97.2530241859999,140.87866885933903,159.07414740018825,161.6851809979803,156.06633866288618,139.74808721213108,116.34165194697992,105.06555138854692,8747.693674839229,7954.492294634151,14517.864715603184,17565.37149918367,20474.35125494444,19614.20455203666,20272.27413372484,18371.12595323507,12032.118337266587,409.3402777777777,200.61111111111111,523.5833333333335,407.2638888888889,521.1111111111113,462.8472222222224,592.4166666666666,489.9444444444446,283.1666666666666,109.50442462402538,104.85216526862222,97.4323421408142,76.2240339465286,75.0901118294272,73.41915629828006,71.80092519852005,65.17206125993845,71.37769258559997,227.95103736311628,274.0410731334128,231.2838673856381,208.7917753331485,190.82123109911768,192.35751642353824,171.907006264971,167.38016731926604,201.3679761396234,8.245946769230763,7.986650222222226,8.111550260869574,7.943946892857147,8.058473792000004,8.0070035,8.255318166666669,8.324985076923095,8.032049578947367,1.473389115419786,1.8009819293703686,1.531289878905859,1.4203048875016808,1.2934814479838423,1.300552822190718,1.1645673934344256,1.1186697302594222,1.3824414656387751,168.22487836229286,147.3054128635954,157.80287734351288,156.83367409985422,163.79481003955553,163.4517046003055,168.93561778104032,176.64544185802953,158.31734654298145,7.871928418803417,3.7150205761316872,5.691123188405799,3.6362847222222223,4.16888888888889,3.8570601851851865,4.936805555555555,4.711004273504275,3.725877192982455,0.9146956678746742,-0.5408632125074689,0.191810981127397,-0.2244158074321502,0.2121835523179468,-0.390908484880342,0.5016416012820923,-0.102820764093354,-0.2486816964386665,2065.065189452929,49.17423368447757,935.5077749911168,-178.1619292464021,315.578265887465,-224.77070115609456,50.22319946307732,-479.52345981792985,-768.6333127758836,2436.1433720760742,22.39248759974786,384.7389668471144,-184.1145339995694,172.5709201576494,-487.3230327855692,-373.3139276241339,686.2360035348672,-783.5865206604279,8.423249230769233,-0.0661157396449675,5.502151668639057,-1.9837921893491075,0.8733318106508892,-2.321937301775149,2.5463753136094507,-3.422689846153861,-2.190791644970416,12.321165623898048,-0.1009485634641954,1.460914540359223,-1.343262281688299,0.1873362013219941,-4.590234804791673,-0.9443707655907136,5.40629168190708,-2.9186987116779703,138.10853711026323,-3.492678554120169,63.08364833633924,-40.34869308204308,-27.72077225577372,-54.720789966434936,5.268381152485574,75.55268558661334,-26.46556469382861,178.40745192307665,-17.576168022682438,139.43377095660742,-22.585922090729746,2.1809382190992865,-30.520936061801407,7.729063938198589,-93.97315705128204,-40.67964127218936,0.0175903013052821,-0.0100159854168049,0.002084901968776,-0.0020037125663584,0.0016974684185435,-0.0032575707073361,0.0041803466773507,-0.0009886611932053,-0.0032721275847192,39.71279210486402,0.910633957119955,10.168562771642575,-1.5907315111285902,2.52462612709972,-1.873089176300788,0.418526662192311,-4.610802498249326,-10.11359622073531,46.848911001462966,0.414675696291627,4.181945291816461,-1.643879767853298,1.3805673612611953,-4.061025273213077,-3.1109493968677824,6.598423110912185,-10.310348956058265,0.1619855621301775,-0.0012243655489808,0.0598059963982506,-0.0177124302620456,0.0069866544852071,-0.0193494775147929,0.0212197942800787,-0.0329104792899409,-0.0288262058548738,0.2369454927672701,-0.0018694178419295,0.0158795058734698,-0.0119934132293598,0.0014986896105759,-0.0382519567065972,-0.0078697563799226,0.0519835738644911,-0.0384039304168154,2.6559334059666004,-0.0646792324837068,0.6856918297428178,-0.3602561882325275,-0.2217661780461897,-0.4560065830536244,0.0439031762707131,0.7264681306405129,-0.3482311143924818,3.430912536982244,-0.3254845930126377,1.515584466919646,-0.2016600186672298,0.0174475057527942,-0.254341133848345,0.0644088661516549,-0.9035880485700196,-0.5352584377919652,-0.5694038574425828,0.1185256541427166,-0.1139100764440452,0.0965002468737611,-0.1851912966583447,0.2376506578710765,-0.0562049038300692,-0.1860188479964643,0.0229304944038024,0.2560525773355817,-0.0400558970250232,0.0635721135001863,-0.0471658898058535,0.0105388374881112,-0.1161037100104727,-0.2546684754380843,0.0088513412036125,0.0892645144235235,-0.0350889643475803,0.0294685048542128,-0.0866834508295456,-0.0664038785612463,0.1408447489997394,-0.2200765980608663,-0.0075584856630428,0.3692057218666705,-0.1093457344538597,0.0431313408017955,-0.1194518650942665,0.1309980593395462,-0.2031692137074099,-0.1779554021716336,-0.0078896535236722,0.0670175477406814,-0.0506167603750954,0.0063250395399923,-0.1614377900159876,-0.0332133618074447,0.2193904313493308,-0.1620791768110823,-0.0243527312614103,0.2581735777720929,-0.1356420260474926,-0.0834983955350643,-0.1716935304285859,0.0165302248061204,0.2735264856447415,-0.1311143997850904,-0.0948682280600854,0.4417438365399782,-0.0587773708870485,0.0050853834263407,-0.0741322115054725,0.0187731005839943,-0.2633666812634041,-0.1560105167422213,1.65390820183586,0.7479815323636563,1.1358049954705238,0.8123093088555952,1.0613009664621396,0.8324083964350292,0.8528373299465903,1.2068150042922157,0.6603956514463745,0.5895566174930116,0.8939857496296518,0.8771731079974902,0.9594836837787868,1.02433868141409,1.240446096673929,1.098547916376372,0.9676847003821822,0.8899382662698714,1.027885469686433,0.9455422468901808,1.0534612287497933,1.0229289544320692,0.8040360737520686,1.170229419904796,0.6310168794517607,0.4677375239875974,0.8633911711042882,0.8467977138732502,0.9463428044942276,1.0174666171212572,1.550277697515594,0.9297882089468046,1.0997175163565094,0.9753250418232444,1.057294562113599,0.9657979029440428,1.1281922679448555,1.006519207019739,0.7583839522389925,1.1207738005290775,0.9712447497297716,0.7567180911264377,0.942149738078036,1.0175777208718326,1.1486803384904625,1.072440157651408,1.1003205336236932,0.8970949524018965,0.6462051186723052,0.3414684512764341,0.6861550750929953,0.8000656089646437,0.8501597032745359,1.1116213232129308,1.755193069918373,0.8180149737701965,288.7854019469857,145.53555811634993,216.59848999001684,290.92365079491185,9.38463389661006,145.53555811634993,2.285714285714164,0.2820621991582842,0.0090987806180091,-3.9234457707184514,2316.699398013699,74.73223864560319,24.01848621313277,288.30992151930246,145.34767555570693,216.418013752486,290.5414524280518,9.372304917033931,145.34767555570693,2.385429592111393,0.2850521675787835,0.0091952312122188,-3.890757521116607,1453.592272223678,46.890073297538,22.57355892237464,350.64378536369003,173.38458959953442,254.0196692750553,348.0190521553983,11.226421037270914,173.38458959953442,-3.874606164621128,0.0753348705852721,0.0024301571156539,-8.016017704019616,377.1920536809168,12.16748560261022,18.391538900225964,289.25830038713275,145.7366527871162,216.84503489625465,291.33040201377435,9.397754903670142,145.7366527871162,2.2150051870996776,0.2798424958572018,0.0090271772857161,-3.947937881526136,1088.386359659863,35.109237408382675,21.67659957051833,414.5870062923622,201.6134257975253,288.91811829814577,407.18438907189307,13.13498029264171,201.6134257975253,-11.3601546973116,0.1483919866729301,0.0047868382797719,-5.914483638389742,310.28571456124,10.009216598749676,17.78622995194811,288.48939277950933,145.34676913724354,215.2683615464389,290.55133533932707,9.372623720623457,145.34676913724354,2.20414549497778,0.2701692152438294,0.0087151359756074,-4.056991058818907,518.405758991653,16.72276641908558,19.377350587841303,281.94074451761605,142.42578084949804,210.4746579291123,285.1275756662309,9.197663731168737,142.42578084949804,5.20887896825397,0.4222880095313976,0.0136221938558515,-2.672409903149133,950.6164394979472,30.665046435417647,21.257043039312205,0.0,11.89,19.00041792367428,-0.3674318762884297,0.3989033276225977,3.817603851318357,10.040018423666949,33.0,54.0,53.0,34.0,13.0,1.0,1.0,0.0,0.0,20.0,32.67634699999999,4.062000931613992,3.8866077957297662,3.6484960392196855,3.4387018842419805,3.351694816495301,3.250180556903935,2.9670264277004845,2.821958745974176,2.037708790848274,1.977505365381908,1.735340205758464,1.6713855157099586,1.394873627483994,1.2908355868580372,1.2496297225843542,1.195917545795507,3.982112766074091,3.864284220492415,3.506782389459535,3.334236748148381,3.2620437679469974,3.04200542816032,2.919439655648783,2.811865277208501,2.0343267006672257,1.997080721698429,1.6979648883775544,1.6751142793613203,1.444630280030372,1.3505327189420668,1.320178604420467,1.2173184635806358,4.07742073031345,3.918588714974815,3.677253118429397,3.50714968375495,3.4526086799045195,3.2699609025459515,3.08655165423386,2.949559433563877,1.9632672394409447,1.915438098234824,1.499120561071284,1.46960947579556,1.2508299068387585,1.130421229481305,1.0747646333869487,0.976248684030084,3.970101000056628,3.863212467084132,3.477704991922584,3.3273568863729697,3.249255067336244,2.995255180962741,2.925596215779545,2.8076007044530886,2.0354484082968853,2.003453969461292,1.6900874497937597,1.6760164681132697,1.531883146093688,1.3971579284851678,1.28430324969194,1.27539500411077,4.095161077768903,3.9345774217499447,3.700047418157502,3.533868559102728,3.4927478639684657,3.3099312188390173,3.142453546698309,2.9841512790231604,1.945428561359613,1.9038029781606025,1.467616747320394,1.4232719265437506,1.228685664875826,1.11264447642653,1.0065501227016516,0.942387973486712,5.387084005341169,4.833846674190524,4.561555075593953,4.561555075593951,4.246868433669237,3.908240996755988,3.800735803052436,3.75789893236755,1.9578074971171395,1.8852951992315847,1.5671976088234016,1.5546197967810491,1.1623856078751236,1.1129546375654742,1.0130470498433457,0.9000660532734789,0.0,0.0,3.0,7.0,5.0,4.0,3.0,0.0,0.0,0.0,0.0,0.1178511301977579,0.2721655269759087,0.4997595250419871,0.0,0.0,0.0204124145231931,0.0685249369556619,0.1148558027843204,3.542948950691992,0.2886751345948129,0.6600787156344009,0.1178511301977579,1.0788210120165125,0.0134987311789009,0.1192547630252433,0.0038967480399284,5.334322530708494,8.152989358301339,11.086571467220192,1.613804910912084,2.0292451133534235,2.262950142561099,22.75878406613483,14.540732461298086,14.559904814695267,10.202939926704342,8.574617727017452,6.769512303366175,5.084804257451261,3.5219523134062976,0.7341543247140268,0.4406282564029723,0.3033313503061514,0.1759127573569714,0.1128239174607559,0.0720160883336827,0.0470815209023264,0.0298470535034432,17.15594452361962,9.579897845431097,7.341452780159375,4.479873015517125,3.0748117069131906,2.01738389112726,1.1667961776539226,0.6661136973476826,0.5534175652780523,0.2902999347100332,0.1529469329199869,0.077239189922709,0.0404580487751735,0.0214615307566729,0.0108036683116103,0.0056450313334549,34.00397944229594,53.841223597960735,52.580392156862686,53.45600000000005,34.62374431137727,400.6603011976048,0.6539226815826142,1.0354081461146296,1.0111613876319747,1.028000000000001,0.6658412367572553,7.70500579226163,5.726000000000005,114.25580000000006,286.9687614192608,414.21038059496857,573.9375228385215,18.51411363995231,286.9687614192608,0.0968378975997335,0.0031238031483785,-7.237622257282403,376.69718416037546,12.15152206968953,18.387469082918543,838.0,1.0,0.0,7.0,15.0,1.0,0.0,0.0,0.0,0.0,0.0,0.0,0.0,1.0,1.0,0.0,0.0,0.0,0.0,0.0,0.0,0.0,0.0,0.0,0.0,0.0,6.0,0.0,5.0,1.0,0.0,6.0,0.0,0.0,0.0,0.0,0.0,0.0,0.0,0.0,3.0,0.0,2.0,0.0,0.0,6.0,1.0,0.0,0.0,1.0,8.0,0.0,1.0,0.0,0.0,0.0,0.0,0.0,0.0,0.0,0.0,0.0,2.0,0.0,0.0,0.0,0.0,1.0,1.0,1.0,1.0,0.0,0.0,3.0,0.0,0.0,0.0,0.0,0.0,0.0,0.0,0.0,0.0,0.0,0.0,0.0,0.0,0.0,0.0,0.0,0.0,0.0,0.0,0.0,0.0,0.0,0.0,0.0,0.0,0.0,0.0,0.0,0.0,0.0,0.0,0.0,0.0,0.0,0.0,0.0,0.0,0.0,0.0,0.0,0.0,0.0,0.0,0.0,0.0,0.0,0.6832978146361426,0.0,70.47961374442582,9.463529476177738,7.333302388828234,0.0,0.0,0.0,0.0,0.0,0.0,0.0,3.5606349168864195,0.6832978146361426,0.0,0.0,0.0,0.0,0.0,0.0,0.0,0.0,0.0,0.0,0.0,3.772399452857641,0.0,3.060807485031451,0.682088829861786,0.0,3.772399452857641,0.0,0.0,0.0,0.0,0.0,0.0,0.0,0.0,5.107829204110853,0.0,0.4049266312315587,0.0,0.0,8.935104623670155,-0.4135161454570706,0.0,0.0,-0.8818720860735925,1.4102969385811734,0.0,-4.605698580892849,0.0,0.0,0.0,0.0,0.0,0.0,0.0,0.0,0.0,8.146649003737299,0.0,0.0,0.0,0.0,8.80676027633161,10.732219877994536,5.275388069551788,5.210956102329209,0.0,0.0,40.45428941821866,0.0,0.0,0.0,0.0,0.0,0.0,0.0,0.0,0.0,0.0,0.0,0.0,0.0,0.0,0.0,0.0,0.0,0.0,0.0,0.0,0.0,0.0,0.0,0.0,0.0,0.0,0.0,0.0,0.0,0.0,0.0,0.0,0.0,0.0,0.0,0.0,0.0,0.0,0.0,0.0,0.0,0.0,0.0,0.0,0.0,0.0,0.6832978146361426,0.0,5.210956102329209,-0.9190611445833304,7.333302388828234,0.0,0.0,0.0,0.0,0.0,0.0,0.0,3.5606349168864195,0.6832978146361426,0.0,0.0,0.0,0.0,0.0,0.0,0.0,0.0,0.0,0.0,0.0,0.5182592805407491,0.0,0.5106568881398077,0.682088829861786,0.0,0.5182592805407491,0.0,0.0,0.0,0.0,0.0,0.0,0.0,0.0,1.6464545394542205,0.0,0.0170661375113347,0.0,0.0,0.9274438891091684,-0.4135161454570706,0.0,0.0,-0.8818720860735925,-0.9190611445833304,0.0,-4.605698580892849,0.0,0.0,0.0,0.0,0.0,0.0,0.0,0.0,0.0,3.897472600151172,0.0,0.0,0.0,0.0,8.80676027633161,10.732219877994536,5.275388069551788,5.210956102329209,0.0,0.0,13.484763139406224,0.0,0.0,0.0,0.0,0.0,0.0,0.0,0.0,0.0,0.0,0.0,0.0,0.0,0.0,0.0,0.0,0.0,0.0,0.0,0.0,0.0,0.0,0.0,0.0,0.0,0.0,0.0,0.0,0.0,0.0,0.0,0.0,0.0,0.0,0.0,0.0,0.0,0.0,0.0,0.0,0.0,0.0,0.0,0.0,0.0,0.0,0.6832978146361426,0.0,13.484763139406224,1.8274924041139768,7.333302388828234,0.0,0.0,0.0,0.0,0.0,0.0,0.0,3.5606349168864195,0.6832978146361426,0.0,0.0,0.0,0.0,0.0,0.0,0.0,0.0,0.0,0.0,0.0,0.7795909972166528,0.0,0.7261094652469315,0.682088829861786,0.0,0.7795909972166528,0.0,0.0,0.0,0.0,0.0,0.0,0.0,0.0,1.8149201252024123,0.0,0.3878604937202239,0.0,0.0,1.8274924041139768,0.0,0.0,0.0,0.0,0.849933948367876,0.0,0.0,0.0,0.0,0.0,0.0,0.0,0.0,0.0,0.0,0.0,4.249176403586126,0.0,0.0,0.0,0.0,8.80676027633161,10.732219877994536,5.275388069551788,5.210956102329209,0.0,0.0,13.484763139406224,0.0,0.0,0.0,0.0,0.0,0.0,0.0,0.0,0.0,0.0,0.0,0.0,0.0,0.0,0.0,0.0,0.0,0.0,0.0,0.0,0.0,0.0,0.0,0.0,0.0,0.0,0.0,0.0,0.0,0.0,0.0,0.0,0.0,0.0,0.0,0.0,0.0,0.0,0.0,0.0,0.0,0.0,0.0,0.0,0.0,0.0,88.58333333333333,2.85752688172043,1.4542455453447063,13.484763139406224,-0.0577039840689084,-4.605698580892849,9.717853622917442,5.855698580892849,5.484763139406223,57.25252549632621,5.855698580892849,5.484763139406223,57.25252549632621,13.99045,0.4513,0.0,0.0487,0.67711,0.93257,0.43933,0.58838,0.9128,0.23778,0.08873,-0.14905,0.01977,0.48394,0.23035,0.0,0.21613,0.35739,0.03574,38.5,1.24194,19.5,0.62903,19.0,0.6129,-0.5,-0.01613,0.5,0.01613,27.64029,0.89162,61.16214,33.52185,1.08135,6.8797,0.22193,14.54067,7.66097,0.24713,0.87333,0.02817,1.13133,0.03649,0.3269230769230769,159.09,3.0,9.0,9.0,6.0,1.0,1.0,0.3181818181818182,1.756188776015362,3.780587911952875,4.613337314045308,5.065448371820826,5.103909910282366,5.103909910282366,91.32181635279883,196.5905714215495,239.893540330356,263.40331533468293,265.40331533468304,265.40331533468304,0.3080795276944097,0.6632098748315017,0.8092949916414013,0.8886066026977762,0.8953537205278518,0.8953537205278518,3.9442509421257306,1.9198518061882173,1.087102404095785,0.634991346320267,0.5965298078587269,0.5965298078587269,0.2921514528386779,0.628921142274579,0.7674534862882139,0.8426645935321846,0.8490628774145383,0.8490628774145383,18.428235215547872,38.46071007625152,43.160905884502,44.88488260669526,44.92364510792602,44.923645107926,98.4498404587468,49.18279034220375,35.72335770093185,31.389261360928074,31.24693675638418,31.246936756384176,25.6198347107438,10.950520833333334,6.991676575505351,5.0,18.0,3.0,2.89,2.9831000000000034,0.454280148208035,3.4167095746471667,5.358834079368455,0.4932424148660941,6.51563463577053,19.540637757349696,1.3003041979523473,9.978017295740967,2.1764295495659023,0.0,0.4999999999999999,0.3265986323710904,0.1666666666666666,0.0,0.0,0.0,0.4999999999999999,0.0,0.0,0.591,0.9399999999999998,0.914,2.1020000000000003,1.877,13.744999999999996,48.0,58.0,76.0,94.0,108.0,118.0,131.0,150.0,159.0,1006.0,3.795489189172194,4.457250055911469,5.044231243524771,5.681877639268151,6.273289657243213,6.764029239947545,7.252286472656169,7.72122047386775,8.230380532581552,8.642562654996444,9.62151285987915,14.994886151838966,0.4705882352941176,3.0,0.0,0.0,1.0,2.0,0.0,0.0,0.0,0.0,0.0,0.0,0.0,0.0,0.0,0.0,0.0,0.0,0.0,0.0,0.0,0.0,0.0,0.0,3.0,0.0,1.0,2.0,0.0,0.0,0.0,0.0,0.0,0.0,0.0,1.0,0.0,0.0,1.0,0.0,0.0,0.0,0.0,0.0,0.0,0.0,0.0,0.0,0.0,0.0,0.0,0.0,0.0,0.0,0.0,0.0,0.0,0.0,0.0,0.0,1.0,0.0,0.0,0.0,0.0,0.0,0.0,0.0,0.0,8.0,0.2424242424242424,15.0,0.4545454545454545,1.0,9.0,17.0,0.8888888888888888,9.0,3.999999999999999,2.25,2.1394444444444454,1.8547222222222213,0.7255782312925175,0.5026927437641726,0.4215246283698662,0.3775077160493829,0.1681501887562492,0.2727272727272727,0.0833333333333333,0.0478723404255319,0.0436621315192743,0.0403200483091787,0.0176970300315248,0.0147850806989462,0.014535332012754,0.0125835905349794,0.0062277847687499,0.5923365699445561,202.47067959982448,307.50398857083,404.9413591996491,13.062624490311263,202.47067959982448,0.1868424177597857,0.0060271747664447,-5.20021807980639,529.7429376533687,17.088481859786086,19.44441478332525,85.45,370.9277198297656,5.954196310386876,5.093750200806762,5.926926025970411,6.823286122355687,7.683863980256429,8.582793648500186,9.455401958591324,10.355931661838287,11.235048498305511,12.136717208324214,141.2937193049488,4.204692619390966,0.0,5.556828061699537,2.3978952727983707,7.075808863978387,4.59511985013459,8.67846133901236,6.6052979209482015,10.330942436869211,10.56936630594188,434.1453418120006,8.34894888100001,62.08416605583224,2.002715034059104,24.321085291632865,10.872836088121122,6.277386568296664,3009.0,47.0,6.971000000000002,162.0,1.0,1.6020599913279625
0,0,0,0,0,0,0,0,0,0,0,0,0,0,0,0,0,0,0,0,0,0,0,0,0,0,0,0,0,0,0,0,0,0,0,0,0,0,0,0,0,0,0,0,0,0,0,0,0,0,0,0,0,0,0,0,0,0,0,0,0,0,0,0,0,0,0,0,0,0,0,0,0,0,0,0,0,0,0,0,0,0,0,0,0,0,0,0,0,0,0,0,0,0,0,0,0,0,0,0,0,0,0,0,0,0,0,0,0,0,0,0,0,0,0,0,0,0,0,0,0,0,0,0,0,0,0,0,0,0,0,0,0,0,0,0,0,0,0,0,0,0,0,0,0,0,0,0,0,0,0,0,0,0,0,0,0,0,0,0,0,0,0,0,0,0,0,0,0,0,0,0,0,0,0,0,0,0,0,0,0,0,0,2,4,3,1,2,2,5,1,2,1,2,3,4,2,2,2,2,5,0,0,0,0,0,0,0,0,0,0,0,0,0,0,0,0,2,3,2,3,0,0,0,0,0,0,0,0,0,0,0,0,0,0,0,0,0,1,5,2,5,1,2,0,0,0,0,0,0,0,0,0,0,0,0,0,0,0,0,0,0,0,0,0,0,0,0,0,0,0,0,0,0,0,0,0,0,0,0,0,0,0,0,0,0,0,0,0,0,0,0,0,0,0,0,0,0,0,0,0,0,0,0,0,0,0,0,0,0,0,0,0,0,0,0,0,0,0,0,0,0,0,0,0,0,0,0,0,0,0,0,0,0,0,0,0,0,0,0,0,0,0,0,0,0,0,0,0,0,0,0,0,0,0,0,0,0,0,0,0,0,0,0,0,0,0,0,0,0,0,0,0,0,0,0,0,0,0,0,0,0,0,0,0,0,0,0,0,0,0,0,0,0,0,0,0,0,0,0,0,0,0,0,0,0,0,0,0,0,0,0,0,0,0,0,0,0,0,0,0,0,0,0,0,0,0,0,0,0,0,0,0,5,2,3,1,1,2,1,0,0,0,0,0,0,0,0,0,0,0,0,0,0,0,0,0,0,0,0,0,0,0,0,0,0,0,0,0,0,0,0,0,0,0,0,0,0,0,0,0,0,0,0,0,0,0,0,0,0,0,0,0,0,0,0,0,0,0,0,0,0,0,0,0,0,0,0,0,0,0,0,0,0,0,0,0,0,0,0,0,0,0,0,0,0,0,0,0,0,0,0,0,0,0,0,0,0,0,0,0,0,0,0,0,0,0,0,0,0,0,0,0,0,0,0,0,0,0,0,0,0,0,0,0,0,0,0,0,0,0,0,0,0,0,0,0,0,0,0,0,0,0,0,0,0,0,0,0,2,5,2,4,0,0,0,0,0,0,0,0,0,0,0,0,0,0,0,0,0,0,0,0,0,2,2,2,1,2,2,2,1,0,0,0,0,0,0,0,0,0,0,0,2,2,2,2,2,4,3,2,2,0,0,0,0,0,0,2,2,2,2,2,0,0,1,0,0,0,0,5,5,0,0,0,0,0,0,0,0,0,0,0,1,5,2,5,0,0,0,0,0,2,0,0,0,0,0,0,0,1,2,2,2,2,2,1,0,0,0,0,0,0,0,0,0,0,0,0,0,0,0,3,2,3,0,2,3,4,0,0,0,0,0,0,0,0,0,0,0,0,0,0,0,0,0,0,0,0,0,0,0,0,0,0,0,0,0,0,0,0,2,2,2,1,2,2,2,2,2,0,0,0,0,0,0,0,0,0,0,0,0,0,0,0,0,0,0,0,0,0,0,0,0,3,2,2,2,3,1,1,2,3,2,0,0,0,5,2,3,0,0,0,0,0,0,0,1,2,0,0,0,0,0,0,0,2,2,2,0,0,0,0,0,0,0,0,0,0,0,0,0,0,0,0,0,0,0,0,0,0,0,0,0,0,0,0,0,0,0,0,0,0,0,0,0,0,0,0,0,0,0,0,0,0,0,0,0,0,0,0,0,0,0,0,0,0,0,0,0,0,0,0,0,0,0,2,5,4,0,1,1,2,2,2,2,2,3,2,0,0,0,3,2,2,3,0,0,0,0,0,0,0,0,0,0,0,0,2,2,0,0,0,0,0,0,0,0,0,0,0,0,0,0,0,0,0,0,0,0,0,0,0,0,0,0,0,0,0,0,0,2,2,2,2,4,5,0,0,0,0,0,0,0,0,0,0,0,0,0,0,0,0,0,0,0,0,0,0,0,0,0,0,0,0,0,0,0,0,0,0,3,0,0,0,0,0,0,0,0,0,0,0,0,0,0,0,0,0,0,0,0,0,0,0,0,0,0,2,3,0,0,0,0,0,0,2,2,5,5,1,1,0,0,0,0,0,0,0,0,0,0,0,0,0,0,0,0,0,0,0,0,0,0,2,1,2,0,0,0,0,0,0,0,0,0,3,3,5,0,0,1,5,0,0,0,0,0,0,0,0,0,0,0,0,0,0,0,3,2,0,0,0,0,2,2,2,0,0,0,0,2,2,2,2,1,0,0,0,2,3,2,2,2,1,0,0,2,2,1,2,2,0,0,0,0,0,0,0,0,0,0,0,0,1,2,3,0,0,0,0,0,0,0,0,0,0,0,0,0,0,0,0,0,0,0,0,0,0,0,0,0,0,0,0,0,0,0,0,0,0,0,0,0,0,0,1,2,0,0,0,0,1,0,0,0,0,0,0,0,0,0,0,0,0,0,0,0,0,0,0,0,0,0,0,0,0,0,0,0,0,0,0,0,0,0,0,0,0,0,0,0,0,0,0,0,0,0,0,0,0,0,0,0,0,0,0,0,0,0,0,0,0,0,0,0,0,0,0,0,0,0,0,0,0,0,0,0,0,0,0,0,0,0,0,0,0,0,5,2,0,0,0,0,0,0,4,2,0,0,0,0,0,0,0,0,0,0,0,0,1,3,3,2,0,0,0,0,0,0,0,0,0,0,0,0,0,0,0,0,0,0,0,0,0,0,0,0,0,0,0,0,0,0,0,0,0,0,0,0,0,0,0,0,0,0,0,2,1,0,0,0,0,0,0,0,0,0,0,0,0,0,0,0,0,0,0,0,0,0,0,2,2,2,5,0,0,0,0,0,0,0,2,2,0,0,0,0,0,0,0,0,2,2,2,1,0,0,0,0,2,2,2,2,0,2,1,2,2,2,0,2,2,0,0,0,0,0,0,0,0,0,0,0,0,0,0,0,0,0,0,1,2,2,0,0,0,0,0,0,0,0,0,0,0,0,0,0,0,0,2,2,5,2,2,1,0,0,0,0,0,0,0,3,2,0,3,4,2,4,1,1,2,0,1,1,4,3,3,3,1,3,4,1,1,0,4,0,0,1,3,2,2,2,4,0,3,1,2,2,3,4,0,2,1,3,1,0,1,2,4,0,0,1,4,2,1,1,2,0,2,3,4,1,2,4,0,3,4,4,2,0,3,1,3,3,1,4,4,1,3,4,2,2,0,2,3,3,3,2,4,0,4,3,3,1,3,2,3,0,4,3,0,2,4,0,4,4,2,0,2,4,2,3,2,3,1,0,2,2,1,0,3,2,2,2,4,4,0,3,3,0,3,2,4,2,0,1,1,0,0,3,0,1,3,1,1,3,2,4,0,0,0,1,0,4,0,3,4,2,3,3,4,2,0,2,2,0,0,1,4,3,1,2,0,4,0,4,4,2,4,3,2,0,3,0,1,2,3,3,3,4,1,3,1,2,0,1,0,3,0,1,2,0,3,2,2,2,4,0,0,2,1,4,3,3,2,0,3,2,3,3,2,4,2,3,4,0,0,1,2,4,4,0,0,2,2,3,4,1,2,4,1,0,0,1,1,1,4,3,2,4,3,4,1,1,1,1,3,0,0,0,1,1,4,4,3,4,0,2,3,4,0,0,3,3,0,2,1,1,4,4,1,4,0,4,0,1,4,1,4,2,3,4,2,2,0,1,3,4,4,2,4,2,4,4,4,2,4,1,2,1,4,3,0,0,4,4,3,4,0,3,3,0,0,3,3,4,4,1,3,1,4,1,2,3,4,2,1,1,2,0,0,0,3,4,3,4,2,2,3,4,2,2,4,0,3,2,1,1,4,1,2,1,4,4,3,0,0,3,0,0,0,0,0,0,0,0,0,0,0,0,0,0,0,0,0,0,0,0,0,0,0,0,0,0,0,0,0,0,0,0,0,0,0,0,0,0,0,0,0,0,0,0,0,0,0,0,0,0,0,0,0,0,0,0,0,0,0,0,0,0,0,0,0,0,0,0,0,0,0,0,0,0,0,0,0,0,0,0,0,2,1,2,0,2,2,2,3,3,2,2,3,1,2,2,0,0,0,0,0,0,0,2,3,2,3,3,5,4,0,2,5,0,5,2,0,0,0,0,2,2,5,2,0,0,0,0,0,0,0,0,0,0,0,0,0,0,0,0,0,0,0,0,0,0,0,0,0,0,0,0,0,0,0,0,0,0,0,0,0,0,0,0,0,0,0,0,0,0,0,0,0,0,0,0,0,0,0,0,0,0,0,0,0,0,0,0,0,0,0,0,0,0,0,0,0,0,0,0,0,0,0,0,0,0,0,0,0,0,0,0,0,0,0,0,0,0,0,0,2,1,1,1,5,5,3,1,1,5,4,1,3,1,3,3,0,0,0,0,0,0,0,0,0,0,0,0,0,0,0,0,0,0,0,0,0,0,0,0,0,0,0,0,0,0,0,0,0,0,0,0,0,0,0,0,0,0,0,0,0,0,0,0,0,0,0,0,0,0,0,0,0,0,0,0,0,0,0,0,0,0,0,0,0,0,0,0,0,0,0,0,0,0,0,0,0,0,0,0,0,0,0,0,0,0,0,0,0,0,0,0,0,0,0,0,0,0,0,0,0,0,0,0,0,0,0,0,0,0,0,0,0,0,0,0,0,0,0,0,0,0,0,0,0,0,0,0,0,0,0,0,0,0,0,0,0,0,0,0,0,0,0,0,0,0,0,0,0,0,0,0,0,0,0,0,0,0,0,0,0,0,0,0,0,0,0,0,0,0,0,0,0,0,0,0,0,0,0,0,0,0,0,0,0,0,0,0,0,0,0,0,0,0,0,0,0,0,0,0,0,0,0,0,0,0,0,0,0,0,0,0,0,0,0,0,0,0,0,0,0,0,0,0,0,0,0,0,0,0,0,0,0,0,0,0,0,0,0,0,0,0,0,0,0,0,0,0,0,0,0,0,0,0,0,0,0,0,0,0,0,0,0,0,0,0,0,0,0,0,0,0,0,0,0,0,0,0,0,0,3,3,2,3,2,2,4,2,3,1,1,2,5,5,1,2,1,0,0,0,0,0,0,0,0,0,0,0,0,0,0,0,0,0,0,0,0,0,0,0,0,0,0,0,0,0,0,0,0,0,0,0,0,0,0,0,0,0,0,0,0,0,0,0,0,0,0,0,0,0,0,0,0,0,0,0,0,0,0,0,0,0,0,0,0,0,0,0,0,0,0,0,0,0,0,0,0,0,0,0,0,0,0,0,0,0,0,0,0,0,0,0,0,0,0,0,0,0,0,0,0,0,0,0,0,0,0,0,0,0,0,0,0,0,0,0,0,0,0,0,0,0,0,0,0,0,1,1,2,4,1,3,2,3,1,3,4,5,3,3,1,3,5,4,1,2,4,3,3,1,3,3,1,3,1,1,2,1,3,2,2,5,3,2,2,3,4,1,2,2,4,0,0,0,0,0,0,0,0,0,0,0,0,0,0,0,0,0,0,0,0,0,0,0,0,0,0,0,0,0,0,0,0,0,1,0,0,1,0,0,0,0,0,0,0,1,0,0,0,0,0,0,0,0,0,0,1,0,0,0,0,0,0,0,0,0,1,0,0,0,0,0,0,0,0,0,0,1,0,0,0,0,1,0,0,0,0,0,1,0,0,0,0,0,0,0,0,0,0,0,0,0,0,0,1,0,0,0,0,0,0,0,0,0,0,0,0,0,0,0,0,0,0,0,0,0,1,0,0,0,0,0,0,0,0,0,0,0,0,0,0,0,0,1,0,0,0,0,0,0,0,0,1,0,0,0,0,0,0,0,0,0,0,0,0,0,0,0,0,0,0,0,0,0,0,0,0,0,0,0,0,0,0,0,1,0,0,0,0,0,0,0,0,0,0,0,0,0,0,1,0,0,0,0,0,0,0,0,1,0,0,0,0,0,0,0,0,0,0,0,0,0,0,0,0,1,0,0,0,0,0,0,0,0,0,0,0,0,0,0,0,0,0,1,0,0,0,0,0,1,0,0,0,0,0,0,0,0,1,0,0,0,0,0,0,0,0,0,0,0,0,0,0,0,0,0,0,0,0,0,0,0,0,0,0,0,0,1,0,0,0,0,0,0,0,0,0,0,0,0,0,1,0,0,0,0,0,0,0,0,1,0,0,0,0,0,0,0,0,0,0,0,1,0,0,0,0,0,0,0,0,0,0,0,1,0,0,0,0,0,0,0,0,1,0,0,1,0,0,0,0,0,0,1,0,0,0,0,0,0,0,0,0,0,0,0,0,0,0,0,0,0,0,0,0,0,0,0,0,0,1,0,0,0,0,0,0,0,0,0,0,0,0,0,0,0,1,0,0,0,0,0,0,0,0,0,0,0,0,0,0,0,0,1,0,0,0,0,0,0,0,0,0,0,0,0,0,0,0,0,0,0,0,0,0,0,0,0,0,0,0,0,0,0,0,0,1,0,0,0,0,0,1,0,0,1,1,0,0,0,0,0,0,0,0,0,1,0,0,0,0,0,0,0,0,0,0,0,0,0,0,0,0,0,0,0,0,0,0,0,0,0,0,0,0,0,0,0,0,0,0,0,0,0,0,0,0,0,0,0,0,0,0,0,0,0,0,0,0,0,0,0,0,0,0,0,0,0,0,0,0,0,0,0,0,0,0,0,0,0,0,0,0,0,0,0,0,0,0,0,0,0,0,0,0,0,0,0,0,0,0,0,0,0,1,0,0,0,0,0,0,0,0,0,0,0,0,0,0,0,0,0,0,0,0,0,0,0,0,0,0,0,0,0,0,0,0,0,0,0,0,0,0,0,0,0,0,0,0,0,0,0,0,0,0,0,0,0,0,0,0,0,0,0,0,0,0,0,0,0,0,0,0,0,0,0,0,0,0,0,0,0,0,0,0,0,0,0,0,0,0,0,0,0,1,0,0,0,1,1,0,0,0,0,0,0,0,0,0,0,0,0,0,0,1,0,0,0,0,0,0,0,0,0,0,0,0,0,0,0,0,1,0,0,0,0,0,0,0,0,0,0,0,0,0,0,0,0,0,0,0,0,1,0,1,0,0,0,0,1,0,0,0,0,0,0,0,0,0,0,0,0,0,0,0,0,0,1,0,0,0,0,1,0,0,0,0,0,0,0,1,0,0,0,1,0,0,0,0,0,0,0,0,0,0,0,0,0,0,0,0,0,0,0,0,0,0,0,0,0,0,0,0,0,0,0,0,0,0,0,0,0,0,0,0,1,1,0,0,0,0,0,0,0,0,0,0,0,0,0,0,0,0,0,0,0,0,0,0,0,0,0,0,0,0,0,0,0,0,0,0,1,0,0,0,0,0,0,0,0,0,0,0,0,0,0,0,0,0,0,0,0,0,0,0,0,0,0,0,0,0,0,0,0,0,0,0,0,1,0,0,0,0,1,0,0,0,0,0,0,0,0,0,0,0,0,0,0,0,0,0,0,0,0,0,0,0,0,0,0,0,0,0,0,0,0,0,0,0,0,0,1,0,0,0,0,0,1,0,0,0,0,0,0,0,0,0,0,0,0,0,0,0,0,0,0,0,0,0,0,0,0,0,0,0,0,0,1,0,0,0,0,0,0,0,0,0,0,0,0,0,0,0,0,0,0,0,0,0,0,0,0,0,0,0,0,0,0,0,0,0,0,0,0,0,0,0,0,0,0,0,0,0,0,0,0,0,0,0,0,0,0,1,0,0,0,0,0,0,0,0,0,0,0,0,0,0,0,0,0,0,0,0,0,0,0,0,0,1,0,0,0,0,0,0,0,0,0,0,0,0,0,0,0,0,0,0,0,1.0,-1.7718999999999978,3.139629609999992,52.20140000000001,64.65658299999996,12.0,12.0,58.0,27.0,31.0,0.0,23.0,1.0,3.0,0.0,0.0,0.0,0.0,0.0,0.0,0.0,4313.672819000013,4660.294372000002,5924.647813000001,5594.132834000012,4858.794701000012,4551.645408000015,4384.071287000015,4198.120342000018,4005.2967010000057,11596.9713217082,14666.65228932379,20093.224898882072,21162.66027508645,19272.25790590906,18143.14543664984,17061.33757918423,15946.285604508355,14968.415483839275,431.9610359999995,447.7296800000005,780.2876120000004,1048.9758240000008,1019.5846120000008,962.2401280000014,910.3297560000012,810.4086240000012,770.0713720000012,81.06731205031882,103.94818527599992,150.43089527049008,167.0836943682624,156.85452052196032,148.47973065735624,137.43195589711098,126.8472551614697,118.58798498346974,9416.311323039215,8553.545090876552,15881.193202056971,22834.87268390383,22475.38991484728,21485.09616477179,20147.111404048257,17669.12953310694,16759.527532982152,204.1111111111111,163.99999999999997,283.16666666666663,314.1111111111111,299.83333333333326,261.25,264.3333333333333,245.1388888888889,240.16666666666669,74.37366929310367,78.98804020338987,56.96776743269232,39.39530164788741,34.95535756115116,34.22289780451139,35.35541360483883,38.16473038181835,38.51246827884621,199.94778140876204,248.58732693769136,193.20408556617377,149.03281883863698,138.64933745258315,136.4146273432318,137.5914320901954,144.96623276825778,143.92707195999304,7.447604068965509,7.588638644067805,7.502765500000004,7.387153690140851,7.335141093525186,7.234888180451138,7.34136900000001,7.367351127272738,7.404532423076935,1.3977122767296348,1.761833648745761,1.4464509160624046,1.1766457349877637,1.1284497879277722,1.1163889523109491,1.1083222249767015,1.15315686510427,1.1402690863795166,162.3501952248141,144.9753405233314,152.70378078900936,160.80896256270304,161.69345262480056,161.54207642685554,162.4767048713569,160.6284503009722,161.14930320175148,3.519157088122605,2.779661016949152,2.7227564102564097,2.212050078247261,2.1570743405275774,1.9642857142857144,2.1317204301075265,2.228535353535354,2.309294871794872,0.6175399753018032,-0.3093380234215998,0.0519243761568613,-0.1544569227465879,0.1682173271816124,-0.0580367598717037,-0.0230140941337948,-0.0243191406547664,0.0800444545178247,1959.639284086206,33.47237880886118,-397.4063324131959,-291.3926737972654,-345.45486463763405,79.06890538852464,-102.04937525327092,-217.69792988763425,-111.67901993044076,3005.876492567768,51.03164488768431,-800.5752094005747,-180.5195899729352,-485.5506788494912,-87.41018629671339,-21.54115663798121,-346.7815811794421,-99.24290232992688,3.3650436551724137,-0.1331537871581533,0.5407540665873884,-0.7375951557669416,0.3193845505350838,0.1036102390012027,-0.4821668489892925,-0.3705022425683707,-0.0632966920332945,13.531443574182967,0.0923105274506332,-3.493268474332288,-0.1711033110575859,-1.2393377001127646,-1.0351052630701636,0.1631537861490266,-1.6331608066796628,-0.0237236558386442,78.58068300308639,-0.8779483402639965,-14.846521273577082,1.5239905822046584,-0.991805196419198,-10.346080957715095,-1.065586541223693,-8.343321008911204,2.166903346593125,65.4885057471264,-1.86378649755582,22.58957590170427,-12.04561368740919,-1.5433346545118418,-1.3883934469546946,-10.539602325274144,-10.116131589377725,-6.238968159598377,0.0106472409534793,-0.0052430173461288,0.0004992728476621,-0.0010877248080745,0.0012101965984288,-0.0004363666155767,-0.000185597533337,-0.0002210830968615,0.0007696582165175,33.786884208382865,0.5673284543874776,-3.821214734742268,-2.0520610830793338,-2.485286795954202,0.5945030480340199,-0.8229788326876686,-1.979072089887584,-1.0738367301003915,51.82545676840979,0.8649431336895645,-7.697838551928603,-1.2712647181192616,-3.4931703514351886,-0.6572194458399503,-0.1737190051450097,-3.15255982890402,-0.954258676249297,0.0580179940546967,-0.0022568438501381,0.005199558332571,-0.0051943320828657,0.002297730579389,0.0007790243533925,-0.0038884423305588,-0.003368202205167,-0.0006086220387816,0.2333007512790167,0.0015645852110276,-0.0335891199455027,-0.0012049528947717,-0.0089160985619623,-0.0077827463388734,0.0013157563399115,-0.0148469164243605,-0.0002281120753715,1.3548393621221793,-0.0148804803434575,-0.1427550122459334,0.0107323280436947,-0.0071352891828719,-0.0777900823888353,-0.0085934398485781,-0.0758483728082836,0.0208356091018569,1.1291121680539034,-0.0315896016534884,0.2172074605933102,-0.08482826540429,-0.0111031270108765,-0.0104390484733435,-0.0849967929457592,-0.0919648326307065,-0.0599900784576767,-0.4924296697179063,0.0468922277464729,-0.1021602509821204,0.1136629295529741,-0.0409840086726056,-0.0174315143376561,-0.0207643555572269,0.0722871042254409,0.0167913812616884,-0.11309757689329,-0.0607354342123739,-0.073557738577669,0.0175956754214855,-0.024357938057025,-0.0585751582679694,-0.031782650435519,0.0166895419282978,-0.1485339258335455,-0.0245297349486008,-0.0674025965086033,-0.0126814018982377,-0.0033520014289753,-0.0608303336908679,-0.0184129332523503,-0.0388990327381974,0.0896197536176299,-0.0895296738106595,0.0396037577104595,0.0134272886556207,-0.0670213162987496,-0.0580544408686659,-0.0104902289142898,0.0067063016404799,-0.1439734752732612,-0.0051648050345567,-0.0382171875276093,-0.0333592853696626,0.0056397432614262,-0.0636385281357468,-0.000977759711964,-0.0109832063929329,-0.1053667440118704,0.0079214764080104,-0.0052665204321311,-0.0574164617323985,-0.0063427739766267,-0.0559832958273939,0.0153786564550506,-0.0279773812976749,0.1923701353495119,-0.0751282891145323,-0.0098335022197249,-0.0092453599993842,-0.0752775458015447,-0.0814488013083888,-0.0531303090649296,1.4879065783868757,0.957020839254223,1.0457085485820727,0.7393327399014916,0.7270872623197133,0.9196200517701122,0.949588368632014,0.9006147484678054,0.9801335484248108,1.1007571800246967,1.041701443108254,1.0387341024593058,0.918912498107155,0.9972620535686524,1.034324445318274,1.0227145988585764,1.1088486284015289,1.2009165597625089,1.0087386740375626,1.048546939514941,1.0072637078008309,0.975864457669052,1.0477011036000066,0.9970902050025257,0.8436809276392321,0.7763707771447774,1.0479795315043998,0.8248990356842278,0.6365447455192409,1.0026749946753324,1.0009861655961083,1.107494198832952,1.180037275474073,1.2264088091762864,0.9896792799118896,1.0143439054256087,1.0184175542366791,0.9600074671606672,1.0511546009826804,0.9829871442823572,1.248420353086045,1.2324761907533273,0.986444285857522,0.9788580257484002,1.015961862267686,0.964345812160832,1.034018744919072,0.9384087407780852,0.7271621511070129,0.4626227765214165,0.8837473502709995,0.7325365157632567,0.5690747821726324,0.8636550057325662,0.9254399856396356,0.9625575910487064,365.56711232219527,183.229984732526,288.8876002347082,366.3938318989145,13.570141922182016,183.229984732526,0.892857142856684,0.0454056487041728,0.0016816906927471,-8.348720654369792,772.4024909634381,28.607499665312524,17.95366559388988,365.62653093042616,183.25841392310204,288.93425968117765,366.4508799265168,13.572254812093211,183.25841392310204,0.8902969157779239,0.0454314446566425,0.0016826460983941,-8.347187160265932,778.4946799165758,28.83313629320651,17.974877825220513,424.06664115519857,211.2751665463905,334.5757640080008,423.11192867145417,15.670812173016824,211.2751665463905,-1.5163080624175225,0.0942350644308371,0.0034901875715124,-6.377299918529369,333.8072003760521,12.363229643557483,15.688521671194644,365.7632282645,183.32448782913428,289.0353091683019,366.5833647402116,13.577161657044876,183.32448782913428,0.8857473937685825,0.0459127464099823,0.0017004720892586,-8.318733752438476,768.0402222378522,28.445934156957488,17.938373682100877,474.2654390282111,235.2501872085058,375.1091742016046,471.89484279153,17.477586770056664,235.2501872085058,-3.765064611199449,0.0790734264853555,0.0029286454253835,-6.850921704310352,253.5382883299768,9.390306975184329,14.94589009608826,367.0133506979303,183.8790014205113,290.4517223221602,367.7028434230157,13.618623830482065,183.8790014205113,0.744652143092253,0.0194056143608,0.0007187264578074,-10.643920707797268,436.5143205796524,16.167197058505643,16.412817192707102,398.2056757816688,199.12254644156127,314.4723392662243,399.27770128781856,14.788063010659949,199.12254644156127,1.8859903381639072,0.0231162302002887,0.0008561566740847,-10.171494815652116,509.5946516752782,18.873875987973268,16.830762144462476,1.0,11.850000000000012,15.99693355970004,-0.3707331333242967,0.2602127800397172,3.7066611733299113,8.962800988839353,28.0,59.0,58.0,46.0,15.0,1.0,1.0,0.0,0.0,13.0,37.42341699999999,3.819896603732654,3.78449875466366,3.5210991229967785,3.413194817298362,3.292639845026616,3.068104484310105,2.90367840545035,2.678707284283794,1.9944599040016484,1.9772464347515435,1.8050260139278471,1.7663526233311926,1.6100959816626437,1.475390772460646,1.2223369092595688,1.1141088410422286,3.811879078103543,3.796521953146319,3.4419945282009508,3.4108944425368666,3.2490576042834967,3.032386729796196,2.833544376182437,2.6458150318986893,1.9683632998171527,1.952745888929996,1.788414566251733,1.7411502763780815,1.5855620126335928,1.423177838966394,1.2434973202001498,1.0668031132920712,3.876969297932007,3.85250930910321,3.6224073834976447,3.552358844586456,3.4145167695257577,3.2065499372560646,3.046360970782421,2.833833506665317,1.8712282496423245,1.862430312921452,1.576976508053186,1.5487481851981897,1.376707168215218,1.1920601964024566,0.9642971513277836,0.7986202314843525,3.815457748775964,3.805347543538912,3.4456356099071463,3.4174311352285764,3.250117512418633,3.043109649332568,2.821980181293156,2.6659250192640367,1.956328366413574,1.933650770808798,1.7821108380500843,1.712413512413903,1.5761035117568272,1.3953965251382865,1.247966458121325,1.0423515109122214,3.898774657231246,3.88084450331048,3.673483773579381,3.605372252529062,3.4532096503454137,3.261208819952058,3.101125790650579,2.88742048852917,1.8493144081626087,1.837456388980956,1.5239232771104505,1.495514846461804,1.3341105362106662,1.1336758727090932,0.9134596531431212,0.7385642758080634,4.888326580453527,3.948260236434895,3.913324013534977,3.85710232238473,3.4952790147998742,3.4180141959752057,3.219920163694353,3.031894931804361,1.8812461882815823,1.8610526058930768,1.6902672845819349,1.6348800928253349,1.4727129171478308,1.3251341047826826,1.0177478407361225,0.8966574831589029,0.0,0.0,1.0,10.0,2.0,3.0,7.0,0.0,0.0,0.0,0.0,0.0,0.1853954059492991,0.1900199138464611,0.0,0.0,0.0,0.0598527927327569,0.0536625459049482,1.0206207261596576,0.0,0.0,0.0,0.3682933645762833,0.0,0.0,0.0,1.587713240271471,1.9663264951887856,2.1696783636100188,0.6111556826656466,0.7098396322394587,0.6883412095365623,19.158643481676,13.237183443017884,10.76776170394481,7.809663088089318,5.843379990964274,4.5256223559432565,2.734646427085467,1.8962295541744325,0.7095793882102223,0.472756551536353,0.3262958092104488,0.2169350857802588,0.1460844997741068,0.0983830946944186,0.0683661606771366,0.0474057388543608,16.030930410999797,9.920347983343904,6.785962928638654,4.47934205583118,2.9328390654217245,1.954858684617464,1.10535130843251,0.6895599124192942,0.5937381633703629,0.3542981422622823,0.2056352402617773,0.1244261682175327,0.0733209766355431,0.0424969279264665,0.0276337827108127,0.0172389978104823,34.30069183798085,57.41660597232347,54.98431372549012,55.70800000000006,37.47699580838328,440.674780239521,0.5913912385858767,0.9899414822814392,0.9480054090601744,0.9604827586206908,0.6461551001445393,7.597841038612431,4.709190000000006,112.62050000000008,257.42656897266284,386.1890675716585,514.8531379453257,19.068634738715765,257.42656897266284,0.1600081925370313,0.0059262293532233,-4.947831706597321,316.7499603379842,11.731480012517933,15.546904273761449,890.0,2.0,0.0,4.0,13.0,1.0,0.0,3.0,0.0,0.0,0.0,1.0,0.0,0.0,1.0,0.0,0.0,0.0,1.0,0.0,0.0,0.0,0.0,0.0,0.0,0.0,9.0,0.0,10.0,1.0,0.0,9.0,0.0,0.0,0.0,0.0,0.0,0.0,0.0,0.0,0.0,0.0,10.0,0.0,0.0,9.0,0.0,0.0,0.0,1.0,3.0,0.0,0.0,0.0,0.0,0.0,0.0,1.0,0.0,0.0,0.0,0.0,0.0,0.0,0.0,0.0,0.0,1.0,1.0,1.0,0.0,0.0,0.0,0.0,0.0,0.0,0.0,0.0,0.0,0.0,0.0,0.0,0.0,0.0,0.0,0.0,0.0,0.0,0.0,0.0,0.0,0.0,0.0,0.0,0.0,0.0,0.0,0.0,0.0,0.0,0.0,0.0,0.0,0.0,0.0,0.0,0.0,0.0,0.0,0.0,0.0,0.0,0.0,0.0,0.0,0.0,0.0,0.0,0.0,0.0,0.9967210756427608,0.0,27.965975388590305,21.789045688453083,7.399912350159135,0.0,7.677220716072783,0.0,0.0,0.0,1.6690007279448786,0.0,0.0,0.710213566541853,0.0,0.0,0.0,0.2865075091009077,0.0,0.0,0.0,0.0,0.0,0.0,0.0,3.859445020413924,0.0,4.656123062997864,0.6023257020188763,0.0,3.859445020413924,0.0,0.0,0.0,0.0,0.0,0.0,0.0,0.0,0.0,0.0,8.911645589623278,0.0,0.0,18.921439985469707,0.0,0.0,0.0,-0.7552933216583002,3.622899024641675,0.0,0.0,0.0,0.0,0.0,0.0,3.147841463279666,0.0,0.0,0.0,0.0,0.0,0.0,0.0,0.0,0.0,8.573526471424776,10.419277663464708,5.825329790421158,0.0,0.0,0.0,0.0,0.0,0.0,0.0,0.0,0.0,0.0,0.0,0.0,0.0,0.0,0.0,0.0,0.0,0.0,0.0,0.0,0.0,0.0,0.0,0.0,0.0,0.0,0.0,0.0,0.0,0.0,0.0,0.0,0.0,0.0,0.0,0.0,0.0,0.0,0.0,0.0,0.0,0.0,0.0,0.0,0.0,0.0,0.0,0.0,0.0,0.0,0.2865075091009077,0.0,3.147841463279666,-0.7552933216583002,7.399912350159135,0.0,2.235639712544177,0.0,0.0,0.0,1.6690007279448786,0.0,0.0,0.710213566541853,0.0,0.0,0.0,0.2865075091009077,0.0,0.0,0.0,0.0,0.0,0.0,0.0,0.3961184813640443,0.0,0.3657402775620906,0.6023257020188763,0.0,0.3961184813640443,0.0,0.0,0.0,0.0,0.0,0.0,0.0,0.0,0.0,0.0,0.178860275143724,0.0,0.0,2.03884771536918,0.0,0.0,0.0,-0.7552933216583002,0.9318449680530312,0.0,0.0,0.0,0.0,0.0,0.0,3.147841463279666,0.0,0.0,0.0,0.0,0.0,0.0,0.0,0.0,0.0,8.573526471424776,10.419277663464708,5.825329790421158,0.0,0.0,0.0,0.0,0.0,0.0,0.0,0.0,0.0,0.0,0.0,0.0,0.0,0.0,0.0,0.0,0.0,0.0,0.0,0.0,0.0,0.0,0.0,0.0,0.0,0.0,0.0,0.0,0.0,0.0,0.0,0.0,0.0,0.0,0.0,0.0,0.0,0.0,0.0,0.0,0.0,0.0,0.0,0.0,0.0,0.0,0.0,0.0,0.0,0.0,0.710213566541853,0.0,10.419277663464708,2.1846997727916726,7.399912350159135,0.0,2.98520128999,0.0,0.0,0.0,1.6690007279448786,0.0,0.0,0.710213566541853,0.0,0.0,0.0,0.2865075091009077,0.0,0.0,0.0,0.0,0.0,0.0,0.0,0.4717583346087134,0.0,0.6023257020188763,0.6023257020188763,0.0,0.4717583346087134,0.0,0.0,0.0,0.0,0.0,0.0,0.0,0.0,0.0,0.0,1.2012019089743848,0.0,0.0,2.1846997727916726,0.0,0.0,0.0,0.0,1.4084191654910694,0.0,0.0,0.0,0.0,0.0,0.0,3.147841463279666,0.0,0.0,0.0,0.0,0.0,0.0,0.0,0.0,0.0,8.573526471424776,10.419277663464708,5.825329790421158,0.0,0.0,0.0,0.0,0.0,0.0,0.0,0.0,0.0,0.0,0.0,0.0,0.0,0.0,0.0,0.0,0.0,0.0,0.0,0.0,0.0,0.0,0.0,0.0,0.0,0.0,0.0,0.0,0.0,0.0,0.0,0.0,0.0,0.0,0.0,0.0,0.0,0.0,0.0,0.0,0.0,0.0,0.0,0.0,0.0,0.0,0.0,0.0,0.0,0.0,58.66666666666666,2.1728395061728394,0.710213566541853,10.419277663464708,-0.1260449832747328,-0.7552933216583002,10.783999893136016,2.421959988324967,3.419277663464708,19.774830748120024,2.421959988324967,3.419277663464708,19.774830748120024,12.89999,0.47778,0.0,0.02222,0.53276,0.8,0.43671,0.49286,0.76552,0.09605,0.0399,-0.05615,0.03448,0.59722,0.11707,0.0,0.05168,0.15504,0.0,29.5,1.09259,15.5,0.57407,14.0,0.51852,-1.5,-0.05556,0.5,0.01852,23.43182,0.86785,42.64926,19.21744,0.71176,7.51675,0.2784,13.23716,5.72041,0.21187,0.17684,0.00655,0.34884,0.01292,0.3103448275862069,82.04,3.0,4.0,4.0,4.0,2.0,2.0,0.4347826086956521,1.334241372481574,3.0950137636470147,4.189119141343586,4.969881426087452,5.202808581334467,5.202808581334468,77.3859996039313,179.51079829152687,242.968910197928,288.2531227130722,301.7628977173991,301.76289771739914,0.2277647151111178,0.5283413801139539,0.7151131328059828,0.8483949384986389,0.8881572995306658,0.888157299530666,4.523739622645998,2.762967231480557,1.6688618537839854,0.8880995690401203,0.655172413793105,0.6551724137931041,0.2207403002078212,0.5120469814723989,0.6930585694150956,0.8222298758067997,0.8607659392479668,0.8607659392479671,11.786304410437776,25.925285612447865,32.055796922591874,33.97979024561205,34.736647053663525,34.73664705366353,94.01114328636068,56.40686553902499,36.12599385007062,28.430983669602085,26.05342287235759,26.053422872357608,23.28061224489796,14.921946740128558,11.555555555555555,9.0,7.0,5.0,3.55,3.107000000000001,0.0,0.0,0.0,0.0,30.383781413045742,14.283792276164046,0.0,0.756003038541581,0.0,0.0,0.4999999999999999,0.1666666666666666,0.0,0.0,0.0,0.0,0.0,0.0,0.0,0.6779999999999999,1.255,1.279,1.7860000000000005,1.5600000000000005,13.563,33.0,36.0,40.0,46.0,40.0,40.0,40.0,42.0,42.0,414.0,3.58351893845611,3.9889840465642745,4.343805421853684,4.749270529961848,5.198497031265826,4.942980812280427,4.976302615015751,5.008549787605235,5.090293312401709,5.182836366672891,7.1364334857948215,3.033665458937198,0.4761904761904761,2.0,0.0,0.0,0.0,2.0,0.0,0.0,0.0,0.0,0.0,0.0,0.0,0.0,0.0,0.0,0.0,0.0,0.0,0.0,0.0,0.0,0.0,0.0,2.0,0.0,0.0,2.0,0.0,0.0,0.0,0.0,0.0,0.0,0.0,0.0,0.0,0.0,0.0,0.0,0.0,0.0,0.0,0.0,0.0,0.0,0.0,0.0,0.0,0.0,0.0,0.0,0.0,0.0,0.0,0.0,0.0,0.0,0.0,0.0,0.0,0.0,0.0,0.0,0.0,0.0,0.0,0.0,0.0,14.0,0.5,15.0,0.5357142857142857,2.0,11.0,21.0,0.9090909090909092,3.5,1.333333333333334,0.4375,0.5333333333333335,0.3263888888888889,0.2220408163265306,0.0989583333333333,0.1723356009070294,0.136875,0.0454035302520151,0.125,0.0404040404040404,0.0145833333333333,0.0213333333333333,0.013599537037037,0.0096539485359361,0.004498106060606,0.008206457186049,0.0062215909090909,0.0021620728691435,0.2706613455582205,213.61002002672285,336.75822590100177,427.2200400534457,15.822964446423915,213.61002002672285,0.0340758444023664,0.0012620683111987,-9.12374960671665,366.7768176846267,13.5843265809121,15.942834549551447,58.56,378.7634170983858,5.754887502163469,4.812184355372417,5.564520407322694,6.343880434126331,7.110696122978827,7.894690850425624,8.669227347271736,9.456184308811167,10.23598762483351,11.025246544044483,126.11261799518678,4.04305126783455,0.0,5.241747015059643,0.0,6.608000625296087,0.0,8.052296499538647,0.0,9.53942826848658,9.800790154297786,369.2303938520009,6.36604127331036,54.32247392819282,2.0119434788219563,10.819465405663088,7.840357347813859,2.9791080578492304,2768.0,30.0,7.517000000000002,122.0,1.0,2.2304489213782737
0,0,0,0,0,0,0,0,0,0,0,0,0,0,0,0,0,0,0,0,0,0,0,0,0,0,0,0,0,0,0,0,0,0,0,0,0,0,0,0,0,0,0,0,0,0,0,0,0,0,0,0,0,0,0,0,0,0,0,0,0,0,0,0,0,0,0,0,0,0,0,0,0,0,0,0,0,0,0,0,0,0,0,0,0,0,0,0,0,0,0,0,0,0,0,0,0,0,0,0,0,0,0,0,0,0,0,0,0,0,0,0,0,0,0,0,0,0,0,0,0,0,0,0,0,0,0,0,0,0,0,0,0,0,0,0,0,0,0,0,0,0,0,0,0,0,0,0,0,0,0,0,0,0,0,0,0,0,0,0,0,0,0,0,0,0,0,0,0,0,0,0,0,0,0,0,0,0,0,0,0,0,0,2,4,3,1,2,2,5,1,2,1,2,3,4,2,2,2,2,5,0,0,0,0,0,0,0,0,0,0,0,0,0,0,0,0,2,3,2,3,0,0,0,0,0,0,0,0,0,0,0,0,0,0,0,0,0,1,5,2,5,1,2,0,0,0,0,0,0,0,0,0,0,0,0,0,0,0,0,0,0,0,0,0,0,0,0,0,0,0,0,0,0,0,0,0,0,0,0,0,0,0,0,0,0,0,0,0,0,0,0,0,0,0,0,0,0,0,0,0,0,0,0,0,0,0,0,0,0,0,0,0,0,0,0,0,0,0,0,0,0,0,0,0,0,0,0,0,0,0,0,0,0,0,0,0,0,0,0,0,0,0,0,0,0,0,0,0,0,0,0,0,0,0,0,0,0,0,0,0,0,0,0,0,0,0,0,0,0,0,0,0,0,0,0,0,0,0,0,0,0,0,0,0,0,0,0,0,0,0,0,0,0,0,0,0,0,0,0,0,0,0,0,0,0,0,0,0,0,0,0,0,0,0,0,0,0,0,0,0,0,0,0,0,0,0,0,0,0,0,0,0,5,2,3,1,1,2,1,0,0,0,0,0,0,0,0,0,0,0,0,0,0,0,0,0,0,0,0,0,0,0,0,0,0,0,0,0,0,0,0,0,0,0,0,0,0,0,0,0,0,0,0,0,0,0,0,0,0,0,0,0,0,0,0,0,0,0,0,0,0,0,0,0,0,0,0,0,0,0,0,0,0,0,0,0,0,0,0,0,0,0,0,0,0,0,0,0,0,0,0,0,0,0,0,0,0,0,0,0,0,0,0,0,0,0,0,0,0,0,0,0,0,0,0,0,0,0,0,0,0,0,0,0,0,0,0,0,0,0,0,0,0,0,0,0,0,0,0,0,0,0,0,0,0,0,0,0,2,5,2,4,0,0,0,0,0,0,0,0,0,0,0,0,0,0,0,0,0,0,0,0,0,2,2,2,1,2,2,2,1,0,0,0,0,0,0,0,0,0,0,0,2,2,2,2,2,4,3,2,2,0,0,0,0,0,0,2,2,2,2,2,0,0,1,0,0,0,0,5,5,0,0,0,0,0,0,0,0,0,0,0,1,5,2,5,0,0,0,0,0,2,0,0,0,0,0,0,0,1,2,2,2,2,2,1,0,0,0,0,0,0,0,0,0,0,0,0,0,0,0,3,2,3,0,2,3,4,0,0,0,0,0,0,0,0,0,0,0,0,0,0,0,0,0,0,0,0,0,0,0,0,0,0,0,0,0,0,0,0,2,2,2,1,2,2,2,2,2,0,0,0,0,0,0,0,0,0,0,0,0,0,0,0,0,0,0,0,0,0,0,0,0,3,2,2,2,3,1,1,2,3,2,0,0,0,5,2,3,0,0,0,0,0,0,0,1,2,0,0,0,0,0,0,0,2,2,2,0,0,0,0,0,0,0,0,0,0,0,0,0,0,0,0,0,0,0,0,0,0,0,0,0,0,0,0,0,0,0,0,0,0,0,0,0,0,0,0,0,0,0,0,0,0,0,0,0,0,0,0,0,0,0,0,0,0,0,0,0,0,0,0,0,0,0,2,5,4,0,1,1,2,2,2,2,2,3,2,0,0,0,3,2,2,3,0,0,0,0,0,0,0,0,0,0,0,0,2,2,0,0,0,0,0,0,0,0,0,0,0,0,0,0,0,0,0,0,0,0,0,0,0,0,0,0,0,0,0,0,0,2,2,2,2,4,5,0,0,0,0,0,0,0,0,0,0,0,0,0,0,0,0,0,0,0,0,0,0,0,0,0,0,0,0,0,0,0,0,0,0,3,0,0,0,0,0,0,0,0,0,0,0,0,0,0,0,0,0,0,0,0,0,0,0,0,0,0,2,3,0,0,0,0,0,0,2,2,5,5,1,1,0,0,0,0,0,0,0,0,0,0,0,0,0,0,0,0,0,0,0,0,0,0,2,1,2,0,0,0,0,0,0,0,0,0,3,3,5,0,0,1,5,0,0,0,0,0,0,0,0,0,0,0,0,0,0,0,3,2,0,0,0,0,2,2,2,0,0,0,0,2,2,2,2,1,0,0,0,2,3,2,2,2,1,0,0,2,2,1,2,2,0,0,0,0,0,0,0,0,0,0,0,0,1,2,3,0,0,0,0,0,0,0,0,0,0,0,0,0,0,0,0,0,0,0,0,0,0,0,0,0,0,0,0,0,0,0,0,0,0,0,0,0,0,0,1,2,0,0,0,0,1,0,0,0,0,0,0,0,0,0,0,0,0,0,0,0,0,0,0,0,0,0,0,0,0,0,0,0,0,0,0,0,0,0,0,0,0,0,0,0,0,0,0,0,0,0,0,0,0,0,0,0,0,0,0,0,0,0,0,0,0,0,0,0,0,0,0,0,0,0,0,0,0,0,0,0,0,0,0,0,0,0,0,0,0,0,5,2,0,0,0,0,0,0,4,2,0,0,0,0,0,0,0,0,0,0,0,0,1,3,3,2,0,0,0,0,0,0,0,0,0,0,0,0,0,0,0,0,0,0,0,0,0,0,0,0,0,0,0,0,0,0,0,0,0,0,0,0,0,0,0,0,0,0,0,2,1,0,0,0,0,0,0,0,0,0,0,0,0,0,0,0,0,0,0,0,0,0,0,2,2,2,5,0,0,0,0,0,0,0,2,2,0,0,0,0,0,0,0,0,2,2,2,1,0,0,0,0,2,2,2,2,0,2,1,2,2,2,0,2,2,0,0,0,0,0,0,0,0,0,0,0,0,0,0,0,0,0,0,1,2,2,0,0,0,0,0,0,0,0,0,0,0,0,0,0,0,0,2,2,5,2,2,1,0,0,0,0,0,0,0,3,2,0,3,4,2,4,1,1,2,0,1,1,4,3,3,3,1,3,4,1,1,0,4,0,0,1,3,2,2,2,4,0,3,1,2,2,3,4,0,2,1,3,1,0,1,2,4,0,0,1,4,2,1,1,2,0,2,3,4,1,2,4,0,3,4,4,2,0,3,1,3,3,1,4,4,1,3,4,2,2,0,2,3,3,3,2,4,0,4,3,3,1,3,2,3,0,4,3,0,2,4,0,4,4,2,0,2,4,2,3,2,3,1,0,2,2,1,0,3,2,2,2,4,4,0,3,3,0,3,2,4,2,0,1,1,0,0,3,0,1,3,1,1,3,2,4,0,0,0,1,0,4,0,3,4,2,3,3,4,2,0,2,2,0,0,1,4,3,1,2,0,4,0,4,4,2,4,3,2,0,3,0,1,2,3,3,3,4,1,3,1,2,0,1,0,3,0,1,2,0,3,2,2,2,4,0,0,2,1,4,3,3,2,0,3,2,3,3,2,4,2,3,4,0,0,1,2,4,4,0,0,2,2,3,4,1,2,4,1,0,0,1,1,1,4,3,2,4,3,4,1,1,1,1,3,0,0,0,1,1,4,4,3,4,0,2,3,4,0,0,3,3,0,2,1,1,4,4,1,4,0,4,0,1,4,1,4,2,3,4,2,2,0,1,3,4,4,2,4,2,4,4,4,2,4,1,2,1,4,3,0,0,4,4,3,4,0,3,3,0,0,3,3,4,4,1,3,1,4,1,2,3,4,2,1,1,2,0,0,0,3,4,3,4,2,2,3,4,2,2,4,0,3,2,1,1,4,1,2,1,4,4,3,0,0,3,0,0,0,0,0,0,0,0,0,0,0,0,0,0,0,0,0,0,0,0,0,0,0,0,0,0,0,0,0,0,0,0,0,0,0,0,0,0,0,0,0,0,0,0,0,0,0,0,0,0,0,0,0,0,0,0,0,0,0,0,0,0,0,0,0,0,0,0,0,0,0,0,0,0,0,0,0,0,0,0,0,2,1,2,0,2,2,2,3,3,2,2,3,1,2,2,0,0,0,0,0,0,0,2,3,2,3,3,5,4,0,2,5,0,5,2,0,0,0,0,2,2,5,2,0,0,0,0,0,0,0,0,0,0,0,0,0,0,0,0,0,0,0,0,0,0,0,0,0,0,0,0,0,0,0,0,0,0,0,0,0,0,0,0,0,0,0,0,0,0,0,0,0,0,0,0,0,0,0,0,0,0,0,0,0,0,0,0,0,0,0,0,0,0,0,0,0,0,0,0,0,0,0,0,0,0,0,0,0,0,0,0,0,0,0,0,0,0,0,0,2,1,1,1,5,5,3,1,1,5,4,1,3,1,3,3,0,0,0,0,0,0,0,0,0,0,0,0,0,0,0,0,0,0,0,0,0,0,0,0,0,0,0,0,0,0,0,0,0,0,0,0,0,0,0,0,0,0,0,0,0,0,0,0,0,0,0,0,0,0,0,0,0,0,0,0,0,0,0,0,0,0,0,0,0,0,0,0,0,0,0,0,0,0,0,0,0,0,0,0,0,0,0,0,0,0,0,0,0,0,0,0,0,0,0,0,0,0,0,0,0,0,0,0,0,0,0,0,0,0,0,0,0,0,0,0,0,0,0,0,0,0,0,0,0,0,0,0,0,0,0,0,0,0,0,0,0,0,0,0,0,0,0,0,0,0,0,0,0,0,0,0,0,0,0,0,0,0,0,0,0,0,0,0,0,0,0,0,0,0,0,0,0,0,0,0,0,0,0,0,0,0,0,0,0,0,0,0,0,0,0,0,0,0,0,0,0,0,0,0,0,0,0,0,0,0,0,0,0,0,0,0,0,0,0,0,0,0,0,0,0,0,0,0,0,0,0,0,0,0,0,0,0,0,0,0,0,0,0,0,0,0,0,0,0,0,0,0,0,0,0,0,0,0,0,0,0,0,0,0,0,0,0,0,0,0,0,0,0,0,0,0,0,0,0,0,0,0,0,0,3,3,2,3,2,2,4,2,3,1,1,2,5,5,1,2,1,0,0,0,0,0,0,0,0,0,0,0,0,0,0,0,0,0,0,0,0,0,0,0,0,0,0,0,0,0,0,0,0,0,0,0,0,0,0,0,0,0,0,0,0,0,0,0,0,0,0,0,0,0,0,0,0,0,0,0,0,0,0,0,0,0,0,0,0,0,0,0,0,0,0,0,0,0,0,0,0,0,0,0,0,0,0,0,0,0,0,0,0,0,0,0,0,0,0,0,0,0,0,0,0,0,0,0,0,0,0,0,0,0,0,0,0,0,0,0,0,0,0,0,0,0,0,0,0,0,1,1,2,4,1,3,2,3,1,3,4,5,3,3,1,3,5,4,1,2,4,3,3,1,3,3,1,3,1,1,2,1,3,2,2,5,3,2,2,3,4,1,2,2,4,0,0,0,0,0,0,0,0,0,0,0,0,0,0,0,0,0,0,0,0,0,0,0,0,0,0,0,1,0,0,1,0,0,0,0,0,0,0,0,0,0,0,0,0,0,0,0,0,0,0,0,0,0,0,0,0,0,0,0,0,0,0,0,0,0,0,0,0,0,0,0,0,0,0,0,0,1,0,0,0,0,0,0,0,0,0,0,0,0,0,0,0,0,0,0,0,0,0,0,0,0,0,0,1,0,0,0,0,0,0,0,0,0,0,0,0,0,0,0,0,1,0,0,0,0,0,0,0,0,0,0,0,0,0,0,0,0,0,0,0,0,0,0,0,0,0,0,0,0,0,0,0,0,0,0,0,0,0,0,0,0,0,0,0,0,0,0,0,0,0,0,0,0,0,0,0,0,0,0,0,0,0,0,0,0,0,0,0,0,0,0,0,0,0,0,0,0,0,0,0,0,0,0,0,0,0,0,0,0,0,0,1,0,0,0,0,0,0,0,0,0,0,0,0,0,0,0,0,0,0,0,0,0,0,0,0,0,0,0,0,0,0,0,0,0,0,0,0,0,1,0,0,0,0,0,0,0,0,0,0,0,0,1,0,0,0,0,0,0,0,0,0,0,0,0,0,0,0,0,0,0,0,0,0,0,0,0,0,0,0,0,0,0,0,0,0,0,0,0,0,0,0,0,0,0,0,0,0,0,0,0,0,0,0,0,0,0,0,0,0,0,0,0,0,0,0,0,0,0,0,0,0,0,1,0,0,0,0,0,0,0,0,0,0,0,0,0,0,1,0,0,0,0,0,0,0,0,0,0,0,0,0,0,0,0,0,0,0,0,0,0,0,0,0,0,1,0,0,0,1,0,0,0,0,1,0,0,0,0,1,0,0,0,0,0,0,0,0,0,0,0,1,0,0,0,0,0,0,0,0,0,0,1,0,0,0,0,0,0,0,0,0,0,0,0,0,0,0,0,0,1,0,1,0,0,0,0,0,0,0,0,0,0,0,0,0,0,0,0,0,1,0,0,0,0,0,0,0,0,0,0,0,0,0,0,0,0,0,0,0,0,0,0,0,0,0,0,0,0,0,0,0,0,0,0,0,0,0,0,0,0,0,0,0,0,0,0,0,0,0,0,0,0,0,0,0,0,0,0,0,0,0,0,0,0,0,0,0,0,0,0,0,0,0,0,0,0,0,0,0,0,0,0,0,0,0,0,0,0,0,0,0,0,0,0,0,0,0,0,0,0,0,0,1,0,0,0,0,0,0,0,0,0,0,0,0,0,0,0,0,0,0,0,0,0,0,0,0,1,0,0,0,0,0,1,0,0,0,0,0,0,0,0,0,0,0,0,0,0,0,0,0,0,0,0,0,0,0,0,0,0,0,0,0,0,0,0,1,0,0,0,0,0,0,0,0,0,0,0,0,0,0,0,0,0,0,0,0,0,0,0,0,0,0,0,0,0,0,0,0,0,0,0,0,0,0,0,0,0,0,0,0,0,0,0,0,0,0,0,0,0,0,0,1,0,0,0,0,0,0,0,0,1,0,0,0,0,0,0,1,0,0,1,0,0,0,1,0,0,0,0,0,0,0,0,0,0,1,0,0,0,0,0,0,0,0,0,0,0,0,0,0,0,0,0,0,0,0,0,0,0,0,0,0,0,0,0,0,0,0,0,0,0,0,0,0,0,0,0,1,0,0,0,1,0,0,0,0,0,0,0,0,1,0,1,0,0,0,0,0,1,0,0,0,0,0,0,0,0,0,0,0,0,0,0,0,0,0,0,0,1,0,0,0,0,0,0,0,0,0,0,0,0,0,0,0,0,0,0,0,0,0,0,0,0,0,0,0,0,1,0,1,0,0,0,0,0,0,0,0,1,0,0,0,0,0,0,0,0,0,0,0,0,0,0,0,0,0,0,0,0,0,0,0,0,1,0,0,0,0,0,0,0,0,0,0,0,0,0,0,0,0,1,0,0,0,0,0,0,0,0,0,0,0,0,0,0,0,0,1,1,0,0,0,0,0,0,0,1,0,0,0,0,0,0,0,0,0,0,1,0,0,0,0,0,0,1,0,0,0,0,0,0,0,0,0,0,0,0,0,0,0,0,0,0,0,0,0,0,0,0,0,0,0,0,0,0,0,0,1,0,0,0,0,0,0,0,0,1,0,0,0,0,0,0,0,0,0,0,0,0,0,0,1,0,0,0,0,0,1,0,0,0,0,0,0,0,0,0,1,0,0,0,0,0,0,0,1,0,0,0,0,0,0,0,0,0,0,0,0,0,0,0,0,0,0,0,0,0,0,0,0,0,0,0,0,0,0,0,0,0,0,0,0,0,0,0,0,0,0,0,0,1,0,1,0,0,1.0,0.9230999999999988,0.852113609999998,49.0019,52.64148099999998,12.0,12.0,42.0,25.0,17.0,0.0,19.0,1.0,3.0,0.0,0.0,0.0,2.0,0.0,0.0,2.0,6235.796439000008,4883.644797000003,7098.639992000005,8437.373674000002,6052.244627000011,5173.975892000009,5359.850284000006,5424.840680000007,4897.677917000001,10475.673209504028,12759.832091133294,18363.99300820425,20261.994019336184,17258.446360044974,15379.079963394928,14690.908834343249,13395.573978518572,11755.323019886197,331.89172599999984,342.1216080000001,573.5516400000008,752.8117450000005,800.7210540000012,644.6767240000011,582.6334140000009,540.3181480000003,485.0971960000001,73.1919313824329,88.15079694599997,131.31799009939598,151.74258261394306,132.1761598663759,116.56938955613084,110.18505018818786,100.26744743958386,87.5574593921879,6656.605625973532,6287.2815779255525,11093.026497024495,14819.927418931164,16809.806106860633,13474.503236154496,11798.702224704217,11134.335641097889,9859.023322635268,216.84392623075743,138.09670781893,237.5072016460905,289.3190824569425,309.93415637860085,231.13168724279825,222.0689300411522,212.10082304526745,197.0679012345678,148.47134378571448,110.99192720454552,95.92756745945952,86.98323375257735,58.194659875000106,60.87030461176481,70.52434584210533,76.40620676056348,78.99480511290324,249.4207907024769,289.996183889393,248.1620676784358,208.88653628181632,165.94659961581706,180.93035251052856,193.3014320308322,188.67005603547284,189.6019841917129,7.902183952380948,7.775491090909094,7.750697837837849,7.760945824742274,7.699240903846165,7.584432047058836,7.66622913157896,7.610114760563384,7.824148322580647,1.742665032915069,2.003427203318181,1.7745674337756214,1.5643565217932274,1.2709246140997683,1.371404583013304,1.4498032919498405,1.4122175695716035,1.4122170869707724,158.49061014222696,142.89276313467164,149.90576347330398,152.78275689619755,161.6327510275061,158.5235674841705,155.24608190400284,156.82162874785757,159.01650520379465,5.162950624541844,3.1385615413393184,3.2095567790012227,2.982670953164356,2.980136119025008,2.719196320503509,2.921959605804634,2.987335535848837,3.1785145360414164,0.617279147730953,-0.2757818998737864,-0.0118427524261503,-0.0787432216697436,0.1565451905040527,-0.1073872811747866,-0.1265043331569224,0.1899305691124773,0.0412986488411687,2829.3129627857143,-1.8385854183663144,49.56203709183798,-34.53871357652901,-51.87855318367509,-42.2855976377565,-107.67982918367356,898.4243130051009,85.45519038775481,2175.81419556778,69.8851105659108,-19.75149349043963,-1079.55589771346,311.29883090903223,338.9443172575839,-211.8023113825546,329.05762269167184,190.8707892282605,4.043765619047616,-0.2216624580498864,0.4126780045351468,-0.4507891678004547,-0.5482143900226766,-0.5339382766439909,0.0309644036281169,1.2656223582766437,-0.812866294784581,11.429651457352984,0.3707636907180986,0.8838168271516142,-4.101987896559721,2.815956040019388,1.3281369770840452,-1.1077924232690768,1.0777781980935877,0.979444948426391,57.98754141179288,-2.5867014227045138,8.265016749278827,-33.84080778771552,13.838740307272117,11.88428528460079,-4.217790783781549,-3.257576135221893,-1.899730010432792,84.01537947902828,-3.775262226010148,19.152962119664693,-15.547262546739985,-15.134568972638084,-6.696231355418752,-16.65758073284694,4.413641074984074,-5.930291895247155,0.0146971225650226,-0.0062677704516769,-0.0001600371949479,-0.0008117857904097,0.0015052422163851,-0.0012633797785269,-0.0016645306994331,0.0026750784382039,0.0006661072393736,67.36459435204081,-0.041786032235598,0.6697572579978105,-0.3560692121291651,-0.4988322421507219,-0.4974776192677235,-1.416839857679915,12.653863563452123,1.378309522383142,51.80509989447095,1.5882979674070634,-0.2669120741951301,-11.12944224446866,2.9932579895099254,3.987580203030399,-2.786872518191508,4.634614404108054,3.078561116584848,0.096280133786848,-0.0050377831374974,0.0055767297910154,-0.0046473110082521,-0.0052712922117565,-0.0062816267840469,0.0004074263635278,0.0178256670179808,-0.0131107466900738,0.2721345585084044,0.0084264475163204,0.0119434706371839,-0.0422885350160796,0.0270765003848018,0.0156251409068711,-0.0145762160956457,0.0151799746210364,0.0157974991681675,1.3806557478998305,-0.0587886686978298,0.1116894155307949,-0.3488743070898507,0.1330648106468472,0.1398151209953034,-0.0554972471550203,-0.0458813540172097,-0.0306408066198837,2.000366178072102,-0.0858014142275033,0.2588238124279012,-0.1602810571828864,-0.1455247016599816,-0.0787791924166912,-0.2191786938532492,0.0621639588025925,-0.0956498692781799,-0.426462419697953,-0.0108890154681601,-0.0552343349399342,0.1024174772800364,-0.0859610289658729,-0.1132555499941576,0.1820137531254081,0.0453222892050271,-0.0006202966504515,0.0099422740452903,-0.005285702609124,-0.007404961715406,-0.0073848528897532,-0.0210324113328085,0.1878414571506846,0.0204604441790331,0.0306591044249019,-0.0051522354891476,-0.2148329463149338,0.0577792147029406,0.0769727345599807,-0.0537953314223595,0.0894625126396618,0.059425831102652,-0.0523242224470775,0.0579219156816054,-0.0482686388714484,-0.0547495314394398,-0.0652432286597531,0.0042316763334567,0.1851437707538365,-0.1361729172406367,0.0309642684211317,0.0438881070550072,-0.155395680900901,0.0994967362220024,0.0574169667847921,-0.0535625323572992,0.055781135274547,0.0580503235412481,-0.0425802512952672,0.0808959189868221,-0.2526873969999669,0.0963779789779294,0.1012671849648123,-0.0401962960277675,-0.0332315670195135,-0.0221929374259243,-0.0428928539024772,0.1293882166500878,-0.0801258584252613,-0.0727490312799801,-0.0393823857253057,-0.1095692859916716,0.0310762896733759,-0.0478161800207823,1.3069868607390165,0.930924386188493,0.8871582789034954,0.7804619009021468,0.8869271535630444,0.8036765437938767,0.6138370156311369,0.991567770590388,0.5467484984128788,0.6533573873417564,0.8721624052578901,0.8604905186359055,0.8335697514691199,0.8499232199320478,0.6182664310794863,0.987351385880155,0.8287412398402313,0.9049677862877316,1.1653562791133047,0.9438789390485626,0.9363291543583978,1.043865197016036,0.91953262277472,0.9235372659434978,0.6504769760710527,0.5935120565206996,0.8976091756193851,1.0205647823421888,0.8370716732436116,0.8372060935377869,0.5912057030490565,1.1910825011851962,0.8102190725632029,0.8243147121767078,1.0992554094976084,0.8499956452580737,0.8927908506875797,1.0061574241877824,0.892481871794159,0.9271308399038029,1.1419731463267109,1.020718306905377,1.2440561566050106,0.8814956058009945,0.8824450947033226,0.9998487302524868,1.0033219573257948,0.9869315072267664,0.6203926419973942,0.4532230289084208,0.9516639914298216,1.1385425560376532,0.8643343328253863,1.0287176992382212,0.7989763236070704,1.1105036599497529,243.89283368139783,122.91933780362878,193.950077715584,245.7298925049272,9.829195700197085,122.91933780362878,2.1869747899158654,0.1840881252094998,0.0073635250083799,-4.230851736682445,442.59853017183485,17.703941206873395,15.231657766790873,243.76728775932472,122.86974605327684,193.9026057327796,245.62592757760515,9.8250371031042,122.86974605327684,2.2126664503338134,0.1852037885000064,0.0074081515400002,-4.215746251789377,445.6527273037318,17.826109092149274,15.24885002597837,276.98711228507665,137.8186907410671,215.64288081837617,276.1772738033111,11.047090952132445,137.8186907410671,-1.3497308029424744,0.3067946442696453,0.0122717857707858,-2.953941665974073,349.6396755570807,13.985587022283228,14.642257814444102,248.705229922632,124.88713965878432,196.04808601500463,249.8016951434696,9.992067805738785,124.88713965878432,1.3053157390924357,0.1545869826484589,0.0061834793059383,-4.667495866444672,393.7728863385788,15.750915453543152,14.939435781212982,292.2654742516986,144.48414977437793,225.8256544240272,290.28716942993293,11.611486777197314,144.48414977437793,-3.2971747029427263,0.3974456639189428,0.0158978265567577,-2.3067426219371026,616.1583293047804,24.646333172191216,16.058759896499087,247.06616407257783,123.83447969153896,194.0068698633193,247.91286220593585,9.916514488237432,123.83447969153896,1.0079739682832525,0.1276264132243522,0.005105056528974,-5.146619823255457,337.6752009589195,13.50700803835678,14.555211223929758,275.2214346034291,137.29122992723197,214.3987442761108,275.9387503337256,11.037550013349025,137.29122992723197,1.4566082637785769,0.2242222349437803,0.0089688893977512,-3.7377939966710496,1147.1380843886377,45.885523375545496,17.61256374329747,1.0,11.900000000000004,34.96985474873586,-0.3314816413494259,0.2643009773019499,3.968372337898437,9.876585296512136,27.0,44.0,42.0,30.0,13.0,2.0,2.0,0.0,0.0,14.0,23.320519,4.096448861306192,3.864422636572604,3.7071512540351352,3.4351741500884145,3.3885323011900343,3.163279678459997,3.019401943641977,2.619181913839714,2.013361331218771,1.9203939808296413,1.850981862604125,1.4372470332231682,1.2259138982900435,1.0822503020169487,1.003804458998469,0.9649834334513476,3.880617166796743,3.802676593100501,3.631017710096167,3.2502700688149124,2.9272292075824824,2.745550569629935,2.706031526192415,2.645815031898682,2.0160100206638454,1.937304533185352,1.8557154096894624,1.4588001696797186,1.2597561575150642,1.0535835465459589,1.0071675921888008,0.9739501779778706,3.938663900021008,3.862681585459233,3.7633333883098095,3.372418363712383,3.1523709538507565,2.8920893949086963,2.816720939472609,2.771820215479792,1.923367062003952,1.842075408809308,1.7173768365958482,1.304873643439186,1.0091584313710118,0.8009937094684937,0.7986202314843538,0.7902620380862871,3.887190846617465,3.813335906973783,3.6228359399333416,3.247747291634493,2.9207043998579185,2.754003360802175,2.6986687474480267,2.665925019264037,2.0108442600567664,1.928541853206707,1.845225877515792,1.4655997672329997,1.3026055145427886,1.0361186430437377,0.9602789912487922,0.9268258133098072,3.960367499937037,3.885842946611776,3.792265983676391,3.3810787413935577,3.1589808310881424,2.9157109685762346,2.856463864164775,2.838078587645885,1.9060406573930333,1.823881409528569,1.6795513891056946,1.2895007538891283,0.98034261495424,0.7837502233298433,0.7609783120472596,0.7385642758080592,4.865932203957312,4.766671381336701,3.864082211351128,3.857996883238908,3.83308767282671,3.5032278921044195,2.943697136820249,2.821539276708101,1.9407037730418832,1.881726706560256,1.7715826554788785,1.3413029384905926,1.0905448620644758,0.8388375207825536,0.8000667181806145,0.7018228328832277,0.0,0.0,1.0,10.0,3.0,3.0,1.0,1.0,0.0,0.0,0.1666666666666666,0.2140761750626955,0.4799075682951401,0.6590499367355198,0.0,0.1290994448735805,0.1558368153543179,0.1983409592057576,0.231453390171163,1.986145883549009,0.0,0.4511844635310912,0.0,1.073687290706839,0.0,0.157551432193828,0.0,4.23443086529322,4.853874902167141,6.384628248865335,2.0084691961656227,1.93297236601181,2.1609443831093103,17.97432701575866,11.91872399336994,11.204666220105896,8.98968862102391,6.41312178222478,5.178243868306633,3.241334137056389,2.293267032229056,0.7189730806303465,0.4414342219766644,0.2948596373712078,0.1912699706600832,0.121002297777826,0.0796652902816405,0.0514497482072442,0.033724515179839,14.925939888246209,8.689664769352904,7.088981569119233,5.076226441935402,3.038044923941864,2.083284451082825,1.1708107343120648,0.6906190624862573,0.5970375955298483,0.3218394359019594,0.1865521465557693,0.1080048179135192,0.0573216023385257,0.0320505300166588,0.0185842973700327,0.0101561626836214,28.689608996539768,42.73270211216318,41.384313725490166,41.65200000000002,30.497892814371284,315.235174251497,0.683085928489042,1.0174452883848375,0.9853408029878612,0.9917142857142862,0.7261403051040782,7.505599386940405,3.829590000000001,99.82830000000006,204.58521838295417,296.38846768339624,409.1704367659084,16.366817470636335,204.58521838295417,0.0618769074713818,0.0024750762988552,-6.956520576870345,251.2498614753124,10.049994459012495,13.816119770077734,651.0,1.0,0.0,6.0,14.0,1.0,0.0,1.0,0.0,0.0,0.0,0.0,0.0,0.0,1.0,0.0,0.0,0.0,0.0,0.0,0.0,0.0,0.0,0.0,0.0,0.0,7.0,0.0,3.0,2.0,0.0,7.0,0.0,0.0,0.0,0.0,0.0,0.0,0.0,0.0,0.0,0.0,4.0,0.0,0.0,7.0,1.0,0.0,0.0,2.0,5.0,0.0,0.0,0.0,0.0,0.0,0.0,0.0,0.0,0.0,0.0,0.0,0.0,1.0,0.0,0.0,0.0,1.0,2.0,0.0,0.0,0.0,0.0,0.0,0.0,0.0,0.0,0.0,0.0,0.0,0.0,0.0,0.0,0.0,0.0,0.0,0.0,0.0,0.0,0.0,0.0,0.0,2.0,0.0,0.0,0.0,0.0,0.0,0.0,0.0,0.0,0.0,0.0,0.0,0.0,0.0,0.0,0.0,0.0,0.0,0.0,0.0,0.0,0.0,0.0,0.0,0.0,0.0,0.0,0.0,0.6509844368122379,0.0,36.05215545814071,19.460300558404143,7.049834175323174,0.0,1.3737688143883018,0.0,0.0,0.0,0.0,0.0,0.0,0.6509844368122379,0.0,0.0,0.0,0.0,0.0,0.0,0.0,0.0,0.0,0.0,0.0,3.166980549157172,0.0,1.7885153497347264,1.3016746651470898,0.0,3.166980549157172,0.0,0.0,0.0,0.0,0.0,0.0,0.0,0.0,0.0,0.0,2.4098621561710094,0.0,0.0,14.155726553273858,-0.2309601480244965,0.0,0.0,-0.5664961007883462,5.8710701059186325,0.0,0.0,0.0,0.0,0.0,0.0,0.0,0.0,0.0,0.0,0.0,0.0,2.110294404449081,0.0,0.0,0.0,8.908600438866694,23.30650003832936,0.0,0.0,0.0,0.0,0.0,0.0,0.0,0.0,0.0,0.0,0.0,0.0,0.0,0.0,0.0,0.0,0.0,0.0,0.0,0.0,0.0,0.0,0.0,1.726760576495566,0.0,0.0,0.0,0.0,0.0,0.0,0.0,0.0,0.0,0.0,0.0,0.0,0.0,0.0,0.0,0.0,0.0,0.0,0.0,0.0,0.0,0.0,0.0,0.0,0.0,0.0,0.0,0.6509844368122379,0.0,0.8438098074664394,-0.7134831132837165,7.049834175323174,0.0,1.3737688143883018,0.0,0.0,0.0,0.0,0.0,0.0,0.6509844368122379,0.0,0.0,0.0,0.0,0.0,0.0,0.0,0.0,0.0,0.0,0.0,0.4168556872156975,0.0,0.5786687207897768,0.6311779081551728,0.0,0.4168556872156975,0.0,0.0,0.0,0.0,0.0,0.0,0.0,0.0,0.0,0.0,0.4539548083245472,0.0,0.0,1.8865340396561003,-0.2309601480244965,0.0,0.0,-0.7134831132837165,0.7402439216427313,0.0,0.0,0.0,0.0,0.0,0.0,0.0,0.0,0.0,0.0,0.0,0.0,2.110294404449081,0.0,0.0,0.0,8.908600438866694,10.829497260863922,0.0,0.0,0.0,0.0,0.0,0.0,0.0,0.0,0.0,0.0,0.0,0.0,0.0,0.0,0.0,0.0,0.0,0.0,0.0,0.0,0.0,0.0,0.0,0.8438098074664394,0.0,0.0,0.0,0.0,0.0,0.0,0.0,0.0,0.0,0.0,0.0,0.0,0.0,0.0,0.0,0.0,0.0,0.0,0.0,0.0,0.0,0.0,0.0,0.0,0.0,0.0,0.0,0.6509844368122379,0.0,12.47700277746544,2.1873526041357976,7.049834175323174,0.0,1.3737688143883018,0.0,0.0,0.0,0.0,0.0,0.0,0.6509844368122379,0.0,0.0,0.0,0.0,0.0,0.0,0.0,0.0,0.0,0.0,0.0,0.4861807047636156,0.0,0.6311779081551728,0.670496756991917,0.0,0.4861807047636156,0.0,0.0,0.0,0.0,0.0,0.0,0.0,0.0,0.0,0.0,0.7415063809636018,0.0,0.0,2.1873526041357976,0.0,0.0,0.0,0.1469870124953702,1.4693227235209156,0.0,0.0,0.0,0.0,0.0,0.0,0.0,0.0,0.0,0.0,0.0,0.0,2.110294404449081,0.0,0.0,0.0,8.908600438866694,12.47700277746544,0.0,0.0,0.0,0.0,0.0,0.0,0.0,0.0,0.0,0.0,0.0,0.0,0.0,0.0,0.0,0.0,0.0,0.0,0.0,0.0,0.0,0.0,0.0,0.8829507690291267,0.0,0.0,0.0,0.0,0.0,0.0,0.0,0.0,0.0,0.0,0.0,0.0,0.0,0.0,0.0,0.0,0.0,0.0,0.0,0.0,0.0,0.0,0.0,0.0,0.0,0.0,0.0,57.69135802469135,2.3076543209876537,0.670496756991917,12.47700277746544,-0.0040517034414051,-0.7134831132837165,7.080163204171922,2.3801497799503832,5.477002777465439,25.517468452983906,2.4032430584140325,5.377355511151507,31.57364895445336,12.32857,0.49314,0.0,0.00686,0.63503,0.86286,0.44085,0.56058,0.84121,0.19419,0.07445,-0.11974,0.02165,0.57152,0.14277,0.0,0.19699,0.35689,0.0,31.5,1.26,15.5,0.62,16.0,0.64,0.5,0.02,1.0,0.04,19.1766,0.76706,42.05015,22.87355,0.91494,5.63823,0.22553,11.91867,6.28043,0.25122,0.49533,0.01981,0.75333,0.03013,0.4523809523809524,129.06,4.0,4.0,4.0,4.0,1.0,1.0,0.2631578947368421,1.6553560285204898,3.539167567498112,4.269430292808996,4.707677244155823,4.725650756112095,4.82088885135019,69.52495319786057,148.6450378349207,179.31607229797785,197.72244425454457,198.477331756708,202.477331756708,0.3069841588938684,0.6563351690958715,0.7917616783414206,0.8730341474834525,0.8763673177230875,0.8940291294769322,3.736961394258271,1.853149855280649,1.1228871299697651,0.6846401786229377,0.6666666666666661,0.5714285714285703,0.2903909365539786,0.6208586955555475,0.7489650805747406,0.8258445798793557,0.8289975843570756,0.8457047332696428,20.206418537822664,37.49800495265956,42.12536233720862,44.00904836787542,45.12091741266172,45.74033765228077,82.5334494947204,50.06035777566788,38.23603688305563,33.48131426601655,31.59676770315465,30.465995228895068,19.753086419753085,8.79224376731302,5.258488003621548,3.0,8.0,2.0,2.89,2.6366,0.0,0.0,0.0,0.0,13.35024908802421,22.197510162433865,0.0,5.655955218623113,0.0,0.0,0.4814111366353723,0.0,0.0,0.0,0.0,0.0,0.0,0.0,0.0,0.591,1.51,1.525,2.389,2.1260000000000003,13.176000000000004,38.0,47.0,53.0,65.0,63.0,68.0,72.0,76.0,86.0,620.0,3.58351893845611,4.143134726391533,4.600157644164547,5.025523906590006,5.52246041819533,5.589586746909847,5.793299390715215,6.026922179129087,6.277700261588175,6.62489489680957,7.977056755489953,4.697328629032258,0.5,3.0,0.0,1.0,0.0,2.0,0.0,0.0,0.0,0.0,0.0,0.0,0.0,0.0,0.0,0.0,0.0,0.0,0.0,0.0,0.0,0.0,0.0,0.0,3.0,1.0,0.0,2.0,0.0,0.0,0.0,0.0,0.0,0.0,0.0,1.0,0.0,1.0,0.0,0.0,0.0,0.0,0.0,0.0,0.0,0.0,0.0,0.0,0.0,0.0,0.0,0.0,0.0,0.0,0.0,0.0,0.0,0.0,0.0,1.0,0.0,0.0,0.0,0.0,0.0,0.0,0.0,0.0,0.0,6.0,0.2222222222222222,9.0,0.3333333333333333,0.0,8.0,16.0,1.0,6.5,2.88888888888889,1.875,1.4488888888888896,0.6805555555555555,0.5248979591836735,0.3923611111111111,0.2088687326782564,0.188125,0.1114172023262932,0.2407407407407407,0.0802469135802469,0.0535714285714285,0.0517460317460317,0.0261752136752136,0.0209959183673469,0.0163483796296296,0.009946130127536,0.0125416666666666,0.0079583715947352,0.5499482896344842,151.98347275165207,237.08561783907908,303.96694550330415,12.158677820132167,151.98347275165207,0.1067469290333908,0.0042698771613356,-5.593235987810733,442.9415885815541,17.717663543262166,15.233594767834733,57.61,325.00869673418475,5.643856189774724,4.875197323201151,5.707110264748875,6.572282542694008,7.419979923661835,8.284251797621916,9.137231900155545,10.00102252837266,10.856168071193151,11.719866460945738,126.57311081259488,4.007333185232471,0.0,5.3706380281276624,0.0,6.904750769961838,0.0,8.51057131510735,0.0,10.150542923896651,10.36910658346404,377.0585487640005,8.977584494380963,50.36525627733302,2.0146102510933206,15.777527726802358,7.37869345623593,3.371535883559216,1828.0,35.0,3.337,130.0,1.0,0.9030899869919434
0,0,0,0,0,0,0,0,0,0,0,0,0,0,0,0,0,0,0,0,0,0,0,0,0,0,0,0,0,0,0,0,0,0,0,0,0,0,0,0,0,0,0,0,0,0,0,0,0,0,0,0,0,0,0,0,0,0,0,0,0,0,0,0,0,0,0,0,0,0,0,0,0,0,0,0,0,0,0,0,0,0,0,0,0,0,0,0,0,0,0,0,0,0,0,0,0,0,0,0,0,0,0,0,0,0,0,0,0,0,0,0,0,0,0,0,0,0,0,0,0,0,0,0,0,0,0,0,0,0,0,0,0,0,0,0,0,0,0,0,0,0,0,0,0,0,0,0,0,0,0,0,0,0,0,0,0,0,0,0,0,0,0,0,0,0,0,0,0,0,0,0,0,0,0,0,0,0,0,0,0,0,0,2,4,3,1,2,2,5,1,2,1,2,3,4,2,2,2,2,5,0,0,0,0,0,0,0,0,0,0,0,0,0,0,0,0,2,3,2,3,0,0,0,0,0,0,0,0,0,0,0,0,0,0,0,0,0,1,5,2,5,1,2,0,0,0,0,0,0,0,0,0,0,0,0,0,0,0,0,0,0,0,0,0,0,0,0,0,0,0,0,0,0,0,0,0,0,0,0,0,0,0,0,0,0,0,0,0,0,0,0,0,0,0,0,0,0,0,0,0,0,0,0,0,0,0,0,0,0,0,0,0,0,0,0,0,0,0,0,0,0,0,0,0,0,0,0,0,0,0,0,0,0,0,0,0,0,0,0,0,0,0,0,0,0,0,0,0,0,0,0,0,0,0,0,0,0,0,0,0,0,0,0,0,0,0,0,0,0,0,0,0,0,0,0,0,0,0,0,0,0,0,0,0,0,0,0,0,0,0,0,0,0,0,0,0,0,0,0,0,0,0,0,0,0,0,0,0,0,0,0,0,0,0,0,0,0,0,0,0,0,0,0,0,0,0,0,0,0,0,0,0,5,2,3,1,1,2,1,0,0,0,0,0,0,0,0,0,0,0,0,0,0,0,0,0,0,0,0,0,0,0,0,0,0,0,0,0,0,0,0,0,0,0,0,0,0,0,0,0,0,0,0,0,0,0,0,0,0,0,0,0,0,0,0,0,0,0,0,0,0,0,0,0,0,0,0,0,0,0,0,0,0,0,0,0,0,0,0,0,0,0,0,0,0,0,0,0,0,0,0,0,0,0,0,0,0,0,0,0,0,0,0,0,0,0,0,0,0,0,0,0,0,0,0,0,0,0,0,0,0,0,0,0,0,0,0,0,0,0,0,0,0,0,0,0,0,0,0,0,0,0,0,0,0,0,0,0,2,5,2,4,0,0,0,0,0,0,0,0,0,0,0,0,0,0,0,0,0,0,0,0,0,2,2,2,1,2,2,2,1,0,0,0,0,0,0,0,0,0,0,0,2,2,2,2,2,4,3,2,2,0,0,0,0,0,0,2,2,2,2,2,0,0,1,0,0,0,0,5,5,0,0,0,0,0,0,0,0,0,0,0,1,5,2,5,0,0,0,0,0,2,0,0,0,0,0,0,0,1,2,2,2,2,2,1,0,0,0,0,0,0,0,0,0,0,0,0,0,0,0,3,2,3,0,2,3,4,0,0,0,0,0,0,0,0,0,0,0,0,0,0,0,0,0,0,0,0,0,0,0,0,0,0,0,0,0,0,0,0,2,2,2,1,2,2,2,2,2,0,0,0,0,0,0,0,0,0,0,0,0,0,0,0,0,0,0,0,0,0,0,0,0,3,2,2,2,3,1,1,2,3,2,0,0,0,5,2,3,0,0,0,0,0,0,0,1,2,0,0,0,0,0,0,0,2,2,2,0,0,0,0,0,0,0,0,0,0,0,0,0,0,0,0,0,0,0,0,0,0,0,0,0,0,0,0,0,0,0,0,0,0,0,0,0,0,0,0,0,0,0,0,0,0,0,0,0,0,0,0,0,0,0,0,0,0,0,0,0,0,0,0,0,0,0,2,5,4,0,1,1,2,2,2,2,2,3,2,0,0,0,3,2,2,3,0,0,0,0,0,0,0,0,0,0,0,0,2,2,0,0,0,0,0,0,0,0,0,0,0,0,0,0,0,0,0,0,0,0,0,0,0,0,0,0,0,0,0,0,0,2,2,2,2,4,5,0,0,0,0,0,0,0,0,0,0,0,0,0,0,0,0,0,0,0,0,0,0,0,0,0,0,0,0,0,0,0,0,0,0,3,0,0,0,0,0,0,0,0,0,0,0,0,0,0,0,0,0,0,0,0,0,0,0,0,0,0,2,3,0,0,0,0,0,0,2,2,5,5,1,1,0,0,0,0,0,0,0,0,0,0,0,0,0,0,0,0,0,0,0,0,0,0,2,1,2,0,0,0,0,0,0,0,0,0,3,3,5,0,0,1,5,0,0,0,0,0,0,0,0,0,0,0,0,0,0,0,3,2,0,0,0,0,2,2,2,0,0,0,0,2,2,2,2,1,0,0,0,2,3,2,2,2,1,0,0,2,2,1,2,2,0,0,0,0,0,0,0,0,0,0,0,0,1,2,3,0,0,0,0,0,0,0,0,0,0,0,0,0,0,0,0,0,0,0,0,0,0,0,0,0,0,0,0,0,0,0,0,0,0,0,0,0,0,0,1,2,0,0,0,0,1,0,0,0,0,0,0,0,0,0,0,0,0,0,0,0,0,0,0,0,0,0,0,0,0,0,0,0,0,0,0,0,0,0,0,0,0,0,0,0,0,0,0,0,0,0,0,0,0,0,0,0,0,0,0,0,0,0,0,0,0,0,0,0,0,0,0,0,0,0,0,0,0,0,0,0,0,0,0,0,0,0,0,0,0,0,5,2,0,0,0,0,0,0,4,2,0,0,0,0,0,0,0,0,0,0,0,0,1,3,3,2,0,0,0,0,0,0,0,0,0,0,0,0,0,0,0,0,0,0,0,0,0,0,0,0,0,0,0,0,0,0,0,0,0,0,0,0,0,0,0,0,0,0,0,2,1,0,0,0,0,0,0,0,0,0,0,0,0,0,0,0,0,0,0,0,0,0,0,2,2,2,5,0,0,0,0,0,0,0,2,2,0,0,0,0,0,0,0,0,2,2,2,1,0,0,0,0,2,2,2,2,0,2,1,2,2,2,0,2,2,0,0,0,0,0,0,0,0,0,0,0,0,0,0,0,0,0,0,1,2,2,0,0,0,0,0,0,0,0,0,0,0,0,0,0,0,0,2,2,5,2,2,1,0,0,0,0,0,0,0,3,2,0,3,4,2,4,1,1,2,0,1,1,4,3,3,3,1,3,4,1,1,0,4,0,0,1,3,2,2,2,4,0,3,1,2,2,3,4,0,2,1,3,1,0,1,2,4,0,0,1,4,2,1,1,2,0,2,3,4,1,2,4,0,3,4,4,2,0,3,1,3,3,1,4,4,1,3,4,2,2,0,2,3,3,3,2,4,0,4,3,3,1,3,2,3,0,4,3,0,2,4,0,4,4,2,0,2,4,2,3,2,3,1,0,2,2,1,0,3,2,2,2,4,4,0,3,3,0,3,2,4,2,0,1,1,0,0,3,0,1,3,1,1,3,2,4,0,0,0,1,0,4,0,3,4,2,3,3,4,2,0,2,2,0,0,1,4,3,1,2,0,4,0,4,4,2,4,3,2,0,3,0,1,2,3,3,3,4,1,3,1,2,0,1,0,3,0,1,2,0,3,2,2,2,4,0,0,2,1,4,3,3,2,0,3,2,3,3,2,4,2,3,4,0,0,1,2,4,4,0,0,2,2,3,4,1,2,4,1,0,0,1,1,1,4,3,2,4,3,4,1,1,1,1,3,0,0,0,1,1,4,4,3,4,0,2,3,4,0,0,3,3,0,2,1,1,4,4,1,4,0,4,0,1,4,1,4,2,3,4,2,2,0,1,3,4,4,2,4,2,4,4,4,2,4,1,2,1,4,3,0,0,4,4,3,4,0,3,3,0,0,3,3,4,4,1,3,1,4,1,2,3,4,2,1,1,2,0,0,0,3,4,3,4,2,2,3,4,2,2,4,0,3,2,1,1,4,1,2,1,4,4,3,0,0,3,0,0,0,0,0,0,0,0,0,0,0,0,0,0,0,0,0,0,0,0,0,0,0,0,0,0,0,0,0,0,0,0,0,0,0,0,0,0,0,0,0,0,0,0,0,0,0,0,0,0,0,0,0,0,0,0,0,0,0,0,0,0,0,0,0,0,0,0,0,0,0,0,0,0,0,0,0,0,0,0,0,2,1,2,0,2,2,2,3,3,2,2,3,1,2,2,0,0,0,0,0,0,0,2,3,2,3,3,5,4,0,2,5,0,5,2,0,0,0,0,2,2,5,2,0,0,0,0,0,0,0,0,0,0,0,0,0,0,0,0,0,0,0,0,0,0,0,0,0,0,0,0,0,0,0,0,0,0,0,0,0,0,0,0,0,0,0,0,0,0,0,0,0,0,0,0,0,0,0,0,0,0,0,0,0,0,0,0,0,0,0,0,0,0,0,0,0,0,0,0,0,0,0,0,0,0,0,0,0,0,0,0,0,0,0,0,0,0,0,0,2,1,1,1,5,5,3,1,1,5,4,1,3,1,3,3,0,0,0,0,0,0,0,0,0,0,0,0,0,0,0,0,0,0,0,0,0,0,0,0,0,0,0,0,0,0,0,0,0,0,0,0,0,0,0,0,0,0,0,0,0,0,0,0,0,0,0,0,0,0,0,0,0,0,0,0,0,0,0,0,0,0,0,0,0,0,0,0,0,0,0,0,0,0,0,0,0,0,0,0,0,0,0,0,0,0,0,0,0,0,0,0,0,0,0,0,0,0,0,0,0,0,0,0,0,0,0,0,0,0,0,0,0,0,0,0,0,0,0,0,0,0,0,0,0,0,0,0,0,0,0,0,0,0,0,0,0,0,0,0,0,0,0,0,0,0,0,0,0,0,0,0,0,0,0,0,0,0,0,0,0,0,0,0,0,0,0,0,0,0,0,0,0,0,0,0,0,0,0,0,0,0,0,0,0,0,0,0,0,0,0,0,0,0,0,0,0,0,0,0,0,0,0,0,0,0,0,0,0,0,0,0,0,0,0,0,0,0,0,0,0,0,0,0,0,0,0,0,0,0,0,0,0,0,0,0,0,0,0,0,0,0,0,0,0,0,0,0,0,0,0,0,0,0,0,0,0,0,0,0,0,0,0,0,0,0,0,0,0,0,0,0,0,0,0,0,0,0,0,0,3,3,2,3,2,2,4,2,3,1,1,2,5,5,1,2,1,0,0,0,0,0,0,0,0,0,0,0,0,0,0,0,0,0,0,0,0,0,0,0,0,0,0,0,0,0,0,0,0,0,0,0,0,0,0,0,0,0,0,0,0,0,0,0,0,0,0,0,0,0,0,0,0,0,0,0,0,0,0,0,0,0,0,0,0,0,0,0,0,0,0,0,0,0,0,0,0,0,0,0,0,0,0,0,0,0,0,0,0,0,0,0,0,0,0,0,0,0,0,0,0,0,0,0,0,0,0,0,0,0,0,0,0,0,0,0,0,0,0,0,0,0,0,0,0,0,1,1,2,4,1,3,2,3,1,3,4,5,3,3,1,3,5,4,1,2,4,3,3,1,3,3,1,3,1,1,2,1,3,2,2,5,3,2,2,3,4,1,2,2,4,0,0,0,0,0,0,0,0,0,0,0,0,0,0,0,0,0,0,0,0,0,0,0,0,0,0,0,0,1,0,0,0,0,0,0,0,1,0,0,0,0,0,0,0,0,0,0,0,0,0,0,0,0,0,1,1,1,0,0,0,0,0,0,1,0,1,0,0,0,0,0,0,0,0,0,0,0,0,0,0,0,0,0,0,0,0,0,1,0,0,0,0,0,0,0,0,0,0,0,0,0,0,1,1,0,0,0,0,0,1,1,0,0,0,0,0,0,0,0,0,0,0,1,0,0,0,0,0,0,0,0,0,0,0,0,0,0,0,0,0,0,0,0,0,1,0,0,0,0,0,0,0,0,0,0,0,0,0,0,0,0,0,0,0,0,0,0,1,0,0,0,0,0,0,0,0,0,0,0,0,0,0,0,0,0,0,0,0,0,0,0,0,0,0,0,0,0,0,1,0,1,0,0,0,0,0,0,0,0,0,0,0,0,0,0,0,0,0,0,0,0,0,0,0,0,0,1,0,0,0,0,0,0,0,0,0,0,0,0,0,0,0,0,0,0,0,0,0,0,0,0,0,0,0,0,0,0,0,0,0,0,0,0,0,0,0,0,0,0,0,0,0,0,0,0,0,0,0,0,0,0,0,0,0,0,0,0,0,0,0,0,0,0,0,0,0,1,0,0,0,0,0,0,0,1,0,0,0,0,0,0,0,0,1,1,1,0,0,0,0,0,0,0,0,0,0,0,0,0,0,0,0,0,0,0,0,0,1,0,0,1,0,0,0,0,0,0,0,0,0,0,0,0,0,0,0,0,0,1,0,0,0,0,0,0,0,0,0,0,0,0,0,0,0,0,0,0,0,0,1,0,0,0,0,0,0,0,0,0,0,0,0,0,0,0,0,1,0,0,0,0,0,0,0,0,0,0,0,0,0,0,0,1,0,0,0,0,0,0,0,0,0,0,0,0,0,0,0,0,0,0,0,0,0,0,0,0,0,0,0,0,0,0,0,0,0,0,0,0,0,0,0,0,0,0,0,0,0,0,0,0,0,0,0,0,0,0,0,0,0,0,0,0,0,0,0,0,0,0,0,0,0,0,0,0,0,0,0,0,0,0,0,0,0,0,0,0,0,0,0,0,1,0,0,0,0,0,0,0,1,0,0,0,0,0,0,0,0,0,0,0,0,0,0,0,0,0,0,0,0,0,0,0,0,0,0,0,0,0,0,0,0,0,0,0,0,0,0,0,0,0,0,0,0,0,0,0,0,0,0,0,0,0,0,0,0,0,0,0,0,0,0,0,0,0,0,0,0,0,0,0,0,0,0,0,0,0,0,0,0,0,0,0,0,0,0,0,0,0,0,0,0,0,0,0,0,0,0,0,0,0,0,0,0,0,0,0,0,0,0,0,0,0,0,0,0,0,0,0,0,0,0,0,0,0,1,0,0,0,0,0,0,0,0,0,0,0,0,0,0,0,0,0,0,0,0,1,0,0,0,0,0,0,0,0,0,0,0,0,0,0,0,0,1,0,0,0,0,0,0,0,0,1,0,0,0,0,0,0,0,0,0,0,0,0,0,0,0,1,0,0,0,0,0,0,0,0,0,0,1,0,0,0,0,0,0,0,1,1,0,0,1,0,0,0,0,1,0,0,0,0,0,0,0,0,0,0,0,0,0,1,0,0,0,0,0,0,0,1,1,0,0,0,1,0,0,0,0,0,0,0,0,0,0,1,1,0,0,0,0,0,0,0,0,0,0,0,0,0,0,0,0,0,0,0,0,0,1,0,0,0,0,0,0,0,0,0,0,1,0,0,0,1,0,0,0,0,0,0,0,0,0,1,0,1,0,0,0,0,0,0,0,0,0,1,1,0,0,0,0,0,0,0,0,0,0,0,0,0,0,0,0,0,0,0,0,0,0,0,0,0,0,0,0,0,1,0,0,0,0,0,0,0,0,1,0,0,0,0,0,0,0,1,0,0,0,0,0,0,1,0,0,0,0,0,0,1,0,0,0,0,0,0,0,0,0,0,0,1,1,0,0,1,0,0,0,1,0,0,0,0,0,0,0,0,0,0,0,1,0,0,0,0,0,0,0,0,0,0,0,0,0,0,0,0,0,0,0,0,0,0,0,0,0,0,0,1,0,0,0,0,0,0,0,0,0,0,0,1,0,0,0,0,0,0,0,0,0,0,0,0,0,0,0,0,0,0,0,0,0,0,0,0,1,1,0,0,0,0,0,0,0,0,0,0,0,0,0,0,0,0,0,1,0,0,0,0,0,0,0,1,0,0,0,0,0,0,0,0,0,0,0,0,0,0,0,0,0,1,0,0,0,0,0,0,0,0,0,0,0,0,0,0,1,0,0,0,0.0,1.2832000000000026,1.6466022400000069,72.4063,61.43382499999996,11.0,11.0,52.0,27.0,25.0,0.0,21.0,3.0,2.0,1.0,0.0,0.0,0.0,0.0,0.0,0.0,5183.315890000011,5303.445039,7766.659344000004,8021.568839999995,7020.304983000002,7755.648858000007,7620.223839000007,6085.812161000008,4773.786480000003,11430.449857869606,14126.432894674192,20149.055190815547,22232.444050885595,22260.55903692893,22223.92606211977,22418.71966912549,20068.165645121426,16541.724414870157,392.3646249999997,415.096344,718.1205760000013,803.233012,946.0810820000002,928.0195000000016,937.6893220000004,933.388526000001,824.314780000001,83.00863062122485,100.86102774999992,146.84787166273503,166.65550356079203,178.28611479128207,173.90196009516828,174.36520301922522,161.00198237467808,133.598609717829,8397.575345731324,7859.383626553501,14630.140807116994,16161.215433527408,19790.16069676628,19829.60283966472,19588.86201528112,19610.83535620188,17820.859733341404,173.8645404663923,155.88271604938274,243.9228395061729,286.31172839506166,308.20061728395063,284.94135802469134,324.23148148148164,327.20987654321,270.03703703703707,99.67915173076943,98.21194516666668,83.51246606451618,76.39589371428568,55.71670621428573,62.045190864000055,60.96179071200005,49.47814765040657,43.39805890909094,219.81634342056927,261.6006091606332,216.6565074281241,211.73756238938665,176.67110346768993,177.7914084969582,179.34975735300395,163.15581825301973,150.37931286245598,7.545473557692302,7.686969333333334,7.721726623655928,7.64983820952381,7.508580015873017,7.4241560000000115,7.501514576000003,7.588524601626024,7.493770727272736,1.5963198196389394,1.867796810185184,1.579009372717581,1.587195272007543,1.4149691650101752,1.3912156807613465,1.3949216241538018,1.3089592062981958,1.2145328156166273,161.49183357175622,145.54414123247224,157.31334201201068,153.9163374621658,157.06476743465302,158.63682271731776,156.71089612224895,159.4376858227795,162.00781575764913,3.3435488551229287,2.886716963877458,2.6228262312491704,2.7267783656672537,2.4460366451107194,2.2795308641975307,2.593851851851853,2.660242898725284,2.454882154882155,0.5687101593301004,-0.2550860772868994,-0.0215877808985746,0.0201702906953948,-0.0655531460667235,0.0014894100371143,0.0019169462402533,0.1315825228104044,-0.0874734831511832,2354.855888076924,200.67769618935085,760.4249309008884,-155.93234457840043,-1161.790662724849,662.8013210843194,19.01904669970454,-1602.3932363742608,-667.2752607396441,2741.0466862300427,-88.91975799727803,1028.8073151525412,-487.4811667985275,-1160.6261514159887,682.5570832077,-308.78910036324896,-1076.0668618910513,-912.6214967429316,2.8840486730769173,0.0311112625739613,0.0347038154585744,-0.0970840514053299,-0.5101533616863908,0.7615172666420137,0.5378489781804731,-0.2833310151627241,-1.1040936161242605,14.82657108986685,-0.7549214487939055,5.939604752100586,-1.7243173208006208,-5.248521361672219,1.3345973737448549,-2.476088357533235,-6.651841215972361,-1.7380298649042,80.81240156082055,-20.869776633387204,26.62261812456473,-6.013927303418308,-17.907300716102093,11.33498137849809,-17.28155128285694,-13.776219459566509,-4.824326243739376,46.70878838239957,-1.8273494634783776,-2.884575181005019,-3.0554291107620832,-3.7456354351831607,4.6626413594451375,1.442028296239484,-1.4258053150948389,-18.657954531619108,0.0109367338332711,-0.0047238162460536,-0.0002321266763287,0.0001920980066228,-0.0005202630640216,1.191528029691473e-05,1.5335569922026664e-05,0.0010697766082146,-0.0007952134831925,45.28569015532547,3.716253633136127,8.176612160224606,-1.4850699483657184,-9.22056081527658,5.302410568674556,0.1521523735976363,-13.027587287595615,-6.066138733996764,52.71243627365467,-1.6466621851347782,11.062444248952056,-4.642677779033595,-9.211318662031657,5.460456665661599,-2.470312802905992,-8.74851107228497,-8.296559061299378,0.0554624744822484,0.0005761344921103,0.0003731593060061,-0.000924610013384,-0.0040488362038602,0.0060921381331361,0.0043027918254437,-0.0023035041883148,-0.0100372146920387,0.285126367112824,-0.0139800268295167,0.0638667177645224,-0.0164220697219106,-0.041654931441843,0.0106767789899588,-0.0198087068602658,-0.0540800098859541,-0.015800271499129,1.5540846454003951,-0.386477345062726,0.286264711016825,-0.0572754981277934,-0.1421214342547785,0.0906798510279847,-0.1382524102628555,-0.1120017842241179,-0.0438575113067216,0.898245930430761,-0.0338398048792292,-0.0310169374301614,-0.0290993248644007,-0.0297272653585965,0.0373011308755611,0.0115362263699158,-0.0115919131308523,-0.1696177684692646,-0.4319220270025357,-0.0212244971732415,0.0175644767031284,-0.0475702409835464,0.001089473372815,0.0014022074739876,0.0978149989314224,-0.0727103260731661,0.082062426792873,0.1805562006934117,-0.0327933601822578,-0.2036087069370249,0.1170879929286228,0.0033598333839181,-0.2876755823508987,-0.1339526617169906,-0.031238590009124,0.2098640288891559,-0.08807556825739,-0.1747465932747148,0.1035895331665916,-0.0468639466800861,-0.1659667374671775,-0.1573928212732968,0.0103878252365894,0.0067281402333682,-0.016670911675245,-0.0730013624825941,0.1098425230754172,0.0775802353863774,-0.0415326616747347,-0.1809730774859548,-0.0490309857032089,0.2239944288956288,-0.0575957596913949,-0.1460928775673707,0.0374457792103599,-0.0694734305383535,-0.1896703220875913,-0.0554149784852305,-0.2486848745379334,0.1842014924116772,-0.0368548124436535,-0.0914502531605428,0.0583493642359627,-0.0889606693380823,-0.0720692946523911,-0.0282207995790487,-0.037673207005793,-0.0345305627104673,-0.0323957213482124,-0.0330947954802762,0.0415266349803255,0.0128430599895772,-0.012905054994564,-0.1888322147899107,1.4752470731641034,1.3695863093703986,1.2102729357020854,0.8878668733672057,0.8383324078979885,0.9359859553062534,0.9668913219953832,1.0674369281320937,0.7841092352044392,0.811988076666811,1.024065821550762,1.3140585563364149,0.9555900086665914,1.019765028696124,1.4944677444715022,0.9970237227491384,1.026717172071988,0.7405159526302517,1.063096386840521,1.1747085571551088,0.9084192557346136,1.0475450976119007,1.1543967288568602,1.107430975686633,0.7795409160157697,1.1655405950085231,0.9791394341141808,0.9239090324383564,0.6126929786225815,0.8689553069596078,1.2425286603513477,1.2301716133333405,1.052502185389106,0.7572648230918445,1.0792764876183611,1.248508582311671,1.0372508617178782,1.1122315792500774,1.3292569118672632,0.9237491333430596,1.4065910809211677,0.9219307194163248,1.1440272014908552,1.1416691880425127,0.9586881179799144,1.0838586259192808,1.0865004530790328,0.9872189214290444,0.6359959363645742,0.7774936915919114,0.97563246668183,1.101324774292422,0.6671440384370186,1.1925754235023074,1.4357322612207415,1.5343526148278153,224.34615698741896,112.65808242324589,165.92271600821738,225.55449032075225,8.353870011879712,112.65808242324589,1.5535714285713595,0.0508617749859884,0.0018837694439254,-8.04233777439931,270.6737898412014,10.024955179303756,15.12246879439535,224.37861503187173,112.6722041900786,165.93810128108214,225.585252006598,8.355009333577707,112.6722041900786,1.5513903960767124,0.050813745016416,0.0018819905561635,-8.04488865247672,270.7919776724971,10.029332506388782,15.123647473339474,289.1767773805884,143.78919670745682,210.30625099184573,287.9335898517302,10.664207031545564,143.78919670745682,-1.598383965674799,0.1857836254466097,0.0068808750165411,-4.544565983503543,262.9466629873003,9.738765295825935,15.044268265058523,242.79342679569817,121.89128073981593,182.2908551831312,243.7092922437849,9.026270083103144,121.89128073981593,0.989134683933642,0.0917149117761878,0.0033968485843032,-6.450489805006811,234.65396665863216,8.690887654023415,14.736902256017125,310.5995141057631,153.32676953018245,220.33054523405653,308.28081318014824,11.41780789556105,153.32676953018245,-3.294996052189447,0.2387884387959711,0.0088440162517026,-3.866878743447298,284.5662520394995,10.53949081627776,15.257608465408731,242.9740445813497,121.95458060710467,183.5759831417365,243.83989331547903,9.031107159832557,121.95458060710467,0.9351166328596604,0.1365256711464368,0.0050565063387569,-5.376355060588134,243.3083965944493,9.011422096090715,14.83469035328002,338.7685418560145,167.15052102748464,265.09632897872257,338.59818968222294,12.540673691934185,167.15052102748464,-0.2705593348453305,0.3619116689050676,0.0134041358853728,-2.7441587847982487,233.47069710842507,8.647062855867595,14.723252752639226,2.0,11.993284204521252,31.972072345951457,-0.3820601222958557,0.2458859318249498,4.434856460576358,12.073774356938491,29.0,54.0,51.0,40.0,15.0,3.0,3.0,0.0,0.0,14.0,37.764175,4.078850220956919,3.91359945233578,3.725483999137172,3.3401777034469684,3.0468051853082585,3.031019827208561,2.872576718080988,2.8362348016299497,1.9789061701326256,1.7600340909785737,1.710644699116436,1.682736271375427,1.542245658432787,1.381109806218556,1.3461087774360343,1.3057386545023295,3.919910472371442,3.758110671402594,3.61081422987748,3.247302668752113,2.9842740429101,2.8942779073526776,2.8175607488599947,2.738630662960122,1.9676937572824087,1.7712182748738834,1.7345238986350566,1.7144447884309575,1.5645526914703174,1.3833927221055622,1.27990735855121,1.23039612781232,4.008504563797501,3.820057937320688,3.739486917880525,3.451637707150069,3.1564734661200644,3.057614106270341,3.0264586582634965,2.964053939394244,1.867688423451442,1.6784035091297786,1.5529195208602815,1.5030595045223047,1.325111611618895,1.178716121179316,0.9915551680841186,0.9542538254559796,3.921426486667652,3.774534830485292,3.644440128124155,3.2388541423542865,2.9872072270628665,2.917396066799517,2.832045545642669,2.759580664442385,1.9575163163289435,1.777979957669204,1.7328665709885889,1.70009786445311,1.564701801298538,1.3502053013793378,1.2289527510563736,1.1784201961238103,4.043672291533765,3.844145666371574,3.772642799696517,3.493064362510861,3.2203618697490395,3.141731269467337,3.101192197714893,3.044757685415316,1.8397465192471536,1.6656934288987046,1.5006193432830257,1.4494422702726184,1.29023081155183,1.1425923265491351,0.9255652068652568,0.8577213665398365,4.624836096422646,3.949977505032221,3.811471531080772,3.6057486408418105,3.359067307572736,3.125834188989637,2.977086527709111,2.938455398385611,1.8959700135528244,1.726791408344997,1.61110869147635,1.5898573719648916,1.3608767175823515,1.3207919428817123,1.1238261117850723,1.067024265300759,0.0,0.0,1.0,10.0,2.0,5.0,0.0,0.0,0.0,0.0,0.0,0.1571348402636772,0.6385539753655424,0.8878242434195207,0.0,0.0,0.1007401809065409,0.3046436723774373,0.357598574186956,1.653259438305028,0.0,0.5745787107027002,0.0,0.9778423765534198,0.0,0.2387736948532215,0.0,4.429348216865693,6.732026955171512,8.871998292126358,2.2587300053661146,3.124006343913377,3.514491123822851,19.38854057813176,13.007239053047549,11.441354532178092,9.860547026290693,7.71413890175783,5.858718759225468,3.8064006796869134,2.762961106049381,0.7180940954863613,0.4485254845878464,0.2860338633044523,0.1860480570998244,0.1151364015187735,0.0760872566133177,0.0481822870846444,0.0303622099565866,17.045654466706214,9.742433089461208,7.539227587713582,5.726893481252056,4.031648679057372,2.6263660173180394,1.4962875227459551,0.9502395256105006,0.6313205358039339,0.3359459686021106,0.1884806896928395,0.1080545939858878,0.0601738608814533,0.0341086495755589,0.0189403483891893,0.0104421925891263,32.6633912070018,51.82556445739264,49.854901960784254,50.46000000000005,35.65498502994015,393.7878952095809,0.6281421385961885,0.9966454703344738,0.9587481146304664,0.9703846153846164,0.6856727890373105,7.572844138645786,3.519130000000002,112.50500000000002,234.463396806319,335.23845825148334,468.926793612638,17.367659022690297,234.463396806319,0.1678830935784983,0.0062178923547591,-4.818116016089356,490.2751233099031,18.15833790036677,16.72641011613217,683.0,0.0,0.0,5.0,14.0,0.0,0.0,0.0,0.0,0.0,0.0,0.0,0.0,0.0,0.0,0.0,0.0,0.0,0.0,0.0,0.0,0.0,0.0,0.0,0.0,1.0,6.0,0.0,2.0,0.0,1.0,7.0,0.0,0.0,0.0,0.0,0.0,0.0,0.0,0.0,4.0,0.0,3.0,0.0,1.0,6.0,0.0,0.0,0.0,3.0,4.0,0.0,0.0,0.0,0.0,0.0,0.0,0.0,0.0,0.0,0.0,1.0,0.0,1.0,0.0,1.0,0.0,0.0,1.0,1.0,0.0,0.0,0.0,0.0,0.0,0.0,0.0,0.0,0.0,0.0,0.0,0.0,0.0,0.0,0.0,0.0,1.0,0.0,0.0,0.0,0.0,0.0,0.0,0.0,0.0,0.0,0.0,0.0,0.0,0.0,0.0,0.0,0.0,0.0,0.0,0.0,0.0,0.0,0.0,0.0,0.0,0.0,0.0,0.0,0.0,0.0,0.0,0.0,0.0,0.0,0.0,0.0,20.14725158207915,21.74578616382802,0.0,0.0,0.0,0.0,0.0,0.0,0.0,0.0,0.0,0.0,0.0,0.0,0.0,0.0,0.0,0.0,0.0,0.0,0.0,0.0,0.4704721618585706,2.6367031862091834,0.0,1.2754619775947926,0.0,0.4704721618585706,3.1071753480677544,0.0,0.0,0.0,0.0,0.0,0.0,0.0,0.0,7.769386873676472,0.0,2.06977362189976,0.0,2.110027898505081,12.64813394896166,0.0,0.0,0.0,2.140067269574395,4.84755704678688,0.0,0.0,0.0,0.0,0.0,0.0,0.0,0.0,0.0,0.0,4.582616573331414,0.0,1.7381491717057191,0.0,2.313797823715753,0.0,0.0,12.638812638513215,5.0624470004300335,0.0,0.0,0.0,0.0,0.0,0.0,0.0,0.0,0.0,0.0,0.0,0.0,0.0,0.0,0.0,0.0,-1.6059550522855697,0.0,0.0,0.0,0.0,0.0,0.0,0.0,0.0,0.0,0.0,0.0,0.0,0.0,0.0,0.0,0.0,0.0,0.0,0.0,0.0,0.0,0.0,0.0,0.0,0.0,0.0,0.0,0.0,0.0,0.0,0.0,0.0,0.0,0.0,0.0,-1.6059550522855697,0.1215291611747237,0.0,0.0,0.0,0.0,0.0,0.0,0.0,0.0,0.0,0.0,0.0,0.0,0.0,0.0,0.0,0.0,0.0,0.0,0.0,0.0,0.4704721618585706,0.43310905824861,0.0,0.6334694532124706,0.0,0.4704721618585706,0.43310905824861,0.0,0.0,0.0,0.0,0.0,0.0,0.0,0.0,1.670404128961405,0.0,0.5948057098227414,0.0,2.110027898505081,2.037496892927322,0.0,0.0,0.0,0.1215291611747237,1.1489098586965651,0.0,0.0,0.0,0.0,0.0,0.0,0.0,0.0,0.0,0.0,4.582616573331414,0.0,1.7381491717057191,0.0,2.313797823715753,0.0,0.0,12.638812638513215,5.0624470004300335,0.0,0.0,0.0,0.0,0.0,0.0,0.0,0.0,0.0,0.0,0.0,0.0,0.0,0.0,0.0,0.0,-1.6059550522855697,0.0,0.0,0.0,0.0,0.0,0.0,0.0,0.0,0.0,0.0,0.0,0.0,0.0,0.0,0.0,0.0,0.0,0.0,0.0,0.0,0.0,0.0,0.0,0.0,0.0,0.0,0.0,0.0,0.0,0.0,0.0,0.0,0.0,0.0,0.0,12.638812638513215,2.1854753243890146,0.0,0.0,0.0,0.0,0.0,0.0,0.0,0.0,0.0,0.0,0.0,0.0,0.0,0.0,0.0,0.0,0.0,0.0,0.0,0.0,0.4704721618585706,0.4456793236593136,0.0,0.6419925243823221,0.0,0.4704721618585706,0.4704721618585706,0.0,0.0,0.0,0.0,0.0,0.0,0.0,0.0,2.133844120012049,0.0,0.8499792665532134,0.0,2.110027898505081,2.1854753243890146,0.0,0.0,0.0,1.0198085270609625,1.2797378117823994,0.0,0.0,0.0,0.0,0.0,0.0,0.0,0.0,0.0,0.0,4.582616573331414,0.0,1.7381491717057191,0.0,2.313797823715753,0.0,0.0,12.638812638513215,5.0624470004300335,0.0,0.0,0.0,0.0,0.0,0.0,0.0,0.0,0.0,0.0,0.0,0.0,0.0,0.0,0.0,0.0,0.0,0.0,0.0,0.0,0.0,0.0,0.0,0.0,0.0,0.0,0.0,0.0,0.0,0.0,0.0,0.0,0.0,0.0,0.0,0.0,0.0,0.0,0.0,0.0,0.0,0.0,0.0,0.0,0.0,0.0,0.0,0.0,0.0,0.0,56.31481481481481,2.085733882030178,0.6419925243823221,12.638812638513215,-0.0574274472504541,-1.6059550522855697,8.493427017520059,2.254103200433718,5.638812638513215,20.23273469902524,1.676824748290297,5.564738564439141,19.134910775095104,13.19999,0.48889,0.0,0.01111,0.56538,0.81111,0.44026,0.51563,0.81111,0.12513,0.04976,-0.07537,0.0,0.60274,0.11155,0.0,0.17677,0.32576,0.0,32.75,1.21296,17.25,0.63889,15.5,0.57407,-1.75,-0.06481,0.0,0.0,24.64093,0.91263,48.49298,23.85206,0.88341,6.2882,0.2329,13.00719,6.71899,0.24885,0.40681,0.01507,0.66481,0.02462,0.3461538461538461,139.06,5.0,4.0,3.0,5.0,0.0,0.0,0.3333333333333333,1.5640943695856009,3.4654414588200964,4.637281785157549,4.897085150625372,5.0654483718208265,5.065448371820826,81.33290721845124,180.202955858645,241.13865282819256,254.64842783251936,263.403315334683,263.40331533468293,0.2743813542327311,0.6079252882530566,0.8134954520087027,0.8590714739147012,0.8886066026977765,0.8886066026977762,4.136345348555492,2.2349982593209963,1.0631579329835432,0.8033545675157203,0.6349913463202661,0.634991346320267,0.2621774933443129,0.5808861489896101,0.7773130176831751,0.8208619214100115,0.8490833945913856,0.8490833945913855,16.57263894301694,35.127774169862604,39.08205539811672,40.34901779817415,40.518698466963066,40.51869846696307,88.89523980626805,43.584049830091146,30.56376506731553,27.28985081551226,26.31647223321164,26.31647223321164,21.70273483947681,10.15625,5.331434674261303,5.0,12.0,2.0,3.11,2.977999999999999,0.780125700323622,6.132424939235832,6.272388662856216,0.0,9.838438326172705,16.066489299144717,0.0,6.623108809410517,0.0,0.0,0.0,0.1428571428571428,0.0,0.0,0.0,0.0,0.0,0.5345224838248487,0.1666666666666666,0.003,1.903,1.841,2.3910000000000005,2.3520000000000003,14.217000000000002,40.0,53.0,67.0,77.0,79.0,91.0,103.0,108.0,105.0,779.0,3.6506582412937374,4.21582445975981,4.754667197134003,5.258471458000837,5.661440227915687,5.867176021564637,6.275115066258845,6.6784993349989685,6.97795159270857,7.207836723016404,8.481021824278061,6.189184852374839,0.5,3.0,0.0,0.0,2.0,1.0,0.0,0.0,0.0,0.0,0.0,0.0,0.0,0.0,0.0,0.0,0.0,0.0,0.0,0.0,0.0,0.0,0.0,0.0,3.0,0.0,2.0,1.0,0.0,0.0,0.0,0.0,0.0,0.0,0.0,2.0,0.0,0.0,2.0,0.0,0.0,0.0,0.0,0.0,0.0,0.0,0.0,0.0,0.0,0.0,0.0,0.0,0.0,0.0,0.0,0.0,0.0,0.0,0.0,0.0,2.0,0.0,0.0,0.0,0.0,0.0,0.0,0.0,0.0,6.0,0.2068965517241379,10.0,0.3448275862068966,0.0,8.0,16.0,1.0,5.0,3.111111111111112,2.8402777777777763,1.2461111111111116,1.122499999999999,0.6875736961451249,0.4940121882086169,0.1940192743764172,0.1984490740740741,0.1509090909090909,0.1724137931034483,0.0777777777777777,0.0710069444444444,0.0366503267973856,0.0295394736842104,0.018094044635398,0.0164670729402872,0.0088190579262007,0.0094499559082892,0.0075454545454545,0.4670260814711612,157.7537352012614,235.76156883093284,315.5074704025228,11.685461866760104,157.7537352012614,0.0680829706706539,0.0025215915063205,-7.254976033812085,247.0584799506285,9.150314072245502,14.875987687753277,72.13,360.8908482184244,5.754887502163469,4.934473933130692,5.783825182329737,6.658011045870748,7.5310163320779155,8.415603335654604,9.298992069570746,10.189230245606858,11.078397081826632,11.971988210427185,131.86153743649513,4.07753744390572,0.0,5.389071729816501,3.044522437723423,6.884486652042782,5.53338948872752,8.461891875631148,7.678326356506885,10.08535067092992,10.386839199301363,383.1667480400008,7.368591308461553,54.5436029501215,2.0201334425970927,18.10459010949421,5.265830042057172,9.723541405350163,2040.0,40.0,4.527,138.0,1.0,2.2922560713564755
0,0,0,0,0,0,0,0,0,0,0,0,0,0,0,0,0,0,0,0,0,0,0,0,0,0,0,0,0,0,0,0,0,0,0,0,0,0,0,0,0,0,0,0,0,0,0,0,0,0,0,0,0,0,0,0,0,0,0,0,0,0,0,0,0,0,0,0,0,0,0,0,0,0,0,0,0,0,0,0,0,0,0,0,0,0,0,0,0,0,0,0,0,0,0,0,0,0,0,0,0,0,0,0,0,0,0,0,0,0,0,0,0,0,0,0,0,0,0,0,0,0,0,0,0,0,0,0,0,0,0,0,0,0,0,0,0,0,0,0,0,0,0,0,0,0,0,0,0,0,0,0,0,0,0,0,0,0,0,0,0,0,0,0,0,0,0,0,0,0,0,0,0,0,0,0,0,0,0,0,0,0,0,2,4,3,1,2,2,5,1,2,1,2,3,4,2,2,2,2,5,0,0,0,0,0,0,0,0,0,0,0,0,0,0,0,0,2,3,2,3,0,0,0,0,0,0,0,0,0,0,0,0,0,0,0,0,0,1,5,2,5,1,2,0,0,0,0,0,0,0,0,0,0,0,0,0,0,0,0,0,0,0,0,0,0,0,0,0,0,0,0,0,0,0,0,0,0,0,0,0,0,0,0,0,0,0,0,0,0,0,0,0,0,0,0,0,0,0,0,0,0,0,0,0,0,0,0,0,0,0,0,0,0,0,0,0,0,0,0,0,0,0,0,0,0,0,0,0,0,0,0,0,0,0,0,0,0,0,0,0,0,0,0,0,0,0,0,0,0,0,0,0,0,0,0,0,0,0,0,0,0,0,0,0,0,0,0,0,0,0,0,0,0,0,0,0,0,0,0,0,0,0,0,0,0,0,0,0,0,0,0,0,0,0,0,0,0,0,0,0,0,0,0,0,0,0,0,0,0,0,0,0,0,0,0,0,0,0,0,0,0,0,0,0,0,0,0,0,0,0,0,0,5,2,3,1,1,2,1,0,0,0,0,0,0,0,0,0,0,0,0,0,0,0,0,0,0,0,0,0,0,0,0,0,0,0,0,0,0,0,0,0,0,0,0,0,0,0,0,0,0,0,0,0,0,0,0,0,0,0,0,0,0,0,0,0,0,0,0,0,0,0,0,0,0,0,0,0,0,0,0,0,0,0,0,0,0,0,0,0,0,0,0,0,0,0,0,0,0,0,0,0,0,0,0,0,0,0,0,0,0,0,0,0,0,0,0,0,0,0,0,0,0,0,0,0,0,0,0,0,0,0,0,0,0,0,0,0,0,0,0,0,0,0,0,0,0,0,0,0,0,0,0,0,0,0,0,0,2,5,2,4,0,0,0,0,0,0,0,0,0,0,0,0,0,0,0,0,0,0,0,0,0,2,2,2,1,2,2,2,1,0,0,0,0,0,0,0,0,0,0,0,2,2,2,2,2,4,3,2,2,0,0,0,0,0,0,2,2,2,2,2,0,0,1,0,0,0,0,5,5,0,0,0,0,0,0,0,0,0,0,0,1,5,2,5,0,0,0,0,0,2,0,0,0,0,0,0,0,1,2,2,2,2,2,1,0,0,0,0,0,0,0,0,0,0,0,0,0,0,0,3,2,3,0,2,3,4,0,0,0,0,0,0,0,0,0,0,0,0,0,0,0,0,0,0,0,0,0,0,0,0,0,0,0,0,0,0,0,0,2,2,2,1,2,2,2,2,2,0,0,0,0,0,0,0,0,0,0,0,0,0,0,0,0,0,0,0,0,0,0,0,0,3,2,2,2,3,1,1,2,3,2,0,0,0,5,2,3,0,0,0,0,0,0,0,1,2,0,0,0,0,0,0,0,2,2,2,0,0,0,0,0,0,0,0,0,0,0,0,0,0,0,0,0,0,0,0,0,0,0,0,0,0,0,0,0,0,0,0,0,0,0,0,0,0,0,0,0,0,0,0,0,0,0,0,0,0,0,0,0,0,0,0,0,0,0,0,0,0,0,0,0,0,0,2,5,4,0,1,1,2,2,2,2,2,3,2,0,0,0,3,2,2,3,0,0,0,0,0,0,0,0,0,0,0,0,2,2,0,0,0,0,0,0,0,0,0,0,0,0,0,0,0,0,0,0,0,0,0,0,0,0,0,0,0,0,0,0,0,2,2,2,2,4,5,0,0,0,0,0,0,0,0,0,0,0,0,0,0,0,0,0,0,0,0,0,0,0,0,0,0,0,0,0,0,0,0,0,0,3,0,0,0,0,0,0,0,0,0,0,0,0,0,0,0,0,0,0,0,0,0,0,0,0,0,0,2,3,0,0,0,0,0,0,2,2,5,5,1,1,0,0,0,0,0,0,0,0,0,0,0,0,0,0,0,0,0,0,0,0,0,0,2,1,2,0,0,0,0,0,0,0,0,0,3,3,5,0,0,1,5,0,0,0,0,0,0,0,0,0,0,0,0,0,0,0,3,2,0,0,0,0,2,2,2,0,0,0,0,2,2,2,2,1,0,0,0,2,3,2,2,2,1,0,0,2,2,1,2,2,0,0,0,0,0,0,0,0,0,0,0,0,1,2,3,0,0,0,0,0,0,0,0,0,0,0,0,0,0,0,0,0,0,0,0,0,0,0,0,0,0,0,0,0,0,0,0,0,0,0,0,0,0,0,1,2,0,0,0,0,1,0,0,0,0,0,0,0,0,0,0,0,0,0,0,0,0,0,0,0,0,0,0,0,0,0,0,0,0,0,0,0,0,0,0,0,0,0,0,0,0,0,0,0,0,0,0,0,0,0,0,0,0,0,0,0,0,0,0,0,0,0,0,0,0,0,0,0,0,0,0,0,0,0,0,0,0,0,0,0,0,0,0,0,0,0,5,2,0,0,0,0,0,0,4,2,0,0,0,0,0,0,0,0,0,0,0,0,1,3,3,2,0,0,0,0,0,0,0,0,0,0,0,0,0,0,0,0,0,0,0,0,0,0,0,0,0,0,0,0,0,0,0,0,0,0,0,0,0,0,0,0,0,0,0,2,1,0,0,0,0,0,0,0,0,0,0,0,0,0,0,0,0,0,0,0,0,0,0,2,2,2,5,0,0,0,0,0,0,0,2,2,0,0,0,0,0,0,0,0,2,2,2,1,0,0,0,0,2,2,2,2,0,2,1,2,2,2,0,2,2,0,0,0,0,0,0,0,0,0,0,0,0,0,0,0,0,0,0,1,2,2,0,0,0,0,0,0,0,0,0,0,0,0,0,0,0,0,2,2,5,2,2,1,0,0,0,0,0,0,0,3,2,0,3,4,2,4,1,1,2,0,1,1,4,3,3,3,1,3,4,1,1,0,4,0,0,1,3,2,2,2,4,0,3,1,2,2,3,4,0,2,1,3,1,0,1,2,4,0,0,1,4,2,1,1,2,0,2,3,4,1,2,4,0,3,4,4,2,0,3,1,3,3,1,4,4,1,3,4,2,2,0,2,3,3,3,2,4,0,4,3,3,1,3,2,3,0,4,3,0,2,4,0,4,4,2,0,2,4,2,3,2,3,1,0,2,2,1,0,3,2,2,2,4,4,0,3,3,0,3,2,4,2,0,1,1,0,0,3,0,1,3,1,1,3,2,4,0,0,0,1,0,4,0,3,4,2,3,3,4,2,0,2,2,0,0,1,4,3,1,2,0,4,0,4,4,2,4,3,2,0,3,0,1,2,3,3,3,4,1,3,1,2,0,1,0,3,0,1,2,0,3,2,2,2,4,0,0,2,1,4,3,3,2,0,3,2,3,3,2,4,2,3,4,0,0,1,2,4,4,0,0,2,2,3,4,1,2,4,1,0,0,1,1,1,4,3,2,4,3,4,1,1,1,1,3,0,0,0,1,1,4,4,3,4,0,2,3,4,0,0,3,3,0,2,1,1,4,4,1,4,0,4,0,1,4,1,4,2,3,4,2,2,0,1,3,4,4,2,4,2,4,4,4,2,4,1,2,1,4,3,0,0,4,4,3,4,0,3,3,0,0,3,3,4,4,1,3,1,4,1,2,3,4,2,1,1,2,0,0,0,3,4,3,4,2,2,3,4,2,2,4,0,3,2,1,1,4,1,2,1,4,4,3,0,0,3,0,0,0,0,0,0,0,0,0,0,0,0,0,0,0,0,0,0,0,0,0,0,0,0,0,0,0,0,0,0,0,0,0,0,0,0,0,0,0,0,0,0,0,0,0,0,0,0,0,0,0,0,0,0,0,0,0,0,0,0,0,0,0,0,0,0,0,0,0,0,0,0,0,0,0,0,0,0,0,0,0,2,1,2,0,2,2,2,3,3,2,2,3,1,2,2,0,0,0,0,0,0,0,2,3,2,3,3,5,4,0,2,5,0,5,2,0,0,0,0,2,2,5,2,0,0,0,0,0,0,0,0,0,0,0,0,0,0,0,0,0,0,0,0,0,0,0,0,0,0,0,0,0,0,0,0,0,0,0,0,0,0,0,0,0,0,0,0,0,0,0,0,0,0,0,0,0,0,0,0,0,0,0,0,0,0,0,0,0,0,0,0,0,0,0,0,0,0,0,0,0,0,0,0,0,0,0,0,0,0,0,0,0,0,0,0,0,0,0,0,2,1,1,1,5,5,3,1,1,5,4,1,3,1,3,3,0,0,0,0,0,0,0,0,0,0,0,0,0,0,0,0,0,0,0,0,0,0,0,0,0,0,0,0,0,0,0,0,0,0,0,0,0,0,0,0,0,0,0,0,0,0,0,0,0,0,0,0,0,0,0,0,0,0,0,0,0,0,0,0,0,0,0,0,0,0,0,0,0,0,0,0,0,0,0,0,0,0,0,0,0,0,0,0,0,0,0,0,0,0,0,0,0,0,0,0,0,0,0,0,0,0,0,0,0,0,0,0,0,0,0,0,0,0,0,0,0,0,0,0,0,0,0,0,0,0,0,0,0,0,0,0,0,0,0,0,0,0,0,0,0,0,0,0,0,0,0,0,0,0,0,0,0,0,0,0,0,0,0,0,0,0,0,0,0,0,0,0,0,0,0,0,0,0,0,0,0,0,0,0,0,0,0,0,0,0,0,0,0,0,0,0,0,0,0,0,0,0,0,0,0,0,0,0,0,0,0,0,0,0,0,0,0,0,0,0,0,0,0,0,0,0,0,0,0,0,0,0,0,0,0,0,0,0,0,0,0,0,0,0,0,0,0,0,0,0,0,0,0,0,0,0,0,0,0,0,0,0,0,0,0,0,0,0,0,0,0,0,0,0,0,0,0,0,0,0,0,0,0,0,3,3,2,3,2,2,4,2,3,1,1,2,5,5,1,2,1,0,0,0,0,0,0,0,0,0,0,0,0,0,0,0,0,0,0,0,0,0,0,0,0,0,0,0,0,0,0,0,0,0,0,0,0,0,0,0,0,0,0,0,0,0,0,0,0,0,0,0,0,0,0,0,0,0,0,0,0,0,0,0,0,0,0,0,0,0,0,0,0,0,0,0,0,0,0,0,0,0,0,0,0,0,0,0,0,0,0,0,0,0,0,0,0,0,0,0,0,0,0,0,0,0,0,0,0,0,0,0,0,0,0,0,0,0,0,0,0,0,0,0,0,0,0,0,0,0,1,1,2,4,1,3,2,3,1,3,4,5,3,3,1,3,5,4,1,2,4,3,3,1,3,3,1,3,1,1,2,1,3,2,2,5,3,2,2,3,4,1,2,2,4,0,0,0,0,0,0,0,0,0,0,0,0,0,0,0,0,0,0,0,0,0,0,0,0,0,0,0,1,0,0,0,0,0,0,0,0,0,0,0,0,0,0,0,0,0,0,0,0,1,0,0,1,0,0,0,0,0,0,0,1,0,0,0,0,1,0,0,0,0,0,0,0,0,0,0,0,1,0,0,0,0,0,0,0,0,0,0,1,0,0,0,0,0,0,0,0,1,0,0,0,0,0,0,1,0,0,1,0,0,0,0,0,0,0,0,0,0,0,0,0,1,0,0,0,0,0,0,0,0,1,0,0,0,0,0,0,0,0,0,0,0,0,0,0,0,0,0,0,0,0,0,1,0,1,0,0,0,0,0,0,0,1,0,0,0,0,0,0,0,0,0,0,0,0,0,0,0,0,0,0,0,0,0,0,0,1,0,0,0,0,0,0,0,0,0,0,0,0,1,0,0,0,0,0,0,0,0,0,0,0,0,0,0,0,0,0,0,0,0,0,0,0,0,0,0,0,0,0,0,0,0,0,0,0,0,0,0,0,0,0,0,0,0,0,0,1,1,0,0,1,0,0,0,0,0,0,0,0,0,0,0,0,1,0,0,0,0,0,0,0,0,0,0,0,0,0,0,0,0,0,0,0,0,0,0,0,0,0,0,0,0,0,0,0,0,1,0,0,0,0,0,0,0,0,0,0,0,0,0,0,0,0,0,0,1,0,0,0,0,0,0,0,0,0,0,0,1,0,0,0,0,0,0,1,0,0,0,0,0,0,0,0,0,0,0,0,0,0,0,0,0,0,0,0,1,0,0,0,0,0,0,0,0,0,0,0,0,0,0,0,0,0,0,0,0,1,0,0,0,1,0,0,0,0,0,0,0,0,0,0,0,0,0,0,0,0,0,0,0,0,0,1,0,0,0,0,0,0,0,0,0,0,1,0,0,0,0,0,0,0,0,0,0,0,0,0,0,0,0,0,1,0,0,0,0,1,0,0,0,0,0,0,0,0,0,0,0,0,0,0,0,0,0,0,0,0,0,0,0,0,0,0,0,0,0,0,0,0,1,0,0,0,0,0,1,0,0,0,0,0,0,0,0,0,0,0,0,0,0,0,0,0,0,1,0,0,1,0,0,0,0,0,0,0,1,0,0,0,0,0,0,0,0,0,0,0,0,0,0,0,0,0,0,0,0,0,0,0,0,0,0,0,0,0,1,1,1,0,0,0,0,0,0,0,0,0,0,0,0,0,0,0,0,0,0,0,0,0,0,0,1,0,0,0,0,0,0,0,0,0,0,0,0,0,0,0,0,0,0,1,0,0,0,0,0,0,0,0,0,0,0,0,0,0,0,0,0,0,0,0,0,0,0,0,0,0,0,0,0,0,0,0,0,0,0,0,0,0,0,0,0,0,0,0,0,0,0,0,0,0,0,0,0,0,0,0,1,0,0,0,0,0,0,0,0,0,0,0,0,0,0,0,0,0,0,0,0,0,0,0,0,0,0,0,0,0,0,0,0,0,0,0,0,1,0,0,0,0,0,0,0,0,0,0,0,0,0,0,0,0,0,0,0,0,0,0,0,0,1,0,0,0,0,1,0,0,0,0,0,0,0,0,1,0,0,0,0,0,0,0,0,0,1,0,0,0,0,0,0,0,0,0,0,0,0,0,0,0,0,0,0,0,0,0,0,0,0,0,0,1,0,0,0,1,0,0,0,0,0,0,0,0,1,0,1,0,0,1,0,0,1,0,0,0,0,0,0,0,0,0,0,0,0,1,0,0,0,0,0,0,1,0,0,0,0,1,0,0,0,0,0,0,0,0,0,0,0,0,0,0,0,0,0,1,0,0,0,0,0,0,0,0,0,0,0,0,0,0,0,0,1,0,0,0,0,0,0,0,0,1,0,0,0,0,0,0,0,0,0,0,1,1,0,0,1,0,0,0,0,0,1,0,0,0,0,0,0,0,0,0,0,0,1,0,0,0,0,0,0,0,0,0,0,0,0,0,0,0,0,0,0,0,0,0,0,0,0,0,1,0,0,0,0,0,0,1,0,0,0,0,0,0,1,0,0,0,1,0,0,0,0,0,0,0,0,0,0,1,0,0,0,0,0,1,0,0,0,1,0,0,0,0,0,0,0,0,1,0,0,1,0,0,0,0,0,0,0,0,1,0,0,0,0,0,0,0,1,0,0,0,0,0,0,0,0,0,0,0,0,0,0,0,0,0,1,0,0,0,0,0,1,0,0,0,0,0,0,1,0,0,0,0,0,0,0,0,0,0,0,0,0,0,0,0,0,0,0,0,0,0,0,0,0,0,0,0,0,0,0,0,0,0,0,0,0,0,0,0,0,0,0,0,1,0,1,0,0,1.0,0.4887999999999991,0.2389254399999991,48.892800000000015,68.79044599999996,21.0,23.0,55.0,33.0,22.0,0.0,26.0,3.0,2.0,1.0,0.0,1.0,0.0,0.0,0.0,1.0,6262.5276271497805,6581.572643835199,9709.962631670413,10290.414887931209,10105.736673310405,8888.380848569599,8258.144207127989,7448.209501633604,6732.7862915216,13631.827139005612,17634.75601667485,25565.47452949452,28158.874415763577,27453.28430425873,25620.11424950506,23394.18343359243,20264.56793469856,17834.33427430582,425.91181299999965,463.6815360000004,778.3359199999999,988.031492,1085.9791000000002,988.656112,917.4308980000004,807.7036340000002,641.7709540000002,95.92954090667786,122.58446849599991,182.4943461042453,205.9249279668865,206.95357709567844,196.5938606245274,178.10825981067825,151.27453530743315,130.65432728994296,8780.348129948577,8579.205573493053,15095.13126483973,19853.5290295658,22431.7112224736,20623.166763469857,18986.57127191706,16774.730042538446,12716.470205575495,273.0103737997256,186.3827160493828,317.0493827160494,382.6975308641976,415.9583333333333,347.46604938271616,349.2407407407407,332.175925925926,269.5092592592591,113.86413867545056,109.69287739725333,96.13824387792488,79.77065804597835,71.67189130007378,67.85023548526412,68.24912567874371,71.61739905416927,82.10714989660488,247.8514025273748,293.9126002779142,253.123510193015,218.2858481842138,194.7041440018349,195.57339121759588,193.3403589553093,194.85161475671688,217.49188139397344,7.743851145454539,7.728025600000007,7.706296237623761,7.659158852713178,7.701979432624115,7.546993221374047,7.5820735371900865,7.766381096153848,7.82647504878049,1.7441734710305066,2.043074474933332,1.8068747139034187,1.5963172710611353,1.4677558659267975,1.500716493317003,1.4719690893444484,1.4545628394945496,1.5933454547554018,159.64269327179233,142.98675955821756,149.456745196433,153.9033258105876,159.09015051399717,157.42875391961724,156.9138121646038,161.29548117825428,155.07890494604266,4.963824978176829,3.1063786008230454,3.139102799168806,2.9666475260790515,2.9500591016548463,2.652412590707757,2.8862871135598405,3.193999287749288,3.2866982836495016,0.6614932819433572,-0.3440237305423366,0.0429452956384347,-0.1221261030827189,0.1295941435551451,-0.0645362265064838,0.0459788432713774,0.085947514504392,-0.2050098899704611,2422.9555709059127,140.00253260000255,266.5335324281696,182.721799754723,-2.025435041135765,-61.80168663306944,-101.67066666361224,-466.08663895680166,-432.4367966564565,2804.8845983285714,158.80495497528997,-74.28774611039464,-319.20415667853604,137.2081222620272,81.67035356690039,-36.609293297292766,178.82236768427188,-372.7145298991318,4.36200774545455,-0.202773831404961,0.637980994710742,-0.3493098938842994,0.0502189071074344,0.0759284244628171,0.208819287272731,-1.1662039004958742,-1.1411426568595098,15.644781386697716,1.0513746728709363,-0.2342791371477739,-0.66355998122099,2.54642063829489,0.7057307553727432,-1.5920040978649663,0.1023567110875117,-1.3477208960189304,110.05956569004084,-4.9481990215008125,-12.52836121594684,-28.436672301356488,17.740341793828744,13.221276725016178,-18.80954805934653,21.79487091989055,-17.453052792535335,102.88347362514033,-3.746312167692639,20.47930622158737,-10.612613622192733,-21.7710140405174,-4.9711210307338245,3.098370744481836,-16.86631590880751,-22.48420716706912,0.0120271505807883,-0.0057337288423722,0.0004252009469151,-0.0009467139773854,0.0009191074011003,-0.0004926429504311,0.0003799904402593,0.000826418408696,-0.0025001206093958,44.053737652834776,2.333375543333376,2.638945865625441,1.4164480601141318,-0.0143647875257855,-0.4717686002524385,-0.8402534435009277,-4.481602297661555,-5.273619471420202,50.99790178779221,2.646749249588166,-0.7355222387167786,-2.474450826965396,0.9731072500852992,0.6234378134877893,-0.3025561429528328,1.7194458431179989,-4.545299145111363,0.0793092317355372,-0.0033795638567493,0.0063166435119875,-0.002707828634762,0.0003561624617548,0.0005796062936092,0.0017257792336589,-0.0112134990432295,-0.0139163738641403,0.2844505706672312,0.0175229112145156,-0.0023195954173046,-0.0051438758234185,0.0180597208389708,0.005387257674601,-0.013157058660041,0.0009841991450722,-0.0164356206831576,2.001083012546197,-0.0824699836916802,-0.1240431803559093,-0.2204393201655541,0.1258180269065868,0.100925776526841,-0.1554508104078225,0.2095660665374091,-0.2128421072260406,1.870608611366188,-0.0624385361282106,0.2027654081345284,-0.0822683226526568,-0.1544043548972865,-0.0379474887842276,0.025606369789106,-0.1621761145077645,-0.2741976483788917,-0.4767321073979987,0.0353534234113934,-0.0787147355498867,0.0764193808771684,-0.0409609031766927,0.0315943861937089,0.0687127348364761,-0.2078730612543805,0.0529665737268771,0.0599028823938081,0.03215273290263,-0.0003260742059842,-0.0107089347099265,-0.0190733746617038,-0.1017303533466058,-0.1197087864139685,0.0518991793152898,-0.0144225980468248,-0.0485206398738099,0.019081319347892,0.012224773797204,-0.0059327174716285,0.0337160114993122,-0.0891271794675954,-0.0426124901577506,0.0796457533853168,-0.0341426663139478,0.004490807109852,0.0073081819218982,0.0217601305156211,-0.141389580983735,-0.1754697852898838,0.0616026579711631,-0.008154652008128,-0.0180835489672339,0.0634898386619807,0.018939169859861,-0.0462542881498839,0.0034600005996247,-0.0577802345223105,-0.0412126749238376,-0.0619880232744945,-0.1101600077475372,0.0628749662646402,0.0504355770820432,-0.0776833391884255,0.1047263233076749,-0.1063634571337539,-0.0333787280507647,0.1083954210958325,-0.0439794418526559,-0.0825423094703483,-0.0202861724006033,0.0136887907141647,-0.0866969784712581,-0.1465820518053924,1.407225399232564,0.9310096970925348,0.9490267531239676,0.8718439817168692,0.8082624197161251,0.7477011449604837,0.9472122591618714,1.3565096286886864,0.6833813190171844,0.7978494198596263,0.8555459062876267,1.072047125236294,1.09239172647687,1.1302497785549896,1.309558491709538,1.2177193560078303,0.8240291448515019,0.9260485603648212,0.9996991848283876,0.9621258135205089,1.0098461852929472,1.025352138310177,0.9540437145432455,1.0337285339335485,0.6541901038515094,0.5930330897254078,0.8701771439575764,1.001280158904328,0.7918050085426336,0.8173481172510607,1.3824997605163871,1.3726384943130143,0.8398652711617451,0.947652226693286,0.9543130954658232,0.969802849401458,1.054678378569788,1.1344225360354787,1.1263303498285655,1.135468123358668,0.9835165235581154,1.0256764817428297,1.083540669600339,0.9424377980329876,0.9983030697885577,1.0494520815118114,1.1446643339706004,1.1880084358161072,0.596754170635876,0.4783075058267464,0.8609323138542527,1.0587977295716045,0.7657105550084001,0.8130706646531349,1.305694223381146,1.39234751006514,327.8413676207061,164.09749623642014,246.38921489247787,329.05100181590126,9.971242479269735,164.09749623642014,1.886904761904475,0.3863816594845822,0.0117085351358964,-3.13806782147856,477.560198754266,14.471521174371698,20.35667773479155,327.7192499061963,164.05276626401837,246.34946997786383,328.95112737384056,9.968215981025471,164.05276626401837,1.919179368994179,0.3865180116821008,0.0117126670206697,-3.1369034730559484,477.6767016008772,14.475051563662944,20.35748268567982,395.05695848163714,196.45595742533072,298.36177220985195,393.5619280721692,11.926119032489977,196.45595742533072,-2.145043630975664,0.4305499597799786,0.0130469684781811,-2.780883307142872,646.1077918666924,19.579023995960377,21.3541889561144,346.26541154318875,173.4632099095283,263.2845615975003,347.25225600071417,10.52279563638528,173.4632099095283,1.302634683933519,0.3025497768089593,0.0091681750548169,-3.945181229925431,464.37860058904647,14.07207880572868,20.264310557916986,419.07001724930734,206.6082474355157,311.4226100700907,415.8746930830876,12.602263426760228,206.6082474355157,-5.293200720052823,0.5325453343496096,0.0161377374045336,-2.079287925308501,533.4691648832691,16.16573226918997,20.72202419525498,345.0516645559144,172.6089846632143,262.4339814917552,346.0280432122599,10.48569827915939,172.6089846632143,1.288819826375999,0.2681925933514654,0.0081270482833777,-4.342964751361816,443.1846053932319,13.429836527067634,20.11015511903053,441.19361755264833,217.8685769760516,339.13417272606114,441.55994636427215,13.380604435280972,217.8685769760516,1.0473939255182074,0.1139172966421818,0.0034520392921873,-7.168532454329289,377.40891097120135,11.43663366579398,19.57998650563601,1.0,11.900000000000018,31.972072674238905,-0.3313697729004434,0.2646660676192307,3.97070897341878,11.84214231115233,38.0,60.0,59.0,36.0,14.0,1.0,1.0,0.0,0.0,24.0,33.111554,4.353691836417909,3.928738454150024,3.8269430682207406,3.693861942260461,3.548524859235658,3.27667443234709,3.1298225924486496,2.862673102419685,2.0056177901907004,1.9728495097416128,1.8717853656606425,1.822887539833912,1.3728744165178657,1.3673535043964913,1.2540879043707394,1.0822503020169467,4.04912699950744,3.913638491432297,3.756332157347109,3.6288532761326473,3.5110584927480417,3.1669156026235394,2.8967760723049905,2.695766960126243,2.0249662382898106,1.9712331555849003,1.897057329574921,1.850922337651188,1.4342778965387883,1.2852290050479307,1.245386682711228,1.186059996866044,4.1066152120394985,3.9649038488396138,3.846939743605556,3.750024442180543,3.590869600056096,3.271373854377938,3.112810705276075,2.8720524179572213,1.938105759079868,1.8955826759457024,1.7617579400102783,1.7336371221483509,1.318161517877325,1.129137753253341,1.0189282736728782,0.9424620050805084,4.0945092399462935,3.923775924321591,3.768754719589075,3.6217266772647263,3.532212911974567,3.2025733062190085,2.90194516417644,2.682691364864752,2.023455029266466,1.9640393356190675,1.897360529130112,1.8383835961477328,1.4282821497571616,1.2724234149715592,1.2285965048401613,1.1681074211613456,4.122969563374775,3.98806857113038,3.8837262187569728,3.780117060089905,3.6282054566784816,3.294262566433769,3.1229751370261423,2.9136594229671884,1.922486632834581,1.875143956175105,1.738575383442838,1.6930789691645658,1.308581729056273,1.1075685445169552,0.9339036709558723,0.9310619738321028,5.0078334300513445,4.871302031985904,4.125157566766174,3.930230156346944,3.839686685888843,3.7812431333280094,3.566466295752892,3.470851245072832,1.958548691165762,1.8838747731557688,1.836168060540703,1.7120693393174955,1.4129247458409038,1.23740274167189,1.2245404687027248,0.9968633175778436,0.0,0.0,3.0,13.0,3.0,3.0,2.0,1.0,1.0,0.25,0.4553418012614796,0.3103012199276332,1.0337479244102483,1.4041417220665209,0.25,0.3790994448735805,0.2243021350424637,0.4786026982951721,0.5487989388794439,2.5930858439324744,0.0833333333333333,0.7943062543018371,0.0833333333333333,1.5128012166368914,0.0625,0.2954952827975909,0.0369707639425309,6.181069481215848,9.291378529285922,12.29343480135117,3.056381831237013,4.007384134240009,4.409113922774014,22.57877502244373,16.014807000555646,15.22716175951123,12.990886372775796,10.773017015679464,8.540608767259394,5.942772557184645,4.623290474393413,0.6842053037104161,0.4214422894883065,0.2671431887633549,0.1665498252919974,0.1066635348087075,0.0683248701380751,0.041850510966089,0.0265706349103069,18.686198883883133,11.909801503989408,10.008883510944884,7.5470376141678335,5.4282487562204045,3.61534681315191,2.295635732040928,1.525290512938167,0.5662484510267616,0.3134158290523528,0.1755944475604366,0.0967568924893312,0.053745037190301,0.0289227745052152,0.0161664488171896,0.0087660374306791,37.497204152249175,55.45047341587771,53.827450980392086,54.46000000000006,39.79068622754494,413.5058419161677,0.6817673482227122,1.008190425743231,0.9786809269162198,0.9901818181818192,0.7234670223189988,7.518288034839412,5.668880000000006,130.45380000000006,367.76402931358734,522.9179510662232,735.5280586271747,22.288729049308323,367.76402931358734,0.1072807841141643,0.0032509328519443,-7.366608912274039,303.7052569747773,9.20318960529628,18.862990349491472,1082.0,1.0,0.0,5.0,19.0,1.0,0.0,1.0,0.0,0.0,0.0,0.0,1.0,0.0,1.0,0.0,0.0,0.0,0.0,0.0,0.0,0.0,0.0,0.0,0.0,0.0,10.0,0.0,5.0,1.0,0.0,10.0,0.0,0.0,0.0,0.0,0.0,0.0,0.0,0.0,0.0,0.0,5.0,0.0,0.0,10.0,1.0,0.0,0.0,1.0,6.0,2.0,1.0,0.0,0.0,0.0,0.0,0.0,0.0,0.0,0.0,0.0,2.0,1.0,0.0,0.0,0.0,1.0,1.0,0.0,0.0,0.0,0.0,1.0,0.0,0.0,0.0,0.0,0.0,0.0,0.0,0.0,0.0,0.0,0.0,0.0,0.0,1.0,0.0,0.0,0.0,0.0,0.0,0.0,0.0,0.0,0.0,0.0,0.0,0.0,0.0,0.0,0.0,0.0,0.0,0.0,0.0,0.0,0.0,0.0,0.0,0.0,0.0,0.0,0.0,0.0,0.0,0.0,0.0,0.0,0.6359930163284462,0.0,35.27949380991805,26.01321284489811,6.977682320262938,0.0,1.2905913277988592,0.0,0.0,0.0,0.0,9.55420489320612,0.0,0.6359930163284462,0.0,0.0,0.0,0.0,0.0,0.0,0.0,0.0,0.0,0.0,0.0,4.770145307606764,0.0,2.8109449401535684,0.6581984149353735,0.0,4.770145307606764,0.0,0.0,0.0,0.0,0.0,0.0,0.0,0.0,0.0,0.0,3.855809986809098,0.0,0.0,20.12698422046888,-0.3021036518973943,0.0,0.0,-0.7570976048507105,4.604366737472533,2.0389594918074083,0.0365010153946998,0.0,0.0,0.0,0.0,0.0,0.0,0.0,0.0,0.0,9.84856747635892,2.029253929939945,0.0,0.0,0.0,9.017277935907105,10.971319088603718,0.0,0.0,0.0,0.0,15.022499694040722,0.0,0.0,0.0,0.0,0.0,0.0,0.0,0.0,0.0,0.0,0.0,0.0,0.0,-1.7608568385734389,0.0,0.0,0.0,0.0,0.0,0.0,0.0,0.0,0.0,0.0,0.0,0.0,0.0,0.0,0.0,0.0,0.0,0.0,0.0,0.0,0.0,0.0,0.0,0.0,0.0,0.0,0.0,0.0,0.0,0.0,0.0,0.0,0.6359930163284462,0.0,-1.7608568385734389,-0.7570976048507105,6.977682320262938,0.0,1.2905913277988592,0.0,0.0,0.0,0.0,9.55420489320612,0.0,0.6359930163284462,0.0,0.0,0.0,0.0,0.0,0.0,0.0,0.0,0.0,0.0,0.0,0.4229884984323644,0.0,0.4633531960906387,0.6581984149353735,0.0,0.4229884984323644,0.0,0.0,0.0,0.0,0.0,0.0,0.0,0.0,0.0,0.0,0.5236088085094088,0.0,0.0,1.5781075207860922,-0.3021036518973943,0.0,0.0,-0.7570976048507105,-0.2407070441366525,0.9153722356156384,0.0365010153946998,0.0,0.0,0.0,0.0,0.0,0.0,0.0,0.0,0.0,4.779431614728332,2.029253929939945,0.0,0.0,0.0,9.017277935907105,10.971319088603718,0.0,0.0,0.0,0.0,15.022499694040722,0.0,0.0,0.0,0.0,0.0,0.0,0.0,0.0,0.0,0.0,0.0,0.0,0.0,-1.7608568385734389,0.0,0.0,0.0,0.0,0.0,0.0,0.0,0.0,0.0,0.0,0.0,0.0,0.0,0.0,0.0,0.0,0.0,0.0,0.0,0.0,0.0,0.0,0.0,0.0,0.0,0.0,0.0,0.0,0.0,0.0,0.0,0.0,0.6359930163284462,0.0,15.022499694040722,2.1867935403626952,6.977682320262938,0.0,1.2905913277988592,0.0,0.0,0.0,0.0,9.55420489320612,0.0,0.6359930163284462,0.0,0.0,0.0,0.0,0.0,0.0,0.0,0.0,0.0,0.0,0.0,0.5833271526203074,0.0,0.6581984149353735,0.6581984149353735,0.0,0.5833271526203074,0.0,0.0,0.0,0.0,0.0,0.0,0.0,0.0,0.0,0.0,1.1177437370338963,0.0,0.0,2.1867935403626952,0.0,0.0,0.0,0.0,1.3246808756612098,1.1235872561917697,0.0365010153946998,0.0,0.0,0.0,0.0,0.0,0.0,0.0,0.0,0.0,5.069135861630588,2.029253929939945,0.0,0.0,0.0,9.017277935907105,10.971319088603718,0.0,0.0,0.0,0.0,15.022499694040722,0.0,0.0,0.0,0.0,0.0,0.0,0.0,0.0,0.0,0.0,0.0,0.0,0.0,0.0,0.0,0.0,0.0,0.0,0.0,0.0,0.0,0.0,0.0,0.0,0.0,0.0,0.0,0.0,0.0,0.0,0.0,0.0,0.0,0.0,0.0,0.0,0.0,0.0,0.0,0.0,0.0,0.0,0.0,0.0,0.0,0.0,74.73148148148147,2.2645903479236806,0.6695476923785074,15.022499694040722,-0.1489091972089876,-1.7608568385734389,10.078072965934403,2.4237642715173773,7.0224996940407225,37.30696748878251,2.433559190403205,6.975092286633315,36.18093912093158,15.9857,0.48442,0.0,0.01558,0.61481,0.82468,0.44831,0.53086,0.80924,0.16649,0.08395,-0.08254,0.01543,0.5874,0.12689,0.0,0.05958,0.3378,0.03128,44.5,1.34848,21.5,0.65152,23.0,0.69697,1.5,0.04545,0.5,0.01515,27.09869,0.82117,60.66893,33.57024,1.01728,7.64505,0.23167,16.01474,8.36969,0.25363,0.39926,0.0121,0.91526,0.02774,0.5272727272727272,388.07,5.0,6.0,6.0,5.0,1.0,1.0,0.2692307692307692,1.6527448810909795,3.699681355292705,4.5681041507391935,5.099363804355077,5.163177895342839,5.199541531706474,90.90096846000388,203.4824745410988,251.24572829065565,280.46500923952925,283.97478424385616,285.9747842438561,0.2858747704669925,0.6399327387704025,0.7901435608742301,0.8820353787061284,0.8930732822703156,0.8993630891955908,4.12861483243368,2.081678358231955,1.2132555627854664,0.6819959091695829,0.6181818181818208,0.5818181818181856,0.2674383808916169,0.5986627475265602,0.7391863026140655,0.8251519124438697,0.8354779690343894,0.8413621391465985,18.00868975668428,37.45445322733877,43.94046937929994,45.57705726364885,45.64137070194063,45.67801888492246,101.56245867779565,57.38610780393508,37.07603904561493,31.592186511970084,31.262025907094323,31.12452191751161,23.401662049861496,9.465066174207449,4.614645088928056,3.0,15.0,0.0,3.5500000000000003,3.2454000000000023,0.0,0.0,0.0,0.0,18.52661188376607,28.13858074113036,3.917547844464626,9.687658066226598,2.17985976881908,0.0,0.4999999999999999,0.0,0.0,0.0,0.0,0.0,0.3333333333333333,0.2519763153394848,0.0,0.591,1.887,1.9260000000000004,2.7960000000000003,3.33,17.291999999999998,57.0,78.0,101.0,125.0,142.0,174.0,206.0,233.0,273.0,1460.0,3.9415818076696905,4.607667066186679,5.231776842739793,5.860251892702418,6.458044353004164,6.907614644093515,7.453711230419271,7.981139232158901,8.426947897768594,8.890787550751215,9.84353329923422,12.900789276541095,0.4736842105263157,6.0,1.0,1.0,1.0,3.0,0.0,0.0,0.0,0.0,0.0,0.0,0.0,1.0,0.0,0.0,0.0,0.0,0.0,1.0,0.0,0.0,0.0,0.0,7.0,1.0,1.0,3.0,0.0,0.0,1.0,0.0,0.0,0.0,0.0,3.0,0.0,1.0,1.0,1.0,0.0,0.0,0.0,0.0,0.0,0.0,0.0,0.0,0.0,0.0,0.0,0.0,0.0,1.0,0.0,0.0,0.0,0.0,0.0,1.0,1.0,1.0,0.0,0.0,1.0,0.0,0.0,0.0,0.0,6.0,0.1578947368421052,8.0,0.2105263157894736,1.0,10.0,19.0,0.9,8.0,3.666666666666667,3.305555555555552,1.7038888888888897,1.211944444444444,0.66530612244898,0.5773455215419502,0.3497260015117158,0.2950231481481483,0.1416141210080604,0.2105263157894736,0.0705128205128205,0.0612139917695472,0.0347732426303855,0.026932098765432,0.0158406219630709,0.0156039330146473,0.0102860588679916,0.0089400953984287,0.0052449674447429,0.4947644200753887,231.6086170965749,356.51394496133423,463.21723419315,14.036885884640906,231.6086170965749,0.1977858775663993,0.005993511441406,-5.347881857615238,443.0749454343199,13.426513498009694,20.109338478203547,94.56,386.6595779932642,6.044394119358453,5.25227342804663,6.1463292576688975,7.065613363597717,7.977625098784593,8.902863672196222,9.822982237876476,10.752077435046024,11.677125480650488,12.609104796396634,151.20599477026366,4.343805421853684,1.9459101490553128,5.746203190540153,4.110873864173311,7.340186835320115,6.19644412779452,9.017847259860732,8.220133957151859,10.739153740836397,11.01214917705724,459.1416761640006,8.348030475709102,68.35605379163744,2.071395569443559,20.30362568512256,4.8099432479954185,9.725414034341458,3664.0,54.0,6.293000000000001,190.0,1.0,1.462397997898956
0,0,0,0,0,0,0,0,0,0,0,0,0,0,0,0,0,0,0,0,0,0,0,0,0,0,0,0,0,0,0,0,0,0,0,0,0,0,0,0,0,0,0,0,0,0,0,0,0,0,0,0,0,0,0,0,0,0,0,0,0,0,0,0,0,0,0,0,0,0,0,0,0,0,0,0,0,0,0,0,0,0,0,0,0,0,0,0,0,0,0,0,0,0,0,0,0,0,0,0,0,0,0,0,0,0,0,0,0,0,0,0,0,0,0,0,0,0,0,0,0,0,0,0,0,0,0,0,0,0,0,0,0,0,0,0,0,0,0,0,0,0,0,0,0,0,0,0,0,0,0,0,0,0,0,0,0,0,0,0,0,0,0,0,0,0,0,0,0,0,0,0,0,0,0,0,0,0,0,0,0,0,0,2,4,3,1,2,2,5,1,2,1,2,3,4,2,2,2,2,5,0,0,0,0,0,0,0,0,0,0,0,0,0,0,0,0,2,3,2,3,0,0,0,0,0,0,0,0,0,0,0,0,0,0,0,0,0,1,5,2,5,1,2,0,0,0,0,0,0,0,0,0,0,0,0,0,0,0,0,0,0,0,0,0,0,0,0,0,0,0,0,0,0,0,0,0,0,0,0,0,0,0,0,0,0,0,0,0,0,0,0,0,0,0,0,0,0,0,0,0,0,0,0,0,0,0,0,0,0,0,0,0,0,0,0,0,0,0,0,0,0,0,0,0,0,0,0,0,0,0,0,0,0,0,0,0,0,0,0,0,0,0,0,0,0,0,0,0,0,0,0,0,0,0,0,0,0,0,0,0,0,0,0,0,0,0,0,0,0,0,0,0,0,0,0,0,0,0,0,0,0,0,0,0,0,0,0,0,0,0,0,0,0,0,0,0,0,0,0,0,0,0,0,0,0,0,0,0,0,0,0,0,0,0,0,0,0,0,0,0,0,0,0,0,0,0,0,0,0,0,0,0,5,2,3,1,1,2,1,0,0,0,0,0,0,0,0,0,0,0,0,0,0,0,0,0,0,0,0,0,0,0,0,0,0,0,0,0,0,0,0,0,0,0,0,0,0,0,0,0,0,0,0,0,0,0,0,0,0,0,0,0,0,0,0,0,0,0,0,0,0,0,0,0,0,0,0,0,0,0,0,0,0,0,0,0,0,0,0,0,0,0,0,0,0,0,0,0,0,0,0,0,0,0,0,0,0,0,0,0,0,0,0,0,0,0,0,0,0,0,0,0,0,0,0,0,0,0,0,0,0,0,0,0,0,0,0,0,0,0,0,0,0,0,0,0,0,0,0,0,0,0,0,0,0,0,0,0,2,5,2,4,0,0,0,0,0,0,0,0,0,0,0,0,0,0,0,0,0,0,0,0,0,2,2,2,1,2,2,2,1,0,0,0,0,0,0,0,0,0,0,0,2,2,2,2,2,4,3,2,2,0,0,0,0,0,0,2,2,2,2,2,0,0,1,0,0,0,0,5,5,0,0,0,0,0,0,0,0,0,0,0,1,5,2,5,0,0,0,0,0,2,0,0,0,0,0,0,0,1,2,2,2,2,2,1,0,0,0,0,0,0,0,0,0,0,0,0,0,0,0,3,2,3,0,2,3,4,0,0,0,0,0,0,0,0,0,0,0,0,0,0,0,0,0,0,0,0,0,0,0,0,0,0,0,0,0,0,0,0,2,2,2,1,2,2,2,2,2,0,0,0,0,0,0,0,0,0,0,0,0,0,0,0,0,0,0,0,0,0,0,0,0,3,2,2,2,3,1,1,2,3,2,0,0,0,5,2,3,0,0,0,0,0,0,0,1,2,0,0,0,0,0,0,0,2,2,2,0,0,0,0,0,0,0,0,0,0,0,0,0,0,0,0,0,0,0,0,0,0,0,0,0,0,0,0,0,0,0,0,0,0,0,0,0,0,0,0,0,0,0,0,0,0,0,0,0,0,0,0,0,0,0,0,0,0,0,0,0,0,0,0,0,0,0,2,5,4,0,1,1,2,2,2,2,2,3,2,0,0,0,3,2,2,3,0,0,0,0,0,0,0,0,0,0,0,0,2,2,0,0,0,0,0,0,0,0,0,0,0,0,0,0,0,0,0,0,0,0,0,0,0,0,0,0,0,0,0,0,0,2,2,2,2,4,5,0,0,0,0,0,0,0,0,0,0,0,0,0,0,0,0,0,0,0,0,0,0,0,0,0,0,0,0,0,0,0,0,0,0,3,0,0,0,0,0,0,0,0,0,0,0,0,0,0,0,0,0,0,0,0,0,0,0,0,0,0,2,3,0,0,0,0,0,0,2,2,5,5,1,1,0,0,0,0,0,0,0,0,0,0,0,0,0,0,0,0,0,0,0,0,0,0,2,1,2,0,0,0,0,0,0,0,0,0,3,3,5,0,0,1,5,0,0,0,0,0,0,0,0,0,0,0,0,0,0,0,3,2,0,0,0,0,2,2,2,0,0,0,0,2,2,2,2,1,0,0,0,2,3,2,2,2,1,0,0,2,2,1,2,2,0,0,0,0,0,0,0,0,0,0,0,0,1,2,3,0,0,0,0,0,0,0,0,0,0,0,0,0,0,0,0,0,0,0,0,0,0,0,0,0,0,0,0,0,0,0,0,0,0,0,0,0,0,0,1,2,0,0,0,0,1,0,0,0,0,0,0,0,0,0,0,0,0,0,0,0,0,0,0,0,0,0,0,0,0,0,0,0,0,0,0,0,0,0,0,0,0,0,0,0,0,0,0,0,0,0,0,0,0,0,0,0,0,0,0,0,0,0,0,0,0,0,0,0,0,0,0,0,0,0,0,0,0,0,0,0,0,0,0,0,0,0,0,0,0,0,5,2,0,0,0,0,0,0,4,2,0,0,0,0,0,0,0,0,0,0,0,0,1,3,3,2,0,0,0,0,0,0,0,0,0,0,0,0,0,0,0,0,0,0,0,0,0,0,0,0,0,0,0,0,0,0,0,0,0,0,0,0,0,0,0,0,0,0,0,2,1,0,0,0,0,0,0,0,0,0,0,0,0,0,0,0,0,0,0,0,0,0,0,2,2,2,5,0,0,0,0,0,0,0,2,2,0,0,0,0,0,0,0,0,2,2,2,1,0,0,0,0,2,2,2,2,0,2,1,2,2,2,0,2,2,0,0,0,0,0,0,0,0,0,0,0,0,0,0,0,0,0,0,1,2,2,0,0,0,0,0,0,0,0,0,0,0,0,0,0,0,0,2,2,5,2,2,1,0,0,0,0,0,0,0,3,2,0,3,4,2,4,1,1,2,0,1,1,4,3,3,3,1,3,4,1,1,0,4,0,0,1,3,2,2,2,4,0,3,1,2,2,3,4,0,2,1,3,1,0,1,2,4,0,0,1,4,2,1,1,2,0,2,3,4,1,2,4,0,3,4,4,2,0,3,1,3,3,1,4,4,1,3,4,2,2,0,2,3,3,3,2,4,0,4,3,3,1,3,2,3,0,4,3,0,2,4,0,4,4,2,0,2,4,2,3,2,3,1,0,2,2,1,0,3,2,2,2,4,4,0,3,3,0,3,2,4,2,0,1,1,0,0,3,0,1,3,1,1,3,2,4,0,0,0,1,0,4,0,3,4,2,3,3,4,2,0,2,2,0,0,1,4,3,1,2,0,4,0,4,4,2,4,3,2,0,3,0,1,2,3,3,3,4,1,3,1,2,0,1,0,3,0,1,2,0,3,2,2,2,4,0,0,2,1,4,3,3,2,0,3,2,3,3,2,4,2,3,4,0,0,1,2,4,4,0,0,2,2,3,4,1,2,4,1,0,0,1,1,1,4,3,2,4,3,4,1,1,1,1,3,0,0,0,1,1,4,4,3,4,0,2,3,4,0,0,3,3,0,2,1,1,4,4,1,4,0,4,0,1,4,1,4,2,3,4,2,2,0,1,3,4,4,2,4,2,4,4,4,2,4,1,2,1,4,3,0,0,4,4,3,4,0,3,3,0,0,3,3,4,4,1,3,1,4,1,2,3,4,2,1,1,2,0,0,0,3,4,3,4,2,2,3,4,2,2,4,0,3,2,1,1,4,1,2,1,4,4,3,0,0,3,0,0,0,0,0,0,0,0,0,0,0,0,0,0,0,0,0,0,0,0,0,0,0,0,0,0,0,0,0,0,0,0,0,0,0,0,0,0,0,0,0,0,0,0,0,0,0,0,0,0,0,0,0,0,0,0,0,0,0,0,0,0,0,0,0,0,0,0,0,0,0,0,0,0,0,0,0,0,0,0,0,2,1,2,0,2,2,2,3,3,2,2,3,1,2,2,0,0,0,0,0,0,0,2,3,2,3,3,5,4,0,2,5,0,5,2,0,0,0,0,2,2,5,2,0,0,0,0,0,0,0,0,0,0,0,0,0,0,0,0,0,0,0,0,0,0,0,0,0,0,0,0,0,0,0,0,0,0,0,0,0,0,0,0,0,0,0,0,0,0,0,0,0,0,0,0,0,0,0,0,0,0,0,0,0,0,0,0,0,0,0,0,0,0,0,0,0,0,0,0,0,0,0,0,0,0,0,0,0,0,0,0,0,0,0,0,0,0,0,0,2,1,1,1,5,5,3,1,1,5,4,1,3,1,3,3,0,0,0,0,0,0,0,0,0,0,0,0,0,0,0,0,0,0,0,0,0,0,0,0,0,0,0,0,0,0,0,0,0,0,0,0,0,0,0,0,0,0,0,0,0,0,0,0,0,0,0,0,0,0,0,0,0,0,0,0,0,0,0,0,0,0,0,0,0,0,0,0,0,0,0,0,0,0,0,0,0,0,0,0,0,0,0,0,0,0,0,0,0,0,0,0,0,0,0,0,0,0,0,0,0,0,0,0,0,0,0,0,0,0,0,0,0,0,0,0,0,0,0,0,0,0,0,0,0,0,0,0,0,0,0,0,0,0,0,0,0,0,0,0,0,0,0,0,0,0,0,0,0,0,0,0,0,0,0,0,0,0,0,0,0,0,0,0,0,0,0,0,0,0,0,0,0,0,0,0,0,0,0,0,0,0,0,0,0,0,0,0,0,0,0,0,0,0,0,0,0,0,0,0,0,0,0,0,0,0,0,0,0,0,0,0,0,0,0,0,0,0,0,0,0,0,0,0,0,0,0,0,0,0,0,0,0,0,0,0,0,0,0,0,0,0,0,0,0,0,0,0,0,0,0,0,0,0,0,0,0,0,0,0,0,0,0,0,0,0,0,0,0,0,0,0,0,0,0,0,0,0,0,0,3,3,2,3,2,2,4,2,3,1,1,2,5,5,1,2,1,0,0,0,0,0,0,0,0,0,0,0,0,0,0,0,0,0,0,0,0,0,0,0,0,0,0,0,0,0,0,0,0,0,0,0,0,0,0,0,0,0,0,0,0,0,0,0,0,0,0,0,0,0,0,0,0,0,0,0,0,0,0,0,0,0,0,0,0,0,0,0,0,0,0,0,0,0,0,0,0,0,0,0,0,0,0,0,0,0,0,0,0,0,0,0,0,0,0,0,0,0,0,0,0,0,0,0,0,0,0,0,0,0,0,0,0,0,0,0,0,0,0,0,0,0,0,0,0,0,1,1,2,4,1,3,2,3,1,3,4,5,3,3,1,3,5,4,1,2,4,3,3,1,3,3,1,3,1,1,2,1,3,2,2,5,3,2,2,3,4,1,2,2,4,0,0,0,0,0,0,0,0,0,0,0,0,0,0,0,0,0,0,0,0,0,0,0,0,1,0,0,0,1,0,0,0,0,0,0,0,0,0,0,0,0,0,0,0,0,0,0,0,0,0,0,0,0,0,0,0,1,0,0,0,0,0,0,0,0,0,0,0,0,0,0,0,0,0,0,0,0,0,0,0,0,0,0,0,0,1,0,0,0,1,0,0,0,0,0,0,0,0,0,0,0,0,0,1,0,0,0,0,0,0,0,0,0,0,0,0,0,1,0,0,0,0,0,0,0,0,0,1,0,0,0,0,0,0,1,1,0,0,0,0,1,0,0,0,0,0,0,0,0,0,0,0,0,0,0,0,0,0,0,1,0,1,0,0,0,0,0,0,0,0,0,0,0,0,0,0,0,0,0,0,0,0,0,0,0,0,0,0,0,0,0,0,0,0,0,0,0,0,0,0,0,0,0,0,0,0,0,0,0,1,0,0,0,0,0,0,0,1,0,0,0,0,0,0,0,0,0,0,0,0,0,0,0,0,0,0,1,1,0,0,0,0,1,0,0,0,0,0,0,0,0,0,0,0,0,0,0,0,0,0,0,0,0,0,0,0,0,0,1,0,1,0,0,0,0,0,0,0,0,0,0,0,0,0,0,0,1,0,0,0,0,0,0,0,0,0,0,0,0,0,0,0,0,0,0,0,1,0,0,0,0,0,0,0,0,0,0,0,0,0,0,0,0,0,0,0,0,0,0,0,0,0,0,1,0,0,0,0,0,0,1,0,0,0,0,0,0,0,0,0,1,0,0,0,0,0,0,0,0,0,0,0,0,0,0,0,0,0,0,0,0,0,0,0,0,1,0,0,0,1,0,0,1,1,1,0,0,0,0,0,1,0,0,0,0,0,0,0,0,0,0,1,0,0,0,0,0,0,0,0,0,0,1,0,0,0,0,0,0,0,0,0,0,0,0,0,0,0,0,0,0,0,0,0,0,0,0,0,0,0,1,0,0,0,0,0,0,0,0,0,0,0,0,0,0,0,0,0,0,0,0,0,0,0,0,0,0,0,0,0,0,0,0,0,0,1,0,0,0,0,0,0,0,0,1,0,0,0,0,0,0,0,0,0,0,0,0,0,0,0,0,0,0,0,0,0,0,0,0,0,0,0,0,0,0,0,0,0,0,0,0,0,0,0,0,0,0,1,0,0,0,0,0,0,0,0,0,0,0,0,0,0,0,0,0,0,0,0,0,0,0,0,0,0,0,0,0,0,0,0,0,0,0,1,0,0,1,0,0,0,0,0,1,0,0,1,0,0,1,0,0,0,0,0,1,0,0,0,0,0,0,0,0,0,0,0,0,0,0,0,0,0,0,0,0,0,0,0,0,0,0,0,0,0,0,0,0,0,0,0,0,0,0,0,0,0,0,0,0,0,0,0,0,0,0,0,0,0,0,0,0,0,0,0,0,0,0,0,0,0,0,0,0,0,0,0,0,0,0,0,0,0,0,1,0,0,0,0,0,0,0,0,0,1,0,1,0,0,0,0,0,0,0,0,0,0,0,1,0,0,0,0,0,0,0,0,0,1,1,0,0,0,0,1,0,0,0,0,0,0,0,0,0,0,0,0,0,0,1,0,0,1,0,0,0,0,0,0,0,0,0,0,0,1,0,0,1,0,0,0,0,0,0,0,0,0,0,0,0,1,0,0,1,1,0,0,0,0,0,0,0,0,0,0,0,0,0,0,0,0,0,0,0,0,0,0,0,0,0,0,0,0,0,0,0,0,0,0,0,0,0,0,0,0,0,0,0,0,0,1,0,0,0,0,0,0,0,0,1,0,0,0,0,1,0,0,0,0,0,0,0,0,0,0,0,0,0,0,0,0,1,0,0,0,0,0,0,0,0,0,0,0,0,0,0,0,0,0,0,1,0,0,0,0,0,0,0,0,0,0,0,1,0,0,0,0,0,0,0,0,0,0,1,0,0,0,0,0,0,0,1,0,0,0,0,0,0,0,0,0,0,0,0,0,0,0,0,0,1,0,0,0,0,0,0,0,0,0,0,0,0,0,0,0,0,0,1,0,0,1,0,0,0,0,0,0,0,0,0,0,0,0,0,0,0,0,0,0,0,0,0,0,0,0,0,0,0,0,0,0,1,0,0,0,0,0,0,0,0,0,0,0,0,0,0,0,0,0,0,1,0,0,0,0,0,0,0,1,0,0,0,0,0,0,0,0,0,0,0,0,0,0,0,0,0,0,0,0,0,0,0,0,0,0,0,0,0,0,0,0,1,0,0,0,0,0,0,0,0,0,0,0,0,0,0,0,0,0,0,0,0,0,0,0,0,0,0,1,0,0,0,0,0,0,0,0,0,1.0,1.0227999999999993,1.0461198399999985,52.94250000000001,63.98223899999997,17.0,19.0,52.0,29.0,23.0,0.0,24.0,1.0,3.0,1.0,0.0,0.0,0.0,0.0,0.0,0.0,5477.65202800001,5451.861185,7832.228120000004,8020.296360000005,8485.091781999987,7778.369489000003,6709.036946000006,6136.377199000007,5195.180657000004,12368.595504776726,15308.028724334174,21990.44731784178,24525.927399440287,25294.94271786836,24667.29026305872,21096.403576005578,17487.03728726227,16637.89177850366,394.4976889999997,412.1775600000003,688.1379580000006,877.3764940000003,932.3027380000008,929.0380820000004,919.6667500000008,746.5955420000013,603.9167520000004,88.70930881152685,108.84670280599993,160.62330448933918,182.9562529601882,196.2645193478292,196.03092968213127,166.70733034492315,133.85530166522497,127.94876424024488,8171.094270135327,7607.290153635953,13396.007063590312,17407.0803999295,19074.368753445524,19016.1652813631,19458.21205637061,15821.613715276582,11962.03927031401,238.1978737997256,172.73765432098762,281.4382716049382,334.0771604938272,343.4074074074073,333.3827160493829,353.82098765432085,287.5370370370369,232.2407407407408,105.33946207692328,100.9603923148148,86.06844087912093,69.7417074782609,67.8807342559999,61.73309118253971,54.105136661290366,61.98360807070714,64.93975821250004,237.8576058610909,283.4820134135958,241.6532672290305,213.2689339081764,202.3595417429469,195.77214494491045,170.1322869032708,176.63674027537644,207.97364723129576,7.586494019230762,7.632917777777783,7.561955582417589,7.629360817391307,7.458421904000006,7.3733181111111135,7.416667338709685,7.541369111111124,7.548959400000005,1.7059482463755165,2.015679681592592,1.7650912581246063,1.590923938784245,1.5701161547826337,1.555801029223264,1.3444139543945417,1.3520737541941916,1.599359553003061,157.1364282718332,140.87574358585098,147.20886883066277,151.36591652112608,152.59495002756418,150.92194667748493,156.92106497073073,159.8142799522887,149.52549087892513,4.580728342302415,3.19884545038866,3.0927282593949257,2.905018786902845,2.747259259259258,2.645894571820499,2.853395061728394,2.904414515525626,2.90300925925926,0.608834562091626,-0.3080289594370817,0.0930994700080433,-0.18270602752035,0.092096818470112,0.0211284675377685,-0.0086184373791739,0.0271462340648316,-0.1558882727802166,2315.3446790769244,109.67429088165842,460.7763958461549,-506.8147749585802,196.9681844497038,-934.556722301774,116.0680835857976,428.4172811420111,-870.3850569644965,2775.186064983926,130.77771550984957,505.47080563114014,-148.1472678560657,220.106969081309,-982.2602683468804,-307.0246375970671,774.8205076617899,-930.7139570675038,3.263598826923074,-0.1336153587278118,0.9150206105769216,-1.4118461941568048,-0.0458761608727798,0.1317021886094715,-0.1053154334319508,-0.2958853820266277,-0.7830253491124262,15.20951583127468,1.0902767985866322,2.382306475278786,2.0877401412024144,3.6899954336032272,-7.724736781687101,-1.1392303099403995,2.568037411368118,-3.3531792515699936,77.07345916218844,3.830612980983582,10.49804325094283,8.54075641245649,15.10401756706148,-34.75077748724676,-17.4549692418759,26.807380895273848,-15.82194280901154,82.4927389996835,-4.088626766422347,28.870058760683744,-21.39886762790076,-4.845008740797546,12.478591640895765,-6.718717279080525,-24.39272624106132,-20.098845585668943,0.0117083569633005,-0.0057042399895755,0.0010230710989894,-0.0015887480653943,0.0007367745477608,0.0001676862502997,-6.95035272514031e-05,0.0002742043844932,-0.0019486034097527,44.525859213017775,2.031005386697378,5.063476877430274,-4.407084999639828,1.5757454755976306,-7.417116843664873,0.9360329321435292,4.327447284262738,-10.879813212056206,53.36896278815242,2.421809546478696,5.554624237704837,-1.2882371117918756,1.760855752650472,-7.795716415451431,-2.4760051419118314,7.826469774361514,-11.633924463343796,0.0627615159023668,-0.0024743584949594,0.0100551715448013,-0.0122769234274504,-0.0003670092869822,0.0010452554651545,-0.0008493180115479,-0.0029887412325921,-0.0097878168639053,0.2924906890629746,0.0201903110849376,0.0261791920360306,0.0181542620974122,0.0295199634688258,-0.0613074347752944,-0.0091873412091967,0.0259397718320011,-0.0419147406446249,1.4821819069651625,0.0709372774256218,0.1153631126477234,0.074267447064839,0.1208321405364918,-0.2757998213273552,-0.1407658809828701,0.2707816252047863,-0.1977742851126442,1.5863988269169904,-0.0757153104893027,0.3172533929745466,-0.1860771098078327,-0.0387600699263803,0.0990364415944108,-0.0541832038635526,-0.2463911741521345,-0.2512355698208618,-0.4871938912910974,0.0873795616409948,-0.1356935110856486,0.0629272365089563,0.0143219284162037,-0.0059362323397945,0.0234195442924002,-0.1664284250865042,0.0456140638854552,0.1137199139314956,-0.09897810120981,0.0353894456715377,-0.1665799823913644,0.0210222317702039,0.0971895289781976,-0.2443481923617846,0.0453786137102203,0.104079673793809,-0.0241383201863135,0.032994003642907,-0.1460720989912517,-0.0463941027248423,0.1466483395120233,-0.217990454667904,-0.0394247726394729,0.1602123753741605,-0.1956122832748133,-0.0058476804090131,0.0166544011903816,-0.0135324649084194,-0.0476206030020299,-0.1559525247785835,0.0690289019100726,0.0895043603606612,0.0620678290839664,0.100926164738427,-0.2096047398011178,-0.0314107134098162,0.0886858036920834,-0.1433028202672136,0.0478600346504494,0.0778333024479666,0.0501068368975743,0.0815231517593555,-0.18607690461697,-0.0949720680851481,0.1826912229412006,-0.1334345563005801,-0.0477277902659874,0.1999833759276646,-0.1172952895896016,-0.0244327399067148,0.0624284637091407,-0.0341548436270923,-0.1553147732912608,-0.1583684793244038,1.3571390709145863,0.7548888019411165,1.1855033912386337,0.6799502125899393,0.6119775459770501,0.7541882220031935,1.051088952871103,0.9684334094942222,0.7668048426197261,0.8147025247350461,1.0194139421597992,0.9663261894535692,1.3424919937226245,0.925408076902342,0.9879290548443648,1.2355878231661568,0.8896738291744476,0.8677979926690663,0.9751184747780314,0.9641543756411514,1.1786429926692976,1.0428167651071931,0.8340781808287832,1.1915857690309406,0.7577896086295138,0.6329916049419374,1.320766681169649,0.7393812511800117,0.4683250462096693,0.7942246330223536,1.0495340628593663,1.049473911053324,0.8856082011259742,0.9140962270905448,0.8960841658226734,0.9280006003708564,1.3806215491689056,0.9891928544430408,0.9312337407923084,1.172602602744719,0.94873509638653,0.9028766194246108,0.918042755954685,0.910814560206914,1.2058160737554915,1.0739666975760018,0.8667301354892045,1.1111269245636166,0.6667562943291063,0.3742195859735723,0.8958405954593857,0.7502233052157408,0.5409348270771173,0.974676473201175,1.3775835463399455,1.1084418012367383,268.4082091921574,134.59689129824682,202.68483674288177,269.6120269261475,9.296966445729222,134.59689129824682,1.517857142857025,0.1880225497891964,0.0064835361996274,-4.846460795207857,1023.1616948661732,35.28143775400598,20.09889315758188,268.4378078143181,134.60981466666465,202.70001803923589,269.63987951151995,9.297926879707584,134.60981466666465,1.515655618211042,0.1878534586505117,0.0064777054707073,-4.849069976556248,1039.3472535501487,35.83956046724651,20.14440964738097,296.95690937834775,147.79909009555067,218.26370666354853,296.0667074970484,10.209196810243045,147.79909009555067,-1.358729187246411,0.0470996710536934,0.0016241265880583,-8.860918859748292,410.597978334656,14.158550977057102,17.45108228457237,270.38665574625014,135.67187962208916,203.86732201539817,271.2777521063901,9.35440524504794,135.67187962208916,0.9571034979281876,0.2013442997176717,0.0069429068868162,-4.647942816967019,1162.6420490616936,40.0911051400584,20.469505935939704,324.4910967089764,160.54751856807508,234.232479105894,322.6674220392565,11.12646282893988,160.54751856807508,-3.340926680164785,0.1551968723855288,0.0053516162891561,-5.402876388414405,421.70066957187794,14.541402399030272,17.528457670775378,273.9444452444043,137.30109844611334,205.77031372264528,274.5568347096182,9.467477058952356,137.30109844611334,0.6577516478223799,0.189836366985999,0.0065460816202068,-4.81861913241096,577.2749209350304,19.90603175638036,18.43912399546564,300.4953307286212,148.75320670341506,222.8465509394584,300.6750396092997,10.368104814113783,148.75320670341506,0.3474371693119735,0.3874395628262913,0.0133599849250445,-2.749766686832919,527.4099631598115,18.1865504537866,18.177136678003382,0.0,11.849999999999984,31.972072447868385,-0.3669395447111547,0.2586421900933667,3.855810177455751,12.319256123390756,31.0,54.0,52.0,33.0,10.0,1.0,1.0,1.0,0.0,21.0,30.957760999999994,4.304955465966051,3.879323732864359,3.7549734271078217,3.438553059046988,3.3334594315765123,3.179163838166725,2.967019345321689,2.853175097384633,2.04986125592214,1.9921010927890663,1.7416074539149395,1.6736064234200885,1.4846109535158998,1.3845768306514563,1.249629722584357,1.2051470145359149,4.063344667079081,3.8650826191215946,3.612448328790805,3.343599683539256,3.281196400723012,3.0427759925922224,2.925318294681816,2.821936647900711,2.0382921464657464,1.99198024171566,1.7046355231060346,1.6721670804236233,1.4774363161293471,1.3330849741442263,1.3195765126234236,1.193200979247609,4.081955495351803,3.9103467616735887,3.676668362980521,3.5079638465927925,3.4392873725406314,3.1607083982962028,3.082921099835876,2.9488206165633315,1.9845123713225483,1.9308848372047107,1.528408951458259,1.4849659202126937,1.3643624871314497,1.229310773507854,1.0764672849840915,1.0348552674563682,4.116165182718634,3.8675249593706527,3.6565878386397865,3.3360815823821306,3.2931370868030827,3.040015766491705,2.932036690519706,2.827372821912808,2.0290576789181576,1.9811511929985912,1.6911456016113238,1.664307641348247,1.4701711834178603,1.299025947179415,1.2620333099212038,1.1835381627411603,4.085500884479112,3.926331444509564,3.687816598338428,3.534205803878051,3.4784038361497016,3.200102199255156,3.141536677154757,2.9883632437379823,1.9722539126117709,1.919866902635305,1.5051840286035565,1.4547510409007112,1.3271714046317078,1.234802481762366,1.0136261529141886,0.9917055670570776,4.706924382112752,4.515859397481476,4.006872136018891,3.846777896757288,3.667911976860255,3.587635772823395,3.3579078816302776,3.090286070492628,2.036325520353801,1.9549399664815093,1.660163806769393,1.608234940872766,1.418919298174545,1.3563063124052237,1.1473706079121817,0.932259866618899,1.0,0.0,2.0,9.0,6.0,3.0,3.0,0.0,0.0,0.0,0.0,0.1178511301977579,0.2721655269759087,0.5138513566024673,0.0,0.0,0.1020620726159657,0.1501745950484345,0.2263913099493615,2.225739083376461,0.0,0.3309330932755814,0.0,1.1091471746870596,0.0,0.1374858261884216,0.0,4.166800424800324,6.4018532026768,8.58613080943909,1.9648954048249427,2.886370280972903,3.2810853510022464,20.965890847321376,13.867412398353684,12.75571428446642,9.761391495405595,8.1393604752084,6.429978035438607,4.611961497351408,3.3211554900598443,0.7229617533559095,0.4473358838178607,0.2966445182434051,0.1807665091741777,0.1162765782172628,0.0747671864585884,0.0480412655974105,0.0307514397227763,17.54603462839896,10.364543830017087,8.143223488607235,5.542774907530331,4.200544085680319,2.7309373819182987,1.7593583340912715,1.1645245991234316,0.6050356768413434,0.3343401235489383,0.1893772904327264,0.1026439797690802,0.0600077726525759,0.0317550858362592,0.0183266493134507,0.0107826351770688,34.320435375534295,51.94209759650408,50.09411764705876,50.64400000000005,37.01930479041919,388.47883173652696,0.6600083726064288,0.998886492240463,0.9633484162895916,0.973923076923078,0.7119097075080614,7.47074676416398,5.949210000000006,118.55280000000008,263.2376053570697,380.2966454009686,526.4752107141394,18.1543176108324,263.2376053570697,0.0197567559396904,0.0006812674461962,-11.38035334237536,342.9408872917712,11.825547837647282,16.928918466963633,780.0,1.0,0.0,4.0,18.0,1.0,0.0,0.0,0.0,0.0,0.0,0.0,1.0,0.0,1.0,0.0,0.0,0.0,0.0,0.0,0.0,0.0,0.0,0.0,0.0,0.0,8.0,0.0,5.0,1.0,0.0,8.0,0.0,0.0,0.0,0.0,0.0,0.0,0.0,0.0,3.0,0.0,2.0,0.0,0.0,8.0,1.0,0.0,1.0,1.0,8.0,0.0,0.0,0.0,0.0,0.0,0.0,0.0,0.0,1.0,0.0,0.0,0.0,0.0,0.0,0.0,0.0,1.0,1.0,1.0,0.0,0.0,0.0,0.0,0.0,0.0,0.0,0.0,0.0,0.0,0.0,0.0,0.0,0.0,0.0,0.0,0.0,1.0,0.0,0.0,0.0,0.0,0.0,0.0,0.0,0.0,0.0,0.0,0.0,0.0,0.0,0.0,0.0,0.0,0.0,0.0,0.0,0.0,0.0,0.0,0.0,0.0,0.0,0.0,0.0,0.0,0.0,0.0,0.0,0.0,0.6594808332694453,0.0,24.10392952135745,26.65199328620833,7.114614116336687,0.0,0.0,0.0,0.0,0.0,0.0,-0.8440455201421672,0.0,0.6594808332694453,0.0,0.0,0.0,0.0,0.0,0.0,0.0,0.0,0.0,0.0,0.0,3.66120143283747,0.0,2.6855651288180384,0.6360849428122259,0.0,3.66120143283747,0.0,0.0,0.0,0.0,0.0,0.0,0.0,0.0,5.997521983273329,0.0,0.7168714782038781,0.0,0.0,16.75610218517818,0.0305074885164085,0.0,2.2455966083844108,-0.7666835648489163,8.416978057494658,0.0,0.0,0.0,0.0,0.0,0.0,0.0,0.0,9.480657723922082,0.0,0.0,0.0,0.0,0.0,0.0,0.0,8.87055743350945,10.788204535172374,5.725031162900239,0.0,0.0,0.0,0.0,0.0,0.0,0.0,0.0,0.0,0.0,0.0,0.0,0.0,0.0,0.0,0.0,0.0,-1.2798636102246113,0.0,0.0,0.0,0.0,0.0,0.0,0.0,0.0,0.0,0.0,0.0,0.0,0.0,0.0,0.0,0.0,0.0,0.0,0.0,0.0,0.0,0.0,0.0,0.0,0.0,0.0,0.0,0.0,0.0,0.0,0.0,0.0,0.6594808332694453,0.0,-1.2798636102246113,-0.7666835648489163,7.114614116336687,0.0,0.0,0.0,0.0,0.0,0.0,-0.8440455201421672,0.0,0.6594808332694453,0.0,0.0,0.0,0.0,0.0,0.0,0.0,0.0,0.0,0.0,0.0,0.3784662585190183,0.0,0.4287036253532115,0.6360849428122259,0.0,0.3784662585190183,0.0,0.0,0.0,0.0,0.0,0.0,0.0,0.0,1.9518293189956664,0.0,0.157091503755794,0.0,0.0,1.887804300952333,0.0305074885164085,0.0,2.2455966083844108,-0.7666835648489163,0.5633977031532942,0.0,0.0,0.0,0.0,0.0,0.0,0.0,0.0,9.480657723922082,0.0,0.0,0.0,0.0,0.0,0.0,0.0,8.87055743350945,10.788204535172374,5.725031162900239,0.0,0.0,0.0,0.0,0.0,0.0,0.0,0.0,0.0,0.0,0.0,0.0,0.0,0.0,0.0,0.0,0.0,-1.2798636102246113,0.0,0.0,0.0,0.0,0.0,0.0,0.0,0.0,0.0,0.0,0.0,0.0,0.0,0.0,0.0,0.0,0.0,0.0,0.0,0.0,0.0,0.0,0.0,0.0,0.0,0.0,0.0,0.0,0.0,0.0,0.0,0.0,0.6594808332694453,0.0,10.788204535172374,2.386153738086909,7.114614116336687,0.0,0.0,0.0,0.0,0.0,0.0,0.0,0.0,0.6594808332694453,0.0,0.0,0.0,0.0,0.0,0.0,0.0,0.0,0.0,0.0,0.0,0.5343135874133349,0.0,0.6360849428122259,0.6360849428122259,0.0,0.5343135874133349,0.0,0.0,0.0,0.0,0.0,0.0,0.0,0.0,2.093863345281996,0.0,0.559779974448084,0.0,0.0,2.386153738086909,0.0305074885164085,0.0,2.2455966083844108,0.0,1.438239979633829,0.0,0.0,0.0,0.0,0.0,0.0,0.0,0.0,9.480657723922082,0.0,0.0,0.0,0.0,0.0,0.0,0.0,8.87055743350945,10.788204535172374,5.725031162900239,0.0,0.0,0.0,0.0,0.0,0.0,0.0,0.0,0.0,0.0,0.0,0.0,0.0,0.0,0.0,0.0,0.0,0.0,0.0,0.0,0.0,0.0,0.0,0.0,0.0,0.0,0.0,0.0,0.0,0.0,0.0,0.0,0.0,0.0,0.0,0.0,0.0,0.0,0.0,0.0,0.0,0.0,0.0,0.0,0.0,0.0,0.0,0.0,0.0,0.0,66.98148148148147,2.3097062579821195,0.6594808332694453,10.788204535172374,-0.1259977529653559,-1.2798636102246113,8.980931331452371,2.433350231515583,3.788204535172375,26.825466021435265,2.447982147382067,3.776352683320523,25.370721398121987,14.23332,0.4908,0.0,0.0092,0.58013,0.8023,0.43976,0.51422,0.78556,0.14037,0.06591,-0.07446,0.01674,0.61175,0.10254,0.0,0.18033,0.35129,0.0,38.75,1.33621,16.75,0.57759,22.0,0.75862,5.25,0.18103,0.5,0.01724,24.41181,0.84179,53.45105,29.03924,1.00135,6.49439,0.22394,13.86735,7.37296,0.25424,0.54665,0.01885,0.80465,0.02775,0.3269230769230769,149.05,3.0,4.0,4.0,4.0,1.0,1.0,0.2608695652173913,1.49205678527989,3.62910623996084,4.663590738123907,5.1568885160932005,5.19535005455474,5.19535005455474,77.58695283455428,188.7135244779637,242.50671838244315,268.15820283684644,270.15820283684644,270.15820283684644,0.2617441564256113,0.6366361928907982,0.8181107017556005,0.9046474958207008,0.911394613650776,0.911394613650776,4.208382932861203,2.071333478180253,1.0368489800171856,0.5435512020478921,0.5050896635863529,0.5050896635863529,0.2464058119786767,0.5993289790553695,0.7701689867977076,0.851634679475751,0.8579864126725454,0.8579864126725454,15.54030960252203,35.89790471062172,42.09969775386853,43.44240752335136,43.48117002458211,43.48117002458212,94.3285013984088,48.12210258519845,30.56280385489801,26.622971767872333,26.480647163328435,26.48064716332844,23.658688865764827,11.039480800432669,6.491083676268861,5.0,20.0,3.0,3.55,3.130800000000001,0.454280148208035,4.815414497535502,5.358834079368455,0.0,12.23268447194717,27.64128718625938,0.0,9.978017295740967,0.0,0.0,0.4999999999999999,0.1333333333333333,0.0,0.0,0.0,0.0,0.0,0.0,0.0,0.591,0.985,1.024,2.2910000000000004,2.667,15.458,43.0,54.0,70.0,86.0,96.0,108.0,119.0,134.0,139.0,909.0,3.795489189172194,4.421848128860553,5.044231243524771,5.681877639268151,6.273289657243213,6.764029239947545,7.252286472656169,7.72122047386775,8.230380532581552,8.642562654996444,9.621181368649886,16.589499965621563,0.4705882352941176,3.0,0.0,0.0,1.0,2.0,0.0,0.0,0.0,0.0,0.0,0.0,0.0,0.0,0.0,0.0,0.0,0.0,0.0,0.0,0.0,0.0,0.0,0.0,3.0,0.0,1.0,2.0,0.0,0.0,0.0,0.0,0.0,0.0,0.0,1.0,0.0,0.0,1.0,0.0,0.0,0.0,0.0,0.0,0.0,0.0,0.0,0.0,0.0,0.0,0.0,0.0,0.0,0.0,0.0,0.0,0.0,0.0,0.0,0.0,1.0,0.0,0.0,0.0,0.0,0.0,0.0,0.0,0.0,7.0,0.2258064516129032,11.0,0.3548387096774194,1.0,9.0,17.0,0.8888888888888888,7.0,3.3333333333333304,1.625,1.881666666666668,1.285277777777777,0.6326077097505672,0.389810090702948,0.3474505542957923,0.2575077160493828,0.1432547699214366,0.2258064516129032,0.0775193798449611,0.0377906976744186,0.0437596899224806,0.0321319444444444,0.019169930598502,0.0129936696900982,0.0128685390479923,0.0099041429249762,0.0068216557105446,0.5139265646615455,186.1085763386569,283.7495241761667,372.2171526773138,12.8350742302522,186.1085763386569,0.0938536865846162,0.0032363340201591,-6.86145288165176,363.81708389630165,12.545416686079369,17.10028855123697,98.56,380.7661322778521,5.857980995127573,5.003946305945459,5.83773044716594,6.71295620067707,7.57095858316901,8.450839690866216,9.31982238259318,10.202443337211283,11.077686481493952,11.962273478228346,136.13865690735048,4.143134726391533,0.0,5.459585514144159,2.3978952727983707,6.953684210870537,4.59511985013459,8.535229553902337,6.6052979209482015,10.166736041346642,10.414213171301784,405.1398645960006,7.791151242230781,58.47431008073506,2.0163555200253467,13.354688981130526,7.74993542430487,2.4876818713299365,2583.0,43.0,6.377,148.0,1.0,3.505149978319906
0,0,0,0,0,0,0,0,0,0,0,0,0,0,0,0,0,0,0,0,0,0,0,0,0,0,0,0,0,0,0,0,0,0,0,0,0,0,0,0,0,0,0,0,0,0,0,0,0,0,0,0,0,0,0,0,0,0,0,0,0,0,0,0,0,0,0,0,0,0,0,0,0,0,0,0,0,0,0,0,0,0,0,0,0,0,0,0,0,0,0,0,0,0,0,0,0,0,0,0,0,0,0,0,0,0,0,0,0,0,0,0,0,0,0,0,0,0,0,0,0,0,0,0,0,0,0,0,0,0,0,0,0,0,0,0,0,0,0,0,0,0,0,0,0,0,0,0,0,0,0,0,0,0,0,0,0,0,0,0,0,0,0,0,0,0,0,0,0,0,0,0,0,0,0,0,0,0,0,0,0,0,0,2,4,3,1,2,2,5,1,2,1,2,3,4,2,2,2,2,5,0,0,0,0,0,0,0,0,0,0,0,0,0,0,0,0,2,3,2,3,0,0,0,0,0,0,0,0,0,0,0,0,0,0,0,0,0,1,5,2,5,1,2,0,0,0,0,0,0,0,0,0,0,0,0,0,0,0,0,0,0,0,0,0,0,0,0,0,0,0,0,0,0,0,0,0,0,0,0,0,0,0,0,0,0,0,0,0,0,0,0,0,0,0,0,0,0,0,0,0,0,0,0,0,0,0,0,0,0,0,0,0,0,0,0,0,0,0,0,0,0,0,0,0,0,0,0,0,0,0,0,0,0,0,0,0,0,0,0,0,0,0,0,0,0,0,0,0,0,0,0,0,0,0,0,0,0,0,0,0,0,0,0,0,0,0,0,0,0,0,0,0,0,0,0,0,0,0,0,0,0,0,0,0,0,0,0,0,0,0,0,0,0,0,0,0,0,0,0,0,0,0,0,0,0,0,0,0,0,0,0,0,0,0,0,0,0,0,0,0,0,0,0,0,0,0,0,0,0,0,0,0,5,2,3,1,1,2,1,0,0,0,0,0,0,0,0,0,0,0,0,0,0,0,0,0,0,0,0,0,0,0,0,0,0,0,0,0,0,0,0,0,0,0,0,0,0,0,0,0,0,0,0,0,0,0,0,0,0,0,0,0,0,0,0,0,0,0,0,0,0,0,0,0,0,0,0,0,0,0,0,0,0,0,0,0,0,0,0,0,0,0,0,0,0,0,0,0,0,0,0,0,0,0,0,0,0,0,0,0,0,0,0,0,0,0,0,0,0,0,0,0,0,0,0,0,0,0,0,0,0,0,0,0,0,0,0,0,0,0,0,0,0,0,0,0,0,0,0,0,0,0,0,0,0,0,0,0,2,5,2,4,0,0,0,0,0,0,0,0,0,0,0,0,0,0,0,0,0,0,0,0,0,2,2,2,1,2,2,2,1,0,0,0,0,0,0,0,0,0,0,0,2,2,2,2,2,4,3,2,2,0,0,0,0,0,0,2,2,2,2,2,0,0,1,0,0,0,0,5,5,0,0,0,0,0,0,0,0,0,0,0,1,5,2,5,0,0,0,0,0,2,0,0,0,0,0,0,0,1,2,2,2,2,2,1,0,0,0,0,0,0,0,0,0,0,0,0,0,0,0,3,2,3,0,2,3,4,0,0,0,0,0,0,0,0,0,0,0,0,0,0,0,0,0,0,0,0,0,0,0,0,0,0,0,0,0,0,0,0,2,2,2,1,2,2,2,2,2,0,0,0,0,0,0,0,0,0,0,0,0,0,0,0,0,0,0,0,0,0,0,0,0,3,2,2,2,3,1,1,2,3,2,0,0,0,5,2,3,0,0,0,0,0,0,0,1,2,0,0,0,0,0,0,0,2,2,2,0,0,0,0,0,0,0,0,0,0,0,0,0,0,0,0,0,0,0,0,0,0,0,0,0,0,0,0,0,0,0,0,0,0,0,0,0,0,0,0,0,0,0,0,0,0,0,0,0,0,0,0,0,0,0,0,0,0,0,0,0,0,0,0,0,0,0,2,5,4,0,1,1,2,2,2,2,2,3,2,0,0,0,3,2,2,3,0,0,0,0,0,0,0,0,0,0,0,0,2,2,0,0,0,0,0,0,0,0,0,0,0,0,0,0,0,0,0,0,0,0,0,0,0,0,0,0,0,0,0,0,0,2,2,2,2,4,5,0,0,0,0,0,0,0,0,0,0,0,0,0,0,0,0,0,0,0,0,0,0,0,0,0,0,0,0,0,0,0,0,0,0,3,0,0,0,0,0,0,0,0,0,0,0,0,0,0,0,0,0,0,0,0,0,0,0,0,0,0,2,3,0,0,0,0,0,0,2,2,5,5,1,1,0,0,0,0,0,0,0,0,0,0,0,0,0,0,0,0,0,0,0,0,0,0,2,1,2,0,0,0,0,0,0,0,0,0,3,3,5,0,0,1,5,0,0,0,0,0,0,0,0,0,0,0,0,0,0,0,3,2,0,0,0,0,2,2,2,0,0,0,0,2,2,2,2,1,0,0,0,2,3,2,2,2,1,0,0,2,2,1,2,2,0,0,0,0,0,0,0,0,0,0,0,0,1,2,3,0,0,0,0,0,0,0,0,0,0,0,0,0,0,0,0,0,0,0,0,0,0,0,0,0,0,0,0,0,0,0,0,0,0,0,0,0,0,0,1,2,0,0,0,0,1,0,0,0,0,0,0,0,0,0,0,0,0,0,0,0,0,0,0,0,0,0,0,0,0,0,0,0,0,0,0,0,0,0,0,0,0,0,0,0,0,0,0,0,0,0,0,0,0,0,0,0,0,0,0,0,0,0,0,0,0,0,0,0,0,0,0,0,0,0,0,0,0,0,0,0,0,0,0,0,0,0,0,0,0,0,5,2,0,0,0,0,0,0,4,2,0,0,0,0,0,0,0,0,0,0,0,0,1,3,3,2,0,0,0,0,0,0,0,0,0,0,0,0,0,0,0,0,0,0,0,0,0,0,0,0,0,0,0,0,0,0,0,0,0,0,0,0,0,0,0,0,0,0,0,2,1,0,0,0,0,0,0,0,0,0,0,0,0,0,0,0,0,0,0,0,0,0,0,2,2,2,5,0,0,0,0,0,0,0,2,2,0,0,0,0,0,0,0,0,2,2,2,1,0,0,0,0,2,2,2,2,0,2,1,2,2,2,0,2,2,0,0,0,0,0,0,0,0,0,0,0,0,0,0,0,0,0,0,1,2,2,0,0,0,0,0,0,0,0,0,0,0,0,0,0,0,0,2,2,5,2,2,1,0,0,0,0,0,0,0,3,2,0,3,4,2,4,1,1,2,0,1,1,4,3,3,3,1,3,4,1,1,0,4,0,0,1,3,2,2,2,4,0,3,1,2,2,3,4,0,2,1,3,1,0,1,2,4,0,0,1,4,2,1,1,2,0,2,3,4,1,2,4,0,3,4,4,2,0,3,1,3,3,1,4,4,1,3,4,2,2,0,2,3,3,3,2,4,0,4,3,3,1,3,2,3,0,4,3,0,2,4,0,4,4,2,0,2,4,2,3,2,3,1,0,2,2,1,0,3,2,2,2,4,4,0,3,3,0,3,2,4,2,0,1,1,0,0,3,0,1,3,1,1,3,2,4,0,0,0,1,0,4,0,3,4,2,3,3,4,2,0,2,2,0,0,1,4,3,1,2,0,4,0,4,4,2,4,3,2,0,3,0,1,2,3,3,3,4,1,3,1,2,0,1,0,3,0,1,2,0,3,2,2,2,4,0,0,2,1,4,3,3,2,0,3,2,3,3,2,4,2,3,4,0,0,1,2,4,4,0,0,2,2,3,4,1,2,4,1,0,0,1,1,1,4,3,2,4,3,4,1,1,1,1,3,0,0,0,1,1,4,4,3,4,0,2,3,4,0,0,3,3,0,2,1,1,4,4,1,4,0,4,0,1,4,1,4,2,3,4,2,2,0,1,3,4,4,2,4,2,4,4,4,2,4,1,2,1,4,3,0,0,4,4,3,4,0,3,3,0,0,3,3,4,4,1,3,1,4,1,2,3,4,2,1,1,2,0,0,0,3,4,3,4,2,2,3,4,2,2,4,0,3,2,1,1,4,1,2,1,4,4,3,0,0,3,0,0,0,0,0,0,0,0,0,0,0,0,0,0,0,0,0,0,0,0,0,0,0,0,0,0,0,0,0,0,0,0,0,0,0,0,0,0,0,0,0,0,0,0,0,0,0,0,0,0,0,0,0,0,0,0,0,0,0,0,0,0,0,0,0,0,0,0,0,0,0,0,0,0,0,0,0,0,0,0,0,2,1,2,0,2,2,2,3,3,2,2,3,1,2,2,0,0,0,0,0,0,0,2,3,2,3,3,5,4,0,2,5,0,5,2,0,0,0,0,2,2,5,2,0,0,0,0,0,0,0,0,0,0,0,0,0,0,0,0,0,0,0,0,0,0,0,0,0,0,0,0,0,0,0,0,0,0,0,0,0,0,0,0,0,0,0,0,0,0,0,0,0,0,0,0,0,0,0,0,0,0,0,0,0,0,0,0,0,0,0,0,0,0,0,0,0,0,0,0,0,0,0,0,0,0,0,0,0,0,0,0,0,0,0,0,0,0,0,0,2,1,1,1,5,5,3,1,1,5,4,1,3,1,3,3,0,0,0,0,0,0,0,0,0,0,0,0,0,0,0,0,0,0,0,0,0,0,0,0,0,0,0,0,0,0,0,0,0,0,0,0,0,0,0,0,0,0,0,0,0,0,0,0,0,0,0,0,0,0,0,0,0,0,0,0,0,0,0,0,0,0,0,0,0,0,0,0,0,0,0,0,0,0,0,0,0,0,0,0,0,0,0,0,0,0,0,0,0,0,0,0,0,0,0,0,0,0,0,0,0,0,0,0,0,0,0,0,0,0,0,0,0,0,0,0,0,0,0,0,0,0,0,0,0,0,0,0,0,0,0,0,0,0,0,0,0,0,0,0,0,0,0,0,0,0,0,0,0,0,0,0,0,0,0,0,0,0,0,0,0,0,0,0,0,0,0,0,0,0,0,0,0,0,0,0,0,0,0,0,0,0,0,0,0,0,0,0,0,0,0,0,0,0,0,0,0,0,0,0,0,0,0,0,0,0,0,0,0,0,0,0,0,0,0,0,0,0,0,0,0,0,0,0,0,0,0,0,0,0,0,0,0,0,0,0,0,0,0,0,0,0,0,0,0,0,0,0,0,0,0,0,0,0,0,0,0,0,0,0,0,0,0,0,0,0,0,0,0,0,0,0,0,0,0,0,0,0,0,0,3,3,2,3,2,2,4,2,3,1,1,2,5,5,1,2,1,0,0,0,0,0,0,0,0,0,0,0,0,0,0,0,0,0,0,0,0,0,0,0,0,0,0,0,0,0,0,0,0,0,0,0,0,0,0,0,0,0,0,0,0,0,0,0,0,0,0,0,0,0,0,0,0,0,0,0,0,0,0,0,0,0,0,0,0,0,0,0,0,0,0,0,0,0,0,0,0,0,0,0,0,0,0,0,0,0,0,0,0,0,0,0,0,0,0,0,0,0,0,0,0,0,0,0,0,0,0,0,0,0,0,0,0,0,0,0,0,0,0,0,0,0,0,0,0,0,1,1,2,4,1,3,2,3,1,3,4,5,3,3,1,3,5,4,1,2,4,3,3,1,3,3,1,3,1,1,2,1,3,2,2,5,3,2,2,3,4,1,2,2,4,0,0,0,0,0,0,0,0,0,0,0,0,0,0,0,0,0,0,0,0,0,0,0,0,0,1,0,1,0,0,0,0,0,0,0,0,0,0,0,0,0,0,0,0,0,0,1,0,0,0,0,0,0,0,0,0,1,0,0,0,0,0,0,0,0,0,0,0,0,0,0,0,0,0,0,0,0,0,0,0,0,0,0,0,0,0,0,0,0,0,0,0,0,0,0,0,0,0,0,0,0,0,0,1,0,0,0,1,0,0,0,0,0,0,0,0,0,0,0,0,0,0,0,0,0,0,0,0,0,0,0,0,0,0,0,0,0,0,0,0,0,0,0,0,0,0,0,0,0,0,0,0,0,0,0,0,0,1,0,1,0,1,0,0,0,0,0,0,0,0,0,0,0,0,0,0,0,0,0,0,0,0,0,0,0,0,0,0,0,0,0,0,0,0,0,0,0,0,0,0,0,0,0,0,0,0,0,0,0,0,0,0,0,0,0,0,0,0,0,0,0,0,0,0,0,0,0,0,0,1,0,0,0,0,0,0,0,0,0,0,0,0,0,0,0,0,0,0,0,0,0,0,0,0,0,0,0,0,0,0,0,0,0,0,0,0,0,0,0,0,1,1,0,0,0,1,0,0,1,0,0,0,0,0,0,0,0,0,1,0,0,0,0,0,0,0,0,0,0,0,0,0,0,0,0,0,0,0,0,0,0,0,0,0,0,0,0,0,0,0,0,0,0,0,1,0,0,0,0,0,0,0,1,1,0,0,0,0,0,0,0,0,0,0,0,0,0,0,1,0,0,0,0,0,0,0,0,0,0,0,0,0,0,0,0,0,0,0,0,0,0,0,0,0,0,1,0,0,0,1,0,0,0,0,1,0,0,0,0,0,1,0,0,0,0,0,0,0,0,0,1,1,0,0,0,0,0,0,0,0,0,0,1,0,0,0,0,0,0,0,0,0,0,0,0,0,0,0,0,0,0,0,0,0,0,0,0,0,1,0,0,0,0,0,0,0,0,0,0,0,0,0,0,0,0,0,0,0,0,0,0,0,0,0,0,0,0,0,0,0,0,0,0,0,0,0,0,0,0,0,0,0,0,0,0,0,0,0,0,0,0,0,0,0,0,0,0,0,0,0,0,0,0,0,0,0,0,0,0,0,0,0,0,0,0,0,0,0,0,0,0,0,0,0,0,0,0,0,0,0,0,0,0,0,0,0,0,0,1,0,0,1,0,0,0,0,0,0,0,0,0,0,0,0,0,0,0,1,0,0,0,0,0,0,0,0,0,0,0,0,0,0,0,0,0,0,0,0,0,0,0,0,0,0,0,0,0,0,0,0,0,0,0,0,0,0,0,0,0,0,0,0,0,0,0,0,0,0,0,0,0,0,0,0,0,0,0,0,0,0,0,0,0,0,0,0,0,0,0,0,1,0,0,0,0,0,0,1,0,0,0,0,0,0,0,0,1,0,1,0,0,0,0,0,0,0,0,0,0,0,0,0,0,0,0,0,0,0,0,1,0,0,0,1,0,0,0,0,0,1,0,0,0,0,0,0,0,0,0,0,0,0,0,0,0,0,0,0,0,0,0,0,0,1,0,0,0,0,0,0,0,0,0,0,0,0,0,0,0,0,0,1,0,0,0,0,0,0,0,0,0,0,0,0,0,0,1,0,0,0,0,0,0,1,0,0,0,0,0,1,0,0,0,1,0,0,0,0,0,0,0,0,0,0,0,0,0,0,0,0,0,0,1,0,0,0,0,0,0,0,0,0,0,0,0,0,0,0,0,0,0,0,1,0,0,0,0,0,0,0,0,0,1,0,0,0,0,1,0,0,0,0,0,0,0,0,0,1,0,0,1,1,0,0,0,0,0,0,0,0,1,0,0,0,1,0,0,0,0,0,0,0,0,0,0,0,0,0,0,0,0,0,0,1,1,0,0,0,0,0,0,0,0,0,0,0,0,0,0,0,0,0,1,0,0,0,0,0,0,0,0,0,0,0,0,0,0,0,0,0,0,0,0,0,0,0,0,0,1,0,0,0,0,0,0,0,0,0,0,1,0,0,0,1,0,0,1,0,0,1,0,0,0,0,0,0,0,0,0,0,0,0,0,0,0,0,0,1,0,0,0,0,1,0,0,0,0,0,0,1,0,0,0,0,0,0,0,1,0,0,0,0,0,0,0,0,0,0,0,1,0,0,0,0,0,0,0,0,0,0,0,0,0,0,0,0,0,0,0,0,0,0,0,0,0,0,0,0,0,1,0,0,0,0,0,0,0,0,0,0,0,0,0,0,0,0,0,0,0,0,0,0,0,0,0,0,0,0,0,0,0,0,0,0,0,0,0,0,1,0,0,0,1,0,0,0,0,1.0,-0.3759999999999988,0.141375999999999,39.33090000000001,61.08903199999996,17.0,19.0,52.0,28.0,24.0,0.0,23.0,2.0,3.0,0.0,0.0,0.0,0.0,0.0,0.0,0.0,4502.756420000011,5062.233111,7288.285714999998,7308.946914,7243.205008000006,6279.766230000002,5075.534724000008,4802.298995000007,5017.990807000004,11622.699283913364,14986.039031696657,22179.56470848952,24590.15510442374,23402.24792014853,20631.120686358627,16900.476287106467,15058.86358700653,14764.570272502697,395.1334239999996,422.2337880000004,732.4987880000002,973.836032,1041.4130879999998,965.9703759999998,779.9751680000011,623.6555880000008,618.9679560000003,79.16502171637586,103.4911071159999,158.79657409364117,184.04883965152743,176.3734425368665,153.92371907777232,127.34088133292272,108.77649015503684,106.02812347964088,8333.127821679474,7898.998484692854,14474.816977876226,20235.65839891031,22288.291830215883,20686.07185496776,16666.24239588636,12869.49127564888,12598.569096864436,208.75,168.88888888888889,290.7777777777778,329.44444444444434,360.9444444444444,350.7777777777778,265.33333333333326,238.361111111111,269.11111111111103,86.59146961538482,92.0406020181818,75.1369661340206,55.79348789312977,51.73717862857147,49.4469781889764,48.80321850000008,59.28764191358034,63.5188709746836,223.5134477675647,272.4734369399392,228.65530627308777,187.7111076673568,167.1589137153466,162.4497691839262,162.50457968371603,185.9118961358831,186.8932945886417,7.598719692307684,7.67697796363637,7.551533896907219,7.433862839694655,7.438664914285713,7.606065952755904,7.499761230769241,7.699451703703713,7.835037417721523,1.5224042637764588,1.88165649301818,1.6370780834395997,1.404952974439141,1.2598103038347606,1.2119977880139552,1.2244315512781032,1.342919631543665,1.3421281453119098,160.25245810922067,143.61815426714278,149.22491729769305,154.47067480084206,159.20208450154203,162.88245555092726,160.25233072967652,158.88260834134422,159.4755581881574,4.014423076923076,3.0707070707070705,2.997709049255441,2.5148430873621708,2.578174603174603,2.762029746281715,2.5512820512820507,2.9427297668038395,3.40646976090014,0.5157441423841357,-0.3254048909875262,0.1208624459545594,-0.0885919018102919,0.0919595745217743,-0.0751764441117387,0.0772662394091863,-0.1868183521646228,0.1848148981737614,1777.3887289230786,89.48547133136245,218.16860320118528,-75.51596978698183,416.5619279763309,-219.55559756212847,182.42479184615323,-192.94189066863856,-284.4170129408277,2665.8432623235453,122.25777785932908,-107.4834749811084,-326.55163045056634,-36.03787261526088,128.05896885143991,311.49209308509165,27.748577828088145,-439.046427810071,3.4438729230769214,0.2709221005917141,1.64529627810651,-0.1607666331360879,0.2432882840236729,-1.275280254437868,-0.4782561538461514,-1.0079105147929,0.6688310591715937,12.179519058356314,0.6855648945780648,-0.8031061597393374,-1.893179610964,-2.514228793588352,0.9290034492913254,1.0315099696791552,0.6404136573139819,-1.008388465654775,75.79629591366961,3.522319612780514,-2.759622923025699,-24.63783564337134,-33.95227739479177,16.97711959928091,-1.869591283089008,1.6752441433035887,4.053651557266156,65.96741452991449,-0.4543166502301081,31.56078443458252,-3.2245336127547537,18.74211045364892,-14.968493178829693,-2.83279914529914,-21.705652120315595,12.942667241946069,0.0099181565843103,-0.0059164525634095,0.0012460045974696,-0.0006762740596205,0.0006568541037269,-0.0005919405048168,0.0007429446097037,-0.0023063994094397,0.0023394290908071,34.18055247928997,1.6270085696611354,2.249160857744178,-0.5764577846334491,2.9754423426880776,-1.728784232772665,1.7540845369822426,-2.3819986502301056,-3.600215353681364,51.2662165831451,2.2228686883514377,-1.1080770616609112,-2.492760537790583,-0.257413375823292,1.008338337412913,2.9951162796643427,0.3425750349146684,-5.557549719114823,0.0662283254437869,0.0049258563743948,0.0169618173000671,-0.0012272262071457,0.0017377734573119,-0.0100415768065973,-0.0045986168639053,-0.0124433396888012,0.0084662159388809,0.234221520353006,0.0124648162650557,-0.0082794449457663,-0.0144517527554503,-0.0179587770970596,0.0073149877896954,0.0099183650930688,0.0079063414483207,-0.0127644109576553,1.457621075262877,0.0640421747778275,-0.028449720855935,-0.1880750812471094,-0.2425162671056555,0.133678107080952,-0.0179768392604712,0.0206820264605381,0.0513120450286855,1.268604125575279,-0.0082603027314565,0.325368911696727,-0.024614760402708,0.1338722175260637,-0.117862151014407,-0.027238453320184,-0.2679710138310567,0.1638312309107097,-0.5965274406706689,0.1256286475090301,-0.0681854590489485,0.0662274383493852,-0.0596825125500882,0.0749075297801802,-0.2325431535420926,0.2358733773681178,0.0476004175370465,0.0658023552751801,-0.0168650809545201,0.0870507387056104,-0.050578007298745,0.0513182031813278,-0.0696887111954483,-0.1053293493679699,0.0433593277699032,-0.0216141766549867,-0.0486238443936612,-0.005021111230352,0.0196686708054135,0.0584228070508533,0.0066822765116491,-0.1084056926670494,0.0743768824198303,0.2561112210886851,-0.0185302315727029,0.026239127226415,-0.1516205753249859,-0.0694358015711646,-0.1878854644960463,0.1278337611913026,0.0532180657279887,-0.0353487797931122,-0.0617012165819326,-0.0766743255273603,0.0312310661235172,0.0423460879176276,0.0337558283987088,-0.0544971740360046,0.043936092764217,-0.01951791267206,-0.1290287883723077,-0.1663781288713313,0.0917097792763758,-0.0123329989978562,0.0141888909343659,0.0352025954478131,-0.0065113320735187,0.2564778918318437,-0.0194030272379461,0.1055271812752115,-0.0929069586313694,-0.0214712003303884,-0.211232967344749,0.1291429119674481,1.55817630420618,0.6376208028473818,0.7428644249820522,0.6857920195594414,0.9779923276068304,1.0126585064212632,1.4409881426936055,1.0910885026735395,0.8015687686393687,0.8181411615292384,0.9436185663004868,0.8768398827708509,1.0633422322884971,0.947040926608972,1.0677514350472617,1.1163121500304731,0.9461005470889716,1.0224738807516842,1.0584739620729522,0.9975465907726938,0.9261088328644724,0.928593244868566,0.9342789416125332,1.0186399538967563,0.6678031645572046,0.4106412699025943,0.7129270955843137,0.7262191554616856,1.2599990965336283,1.0905875636704911,1.418778658952938,1.2616256764919167,1.0083847864376836,1.0725504484106605,1.0791987848715652,1.0535553508672106,0.9015987834892152,0.9377349186617636,0.921328037801618,0.9850544351324662,1.0729533307282046,1.0819707280789637,1.120492588959631,1.1610778201271703,0.9294524702008692,0.9596451047263062,1.0147010001522203,1.0315369227589168,0.6711991525330153,0.3463714163568163,0.7541746868965523,0.4647090534070157,1.0222725912570891,0.8578742580430976,1.4185595171577972,0.7523133187894907,258.1067845156871,129.5712494007006,195.9243520461248,259.06851920956444,9.252447114627303,129.5712494007006,1.0357142857140786,0.1297001731550816,0.0046321490412529,-5.719083587329266,550.5105790342727,19.661092108366883,17.67036928472405,258.1302132161211,129.58150515519063,195.93990705868816,259.0892390893628,9.253187110334382,129.58150515519063,1.0327970942602178,0.1296269045212737,0.0046295323043312,-5.720665775984298,549.2244685143307,19.615159589797525,17.663820232558123,285.05334723181136,141.60885727057513,214.9343580451013,284.13553088648086,10.14769753166003,141.60885727057513,-1.8356326906611289,0.0578356661860268,0.0020655595066438,-7.980418968385688,341.8850449855254,12.210180178054475,16.336528753401804,258.2235990192611,129.62480470307088,196.0143402852785,259.17632294993604,9.256297248211997,129.62480470307088,1.026010386880671,0.1293486829422518,0.0046195958193661,-5.726681947072813,542.6169353945996,19.379176264092845,17.629930111644793,303.83063285791013,149.77369321426426,226.7558396237401,301.6890096432193,10.774607487257828,149.77369321426426,-4.283246429381592,0.0126522126170647,0.0004518647363237,-12.235784872258504,274.85428077358563,9.816224313342344,15.725474993564584,256.12829349058217,128.5490976095661,193.8193211170024,257.02891652423574,9.17960416157985,128.5490976095661,0.9699017285500418,0.1350747360507148,0.0048240977160969,-5.605395749374956,670.962032006477,23.962929714517035,18.224395143297578,263.09000364846816,131.7207410617629,196.6122796252749,264.4252259547543,9.443758069812656,131.7207410617629,2.4548309178744603,0.4018272510441792,0.0143509732515778,-2.5528524181762946,345.07864814321783,12.324237433686353,16.36256259871425,0.0,11.89,15.996935067120086,-0.3316027059720308,0.2595754405213071,3.966250847582113,10.007322774852598,31.0,55.0,54.0,35.0,11.0,1.0,1.0,0.0,0.0,20.0,30.430968,4.054072101326972,3.8638380266907424,3.6626006714089794,3.481546250267435,3.331821790202959,2.926563928979265,2.863221189010152,2.750129471945504,2.061323003123163,2.025638932340812,1.884466146494892,1.553340910766876,1.4019529292858062,1.3728744165178637,1.364835064806564,1.152999116448522,3.98094515979926,3.869016297824337,3.620783046598628,3.423088913624227,3.2000561950110256,2.902866874333199,2.8716019634874965,2.7929956936812426,2.044366200307256,2.014025917434754,1.854159663217332,1.5923458044306855,1.408213399627816,1.3384184865440425,1.2852290050479265,1.238111245104473,4.073247781050853,3.9151177385136258,3.74103186967473,3.565705421156543,3.391154772896446,3.0352084406181588,3.0294747387130143,2.98153765532202,1.9684680287222447,1.9354606235177167,1.7070984368191078,1.415810091318613,1.2291361590633152,1.0894693976377003,1.0189282736728724,0.9969782874030716,3.971479689460219,3.8750212671459456,3.62473093990748,3.406299481791815,3.1755233848511435,2.9142018732511707,2.874634891918974,2.824624263979156,2.035889672031562,2.005993466792309,1.833751104333652,1.621608827404066,1.4362871829200248,1.3454682794535804,1.2412758685823757,1.228596504840164,4.092572537662434,3.937693833237451,3.778374579109765,3.5985657996093656,3.3977867742033725,3.1063630617564426,3.081822576500723,3.07248053427365,1.9491291775231467,1.916600608241096,1.664681807225103,1.394583757993045,1.2021155199995746,1.034552249334218,0.963874053155208,0.93390367095587,4.88894307614788,4.272000598453848,3.929921231589809,3.856922025612481,3.771231280264453,3.497673346439216,3.0877910554870174,2.984525569925777,2.0102817726174003,1.9270694097986327,1.782668907880785,1.3938182451698569,1.2923022724269932,1.2333098178303734,1.1031741837676357,0.93365811689226,0.0,0.0,3.0,7.0,5.0,1.0,6.0,1.0,0.0,0.0,0.0,0.1178511301977579,0.3895195511812306,0.533493211635427,0.0,0.0,0.0204124145231931,0.1743085261331711,0.1619360467259676,1.8174907929125983,0.0,0.3309330932755814,0.0,0.8184466955350992,0.0,0.1194274613151307,0.0,3.867701572635414,6.298990506562756,7.872964175059967,1.646607078474006,2.218493974737947,2.413669753766167,19.509860921691395,13.59735678832402,12.355927324459136,10.067912121689508,8.675262314241346,6.5857043910344615,4.658471644729982,3.447850280421503,0.6967807472032641,0.4386244125265813,0.287347147080445,0.1797841450301698,0.118839209784128,0.0748375498981188,0.0475354249462243,0.030511949384261,16.019580208063896,9.856929240766426,7.59986821359307,5.547307987081647,4.045156202185867,2.773855573484937,1.4667512887703429,0.9069096090949812,0.5721278645737106,0.3179654593795621,0.1767411212463504,0.0990590711978865,0.0554130986600803,0.0315210860623288,0.0149668498854116,0.0080257487530529,33.162258090779545,51.9723233794611,50.13725490196072,50.77600000000005,35.340737724550934,392.37837245508985,0.6377357325149913,0.9994677572973288,0.96417797888386,0.9764615384615396,0.6796295716259795,7.545737931828651,5.363200000000005,113.14980000000008,269.9188559113878,389.4510724641629,539.8377118227759,19.279918279384848,269.9188559113878,0.1454825765071445,0.0051958063038265,-5.397557056172051,319.2328359511988,11.401172712542817,16.144578043457493,786.0,1.0,0.0,3.0,15.0,1.0,0.0,0.0,0.0,0.0,0.0,0.0,1.0,0.0,1.0,0.0,0.0,0.0,0.0,0.0,0.0,0.0,0.0,0.0,0.0,0.0,7.0,0.0,6.0,1.0,0.0,7.0,0.0,0.0,0.0,0.0,0.0,0.0,0.0,0.0,1.0,0.0,6.0,0.0,0.0,7.0,1.0,0.0,0.0,1.0,7.0,0.0,0.0,0.0,0.0,0.0,0.0,0.0,0.0,0.0,0.0,0.0,2.0,0.0,0.0,0.0,0.0,1.0,1.0,0.0,1.0,0.0,0.0,0.0,0.0,0.0,0.0,0.0,0.0,0.0,0.0,0.0,0.0,0.0,0.0,0.0,0.0,0.0,0.0,0.0,0.0,0.0,0.0,0.0,0.0,0.0,0.0,0.0,0.0,0.0,0.0,0.0,0.0,0.0,0.0,0.0,0.0,0.0,0.0,0.0,0.0,0.0,0.0,0.0,0.0,0.0,0.0,0.0,0.0,0.0,0.667938061325777,0.0,25.30183887277624,19.02214635055035,7.267391848524144,0.0,0.0,0.0,0.0,0.0,0.0,3.66366564992549,0.0,0.667938061325777,0.0,0.0,0.0,0.0,0.0,0.0,0.0,0.0,0.0,0.0,0.0,3.4618153625944794,0.0,2.047654349822276,0.7428482571671156,0.0,3.4618153625944794,0.0,0.0,0.0,0.0,0.0,0.0,0.0,0.0,1.926273740412102,0.0,6.567954594075125,0.0,0.0,13.994736306755122,0.6740858301078635,0.0,0.0,-0.8419713292624682,5.869381373057697,0.0,0.0,0.0,0.0,0.0,0.0,0.0,0.0,0.0,0.0,0.0,8.674367278744985,0.0,0.0,0.0,0.0,8.93646290250619,10.880337967414588,0.0,5.485038002855463,0.0,0.0,0.0,0.0,0.0,0.0,0.0,0.0,0.0,0.0,0.0,0.0,0.0,0.0,0.0,0.0,0.0,0.0,0.0,0.0,0.0,0.0,0.0,0.0,0.0,0.0,0.0,0.0,0.0,0.0,0.0,0.0,0.0,0.0,0.0,0.0,0.0,0.0,0.0,0.0,0.0,0.0,0.0,0.0,0.0,0.0,0.0,0.0,0.0,0.667938061325777,0.0,5.485038002855463,-0.8419713292624682,7.267391848524144,0.0,0.0,0.0,0.0,0.0,0.0,3.66366564992549,0.0,0.667938061325777,0.0,0.0,0.0,0.0,0.0,0.0,0.0,0.0,0.0,0.0,0.0,0.4331191607968997,0.0,0.2830164219441466,0.7428482571671156,0.0,0.4331191607968997,0.0,0.0,0.0,0.0,0.0,0.0,0.0,0.0,1.926273740412102,0.0,0.0059095349267328,0.0,0.0,1.7970768394294867,0.6740858301078635,0.0,0.0,-0.8419713292624682,0.4992654268497525,0.0,0.0,0.0,0.0,0.0,0.0,0.0,0.0,0.0,0.0,0.0,4.124100996306083,0.0,0.0,0.0,0.0,8.93646290250619,10.880337967414588,0.0,5.485038002855463,0.0,0.0,0.0,0.0,0.0,0.0,0.0,0.0,0.0,0.0,0.0,0.0,0.0,0.0,0.0,0.0,0.0,0.0,0.0,0.0,0.0,0.0,0.0,0.0,0.0,0.0,0.0,0.0,0.0,0.0,0.0,0.0,0.0,0.0,0.0,0.0,0.0,0.0,0.0,0.0,0.0,0.0,0.0,0.0,0.0,0.0,0.0,0.0,0.0,0.667938061325777,0.0,10.880337967414588,2.1816851442532013,7.267391848524144,0.0,0.0,0.0,0.0,0.0,0.0,3.66366564992549,0.0,0.667938061325777,0.0,0.0,0.0,0.0,0.0,0.0,0.0,0.0,0.0,0.0,0.0,0.5482773675431019,0.0,0.4428195581875235,0.7428482571671156,0.0,0.5482773675431019,0.0,0.0,0.0,0.0,0.0,0.0,0.0,0.0,1.926273740412102,0.0,1.3571912930905423,0.0,0.0,2.1816851442532013,0.6740858301078635,0.0,0.0,0.0,1.3963449021583945,0.0,0.0,0.0,0.0,0.0,0.0,0.0,0.0,0.0,0.0,0.0,4.550266282438901,0.0,0.0,0.0,0.0,8.93646290250619,10.880337967414588,0.0,5.485038002855463,0.0,0.0,0.0,0.0,0.0,0.0,0.0,0.0,0.0,0.0,0.0,0.0,0.0,0.0,0.0,0.0,0.0,0.0,0.0,0.0,0.0,0.0,0.0,0.0,0.0,0.0,0.0,0.0,0.0,0.0,0.0,0.0,0.0,0.0,0.0,0.0,0.0,0.0,0.0,0.0,0.0,0.0,0.0,0.0,0.0,0.0,0.0,0.0,0.0,62.16666666666666,2.220238095238096,0.7428482571671156,10.880337967414588,0.0752673847316702,-0.8419713292624682,9.761411235755409,2.508637995929135,3.880337967414588,23.917438057813737,2.508637995929135,3.880337967414588,23.917438057813737,13.29999,0.475,0.0,0.025,0.575,0.81071,0.44359,0.51029,0.7931,0.13141,0.06471,-0.0667,0.01761,0.5859,0.12839,0.0,0.08772,0.33835,0.0,35.75,1.27679,17.25,0.61607,18.5,0.66071,1.25,0.04464,0.0,0.0,23.76642,0.8488,48.78632,25.0199,0.89357,7.06127,0.25219,13.5973,6.53603,0.23343,0.3167,0.01131,0.6607,0.0236,0.4423076923076923,205.05,3.0,5.0,5.0,5.0,1.0,1.0,0.3478260869565217,1.4535952468183515,3.3606801626525016,4.164087498680885,4.743238996779221,4.993614958484102,4.993614958484104,75.58695283455428,174.75536845793008,216.53254993140604,246.64842783251947,259.6679778411733,259.6679778411734,0.2549970385955362,0.5895475312119283,0.7304853142169162,0.8320830025944009,0.8760052215958727,0.876005221595873,4.246844471322741,2.339759555488591,1.5363522194602073,0.9572007213618718,0.7068247596569908,0.706824759656989,0.2409238083336678,0.5570105331245837,0.6901699910017551,0.7861605253884134,0.8276586868203368,0.8276586868203372,13.094625645813483,30.843956757805625,35.40607278749441,38.15958243880616,38.834693560731104,38.8346935607311,92.42022242021032,51.86532111972039,37.35059683245024,29.68632599415383,27.693482632343507,27.693482632343507,21.24037460978148,9.871281773931855,5.389030612244898,4.0,17.0,2.0,3.4399999999999995,2.903599999999999,0.0,1.9080021167199848,2.2690382257928614,0.0,15.95227984447686,24.97396234489249,0.0,8.513010959882797,0.0,0.0,0.4999999999999999,0.2222222222222222,0.0,0.0,0.0,0.0,0.4999999999999999,0.0,0.0,0.591,0.8389999999999997,0.8,2.221,2.3630000000000004,14.903,43.0,56.0,73.0,88.0,98.0,113.0,124.0,136.0,155.0,945.0,3.7495040759303713,4.385146762010125,4.998056511889396,5.6325549653678335,6.200192186687831,6.684807021096924,7.185718400060454,7.642014412020465,8.115787022159296,8.558061059884267,9.534023163379857,14.625489831349206,0.4705882352941176,4.0,0.0,0.0,1.0,3.0,0.0,0.0,0.0,0.0,0.0,0.0,0.0,0.0,0.0,0.0,0.0,0.0,0.0,0.0,0.0,0.0,0.0,0.0,4.0,0.0,1.0,3.0,0.0,0.0,0.0,0.0,0.0,0.0,0.0,1.0,0.0,0.0,1.0,0.0,0.0,0.0,0.0,0.0,0.0,0.0,0.0,0.0,0.0,0.0,0.0,0.0,0.0,0.0,0.0,0.0,0.0,0.0,0.0,0.0,1.0,0.0,0.0,0.0,0.0,0.0,0.0,0.0,0.0,5.0,0.1612903225806451,7.0,0.2258064516129032,1.0,9.0,17.0,0.8888888888888888,5.5,3.111111111111109,1.625,1.0816666666666668,1.1291666666666669,0.574603174603175,0.2682468820861678,0.2101442428823381,0.2281404320987654,0.1239669421487603,0.1774193548387097,0.0723514211886304,0.0386904761904761,0.0270416666666666,0.0332107843137254,0.0205215419501133,0.0099350697068951,0.0077831201067532,0.0103700196408529,0.0068870523415977,0.4328898420902655,176.48153999608536,272.85011177410274,352.96307999217106,12.605824285434675,176.48153999608536,0.0223805825728537,0.000799306520459,-10.638772327339924,522.127363856336,18.647405852012003,17.52215234051342,76.22,348.874342503352,5.807354922057604,5.003946305945459,5.849324779946859,6.7226297948554485,7.583247524303362,8.461469042643875,9.32892308780313,10.2098318964431,11.081357625521404,11.96404566932378,135.2047757267864,4.143134726391533,0.0,5.459585514144159,2.3978952727983707,6.965080345601407,4.59511985013459,8.553910774351401,6.6052979209482015,10.185767560073916,10.432261143602751,376.1786926280007,7.234205627461552,57.65701389193013,2.059179067568933,14.191397483190132,7.917233007605646,6.274164475584478,2372.0,42.0,8.249,148.0,1.0,3.602059991327962
0,0,0,0,0,0,0,0,0,0,0,0,0,0,0,0,0,0,0,0,0,0,0,0,0,0,0,0,0,0,0,0,0,0,0,0,0,0,0,0,0,0,0,0,0,0,0,0,0,0,0,0,0,0,0,0,0,0,0,0,0,0,0,0,0,0,0,0,0,0,0,0,0,0,0,0,0,0,0,0,0,0,0,0,0,0,0,0,0,0,0,0,0,0,0,0,0,0,0,0,0,0,0,0,0,0,0,0,0,0,0,0,0,0,0,0,0,0,0,0,0,0,0,0,0,0,0,0,0,0,0,0,0,0,0,0,0,0,0,0,0,0,0,0,0,0,0,0,0,0,0,0,0,0,0,0,0,0,0,0,0,0,0,0,0,0,0,0,0,0,0,0,0,0,0,0,0,0,0,0,0,0,0,2,4,3,1,2,2,5,1,2,1,2,3,4,2,2,2,2,5,0,0,0,0,0,0,0,0,0,0,0,0,0,0,0,0,2,3,2,3,0,0,0,0,0,0,0,0,0,0,0,0,0,0,0,0,0,1,5,2,5,1,2,0,0,0,0,0,0,0,0,0,0,0,0,0,0,0,0,0,0,0,0,0,0,0,0,0,0,0,0,0,0,0,0,0,0,0,0,0,0,0,0,0,0,0,0,0,0,0,0,0,0,0,0,0,0,0,0,0,0,0,0,0,0,0,0,0,0,0,0,0,0,0,0,0,0,0,0,0,0,0,0,0,0,0,0,0,0,0,0,0,0,0,0,0,0,0,0,0,0,0,0,0,0,0,0,0,0,0,0,0,0,0,0,0,0,0,0,0,0,0,0,0,0,0,0,0,0,0,0,0,0,0,0,0,0,0,0,0,0,0,0,0,0,0,0,0,0,0,0,0,0,0,0,0,0,0,0,0,0,0,0,0,0,0,0,0,0,0,0,0,0,0,0,0,0,0,0,0,0,0,0,0,0,0,0,0,0,0,0,0,5,2,3,1,1,2,1,0,0,0,0,0,0,0,0,0,0,0,0,0,0,0,0,0,0,0,0,0,0,0,0,0,0,0,0,0,0,0,0,0,0,0,0,0,0,0,0,0,0,0,0,0,0,0,0,0,0,0,0,0,0,0,0,0,0,0,0,0,0,0,0,0,0,0,0,0,0,0,0,0,0,0,0,0,0,0,0,0,0,0,0,0,0,0,0,0,0,0,0,0,0,0,0,0,0,0,0,0,0,0,0,0,0,0,0,0,0,0,0,0,0,0,0,0,0,0,0,0,0,0,0,0,0,0,0,0,0,0,0,0,0,0,0,0,0,0,0,0,0,0,0,0,0,0,0,0,2,5,2,4,0,0,0,0,0,0,0,0,0,0,0,0,0,0,0,0,0,0,0,0,0,2,2,2,1,2,2,2,1,0,0,0,0,0,0,0,0,0,0,0,2,2,2,2,2,4,3,2,2,0,0,0,0,0,0,2,2,2,2,2,0,0,1,0,0,0,0,5,5,0,0,0,0,0,0,0,0,0,0,0,1,5,2,5,0,0,0,0,0,2,0,0,0,0,0,0,0,1,2,2,2,2,2,1,0,0,0,0,0,0,0,0,0,0,0,0,0,0,0,3,2,3,0,2,3,4,0,0,0,0,0,0,0,0,0,0,0,0,0,0,0,0,0,0,0,0,0,0,0,0,0,0,0,0,0,0,0,0,2,2,2,1,2,2,2,2,2,0,0,0,0,0,0,0,0,0,0,0,0,0,0,0,0,0,0,0,0,0,0,0,0,3,2,2,2,3,1,1,2,3,2,0,0,0,5,2,3,0,0,0,0,0,0,0,1,2,0,0,0,0,0,0,0,2,2,2,0,0,0,0,0,0,0,0,0,0,0,0,0,0,0,0,0,0,0,0,0,0,0,0,0,0,0,0,0,0,0,0,0,0,0,0,0,0,0,0,0,0,0,0,0,0,0,0,0,0,0,0,0,0,0,0,0,0,0,0,0,0,0,0,0,0,0,2,5,4,0,1,1,2,2,2,2,2,3,2,0,0,0,3,2,2,3,0,0,0,0,0,0,0,0,0,0,0,0,2,2,0,0,0,0,0,0,0,0,0,0,0,0,0,0,0,0,0,0,0,0,0,0,0,0,0,0,0,0,0,0,0,2,2,2,2,4,5,0,0,0,0,0,0,0,0,0,0,0,0,0,0,0,0,0,0,0,0,0,0,0,0,0,0,0,0,0,0,0,0,0,0,3,0,0,0,0,0,0,0,0,0,0,0,0,0,0,0,0,0,0,0,0,0,0,0,0,0,0,2,3,0,0,0,0,0,0,2,2,5,5,1,1,0,0,0,0,0,0,0,0,0,0,0,0,0,0,0,0,0,0,0,0,0,0,2,1,2,0,0,0,0,0,0,0,0,0,3,3,5,0,0,1,5,0,0,0,0,0,0,0,0,0,0,0,0,0,0,0,3,2,0,0,0,0,2,2,2,0,0,0,0,2,2,2,2,1,0,0,0,2,3,2,2,2,1,0,0,2,2,1,2,2,0,0,0,0,0,0,0,0,0,0,0,0,1,2,3,0,0,0,0,0,0,0,0,0,0,0,0,0,0,0,0,0,0,0,0,0,0,0,0,0,0,0,0,0,0,0,0,0,0,0,0,0,0,0,1,2,0,0,0,0,1,0,0,0,0,0,0,0,0,0,0,0,0,0,0,0,0,0,0,0,0,0,0,0,0,0,0,0,0,0,0,0,0,0,0,0,0,0,0,0,0,0,0,0,0,0,0,0,0,0,0,0,0,0,0,0,0,0,0,0,0,0,0,0,0,0,0,0,0,0,0,0,0,0,0,0,0,0,0,0,0,0,0,0,0,0,5,2,0,0,0,0,0,0,4,2,0,0,0,0,0,0,0,0,0,0,0,0,1,3,3,2,0,0,0,0,0,0,0,0,0,0,0,0,0,0,0,0,0,0,0,0,0,0,0,0,0,0,0,0,0,0,0,0,0,0,0,0,0,0,0,0,0,0,0,2,1,0,0,0,0,0,0,0,0,0,0,0,0,0,0,0,0,0,0,0,0,0,0,2,2,2,5,0,0,0,0,0,0,0,2,2,0,0,0,0,0,0,0,0,2,2,2,1,0,0,0,0,2,2,2,2,0,2,1,2,2,2,0,2,2,0,0,0,0,0,0,0,0,0,0,0,0,0,0,0,0,0,0,1,2,2,0,0,0,0,0,0,0,0,0,0,0,0,0,0,0,0,2,2,5,2,2,1,0,0,0,0,0,0,0,3,2,0,3,4,2,4,1,1,2,0,1,1,4,3,3,3,1,3,4,1,1,0,4,0,0,1,3,2,2,2,4,0,3,1,2,2,3,4,0,2,1,3,1,0,1,2,4,0,0,1,4,2,1,1,2,0,2,3,4,1,2,4,0,3,4,4,2,0,3,1,3,3,1,4,4,1,3,4,2,2,0,2,3,3,3,2,4,0,4,3,3,1,3,2,3,0,4,3,0,2,4,0,4,4,2,0,2,4,2,3,2,3,1,0,2,2,1,0,3,2,2,2,4,4,0,3,3,0,3,2,4,2,0,1,1,0,0,3,0,1,3,1,1,3,2,4,0,0,0,1,0,4,0,3,4,2,3,3,4,2,0,2,2,0,0,1,4,3,1,2,0,4,0,4,4,2,4,3,2,0,3,0,1,2,3,3,3,4,1,3,1,2,0,1,0,3,0,1,2,0,3,2,2,2,4,0,0,2,1,4,3,3,2,0,3,2,3,3,2,4,2,3,4,0,0,1,2,4,4,0,0,2,2,3,4,1,2,4,1,0,0,1,1,1,4,3,2,4,3,4,1,1,1,1,3,0,0,0,1,1,4,4,3,4,0,2,3,4,0,0,3,3,0,2,1,1,4,4,1,4,0,4,0,1,4,1,4,2,3,4,2,2,0,1,3,4,4,2,4,2,4,4,4,2,4,1,2,1,4,3,0,0,4,4,3,4,0,3,3,0,0,3,3,4,4,1,3,1,4,1,2,3,4,2,1,1,2,0,0,0,3,4,3,4,2,2,3,4,2,2,4,0,3,2,1,1,4,1,2,1,4,4,3,0,0,3,0,0,0,0,0,0,0,0,0,0,0,0,0,0,0,0,0,0,0,0,0,0,0,0,0,0,0,0,0,0,0,0,0,0,0,0,0,0,0,0,0,0,0,0,0,0,0,0,0,0,0,0,0,0,0,0,0,0,0,0,0,0,0,0,0,0,0,0,0,0,0,0,0,0,0,0,0,0,0,0,0,2,1,2,0,2,2,2,3,3,2,2,3,1,2,2,0,0,0,0,0,0,0,2,3,2,3,3,5,4,0,2,5,0,5,2,0,0,0,0,2,2,5,2,0,0,0,0,0,0,0,0,0,0,0,0,0,0,0,0,0,0,0,0,0,0,0,0,0,0,0,0,0,0,0,0,0,0,0,0,0,0,0,0,0,0,0,0,0,0,0,0,0,0,0,0,0,0,0,0,0,0,0,0,0,0,0,0,0,0,0,0,0,0,0,0,0,0,0,0,0,0,0,0,0,0,0,0,0,0,0,0,0,0,0,0,0,0,0,0,2,1,1,1,5,5,3,1,1,5,4,1,3,1,3,3,0,0,0,0,0,0,0,0,0,0,0,0,0,0,0,0,0,0,0,0,0,0,0,0,0,0,0,0,0,0,0,0,0,0,0,0,0,0,0,0,0,0,0,0,0,0,0,0,0,0,0,0,0,0,0,0,0,0,0,0,0,0,0,0,0,0,0,0,0,0,0,0,0,0,0,0,0,0,0,0,0,0,0,0,0,0,0,0,0,0,0,0,0,0,0,0,0,0,0,0,0,0,0,0,0,0,0,0,0,0,0,0,0,0,0,0,0,0,0,0,0,0,0,0,0,0,0,0,0,0,0,0,0,0,0,0,0,0,0,0,0,0,0,0,0,0,0,0,0,0,0,0,0,0,0,0,0,0,0,0,0,0,0,0,0,0,0,0,0,0,0,0,0,0,0,0,0,0,0,0,0,0,0,0,0,0,0,0,0,0,0,0,0,0,0,0,0,0,0,0,0,0,0,0,0,0,0,0,0,0,0,0,0,0,0,0,0,0,0,0,0,0,0,0,0,0,0,0,0,0,0,0,0,0,0,0,0,0,0,0,0,0,0,0,0,0,0,0,0,0,0,0,0,0,0,0,0,0,0,0,0,0,0,0,0,0,0,0,0,0,0,0,0,0,0,0,0,0,0,0,0,0,0,0,3,3,2,3,2,2,4,2,3,1,1,2,5,5,1,2,1,0,0,0,0,0,0,0,0,0,0,0,0,0,0,0,0,0,0,0,0,0,0,0,0,0,0,0,0,0,0,0,0,0,0,0,0,0,0,0,0,0,0,0,0,0,0,0,0,0,0,0,0,0,0,0,0,0,0,0,0,0,0,0,0,0,0,0,0,0,0,0,0,0,0,0,0,0,0,0,0,0,0,0,0,0,0,0,0,0,0,0,0,0,0,0,0,0,0,0,0,0,0,0,0,0,0,0,0,0,0,0,0,0,0,0,0,0,0,0,0,0,0,0,0,0,0,0,0,0,1,1,2,4,1,3,2,3,1,3,4,5,3,3,1,3,5,4,1,2,4,3,3,1,3,3,1,3,1,1,2,1,3,2,2,5,3,2,2,3,4,1,2,2,4,0,0,0,0,0,0,0,0,0,0,0,0,0,0,0,0,0,0,0,0,0,0,0,0,0,1,0,1,0,0,0,0,0,0,0,0,0,0,0,0,0,0,0,0,0,0,0,0,0,0,0,0,1,0,0,0,1,0,0,0,0,0,1,0,0,0,0,0,0,0,0,0,1,0,0,0,0,0,0,0,0,0,0,0,0,0,0,0,0,0,0,0,0,0,0,0,0,0,0,0,0,0,0,1,0,0,0,0,0,0,0,0,0,0,0,0,0,0,0,0,0,0,0,0,0,0,0,0,0,0,0,0,0,0,0,0,0,0,0,0,0,0,0,1,0,0,0,0,0,0,0,1,0,0,0,0,0,0,0,0,0,0,0,0,0,0,0,0,0,0,1,0,0,0,0,0,0,0,0,0,0,0,0,0,0,0,0,0,0,0,0,0,0,0,1,0,1,0,0,0,0,0,0,0,0,0,0,0,0,0,0,0,0,0,0,0,0,0,0,0,0,0,0,1,0,0,0,0,0,0,0,0,0,0,0,0,0,0,0,0,1,0,0,0,1,0,0,0,0,0,0,0,0,0,0,1,0,0,1,0,0,0,0,0,0,0,0,0,0,0,0,0,0,0,0,0,0,0,0,0,0,0,0,0,0,0,0,0,0,0,0,0,0,0,0,1,1,0,0,0,0,0,0,0,0,0,0,0,0,0,0,0,0,0,0,0,0,0,0,0,0,0,1,0,1,0,0,0,0,0,0,0,0,0,0,0,0,0,0,0,0,0,1,0,0,1,0,0,0,0,0,0,0,0,0,0,0,0,0,0,0,0,0,0,0,0,0,0,0,0,0,0,0,1,0,0,0,0,0,1,0,0,0,0,0,0,0,0,0,0,1,0,0,0,0,0,0,0,0,0,0,1,0,0,0,0,0,0,0,0,1,0,0,0,0,0,0,0,0,0,0,0,0,0,1,0,0,0,0,0,0,0,0,0,0,1,0,0,0,0,0,1,0,0,0,0,0,0,0,0,0,1,0,0,0,0,0,0,0,0,1,0,0,0,0,0,0,0,1,0,0,0,0,0,0,1,0,0,0,0,0,1,0,0,0,0,0,0,0,0,0,0,0,0,0,0,0,0,0,0,0,0,0,1,0,0,0,0,0,1,0,0,1,0,0,0,0,0,0,0,0,0,0,0,0,0,0,0,0,0,0,0,0,0,0,0,0,0,0,0,0,0,0,0,0,0,0,1,0,0,0,0,0,0,0,0,0,0,0,0,0,0,0,0,1,0,0,0,0,0,0,1,0,0,0,0,0,0,0,0,0,0,0,0,0,0,0,0,0,0,0,0,0,0,0,0,0,0,0,0,0,0,0,0,0,0,1,0,0,0,0,0,0,0,0,0,0,0,0,0,0,0,0,0,0,0,0,0,0,0,0,0,0,0,0,0,0,0,0,0,0,0,0,0,0,0,0,0,0,0,0,0,0,0,0,0,0,0,0,0,0,0,0,0,1,0,0,0,0,0,1,0,0,1,0,0,0,0,0,1,0,0,1,0,0,0,0,0,0,0,0,0,0,0,0,0,0,0,0,0,0,0,0,0,0,0,0,0,0,0,0,0,1,0,0,0,0,0,0,0,0,1,0,0,0,1,0,0,1,0,0,0,0,0,0,0,0,0,1,0,0,0,0,0,0,0,0,0,0,1,0,0,0,0,0,0,0,0,0,0,0,0,0,0,0,0,0,0,0,0,0,0,0,0,0,0,0,0,0,0,0,0,0,0,0,0,0,0,0,0,0,0,1,1,0,0,0,0,0,0,0,0,0,0,0,0,0,0,0,1,0,0,0,0,0,1,0,1,0,0,0,0,0,0,0,0,0,1,0,0,1,0,1,0,0,0,0,0,0,0,0,0,0,0,0,0,0,0,0,0,0,0,0,0,0,1,1,1,1,0,0,0,0,0,0,0,0,0,0,0,0,0,1,0,0,0,0,0,1,0,0,0,0,0,0,0,0,0,0,0,0,0,0,0,0,0,0,0,1,0,0,0,0,0,1,0,0,0,0,0,0,0,0,1,0,0,1,1,0,0,0,0,0,1,0,0,0,0,0,0,0,0,0,0,0,0,0,0,0,0,0,1,0,0,0,0,0,0,0,1,0,0,0,0,0,0,0,0,0,0,0,0,0,0,0,0,0,0,0,0,1,0,0,0,0,0,0,0,0,0,0,0,0,0,0,0,0,0,0,0,0,0,0,0,0,0,0,0,0,0,0,0,0,0,0,0,0,0,0,0,0,0,0,0,0,0,0,0,0,0,0,0,0,0,0,0,0,0,0,0,0,0,0,0,0,0,0,0,0,0,0,0,1,0,0,0,0,0.0,-2.189799999999999,4.795224039999996,61.3577,68.86299699999995,12.0,12.0,60.0,31.0,29.0,0.0,22.0,5.0,3.0,1.0,0.0,0.0,0.0,0.0,0.0,0.0,5980.004366000014,6808.723517999997,8708.810348000003,9202.984614000005,9071.538628999995,9433.339320999994,8378.786869999982,7616.422755000001,7037.305223000006,12681.320860750386,16508.71915568451,23588.167450036013,26716.906786607786,27228.68410206629,28297.399478584142,27598.305451042823,24090.74169502524,19310.206053435428,460.5339849999995,488.8500320000005,871.5506919999993,1155.710564,1234.1905520000007,1247.5328460000003,1302.014162,1237.4654760000008,1036.412872000001,90.63918624062084,117.48750895999991,172.8746666381883,200.9595557503196,205.17807802971552,213.2408264434137,212.22304118147065,188.52331205335668,147.0688810491113,9871.971721340822,9285.6615283443,17577.219251549017,24417.432829124264,26483.142769365848,26506.83265962753,27804.671179394707,27267.832721726427,22674.558680379585,282.5772462277092,164.679012345679,388.49999999999983,425.2808641975309,445.5123456790124,464.3657407407408,474.0586419753088,400.36419753086415,463.6759259259261,99.66673943333356,108.07497647619044,77.06911812389383,60.54595140789477,55.99715203086416,57.17175346060603,48.998753625730885,46.16013790909092,52.12818683703708,211.3553476791731,262.04316120134143,208.7448446905842,175.76912359610384,168.07829692633513,171.49939077929784,161.3935991289054,146.00449512136504,143.03856335878095,7.675566416666658,7.759524317460325,7.712837982300879,7.603358973684211,7.618460197530869,7.5608051272727295,7.614117906432748,7.499790763636368,7.677132385185192,1.5106531040103472,1.8648810946031733,1.5298643065326398,1.3221023404626286,1.2665313458624414,1.2923686451115983,1.24107041626591,1.142565527596101,1.089399118882306,164.53286202234705,147.39145283086188,155.55061284556652,160.6410054547649,163.47618993435708,160.64747066440927,162.60041625377022,165.25959225288744,167.95969392873766,4.70962077046182,2.61395257691554,3.438053097345131,2.797900422352177,2.750076207895138,2.8143378226711566,2.772272760089525,2.426449682005237,3.4346364883401934,0.7054734752521805,-0.445637122569771,0.2290842582229698,-0.0329661907906758,-0.370056207685047,0.3592407169697403,0.0574298958847434,-0.3346480442673057,0.3055374455565444,2700.8244267333325,549.5437315300022,74.98765925222476,138.13331824222348,12.909578520000196,153.17344965000092,-1031.4872590233335,244.7291697166661,714.1720906499997,3029.683367814723,123.44248459159118,-336.31044411190976,-22.490173672083827,297.6429212122803,46.076290473827214,-978.1798737117988,-89.9417655021878,310.967268868466,4.200818983333322,0.2213160174999912,2.262839698055548,-0.0624551244444447,-1.1863855716666656,0.9218043458333396,-1.0524204191666613,-0.6570059541666455,1.2863803374999938,16.0835981122542,-0.6789736660816521,-2.213503723438808,-1.198905644348982,1.7747804482195682,-2.45716688695145,-2.191309481119876,-0.8248538319154552,1.0375823644436477,93.57043679523018,-12.79710836839299,-8.466837809607531,-25.710857568769697,12.847220667761732,-9.105413413430592,-1.568426351731196,-16.840936435403293,-15.898402583022166,110.90440529263832,-19.522766560928225,69.95089718126047,16.183382677945428,-7.159851251714683,16.345985868198436,-32.94320866197986,-25.133383701988976,51.5773151720394,0.011757891254203,-0.007073605120155,0.0020272943205572,-0.0002168828341491,-0.0022842975783027,0.0021772164664832,0.0003358473443552,-0.0020281699652563,0.0022632403374558,45.01374044555554,8.7229163734921,0.663607604001989,0.908771830540944,0.0796887562962975,0.9283239372727328,-6.032089234054582,1.483207089191916,5.2901636344444425,50.49472279691205,1.959404517326844,-2.976198620459378,-0.1479616688952883,1.837301982791854,0.2792502452959225,-5.72035013866549,-0.5451016091041685,2.303461250877526,0.070013649722222,0.00351295265873,0.020025130071288,-0.0004108889766081,-0.0073233677263374,0.0055866930050505,-0.0061545053752436,-0.0039818542676766,0.0095287432407406,0.26805996853757,-0.0107773597790738,-0.0195885285260071,-0.0078875371338748,0.0109554348655528,-0.0148919205269784,-0.0128146753281864,-0.0049991141328209,0.0076857952921751,1.559507279920503,-0.2031287042602062,-0.0749277682266153,-0.1691503787419059,0.0793038312824798,-0.0551843237177611,-0.0091720839282526,-0.1020662814266866,-0.1177659450594234,1.848406754877305,-0.3098851835067971,0.6190344883297387,0.1064696228812199,-0.0441966126649054,0.0990665810193844,-0.1926503430525138,-0.1523235375878119,0.3820541864595511,-0.6016049108828545,0.1724198903296178,-0.0184457254672818,-0.1942778283041364,0.1851706585315628,0.028563569529117,-0.1724943632670018,0.1924869254635146,0.1937834156226704,0.0147423341724873,0.0201887650647497,0.0017703206955814,0.0206231236969864,-0.1340055097476389,0.0329500964485692,0.1175233069298681,0.0388041444490644,-0.0589407854050321,-0.002930240244914,0.0363860197862936,0.0055302857373642,-0.113286098463646,-0.0107952193597843,0.0456178611008909,0.0501752540064344,0.2860175144523589,-0.0058686981501233,-0.1045991425299606,0.079794340492399,-0.0879043643584005,-0.0568725424752827,0.1360983647980904,-0.0402050326196443,-0.0730751728162712,-0.0294245245827125,0.040869343249279,-0.0555544365994779,-0.0478052556601354,-0.0186492379302069,0.0286719249207774,-0.1302518474107802,-0.0480457957403282,-0.108463987901697,0.0508518506476753,-0.0353857429383556,-0.0058813985970749,-0.0654477749099635,-0.0755148414988012,-0.1676498869575743,0.3349016587914543,0.0576007540549629,-0.0239106530790833,0.0535956605644196,-0.1042250806237189,-0.0824080182491666,0.2066937839582344,1.6590898562843632,0.8510601983140468,1.0127224221267157,1.259639654048672,0.7876284218971124,0.9500047654056488,1.1757017903904268,1.0810323739311052,0.8582353200270244,0.9174838468983336,0.8939777182303935,0.8786479767049576,0.8806570584610277,0.9685850340705088,0.8169727216922394,0.7879777983445797,1.0346182461924915,1.070865238506312,0.99283356400295,0.9266478205810564,0.9932362050497496,1.0766348222285114,0.9773838145174388,0.880130212679493,0.6026965808667764,0.5358069651957355,0.8767797457145878,1.0287909102841613,0.7618596828093501,1.046616188293379,0.8882735650714847,1.0280118962570004,1.27994755939887,1.1093870938872672,0.9889365704224912,0.8526852078167083,1.0122672688537964,0.9154381817365564,0.8755827086731754,0.80762736444771,1.4324699961123195,1.189866779854948,1.1361525864699784,0.9600695620862918,1.0384503304863013,0.9949505624458758,1.0084701419868,1.002445305765563,0.7347972188602465,0.3984772416530999,0.7235575628461247,0.837594307371525,0.7504632604083111,1.0318897303027974,0.8065527684605556,0.9125317126067342,297.1867826215196,149.05863242378092,225.8921398980648,298.87169045562075,9.641022272761964,149.05863242378092,2.089285714285438,0.1138521419359357,0.0036726497398688,-6.735849486246747,349.6052970050504,11.277590225969368,18.156094865376907,297.23195320656407,149.07955855462237,225.9260714112368,298.9139341195799,9.642384971599352,149.07955855462237,2.085656332139706,0.1139276387745699,0.0036750851217603,-6.73379451712169,349.6369442954957,11.278611106306313,18.156375473711623,377.5354686444904,187.3992806790244,283.0717049335959,375.91983876371023,12.12644641173259,187.3992806790244,-2.636027700219984,0.0393683893218034,0.0012699480426388,-10.02785546713133,345.45262170192075,11.143632958126476,18.11905206284331,309.8261471715015,155.5557703486106,233.71940510867697,311.1484116134427,10.037045535917503,155.5557703486106,1.518155470376854,0.0065198828781598,0.0002103188025212,-15.60198648669974,322.47569763601814,10.402441859226393,17.90568610940997,402.55658815442206,198.4725591873772,301.3358372590747,399.5282635816043,12.8880085026324,198.4725591873772,-5.4136539528922185,0.0869766855947608,0.0028056995353148,-7.570557051522466,360.26818261390906,11.621554277868034,18.24923098803166,302.620375186445,151.89075434872714,227.27161548749592,303.97799614517504,9.805741811134672,151.89075434872714,1.5587499896530232,0.0380690992644235,0.0012280354601426,-10.131892343438889,314.2332073870984,10.136555077003171,17.82541976768019,389.814527824437,193.61200001330064,279.17777493099913,389.6467090840373,12.56924868013024,193.61200001330064,-0.27380952381003,0.5819211005737686,0.0187716484056054,-1.6784032600416736,398.554675230072,12.856602426776517,18.56231854335156,0.0,11.899999999999997,31.972072570442062,-0.2790022926302261,0.2255758065212046,5.42760934541121,11.211824319540716,34.0,63.0,60.0,48.0,19.0,3.0,3.0,0.0,0.0,15.0,43.75700299999999,4.716769686515471,3.8736060222182607,3.744001987696695,3.654735855864339,3.575287231799092,3.217940455825861,2.963097471046149,2.8446153602763173,1.985989457199028,1.9550798629386177,1.7917922779311684,1.5642433682566337,1.4099132002520904,1.3728744165178643,1.372874416517862,1.311873976066693,3.944606124307226,3.7804502792274826,3.653510579049277,3.591340235037085,3.483567306441232,3.0602022297976057,2.878236476009019,2.853384349678382,2.038302129693665,1.9785882005825173,1.8526734751535403,1.671959964071296,1.547297192829743,1.3255794798026934,1.2852290050479296,1.2852290050479278,4.035334031766007,3.909829368228285,3.773991299417075,3.710328317204557,3.6332467896214617,3.2630782728713617,3.08397665360433,3.0144482022337176,1.9409527705108665,1.8202096011593063,1.69284814503253,1.4632939792258934,1.3415316105330533,1.071341665195105,1.0189282736728782,1.0189282736728766,4.063412072096124,3.77791142333462,3.6628680089656536,3.6146410374839903,3.5579913123516844,3.037896283969101,2.8928752509590434,2.852887607156995,2.01311091432545,1.963603058328772,1.8423907381243576,1.612697349430805,1.5237148375014529,1.3281742327607058,1.22859650484016,1.2285965048401588,4.014228312377841,3.95399426467404,3.812783962262319,3.7605337845555735,3.6282829561754766,3.304851497490517,3.15680891407723,3.0864618688676093,1.9493588868277525,1.775763672170442,1.653239261926826,1.4915276355280385,1.2850558543293304,1.017578644358041,0.960604108336553,0.933903670955873,5.254220080085528,4.915059952702363,4.199999999999996,4.0115525231795255,3.899397430876844,3.663112527575586,3.553706972513646,3.281021118410232,1.936150642906969,1.893342246420269,1.6227675740632728,1.4521222939283542,1.37156658490061,1.2068802284333489,1.206880228433347,1.183649348385241,0.0,0.0,2.0,7.0,1.0,2.0,8.0,1.0,0.0,0.2886751345948129,0.2041241452319315,0.0,0.3895195511812306,0.5370590048080458,0.2886751345948129,0.2041241452319315,0.0,0.2411331746271036,0.2598896657619733,2.988641067259429,0.2886751345948129,0.8047977257756895,0.1443375672974064,1.1704665468875142,0.0294443855557322,0.1891388002766216,0.009814795185244,5.238422632102875,7.094430917961754,10.189926559324824,1.944127333251336,2.451997950354625,3.1215626913423,22.009860921691388,14.80868165372921,14.25413891379093,10.680880605743855,8.390796506775812,7.156302631711133,4.583591910550438,3.356689790191868,0.709995513602948,0.4355494604038002,0.2909007941589985,0.1810318746736247,0.1149424179010385,0.0753295013864329,0.0467713460260248,0.031080461020295,17.954032122262955,11.231410016975463,9.014502741953308,6.060091321560355,4.200548689108279,3.151065105349707,1.676365722863796,1.0385285296687672,0.5791623265246114,0.3303355887345724,0.1839694437133328,0.1027134122298365,0.0575417628644969,0.0331691063721021,0.0171057726822836,0.0096160049043404,36.97777305108897,60.25819373634387,58.03921568627442,58.83600000000008,40.04969880239525,458.6623395209581,0.6162962175181494,1.0043032289390643,0.967320261437907,0.9806000000000012,0.6674949800399208,7.644372325349301,3.9338000000000055,117.54210000000003,289.26875707587703,420.5205359338077,578.5375141517542,18.6625004565082,289.26875707587703,0.0236929281658016,0.0007642880053484,-11.601993861489822,307.85140137939413,9.93069036707723,17.76181333084043,794.0,2.0,0.0,6.0,11.0,3.0,0.0,0.0,1.0,4.0,0.0,1.0,0.0,0.0,0.0,0.0,0.0,1.0,1.0,0.0,0.0,0.0,0.0,0.0,0.0,0.0,5.0,0.0,10.0,0.0,0.0,5.0,0.0,0.0,0.0,0.0,0.0,0.0,0.0,0.0,1.0,0.0,8.0,0.0,0.0,5.0,2.0,0.0,0.0,1.0,5.0,0.0,0.0,0.0,1.0,0.0,0.0,1.0,0.0,0.0,0.0,0.0,2.0,1.0,0.0,0.0,0.0,0.0,3.0,0.0,0.0,0.0,0.0,0.0,0.0,0.0,0.0,0.0,0.0,0.0,0.0,0.0,0.0,0.0,0.0,0.0,0.0,0.0,0.0,1.0,0.0,0.0,0.0,0.0,0.0,0.0,0.0,0.0,0.0,0.0,0.0,0.0,0.0,0.0,0.0,0.0,0.0,0.0,0.0,0.0,0.0,0.0,0.0,0.0,0.0,0.0,0.0,0.0,0.0,0.0,0.9470139106184918,0.0,46.76236791560456,9.853603853302529,17.685223631483424,0.0,0.0,1.0057351118106606,13.594464852517705,0.0,6.757868523637641,0.0,0.0,0.0,0.0,0.0,0.524671197298596,0.4223427133198957,0.0,0.0,0.0,0.0,0.0,0.0,0.0,2.9389995464000376,0.0,3.9246739174834,0.0,0.0,2.9389995464000376,0.0,0.0,0.0,0.0,0.0,0.0,0.0,0.0,1.7421038422872004,0.0,9.60357841454716,0.0,0.0,7.752791130180705,1.190323856319215,0.0,0.0,-0.3442750587889478,2.445087781910769,0.0,0.0,0.0,5.324661616657217,0.0,0.0,2.837060316410515,0.0,0.0,0.0,0.0,8.686404519717511,2.381324644871723,0.0,0.0,0.0,0.0,36.21932133766511,0.0,0.0,0.0,0.0,0.0,0.0,0.0,0.0,0.0,0.0,0.0,0.0,0.0,0.0,0.0,0.0,0.0,0.0,0.0,0.0,-5.347641661037435,0.0,0.0,0.0,0.0,0.0,0.0,0.0,0.0,0.0,0.0,0.0,0.0,0.0,0.0,0.0,0.0,0.0,0.0,0.0,0.0,0.0,0.0,0.0,0.0,0.0,0.0,0.0,0.0,0.0,0.0,0.4223427133198957,0.0,2.381324644871723,-0.3442750587889478,5.439857463545725,0.0,0.0,1.0057351118106606,1.4885238330194384,0.0,6.757868523637641,0.0,0.0,0.0,0.0,0.0,0.524671197298596,0.4223427133198957,0.0,0.0,0.0,0.0,0.0,0.0,0.0,0.5371612182469381,0.0,0.3048558741975568,0.0,0.0,0.5371612182469381,0.0,0.0,0.0,0.0,0.0,0.0,0.0,0.0,1.7421038422872004,0.0,0.9871231081279712,0.0,0.0,1.4446141303530442,0.4700057444261851,0.0,0.0,-0.3442750587889478,0.1578898772604369,0.0,0.0,0.0,5.324661616657217,0.0,0.0,2.837060316410515,0.0,0.0,0.0,0.0,4.185887596465198,2.381324644871723,0.0,0.0,0.0,0.0,11.669562033313532,0.0,0.0,0.0,0.0,0.0,0.0,0.0,0.0,0.0,0.0,0.0,0.0,0.0,0.0,0.0,0.0,0.0,0.0,0.0,0.0,-5.347641661037435,0.0,0.0,0.0,0.0,0.0,0.0,0.0,0.0,0.0,0.0,0.0,0.0,0.0,0.0,0.0,0.0,0.0,0.0,0.0,0.0,0.0,0.0,0.0,0.0,0.0,0.0,0.0,0.0,0.0,0.0,0.524671197298596,0.0,12.880197271038046,1.7715658214588992,6.12268308396885,0.0,0.0,1.0057351118106606,4.928554492404477,0.0,6.757868523637641,0.0,0.0,0.0,0.0,0.0,0.524671197298596,0.4223427133198957,0.0,0.0,0.0,0.0,0.0,0.0,0.0,0.708962341019971,0.0,0.531094509307529,0.0,0.0,0.708962341019971,0.0,0.0,0.0,0.0,0.0,0.0,0.0,0.0,1.7421038422872004,0.0,1.2891381152663186,0.0,0.0,1.7715658214588992,0.7203181118930296,0.0,0.0,0.0,0.8117083364567137,0.0,0.0,0.0,5.324661616657217,0.0,0.0,2.837060316410515,0.0,0.0,0.0,0.0,4.500516923252313,2.381324644871723,0.0,0.0,0.0,0.0,12.880197271038046,0.0,0.0,0.0,0.0,0.0,0.0,0.0,0.0,0.0,0.0,0.0,0.0,0.0,0.0,0.0,0.0,0.0,0.0,0.0,0.0,0.0,0.0,0.0,0.0,0.0,0.0,0.0,0.0,0.0,0.0,0.0,0.0,0.0,0.0,0.0,0.0,0.0,0.0,0.0,0.0,0.0,0.0,0.0,0.0,0.0,0.0,0.0,0.0,0.0,0.0,0.0,72.49074074074073,2.3384109916367977,1.210658917896036,12.880197271038046,-0.1591200300521188,-5.347641661037435,8.743046182210891,5.671715735111509,5.880197271038045,39.89754487064416,4.70912526234208,5.870938011778786,38.92299389889901,14.83332,0.47849,0.0,0.02151,0.58278,0.84731,0.44253,0.53565,0.79902,0.14025,0.04713,-0.09312,0.04829,0.56472,0.14957,0.0,0.12809,0.29663,0.05618,36.75,1.18548,20.0,0.64516,16.75,0.54032,-3.25,-0.10484,1.0,0.03226,30.95404,0.99852,59.14845,28.19441,0.9095,8.65199,0.2791,14.80863,6.15664,0.1986,0.60537,0.01953,0.94937,0.03062,0.4166666666666667,226.09,8.0,8.0,7.0,8.0,2.0,3.0,0.5,1.6509993881865117,3.569312623785893,4.5600115303896285,5.102479553833678,5.194309137239127,5.194309137239126,99.05996329119068,214.1587574271536,273.6006918233777,306.1487732300207,311.6585482343476,311.6585482343476,0.2795039727693531,0.6042625245911107,0.7719817146740067,0.8638181918634348,0.8793643716883531,0.879364371688353,4.255891207422007,2.337577971822625,1.3468790652188902,0.8044110417748405,0.7125814583693915,0.7125814583693924,0.2675882426124411,0.5785017845357137,0.7390708200381135,0.8269921518723319,0.8418755715871554,0.8418755715871553,17.667169786157995,35.277697524678075,40.17123531417494,41.22265159127704,41.31519974411118,41.31519974411118,101.97685588527884,50.5475243606897,34.69768908442121,29.931702952029102,29.3075096269662,29.3075096269662,24.13494809688581,10.508121615993335,6.533333333333333,3.0,20.0,0.0,2.89,3.311599999999997,0.0,1.7873764950905229,1.9646028175336028,0.0,15.535843966722698,22.80236360137169,0.0,6.946312232883033,0.0,0.0,0.5952753944880748,0.0,0.0,0.0,0.3568829277518041,0.0909090909090909,0.9654893846056296,0.8772053214638599,0.0,0.268,1.6160000000000003,1.59,3.599,2.7880000000000003,17.192,49.0,59.0,73.0,95.0,98.0,108.0,111.0,114.0,113.0,885.0,3.784189633918261,4.3694478524670215,4.783316371371566,5.2574953720277815,5.784594117392615,5.956323002821199,6.261789826895028,6.3645893841074175,6.585093487634329,6.841248154749722,8.277125989572303,4.442796610169491,0.4666666666666667,4.0,1.0,0.0,0.0,3.0,0.0,0.0,0.0,0.0,0.0,0.0,0.0,0.0,0.0,0.0,0.0,0.0,0.0,0.0,0.0,0.0,0.0,0.0,4.0,0.0,0.0,3.0,0.0,0.0,0.0,0.0,0.0,0.0,0.0,1.0,0.0,0.0,0.0,1.0,0.0,0.0,0.0,0.0,0.0,0.0,0.0,0.0,0.0,0.0,0.0,0.0,0.0,0.0,0.0,0.0,0.0,0.0,0.0,0.0,0.0,1.0,0.0,0.0,0.0,0.0,0.0,0.0,0.0,8.0,0.2352941176470588,10.0,0.2941176470588235,0.0,8.0,15.0,0.875,7.5,4.055555555555553,1.9027777777777777,1.776666666666668,1.1394444444444445,0.5576417233560094,0.5372732426303855,0.3540091962711009,0.2421836419753088,0.1983471074380164,0.2205882352941176,0.0881642512077294,0.0396412037037037,0.0378014184397163,0.0227888888888888,0.0129684121710699,0.0145208984494698,0.0107275514021545,0.0086494157848324,0.0070838252656434,0.4948023793301521,193.2032856809322,291.24198433041454,386.4065713618644,12.464728108447238,193.2032856809322,0.129247147412721,0.0041692628197651,-6.342689392049248,342.96418489194787,11.06336080296606,18.096640675917264,126.66,399.2505799611859,5.954196310386876,5.117993812416755,5.963579343618446,6.849066282633458,7.713784616598755,8.59840444684106,9.470162947548884,10.354149073430555,11.229036190757144,12.112624231563798,142.40880094540884,4.23410650459726,1.9459101490553128,5.579729825986222,3.713572066704308,7.112327444710911,5.41610040220442,8.722091302389098,7.10085190894405,10.370329940319197,10.623909375230951,443.1991107880008,7.38665184646668,62.69062588488903,2.022278254351259,25.748460640336788,7.331470185926093,15.159148331006632,2897.0,48.0,3.0770000000000004,166.0,1.0,1.982271233039568
0,0,0,0,0,0,0,0,0,0,0,0,0,0,0,0,0,0,0,0,0,0,0,0,0,0,0,0,0,0,0,0,0,0,0,0,0,0,0,0,0,0,0,0,0,0,0,0,0,0,0,0,0,0,0,0,0,0,0,0,0,0,0,0,0,0,0,0,0,0,0,0,0,0,0,0,0,0,0,0,0,0,0,0,0,0,0,0,0,0,0,0,0,0,0,0,0,0,0,0,0,0,0,0,0,0,0,0,0,0,0,0,0,0,0,0,0,0,0,0,0,0,0,0,0,0,0,0,0,0,0,0,0,0,0,0,0,0,0,0,0,0,0,0,0,0,0,0,0,0,0,0,0,0,0,0,0,0,0,0,0,0,0,0,0,0,0,0,0,0,0,0,0,0,0,0,0,0,0,0,0,0,0,2,4,3,1,2,2,5,1,2,1,2,3,4,2,2,2,2,5,0,0,0,0,0,0,0,0,0,0,0,0,0,0,0,0,2,3,2,3,0,0,0,0,0,0,0,0,0,0,0,0,0,0,0,0,0,1,5,2,5,1,2,0,0,0,0,0,0,0,0,0,0,0,0,0,0,0,0,0,0,0,0,0,0,0,0,0,0,0,0,0,0,0,0,0,0,0,0,0,0,0,0,0,0,0,0,0,0,0,0,0,0,0,0,0,0,0,0,0,0,0,0,0,0,0,0,0,0,0,0,0,0,0,0,0,0,0,0,0,0,0,0,0,0,0,0,0,0,0,0,0,0,0,0,0,0,0,0,0,0,0,0,0,0,0,0,0,0,0,0,0,0,0,0,0,0,0,0,0,0,0,0,0,0,0,0,0,0,0,0,0,0,0,0,0,0,0,0,0,0,0,0,0,0,0,0,0,0,0,0,0,0,0,0,0,0,0,0,0,0,0,0,0,0,0,0,0,0,0,0,0,0,0,0,0,0,0,0,0,0,0,0,0,0,0,0,0,0,0,0,0,5,2,3,1,1,2,1,0,0,0,0,0,0,0,0,0,0,0,0,0,0,0,0,0,0,0,0,0,0,0,0,0,0,0,0,0,0,0,0,0,0,0,0,0,0,0,0,0,0,0,0,0,0,0,0,0,0,0,0,0,0,0,0,0,0,0,0,0,0,0,0,0,0,0,0,0,0,0,0,0,0,0,0,0,0,0,0,0,0,0,0,0,0,0,0,0,0,0,0,0,0,0,0,0,0,0,0,0,0,0,0,0,0,0,0,0,0,0,0,0,0,0,0,0,0,0,0,0,0,0,0,0,0,0,0,0,0,0,0,0,0,0,0,0,0,0,0,0,0,0,0,0,0,0,0,0,2,5,2,4,0,0,0,0,0,0,0,0,0,0,0,0,0,0,0,0,0,0,0,0,0,2,2,2,1,2,2,2,1,0,0,0,0,0,0,0,0,0,0,0,2,2,2,2,2,4,3,2,2,0,0,0,0,0,0,2,2,2,2,2,0,0,1,0,0,0,0,5,5,0,0,0,0,0,0,0,0,0,0,0,1,5,2,5,0,0,0,0,0,2,0,0,0,0,0,0,0,1,2,2,2,2,2,1,0,0,0,0,0,0,0,0,0,0,0,0,0,0,0,3,2,3,0,2,3,4,0,0,0,0,0,0,0,0,0,0,0,0,0,0,0,0,0,0,0,0,0,0,0,0,0,0,0,0,0,0,0,0,2,2,2,1,2,2,2,2,2,0,0,0,0,0,0,0,0,0,0,0,0,0,0,0,0,0,0,0,0,0,0,0,0,3,2,2,2,3,1,1,2,3,2,0,0,0,5,2,3,0,0,0,0,0,0,0,1,2,0,0,0,0,0,0,0,2,2,2,0,0,0,0,0,0,0,0,0,0,0,0,0,0,0,0,0,0,0,0,0,0,0,0,0,0,0,0,0,0,0,0,0,0,0,0,0,0,0,0,0,0,0,0,0,0,0,0,0,0,0,0,0,0,0,0,0,0,0,0,0,0,0,0,0,0,0,2,5,4,0,1,1,2,2,2,2,2,3,2,0,0,0,3,2,2,3,0,0,0,0,0,0,0,0,0,0,0,0,2,2,0,0,0,0,0,0,0,0,0,0,0,0,0,0,0,0,0,0,0,0,0,0,0,0,0,0,0,0,0,0,0,2,2,2,2,4,5,0,0,0,0,0,0,0,0,0,0,0,0,0,0,0,0,0,0,0,0,0,0,0,0,0,0,0,0,0,0,0,0,0,0,3,0,0,0,0,0,0,0,0,0,0,0,0,0,0,0,0,0,0,0,0,0,0,0,0,0,0,2,3,0,0,0,0,0,0,2,2,5,5,1,1,0,0,0,0,0,0,0,0,0,0,0,0,0,0,0,0,0,0,0,0,0,0,2,1,2,0,0,0,0,0,0,0,0,0,3,3,5,0,0,1,5,0,0,0,0,0,0,0,0,0,0,0,0,0,0,0,3,2,0,0,0,0,2,2,2,0,0,0,0,2,2,2,2,1,0,0,0,2,3,2,2,2,1,0,0,2,2,1,2,2,0,0,0,0,0,0,0,0,0,0,0,0,1,2,3,0,0,0,0,0,0,0,0,0,0,0,0,0,0,0,0,0,0,0,0,0,0,0,0,0,0,0,0,0,0,0,0,0,0,0,0,0,0,0,1,2,0,0,0,0,1,0,0,0,0,0,0,0,0,0,0,0,0,0,0,0,0,0,0,0,0,0,0,0,0,0,0,0,0,0,0,0,0,0,0,0,0,0,0,0,0,0,0,0,0,0,0,0,0,0,0,0,0,0,0,0,0,0,0,0,0,0,0,0,0,0,0,0,0,0,0,0,0,0,0,0,0,0,0,0,0,0,0,0,0,0,5,2,0,0,0,0,0,0,4,2,0,0,0,0,0,0,0,0,0,0,0,0,1,3,3,2,0,0,0,0,0,0,0,0,0,0,0,0,0,0,0,0,0,0,0,0,0,0,0,0,0,0,0,0,0,0,0,0,0,0,0,0,0,0,0,0,0,0,0,2,1,0,0,0,0,0,0,0,0,0,0,0,0,0,0,0,0,0,0,0,0,0,0,2,2,2,5,0,0,0,0,0,0,0,2,2,0,0,0,0,0,0,0,0,2,2,2,1,0,0,0,0,2,2,2,2,0,2,1,2,2,2,0,2,2,0,0,0,0,0,0,0,0,0,0,0,0,0,0,0,0,0,0,1,2,2,0,0,0,0,0,0,0,0,0,0,0,0,0,0,0,0,2,2,5,2,2,1,0,0,0,0,0,0,0,3,2,0,3,4,2,4,1,1,2,0,1,1,4,3,3,3,1,3,4,1,1,0,4,0,0,1,3,2,2,2,4,0,3,1,2,2,3,4,0,2,1,3,1,0,1,2,4,0,0,1,4,2,1,1,2,0,2,3,4,1,2,4,0,3,4,4,2,0,3,1,3,3,1,4,4,1,3,4,2,2,0,2,3,3,3,2,4,0,4,3,3,1,3,2,3,0,4,3,0,2,4,0,4,4,2,0,2,4,2,3,2,3,1,0,2,2,1,0,3,2,2,2,4,4,0,3,3,0,3,2,4,2,0,1,1,0,0,3,0,1,3,1,1,3,2,4,0,0,0,1,0,4,0,3,4,2,3,3,4,2,0,2,2,0,0,1,4,3,1,2,0,4,0,4,4,2,4,3,2,0,3,0,1,2,3,3,3,4,1,3,1,2,0,1,0,3,0,1,2,0,3,2,2,2,4,0,0,2,1,4,3,3,2,0,3,2,3,3,2,4,2,3,4,0,0,1,2,4,4,0,0,2,2,3,4,1,2,4,1,0,0,1,1,1,4,3,2,4,3,4,1,1,1,1,3,0,0,0,1,1,4,4,3,4,0,2,3,4,0,0,3,3,0,2,1,1,4,4,1,4,0,4,0,1,4,1,4,2,3,4,2,2,0,1,3,4,4,2,4,2,4,4,4,2,4,1,2,1,4,3,0,0,4,4,3,4,0,3,3,0,0,3,3,4,4,1,3,1,4,1,2,3,4,2,1,1,2,0,0,0,3,4,3,4,2,2,3,4,2,2,4,0,3,2,1,1,4,1,2,1,4,4,3,0,0,3,0,0,0,0,0,0,0,0,0,0,0,0,0,0,0,0,0,0,0,0,0,0,0,0,0,0,0,0,0,0,0,0,0,0,0,0,0,0,0,0,0,0,0,0,0,0,0,0,0,0,0,0,0,0,0,0,0,0,0,0,0,0,0,0,0,0,0,0,0,0,0,0,0,0,0,0,0,0,0,0,0,2,1,2,0,2,2,2,3,3,2,2,3,1,2,2,0,0,0,0,0,0,0,2,3,2,3,3,5,4,0,2,5,0,5,2,0,0,0,0,2,2,5,2,0,0,0,0,0,0,0,0,0,0,0,0,0,0,0,0,0,0,0,0,0,0,0,0,0,0,0,0,0,0,0,0,0,0,0,0,0,0,0,0,0,0,0,0,0,0,0,0,0,0,0,0,0,0,0,0,0,0,0,0,0,0,0,0,0,0,0,0,0,0,0,0,0,0,0,0,0,0,0,0,0,0,0,0,0,0,0,0,0,0,0,0,0,0,0,0,2,1,1,1,5,5,3,1,1,5,4,1,3,1,3,3,0,0,0,0,0,0,0,0,0,0,0,0,0,0,0,0,0,0,0,0,0,0,0,0,0,0,0,0,0,0,0,0,0,0,0,0,0,0,0,0,0,0,0,0,0,0,0,0,0,0,0,0,0,0,0,0,0,0,0,0,0,0,0,0,0,0,0,0,0,0,0,0,0,0,0,0,0,0,0,0,0,0,0,0,0,0,0,0,0,0,0,0,0,0,0,0,0,0,0,0,0,0,0,0,0,0,0,0,0,0,0,0,0,0,0,0,0,0,0,0,0,0,0,0,0,0,0,0,0,0,0,0,0,0,0,0,0,0,0,0,0,0,0,0,0,0,0,0,0,0,0,0,0,0,0,0,0,0,0,0,0,0,0,0,0,0,0,0,0,0,0,0,0,0,0,0,0,0,0,0,0,0,0,0,0,0,0,0,0,0,0,0,0,0,0,0,0,0,0,0,0,0,0,0,0,0,0,0,0,0,0,0,0,0,0,0,0,0,0,0,0,0,0,0,0,0,0,0,0,0,0,0,0,0,0,0,0,0,0,0,0,0,0,0,0,0,0,0,0,0,0,0,0,0,0,0,0,0,0,0,0,0,0,0,0,0,0,0,0,0,0,0,0,0,0,0,0,0,0,0,0,0,0,0,3,3,2,3,2,2,4,2,3,1,1,2,5,5,1,2,1,0,0,0,0,0,0,0,0,0,0,0,0,0,0,0,0,0,0,0,0,0,0,0,0,0,0,0,0,0,0,0,0,0,0,0,0,0,0,0,0,0,0,0,0,0,0,0,0,0,0,0,0,0,0,0,0,0,0,0,0,0,0,0,0,0,0,0,0,0,0,0,0,0,0,0,0,0,0,0,0,0,0,0,0,0,0,0,0,0,0,0,0,0,0,0,0,0,0,0,0,0,0,0,0,0,0,0,0,0,0,0,0,0,0,0,0,0,0,0,0,0,0,0,0,0,0,0,0,0,1,1,2,4,1,3,2,3,1,3,4,5,3,3,1,3,5,4,1,2,4,3,3,1,3,3,1,3,1,1,2,1,3,2,2,5,3,2,2,3,4,1,2,2,4,0,0,0,0,0,0,0,0,0,0,0,0,0,0,0,0,0,0,0,0,0,0,0,0,0,0,0,0,0,0,0,0,0,0,0,0,0,0,1,0,1,0,0,0,0,0,0,0,0,0,0,0,0,0,0,0,1,0,0,0,0,0,0,0,0,0,0,0,0,0,0,0,1,0,0,1,0,0,0,0,0,0,0,0,0,0,1,1,0,0,0,0,0,0,0,0,0,0,0,0,0,0,0,0,0,0,0,0,0,0,0,0,0,0,0,0,0,0,0,0,0,0,0,0,0,0,0,0,0,0,0,1,0,0,0,0,0,0,0,0,0,0,0,0,1,0,0,0,0,0,0,1,0,0,0,0,0,0,0,0,0,0,0,0,0,0,0,0,0,0,0,0,1,1,0,0,0,0,0,0,0,1,0,0,0,0,0,0,1,0,0,0,0,0,0,0,0,0,0,0,0,0,0,0,0,0,0,0,0,0,0,0,0,0,0,0,0,0,0,0,0,0,0,0,0,0,0,0,0,0,0,0,0,0,0,0,0,0,0,1,0,0,0,0,0,0,0,0,0,0,0,0,0,0,0,0,0,0,0,0,0,0,0,0,0,0,0,0,0,0,0,0,0,0,0,0,0,0,0,0,0,0,0,0,0,0,0,0,0,0,0,0,0,0,0,0,0,0,0,0,0,0,0,0,0,0,0,0,0,0,0,0,0,0,0,0,0,0,0,0,0,0,0,0,0,0,0,0,0,0,0,0,0,1,0,0,0,0,0,0,0,0,0,0,0,0,0,0,0,0,0,0,0,0,0,1,0,0,0,0,0,0,0,0,0,0,0,0,0,0,0,0,0,0,0,1,0,0,0,1,0,0,0,0,0,0,0,0,0,1,1,0,0,0,0,0,0,0,0,0,1,0,0,0,1,0,0,0,0,0,0,0,0,0,0,0,0,0,0,0,0,0,0,0,0,0,0,0,0,0,0,0,0,0,0,0,0,0,0,0,0,0,0,0,0,0,0,0,0,0,0,0,0,0,0,0,0,0,0,0,0,0,0,0,1,0,0,0,0,0,0,0,0,0,0,0,0,0,0,0,0,0,0,0,1,0,0,0,0,0,0,0,0,0,0,0,0,0,0,0,0,0,0,0,0,0,0,0,0,1,0,0,0,0,0,0,0,0,0,0,0,0,0,0,0,0,0,0,0,0,0,0,0,0,0,0,0,0,0,0,1,0,1,0,0,0,0,0,0,0,0,0,1,0,0,0,0,0,0,0,0,0,0,0,0,0,0,0,0,0,0,0,0,0,0,0,0,0,0,0,0,0,0,0,1,1,0,0,0,0,0,0,0,0,0,0,0,0,0,0,0,0,0,1,0,0,0,0,0,0,0,0,0,0,0,0,0,0,0,0,0,0,0,0,0,0,0,0,0,0,0,0,0,0,0,0,0,0,0,0,0,0,0,0,0,0,0,0,0,0,0,0,0,0,0,0,0,0,0,0,0,0,0,0,0,1,0,0,0,0,0,0,0,1,0,0,0,0,0,1,0,0,1,0,0,0,0,0,0,1,0,0,0,0,0,1,0,0,0,0,0,0,0,0,0,0,0,0,0,0,0,0,0,0,0,0,0,0,0,0,0,1,0,0,0,0,0,0,0,0,0,0,0,0,0,0,0,0,0,0,0,0,0,0,0,0,0,0,0,1,0,0,0,1,0,0,0,0,0,0,0,0,0,0,0,0,0,0,0,0,0,0,0,0,0,0,0,0,0,0,0,0,0,0,0,0,0,0,0,0,0,0,0,0,0,0,0,0,0,0,0,0,0,0,0,0,0,0,0,0,1,0,0,0,0,1,0,0,0,0,0,0,0,0,0,0,0,0,0,0,1,0,0,0,0,0,0,0,0,1,0,0,0,0,0,0,0,0,0,0,0,0,0,0,0,0,0,0,0,0,0,0,0,0,1,0,1,0,0,0,0,0,1,0,0,0,0,0,0,0,0,0,0,0,0,0,0,0,0,0,0,0,0,0,0,0,0,0,1,0,0,0,0,0,0,0,0,0,0,0,0,1,0,0,0,0,1,0,1,0,0,0,0,0,0,0,0,0,0,0,0,0,0,0,0,0,1,0,0,0,0,0,0,0,0,0,0,0,0,0,0,0,0,0,0,0,0,0,0,0,0,0,0,0,0,0,0,0,0,0,0,0,0,0,0,0,0,0,0,0,0,0,0,0,1,0,0,0,0,0,0,0,0,0,0,0,0,0,1,0,0,0,0,0,0,0,0,0,0,0,0,0,0,0,0,0,0,0,0,0,0,0,0,0,0,0,0,0,0,0,0,0,0,0,0,0,0,0,0,0,0,0,0,0,0,0,0,0.0,1.9837,3.935065690000001,31.296,50.50589499999998,17.0,18.0,39.0,24.0,15.0,0.0,19.0,1.0,2.0,0.0,0.0,0.0,2.0,0.0,0.0,2.0,5977.796310000007,4689.184608000001,7151.797369000006,7819.695650000008,7383.042202000008,7640.152601000009,5456.748725000005,4889.572017000002,3988.125736000006,10197.114943677809,12214.301021535352,17658.70711961618,19112.55726827009,18093.38465311994,16631.899105933397,13950.120000204162,12125.75215569959,10518.492959213543,305.1030819999999,317.9233000000001,518.4282040000004,639.3827820000007,687.4847380000008,663.810985000001,595.2312780000008,461.454402,431.10140600000005,71.65950157273491,84.28541263999999,123.97864086909392,138.44175233739597,132.040497726792,124.00569523443288,101.45444074613084,86.33199721969794,81.0849981204899,6101.319036122535,5829.835009979903,9867.206941041097,12238.229622076811,13696.830068531808,13493.68322305122,12209.123136676262,8884.785972745787,8924.33201869508,151.12170400853526,129.8744855967078,206.2057613168725,260.7911522633745,262.9444444444444,254.8252552964488,247.6460905349793,193.0390946502057,145.7057613168724,153.27682846153863,114.37035629268296,106.74324431343292,96.5394524691359,84.8625540459771,88.83898373255825,71.79932532894743,85.78196521052635,69.9671181754387,261.4644857353284,297.9097810130574,263.56279283009223,235.95749713913693,207.9699385416085,193.39417565038832,183.5542105290021,212.732493959642,184.5349641967288,7.823155948717947,7.754226829268297,7.737734388059708,7.893614592592601,7.902123425287366,7.718732383720941,7.83199050000001,8.095691263157894,7.56318256140351,1.8374231172496127,2.055741771707317,1.8504274756581185,1.7091574362641475,1.5177068704228966,1.441926688772475,1.3349268519227742,1.5145964424508411,1.4225438266752617,156.44407784929578,142.19109780438788,147.27174538867305,151.0892545935409,157.43482837392884,156.90329329129324,160.64635706152976,155.87343811834714,156.5672283981593,3.87491548739834,3.167670380407507,3.077697930102574,3.219643855103389,3.02234993614304,2.963084363912195,3.258501191249728,3.386650783336942,2.5562414266117965,0.4822633466419553,-0.2613925937688384,-0.0276077890470311,0.1993748317121239,-0.2489390653419423,0.1495418984476691,-0.0327639872050763,-0.07939536831237,0.0756826321960758,2650.397982923077,15.569086260356244,499.74900895266376,-574.9360143786971,-555.6014283668643,1338.4605820414183,381.4623459704122,-589.8564103491126,216.71449095857847,2024.666684063896,52.61682275955239,288.2538153933217,-683.3796849254556,-461.7491470385885,230.34677519547336,949.2346933930992,-485.17854309357017,-190.5842207863473,3.21713235897436,-0.1316844286653517,0.4699263063773835,0.3064117672583848,-0.8332387495069004,0.9913475417488484,-1.238474238001312,-0.8933022682445709,0.8325268599605495,10.607210063734364,0.0816567484102918,0.8782302955704882,-2.9671794133277984,-2.111660200657086,0.4936701449047957,5.049666457088271,-0.6901811429214488,-1.1931044496052188,54.28403640156,-0.1175745688003845,-5.241528511391367,-22.836560257139183,1.964203664767152,-7.920681394631867,14.21081760274627,2.095619727768029,-2.495165268144937,40.47158813345373,-3.4136376157761203,6.557374724692104,8.699945993103123,-8.057401379919032,4.588535135948173,-15.480587779821017,-18.97937546803221,-3.7094060684331858,0.0123657268369732,-0.0063754291163131,-0.0004120565529407,0.0024614176754583,-0.0028613685671487,0.0017388592842752,-0.0004311050948036,-0.0013929011984626,0.0013277654771241,67.95892263905327,0.379733811228201,7.45894043212931,-7.097975486156755,-6.386223314561659,15.563495140016494,5.019241394347529,-10.34835807630022,3.802008613308396,51.91453036061271,1.2833371404768876,4.30229575213913,-8.4367862336476,-5.307461460213661,2.6784508743659696,12.48993017622499,-8.511904264799476,-3.3435828208131104,0.0824905733070348,-0.0032118153333012,0.0070138254683191,0.0037828613241775,-0.0095774568908839,0.0115272969970796,-0.016295713657912,-0.0156719696183258,0.0146057343852727,0.271979745223958,0.0019916280100071,0.013107914859261,-0.0366318446089851,-0.0242719563293917,0.0057403505221487,0.0664429796985298,-0.012108441103885,-0.0209316570106178,1.3918983692707692,-0.0028676724097654,-0.0782317688267368,-0.2819328426807306,0.0225770536180132,-0.0921009464492077,0.1869844421413982,0.0367652583818952,-0.0437748292657006,1.037733029062916,-0.08325945404332,0.0978712645476433,0.1074067406555941,-0.0926138089645865,0.0533550597203275,-0.2036919444713291,-0.3329714994391615,-0.0650772994461962,-0.5155725336945628,-0.0333224693035208,0.1990515970398716,-0.2313950975039608,0.1406192541045041,-0.0348628997298115,-0.1126420805526685,0.1073746407816605,0.0055876961623576,0.109756602113097,-0.1044450855093137,-0.0939718151283898,0.2290132705999193,0.0738569888902737,-0.1522737217489883,0.0559456869777322,0.0247201916604556,0.0828726701802788,-0.162513003104205,-0.1022346041338824,0.0515934721119637,0.2405864040272824,-0.1639599589107988,-0.064405529580787,-0.0389355438390116,0.0850257815788632,0.0458581044175502,-0.1161036529014781,0.1397407792787951,-0.197546374144575,-0.1899849763438277,0.1770594360025766,0.0073227070948505,0.0481944523055107,-0.1346859288320208,-0.0892417790501472,0.0211058015273231,0.2442938522639555,-0.0445196427914679,-0.0769603522989624,-0.0020602599105478,-0.0562050869186112,-0.2025527501899714,0.0162203319699566,-0.0661693040832143,0.1343377119116545,0.0264137520336035,-0.0314497309804556,-0.0802320555591298,0.0943125657627204,0.1035013222548997,-0.0892462766153042,0.0514150154481521,-0.1962854980680966,-0.3208643168463456,-0.0627110226075792,1.474802039410409,1.007636364452151,0.9744483626928958,1.5339838995119015,1.1191251210245,1.3822663721281772,1.6835676127511885,0.5924290772544216,0.5277503650809854,0.5562266122532611,0.9897833919688264,1.0057591385570024,0.6875002106470531,0.8096756501577382,0.954337580983617,0.7998572708674074,0.7810012274873454,0.7933909899104821,1.047212455588984,1.011464546122361,0.9469015028073212,0.7562094156569504,1.022495090456492,1.08248049070008,0.6672363214984274,0.6726516077881365,0.9988320053006906,1.238917737937979,0.8920152290701595,1.5503926147415787,1.7029464096238212,0.5887238867817322,0.7736332945287191,0.8027191733487767,1.0431210597321807,1.0088633582533704,0.9570939613749866,0.7442266334075537,0.9437178063969458,1.0396942206504587,1.035986530795987,1.063892777031477,1.2026058803141266,1.0528383821668168,1.027168827000286,0.8254310619945358,0.9824050107767304,1.0161518957786655,0.6197252834214023,0.5617130753090221,0.8507948769516904,1.1828850916854328,1.1901785018317357,2.4410874631047177,1.9169707506289089,1.0217382393172847,169.20396400217493,85.57046939604537,131.9945595668935,170.97952422626437,7.124146842761018,85.57046939604537,1.9369747899157943,0.1669837130147839,0.0069576547089493,-4.295661595629639,192.20484334364505,8.008535139318543,12.620548069721671,169.09832528152987,85.53086307638256,131.96735003000558,170.8981094134955,7.120754558895648,85.53086307638256,1.963400871235251,0.1681833868926576,0.0070076411205274,-4.278480735076276,192.20743738485663,8.008643224369028,12.620580460460577,215.67518549527583,107.36222458519568,169.65542867302187,215.1205893057599,8.963357887739997,107.36222458519568,-0.9507363248844882,0.1621002536464104,0.0067541772352671,-4.3668966851737085,208.7009558555977,8.695873160649905,12.818165745884771,173.94563964994109,87.50123029440735,134.07143720294562,174.9143921772419,7.288099674051745,87.50123029440735,1.0568209388736278,0.1301617498789985,0.0054234062449582,-4.893545693041395,192.80985073047844,8.033743780436602,12.62809073729196,244.24517837302653,120.91997404646912,194.72367739041988,243.13773815372485,10.130739089738531,120.91997404646912,-2.2148804386032594,0.1511250715050853,0.0062968779793785,-4.535153992548872,226.99994153111248,9.458330897129686,13.01987942378203,173.21166302411052,87.0232514032578,132.99628393013586,173.97693282464854,7.249038867693688,87.0232514032578,0.8348397824050693,0.090292497933435,0.0037621874138931,-5.771282163298638,195.60619715603303,8.15025821483471,12.66264825576152,188.4354133182113,93.7126007080985,142.0768119549389,188.69881511790248,7.862450629912603,93.7126007080985,0.5779816513759357,0.0640446628402959,0.0026685276183456,-6.595618997116144,186.0830330600306,7.753459710834608,12.542863172162932,0.0,11.99850904431179,34.97015667197797,-0.3509253021695341,0.2365988288275026,5.2625811153629085,10.672604525736157,26.0,41.0,40.0,22.0,7.0,1.0,1.0,0.0,0.0,19.0,20.772105,4.134135080432398,3.8756865791601247,3.779345357606559,3.6192861083951455,3.2078800486316186,2.978981869230368,2.8377678529910133,2.75552051813849,1.9888895988628623,1.946921683293736,1.5861175442641695,1.493916977512053,1.3955752087450823,1.3117979214209057,1.0542494063975625,0.9239226533170528,3.970624477035055,3.8393827358548704,3.616477610798552,3.0623017576103404,3.008518800164744,2.827084398815961,2.764938132204721,2.621917899380628,1.984469265650969,1.9733529156286884,1.6335349060856392,1.456799511759693,1.4123008547197768,1.231478790797178,1.09717717842544,0.9443317269089492,4.043952782717799,3.896608330663032,3.707871018578591,3.2359194270097444,3.1499267718921726,2.932820752992975,2.88004392720166,2.7641862987979064,1.9199393007558323,1.8928201956691928,1.4897716155902732,1.3131661085467894,1.1801171511258757,0.9936348576926258,0.804839414990292,0.8023484053441554,3.9676566520947687,3.84256889658578,3.609539066634105,3.0411127106791547,3.0309373633066863,2.8682437826213003,2.787112681887374,2.628245360887409,1.9821814172749044,1.9635058517184167,1.6660979400682985,1.4559148789213538,1.3607318946307874,1.1924623845682032,1.0983274910553775,0.898332659072765,4.041719485428353,3.9214354911865126,3.712818619606971,3.26219720352386,3.224500232294661,3.0042020484358867,2.882032475472622,2.824215730452462,1.914726327175812,1.8700096658688024,1.4794116813580007,1.3078786373258011,1.1124632204894105,0.9327351375338112,0.7922992816991323,0.7392221350266255,4.596977873278826,4.018715209074396,3.85077360437013,3.6577229841612655,3.078446680412695,2.9589693906917143,2.772404518607541,2.7451565370980124,1.971573587573446,1.9274677006502647,1.466325168460189,1.2857141831984795,1.283614739466932,1.069677141975654,0.9407059763808424,0.8310468812077431,0.0,0.0,1.0,13.0,3.0,2.0,0.0,0.0,0.0,0.0,0.0,0.1178511301977579,0.2721655269759087,0.6023956062150502,0.0,0.0,0.0340206908719885,0.0821332133044574,0.169004146322617,1.8369830364861184,0.0,0.474567646536548,0.0,0.9448717389308648,0.0,0.1484528188189681,0.0,4.221709876288488,6.196200786715624,8.66646489131954,1.708667908235941,2.1288664670085,2.4799650926563386,17.267220234572115,11.452397498181154,10.654886763455591,8.868913851685932,7.028904207436484,5.484040940112374,3.432634616272781,2.0897118469203084,0.7194675097738381,0.4404768268531213,0.2879699125258268,0.1847690385767902,0.1171484034572747,0.0772400132410193,0.0490376373753254,0.0298530263845758,14.7030855725001,8.139000264815314,6.352634048259652,4.307995711931536,2.860532484525082,1.870705945693063,0.9194866195150724,0.4344786165002562,0.6126285655208376,0.3130384717236659,0.1716928121151257,0.0897499106652403,0.0476755414087513,0.0263479710660994,0.0131355231359296,0.006206837378575,27.432982088337045,39.51420247632923,38.30980392156861,38.49200000000001,29.21909880239523,290.7950928143713,0.7034097971368473,1.0131846788802368,0.9823026646556052,0.9869743589743591,0.7492076615998777,7.456284431137726,6.159420000000003,102.41670000000003,206.64847696868705,303.3916001914147,413.2969539373741,17.220706414057254,206.64847696868705,0.0117945339949552,0.0004914389164564,-10.656285781432578,246.99820051948464,10.29159168831186,13.222514523012537,487.0,1.0,0.0,5.0,17.0,1.0,1.0,0.0,0.0,0.0,1.0,1.0,0.0,0.0,0.0,0.0,0.0,0.0,1.0,0.0,0.0,0.0,0.0,0.0,0.0,0.0,8.0,0.0,0.0,0.0,0.0,8.0,0.0,0.0,0.0,0.0,0.0,0.0,0.0,0.0,2.0,0.0,0.0,0.0,0.0,8.0,0.0,0.0,0.0,1.0,8.0,0.0,0.0,0.0,0.0,0.0,0.0,1.0,0.0,0.0,0.0,0.0,0.0,0.0,0.0,0.0,0.0,0.0,1.0,0.0,1.0,0.0,0.0,0.0,0.0,0.0,0.0,0.0,0.0,0.0,0.0,0.0,0.0,0.0,0.0,0.0,0.0,0.0,0.0,0.0,0.0,0.0,2.0,0.0,0.0,0.0,0.0,0.0,0.0,0.0,0.0,0.0,0.0,0.0,0.0,0.0,0.0,0.0,0.0,0.0,0.0,0.0,0.0,0.0,0.0,0.0,0.0,0.0,0.0,0.0,0.4241515806139557,0.0,22.92051454084753,23.794026716511784,5.3139746196323525,2.481955843453997,0.0,0.0,0.0,0.3195739645096692,0.3460372971066681,0.0,0.0,0.0,0.0,0.0,0.0,0.4241515806139557,0.0,0.0,0.0,0.0,0.0,0.0,0.0,3.8882805464063903,0.0,0.0,0.0,0.0,3.8882805464063903,0.0,0.0,0.0,0.0,0.0,0.0,0.0,0.0,3.976816767332039,0.0,0.0,0.0,0.0,16.146532789452948,0.0,0.0,0.0,-0.2088707797933988,7.856364706852238,0.0,0.0,0.0,0.0,0.0,0.0,2.9711801249420664,0.0,0.0,0.0,0.0,0.0,0.0,0.0,0.0,0.0,0.0,12.5284800588045,0.0,5.851577494681001,0.0,0.0,0.0,0.0,0.0,0.0,0.0,0.0,0.0,0.0,0.0,0.0,0.0,0.0,0.0,0.0,0.0,0.0,0.0,0.0,0.0,1.5692768624199651,0.0,0.0,0.0,0.0,0.0,0.0,0.0,0.0,0.0,0.0,0.0,0.0,0.0,0.0,0.0,0.0,0.0,0.0,0.0,0.0,0.0,0.0,0.0,0.0,0.0,0.0,0.0,0.4241515806139557,0.0,0.7534428235469233,-0.2088707797933988,5.3139746196323525,2.481955843453997,0.0,0.0,0.0,0.3195739645096692,0.3460372971066681,0.0,0.0,0.0,0.0,0.0,0.0,0.4241515806139557,0.0,0.0,0.0,0.0,0.0,0.0,0.0,0.4351037379972565,0.0,0.0,0.0,0.0,0.4351037379972565,0.0,0.0,0.0,0.0,0.0,0.0,0.0,0.0,1.98840838366602,0.0,0.0,0.0,0.0,1.753797591052882,0.0,0.0,0.0,-0.2088707797933988,0.3450097981579463,0.0,0.0,0.0,0.0,0.0,0.0,2.9711801249420664,0.0,0.0,0.0,0.0,0.0,0.0,0.0,0.0,0.0,0.0,12.5284800588045,0.0,5.851577494681001,0.0,0.0,0.0,0.0,0.0,0.0,0.0,0.0,0.0,0.0,0.0,0.0,0.0,0.0,0.0,0.0,0.0,0.0,0.0,0.0,0.0,0.7534428235469233,0.0,0.0,0.0,0.0,0.0,0.0,0.0,0.0,0.0,0.0,0.0,0.0,0.0,0.0,0.0,0.0,0.0,0.0,0.0,0.0,0.0,0.0,0.0,0.0,0.0,0.0,0.0,0.4241515806139557,0.0,12.5284800588045,2.1843746150723664,5.3139746196323525,2.481955843453997,0.0,0.0,0.0,0.3195739645096692,0.3460372971066681,0.0,0.0,0.0,0.0,0.0,0.0,0.4241515806139557,0.0,0.0,0.0,0.0,0.0,0.0,0.0,0.5880179901178578,0.0,0.0,0.0,0.0,0.5880179901178578,0.0,0.0,0.0,0.0,0.0,0.0,0.0,0.0,1.98840838366602,0.0,0.0,0.0,0.0,2.1843746150723664,0.0,0.0,0.0,0.0,1.3504351915620856,0.0,0.0,0.0,0.0,0.0,0.0,2.9711801249420664,0.0,0.0,0.0,0.0,0.0,0.0,0.0,0.0,0.0,0.0,12.5284800588045,0.0,5.851577494681001,0.0,0.0,0.0,0.0,0.0,0.0,0.0,0.0,0.0,0.0,0.0,0.0,0.0,0.0,0.0,0.0,0.0,0.0,0.0,0.0,0.0,0.8158340388730421,0.0,0.0,0.0,0.0,0.0,0.0,0.0,0.0,0.0,0.0,0.0,0.0,0.0,0.0,0.0,0.0,0.0,0.0,0.0,0.0,0.0,0.0,0.0,0.0,0.0,0.0,0.0,50.69135802469135,2.112139917695473,0.615935334782061,12.5284800588045,-0.1228069579169119,-0.2088707797933988,8.628289865618118,1.8755374464600656,5.528480058804499,17.77555472080661,1.9751847127739983,5.451129045239494,23.914426603091663,11.99524,0.4998,0.0,0.0002,0.63089,0.8377,0.44118,0.53463,0.81619,0.18971,0.09626,-0.09346,0.02151,0.59664,0.11765,0.0,0.23025,0.37515,0.0,34.75,1.44792,14.75,0.61458,20.0,0.83333,5.25,0.21875,1.5,0.0625,17.15108,0.71463,41.77237,24.62129,1.02589,4.57618,0.19067,11.45234,6.87616,0.28651,0.46166,0.01924,0.71966,0.02999,0.4871794871794871,124.05,2.0,3.0,2.0,3.0,1.0,1.0,0.1052631578947368,1.6106847396428663,3.400536193110276,3.913356705930788,4.580023372597455,4.682587475161557,4.682587475161557,62.816704846071794,132.62091153130075,152.62091153130075,178.62091153130075,182.62091153130072,182.62091153130072,0.3047421318087665,0.6433826702865927,0.7404084956798593,0.8665420686911061,0.8859472337697593,0.8859472337697593,3.674717479219382,1.8848660257519727,1.3720455129314604,0.7053788462647939,0.6028147437006917,0.6028147437006917,0.283949923099924,0.599485403174719,0.6898912669638892,0.8074188898898106,0.8255000626476446,0.8255000626476446,19.69733517887736,35.99888118247182,42.15272733631798,46.25730569365132,46.360672363600045,46.36067236360002,77.50957345095318,52.45817643561513,38.48265099240944,30.42500313949997,30.08803880936026,30.08803880936025,18.7810650887574,8.131482834185537,4.411458333333333,3.0,20.0,0.0,3.0,2.5348999999999986,0.25,2.8459876870982885,4.100824617435551,0.0,5.8485646250146965,18.38177359213167,0.0,10.266421446885449,0.0,0.0,0.0,0.3333333333333333,0.0,0.0,0.0,0.0,0.0,0.0,0.0,-0.269,0.6739999999999999,0.679,2.496,2.516,13.785,37.0,48.0,60.0,71.0,70.0,70.0,76.0,81.0,83.0,646.0,3.610917912644224,4.2801323269925415,4.887525596934148,5.468323819449117,5.965345135874355,6.24003215076235,6.539021309240684,6.88944809545233,7.194290209342952,7.48853393813016,8.730561621527173,9.579261803405572,0.5,3.0,0.0,0.0,1.0,2.0,0.0,0.0,0.0,0.0,0.0,0.0,0.0,0.0,0.0,0.0,0.0,0.0,0.0,0.0,0.0,0.0,0.0,0.0,3.0,0.0,1.0,2.0,0.0,0.0,0.0,0.0,0.0,0.0,0.0,1.0,0.0,0.0,1.0,0.0,0.0,0.0,0.0,0.0,0.0,0.0,0.0,0.0,0.0,0.0,0.0,0.0,0.0,0.0,0.0,0.0,0.0,0.0,0.0,0.0,1.0,0.0,0.0,0.0,0.0,0.0,0.0,0.0,0.0,4.0,0.1538461538461538,8.0,0.3076923076923077,1.0,6.0,12.0,1.0,5.5,3.5555555555555527,1.75,1.7216666666666671,0.7919444444444442,0.4024943310657598,0.3160430839002268,0.1889644746787604,0.1687500000000001,0.1323334353637384,0.2115384615384615,0.096096096096096,0.0472972972972973,0.0521717171717171,0.0263981481481481,0.0154805511948369,0.0143655947227375,0.0111155573340447,0.0099264705882353,0.0073518575202076,0.5010507506935088,121.59270969652944,185.7146197450122,243.1854193930589,10.132725808044125,121.59270969652944,0.0130630912844686,0.0005442954701861,-10.411114762763834,354.74264799427345,14.78094366642806,14.091342219252995,42.24,302.6820113328233,5.584962500721157,4.844187086458591,5.6937321388027,6.572282542694008,7.438971592395862,8.31752199628717,9.189831495344642,10.068450991783877,10.943287118573286,11.822165975321376,124.8904309376615,3.970291913552122,0.0,5.303304908059076,2.3978952727983707,6.821107472256465,4.59511985013459,8.423541635334782,6.6052979209482015,10.068281392461866,10.314702763735976,359.04798408000045,9.206358566153858,48.50826553988292,2.021177730828455,13.815593329768094,5.685886512353124,3.050601783830224,1417.0,37.0,5.741000000000001,126.0,-1.0,4.146128035678237
0,0,0,0,0,0,0,0,0,0,0,0,0,0,0,0,0,0,0,0,0,0,0,0,0,0,0,0,0,0,0,0,0,0,0,0,0,0,0,0,0,0,0,0,0,0,0,0,0,0,0,0,0,0,0,0,0,0,0,0,0,0,0,0,0,0,0,0,0,0,0,0,0,0,0,0,0,0,0,0,0,0,0,0,0,0,0,0,0,0,0,0,0,0,0,0,0,0,0,0,0,0,0,0,0,0,0,0,0,0,0,0,0,0,0,0,0,0,0,0,0,0,0,0,0,0,0,0,0,0,0,0,0,0,0,0,0,0,0,0,0,0,0,0,0,0,0,0,0,0,0,0,0,0,0,0,0,0,0,0,0,0,0,0,0,0,0,0,0,0,0,0,0,0,0,0,0,0,0,0,0,0,0,2,4,3,1,2,2,5,1,2,1,2,3,4,2,2,2,2,5,0,0,0,0,0,0,0,0,0,0,0,0,0,0,0,0,2,3,2,3,0,0,0,0,0,0,0,0,0,0,0,0,0,0,0,0,0,1,5,2,5,1,2,0,0,0,0,0,0,0,0,0,0,0,0,0,0,0,0,0,0,0,0,0,0,0,0,0,0,0,0,0,0,0,0,0,0,0,0,0,0,0,0,0,0,0,0,0,0,0,0,0,0,0,0,0,0,0,0,0,0,0,0,0,0,0,0,0,0,0,0,0,0,0,0,0,0,0,0,0,0,0,0,0,0,0,0,0,0,0,0,0,0,0,0,0,0,0,0,0,0,0,0,0,0,0,0,0,0,0,0,0,0,0,0,0,0,0,0,0,0,0,0,0,0,0,0,0,0,0,0,0,0,0,0,0,0,0,0,0,0,0,0,0,0,0,0,0,0,0,0,0,0,0,0,0,0,0,0,0,0,0,0,0,0,0,0,0,0,0,0,0,0,0,0,0,0,0,0,0,0,0,0,0,0,0,0,0,0,0,0,0,5,2,3,1,1,2,1,0,0,0,0,0,0,0,0,0,0,0,0,0,0,0,0,0,0,0,0,0,0,0,0,0,0,0,0,0,0,0,0,0,0,0,0,0,0,0,0,0,0,0,0,0,0,0,0,0,0,0,0,0,0,0,0,0,0,0,0,0,0,0,0,0,0,0,0,0,0,0,0,0,0,0,0,0,0,0,0,0,0,0,0,0,0,0,0,0,0,0,0,0,0,0,0,0,0,0,0,0,0,0,0,0,0,0,0,0,0,0,0,0,0,0,0,0,0,0,0,0,0,0,0,0,0,0,0,0,0,0,0,0,0,0,0,0,0,0,0,0,0,0,0,0,0,0,0,0,2,5,2,4,0,0,0,0,0,0,0,0,0,0,0,0,0,0,0,0,0,0,0,0,0,2,2,2,1,2,2,2,1,0,0,0,0,0,0,0,0,0,0,0,2,2,2,2,2,4,3,2,2,0,0,0,0,0,0,2,2,2,2,2,0,0,1,0,0,0,0,5,5,0,0,0,0,0,0,0,0,0,0,0,1,5,2,5,0,0,0,0,0,2,0,0,0,0,0,0,0,1,2,2,2,2,2,1,0,0,0,0,0,0,0,0,0,0,0,0,0,0,0,3,2,3,0,2,3,4,0,0,0,0,0,0,0,0,0,0,0,0,0,0,0,0,0,0,0,0,0,0,0,0,0,0,0,0,0,0,0,0,2,2,2,1,2,2,2,2,2,0,0,0,0,0,0,0,0,0,0,0,0,0,0,0,0,0,0,0,0,0,0,0,0,3,2,2,2,3,1,1,2,3,2,0,0,0,5,2,3,0,0,0,0,0,0,0,1,2,0,0,0,0,0,0,0,2,2,2,0,0,0,0,0,0,0,0,0,0,0,0,0,0,0,0,0,0,0,0,0,0,0,0,0,0,0,0,0,0,0,0,0,0,0,0,0,0,0,0,0,0,0,0,0,0,0,0,0,0,0,0,0,0,0,0,0,0,0,0,0,0,0,0,0,0,0,2,5,4,0,1,1,2,2,2,2,2,3,2,0,0,0,3,2,2,3,0,0,0,0,0,0,0,0,0,0,0,0,2,2,0,0,0,0,0,0,0,0,0,0,0,0,0,0,0,0,0,0,0,0,0,0,0,0,0,0,0,0,0,0,0,2,2,2,2,4,5,0,0,0,0,0,0,0,0,0,0,0,0,0,0,0,0,0,0,0,0,0,0,0,0,0,0,0,0,0,0,0,0,0,0,3,0,0,0,0,0,0,0,0,0,0,0,0,0,0,0,0,0,0,0,0,0,0,0,0,0,0,2,3,0,0,0,0,0,0,2,2,5,5,1,1,0,0,0,0,0,0,0,0,0,0,0,0,0,0,0,0,0,0,0,0,0,0,2,1,2,0,0,0,0,0,0,0,0,0,3,3,5,0,0,1,5,0,0,0,0,0,0,0,0,0,0,0,0,0,0,0,3,2,0,0,0,0,2,2,2,0,0,0,0,2,2,2,2,1,0,0,0,2,3,2,2,2,1,0,0,2,2,1,2,2,0,0,0,0,0,0,0,0,0,0,0,0,1,2,3,0,0,0,0,0,0,0,0,0,0,0,0,0,0,0,0,0,0,0,0,0,0,0,0,0,0,0,0,0,0,0,0,0,0,0,0,0,0,0,1,2,0,0,0,0,1,0,0,0,0,0,0,0,0,0,0,0,0,0,0,0,0,0,0,0,0,0,0,0,0,0,0,0,0,0,0,0,0,0,0,0,0,0,0,0,0,0,0,0,0,0,0,0,0,0,0,0,0,0,0,0,0,0,0,0,0,0,0,0,0,0,0,0,0,0,0,0,0,0,0,0,0,0,0,0,0,0,0,0,0,0,5,2,0,0,0,0,0,0,4,2,0,0,0,0,0,0,0,0,0,0,0,0,1,3,3,2,0,0,0,0,0,0,0,0,0,0,0,0,0,0,0,0,0,0,0,0,0,0,0,0,0,0,0,0,0,0,0,0,0,0,0,0,0,0,0,0,0,0,0,2,1,0,0,0,0,0,0,0,0,0,0,0,0,0,0,0,0,0,0,0,0,0,0,2,2,2,5,0,0,0,0,0,0,0,2,2,0,0,0,0,0,0,0,0,2,2,2,1,0,0,0,0,2,2,2,2,0,2,1,2,2,2,0,2,2,0,0,0,0,0,0,0,0,0,0,0,0,0,0,0,0,0,0,1,2,2,0,0,0,0,0,0,0,0,0,0,0,0,0,0,0,0,2,2,5,2,2,1,0,0,0,0,0,0,0,3,2,0,3,4,2,4,1,1,2,0,1,1,4,3,3,3,1,3,4,1,1,0,4,0,0,1,3,2,2,2,4,0,3,1,2,2,3,4,0,2,1,3,1,0,1,2,4,0,0,1,4,2,1,1,2,0,2,3,4,1,2,4,0,3,4,4,2,0,3,1,3,3,1,4,4,1,3,4,2,2,0,2,3,3,3,2,4,0,4,3,3,1,3,2,3,0,4,3,0,2,4,0,4,4,2,0,2,4,2,3,2,3,1,0,2,2,1,0,3,2,2,2,4,4,0,3,3,0,3,2,4,2,0,1,1,0,0,3,0,1,3,1,1,3,2,4,0,0,0,1,0,4,0,3,4,2,3,3,4,2,0,2,2,0,0,1,4,3,1,2,0,4,0,4,4,2,4,3,2,0,3,0,1,2,3,3,3,4,1,3,1,2,0,1,0,3,0,1,2,0,3,2,2,2,4,0,0,2,1,4,3,3,2,0,3,2,3,3,2,4,2,3,4,0,0,1,2,4,4,0,0,2,2,3,4,1,2,4,1,0,0,1,1,1,4,3,2,4,3,4,1,1,1,1,3,0,0,0,1,1,4,4,3,4,0,2,3,4,0,0,3,3,0,2,1,1,4,4,1,4,0,4,0,1,4,1,4,2,3,4,2,2,0,1,3,4,4,2,4,2,4,4,4,2,4,1,2,1,4,3,0,0,4,4,3,4,0,3,3,0,0,3,3,4,4,1,3,1,4,1,2,3,4,2,1,1,2,0,0,0,3,4,3,4,2,2,3,4,2,2,4,0,3,2,1,1,4,1,2,1,4,4,3,0,0,3,0,0,0,0,0,0,0,0,0,0,0,0,0,0,0,0,0,0,0,0,0,0,0,0,0,0,0,0,0,0,0,0,0,0,0,0,0,0,0,0,0,0,0,0,0,0,0,0,0,0,0,0,0,0,0,0,0,0,0,0,0,0,0,0,0,0,0,0,0,0,0,0,0,0,0,0,0,0,0,0,0,2,1,2,0,2,2,2,3,3,2,2,3,1,2,2,0,0,0,0,0,0,0,2,3,2,3,3,5,4,0,2,5,0,5,2,0,0,0,0,2,2,5,2,0,0,0,0,0,0,0,0,0,0,0,0,0,0,0,0,0,0,0,0,0,0,0,0,0,0,0,0,0,0,0,0,0,0,0,0,0,0,0,0,0,0,0,0,0,0,0,0,0,0,0,0,0,0,0,0,0,0,0,0,0,0,0,0,0,0,0,0,0,0,0,0,0,0,0,0,0,0,0,0,0,0,0,0,0,0,0,0,0,0,0,0,0,0,0,0,2,1,1,1,5,5,3,1,1,5,4,1,3,1,3,3,0,0,0,0,0,0,0,0,0,0,0,0,0,0,0,0,0,0,0,0,0,0,0,0,0,0,0,0,0,0,0,0,0,0,0,0,0,0,0,0,0,0,0,0,0,0,0,0,0,0,0,0,0,0,0,0,0,0,0,0,0,0,0,0,0,0,0,0,0,0,0,0,0,0,0,0,0,0,0,0,0,0,0,0,0,0,0,0,0,0,0,0,0,0,0,0,0,0,0,0,0,0,0,0,0,0,0,0,0,0,0,0,0,0,0,0,0,0,0,0,0,0,0,0,0,0,0,0,0,0,0,0,0,0,0,0,0,0,0,0,0,0,0,0,0,0,0,0,0,0,0,0,0,0,0,0,0,0,0,0,0,0,0,0,0,0,0,0,0,0,0,0,0,0,0,0,0,0,0,0,0,0,0,0,0,0,0,0,0,0,0,0,0,0,0,0,0,0,0,0,0,0,0,0,0,0,0,0,0,0,0,0,0,0,0,0,0,0,0,0,0,0,0,0,0,0,0,0,0,0,0,0,0,0,0,0,0,0,0,0,0,0,0,0,0,0,0,0,0,0,0,0,0,0,0,0,0,0,0,0,0,0,0,0,0,0,0,0,0,0,0,0,0,0,0,0,0,0,0,0,0,0,0,0,3,3,2,3,2,2,4,2,3,1,1,2,5,5,1,2,1,0,0,0,0,0,0,0,0,0,0,0,0,0,0,0,0,0,0,0,0,0,0,0,0,0,0,0,0,0,0,0,0,0,0,0,0,0,0,0,0,0,0,0,0,0,0,0,0,0,0,0,0,0,0,0,0,0,0,0,0,0,0,0,0,0,0,0,0,0,0,0,0,0,0,0,0,0,0,0,0,0,0,0,0,0,0,0,0,0,0,0,0,0,0,0,0,0,0,0,0,0,0,0,0,0,0,0,0,0,0,0,0,0,0,0,0,0,0,0,0,0,0,0,0,0,0,0,0,0,1,1,2,4,1,3,2,3,1,3,4,5,3,3,1,3,5,4,1,2,4,3,3,1,3,3,1,3,1,1,2,1,3,2,2,5,3,2,2,3,4,1,2,2,4,0,0,0,0,0,0,0,0,0,0,0,0,0,0,0,0,0,0,0,0,0,0,0,0,0,0,0,0,0,0,1,0,0,0,0,0,0,0,0,0,0,0,0,0,0,0,1,0,1,0,0,0,0,0,0,0,0,0,0,0,0,0,0,1,0,0,0,0,0,0,0,0,0,0,0,0,0,0,0,0,0,0,0,0,0,0,0,1,0,0,0,1,0,0,0,0,0,0,0,0,0,0,1,1,0,0,0,0,0,0,0,0,0,1,0,0,0,0,0,1,1,0,0,0,0,1,0,0,0,0,0,0,0,0,0,1,0,1,0,0,0,0,1,0,0,0,0,0,1,0,0,0,0,0,0,0,0,0,0,1,0,0,0,0,1,0,0,0,1,0,0,0,0,0,0,0,0,0,0,0,0,0,0,0,0,0,0,0,0,0,0,0,0,0,0,0,0,0,0,0,0,0,0,1,0,0,0,0,0,0,0,0,0,0,0,1,0,0,0,0,0,0,0,0,0,0,0,0,0,0,0,0,0,0,0,0,0,0,0,0,0,0,0,0,1,0,0,0,0,0,0,0,1,0,0,0,0,0,0,0,0,0,0,0,0,0,0,0,0,0,0,1,0,0,0,0,0,0,0,0,0,0,0,0,0,0,0,0,1,0,0,0,0,0,0,0,0,0,1,0,0,0,0,0,0,0,0,0,0,0,0,0,0,0,0,0,0,0,0,1,0,0,0,0,1,0,0,0,1,0,0,0,0,0,0,0,0,0,0,0,0,0,0,0,0,1,0,1,0,0,0,0,0,0,0,0,1,0,1,0,0,0,0,1,0,0,0,0,0,0,0,0,0,0,0,0,0,0,0,1,0,0,0,1,1,0,0,0,0,0,0,0,0,0,0,0,0,0,0,0,0,1,0,0,0,0,0,0,1,0,0,0,1,0,0,0,0,0,0,0,0,0,0,0,0,0,0,0,0,0,0,1,0,0,0,0,0,0,0,0,0,0,0,0,0,0,0,0,0,0,0,0,1,0,0,0,0,0,0,0,0,0,0,0,0,0,0,0,0,0,0,0,0,0,0,0,0,0,0,0,0,1,0,0,0,0,0,0,0,0,0,0,0,0,0,0,0,0,0,0,0,0,0,0,0,0,0,0,0,1,1,0,0,0,0,0,0,0,0,0,0,0,0,0,0,0,0,0,0,0,0,0,0,0,0,0,0,0,0,0,0,1,0,0,0,0,0,0,0,0,0,0,0,0,0,0,0,0,0,1,0,0,0,0,0,0,1,0,0,0,0,1,0,0,0,0,0,0,0,0,0,0,0,0,1,0,0,0,0,0,0,1,0,0,0,0,0,0,0,0,0,0,0,0,0,0,0,0,0,0,1,0,0,0,0,0,0,0,0,0,0,0,0,0,0,0,1,0,0,0,1,0,0,0,0,0,0,0,0,0,0,0,0,0,0,0,0,0,0,0,0,0,0,0,1,0,0,0,0,0,0,0,0,0,0,0,0,0,0,1,0,0,0,1,0,0,0,0,0,1,0,0,0,0,0,0,0,0,0,0,0,0,0,0,0,0,0,1,0,0,0,0,0,0,0,0,0,0,0,0,0,0,0,0,0,0,0,0,1,0,0,0,0,0,0,0,0,0,0,0,0,0,0,0,0,0,1,1,0,0,0,0,0,0,1,1,0,0,0,1,0,0,0,0,0,0,0,0,0,0,0,0,0,0,0,0,0,0,0,0,0,1,0,0,0,0,1,0,0,0,0,0,0,0,0,0,0,0,0,0,0,0,0,0,0,0,0,0,0,0,0,0,0,0,0,0,0,0,0,0,0,0,0,1,1,0,0,0,0,0,0,0,0,0,0,0,0,0,0,0,1,0,0,0,0,0,0,0,0,0,0,1,0,0,0,0,0,0,0,0,0,0,0,0,1,0,0,0,0,0,0,0,0,0,0,0,0,0,0,0,0,0,1,0,0,0,0,0,0,0,0,0,0,0,0,0,0,0,0,0,0,0,0,0,0,0,0,0,1,0,0,0,0,0,0,0,0,0,0,1,0,0,0,0,0,0,1,0,0,1,0,0,0,0,0,0,0,1,0,0,0,0,0,0,0,0,0,0,1,0,0,1,0,0,0,0,0,0,0,1,0,1,0,0,0,0,0,0,0,0,0,0,0,0,0,0,0,0,0,0,0,0,0,0,0,0,0,0,0,1,0,0,0,0,0,0,0,0,0,0,0,0,1,0,0,0,0,0,0,0,0,0,0,0,0,0,0,0,0,0,0,1,1,0,0,0,0,0,0,0,0,0,0,0,0,0,0,1,0,0,0,0,0,0,0,0,1,0,0,0,0,1,1,0,0,0,0,1.0,1.3516000000000004,1.826822560000001,43.43300000000001,59.76089499999997,20.0,23.0,49.0,34.0,15.0,0.0,23.0,4.0,4.0,0.0,0.0,3.0,0.0,0.0,0.0,3.0,6224.789915449319,6384.6288375056,10465.049825839722,9239.5863885056,9836.788593011208,9771.191669564798,9233.227427516798,8519.54737340159,6725.686225372799,12577.096724489158,15892.092756406108,24024.36632757284,25678.17843681581,25583.49989149603,23583.478198114244,21068.34277112294,18367.487597800588,16297.872635357073,416.4222359999999,431.1277400000002,748.7334279999997,894.0345119999997,983.5601679999996,965.4608239999998,800.1566240000002,757.3563599999998,627.3172400000003,79.15745657273489,101.28048631599994,156.34920101454708,175.85629197564123,171.1536402618863,153.6835757055841,133.3806347067919,118.9656018111878,105.75004483079194,8187.462244403736,7824.839281920153,13942.701058247236,17570.314674813562,19848.782650191348,19337.73160059389,15581.522142813285,15282.950433008778,12382.716700869942,447.64583333333326,216.2361111111111,582.1666666666665,389.3333333333335,472.9722222222225,526.0972222222226,495.65277777777794,589.9444444444443,361.3333333333334,127.0365288867208,120.46469504727548,116.27833139821914,81.04900340794387,79.97389100009111,83.51445871422904,96.17945236996664,94.6616374822399,88.4958713864842,256.6754433569216,299.8508067246435,266.93740363969823,225.2471792703141,207.99593407720351,201.56818972747217,219.461903865864,204.08319553111764,214.4456925704878,8.498412979591834,8.134485660377363,8.319260311111107,7.842407999999997,7.996424130081299,8.251801914529912,8.334964833333336,8.415070666666663,8.25417421052632,1.6154582974027527,1.910952571999999,1.737213344606079,1.5425990524179054,1.3914930102592382,1.3135348350904623,1.3893816115290825,1.321840020124309,1.391447958299894,167.09106621232115,147.63847701736137,154.91890064719152,154.12556732292597,161.37221666822234,165.27975727003326,162.3075223209717,169.8105603667642,162.93048290618344,9.135629251700678,4.079926624737945,6.468518518518517,3.4152046783625742,3.845302619692866,4.496557454890792,5.16304976851852,6.554938271604938,4.754385964912282,1.1253118038171877,-0.8095127812323383,0.4038994620814025,-0.042739391710571,-0.2799099299387954,0.3962262675895641,-0.5237062395772134,0.4040373664036703,-0.0397136751617484,1747.4172212866497,15.07883133683736,521.2322690842892,-198.03290458690424,54.75776066300587,150.54998703894415,95.99223054537862,622.6878002487767,46.46547925516502,2052.954375129231,110.07373021350352,-149.8168753744864,-517.340394925975,32.58169374425199,422.0098433659093,-231.33046571306983,287.580597264773,211.5341049672949,8.209074775510205,-0.3569884714702183,8.319633922532288,-0.4634088246563786,-1.8427836201582588,-1.5099285864223218,-1.7129523765097874,4.704541432736358,-0.7681474885464372,11.23420420740797,0.502099491332818,1.8215725334036,-2.7557511812807887,-2.013114920415616,1.386083560578464,-3.153175102780027,1.8955659076179705,0.8487966723751657,142.89591897726496,-0.786432433296536,93.15703573433092,-37.47292856746797,-38.37951209418658,-20.709997826525274,-58.43069908622455,76.26066348511195,19.336865945953846,185.12868480725635,-13.277936855014117,166.45907665787402,-0.2166227035031895,-1.837055740663656,-48.94558980054596,-27.366062751631265,97.66131588689912,-13.262092762274984,0.0229655470166772,-0.0152738260609875,0.0044877718009044,-0.0003749069448295,-0.0022756904873072,0.0033865492956372,-0.0054552733289293,0.0044893040711518,-0.0005225483573914,35.6615759446255,0.2845062516384408,5.791469656492103,-1.737130741990388,0.4451850460406981,1.2867520259738816,0.9999190681810272,6.918753336097519,0.6113878849363819,41.89702806386185,2.076862834217048,-1.6646319486054046,-4.538073639701535,0.2648918190589593,3.606921738170165,-2.409692351177811,3.195339969608589,2.783343486411775,0.1675321382757184,-0.0067356315371739,0.0924403769170254,-0.0040649896899682,-0.0149819806516931,-0.0129053725335241,-0.0178432539219769,0.0522726825859595,-0.0101072037966636,0.2292694736205708,0.0094735753081663,0.0202396948155955,-0.0241732559761472,-0.0163667879708586,0.0118468680391321,-0.0328455739872919,0.0210618434179774,0.0111683772680942,2.9162432444339785,-0.0148383477980478,1.035078174825899,-0.3287098997146312,-0.312028553611273,-0.1770085284318399,-0.6086531154815057,0.8473407053901327,0.2544324466572874,3.778136424637885,-0.2505271104719644,1.8495452961986003,-0.0019001991535367,-0.0149354125257207,-0.4183383743636407,-0.2850631536628257,1.085125732076657,-0.1745012205562498,-0.6650756478779212,0.1954132334686174,-0.0163247557115586,-0.0990914993513849,0.147462165529,-0.2375416237622275,0.195479953858352,-0.022753577653167,0.0079779494905165,0.1624008334764837,-0.0487115528682121,0.0124836055123298,0.036082309653727,0.0280391160988981,0.1940114297483881,0.0171441633955193,0.0495706480911098,-0.0397315042505658,-0.1083149294690865,0.0063224489015114,0.0860901573417639,-0.05751463677817,0.0762665066538387,0.0664329575398341,-0.0402050114473478,0.5517769776500454,-0.0242639396345447,-0.0894275021252122,-0.0770322200047665,-0.1065064536609158,0.3120158503554165,-0.0603299396801679,0.041320700739448,0.0882790652238823,-0.1054359989335203,-0.0713866862098914,0.0516722433739178,-0.1432618720172476,0.0918650140612863,0.0487128839776435,-0.005088172197696,0.3549354728215753,-0.1127169005335943,-0.1069967514564566,-0.0606974499708428,-0.2087113674907597,0.2905589946954495,0.087246647598037,-0.0663097046570985,0.4895390447357575,-0.0005029461459213,-0.0039531162581436,-0.1107261166207719,-0.0754507306310802,0.287211897643601,-0.0461871147421509,1.7765695368058931,0.4916740208398873,0.7066953914299313,0.977759807834264,0.7402213908422979,1.2580279781803003,0.6317745502730691,0.8011981505311048,0.575666168385735,0.5790212059944904,0.8952127815807518,0.9330019408314126,1.0030826394198584,0.9014828378643832,0.8393478962349927,0.9490563301105132,0.7921253131887532,0.9340053247522128,1.1498445728681292,1.0278869177673595,0.9410066024572916,1.0015271025977297,0.9045547289025042,0.925034148637135,0.6649381989442484,0.2610232608745476,0.5882618450608617,0.7618587816954527,1.0265855244094253,1.0217716648193993,0.6731366791563786,0.945741043866408,0.9194734836680252,0.8997819123488165,1.0741336074596652,1.0059825660707176,0.9229262284965192,1.086909505368075,0.8568282861231331,0.9080506518945278,0.8835530000470199,0.6309276601659703,0.7951634977227072,0.8506566192780695,0.9471226199851548,1.1011212930305017,0.7370407207844785,0.7412815677290316,0.6159237686554074,0.2400032254738944,0.4965251750547521,0.5975481668237203,1.004945072330938,0.9775857634114892,0.687469748423243,0.8507714142000036,319.9866756339594,161.25546767202482,242.0899658789197,322.35967483984814,9.481166907054352,161.25546767202482,2.571428571428271,0.15806032944537,0.0046488332189814,-6.272246855465813,401.101022843847,11.79708890717197,20.380325297756663,319.4640673401147,161.04377332594754,241.87882457146327,321.9304625372436,9.468543015801282,161.04377332594754,2.670429949075526,0.1614669467298418,0.0047490278449953,-6.199746393023533,400.7931130120803,11.788032735649422,20.37771424616607,394.7526241255201,195.0244733329544,287.2167718146881,391.5667967694438,11.516670493218935,195.0244733329544,-4.513255421108255,0.1199501884776541,0.003527946719931,-7.210307642545861,441.5302353321194,12.98618339212116,20.70683810305186,320.5341750712193,161.49205580500427,242.38011689651745,322.8373156586366,9.495215166430487,161.49205580500427,2.495531173323883,0.1554217442936246,0.0045712277733419,-6.329483948970297,401.60557478732727,11.811928670215508,20.38459952906065,471.7677273172416,229.479887338224,331.8174091383088,463.78160661406935,13.6406354886491,229.479887338224,-12.396518333674578,0.4669483067965134,0.0137337737293092,-2.589224846383689,444.8193499003957,13.08292205589399,20.73207203117787,319.1514722354766,160.84968045112785,240.5857610104604,321.54320533367365,9.457153098049227,160.84968045112785,2.6546446658932723,0.1443678543188063,0.0042461133623178,-6.580328355610631,403.4312369028015,11.86562461478828,20.40002059240492,309.41675924491824,156.0194223812191,235.39608218497784,312.80223289587866,9.200065673408194,156.0194223812191,6.163703416149048,0.507420659337957,0.0149241370393516,-2.3066107163307663,477.0111240786864,14.029738943490775,20.96963535922271,0.0,11.99613701286246,19.00041958799547,-0.3515493524424847,0.5232886614139469,3.0051852035522435,10.583184567752935,38.0,53.0,51.0,28.0,13.0,1.0,1.0,1.0,0.0,25.0,27.437104999999995,4.137984618450115,3.993691846430953,3.748313248371763,3.5315062370561185,3.4564855887189974,3.3005542311077343,3.120509073347975,2.963030113146292,2.024618192116126,1.9721364937516508,1.7905787461914948,1.624443724905272,1.383450579645337,1.2963870642791868,1.2144889765745372,1.1477446265074256,4.093071711434284,3.923662180220216,3.6727556665792216,3.423017216248705,3.181972215414096,3.121110951098739,3.0106303539865777,2.8192754268385984,2.0354389579371923,1.99060212657184,1.789978844602795,1.6110336700603565,1.485033520019312,1.4406880087485237,1.3807281576976742,1.3077294307030474,4.1629752486882525,4.014133398644457,3.7774228635360703,3.582670522375726,3.4256038979297827,3.353746027236196,3.163742887880832,3.029581622816236,1.968436833465014,1.9157743476406952,1.6381603456986706,1.459985546786071,1.3252177241490248,1.2237179101615716,1.1145777495583826,1.0706693682172403,4.087514921890808,3.9123225319388273,3.665247702589787,3.397061461420384,3.1571055389919795,3.056839795693324,2.979824172094834,2.7673989347769736,2.0364008171272587,1.9998445531540847,1.7909115978021235,1.5957252177195778,1.5719979081495503,1.506522489673953,1.4571302316148789,1.343532219251641,4.187970986932543,4.031143432636487,3.801722023676675,3.604507284971884,3.44839443108959,3.363151943817059,3.214235413022221,3.086491353679601,1.9512828012423025,1.9044137253088005,1.60517967381478,1.4206268421084016,1.2918249152626806,1.2052547683999602,1.1036484266176567,1.0525328148026558,5.435185614951207,4.867797128070998,4.65013114825661,4.60960334029228,4.609603340292274,4.274135907389959,4.0922838509374,3.835782756231896,1.9423884084983845,1.855424045471196,1.7595385652442712,1.5520669852268787,1.235069960313642,1.078201315233044,1.019912453184883,0.8352377629458285,1.0,0.0,3.0,9.0,5.0,0.0,3.0,1.0,0.0,0.0,0.0,0.2926435951945341,0.6758314338487366,1.1593972250674751,0.0,0.0,0.1238311981718963,0.2679484315609551,0.380242945766984,3.78540504317141,0.3535533905932737,0.4138605412657321,0.0,1.0419461554171383,0.0110216678544351,0.1398299436185891,0.0,5.59688771605652,9.74462751743314,13.002339648830086,1.974928494335681,2.9249011691965388,3.316719879361829,24.034804948073724,16.196823100364064,16.232938659377133,12.278217814924266,11.154445480368263,8.878865359569437,7.085787460450419,5.556968809824379,0.7069060278845213,0.4262321868516859,0.2847883975329321,0.1659218623638414,0.1052306177393232,0.0662601892505181,0.0424298650326372,0.0272400431854136,17.31026490030613,10.216414641017067,7.939861133444378,5.71159363464347,4.34087252163213,2.913944044451226,1.887508047757356,1.2190926936746729,0.5091254382442979,0.2688530168688702,0.1392958093586733,0.0771836977654523,0.0409516275625672,0.0217458510779942,0.0113024433997446,0.0059759445768366,34.89442316303686,51.50400582665701,50.7882352941176,51.63200000000004,34.54544610778445,375.95242215568857,0.7121310849599359,1.051102159727694,1.036494597839135,1.0537142857142865,0.705009104240499,7.672498411340583,5.651170000000005,117.53980000000006,434.99757543699513,623.6002083509023,869.9951508739903,25.58809267276442,434.99757543699513,0.3022717209491924,0.0088903447337997,-4.067858354814904,403.7488132519717,11.874965095646226,20.40269597974305,982.0,2.0,0.0,8.0,18.0,1.0,0.0,0.0,3.0,0.0,1.0,0.0,0.0,0.0,1.0,0.0,0.0,0.0,0.0,1.0,0.0,0.0,0.0,0.0,0.0,0.0,6.0,0.0,4.0,1.0,0.0,6.0,0.0,0.0,0.0,0.0,0.0,0.0,0.0,0.0,0.0,0.0,3.0,0.0,0.0,6.0,1.0,0.0,1.0,1.0,8.0,2.0,1.0,0.0,0.0,0.0,0.0,0.0,1.0,1.0,0.0,0.0,2.0,0.0,0.0,0.0,0.0,1.0,1.0,1.0,1.0,0.0,0.0,3.0,0.0,0.0,0.0,0.0,0.0,0.0,0.0,0.0,0.0,0.0,0.0,0.0,0.0,0.0,0.0,0.0,0.0,0.0,0.0,0.0,0.0,0.0,0.0,0.0,0.0,0.0,0.0,0.0,0.0,0.0,0.0,0.0,0.0,0.0,0.0,0.0,0.0,0.0,0.0,0.0,0.0,0.0,0.0,0.0,0.0,0.0,0.9601096532390156,0.0,70.6866423894708,13.779126460894725,6.936100457306932,0.0,0.0,8.918152910275492,0.0,1.775704666117992,0.0,0.0,0.0,0.6222868503154282,0.0,0.0,0.0,0.0,0.3378228029235875,0.0,0.0,0.0,0.0,0.0,0.0,4.082491305148687,0.0,2.5014420996951228,0.7056185754972124,0.0,4.082491305148687,0.0,0.0,0.0,0.0,0.0,0.0,0.0,0.0,0.0,0.0,1.5529766334231223,0.0,0.0,8.82101975041884,-0.0688410470124591,0.0,1.780649716395117,-0.8464997839369028,2.2301606267834675,1.7937961512341998,-4.915620596094808,0.0,0.0,0.0,0.0,0.0,3.314709965065408,9.149858618816191,0.0,0.0,8.232524207169094,0.0,0.0,0.0,0.0,9.146895873777696,11.146146594277418,3.9311837696796488,5.256319735526084,0.0,0.0,37.89138645114454,0.0,0.0,0.0,0.0,0.0,0.0,0.0,0.0,0.0,0.0,0.0,0.0,0.0,0.0,0.0,0.0,0.0,0.0,0.0,0.0,0.0,0.0,0.0,0.0,0.0,0.0,0.0,0.0,0.0,0.0,0.0,0.0,0.0,0.0,0.0,0.0,0.0,0.0,0.0,0.0,0.0,0.0,0.0,0.0,0.0,0.0,0.3378228029235875,0.0,3.314709965065408,-0.8464997839369028,6.936100457306932,0.0,0.0,2.062700423869716,0.0,1.775704666117992,0.0,0.0,0.0,0.6222868503154282,0.0,0.0,0.0,0.0,0.3378228029235875,0.0,0.0,0.0,0.0,0.0,0.0,0.5722398702938476,0.0,0.5365796488718358,0.7056185754972124,0.0,0.5722398702938476,0.0,0.0,0.0,0.0,0.0,0.0,0.0,0.0,0.0,0.0,0.0582171317987842,0.0,0.0,0.9645819527913996,-0.0688410470124591,0.0,1.780649716395117,-0.8464997839369028,-0.568036823064989,0.8640923569524832,-4.915620596094808,0.0,0.0,0.0,0.0,0.0,3.314709965065408,9.149858618816191,0.0,0.0,3.941643162258016,0.0,0.0,0.0,0.0,9.146895873777696,11.146146594277418,3.9311837696796488,5.256319735526084,0.0,0.0,12.630462150381517,0.0,0.0,0.0,0.0,0.0,0.0,0.0,0.0,0.0,0.0,0.0,0.0,0.0,0.0,0.0,0.0,0.0,0.0,0.0,0.0,0.0,0.0,0.0,0.0,0.0,0.0,0.0,0.0,0.0,0.0,0.0,0.0,0.0,0.0,0.0,0.0,0.0,0.0,0.0,0.0,0.0,0.0,0.0,0.0,0.0,0.0,0.6222868503154282,0.0,12.630462150381517,1.8674019584111567,6.936100457306932,0.0,0.0,3.7654224842759967,0.0,1.775704666117992,0.0,0.0,0.0,0.6222868503154282,0.0,0.0,0.0,0.0,0.3378228029235875,0.0,0.0,0.0,0.0,0.0,0.0,0.7997268955791683,0.0,0.7056185754972124,0.7056185754972124,0.0,0.7997268955791683,0.0,0.0,0.0,0.0,0.0,0.0,0.0,0.0,0.0,0.0,0.7475753541417738,0.0,0.0,1.8674019584111567,0.0,0.0,1.780649716395117,0.0,1.0578527499985904,0.9297037942817166,0.0,0.0,0.0,0.0,0.0,0.0,3.314709965065408,9.149858618816191,0.0,0.0,4.290881044911077,0.0,0.0,0.0,0.0,9.146895873777696,11.146146594277418,3.9311837696796488,5.256319735526084,0.0,0.0,12.630462150381517,0.0,0.0,0.0,0.0,0.0,0.0,0.0,0.0,0.0,0.0,0.0,0.0,0.0,0.0,0.0,0.0,0.0,0.0,0.0,0.0,0.0,0.0,0.0,0.0,0.0,0.0,0.0,0.0,0.0,0.0,0.0,0.0,0.0,0.0,0.0,0.0,0.0,0.0,0.0,0.0,0.0,0.0,0.0,0.0,0.0,0.0,98.41666666666669,2.894607843137255,1.5824437773659277,12.630462150381517,0.116648914482383,-4.915620596094808,8.730652819421866,6.165620596094808,4.630462150381515,59.13805043091218,6.165620596094808,4.630462150381515,59.13805043091218,15.29045,0.44972,0.0,0.05028,0.74101,0.93557,0.44468,0.62253,0.90027,0.29633,0.11848,-0.17785,0.03531,0.48069,0.2336,0.0,0.12582,0.3924,0.0327,47.75,1.40441,22.75,0.66912,25.0,0.73529,2.25,0.06618,0.5,0.01471,26.60956,0.78263,67.07598,40.46642,1.19019,6.97172,0.20505,16.19675,9.22503,0.27132,0.71725,0.0211,1.14725,0.03374,0.4693877551020408,322.11,5.0,10.0,10.0,8.0,2.0,2.0,0.2272727272727272,1.871849202776381,4.345713732535942,4.956247343982751,5.3952223440710565,5.3952223440710565,5.3952223440710565,91.72061093604265,212.9399728942612,242.8561198551548,264.3658948594818,264.3658948594818,264.3658948594818,0.3333830696056842,0.7739872323216659,0.8827254625058508,0.9609084875019503,0.9609084875019503,0.9609084875019503,3.742860641338828,1.2689961115792665,0.6584625001324573,0.2194875000441518,0.2194875000441518,0.2194875000441518,0.3080312661922499,0.7151300978500946,0.8155994311211437,0.8878371011767147,0.8878371011767147,0.8878371011767147,20.21197868821961,45.61884794143982,50.78013279260291,51.67120298888962,51.671202988889625,51.671202988889625,102.88780867374052,47.10605649886782,34.36138434399892,31.510836544411195,31.510836544411195,31.51083654441119,25.641274238227147,10.400738688827332,5.796932067202338,5.0,23.0,2.0,2.78,2.977400000000003,0.0,0.0,0.0,0.0,8.539157417683434,28.2150590845126,1.3804096380951734,15.58425028446019,1.6298794206896765,0.0,0.4999999999999999,0.3113995776646091,0.1999999999999999,0.0,0.3769737205645769,0.0,0.7211247851537042,0.0,0.0,0.962,1.4039999999999997,1.3419999999999996,3.214000000000001,2.7989999999999995,17.083000000000006,57.0,74.0,106.0,134.0,167.0,204.0,238.0,270.0,315.0,1637.0,3.979681653901961,4.663439094112067,5.31443674842792,6.014631606389516,6.633153946068886,7.187385490782747,7.756770414008835,8.300503379229776,8.80262791625429,9.313479026596609,10.202889496566502,16.481389832773367,0.4705882352941176,5.0,0.0,0.0,3.0,2.0,0.0,0.0,0.0,0.0,0.0,0.0,0.0,3.0,0.0,0.0,0.0,0.0,1.0,1.0,0.0,0.0,1.0,0.0,8.0,0.0,3.0,2.0,0.0,1.0,1.0,0.0,0.0,1.0,0.0,2.0,0.0,0.0,2.0,0.0,0.0,0.0,0.0,0.0,0.0,0.0,0.0,0.0,0.0,0.0,0.0,0.0,1.0,1.0,0.0,0.0,1.0,0.0,0.0,0.0,2.0,0.0,0.0,1.0,1.0,0.0,0.0,1.0,0.0,6.0,0.1578947368421052,10.0,0.2631578947368421,0.0,9.0,17.0,0.8888888888888888,9.5,3.555555555555551,2.5138888888888884,2.171666666666668,1.5316666666666658,1.0231292517006796,0.5286989795918369,0.4107221592340641,0.2753240740740741,0.2589572492602793,0.25,0.0623781676413254,0.0474318658280922,0.040216049382716,0.0294551282051281,0.0208801888102179,0.0122953251067869,0.0114089488676128,0.0088814217443249,0.0078471893715236,0.5284191621433667,230.16365823597928,350.5790985113425,460.3273164719586,13.539038719763486,230.16365823597928,0.0134359488339026,0.000395174965703,-14.653392812271624,1225.9079068948445,36.05611490867189,24.17888578962832,125.03,366.6949313679653,6.08746284125034,5.25227342804663,6.115892125483034,7.036148493750536,7.922623574217286,8.846065190692881,9.743964132018151,10.668606496608543,11.573615966969458,12.498902694383824,151.65809210217034,4.343805421853684,0.0,5.720311776607412,3.4339872044851463,7.259116128097101,5.820082930352362,8.878636747430072,7.940583827104244,10.547890817857144,10.825382551130115,468.1045396200004,9.553153869795926,69.97717208487006,2.0581521201432373,30.00859491573663,10.91421287676578,11.985948254800078,3772.0,53.0,4.514999999999999,190.0,1.0,1.041392685158225
0,0,0,0,0,0,0,0,0,0,0,0,0,0,0,0,0,0,0,0,0,0,0,0,0,0,0,0,0,0,0,0,0,0,0,0,0,0,0,0,0,0,0,0,0,0,0,0,0,0,0,0,0,0,0,0,0,0,0,0,0,0,0,0,0,0,0,0,0,0,0,0,0,0,0,0,0,0,0,0,0,0,0,0,0,0,0,0,0,0,0,0,0,0,0,0,0,0,0,0,0,0,0,0,0,0,0,0,0,0,0,0,0,0,0,0,0,0,0,0,0,0,0,0,0,0,0,0,0,0,0,0,0,0,0,0,0,0,0,0,0,0,0,0,0,0,0,0,0,0,0,0,0,0,0,0,0,0,0,0,0,0,0,0,0,0,0,0,0,0,0,0,0,0,0,0,0,0,0,0,0,0,0,2,4,3,1,2,2,5,1,2,1,2,3,4,2,2,2,2,5,0,0,0,0,0,0,0,0,0,0,0,0,0,0,0,0,2,3,2,3,0,0,0,0,0,0,0,0,0,0,0,0,0,0,0,0,0,1,5,2,5,1,2,0,0,0,0,0,0,0,0,0,0,0,0,0,0,0,0,0,0,0,0,0,0,0,0,0,0,0,0,0,0,0,0,0,0,0,0,0,0,0,0,0,0,0,0,0,0,0,0,0,0,0,0,0,0,0,0,0,0,0,0,0,0,0,0,0,0,0,0,0,0,0,0,0,0,0,0,0,0,0,0,0,0,0,0,0,0,0,0,0,0,0,0,0,0,0,0,0,0,0,0,0,0,0,0,0,0,0,0,0,0,0,0,0,0,0,0,0,0,0,0,0,0,0,0,0,0,0,0,0,0,0,0,0,0,0,0,0,0,0,0,0,0,0,0,0,0,0,0,0,0,0,0,0,0,0,0,0,0,0,0,0,0,0,0,0,0,0,0,0,0,0,0,0,0,0,0,0,0,0,0,0,0,0,0,0,0,0,0,0,5,2,3,1,1,2,1,0,0,0,0,0,0,0,0,0,0,0,0,0,0,0,0,0,0,0,0,0,0,0,0,0,0,0,0,0,0,0,0,0,0,0,0,0,0,0,0,0,0,0,0,0,0,0,0,0,0,0,0,0,0,0,0,0,0,0,0,0,0,0,0,0,0,0,0,0,0,0,0,0,0,0,0,0,0,0,0,0,0,0,0,0,0,0,0,0,0,0,0,0,0,0,0,0,0,0,0,0,0,0,0,0,0,0,0,0,0,0,0,0,0,0,0,0,0,0,0,0,0,0,0,0,0,0,0,0,0,0,0,0,0,0,0,0,0,0,0,0,0,0,0,0,0,0,0,0,2,5,2,4,0,0,0,0,0,0,0,0,0,0,0,0,0,0,0,0,0,0,0,0,0,2,2,2,1,2,2,2,1,0,0,0,0,0,0,0,0,0,0,0,2,2,2,2,2,4,3,2,2,0,0,0,0,0,0,2,2,2,2,2,0,0,1,0,0,0,0,5,5,0,0,0,0,0,0,0,0,0,0,0,1,5,2,5,0,0,0,0,0,2,0,0,0,0,0,0,0,1,2,2,2,2,2,1,0,0,0,0,0,0,0,0,0,0,0,0,0,0,0,3,2,3,0,2,3,4,0,0,0,0,0,0,0,0,0,0,0,0,0,0,0,0,0,0,0,0,0,0,0,0,0,0,0,0,0,0,0,0,2,2,2,1,2,2,2,2,2,0,0,0,0,0,0,0,0,0,0,0,0,0,0,0,0,0,0,0,0,0,0,0,0,3,2,2,2,3,1,1,2,3,2,0,0,0,5,2,3,0,0,0,0,0,0,0,1,2,0,0,0,0,0,0,0,2,2,2,0,0,0,0,0,0,0,0,0,0,0,0,0,0,0,0,0,0,0,0,0,0,0,0,0,0,0,0,0,0,0,0,0,0,0,0,0,0,0,0,0,0,0,0,0,0,0,0,0,0,0,0,0,0,0,0,0,0,0,0,0,0,0,0,0,0,0,2,5,4,0,1,1,2,2,2,2,2,3,2,0,0,0,3,2,2,3,0,0,0,0,0,0,0,0,0,0,0,0,2,2,0,0,0,0,0,0,0,0,0,0,0,0,0,0,0,0,0,0,0,0,0,0,0,0,0,0,0,0,0,0,0,2,2,2,2,4,5,0,0,0,0,0,0,0,0,0,0,0,0,0,0,0,0,0,0,0,0,0,0,0,0,0,0,0,0,0,0,0,0,0,0,3,0,0,0,0,0,0,0,0,0,0,0,0,0,0,0,0,0,0,0,0,0,0,0,0,0,0,2,3,0,0,0,0,0,0,2,2,5,5,1,1,0,0,0,0,0,0,0,0,0,0,0,0,0,0,0,0,0,0,0,0,0,0,2,1,2,0,0,0,0,0,0,0,0,0,3,3,5,0,0,1,5,0,0,0,0,0,0,0,0,0,0,0,0,0,0,0,3,2,0,0,0,0,2,2,2,0,0,0,0,2,2,2,2,1,0,0,0,2,3,2,2,2,1,0,0,2,2,1,2,2,0,0,0,0,0,0,0,0,0,0,0,0,1,2,3,0,0,0,0,0,0,0,0,0,0,0,0,0,0,0,0,0,0,0,0,0,0,0,0,0,0,0,0,0,0,0,0,0,0,0,0,0,0,0,1,2,0,0,0,0,1,0,0,0,0,0,0,0,0,0,0,0,0,0,0,0,0,0,0,0,0,0,0,0,0,0,0,0,0,0,0,0,0,0,0,0,0,0,0,0,0,0,0,0,0,0,0,0,0,0,0,0,0,0,0,0,0,0,0,0,0,0,0,0,0,0,0,0,0,0,0,0,0,0,0,0,0,0,0,0,0,0,0,0,0,0,5,2,0,0,0,0,0,0,4,2,0,0,0,0,0,0,0,0,0,0,0,0,1,3,3,2,0,0,0,0,0,0,0,0,0,0,0,0,0,0,0,0,0,0,0,0,0,0,0,0,0,0,0,0,0,0,0,0,0,0,0,0,0,0,0,0,0,0,0,2,1,0,0,0,0,0,0,0,0,0,0,0,0,0,0,0,0,0,0,0,0,0,0,2,2,2,5,0,0,0,0,0,0,0,2,2,0,0,0,0,0,0,0,0,2,2,2,1,0,0,0,0,2,2,2,2,0,2,1,2,2,2,0,2,2,0,0,0,0,0,0,0,0,0,0,0,0,0,0,0,0,0,0,1,2,2,0,0,0,0,0,0,0,0,0,0,0,0,0,0,0,0,2,2,5,2,2,1,0,0,0,0,0,0,0,3,2,0,3,4,2,4,1,1,2,0,1,1,4,3,3,3,1,3,4,1,1,0,4,0,0,1,3,2,2,2,4,0,3,1,2,2,3,4,0,2,1,3,1,0,1,2,4,0,0,1,4,2,1,1,2,0,2,3,4,1,2,4,0,3,4,4,2,0,3,1,3,3,1,4,4,1,3,4,2,2,0,2,3,3,3,2,4,0,4,3,3,1,3,2,3,0,4,3,0,2,4,0,4,4,2,0,2,4,2,3,2,3,1,0,2,2,1,0,3,2,2,2,4,4,0,3,3,0,3,2,4,2,0,1,1,0,0,3,0,1,3,1,1,3,2,4,0,0,0,1,0,4,0,3,4,2,3,3,4,2,0,2,2,0,0,1,4,3,1,2,0,4,0,4,4,2,4,3,2,0,3,0,1,2,3,3,3,4,1,3,1,2,0,1,0,3,0,1,2,0,3,2,2,2,4,0,0,2,1,4,3,3,2,0,3,2,3,3,2,4,2,3,4,0,0,1,2,4,4,0,0,2,2,3,4,1,2,4,1,0,0,1,1,1,4,3,2,4,3,4,1,1,1,1,3,0,0,0,1,1,4,4,3,4,0,2,3,4,0,0,3,3,0,2,1,1,4,4,1,4,0,4,0,1,4,1,4,2,3,4,2,2,0,1,3,4,4,2,4,2,4,4,4,2,4,1,2,1,4,3,0,0,4,4,3,4,0,3,3,0,0,3,3,4,4,1,3,1,4,1,2,3,4,2,1,1,2,0,0,0,3,4,3,4,2,2,3,4,2,2,4,0,3,2,1,1,4,1,2,1,4,4,3,0,0,3,0,0,0,0,0,0,0,0,0,0,0,0,0,0,0,0,0,0,0,0,0,0,0,0,0,0,0,0,0,0,0,0,0,0,0,0,0,0,0,0,0,0,0,0,0,0,0,0,0,0,0,0,0,0,0,0,0,0,0,0,0,0,0,0,0,0,0,0,0,0,0,0,0,0,0,0,0,0,0,0,0,2,1,2,0,2,2,2,3,3,2,2,3,1,2,2,0,0,0,0,0,0,0,2,3,2,3,3,5,4,0,2,5,0,5,2,0,0,0,0,2,2,5,2,0,0,0,0,0,0,0,0,0,0,0,0,0,0,0,0,0,0,0,0,0,0,0,0,0,0,0,0,0,0,0,0,0,0,0,0,0,0,0,0,0,0,0,0,0,0,0,0,0,0,0,0,0,0,0,0,0,0,0,0,0,0,0,0,0,0,0,0,0,0,0,0,0,0,0,0,0,0,0,0,0,0,0,0,0,0,0,0,0,0,0,0,0,0,0,0,2,1,1,1,5,5,3,1,1,5,4,1,3,1,3,3,0,0,0,0,0,0,0,0,0,0,0,0,0,0,0,0,0,0,0,0,0,0,0,0,0,0,0,0,0,0,0,0,0,0,0,0,0,0,0,0,0,0,0,0,0,0,0,0,0,0,0,0,0,0,0,0,0,0,0,0,0,0,0,0,0,0,0,0,0,0,0,0,0,0,0,0,0,0,0,0,0,0,0,0,0,0,0,0,0,0,0,0,0,0,0,0,0,0,0,0,0,0,0,0,0,0,0,0,0,0,0,0,0,0,0,0,0,0,0,0,0,0,0,0,0,0,0,0,0,0,0,0,0,0,0,0,0,0,0,0,0,0,0,0,0,0,0,0,0,0,0,0,0,0,0,0,0,0,0,0,0,0,0,0,0,0,0,0,0,0,0,0,0,0,0,0,0,0,0,0,0,0,0,0,0,0,0,0,0,0,0,0,0,0,0,0,0,0,0,0,0,0,0,0,0,0,0,0,0,0,0,0,0,0,0,0,0,0,0,0,0,0,0,0,0,0,0,0,0,0,0,0,0,0,0,0,0,0,0,0,0,0,0,0,0,0,0,0,0,0,0,0,0,0,0,0,0,0,0,0,0,0,0,0,0,0,0,0,0,0,0,0,0,0,0,0,0,0,0,0,0,0,0,0,3,3,2,3,2,2,4,2,3,1,1,2,5,5,1,2,1,0,0,0,0,0,0,0,0,0,0,0,0,0,0,0,0,0,0,0,0,0,0,0,0,0,0,0,0,0,0,0,0,0,0,0,0,0,0,0,0,0,0,0,0,0,0,0,0,0,0,0,0,0,0,0,0,0,0,0,0,0,0,0,0,0,0,0,0,0,0,0,0,0,0,0,0,0,0,0,0,0,0,0,0,0,0,0,0,0,0,0,0,0,0,0,0,0,0,0,0,0,0,0,0,0,0,0,0,0,0,0,0,0,0,0,0,0,0,0,0,0,0,0,0,0,0,0,0,0,1,1,2,4,1,3,2,3,1,3,4,5,3,3,1,3,5,4,1,2,4,3,3,1,3,3,1,3,1,1,2,1,3,2,2,5,3,2,2,3,4,1,2,2,4,0,0,0,0,0,0,0,0,0,0,0,0,0,0,0,0,0,0,0,0,0,0,0,0,0,0,0,0,0,0,0,1,0,0,0,0,0,0,0,0,0,0,0,0,0,0,0,0,0,0,0,0,0,0,1,0,1,0,0,0,0,0,0,0,0,0,0,0,0,0,0,0,0,0,0,0,0,0,0,0,0,0,0,0,0,0,0,1,0,0,0,0,0,0,0,0,0,0,0,0,0,0,0,0,0,0,0,0,0,0,0,0,0,0,0,0,0,1,0,0,0,0,0,0,0,0,1,0,0,0,0,0,0,0,1,0,0,0,0,0,0,0,0,0,1,0,1,0,0,1,0,0,0,0,0,0,0,0,0,0,0,0,0,0,0,0,0,0,0,0,0,0,0,0,0,0,0,0,0,0,0,0,0,0,0,0,0,0,0,0,0,0,0,0,0,0,0,0,1,0,0,0,0,0,0,0,0,0,0,0,0,0,0,0,0,0,0,0,0,0,0,0,0,0,0,0,0,0,0,0,0,0,0,0,0,0,0,0,0,0,0,0,0,0,0,0,0,0,0,0,0,0,0,0,0,0,0,0,0,0,0,0,0,0,0,0,0,0,0,0,0,0,0,0,0,0,0,0,0,0,0,0,0,0,0,0,0,0,0,0,0,0,0,0,1,0,1,0,0,0,0,0,0,0,1,0,0,0,0,0,0,0,0,1,0,1,0,0,0,0,0,0,0,0,0,0,0,0,0,0,0,0,0,0,0,0,0,1,0,0,1,0,0,0,0,0,0,0,0,0,0,0,0,0,0,1,0,0,0,0,0,0,0,0,0,0,0,0,0,0,0,0,0,0,0,0,0,0,0,1,0,0,0,1,0,0,0,0,0,0,0,0,0,0,0,0,0,0,0,0,0,0,0,0,0,0,0,0,0,0,0,0,0,0,0,0,0,0,0,0,0,0,0,0,0,0,0,0,0,0,0,0,0,0,0,0,0,0,0,0,0,0,0,0,0,0,0,0,0,0,0,0,0,0,0,0,0,0,0,0,0,0,0,0,0,0,0,0,0,0,0,0,0,0,0,0,0,0,0,0,0,0,0,0,0,0,0,0,0,0,0,0,0,0,0,0,0,0,0,0,0,1,0,0,0,0,0,0,1,0,0,0,0,0,0,0,0,0,0,0,0,0,0,0,0,0,0,0,0,0,0,0,0,0,0,0,0,0,0,0,0,0,0,0,0,0,0,0,0,0,0,0,1,0,0,0,0,0,0,0,0,0,0,0,0,0,0,0,0,0,0,0,0,0,0,0,0,0,0,0,0,0,0,0,0,0,0,0,0,0,0,0,1,0,0,0,0,0,0,0,0,0,0,0,0,0,0,0,0,0,0,0,0,0,0,0,0,0,0,0,0,0,0,0,0,0,0,0,0,0,0,0,0,0,0,1,0,0,0,0,0,0,1,0,0,0,1,0,0,0,0,0,0,0,0,0,0,0,0,0,0,0,0,0,0,0,0,0,0,0,1,0,0,1,0,0,0,0,0,0,0,0,0,1,0,0,0,0,1,0,0,0,0,0,0,0,0,0,1,0,0,0,0,0,0,0,0,0,0,0,0,0,0,0,0,0,0,1,0,0,0,1,1,0,0,0,1,0,0,0,0,0,0,0,0,0,0,0,0,0,0,0,0,0,0,0,0,0,1,1,0,0,0,0,0,0,0,0,0,0,0,0,0,0,0,1,0,0,0,0,0,0,0,0,0,0,0,0,0,0,0,0,0,0,0,0,0,0,0,0,0,0,0,0,0,1,0,0,0,0,0,0,1,0,0,0,0,0,0,0,0,0,0,0,1,0,0,0,0,0,0,0,0,0,0,0,0,0,0,0,0,0,0,0,0,0,0,0,0,1,0,0,0,0,0,0,0,0,0,0,0,0,0,0,0,0,0,0,0,0,0,0,0,0,0,0,0,0,0,0,0,0,1,0,0,0,0,0,0,0,0,0,0,0,0,0,1,0,0,0,0,0,0,0,0,0,0,0,1,1,0,1,1,0,0,0,1,0,1,0,1,0,0,0,0,0,0,0,0,0,0,0,0,0,0,1,0,1,0,0,0,0,0,0,0,0,0,0,0,0,0,0,0,0,0,0,0,0,0,0,0,0,0,0,0,0,0,0,1,0,0,0,0,0,0,0,1,0,0,0,0,0,0,0,0,0,0,0,0,0,0,0,0,0,1,0,0,0,0,0,0,0,1,0,0,0,0,0,0,0,0,0,0,0,0,0,0,0,0,0,1,0,0,0,0,0,0,0,0,0,0,0,0,0,0,0,0,0,0,0,0,0,0,0,0,0,0,0,0,0,0,0,0,1,0,0,0,0.0,1.770099999999999,3.1332540099999955,57.42970000000002,51.241273999999976,11.0,12.0,42.0,24.0,18.0,0.0,18.0,3.0,1.0,1.0,0.0,1.0,0.0,0.0,0.0,1.0,4848.382402149778,4774.029023835201,7403.423721670402,8005.416502718397,6886.117717356799,6995.188812766395,5645.62714981441,4633.627882260807,4641.851239427201,9902.966170322892,12144.610595002105,17615.25013635053,19743.1421872168,20287.886359333308,19827.3491239277,17326.037300811855,13699.57747233722,11918.131619232214,325.3621129999999,341.10812,574.7020080000005,646.8974879999998,770.8938360000005,744.469354,867.9539320000014,627.8796480000009,532.8702920000001,71.19668528728191,85.73992757999999,125.35270623818788,141.19720550554703,153.55378313509394,149.64296676494308,137.1173560113191,108.71491616628192,91.39494265618792,6840.871387329082,6423.4363783932,11585.490468448994,12649.661493376572,15529.030764570878,15002.18510580286,18895.509980158586,13394.575447882626,11245.283449674169,210.64231824417007,141.82716049382717,223.7283950617284,283.746913580247,317.04320987654324,309.6543209876543,331.98765432098764,224.5432098765432,198.53703703703687,115.43767624166136,108.5006596326182,100.04626650905948,97.62703052095608,69.55674461976565,71.37947768128974,49.52304517381061,55.82684195494947,67.27320636851016,235.7849088172117,276.0138771591388,238.04392076149364,240.77002667337555,204.9281450437708,202.3198890196704,151.98278334045486,165.05515026912312,172.72654520626398,7.746716976190474,7.752457272727272,7.766243351351359,7.888993756097559,7.78680642424243,7.596626061224489,7.613630982456152,7.564815036144589,7.722757855072465,1.6951591735067122,1.9486347177272725,1.6939554897052416,1.7219171403115492,1.5510483144958984,1.526969048621868,1.2027838246606937,1.3098182670636376,1.324564386321564,162.87789017450194,145.98719041802727,156.56068200606748,154.26416455337284,156.85889661182705,153.08352148778428,165.75008754525075,161.3804270829232,162.9751224590459,5.0152932915278585,3.22334455667789,3.023356690023357,3.460328214393256,3.202456665419629,3.159737969261778,2.912172406324453,2.705339878030641,2.877348362855608,0.4826174082596275,-0.275276764262508,0.0504130146249493,0.0312961933732322,-0.0691438252420888,-0.0212401830643434,0.0783511711054994,0.0668375601516644,-0.1704942201520023,2040.344941815232,144.54498437227446,1005.2991337455692,-26.20682652401255,-1680.3739500368947,-467.645151795032,-160.11660932072778,-289.0638269368032,28.577489008750703,2166.5151577738425,-49.33648500324755,1048.0012866878649,-193.4146850362968,-956.6196033774996,-1409.9180660227275,366.9438583377096,-211.06970955358963,-161.18481939804644,3.449238499999999,-0.0541349999999993,0.5732465000000013,-0.1452579999999968,-1.4415302499999956,-0.0993415000000008,-0.7515349999999978,-0.3359137500000019,-0.5961257500000005,12.57118925435162,-0.3140917708128274,4.51769118531449,-1.0410597117481954,-4.747625256278188,-7.574159966981862,2.7438216491472622,-1.420160618266961,-0.8979197551216613,90.53280952991146,-17.906635352086354,11.088362439808396,2.785913038166448,-0.9102511032262264,-56.56237370402447,21.479643262778744,-9.532291533855489,-14.19446540170769,80.3266134300085,-4.007755319777656,3.702299689880524,-3.607797622935775,-14.347320787025332,0.8653597012650509,-28.702357623433457,-6.864831106196469,-16.452421194815347,0.0114908906728482,-0.0062562900968751,0.0006812569543912,0.0003816608947955,-0.0006984224771928,-0.000216736561881,0.0006872909746096,0.0008052718090561,-0.0024709307268406,48.579641471791234,3.285113281188056,13.585123428994178,-0.3195954454147872,-16.973474242796915,-4.771889304030938,-1.4045316607081384,-3.4826967100819664,0.4141665073731986,51.583694232710535,-1.121283750073808,14.162179549836011,-2.358715671174351,-9.6628242765404,-14.38691904104824,3.2188057748921897,-2.5430085488384293,-2.3360118753340062,0.0821247261904761,-0.0012303409090908,0.0077465743243243,-0.0017714390243902,-0.0145609116161615,-0.0010136887755102,-0.0065924122807017,-0.0040471536144578,-0.0086395036231884,0.2993140298655148,-0.0071384493366551,0.0610498808826282,-0.0126958501432706,-0.0479558106694766,-0.0772873466018557,0.0240686109574321,-0.0171103688947826,-0.0130133297843719,2.1555430840455108,-0.4069689852746899,0.1498427356730864,0.0339745492459322,-0.0091944555881437,-0.5771670786124945,0.1884179233577082,-0.1148468859500661,-0.2057168898798216,1.9125384150002025,-0.0910853481767649,0.0500310768902773,-0.0439975319870216,-0.144922432192175,0.0088302010333168,-0.2517750668722233,-0.0827088085083912,-0.2384408868813818,-0.5444564981945321,0.0592866970704841,0.033214213385333,-0.0607805345188004,-0.0188615981172966,0.059811810431165,0.0700791463414553,-0.2150338731077787,0.0676232508446079,0.2796464324851524,-0.0065787938266355,-0.349394802607856,-0.0982281704734653,-0.0289119396141222,-0.0716904572485218,0.0085255159327121,-0.0217371742515248,0.2745476019213725,-0.0457259935772228,-0.1873232311154046,-0.2789043951785277,0.0623996753774773,-0.0492986899574525,-0.0452858584496781,-0.0149813699985714,0.0943269424893704,-0.0215701056985153,-0.1773024068584373,-0.0123432834729836,-0.0802731721188526,-0.049280573612764,-0.1051997860321672,-0.0238493642942917,0.2039659848556335,-0.0424164886255918,-0.1602190538513137,-0.25821491440472,0.0804125719340534,-0.0571652752210464,-0.043477179436657,-0.1888011370716343,0.0695150733855258,0.0157614800174483,-0.0042654937663726,-0.2677594722575763,0.0874108825531274,-0.0532797914363753,-0.0954362227331282,-0.0476253692278151,0.0261595147568693,-0.0230047834030131,-0.0757749130974499,0.0046170058410648,-0.1316444495428326,-0.0432455671790427,-0.1246724693272927,1.5612841183465245,1.08645882460774,1.3326702604009586,1.0655228248984354,0.84863020934984,0.7701955761228526,0.8466666022067091,1.4002049045433171,0.7032469231443538,0.6509287768128545,0.9577518753040012,1.45796879770877,0.966911814750437,1.0662770310273697,1.1312327089766652,1.0396573528545323,0.9392887689480924,0.6592089550788119,0.957696350525934,1.1486703160099,1.2619233953867908,0.9483346907043796,1.0554259505266077,1.0027564295523674,0.6103462533699965,0.6737432201496231,1.0289045683561753,1.2246247771190462,0.8374608730925067,1.2850475178237226,0.8799155478339209,1.0981770975354943,0.9537012965555248,0.756772254830368,1.03926288614701,1.2685365763986216,1.2229654191907224,0.9162736790221808,1.0880726284531033,1.0344585353236384,1.1800622413124715,0.9103375838819312,1.0781177970610707,1.0579891427539787,1.264139418274672,0.921651435507943,0.8971183925059445,0.996851732942786,0.5385617492361597,0.5816951971413339,0.974652718235379,1.1587389127311067,0.8557125665368082,1.4372558718551804,0.8903675044396154,1.103212619919972,153.6546973621377,77.354178644134,115.34616629718391,154.88823182361313,6.45367632598388,77.354178644134,1.6369047619046313,0.0899699241148414,0.0037487468381183,-5.779871618407308,229.99778977645988,9.583241240685828,13.051367278102695,153.4931165299966,77.28887865692272,115.2774177212025,154.752944066359,6.44803933609829,77.28887865692272,1.6699137898955314,0.0916592704004286,0.0038191362666845,-5.735225183471493,229.3804614918697,9.557519228827903,13.044916869225966,195.35170114569408,96.8028259963882,141.83813774194812,194.04216428100588,8.085090178375244,96.8028259963882,-1.7460491529176636,0.1515311888762534,0.0063137995365105,-4.528713139321108,270.456855075892,11.269035628162166,13.440270203811131,165.02918622873102,83.04166305622286,124.80662074373733,165.9954811221362,6.916478380089007,83.04166305622286,1.0541398837146971,0.19393394566602,0.0080805810694175,-3.9365703939721066,184.9642362642644,7.706843177677683,12.528389973359108,212.3091613148468,103.72427759735577,149.27708120998858,209.5336190011231,8.73056745838013,103.72427759735577,-4.2109064557137685,0.0348838455871771,0.0014534935661323,-8.053755441822496,292.22947347540054,12.176228061475022,13.62609446808504,163.87135485914558,82.49352024982174,124.89010900776968,164.89406669626868,6.870586112344528,82.49352024982174,1.1156856404978868,0.2276787408678582,0.0094866142028274,-3.551567219824955,177.8655642328743,7.411065176369763,12.434467218775346,231.6597281515573,113.66532319179944,180.14279740494916,231.6769606618452,9.653206694243549,113.66532319179944,0.0295414462077019,0.5516838008009306,0.0229868250333721,-1.4274725315225978,264.13260907580315,11.005525378158463,13.383483081930356,2.0,11.993309616126716,31.972072209889983,-0.2767563881920134,0.245882930147453,4.818485960045155,11.979443886713026,26.0,44.0,41.0,29.0,11.0,3.0,3.0,0.0,0.0,15.0,29.398726,4.10871064052278,4.000346221117549,3.655429286159643,3.1442671336669243,3.0401444057423057,2.850666905092735,2.8171717111000563,2.733781816091191,1.9960417131035184,1.755599441442326,1.6511182812975396,1.6000655232799417,1.457512815553666,1.3493439167252574,1.1092010150638496,1.0407095810182665,4.002385180548227,3.721764693073125,3.567040899648572,3.057511486672031,2.888265652574651,2.819611782642649,2.7024362567426823,2.670158739548339,2.0378398793200803,1.7587989217731606,1.6679144917329554,1.6401172306548888,1.4591226116656453,1.295820061243606,1.0705506476095776,1.0184372042889056,4.096059320388305,3.8064477671041,3.6776738251577297,3.232834785888989,3.0839345426358413,3.0232796922051994,2.867207609284381,2.8108642506920747,1.928012987051153,1.67283952730072,1.4767722482139751,1.4379866978144134,1.271380042589309,1.0034082577297447,0.8144810872443962,0.7910653189956168,3.993731341959342,3.751355726556981,3.589883083174335,3.053041091570318,2.908544044983225,2.83522347288006,2.709456710097024,2.680322186281898,2.050018200261709,1.7630192187225433,1.6597450063502657,1.6258003681355218,1.4345599121049788,1.2406359979187482,1.0350741721394148,0.9907753605102072,4.130317391326049,3.826569019754937,3.711469386752951,3.2988541665417266,3.170330362809864,3.1124304354997463,2.9218359530522435,2.874938562820428,1.8993689534740192,1.660959338475812,1.4285070603640802,1.3796346879086654,1.2502183123476571,0.9016845241897732,0.7442724628891444,0.7408236163715356,4.756042841390292,4.568062007112297,3.962196084959541,3.608606915674722,3.53238519558186,3.117309939889103,2.963461245895902,2.934921001490705,1.9559764094572325,1.734709617554985,1.5334670163927218,1.4782945667183456,1.3560751190413654,1.1240617390978318,0.9216106608362244,0.8837061380532628,0.0,0.0,1.0,11.0,1.0,2.0,0.0,0.0,0.0,0.0,0.0,0.1571348402636772,0.6096306016900058,0.9619643371734538,0.0,0.0,0.1007401809065409,0.2936620925800515,0.3555545996546222,1.7959486645797231,0.0,0.68408966177531,0.0,0.9559401992847356,0.0,0.2440507234341683,0.0,4.953297433490562,7.973556358743347,10.87857173913112,2.256236802368913,3.272989330043386,3.605523421692624,17.43035694138864,11.434759407976111,10.453174005469702,9.406365399506374,7.636299972179915,5.690716492826932,3.4396415412053063,2.377217002802784,0.7262648725578601,0.439798438768312,0.275083526459729,0.1774785924435165,0.110671014089564,0.0729579037541914,0.0446706693663026,0.0273243333655492,14.816700036502311,8.335970038196804,6.603392568456423,5.196509596222527,3.746184557057419,2.3188625948287163,1.2146140614618437,0.7569343136552031,0.6173625015209296,0.3206142322383386,0.17377348864359,0.0980473508721231,0.0542925298124263,0.0297290076260091,0.0157742085904135,0.0087003944098299,27.698749440260503,42.34413692643849,41.02745098039213,41.54000000000002,29.71333772455092,318.8386431137725,0.6594940342919168,1.0081937363437734,0.9768440709617174,0.9890476190476196,0.7074604220131172,7.591396264613631,3.7396200000000017,98.63400000000004,193.17460572067807,275.19550388127175,386.3492114413562,16.09788381005651,193.17460572067807,0.1441799082146022,0.0060074961756084,-4.648064151860998,282.5990589448511,11.774960789368796,13.545669936611937,472.0,0.0,0.0,5.0,14.0,0.0,0.0,0.0,0.0,0.0,0.0,0.0,0.0,0.0,0.0,0.0,0.0,0.0,0.0,0.0,0.0,0.0,0.0,0.0,0.0,1.0,5.0,0.0,0.0,0.0,1.0,6.0,0.0,0.0,0.0,0.0,0.0,0.0,0.0,0.0,4.0,0.0,0.0,0.0,1.0,5.0,0.0,0.0,0.0,3.0,5.0,0.0,0.0,0.0,0.0,0.0,0.0,0.0,0.0,0.0,0.0,1.0,0.0,1.0,0.0,1.0,0.0,0.0,1.0,0.0,0.0,0.0,0.0,1.0,0.0,0.0,0.0,0.0,0.0,0.0,0.0,0.0,0.0,0.0,0.0,0.0,1.0,0.0,0.0,0.0,0.0,0.0,0.0,0.0,0.0,0.0,0.0,0.0,0.0,0.0,0.0,0.0,0.0,0.0,0.0,0.0,0.0,0.0,0.0,0.0,0.0,0.0,0.0,0.0,0.0,0.0,0.0,0.0,0.0,0.0,0.0,0.0,28.50430407696301,15.808962371362064,0.0,0.0,0.0,0.0,0.0,0.0,0.0,0.0,0.0,0.0,0.0,0.0,0.0,0.0,0.0,0.0,0.0,0.0,0.0,0.0,0.5024520765096162,2.6773541437503594,0.0,0.0,0.0,0.5024520765096162,3.179806220259976,0.0,0.0,0.0,0.0,0.0,0.0,0.0,0.0,7.432256657917733,0.0,0.0,0.0,1.980256781725036,8.744534187796523,0.0,0.0,0.0,1.9440389243392493,3.140132477501255,0.0,0.0,0.0,0.0,0.0,0.0,0.0,0.0,0.0,0.0,4.235958375238679,0.0,1.6659616717057193,0.0,1.8983550117577888,0.0,0.0,12.369342648726668,0.0,0.0,0.0,0.0,14.157565603651364,0.0,0.0,0.0,0.0,0.0,0.0,0.0,0.0,0.0,0.0,0.0,0.0,-1.5869208588785313,0.0,0.0,0.0,0.0,0.0,0.0,0.0,0.0,0.0,0.0,0.0,0.0,0.0,0.0,0.0,0.0,0.0,0.0,0.0,0.0,0.0,0.0,0.0,0.0,0.0,0.0,0.0,0.0,0.0,0.0,0.0,0.0,0.0,0.0,0.0,-1.5869208588785313,-0.2546696871917833,0.0,0.0,0.0,0.0,0.0,0.0,0.0,0.0,0.0,0.0,0.0,0.0,0.0,0.0,0.0,0.0,0.0,0.0,0.0,0.0,0.5024520765096162,0.489089309334845,0.0,0.0,0.0,0.5024520765096162,0.489089309334845,0.0,0.0,0.0,0.0,0.0,0.0,0.0,0.0,1.739853323918079,0.0,0.0,0.0,1.980256781725036,1.4607115888590356,0.0,0.0,0.0,0.0588119908457209,-0.2546696871917833,0.0,0.0,0.0,0.0,0.0,0.0,0.0,0.0,0.0,0.0,4.235958375238679,0.0,1.6659616717057193,0.0,1.8983550117577888,0.0,0.0,12.369342648726668,0.0,0.0,0.0,0.0,14.157565603651364,0.0,0.0,0.0,0.0,0.0,0.0,0.0,0.0,0.0,0.0,0.0,0.0,-1.5869208588785313,0.0,0.0,0.0,0.0,0.0,0.0,0.0,0.0,0.0,0.0,0.0,0.0,0.0,0.0,0.0,0.0,0.0,0.0,0.0,0.0,0.0,0.0,0.0,0.0,0.0,0.0,0.0,0.0,0.0,0.0,0.0,0.0,0.0,0.0,0.0,14.157565603651364,2.009406651549509,0.0,0.0,0.0,0.0,0.0,0.0,0.0,0.0,0.0,0.0,0.0,0.0,0.0,0.0,0.0,0.0,0.0,0.0,0.0,0.0,0.5024520765096162,0.5985395953549714,0.0,0.0,0.0,0.5024520765096162,0.5985395953549714,0.0,0.0,0.0,0.0,0.0,0.0,0.0,0.0,1.9579846413874191,0.0,0.0,0.0,1.980256781725036,2.009406651549509,0.0,0.0,0.0,0.9714458068453382,0.9744038170823888,0.0,0.0,0.0,0.0,0.0,0.0,0.0,0.0,0.0,0.0,4.235958375238679,0.0,1.6659616717057193,0.0,1.8983550117577888,0.0,0.0,12.369342648726668,0.0,0.0,0.0,0.0,14.157565603651364,0.0,0.0,0.0,0.0,0.0,0.0,0.0,0.0,0.0,0.0,0.0,0.0,0.0,0.0,0.0,0.0,0.0,0.0,0.0,0.0,0.0,0.0,0.0,0.0,0.0,0.0,0.0,0.0,0.0,0.0,0.0,0.0,0.0,0.0,0.0,0.0,0.0,0.0,0.0,0.0,0.0,0.0,0.0,0.0,0.0,0.0,55.981481481481474,2.3325617283950613,0.5985395953549714,14.157565603651364,0.061079210233476,-1.5869208588785313,7.783063390292429,2.2350690070266794,6.157565603651363,25.544546558332435,1.9398548723769689,6.142933687784878,25.084946789755588,11.65237,0.48552,0.0,0.01448,0.60828,0.83948,0.44118,0.53977,0.83948,0.1671,0.06851,-0.09859,0.0,0.57835,0.13594,0.0,0.22476,0.41193,0.0,31.5,1.3125,15.5,0.64583,16.0,0.66667,0.5,0.02083,0.5,0.02083,20.05432,0.8356,43.0641,23.00978,0.95874,5.08206,0.21175,11.4347,6.35264,0.26469,0.4793,0.01997,0.7373,0.03072,0.4047619047619047,124.06,4.0,4.0,3.0,4.0,0.0,0.0,0.2222222222222222,1.704884385776696,3.627103958792628,4.377336696990888,4.701375755906051,4.844232898763194,4.891851946382242,71.60514420262123,152.33836626929036,183.84814127361727,197.4577817480541,203.45778174805417,205.4577817480541,0.3161691443783992,0.6726428869841111,0.8117728156172167,0.8718655426414689,0.898358260272236,0.9071891661491582,3.687433037002065,1.7652134639861332,1.014980725787873,0.6909416668727095,0.5480845240155663,0.5004654763965188,0.2976445639042498,0.6332322502668595,0.7642104550358486,0.8207823054107983,0.845722795417662,0.8540362920866165,19.220348866380217,38.18772562073531,41.458849179702746,42.83229766109937,42.9762726656708,43.02426433386128,75.95704396743791,38.45437626446583,29.70066824098497,26.73806992230583,25.963489241424007,25.80195031652978,18.7810650887574,7.7091412742382275,3.618369526521894,1.0,18.0,0.0,2.78,2.5142999999999995,0.9474242560135684,4.0697219429702445,7.845679327818108,0.0,4.9223866387741655,13.4627460210904,0.0,8.908639542696664,0.0,0.0,0.0,0.0,0.0,0.0,0.0,0.0,0.0,0.5345224838248487,0.1666666666666666,0.003,2.484000000000001,2.297,2.8070000000000004,2.506,14.076000000000002,38.0,53.0,69.0,78.0,77.0,87.0,98.0,102.0,102.0,754.0,3.58351893845611,4.244917420701475,4.88563880392157,5.478814343140773,5.956808400452281,6.294054474479214,6.756441716561817,7.170191656234054,7.484618787559241,7.772380936840943,8.953464301035776,10.256817805039788,0.5,3.0,0.0,0.0,2.0,1.0,0.0,0.0,0.0,0.0,0.0,0.0,0.0,0.0,0.0,0.0,0.0,0.0,0.0,0.0,0.0,0.0,0.0,0.0,3.0,0.0,2.0,1.0,0.0,0.0,0.0,0.0,0.0,0.0,0.0,2.0,0.0,0.0,2.0,0.0,0.0,0.0,0.0,0.0,0.0,0.0,0.0,0.0,0.0,0.0,0.0,0.0,0.0,0.0,0.0,0.0,0.0,0.0,0.0,0.0,2.0,0.0,0.0,0.0,0.0,0.0,0.0,0.0,0.0,2.0,0.0769230769230769,7.0,0.2692307692307692,0.0,6.0,12.0,1.0,5.0,3.555555555555556,3.3055555555555536,1.5222222222222228,0.9072222222222218,0.5380498866213154,0.3941680839002269,0.2461813429075333,0.1840740740740741,0.0737700234669931,0.1923076923076923,0.0935672514619883,0.0826388888888888,0.0434920634920635,0.0266830065359477,0.0199277735785672,0.0179167310863739,0.0123090671453766,0.0108278867102396,0.0067063657697266,0.520030078675671,115.21283678941202,172.47262275370738,230.42567357882405,9.601069732451002,115.21283678941202,0.0633870675312537,0.0026411278138022,-6.6203890092072655,386.3815592195426,16.09923163414761,14.296380903869771,62.38,306.28022649056885,5.584962500721157,4.859812404361672,5.739792912179234,6.642486801367256,7.53955882930103,8.445697189711167,9.348274558065496,10.255727677184748,11.16099638444237,12.069215729477074,126.06156248609004,3.970291913552122,0.0,5.3230099791384085,3.044522437723423,6.865891074883439,5.53338948872752,8.4906438561827,7.68662133494462,10.158633519975831,10.444910274279495,343.1154614160006,8.169415748000015,48.38520392147912,2.0160501633949632,17.610763331888933,2.5402473699988555,9.451181659269912,1338.0,40.0,4.266,128.0,1.0,2.857935264719429
0,0,0,0,0,0,0,0,0,0,0,0,0,0,0,0,0,0,0,0,0,0,0,0,0,0,0,0,0,0,0,0,0,0,0,0,0,0,0,0,0,0,0,0,0,0,0,0,0,0,0,0,0,0,0,0,0,0,0,0,0,0,0,0,0,0,0,0,0,0,0,0,0,0,0,0,0,0,0,0,0,0,0,0,0,0,0,0,0,0,0,0,0,0,0,0,0,0,0,0,0,0,0,0,0,0,0,0,0,0,0,0,0,0,0,0,0,0,0,0,0,0,0,0,0,0,0,0,0,0,0,0,0,0,0,0,0,0,0,0,0,0,0,0,0,0,0,0,0,0,0,0,0,0,0,0,0,0,0,0,0,0,0,0,0,0,0,0,0,0,0,0,0,0,0,0,0,0,0,0,0,0,0,2,4,3,1,2,2,5,1,2,1,2,3,4,2,2,2,2,5,0,0,0,0,0,0,0,0,0,0,0,0,0,0,0,0,2,3,2,3,0,0,0,0,0,0,0,0,0,0,0,0,0,0,0,0,0,1,5,2,5,1,2,0,0,0,0,0,0,0,0,0,0,0,0,0,0,0,0,0,0,0,0,0,0,0,0,0,0,0,0,0,0,0,0,0,0,0,0,0,0,0,0,0,0,0,0,0,0,0,0,0,0,0,0,0,0,0,0,0,0,0,0,0,0,0,0,0,0,0,0,0,0,0,0,0,0,0,0,0,0,0,0,0,0,0,0,0,0,0,0,0,0,0,0,0,0,0,0,0,0,0,0,0,0,0,0,0,0,0,0,0,0,0,0,0,0,0,0,0,0,0,0,0,0,0,0,0,0,0,0,0,0,0,0,0,0,0,0,0,0,0,0,0,0,0,0,0,0,0,0,0,0,0,0,0,0,0,0,0,0,0,0,0,0,0,0,0,0,0,0,0,0,0,0,0,0,0,0,0,0,0,0,0,0,0,0,0,0,0,0,0,5,2,3,1,1,2,1,0,0,0,0,0,0,0,0,0,0,0,0,0,0,0,0,0,0,0,0,0,0,0,0,0,0,0,0,0,0,0,0,0,0,0,0,0,0,0,0,0,0,0,0,0,0,0,0,0,0,0,0,0,0,0,0,0,0,0,0,0,0,0,0,0,0,0,0,0,0,0,0,0,0,0,0,0,0,0,0,0,0,0,0,0,0,0,0,0,0,0,0,0,0,0,0,0,0,0,0,0,0,0,0,0,0,0,0,0,0,0,0,0,0,0,0,0,0,0,0,0,0,0,0,0,0,0,0,0,0,0,0,0,0,0,0,0,0,0,0,0,0,0,0,0,0,0,0,0,2,5,2,4,0,0,0,0,0,0,0,0,0,0,0,0,0,0,0,0,0,0,0,0,0,2,2,2,1,2,2,2,1,0,0,0,0,0,0,0,0,0,0,0,2,2,2,2,2,4,3,2,2,0,0,0,0,0,0,2,2,2,2,2,0,0,1,0,0,0,0,5,5,0,0,0,0,0,0,0,0,0,0,0,1,5,2,5,0,0,0,0,0,2,0,0,0,0,0,0,0,1,2,2,2,2,2,1,0,0,0,0,0,0,0,0,0,0,0,0,0,0,0,3,2,3,0,2,3,4,0,0,0,0,0,0,0,0,0,0,0,0,0,0,0,0,0,0,0,0,0,0,0,0,0,0,0,0,0,0,0,0,2,2,2,1,2,2,2,2,2,0,0,0,0,0,0,0,0,0,0,0,0,0,0,0,0,0,0,0,0,0,0,0,0,3,2,2,2,3,1,1,2,3,2,0,0,0,5,2,3,0,0,0,0,0,0,0,1,2,0,0,0,0,0,0,0,2,2,2,0,0,0,0,0,0,0,0,0,0,0,0,0,0,0,0,0,0,0,0,0,0,0,0,0,0,0,0,0,0,0,0,0,0,0,0,0,0,0,0,0,0,0,0,0,0,0,0,0,0,0,0,0,0,0,0,0,0,0,0,0,0,0,0,0,0,0,2,5,4,0,1,1,2,2,2,2,2,3,2,0,0,0,3,2,2,3,0,0,0,0,0,0,0,0,0,0,0,0,2,2,0,0,0,0,0,0,0,0,0,0,0,0,0,0,0,0,0,0,0,0,0,0,0,0,0,0,0,0,0,0,0,2,2,2,2,4,5,0,0,0,0,0,0,0,0,0,0,0,0,0,0,0,0,0,0,0,0,0,0,0,0,0,0,0,0,0,0,0,0,0,0,3,0,0,0,0,0,0,0,0,0,0,0,0,0,0,0,0,0,0,0,0,0,0,0,0,0,0,2,3,0,0,0,0,0,0,2,2,5,5,1,1,0,0,0,0,0,0,0,0,0,0,0,0,0,0,0,0,0,0,0,0,0,0,2,1,2,0,0,0,0,0,0,0,0,0,3,3,5,0,0,1,5,0,0,0,0,0,0,0,0,0,0,0,0,0,0,0,3,2,0,0,0,0,2,2,2,0,0,0,0,2,2,2,2,1,0,0,0,2,3,2,2,2,1,0,0,2,2,1,2,2,0,0,0,0,0,0,0,0,0,0,0,0,1,2,3,0,0,0,0,0,0,0,0,0,0,0,0,0,0,0,0,0,0,0,0,0,0,0,0,0,0,0,0,0,0,0,0,0,0,0,0,0,0,0,1,2,0,0,0,0,1,0,0,0,0,0,0,0,0,0,0,0,0,0,0,0,0,0,0,0,0,0,0,0,0,0,0,0,0,0,0,0,0,0,0,0,0,0,0,0,0,0,0,0,0,0,0,0,0,0,0,0,0,0,0,0,0,0,0,0,0,0,0,0,0,0,0,0,0,0,0,0,0,0,0,0,0,0,0,0,0,0,0,0,0,0,5,2,0,0,0,0,0,0,4,2,0,0,0,0,0,0,0,0,0,0,0,0,1,3,3,2,0,0,0,0,0,0,0,0,0,0,0,0,0,0,0,0,0,0,0,0,0,0,0,0,0,0,0,0,0,0,0,0,0,0,0,0,0,0,0,0,0,0,0,2,1,0,0,0,0,0,0,0,0,0,0,0,0,0,0,0,0,0,0,0,0,0,0,2,2,2,5,0,0,0,0,0,0,0,2,2,0,0,0,0,0,0,0,0,2,2,2,1,0,0,0,0,2,2,2,2,0,2,1,2,2,2,0,2,2,0,0,0,0,0,0,0,0,0,0,0,0,0,0,0,0,0,0,1,2,2,0,0,0,0,0,0,0,0,0,0,0,0,0,0,0,0,2,2,5,2,2,1,0,0,0,0,0,0,0,3,2,0,3,4,2,4,1,1,2,0,1,1,4,3,3,3,1,3,4,1,1,0,4,0,0,1,3,2,2,2,4,0,3,1,2,2,3,4,0,2,1,3,1,0,1,2,4,0,0,1,4,2,1,1,2,0,2,3,4,1,2,4,0,3,4,4,2,0,3,1,3,3,1,4,4,1,3,4,2,2,0,2,3,3,3,2,4,0,4,3,3,1,3,2,3,0,4,3,0,2,4,0,4,4,2,0,2,4,2,3,2,3,1,0,2,2,1,0,3,2,2,2,4,4,0,3,3,0,3,2,4,2,0,1,1,0,0,3,0,1,3,1,1,3,2,4,0,0,0,1,0,4,0,3,4,2,3,3,4,2,0,2,2,0,0,1,4,3,1,2,0,4,0,4,4,2,4,3,2,0,3,0,1,2,3,3,3,4,1,3,1,2,0,1,0,3,0,1,2,0,3,2,2,2,4,0,0,2,1,4,3,3,2,0,3,2,3,3,2,4,2,3,4,0,0,1,2,4,4,0,0,2,2,3,4,1,2,4,1,0,0,1,1,1,4,3,2,4,3,4,1,1,1,1,3,0,0,0,1,1,4,4,3,4,0,2,3,4,0,0,3,3,0,2,1,1,4,4,1,4,0,4,0,1,4,1,4,2,3,4,2,2,0,1,3,4,4,2,4,2,4,4,4,2,4,1,2,1,4,3,0,0,4,4,3,4,0,3,3,0,0,3,3,4,4,1,3,1,4,1,2,3,4,2,1,1,2,0,0,0,3,4,3,4,2,2,3,4,2,2,4,0,3,2,1,1,4,1,2,1,4,4,3,0,0,3,0,0,0,0,0,0,0,0,0,0,0,0,0,0,0,0,0,0,0,0,0,0,0,0,0,0,0,0,0,0,0,0,0,0,0,0,0,0,0,0,0,0,0,0,0,0,0,0,0,0,0,0,0,0,0,0,0,0,0,0,0,0,0,0,0,0,0,0,0,0,0,0,0,0,0,0,0,0,0,0,0,2,1,2,0,2,2,2,3,3,2,2,3,1,2,2,0,0,0,0,0,0,0,2,3,2,3,3,5,4,0,2,5,0,5,2,0,0,0,0,2,2,5,2,0,0,0,0,0,0,0,0,0,0,0,0,0,0,0,0,0,0,0,0,0,0,0,0,0,0,0,0,0,0,0,0,0,0,0,0,0,0,0,0,0,0,0,0,0,0,0,0,0,0,0,0,0,0,0,0,0,0,0,0,0,0,0,0,0,0,0,0,0,0,0,0,0,0,0,0,0,0,0,0,0,0,0,0,0,0,0,0,0,0,0,0,0,0,0,0,2,1,1,1,5,5,3,1,1,5,4,1,3,1,3,3,0,0,0,0,0,0,0,0,0,0,0,0,0,0,0,0,0,0,0,0,0,0,0,0,0,0,0,0,0,0,0,0,0,0,0,0,0,0,0,0,0,0,0,0,0,0,0,0,0,0,0,0,0,0,0,0,0,0,0,0,0,0,0,0,0,0,0,0,0,0,0,0,0,0,0,0,0,0,0,0,0,0,0,0,0,0,0,0,0,0,0,0,0,0,0,0,0,0,0,0,0,0,0,0,0,0,0,0,0,0,0,0,0,0,0,0,0,0,0,0,0,0,0,0,0,0,0,0,0,0,0,0,0,0,0,0,0,0,0,0,0,0,0,0,0,0,0,0,0,0,0,0,0,0,0,0,0,0,0,0,0,0,0,0,0,0,0,0,0,0,0,0,0,0,0,0,0,0,0,0,0,0,0,0,0,0,0,0,0,0,0,0,0,0,0,0,0,0,0,0,0,0,0,0,0,0,0,0,0,0,0,0,0,0,0,0,0,0,0,0,0,0,0,0,0,0,0,0,0,0,0,0,0,0,0,0,0,0,0,0,0,0,0,0,0,0,0,0,0,0,0,0,0,0,0,0,0,0,0,0,0,0,0,0,0,0,0,0,0,0,0,0,0,0,0,0,0,0,0,0,0,0,0,0,3,3,2,3,2,2,4,2,3,1,1,2,5,5,1,2,1,0,0,0,0,0,0,0,0,0,0,0,0,0,0,0,0,0,0,0,0,0,0,0,0,0,0,0,0,0,0,0,0,0,0,0,0,0,0,0,0,0,0,0,0,0,0,0,0,0,0,0,0,0,0,0,0,0,0,0,0,0,0,0,0,0,0,0,0,0,0,0,0,0,0,0,0,0,0,0,0,0,0,0,0,0,0,0,0,0,0,0,0,0,0,0,0,0,0,0,0,0,0,0,0,0,0,0,0,0,0,0,0,0,0,0,0,0,0,0,0,0,0,0,0,0,0,0,0,0,1,1,2,4,1,3,2,3,1,3,4,5,3,3,1,3,5,4,1,2,4,3,3,1,3,3,1,3,1,1,2,1,3,2,2,5,3,2,2,3,4,1,2,2,4,0,0,0,0,0,0,0,0,0,0,0,0,0,0,0,0,0,0,0,0,0,0,0,0,0,0,0,0,1,0,1,1,0,0,0,0,0,0,1,0,0,1,0,0,0,0,0,0,0,0,0,0,0,0,1,1,1,0,0,0,0,0,0,0,0,0,0,0,0,0,0,0,0,0,0,0,0,0,0,0,0,0,0,0,0,0,0,1,0,0,0,0,0,0,0,0,0,0,0,0,0,0,0,1,0,0,0,0,0,0,0,0,0,0,0,0,0,0,0,0,0,0,0,0,0,0,1,0,0,1,0,0,0,0,0,0,0,0,0,0,0,0,0,0,0,0,1,0,0,0,0,0,0,0,0,0,0,0,0,0,0,0,0,0,0,0,1,0,0,0,0,0,0,0,0,0,0,0,0,0,0,0,0,0,0,0,0,0,0,0,0,0,0,0,0,0,0,0,0,0,1,0,0,0,0,0,0,0,0,0,0,0,0,0,0,0,0,0,0,0,1,0,0,0,0,0,0,0,0,0,0,0,0,0,0,0,0,0,0,0,0,0,0,0,0,0,0,0,1,0,0,0,0,0,0,0,0,0,0,0,0,0,0,0,0,0,0,0,0,1,0,0,0,0,0,0,0,0,0,0,0,0,0,0,0,0,0,0,0,0,0,0,0,0,0,0,1,0,0,0,0,0,0,0,1,0,0,0,0,0,0,0,0,1,0,1,0,0,0,0,0,0,0,0,0,0,0,0,0,0,0,0,0,0,0,0,0,1,0,0,0,0,0,0,0,0,0,0,0,0,0,0,0,0,0,0,0,0,0,0,0,0,0,0,0,0,0,0,0,0,1,0,0,0,0,0,0,0,0,1,0,0,0,0,0,1,0,0,0,0,0,0,0,0,0,0,1,0,0,0,0,0,0,0,0,0,0,0,0,0,0,0,0,0,0,0,0,0,0,0,0,0,1,0,0,0,0,0,0,0,0,0,0,0,0,0,0,0,0,0,0,0,0,0,0,0,0,0,0,0,0,0,0,0,0,0,0,0,0,0,0,0,0,0,0,0,0,0,0,0,0,0,0,0,0,0,0,0,0,0,0,0,0,0,0,1,0,0,0,0,0,0,0,0,0,0,0,0,0,0,0,0,0,0,0,0,0,0,1,0,0,0,0,0,0,1,0,0,0,0,0,0,0,0,0,0,0,0,0,0,0,0,0,0,0,0,0,0,0,0,0,0,0,0,0,0,0,0,0,0,0,0,0,0,0,0,0,0,0,0,0,0,0,0,0,0,0,0,0,0,0,0,0,0,0,0,0,0,0,0,0,0,0,0,0,0,0,0,0,0,0,0,1,1,0,0,0,0,0,0,0,0,0,0,0,0,0,0,0,0,0,0,0,0,0,0,0,0,0,0,0,0,0,0,0,0,0,0,0,0,0,0,0,0,0,1,0,0,0,0,0,0,0,0,0,0,0,0,0,0,0,0,0,0,0,0,1,0,0,0,0,0,0,0,0,0,0,0,0,0,0,0,0,1,0,0,0,0,0,0,0,0,0,0,0,0,0,0,0,0,0,0,0,0,0,0,0,0,1,0,0,0,0,0,0,0,0,0,0,1,0,0,0,0,0,1,0,1,1,0,0,1,1,0,0,0,1,0,0,0,0,0,0,0,0,0,0,0,0,0,0,0,0,0,0,0,0,0,1,1,0,0,0,0,0,0,0,0,0,0,0,0,0,0,1,1,0,0,0,0,0,0,0,0,0,0,0,0,0,0,0,0,0,0,0,0,0,0,0,0,0,0,0,0,0,0,0,0,0,0,0,0,0,0,0,0,0,0,0,0,0,0,0,0,0,0,0,0,0,0,0,0,0,0,0,1,0,0,0,0,0,0,0,0,0,0,0,0,0,1,0,0,0,0,0,0,0,0,0,0,0,0,0,0,0,0,0,0,0,0,0,0,0,0,1,0,0,0,0,0,0,0,1,0,0,0,0,0,0,0,0,0,0,0,1,0,1,0,0,0,0,0,0,0,0,0,0,0,1,1,0,0,1,0,0,0,1,0,0,0,0,0,0,0,0,0,0,0,0,0,0,0,0,0,0,0,0,1,0,0,0,0,0,0,0,0,0,0,0,0,0,0,0,0,0,0,0,0,0,0,0,0,0,0,0,0,0,0,1,0,0,0,0,0,0,0,1,0,0,0,0,0,0,0,0,0,0,0,0,0,0,0,0,1,1,0,0,0,0,0,0,0,0,0,0,0,0,0,0,0,0,0,1,0,0,0,0,0,0,0,0,0,0,0,0,0,0,0,0,0,0,0,0,0,0,0,0,0,0,0,0,0,0,1,0,0,0,0,0,0,0,0,0,1,0,0,0,0.0,2.107300000000002,4.4407132900000095,64.63350000000001,55.02706699999997,11.0,11.0,46.0,27.0,19.0,0.0,19.0,3.0,2.0,1.0,0.0,2.0,0.0,0.0,0.0,2.0,5610.569912299548,5406.613958670401,8279.40932534079,9282.384908862396,8301.231818618562,7741.036711192006,8081.272808681602,5917.512960628797,4792.983576521605,10751.001599149657,13167.86798957927,18958.52124705258,21252.904794578884,21747.57961768726,21280.76353190081,20758.513844149777,17822.078734933923,14137.961385393935,368.97280899999976,379.684304,643.590896000001,724.7420600000002,868.6618020000003,904.344338000001,837.1152840000001,880.2436300000008,686.362388000001,75.38365119213088,90.95710188999998,131.20721080103698,145.65910490169793,161.09651981624495,159.87504078037614,150.04096314158411,134.48651743073515,107.61221689788592,7641.588641085831,7087.1503397261,12827.378386665392,13999.40788649033,17479.765566723567,18859.70967351272,17001.213974081256,18539.406535945265,14503.413640979486,288.92009602194787,167.10493827160494,270.1172839506174,349.9413580246914,441.6728395061729,352.3765432098768,393.1018518518522,390.6543209876544,266.74382716049377,121.9689111369467,112.63779080563336,102.21492994247888,104.2964596501393,76.15809007906938,66.16270693326501,75.52591409982806,53.79557236935271,54.46572246047278,233.7174260684708,274.3305831162348,234.05581786484663,238.796683085156,199.51907906135105,181.88686779402408,194.0048022817736,162.0188975903084,160.6586521067493,8.021148021739124,7.910089666666667,7.945566617283962,8.143169213483148,7.969374330275232,7.729438786324795,7.823507327102805,8.002214818181827,7.7995725909091025,1.6387750259158889,1.8949396227083328,1.6198421086547776,1.6366191561988532,1.477949723084816,1.3664533400032148,1.4022519919774217,1.222604703915774,1.2228661011123398,166.12149219751808,147.6489654109604,158.3626961316715,157.29671782573405,160.36482171306025,161.19409977361298,158.88985022505847,168.54005941768423,164.81151864749415,6.280871652651041,3.481352880658436,3.334781283340955,3.931925371063948,4.052044399139201,3.0117653265801434,3.673849082727591,3.5514029180695856,3.03117985409652,0.6432775474979749,-0.2320468238423845,-0.1373158353299879,-0.0662797979708503,0.2697022736694871,-0.2688801279632446,0.0958055685022773,0.2230112579653873,-0.0580529276024972,2279.640055677125,151.59178011422756,1009.3177352446928,-64.88010502114179,-1243.4679380156051,-187.61290955016568,-75.80371150517271,-1988.0206364030023,-506.0835373670991,2280.934263565901,-61.22752855143181,1113.620535447797,-318.810352520601,-1494.3347139352595,363.2434182256422,-479.84037289685006,-884.0365648873538,-474.0770298360412,5.70162723913043,0.199392967863894,-0.0848457689035912,-0.3209798757088802,0.8714907811909309,-1.3089610647448076,-0.070286012759927,-3.5361446587901657,-1.9354119792060511,13.585615681642114,-0.2543363878917741,4.647752377054147,-2.6985827166175214,-5.017679245679678,0.6391251479348568,-5.07424646286298,-2.3779147125460667,0.1486864335934382,116.2051836193934,-14.875491959390656,-0.589945562086309,-20.548666164822617,27.51548556516956,-8.124175953035182,-60.58445497916196,24.63999088434292,-9.253838607663072,121.91579441760604,-4.070673891002253,1.9222656239870783,-12.072095712074184,21.15058030007181,-13.343378459499936,3.073575715497036,-73.23714153837376,-33.90503052061375,0.0139842945108255,-0.0048343088300496,-0.0016952572262961,-0.0007447168311331,0.0024743327859585,-0.0022981207518226,0.000895379144881,0.0020273750724126,-0.0006596923591192,49.5573925147201,3.1581620857130743,12.460712780798678,-0.7289899440577728,-11.407962734088123,-1.6035291414544075,-0.708445901917502,-18.07291487639093,-5.75094928826249,49.58552746882393,-1.2755735114881628,13.748401672195024,-3.582138792366304,-13.709492788396878,3.104644600219164,-4.484489466325702,-8.036696044430489,-5.387238975409558,0.1239484182419658,0.0041540201638311,-0.0010474786284393,-0.0036065154574031,0.0079953282678067,-0.0111877014080752,-0.0006568786239245,-0.0321467696253651,-0.0219933179455233,0.2953394713400459,-0.0052986747477452,0.0573796589759771,-0.0303211541192979,-0.0460337545475199,0.0054626081020073,-0.0474228641389063,-0.0216174064776915,0.0016896185635617,2.5261996438998566,-0.3099060824873053,-0.0072832785442754,-0.2308838894923889,0.2524356473868767,-0.069437401307993,-0.5662098596183361,0.2239999171303901,-0.1051572569052621,2.650343356904479,-0.0848057060625469,0.0237316743702108,-0.1356415248547661,0.1940420211015762,-0.1140459697393156,0.0287250066868881,-0.6657921958033979,-0.3852844377342471,-0.3456955820193386,-0.1212257954796227,-0.0532538005801185,0.1769365472132443,-0.1643358376100831,0.0640274805559883,0.1449751412803253,-0.0471738033412129,0.0637273658975298,0.2514400404964296,-0.0147100141283914,-0.2301969929249122,-0.0323570119428319,-0.0142954636224468,-0.3646865575306995,-0.1160462444942856,-0.0257247139760721,0.2772664197398949,-0.0722416191825026,-0.2764817374790757,0.062611910343621,-0.0904394829548853,-0.1620774539402334,-0.1086453901049392,0.033514103872805,-0.00845092372534,-0.0290969058625878,0.0645052868056664,-0.0902609453735441,-0.0052996128005621,-0.259356029559085,-0.1774392788344346,-0.017940963744885,0.1942837464820667,-0.1026654310096838,-0.1558672612863112,0.0184960312863762,-0.1605706948811625,-0.0731951146916011,0.0057209371842357,-0.1226767976298513,-0.0028830969721109,-0.0913957414450263,0.0999270378318855,-0.0274869017085276,-0.2241350405481973,0.088670710437037,-0.0416266612811821,-0.0319980072927597,0.0089541886368748,-0.0511788499031277,0.0732139179612604,-0.0430306395743825,0.0108382208712904,-0.2512097891274823,-0.1453715182715977,1.3178828986910742,1.231226352352931,1.2803288400382578,0.7586359710274225,1.0943784830957446,0.8495772488182448,0.8210194901483414,0.9481544141831788,0.6714651828667728,0.661515088070065,0.9431417085180142,1.2135872964573835,1.0847034969143352,0.9682118256383612,1.4672967223360889,0.9962388140923,0.9568922897270628,0.6673668760305432,0.9778075726333734,1.2412222144668827,0.9623230824769038,1.0852654533071289,1.1400688918350963,1.0770114591147355,0.571393950509621,0.7894336963622922,1.0196216765664488,0.930866679618855,0.8822578154153196,0.878281375473157,1.5365976231326808,1.049531808508744,0.9831866503102716,0.7809132333841093,1.115757454950148,1.1998773487176655,1.0378239998716867,1.1661692655865812,1.1228507614707346,0.8521382202025645,1.0827830789618436,0.9171900167044958,1.1971635240580774,1.0292131983680382,0.8606129176210485,1.1670245317928842,1.0950024617388314,0.8140369837442035,0.5272478081942742,0.6106882368192244,1.0142291974599882,1.002501244631604,0.8256168348004874,0.965518368856128,1.6398534163811405,0.9686554511968388,209.2716515803536,105.45351631107786,159.31887041424005,211.03141385395784,7.815978290887325,105.45351631107786,2.2202380952379173,0.0595215658079117,0.00220450243733,-7.617824770176222,384.5977201060935,14.244360003929389,16.070934343974752,208.9407269722314,105.32041891047504,159.17651883659175,210.75615155652625,7.805783390982455,105.32041891047504,2.286968341911916,0.0566531696307732,0.0020982655418804,-7.751179823282315,385.40482631570575,14.27425282650762,16.076594552695273,275.87581110232486,136.5920539030243,201.47146765231096,273.78226409411,10.140083855337409,136.5920539030243,-2.69170329627633,0.0580771370764913,0.002151005076907,-7.684154646589783,449.1123168000638,16.633789511113473,16.489637114135753,220.53909909009508,111.07761688701434,168.1122392657842,222.0355200937373,8.223537781249533,111.07761688701434,1.6161346839335948,0.0246283094734667,0.0009121596101283,-10.000418506449938,361.16251777189166,13.3763895471071,15.901185720858908,321.1989442704733,156.63886957689297,225.16562770853304,316.4722610174071,11.72119485249656,156.63886957689297,-7.291405387916598,0.0664540454696547,0.0024612609433205,-7.32036046258299,2700.700624970108,100.02594907296697,21.333419574462525,218.4729705223985,110.05774677114567,166.89395110704592,219.99382517044748,8.147919450757312,110.05774677114567,1.642523019892863,0.0634843086743091,0.002351270691641,-7.443798779999088,368.3582337107374,13.642897544842128,15.954450999750062,289.1657174256519,142.55969038186936,222.75272525137456,289.7444660335657,10.731276519761687,142.55969038186936,1.3584586466164694,0.2786347361593555,0.010319805042939,-3.450204569585442,282.6716304322794,10.469319645639978,15.239571950145145,2.0,11.99615710291792,31.972072400188203,-0.3190944610725966,0.2699085020775131,4.630686035156248,11.919844393049797,29.0,48.0,45.0,34.0,15.0,3.0,3.0,0.0,0.0,14.0,32.290932999999995,4.078316514135339,3.934489909339207,3.788736001780409,3.1525655487004816,3.094103340802799,2.8963943271509374,2.89536029891552,2.853999928815981,1.9456687922236096,1.7556703375608498,1.7065253774278015,1.5411334646540946,1.4437419257891435,1.3805918698045216,1.3046604549054603,1.0930708359274433,3.92467607330702,3.7805256332562487,3.589618375872983,3.062505293789421,2.897878130671216,2.885987575457376,2.808397970801631,2.7231097206361587,1.9711661954722264,1.7650434558215256,1.7182476882866993,1.638058417066632,1.457762509955742,1.3474747593450531,1.230618565417247,1.1020357809414234,4.015260287559292,3.852081490385734,3.731360915677589,3.241697664472341,3.1354240176819994,3.0597978437185533,3.016273621908126,2.9072204726634494,1.8698311554914369,1.6765160668125827,1.5528807166905718,1.383780767555823,1.2700921961704417,1.0285986143535373,0.9895782501655488,0.7993829510453697,3.922872866436403,3.784412755701064,3.626744213497605,3.0565833806410616,2.917998978054937,2.893356162246207,2.8101521100831426,2.6986060020417875,1.9795967803059389,1.7696216551383386,1.7211348797876578,1.6507220343531313,1.438849302916828,1.3179778851496522,1.180481815442027,1.0699445007999806,4.049178103492714,3.871197049738017,3.752869517158183,3.306581720757328,3.1984961553589777,3.145114489846789,3.078199778113175,2.951002525938264,1.8475714305034456,1.6644452064551474,1.5011499954863858,1.336714170848353,1.252099717108528,0.9474761720911548,0.9234412914064356,0.7448096849971874,4.875112803902428,4.761159831083365,4.629522372598394,3.9188282704088815,3.5963817004614658,3.502277892467748,3.2494830377158705,3.1464273977366504,1.8881107370445955,1.7231018162065035,1.6052845391407933,1.3987432740540366,1.295010621529353,1.1228711451335387,1.100283314297256,0.8919818030122133,0.0,0.0,1.0,10.0,2.0,3.0,0.0,0.0,0.0,0.0,0.0,0.1571348402636772,0.5815214199172709,1.0161225911808769,0.0,0.0,0.1007401809065409,0.256110448669294,0.3489824946051301,2.000255251110161,0.0,0.7063014463323425,0.0,0.9913286867057508,0.0,0.2276074654510323,0.0,5.415926165332127,8.618457783818167,11.04325947370593,2.284373955593851,3.117356204669471,3.4599013019296163,19.714813991764814,12.86661106055425,11.61209724538417,10.380613783508643,8.453768977157575,6.047775307128149,4.138588417122489,2.556947735404236,0.7301782959912894,0.4436762434673879,0.2764785058424802,0.1789760997156663,0.1142401213129402,0.0728647627364837,0.0475699818060056,0.0277929101674373,16.232669311972323,9.031402181027174,7.020862716386985,5.464745667746276,3.843444557119398,2.4586006136274947,1.408265654879483,0.7988210440395299,0.6012099745174935,0.3114276614147301,0.1671633980092139,0.0942197528921771,0.0519384399610729,0.0296216941400902,0.0161869615503388,0.0086828374352122,30.331017097496407,47.07538237436275,45.79999999999996,46.46000000000004,31.926387425149723,352.3114532934132,0.6593699369020958,1.023377877703538,0.9956521739130424,1.010000000000001,0.6940519005467332,7.65894463681333,3.712330000000001,102.68700000000004,234.3174614745092,337.60247113965306,468.6349229490184,17.35684899811179,234.3174614745092,0.1735473860402246,0.0064276809644527,-4.728522415944056,503.7756517607023,18.6583574726186,16.79975379064917,577.0,0.0,0.0,7.0,14.0,0.0,0.0,0.0,0.0,0.0,0.0,0.0,0.0,0.0,0.0,0.0,0.0,0.0,0.0,0.0,0.0,0.0,0.0,0.0,0.0,1.0,4.0,0.0,0.0,0.0,1.0,5.0,0.0,0.0,0.0,0.0,0.0,0.0,0.0,0.0,4.0,0.0,1.0,0.0,1.0,4.0,0.0,0.0,0.0,3.0,6.0,0.0,0.0,0.0,0.0,0.0,0.0,0.0,0.0,0.0,0.0,1.0,0.0,1.0,0.0,1.0,0.0,0.0,1.0,1.0,0.0,0.0,0.0,2.0,0.0,0.0,0.0,0.0,0.0,0.0,0.0,0.0,0.0,0.0,0.0,0.0,1.0,0.0,0.0,0.0,0.0,0.0,0.0,0.0,0.0,0.0,0.0,0.0,0.0,0.0,0.0,0.0,0.0,0.0,0.0,0.0,0.0,0.0,0.0,0.0,0.0,0.0,0.0,0.0,0.0,0.0,0.0,0.0,0.0,0.0,0.0,0.0,46.99066585740686,10.516370781630288,0.0,0.0,0.0,0.0,0.0,0.0,0.0,0.0,0.0,0.0,0.0,0.0,0.0,0.0,0.0,0.0,0.0,0.0,0.0,0.0,0.5390599279835391,2.382143617196065,0.0,0.0,0.0,0.5390599279835391,2.921203545179604,0.0,0.0,0.0,0.0,0.0,0.0,0.0,0.0,6.876714114138113,0.0,0.0998822908793148,0.0,1.8754778701604096,5.795573160264233,0.0,0.0,0.0,1.3481769689178609,1.4971427822877843,0.0,0.0,0.0,0.0,0.0,0.0,0.0,0.0,0.0,0.0,4.1645151040935815,0.0,1.2610589513200443,0.0,1.8532508450911227,0.0,0.0,12.492650697650246,5.136260764782972,0.0,0.0,0.0,28.0303993149112,0.0,0.0,0.0,0.0,0.0,0.0,0.0,0.0,0.0,0.0,0.0,0.0,-1.7829547163487256,0.0,0.0,0.0,0.0,0.0,0.0,0.0,0.0,0.0,0.0,0.0,0.0,0.0,0.0,0.0,0.0,0.0,0.0,0.0,0.0,0.0,0.0,0.0,0.0,0.0,0.0,0.0,0.0,0.0,0.0,0.0,0.0,0.0,0.0,0.0,-1.7829547163487256,-0.5654918098813402,0.0,0.0,0.0,0.0,0.0,0.0,0.0,0.0,0.0,0.0,0.0,0.0,0.0,0.0,0.0,0.0,0.0,0.0,0.0,0.0,0.5390599279835391,0.5062644085411943,0.0,0.0,0.0,0.5390599279835391,0.5062644085411943,0.0,0.0,0.0,0.0,0.0,0.0,0.0,0.0,1.4515788882397969,0.0,0.0998822908793148,0.0,1.8754778701604096,1.2561467506092328,0.0,0.0,0.0,-0.1664133831269472,-0.5654918098813402,0.0,0.0,0.0,0.0,0.0,0.0,0.0,0.0,0.0,0.0,4.1645151040935815,0.0,1.2610589513200443,0.0,1.8532508450911227,0.0,0.0,12.492650697650246,5.136260764782972,0.0,0.0,0.0,14.015199657455597,0.0,0.0,0.0,0.0,0.0,0.0,0.0,0.0,0.0,0.0,0.0,0.0,-1.7829547163487256,0.0,0.0,0.0,0.0,0.0,0.0,0.0,0.0,0.0,0.0,0.0,0.0,0.0,0.0,0.0,0.0,0.0,0.0,0.0,0.0,0.0,0.0,0.0,0.0,0.0,0.0,0.0,0.0,0.0,0.0,0.0,0.0,0.0,0.0,0.0,14.015199657455597,1.929498299319728,0.0,0.0,0.0,0.0,0.0,0.0,0.0,0.0,0.0,0.0,0.0,0.0,0.0,0.0,0.0,0.0,0.0,0.0,0.0,0.0,0.5390599279835391,0.6351308799610498,0.0,0.0,0.0,0.5390599279835391,0.6351308799610498,0.0,0.0,0.0,0.0,0.0,0.0,0.0,0.0,1.8852510340555968,0.0,0.0998822908793148,0.0,1.8754778701604096,1.929498299319728,0.0,0.0,0.0,0.763677983539095,0.8736144179894181,0.0,0.0,0.0,0.0,0.0,0.0,0.0,0.0,0.0,0.0,4.1645151040935815,0.0,1.2610589513200443,0.0,1.8532508450911227,0.0,0.0,12.492650697650246,5.136260764782972,0.0,0.0,0.0,14.015199657455597,0.0,0.0,0.0,0.0,0.0,0.0,0.0,0.0,0.0,0.0,0.0,0.0,0.0,0.0,0.0,0.0,0.0,0.0,0.0,0.0,0.0,0.0,0.0,0.0,0.0,0.0,0.0,0.0,0.0,0.0,0.0,0.0,0.0,0.0,0.0,0.0,0.0,0.0,0.0,0.0,0.0,0.0,0.0,0.0,0.0,0.0,68.64814814814815,2.5425240054869684,0.8304891030486268,14.015199657455597,0.0363647040606365,-1.7829547163487256,8.226156654186752,2.4311028644968737,6.015199657455596,40.64765176287599,2.246790392414491,6.003347805603744,40.04057357357558,12.77141,0.47302,0.0,0.02698,0.64845,0.89365,0.44026,0.57635,0.89365,0.20819,0.07209,-0.1361,0.0,0.52931,0.18498,0.0,0.22744,0.41499,0.0,34.0,1.25926,17.5,0.64815,16.5,0.61111,-1.0,-0.03704,1.0,0.03704,23.88473,0.88462,50.9005,27.01577,1.00058,5.79311,0.21456,12.86655,7.07344,0.26198,0.54745,0.02028,0.80545,0.02983,0.391304347826087,139.08,3.0,6.0,5.0,5.0,0.0,0.0,0.2631578947368421,1.8240808036000624,3.764592186856072,4.588354347173232,4.762267390651492,4.892702173260188,4.892702173260187,83.90771696560287,173.17124059537932,211.0642999699687,219.06429996996863,225.06429996996863,225.06429996996863,0.3302363254203778,0.6815515453262737,0.8306875859592281,0.8621732549644523,0.8857875067183707,0.8857875067183706,3.699481152456951,1.7589697692009407,0.9352076088837808,0.761294565405521,0.6308597827968248,0.6308597827968256,0.3134063085309541,0.6468172561645574,0.7883527940984846,0.8182338415029258,0.840644627056257,0.8406446270562569,21.17211868622968,41.0639007990985,43.80579152781097,44.45898609720228,44.59044153615879,44.59044153615879,84.07911318432781,39.8748955114534,31.930662590499114,30.419393828906628,29.660811433340424,29.660811433340424,21.70273483947681,9.212018140589567,4.451843043995244,1.0,13.0,0.0,2.67,2.7316,0.8753910168567833,3.8199780863790815,7.553527801538176,0.0,4.23912187421989,15.029932259477402,0.0,9.993934200044269,0.0,0.0,0.0,0.3333333333333333,0.0,0.0,0.0,0.0,0.0,0.5345224838248487,0.1666666666666666,0.003,1.1929999999999998,1.1290000000000002,2.132,1.896,12.809,42.0,58.0,74.0,83.0,87.0,92.0,106.0,115.0,116.0,829.0,3.6506582412937374,4.273187854639731,4.837273478673773,5.346809867372511,5.739189836474957,5.979360335818832,6.312415158425104,6.731390942662309,7.056525438306512,7.3106337111935344,8.559587948496809,6.291352533172497,0.4615384615384615,3.0,0.0,0.0,2.0,1.0,0.0,0.0,0.0,0.0,0.0,0.0,0.0,0.0,0.0,0.0,0.0,0.0,0.0,0.0,0.0,0.0,0.0,0.0,3.0,0.0,2.0,1.0,0.0,0.0,0.0,0.0,0.0,0.0,0.0,2.0,0.0,0.0,2.0,0.0,0.0,0.0,0.0,0.0,0.0,0.0,0.0,0.0,0.0,0.0,0.0,0.0,0.0,0.0,0.0,0.0,0.0,0.0,0.0,0.0,2.0,0.0,0.0,0.0,0.0,0.0,0.0,0.0,0.0,4.0,0.1379310344827586,10.0,0.3448275862068966,0.0,7.0,13.0,0.8571428571428571,6.0,4.222222222222221,3.465277777777776,1.593333333333334,1.2158333333333329,0.7431292517006804,0.4531958616780047,0.2746519904257999,0.1737577160493827,0.2039669421487603,0.2068965517241379,0.1005291005291005,0.0770061728395061,0.0408547008547008,0.0319956140350877,0.018578231292517,0.0161855664885001,0.0124841813829909,0.0082741769547325,0.010198347107438,0.5397001553572729,145.83789825613997,219.38178817323973,291.67579651228,10.802807278232596,145.83789825613997,0.0176898404158112,0.0006551792746596,-10.893864938409964,390.5433396629256,14.464568135663912,16.112355160068887,72.13,338.43399666730346,5.754887502163469,4.962844630259907,5.83773044716594,6.734591659972948,7.6251071482389,8.525359754082631,9.420196028963456,10.3218359798084,11.218836243841803,12.121228010368249,132.76772990270223,4.07753744390572,0.0,5.424950017481403,3.044522437723423,6.961296045910167,5.53338948872752,8.579792333172758,7.68662133494462,10.2395668548259,10.522072811769169,391.1166042880006,8.5025348758261,54.25196232166651,2.0093319378395003,23.095410249402544,5.349533581647711,9.565430401286456,1906.0,45.0,4.077,142.0,1.0,2.5301996982030817
0,0,0,0,0,0,0,0,0,0,0,0,0,0,0,0,0,0,0,0,0,0,0,0,0,0,0,0,0,0,0,0,0,0,0,0,0,0,0,0,0,0,0,0,0,0,0,0,0,0,0,0,0,0,0,0,0,0,0,0,0,0,0,0,0,0,0,0,0,0,0,0,0,0,0,0,0,0,0,0,0,0,0,0,0,0,0,0,0,0,0,0,0,0,0,0,0,0,0,0,0,0,0,0,0,0,0,0,0,0,0,0,0,0,0,0,0,0,0,0,0,0,0,0,0,0,0,0,0,0,0,0,0,0,0,0,0,0,0,0,0,0,0,0,0,0,0,0,0,0,0,0,0,0,0,0,0,0,0,0,0,0,0,0,0,0,0,0,0,0,0,0,0,0,0,0,0,0,0,0,0,0,0,2,4,3,1,2,2,5,1,2,1,2,3,4,2,2,2,2,5,0,0,0,0,0,0,0,0,0,0,0,0,0,0,0,0,2,3,2,3,0,0,0,0,0,0,0,0,0,0,0,0,0,0,0,0,0,1,5,2,5,1,2,0,0,0,0,0,0,0,0,0,0,0,0,0,0,0,0,0,0,0,0,0,0,0,0,0,0,0,0,0,0,0,0,0,0,0,0,0,0,0,0,0,0,0,0,0,0,0,0,0,0,0,0,0,0,0,0,0,0,0,0,0,0,0,0,0,0,0,0,0,0,0,0,0,0,0,0,0,0,0,0,0,0,0,0,0,0,0,0,0,0,0,0,0,0,0,0,0,0,0,0,0,0,0,0,0,0,0,0,0,0,0,0,0,0,0,0,0,0,0,0,0,0,0,0,0,0,0,0,0,0,0,0,0,0,0,0,0,0,0,0,0,0,0,0,0,0,0,0,0,0,0,0,0,0,0,0,0,0,0,0,0,0,0,0,0,0,0,0,0,0,0,0,0,0,0,0,0,0,0,0,0,0,0,0,0,0,0,0,0,5,2,3,1,1,2,1,0,0,0,0,0,0,0,0,0,0,0,0,0,0,0,0,0,0,0,0,0,0,0,0,0,0,0,0,0,0,0,0,0,0,0,0,0,0,0,0,0,0,0,0,0,0,0,0,0,0,0,0,0,0,0,0,0,0,0,0,0,0,0,0,0,0,0,0,0,0,0,0,0,0,0,0,0,0,0,0,0,0,0,0,0,0,0,0,0,0,0,0,0,0,0,0,0,0,0,0,0,0,0,0,0,0,0,0,0,0,0,0,0,0,0,0,0,0,0,0,0,0,0,0,0,0,0,0,0,0,0,0,0,0,0,0,0,0,0,0,0,0,0,0,0,0,0,0,0,2,5,2,4,0,0,0,0,0,0,0,0,0,0,0,0,0,0,0,0,0,0,0,0,0,2,2,2,1,2,2,2,1,0,0,0,0,0,0,0,0,0,0,0,2,2,2,2,2,4,3,2,2,0,0,0,0,0,0,2,2,2,2,2,0,0,1,0,0,0,0,5,5,0,0,0,0,0,0,0,0,0,0,0,1,5,2,5,0,0,0,0,0,2,0,0,0,0,0,0,0,1,2,2,2,2,2,1,0,0,0,0,0,0,0,0,0,0,0,0,0,0,0,3,2,3,0,2,3,4,0,0,0,0,0,0,0,0,0,0,0,0,0,0,0,0,0,0,0,0,0,0,0,0,0,0,0,0,0,0,0,0,2,2,2,1,2,2,2,2,2,0,0,0,0,0,0,0,0,0,0,0,0,0,0,0,0,0,0,0,0,0,0,0,0,3,2,2,2,3,1,1,2,3,2,0,0,0,5,2,3,0,0,0,0,0,0,0,1,2,0,0,0,0,0,0,0,2,2,2,0,0,0,0,0,0,0,0,0,0,0,0,0,0,0,0,0,0,0,0,0,0,0,0,0,0,0,0,0,0,0,0,0,0,0,0,0,0,0,0,0,0,0,0,0,0,0,0,0,0,0,0,0,0,0,0,0,0,0,0,0,0,0,0,0,0,0,2,5,4,0,1,1,2,2,2,2,2,3,2,0,0,0,3,2,2,3,0,0,0,0,0,0,0,0,0,0,0,0,2,2,0,0,0,0,0,0,0,0,0,0,0,0,0,0,0,0,0,0,0,0,0,0,0,0,0,0,0,0,0,0,0,2,2,2,2,4,5,0,0,0,0,0,0,0,0,0,0,0,0,0,0,0,0,0,0,0,0,0,0,0,0,0,0,0,0,0,0,0,0,0,0,3,0,0,0,0,0,0,0,0,0,0,0,0,0,0,0,0,0,0,0,0,0,0,0,0,0,0,2,3,0,0,0,0,0,0,2,2,5,5,1,1,0,0,0,0,0,0,0,0,0,0,0,0,0,0,0,0,0,0,0,0,0,0,2,1,2,0,0,0,0,0,0,0,0,0,3,3,5,0,0,1,5,0,0,0,0,0,0,0,0,0,0,0,0,0,0,0,3,2,0,0,0,0,2,2,2,0,0,0,0,2,2,2,2,1,0,0,0,2,3,2,2,2,1,0,0,2,2,1,2,2,0,0,0,0,0,0,0,0,0,0,0,0,1,2,3,0,0,0,0,0,0,0,0,0,0,0,0,0,0,0,0,0,0,0,0,0,0,0,0,0,0,0,0,0,0,0,0,0,0,0,0,0,0,0,1,2,0,0,0,0,1,0,0,0,0,0,0,0,0,0,0,0,0,0,0,0,0,0,0,0,0,0,0,0,0,0,0,0,0,0,0,0,0,0,0,0,0,0,0,0,0,0,0,0,0,0,0,0,0,0,0,0,0,0,0,0,0,0,0,0,0,0,0,0,0,0,0,0,0,0,0,0,0,0,0,0,0,0,0,0,0,0,0,0,0,0,5,2,0,0,0,0,0,0,4,2,0,0,0,0,0,0,0,0,0,0,0,0,1,3,3,2,0,0,0,0,0,0,0,0,0,0,0,0,0,0,0,0,0,0,0,0,0,0,0,0,0,0,0,0,0,0,0,0,0,0,0,0,0,0,0,0,0,0,0,2,1,0,0,0,0,0,0,0,0,0,0,0,0,0,0,0,0,0,0,0,0,0,0,2,2,2,5,0,0,0,0,0,0,0,2,2,0,0,0,0,0,0,0,0,2,2,2,1,0,0,0,0,2,2,2,2,0,2,1,2,2,2,0,2,2,0,0,0,0,0,0,0,0,0,0,0,0,0,0,0,0,0,0,1,2,2,0,0,0,0,0,0,0,0,0,0,0,0,0,0,0,0,2,2,5,2,2,1,0,0,0,0,0,0,0,3,2,0,3,4,2,4,1,1,2,0,1,1,4,3,3,3,1,3,4,1,1,0,4,0,0,1,3,2,2,2,4,0,3,1,2,2,3,4,0,2,1,3,1,0,1,2,4,0,0,1,4,2,1,1,2,0,2,3,4,1,2,4,0,3,4,4,2,0,3,1,3,3,1,4,4,1,3,4,2,2,0,2,3,3,3,2,4,0,4,3,3,1,3,2,3,0,4,3,0,2,4,0,4,4,2,0,2,4,2,3,2,3,1,0,2,2,1,0,3,2,2,2,4,4,0,3,3,0,3,2,4,2,0,1,1,0,0,3,0,1,3,1,1,3,2,4,0,0,0,1,0,4,0,3,4,2,3,3,4,2,0,2,2,0,0,1,4,3,1,2,0,4,0,4,4,2,4,3,2,0,3,0,1,2,3,3,3,4,1,3,1,2,0,1,0,3,0,1,2,0,3,2,2,2,4,0,0,2,1,4,3,3,2,0,3,2,3,3,2,4,2,3,4,0,0,1,2,4,4,0,0,2,2,3,4,1,2,4,1,0,0,1,1,1,4,3,2,4,3,4,1,1,1,1,3,0,0,0,1,1,4,4,3,4,0,2,3,4,0,0,3,3,0,2,1,1,4,4,1,4,0,4,0,1,4,1,4,2,3,4,2,2,0,1,3,4,4,2,4,2,4,4,4,2,4,1,2,1,4,3,0,0,4,4,3,4,0,3,3,0,0,3,3,4,4,1,3,1,4,1,2,3,4,2,1,1,2,0,0,0,3,4,3,4,2,2,3,4,2,2,4,0,3,2,1,1,4,1,2,1,4,4,3,0,0,3,0,0,0,0,0,0,0,0,0,0,0,0,0,0,0,0,0,0,0,0,0,0,0,0,0,0,0,0,0,0,0,0,0,0,0,0,0,0,0,0,0,0,0,0,0,0,0,0,0,0,0,0,0,0,0,0,0,0,0,0,0,0,0,0,0,0,0,0,0,0,0,0,0,0,0,0,0,0,0,0,0,2,1,2,0,2,2,2,3,3,2,2,3,1,2,2,0,0,0,0,0,0,0,2,3,2,3,3,5,4,0,2,5,0,5,2,0,0,0,0,2,2,5,2,0,0,0,0,0,0,0,0,0,0,0,0,0,0,0,0,0,0,0,0,0,0,0,0,0,0,0,0,0,0,0,0,0,0,0,0,0,0,0,0,0,0,0,0,0,0,0,0,0,0,0,0,0,0,0,0,0,0,0,0,0,0,0,0,0,0,0,0,0,0,0,0,0,0,0,0,0,0,0,0,0,0,0,0,0,0,0,0,0,0,0,0,0,0,0,0,2,1,1,1,5,5,3,1,1,5,4,1,3,1,3,3,0,0,0,0,0,0,0,0,0,0,0,0,0,0,0,0,0,0,0,0,0,0,0,0,0,0,0,0,0,0,0,0,0,0,0,0,0,0,0,0,0,0,0,0,0,0,0,0,0,0,0,0,0,0,0,0,0,0,0,0,0,0,0,0,0,0,0,0,0,0,0,0,0,0,0,0,0,0,0,0,0,0,0,0,0,0,0,0,0,0,0,0,0,0,0,0,0,0,0,0,0,0,0,0,0,0,0,0,0,0,0,0,0,0,0,0,0,0,0,0,0,0,0,0,0,0,0,0,0,0,0,0,0,0,0,0,0,0,0,0,0,0,0,0,0,0,0,0,0,0,0,0,0,0,0,0,0,0,0,0,0,0,0,0,0,0,0,0,0,0,0,0,0,0,0,0,0,0,0,0,0,0,0,0,0,0,0,0,0,0,0,0,0,0,0,0,0,0,0,0,0,0,0,0,0,0,0,0,0,0,0,0,0,0,0,0,0,0,0,0,0,0,0,0,0,0,0,0,0,0,0,0,0,0,0,0,0,0,0,0,0,0,0,0,0,0,0,0,0,0,0,0,0,0,0,0,0,0,0,0,0,0,0,0,0,0,0,0,0,0,0,0,0,0,0,0,0,0,0,0,0,0,0,0,3,3,2,3,2,2,4,2,3,1,1,2,5,5,1,2,1,0,0,0,0,0,0,0,0,0,0,0,0,0,0,0,0,0,0,0,0,0,0,0,0,0,0,0,0,0,0,0,0,0,0,0,0,0,0,0,0,0,0,0,0,0,0,0,0,0,0,0,0,0,0,0,0,0,0,0,0,0,0,0,0,0,0,0,0,0,0,0,0,0,0,0,0,0,0,0,0,0,0,0,0,0,0,0,0,0,0,0,0,0,0,0,0,0,0,0,0,0,0,0,0,0,0,0,0,0,0,0,0,0,0,0,0,0,0,0,0,0,0,0,0,0,0,0,0,0,1,1,2,4,1,3,2,3,1,3,4,5,3,3,1,3,5,4,1,2,4,3,3,1,3,3,1,3,1,1,2,1,3,2,2,5,3,2,2,3,4,1,2,2,4,0,0,0,0,0,0,0,0,0,0,0,0,0,0,0,0,0,0,0,0,0,0,0,0,1,0,0,0,0,0,0,0,0,0,0,0,0,0,0,0,0,0,0,0,0,0,1,0,0,0,0,0,0,0,0,0,1,0,0,0,0,0,0,0,0,0,0,0,0,0,0,0,0,0,0,0,0,0,0,0,0,0,0,0,0,0,0,0,0,1,0,0,0,0,0,0,0,0,0,0,0,1,0,1,0,0,0,1,0,0,0,0,0,0,0,0,0,1,0,0,0,0,0,0,0,0,0,1,0,0,0,0,0,0,0,1,0,1,0,0,0,0,1,0,0,0,0,0,0,0,0,0,0,0,0,0,0,0,0,1,0,1,1,0,0,0,0,0,0,0,0,0,0,0,0,0,0,0,0,0,0,0,0,0,0,0,0,0,0,0,0,0,0,0,0,0,0,0,0,0,0,0,0,0,0,0,0,0,0,1,0,0,0,0,0,0,0,1,0,0,0,0,0,0,0,0,0,0,0,0,1,0,0,0,0,0,1,0,0,0,0,0,1,0,0,0,0,0,0,0,0,0,0,0,0,0,0,0,0,0,0,0,0,0,0,0,0,0,1,0,1,1,0,0,0,1,0,0,0,0,0,0,0,0,0,0,1,0,1,0,0,0,0,0,0,0,0,0,0,0,0,0,0,0,0,0,1,0,0,0,0,0,0,0,0,0,0,0,0,0,0,0,0,0,0,0,0,0,0,0,0,0,1,1,0,0,0,0,0,0,0,0,0,0,0,0,0,0,0,0,1,0,0,0,0,0,0,0,1,0,0,0,0,0,0,0,0,0,0,0,0,0,0,0,0,1,0,0,0,1,0,0,0,1,1,0,0,0,0,0,1,0,0,0,0,0,0,0,0,0,1,1,0,0,0,0,0,0,0,0,0,0,1,0,0,0,0,0,0,0,0,0,0,0,0,0,0,0,0,0,0,0,0,0,0,0,0,0,0,0,0,0,0,0,0,0,0,0,0,0,0,0,1,0,0,0,0,0,0,0,0,0,0,0,0,0,0,0,0,0,0,0,0,0,0,1,0,0,0,0,0,0,0,0,0,0,0,0,0,0,0,0,0,0,0,0,0,0,0,0,0,0,0,0,0,0,0,0,0,0,0,0,0,0,0,0,0,0,0,0,0,0,0,0,0,0,0,0,0,0,0,0,0,0,0,0,0,0,0,0,0,1,0,1,0,0,0,0,0,0,0,0,0,0,0,0,0,1,0,0,0,0,0,1,0,0,0,0,0,0,0,0,1,0,0,0,0,0,0,0,0,0,0,0,0,0,0,0,0,0,0,0,0,0,0,0,0,0,0,0,0,0,0,0,0,0,0,0,0,0,0,0,0,0,0,0,0,0,0,0,0,0,0,0,0,0,0,0,0,0,1,0,0,0,0,0,0,1,0,0,0,0,0,0,0,0,0,0,0,0,0,0,0,0,0,0,0,0,0,0,0,0,0,0,0,0,0,0,0,1,0,0,0,1,0,0,0,0,0,1,0,0,0,0,0,0,1,1,0,0,0,0,0,0,0,0,0,1,0,0,0,0,0,1,0,0,0,0,0,0,0,0,0,1,0,0,0,0,1,0,0,1,0,0,0,0,0,0,0,0,0,0,0,0,0,0,1,0,0,0,0,0,0,0,0,0,0,0,0,1,0,0,1,1,0,0,0,0,0,0,0,0,0,0,0,0,0,0,0,0,0,0,0,0,0,0,0,0,0,0,0,0,0,0,0,0,0,0,0,0,0,0,0,0,0,0,0,0,0,0,0,0,0,0,0,0,0,0,0,0,0,0,0,1,0,0,0,0,0,0,0,0,0,0,0,0,0,0,0,0,1,0,0,0,1,0,0,0,0,0,0,0,0,0,0,0,0,0,0,1,0,0,0,0,1,0,0,0,0,0,0,1,0,0,0,0,0,0,0,0,0,0,1,0,0,0,0,0,0,0,1,0,0,0,0,0,0,0,0,0,0,0,0,0,0,0,0,0,1,0,0,0,0,0,0,0,0,0,0,1,0,0,0,0,0,0,1,0,1,1,0,0,0,0,0,0,0,1,0,0,0,0,0,0,0,0,0,0,1,0,0,0,0,0,0,0,0,0,0,0,0,0,0,0,0,0,0,0,0,0,0,0,0,0,0,0,0,0,0,1,0,0,0,0,0,0,0,0,0,0,0,0,0,0,0,0,0,0,0,0,0,0,0,0,0,0,0,0,0,0,0,0,0,0,0,0,0,0,0,0,0,0,0,0,0,0,0,0,0,0,0,0,0,0,0,0,0,0,0,0,0,0,0,0,0,0,0,0,0,0,0,0,0,0,0,0,0,1.0,1.3248999999999986,1.7553600099999964,47.304,58.901273999999965,17.0,19.0,50.0,32.0,18.0,0.0,22.0,3.0,4.0,0.0,0.0,3.0,0.0,0.0,0.0,3.0,5887.377937449319,5793.933737505598,9092.644097954912,9070.565591172804,8433.957863335987,8514.46888101119,8206.027379793592,6912.4633319264,5556.621449505598,12003.516882810936,14775.018481224786,21161.665098206424,23331.46113903712,23223.56219584699,22400.448644345084,20180.769410907207,16811.846249211536,15280.766718631869,418.8354759999997,418.6969400000004,713.5250600000003,879.3417079999995,948.3893239999996,888.6696479999996,882.0677560000006,723.5276720000002,597.8535960000002,76.49239528728188,95.74939125599995,138.04119721479202,156.13315490064107,157.73041443033918,151.72476399988616,134.12361120458402,111.1239140758859,103.56191845854698,8404.180781576482,7658.782977725454,13667.402442621731,17157.019400544967,19194.7947940212,18084.758652234355,17877.504494182413,14926.998745804978,11736.409020357896,444.5902777777777,210.69444444444449,518.2916666666667,484.4722222222224,476.86111111111126,441.84722222222246,531.0000000000002,501.7777777777781,287.8749999999999,117.74755874898638,111.42180264433844,104.5131505512059,83.98671843678521,72.08510994304262,76.02204358045705,75.98173499808881,78.55071968098183,75.08947904737295,240.07033765621875,284.1349707927844,243.23752986444163,216.032047583677,198.4919845798888,200.00400575308112,186.85897602691853,191.04370737740385,206.4968475490793,8.376709519999995,8.051864230769239,8.201437471264372,8.142052851851847,8.105891658119655,7.934550428571425,8.167294037037042,8.221905363636365,8.07910264864865,1.5298479057456376,1.841334447230768,1.58668042775623,1.445677360191121,1.348123200259309,1.3546853928561264,1.2418852889313337,1.26277175086234,1.3994853845749593,168.08361563152965,147.2842880331818,157.0965798002498,158.86129074578673,164.05807516257428,161.4710593949496,165.53244902020754,169.62498574778385,158.60012189672833,8.891805555555555,4.051816239316239,5.957375478927204,4.485853909465022,4.07573599240266,3.9450644841269855,4.916666666666669,5.702020202020206,3.890202702702701,1.0234388178337597,-0.5701545968097667,-0.0222199642825189,0.1729893365850497,0.0170519226433867,-0.2319915246512919,0.1912934784395409,0.1058852256355408,-0.543268238041226,1919.7866351515995,32.84978580390864,759.2993237077314,-235.7849943421729,-916.5631465396408,67.7552471563786,85.0755381271563,129.06650914477615,-714.9047758422827,2241.0434419886883,22.45074699388109,212.62415681237053,-256.7584225771461,-245.05433794860835,-177.9893307847858,-52.9665637848548,443.3586797749367,-675.2529694516022,8.332540880000005,-0.1365118752000009,5.208901588800003,0.5840524191999994,-3.852672139199997,-1.276279891200001,-1.2228358207999996,-0.6184625087999975,-2.277133622400001,11.691766611620496,-0.0595283862535279,0.9787980373436156,0.1176666878063711,0.8357513210844807,-3.2329152859633856,-1.4823011222095932,2.061733335878034,-2.467371257179023,139.27756768662826,-3.4167171983902622,61.68176043153923,-3.796260266729213,-0.3394674381143143,-42.84556188504143,-49.59365754632085,39.93004612500406,-26.01228561106104,188.83347222222235,-14.854033333333335,126.30336944444444,-7.229188888888895,-75.47935277777776,-1.8766999999999088,-21.012522222222174,12.375727777777817,-44.89909444444442,0.0204687763566751,-0.0109645114771108,-0.0002554018883048,0.0016017531165282,0.0001457429285759,-0.0020713528986722,0.0017712359114772,0.0012032412004038,-0.0073414626762327,38.39573270303199,0.6317266500751662,8.7275784334222,-2.1831943920571564,-7.833873047347359,0.6049575638962376,0.7877364641403362,1.4666648766451835,-9.660875349220037,44.820868839773766,0.4317451344977133,2.4439558254295464,-2.3773928016402417,-2.094481520928277,-1.5891904534355876,-0.4904311461560629,5.0381668156242805,-9.125040127724354,0.1666508176000001,-0.0026252283692307,0.0598724320551724,0.0054078927703703,-0.032928821702564,-0.0113953561714285,-0.0113225538962962,-0.0070279830545454,-0.0307720759783783,0.2338353322324099,-0.0011447766587216,0.0112505521533748,0.0010895063685775,0.0071431736844827,-0.0288653150532445,-0.0137250103908295,0.0234287879077049,-0.0333428548267435,2.7855513537325653,-0.0657060999690435,0.7089857520866578,-0.0351505580252704,-0.0029014310949941,-0.3825496596878698,-0.4592005328363041,0.4537505241477734,-0.3515173731224465,3.776669444444447,-0.2856544871794872,1.4517628671775222,-0.0669369341563786,-0.6451226733143398,-0.0167562499999991,-0.1945603909465016,0.1406332702020206,-0.6067445195195192,-0.5356700999635085,-0.012477633438089,0.0782534866089286,0.0071202560444423,-0.1011957365002304,0.0865335514254912,0.058784227226728,-0.3586664170004778,0.0164530432316839,0.2273059483178715,-0.0568603393752857,-0.2040297839329614,0.0157558541355421,0.0205162503404481,0.0381986427499367,-0.2516132567111331,0.0096326810629468,0.0545271854092394,-0.0530420954162887,-0.046730051762621,-0.035456484770892,-0.0109420267578761,0.1124067191476092,-0.2035890950785596,-0.0157528682249368,0.359268756777899,0.0324504424775793,-0.1975917200814504,-0.0683786394542631,-0.0679417842609869,-0.0421719086396214,-0.1846500150526616,-0.0048956530554753,0.0481131403281387,0.0046592889029047,0.0305478800670854,-0.123442915053381,-0.0586951948612633,0.1001935322777439,-0.1425911752018893,-0.0235881847523647,0.2545225924974011,-0.0126188870932749,-0.0010416002889719,-0.1373335512825004,-0.164850858779174,0.1628943309696156,-0.1261931045182213,-0.0756366135245674,0.3844029477647542,-0.0177238000680319,-0.1708178814175351,-0.0044367796140188,-0.051516393957301,0.037237378666776,-0.1606559770307809,1.6006827449427263,0.900095889095597,0.898550489444102,0.7896092699619471,0.8888623891426253,0.8375706216313012,0.79706053820416,1.3072944534503528,0.6206052049497017,0.5916264960286639,0.937119596094507,1.1415501785622373,0.8729679471955134,0.979416710926578,0.973259710492248,1.104075198861229,0.9127737724646924,0.9011437789772312,1.0273092862052238,1.0241862256062246,1.0310843939465264,1.003150882717995,0.8599719216142058,1.1591408608724818,0.6437685649392676,0.4847739696346055,0.8297561607198048,1.0727497047972192,0.7263853651804704,1.0323008060257677,1.025251708423334,0.9326051958018016,1.047718644426419,0.9793795510390892,0.9952167034316758,0.9387638322745822,1.0624544549205357,1.028956197202206,0.8532830706908127,1.0891623027108617,0.9416890457799616,0.7508832134985411,0.8956840625399579,0.941254937794321,0.925045586299182,1.0968438856864977,0.8819538918353076,0.8642705458364166,0.6324324336557333,0.3786166152684737,0.7612779479121144,0.9913922270194436,0.5896720802647242,1.0107547347700887,1.0735512995757912,0.8021088341160181,316.01895975632425,159.2237655924477,238.8454605640949,318.2957454706097,9.946742045956553,159.2237655924477,2.4285714285711606,0.1537776127242565,0.004805550397633,-5.991192939091966,571.6985938939955,17.86558105918736,20.315558139998927,315.4983245544274,159.0131271625105,238.6366788815021,317.86825871435883,9.933383084823712,159.0131271625105,2.527929770593545,0.1574374742976761,0.0049199210718023,-5.91592604199508,579.9402734958982,18.123133546746818,20.361360388821723,391.9428062182383,193.87443771268684,288.40561149777045,389.0594787981438,12.158108712441994,193.87443771268684,-4.193930792864592,0.1362352903333716,0.0042573528229178,-6.378789798793487,744.8668396556708,23.277088739239712,21.162257483797347,316.558904084602,159.457086132407,239.14088045384307,318.7669680035508,9.961467750110964,159.457086132407,2.355268180211993,0.1510488529671582,0.0047202766552236,-6.04848628770494,567.2383712973308,17.726199103041587,20.29049479460128,471.4633595565339,229.79251152052043,338.7909258934341,463.5994511433746,14.487482848230457,229.79251152052043,-11.878336515493032,0.4611580818322459,0.0144111900572576,-2.476846029014112,613.763351186521,19.180104724578783,20.54275018346513,316.6710853973352,159.5502402388853,238.54470265428563,318.9486432852433,9.967145102663851,159.5502402388853,2.4293950804354267,0.1223399301679052,0.003823122817747,-6.7230457471082765,503.9922508387929,15.74975783871228,19.9121948564266,317.3015720729684,159.70832174663593,236.97267460644875,320.0758929663722,10.00237165519913,159.70832174663593,5.756218434343367,0.2477785291980372,0.0077430790374386,-4.46470386953911,772.7512370116739,24.14847615661481,21.279862981768,0.0,11.996141424755985,19.00041854841836,-0.3574448852389456,0.4143136595033102,3.370555950164791,10.044690247174008,34.0,52.0,50.0,31.0,13.0,1.0,1.0,1.0,0.0,21.0,30.056726,4.05889802529447,3.875489663025654,3.656247307676467,3.553966279571603,3.4233503705689765,3.132240700786451,2.9781105514914645,2.875848623209208,2.037729874081501,1.9774596108965168,1.6732525228962525,1.6577620470815988,1.3949490000136853,1.2975150631279213,1.2067223545685783,1.1379622641565257,3.98170291580043,3.8633669801968007,3.510598004232809,3.382116999505416,3.2919078475242114,3.031054435595204,2.919212932413044,2.8166376480617625,2.033120265189828,1.992526546331837,1.7017627943100997,1.675247509667575,1.411055089324247,1.3487343957946318,1.3201655671429726,1.177475823772804,4.0752667360256,3.912075831091529,3.684489278673108,3.579220808486072,3.478397213906057,3.1608504668441184,3.0827289691440334,2.971528241653014,1.9633517049572096,1.9159175698956936,1.4991902363784109,1.4692174389084698,1.2569732812673444,1.133110636342411,1.074864567455004,0.9863891049566264,3.9702890893943694,3.863904181866116,3.480948844000131,3.3542492706798104,3.263583338283852,3.01147406021572,2.9272316493411337,2.8117290354084687,2.0305008560057964,1.997566885991316,1.741996140095574,1.686396063441126,1.467847169493195,1.396136837087467,1.281693902410715,1.1970443831547923,4.09318888201858,3.9276677313917743,3.7078476481147447,3.614760821376669,3.492846715345804,3.2038218390762,3.1412624166927072,3.0249690674705545,1.94544508856509,1.903914863677564,1.4687442541304028,1.4363346290480083,1.2342481721736207,1.1135279231148432,1.0066419331957523,0.9499173673908602,5.3346546761129385,4.792811828228475,4.58776783578532,4.50319829424307,4.503198294243065,4.224617709520399,3.879307383288552,3.7579601523994177,1.9699182082381403,1.8832332392626352,1.5723531723008746,1.512228223192126,1.1551893238995348,1.1186887278649125,1.0098107169584192,0.8470394864812021,1.0,0.0,3.0,7.0,5.0,3.0,3.0,0.0,0.0,0.0,0.0,0.1178511301977579,0.2721655269759087,0.5138513566024673,0.0,0.0,0.0204124145231931,0.0685249369556619,0.1148558027843204,3.387640341928968,0.2886751345948129,0.943305528971376,0.2041241452319315,0.9775449395022456,0.0155869921597137,0.1388329115462667,0.0063633629026767,6.139719569778597,7.402272026180307,9.77077529210716,1.6977482752186714,1.8706454306687537,2.067645109171248,23.465890847321376,15.078737263758873,14.628940408424118,11.121938204688076,8.341539150724364,6.7289515707067205,4.967502336160621,3.571510984546906,0.733309088978793,0.4434922724634962,0.2985498042535534,0.1853656367448012,0.1142676595989638,0.0731407779424643,0.0473095460586725,0.0305257349106573,17.103158119119577,9.514829508586256,7.090583394838861,4.696956233547275,2.9439878657232623,1.935750551354116,1.1076607428142635,0.6408837029975604,0.5344736912224868,0.2798479267231252,0.14470578356814,0.0782826038924545,0.0403286009003186,0.0210407668625447,0.0105491499315644,0.0054776384871586,33.9492013026664,52.17261471230887,51.18431372549014,52.04400000000005,34.08459520958086,384.9350143712575,0.6789840260533281,1.0434522942461777,1.0236862745098028,1.040880000000001,0.6816919041916172,7.698700287425149,5.273010000000005,110.21980000000006,301.78680912604966,437.880490456082,603.5736182520992,18.8616755703781,301.78680912604966,0.1215982668504559,0.0037999458390767,-6.742504199763788,536.1358096980244,16.754244053063264,20.110040016891944,915.0,1.0,0.0,7.0,16.0,1.0,0.0,0.0,0.0,0.0,0.0,0.0,0.0,1.0,1.0,0.0,0.0,0.0,0.0,0.0,0.0,0.0,0.0,0.0,0.0,0.0,6.0,0.0,4.0,1.0,0.0,6.0,0.0,0.0,0.0,0.0,0.0,0.0,0.0,0.0,2.0,0.0,2.0,0.0,0.0,6.0,1.0,0.0,1.0,1.0,8.0,0.0,1.0,0.0,0.0,0.0,0.0,0.0,0.0,1.0,0.0,0.0,2.0,0.0,0.0,0.0,0.0,1.0,1.0,1.0,1.0,0.0,0.0,3.0,0.0,0.0,0.0,0.0,0.0,0.0,0.0,0.0,0.0,0.0,0.0,0.0,0.0,0.0,0.0,0.0,0.0,0.0,0.0,0.0,0.0,0.0,0.0,0.0,0.0,0.0,0.0,0.0,0.0,0.0,0.0,0.0,0.0,0.0,0.0,0.0,0.0,0.0,0.0,0.0,0.0,0.0,0.0,0.0,0.0,0.0,0.6838157865121046,0.0,67.94037562217942,13.097646675313674,7.341647249211111,0.0,0.0,0.0,0.0,0.0,0.0,0.0,3.607116604729577,0.6838157865121046,0.0,0.0,0.0,0.0,0.0,0.0,0.0,0.0,0.0,0.0,0.0,3.742640284117869,0.0,3.1976513514609324,0.6827612011423554,0.0,3.742640284117869,0.0,0.0,0.0,0.0,0.0,0.0,0.0,0.0,2.68650367594948,0.0,0.41675473205689,0.0,0.0,9.383827000548958,-2.072312441753368,0.0,1.812253826827344,-0.8791112715081153,2.780677119445487,0.0,-4.561687537162973,0.0,0.0,0.0,0.0,0.0,0.0,9.31444575302261,0.0,0.0,8.261606853727615,0.0,0.0,0.0,0.0,8.810336536975912,10.736293887946315,4.876846402885121,5.274982935284612,0.0,0.0,38.24191585908744,0.0,0.0,0.0,0.0,0.0,0.0,0.0,0.0,0.0,0.0,0.0,0.0,0.0,0.0,0.0,0.0,0.0,0.0,0.0,0.0,0.0,0.0,0.0,0.0,0.0,0.0,0.0,0.0,0.0,0.0,0.0,0.0,0.0,0.0,0.0,0.0,0.0,0.0,0.0,0.0,0.0,0.0,0.0,0.0,0.0,0.0,0.6838157865121046,0.0,4.876846402885121,-0.8791112715081153,7.341647249211111,0.0,0.0,0.0,0.0,0.0,0.0,0.0,3.607116604729577,0.6838157865121046,0.0,0.0,0.0,0.0,0.0,0.0,0.0,0.0,0.0,0.0,0.0,0.5175985451722216,0.0,0.6316357016937426,0.6827612011423554,0.0,0.5175985451722216,0.0,0.0,0.0,0.0,0.0,0.0,0.0,0.0,0.8557799362796168,0.0,0.0216559391091839,0.0,0.0,1.2524750828453377,-2.072312441753368,0.0,1.812253826827344,-0.8791112715081153,-0.2003630655454527,0.0,-4.561687537162973,0.0,0.0,0.0,0.0,0.0,0.0,9.31444575302261,0.0,0.0,3.9429954539207785,0.0,0.0,0.0,0.0,8.810336536975912,10.736293887946315,4.876846402885121,5.274982935284612,0.0,0.0,12.74730528636248,0.0,0.0,0.0,0.0,0.0,0.0,0.0,0.0,0.0,0.0,0.0,0.0,0.0,0.0,0.0,0.0,0.0,0.0,0.0,0.0,0.0,0.0,0.0,0.0,0.0,0.0,0.0,0.0,0.0,0.0,0.0,0.0,0.0,0.0,0.0,0.0,0.0,0.0,0.0,0.0,0.0,0.0,0.0,0.0,0.0,0.0,0.6838157865121046,0.0,12.74730528636248,1.843296018581428,7.341647249211111,0.0,0.0,0.0,0.0,0.0,0.0,0.0,3.607116604729577,0.6838157865121046,0.0,0.0,0.0,0.0,0.0,0.0,0.0,0.0,0.0,0.0,0.0,0.7241771650171063,0.0,1.1488872430247092,0.6827612011423554,0.0,0.7241771650171063,0.0,0.0,0.0,0.0,0.0,0.0,0.0,0.0,1.830723739669863,0.0,0.3950987929477061,0.0,0.0,1.843296018581428,0.0,0.0,1.812253826827344,0.0,0.8608373078751314,0.0,0.0,0.0,0.0,0.0,0.0,0.0,0.0,9.31444575302261,0.0,0.0,4.318611399806836,0.0,0.0,0.0,0.0,8.810336536975912,10.736293887946315,4.876846402885121,5.274982935284612,0.0,0.0,12.74730528636248,0.0,0.0,0.0,0.0,0.0,0.0,0.0,0.0,0.0,0.0,0.0,0.0,0.0,0.0,0.0,0.0,0.0,0.0,0.0,0.0,0.0,0.0,0.0,0.0,0.0,0.0,0.0,0.0,0.0,0.0,0.0,0.0,0.0,0.0,0.0,0.0,0.0,0.0,0.0,0.0,0.0,0.0,0.0,0.0,0.0,0.0,95.08333333333334,2.971354166666667,1.3781172056001252,12.74730528636248,0.0072960159310918,-4.561687537162973,8.314627721895764,5.811687537162973,4.747305286362481,59.03285645785927,5.811687537162973,4.747305286362481,59.03285645785927,14.39045,0.4497,0.0,0.0503,0.70819,0.9378,0.43913,0.60924,0.91847,0.26906,0.09896,-0.17011,0.01933,0.47953,0.23476,0.0,0.20318,0.34745,0.03475,42.25,1.32031,20.25,0.63281,22.0,0.6875,1.75,0.05469,0.5,0.01563,26.35122,0.82348,63.05387,36.70266,1.14696,6.6536,0.20793,15.07868,8.42507,0.26328,0.83532,0.0261,1.09332,0.03417,0.34,164.1,4.0,10.0,10.0,7.0,1.0,1.0,0.2857142857142857,1.830337776968543,4.047292483458172,4.728367439558377,5.238562939644917,5.238562939644918,5.238562939644918,91.51688884842714,202.3646241729085,236.41837197791884,261.9281469822459,261.9281469822459,261.9281469822459,0.3243062394617112,0.7171147434250482,0.83779020594554,0.9281885936668446,0.9281885936668448,0.9281885936668448,3.813518412806181,1.5965637063165523,0.9154887502163476,0.405293250129807,0.4052932501298061,0.4052932501298061,0.304486538138653,0.6732888828660994,0.7865893666376533,0.8714631334090308,0.8714631334090309,0.8714631334090309,19.488151793045112,42.19571845419975,45.85215905614334,48.12509484722432,47.685407848504326,47.68540784850432,99.3603388623534,46.833684457211326,36.011171033113754,30.71066563481145,31.439436872766404,31.439436872766404,26.602076124567475,11.620158267388588,7.25,7.0,20.0,3.0,2.78,2.996900000000001,0.0833333333333333,2.8347228214814493,3.799793826130186,0.4082482904638631,7.735159194381166,21.70321788458341,1.098510555284458,9.978017295740967,1.5790180459105343,0.0,0.4999999999999999,0.3265986323710904,0.1666666666666666,0.0,0.3086066999241838,0.0,0.4999999999999999,0.0,0.0,0.61,1.064,1.039,2.601000000000001,2.021,14.488,49.0,60.0,73.0,92.0,105.0,117.0,131.0,152.0,154.0,999.0,3.8607297110405954,4.491441420659749,5.082180461259352,5.69204721843778,6.290121332732377,6.784598455356154,7.2759186648289775,7.747795841990588,8.266151382221372,8.670309854689734,9.64985333182154,15.534045764514516,0.5,3.0,0.0,0.0,1.0,2.0,0.0,0.0,0.0,0.0,0.0,0.0,0.0,0.0,0.0,0.0,0.0,0.0,0.0,0.0,0.0,0.0,0.0,0.0,3.0,0.0,1.0,2.0,0.0,0.0,0.0,0.0,0.0,0.0,0.0,1.0,0.0,0.0,1.0,0.0,0.0,0.0,0.0,0.0,0.0,0.0,0.0,0.0,0.0,0.0,0.0,0.0,0.0,0.0,0.0,0.0,0.0,0.0,0.0,0.0,1.0,0.0,0.0,0.0,0.0,0.0,0.0,0.0,0.0,8.0,0.2352941176470588,14.0,0.4117647058823529,1.0,9.0,18.0,1.0,9.0,4.44444444444444,1.75,2.1216666666666675,1.6186111111111106,0.8179138321995468,0.5043934240362813,0.4462159863945578,0.3081250000000001,0.2197836955412713,0.2647058823529412,0.0907029478458049,0.0357142857142857,0.0461231884057971,0.0351871980676328,0.0194741388618939,0.0140109284454522,0.0148738662131519,0.00962890625,0.0081401368718989,0.5807244054245839,222.1877464865389,339.6307374216302,444.37549297307794,13.886734155408686,222.1877464865389,0.0982027657082912,0.0030688364283841,-7.426306879944843,486.1107198735258,15.19095999604768,19.796596533195416,109.24,376.6515626363322,6.0,5.117993812416755,5.953243334287785,6.836259277277067,7.695757990554761,8.579416534596369,9.448805939388178,10.333807861642468,11.208639643351669,12.09494553497801,143.26886992849307,4.23410650459726,0.0,5.579729825986222,2.3978952727983707,7.097548850614793,4.59511985013459,8.692993531219926,6.6052979209482015,10.3303553144047,10.57200899326967,445.1249407160004,8.902498814320008,64.07504288981298,2.0023450903066555,26.747360424962547,10.928033355030708,8.767128642698072,3408.0,49.0,6.207,166.0,1.0,0.4913616938342726
0,0,0,0,0,0,0,0,0,0,0,0,0,0,0,0,0,0,0,0,0,0,0,0,0,0,0,0,0,0,0,0,0,0,0,0,0,0,0,0,0,0,0,0,0,0,0,0,0,0,0,0,0,0,0,0,0,0,0,0,0,0,0,0,0,0,0,0,0,0,0,0,0,0,0,0,0,0,0,0,0,0,0,0,0,0,0,0,0,0,0,0,0,0,0,0,0,0,0,0,0,0,0,0,0,0,0,0,0,0,0,0,0,0,0,0,0,0,0,0,0,0,0,0,0,0,0,0,0,0,0,0,0,0,0,0,0,0,0,0,0,0,0,0,0,0,0,0,0,0,0,0,0,0,0,0,0,0,0,0,0,0,0,0,0,0,0,0,0,0,0,0,0,0,0,0,0,0,0,0,0,0,0,2,4,3,1,2,2,5,1,2,1,2,3,4,2,2,2,2,5,0,0,0,0,0,0,0,0,0,0,0,0,0,0,0,0,2,3,2,3,0,0,0,0,0,0,0,0,0,0,0,0,0,0,0,0,0,1,5,2,5,1,2,0,0,0,0,0,0,0,0,0,0,0,0,0,0,0,0,0,0,0,0,0,0,0,0,0,0,0,0,0,0,0,0,0,0,0,0,0,0,0,0,0,0,0,0,0,0,0,0,0,0,0,0,0,0,0,0,0,0,0,0,0,0,0,0,0,0,0,0,0,0,0,0,0,0,0,0,0,0,0,0,0,0,0,0,0,0,0,0,0,0,0,0,0,0,0,0,0,0,0,0,0,0,0,0,0,0,0,0,0,0,0,0,0,0,0,0,0,0,0,0,0,0,0,0,0,0,0,0,0,0,0,0,0,0,0,0,0,0,0,0,0,0,0,0,0,0,0,0,0,0,0,0,0,0,0,0,0,0,0,0,0,0,0,0,0,0,0,0,0,0,0,0,0,0,0,0,0,0,0,0,0,0,0,0,0,0,0,0,0,5,2,3,1,1,2,1,0,0,0,0,0,0,0,0,0,0,0,0,0,0,0,0,0,0,0,0,0,0,0,0,0,0,0,0,0,0,0,0,0,0,0,0,0,0,0,0,0,0,0,0,0,0,0,0,0,0,0,0,0,0,0,0,0,0,0,0,0,0,0,0,0,0,0,0,0,0,0,0,0,0,0,0,0,0,0,0,0,0,0,0,0,0,0,0,0,0,0,0,0,0,0,0,0,0,0,0,0,0,0,0,0,0,0,0,0,0,0,0,0,0,0,0,0,0,0,0,0,0,0,0,0,0,0,0,0,0,0,0,0,0,0,0,0,0,0,0,0,0,0,0,0,0,0,0,0,2,5,2,4,0,0,0,0,0,0,0,0,0,0,0,0,0,0,0,0,0,0,0,0,0,2,2,2,1,2,2,2,1,0,0,0,0,0,0,0,0,0,0,0,2,2,2,2,2,4,3,2,2,0,0,0,0,0,0,2,2,2,2,2,0,0,1,0,0,0,0,5,5,0,0,0,0,0,0,0,0,0,0,0,1,5,2,5,0,0,0,0,0,2,0,0,0,0,0,0,0,1,2,2,2,2,2,1,0,0,0,0,0,0,0,0,0,0,0,0,0,0,0,3,2,3,0,2,3,4,0,0,0,0,0,0,0,0,0,0,0,0,0,0,0,0,0,0,0,0,0,0,0,0,0,0,0,0,0,0,0,0,2,2,2,1,2,2,2,2,2,0,0,0,0,0,0,0,0,0,0,0,0,0,0,0,0,0,0,0,0,0,0,0,0,3,2,2,2,3,1,1,2,3,2,0,0,0,5,2,3,0,0,0,0,0,0,0,1,2,0,0,0,0,0,0,0,2,2,2,0,0,0,0,0,0,0,0,0,0,0,0,0,0,0,0,0,0,0,0,0,0,0,0,0,0,0,0,0,0,0,0,0,0,0,0,0,0,0,0,0,0,0,0,0,0,0,0,0,0,0,0,0,0,0,0,0,0,0,0,0,0,0,0,0,0,0,2,5,4,0,1,1,2,2,2,2,2,3,2,0,0,0,3,2,2,3,0,0,0,0,0,0,0,0,0,0,0,0,2,2,0,0,0,0,0,0,0,0,0,0,0,0,0,0,0,0,0,0,0,0,0,0,0,0,0,0,0,0,0,0,0,2,2,2,2,4,5,0,0,0,0,0,0,0,0,0,0,0,0,0,0,0,0,0,0,0,0,0,0,0,0,0,0,0,0,0,0,0,0,0,0,3,0,0,0,0,0,0,0,0,0,0,0,0,0,0,0,0,0,0,0,0,0,0,0,0,0,0,2,3,0,0,0,0,0,0,2,2,5,5,1,1,0,0,0,0,0,0,0,0,0,0,0,0,0,0,0,0,0,0,0,0,0,0,2,1,2,0,0,0,0,0,0,0,0,0,3,3,5,0,0,1,5,0,0,0,0,0,0,0,0,0,0,0,0,0,0,0,3,2,0,0,0,0,2,2,2,0,0,0,0,2,2,2,2,1,0,0,0,2,3,2,2,2,1,0,0,2,2,1,2,2,0,0,0,0,0,0,0,0,0,0,0,0,1,2,3,0,0,0,0,0,0,0,0,0,0,0,0,0,0,0,0,0,0,0,0,0,0,0,0,0,0,0,0,0,0,0,0,0,0,0,0,0,0,0,1,2,0,0,0,0,1,0,0,0,0,0,0,0,0,0,0,0,0,0,0,0,0,0,0,0,0,0,0,0,0,0,0,0,0,0,0,0,0,0,0,0,0,0,0,0,0,0,0,0,0,0,0,0,0,0,0,0,0,0,0,0,0,0,0,0,0,0,0,0,0,0,0,0,0,0,0,0,0,0,0,0,0,0,0,0,0,0,0,0,0,0,5,2,0,0,0,0,0,0,4,2,0,0,0,0,0,0,0,0,0,0,0,0,1,3,3,2,0,0,0,0,0,0,0,0,0,0,0,0,0,0,0,0,0,0,0,0,0,0,0,0,0,0,0,0,0,0,0,0,0,0,0,0,0,0,0,0,0,0,0,2,1,0,0,0,0,0,0,0,0,0,0,0,0,0,0,0,0,0,0,0,0,0,0,2,2,2,5,0,0,0,0,0,0,0,2,2,0,0,0,0,0,0,0,0,2,2,2,1,0,0,0,0,2,2,2,2,0,2,1,2,2,2,0,2,2,0,0,0,0,0,0,0,0,0,0,0,0,0,0,0,0,0,0,1,2,2,0,0,0,0,0,0,0,0,0,0,0,0,0,0,0,0,2,2,5,2,2,1,0,0,0,0,0,0,0,3,2,0,3,4,2,4,1,1,2,0,1,1,4,3,3,3,1,3,4,1,1,0,4,0,0,1,3,2,2,2,4,0,3,1,2,2,3,4,0,2,1,3,1,0,1,2,4,0,0,1,4,2,1,1,2,0,2,3,4,1,2,4,0,3,4,4,2,0,3,1,3,3,1,4,4,1,3,4,2,2,0,2,3,3,3,2,4,0,4,3,3,1,3,2,3,0,4,3,0,2,4,0,4,4,2,0,2,4,2,3,2,3,1,0,2,2,1,0,3,2,2,2,4,4,0,3,3,0,3,2,4,2,0,1,1,0,0,3,0,1,3,1,1,3,2,4,0,0,0,1,0,4,0,3,4,2,3,3,4,2,0,2,2,0,0,1,4,3,1,2,0,4,0,4,4,2,4,3,2,0,3,0,1,2,3,3,3,4,1,3,1,2,0,1,0,3,0,1,2,0,3,2,2,2,4,0,0,2,1,4,3,3,2,0,3,2,3,3,2,4,2,3,4,0,0,1,2,4,4,0,0,2,2,3,4,1,2,4,1,0,0,1,1,1,4,3,2,4,3,4,1,1,1,1,3,0,0,0,1,1,4,4,3,4,0,2,3,4,0,0,3,3,0,2,1,1,4,4,1,4,0,4,0,1,4,1,4,2,3,4,2,2,0,1,3,4,4,2,4,2,4,4,4,2,4,1,2,1,4,3,0,0,4,4,3,4,0,3,3,0,0,3,3,4,4,1,3,1,4,1,2,3,4,2,1,1,2,0,0,0,3,4,3,4,2,2,3,4,2,2,4,0,3,2,1,1,4,1,2,1,4,4,3,0,0,3,0,0,0,0,0,0,0,0,0,0,0,0,0,0,0,0,0,0,0,0,0,0,0,0,0,0,0,0,0,0,0,0,0,0,0,0,0,0,0,0,0,0,0,0,0,0,0,0,0,0,0,0,0,0,0,0,0,0,0,0,0,0,0,0,0,0,0,0,0,0,0,0,0,0,0,0,0,0,0,0,0,2,1,2,0,2,2,2,3,3,2,2,3,1,2,2,0,0,0,0,0,0,0,2,3,2,3,3,5,4,0,2,5,0,5,2,0,0,0,0,2,2,5,2,0,0,0,0,0,0,0,0,0,0,0,0,0,0,0,0,0,0,0,0,0,0,0,0,0,0,0,0,0,0,0,0,0,0,0,0,0,0,0,0,0,0,0,0,0,0,0,0,0,0,0,0,0,0,0,0,0,0,0,0,0,0,0,0,0,0,0,0,0,0,0,0,0,0,0,0,0,0,0,0,0,0,0,0,0,0,0,0,0,0,0,0,0,0,0,0,2,1,1,1,5,5,3,1,1,5,4,1,3,1,3,3,0,0,0,0,0,0,0,0,0,0,0,0,0,0,0,0,0,0,0,0,0,0,0,0,0,0,0,0,0,0,0,0,0,0,0,0,0,0,0,0,0,0,0,0,0,0,0,0,0,0,0,0,0,0,0,0,0,0,0,0,0,0,0,0,0,0,0,0,0,0,0,0,0,0,0,0,0,0,0,0,0,0,0,0,0,0,0,0,0,0,0,0,0,0,0,0,0,0,0,0,0,0,0,0,0,0,0,0,0,0,0,0,0,0,0,0,0,0,0,0,0,0,0,0,0,0,0,0,0,0,0,0,0,0,0,0,0,0,0,0,0,0,0,0,0,0,0,0,0,0,0,0,0,0,0,0,0,0,0,0,0,0,0,0,0,0,0,0,0,0,0,0,0,0,0,0,0,0,0,0,0,0,0,0,0,0,0,0,0,0,0,0,0,0,0,0,0,0,0,0,0,0,0,0,0,0,0,0,0,0,0,0,0,0,0,0,0,0,0,0,0,0,0,0,0,0,0,0,0,0,0,0,0,0,0,0,0,0,0,0,0,0,0,0,0,0,0,0,0,0,0,0,0,0,0,0,0,0,0,0,0,0,0,0,0,0,0,0,0,0,0,0,0,0,0,0,0,0,0,0,0,0,0,0,3,3,2,3,2,2,4,2,3,1,1,2,5,5,1,2,1,0,0,0,0,0,0,0,0,0,0,0,0,0,0,0,0,0,0,0,0,0,0,0,0,0,0,0,0,0,0,0,0,0,0,0,0,0,0,0,0,0,0,0,0,0,0,0,0,0,0,0,0,0,0,0,0,0,0,0,0,0,0,0,0,0,0,0,0,0,0,0,0,0,0,0,0,0,0,0,0,0,0,0,0,0,0,0,0,0,0,0,0,0,0,0,0,0,0,0,0,0,0,0,0,0,0,0,0,0,0,0,0,0,0,0,0,0,0,0,0,0,0,0,0,0,0,0,0,0,1,1,2,4,1,3,2,3,1,3,4,5,3,3,1,3,5,4,1,2,4,3,3,1,3,3,1,3,1,1,2,1,3,2,2,5,3,2,2,3,4,1,2,2,4,0,0,0,0,0,0,0,0,0,0,0,0,0,0,0,0,0,0,0,0,0,0,0,0,0,1,0,0,0,0,0,0,0,0,0,0,0,0,0,0,0,0,0,0,1,0,0,0,0,0,0,0,0,0,0,0,1,0,0,0,0,0,0,1,0,0,0,0,0,0,0,0,0,0,0,0,0,0,0,0,0,0,0,0,0,0,0,0,0,0,0,0,0,0,0,0,0,0,0,0,0,0,0,1,0,0,0,0,0,0,0,0,0,0,0,0,0,0,0,0,0,0,0,0,0,0,0,0,0,0,0,0,0,0,0,0,0,1,1,0,0,0,1,0,0,0,0,0,0,0,0,0,0,0,0,0,0,0,0,0,0,0,0,0,0,0,0,0,0,0,1,0,0,0,0,0,0,0,0,0,0,0,0,1,0,0,0,1,0,0,0,0,0,0,0,0,0,0,0,0,0,0,0,0,0,0,0,0,0,0,0,0,0,0,0,1,0,0,0,0,0,0,0,0,0,0,0,0,0,0,0,0,0,0,0,0,0,0,0,0,0,0,1,0,0,1,0,0,0,0,0,0,0,0,0,0,0,1,0,0,0,0,0,0,0,0,0,0,0,0,0,0,0,0,0,0,0,0,0,0,0,0,0,0,0,0,0,0,0,0,0,0,0,0,0,0,0,0,0,0,0,0,0,0,0,0,0,1,0,0,0,0,0,0,0,0,0,1,1,0,0,0,0,0,0,0,0,0,0,0,0,0,0,1,0,0,0,0,0,0,0,0,0,0,0,0,0,0,0,0,0,0,0,0,0,0,0,1,0,0,0,0,0,0,0,0,0,0,0,0,1,0,0,0,0,0,0,0,0,1,0,0,0,0,0,0,0,0,0,0,0,0,0,0,0,0,0,0,0,0,0,0,0,0,0,0,0,1,0,0,0,0,0,0,0,0,0,1,0,0,0,0,0,0,0,0,0,0,0,0,0,0,0,0,0,0,0,0,0,0,0,0,0,1,0,0,0,0,0,0,0,0,0,0,0,0,0,0,0,0,0,0,0,0,0,0,0,0,0,0,0,0,0,0,0,0,0,0,0,0,0,0,0,0,0,0,0,0,0,0,0,0,0,0,0,0,0,0,1,0,0,0,0,0,0,0,0,0,0,1,1,0,0,0,0,0,0,0,0,0,0,0,0,0,0,0,0,0,0,0,0,0,0,0,0,0,0,0,0,0,0,0,0,0,0,0,0,0,0,0,0,0,1,0,0,0,0,0,0,0,1,0,0,0,0,0,0,0,0,0,0,0,0,0,0,0,0,0,0,0,0,0,0,0,0,0,0,0,0,0,0,0,0,0,0,0,0,0,0,0,0,0,1,0,0,0,0,0,0,0,0,0,0,0,1,0,0,0,0,0,0,0,0,0,0,0,0,1,0,0,0,0,0,0,0,0,0,0,0,0,0,0,0,0,0,0,0,0,0,0,0,0,0,1,0,0,0,0,0,1,0,0,0,0,0,0,0,0,0,0,0,0,0,1,0,0,0,0,0,0,0,0,0,0,0,0,0,0,0,0,0,0,0,0,0,0,1,0,1,0,0,0,0,0,0,0,0,0,0,0,0,0,0,0,0,1,0,0,1,0,0,0,0,0,0,0,0,0,0,0,0,0,0,0,0,0,0,0,0,0,0,0,0,0,0,0,0,0,0,1,0,0,0,1,0,0,0,0,0,0,0,0,0,0,0,0,0,0,0,0,0,0,0,0,0,0,0,0,0,0,0,0,0,0,0,0,1,0,0,0,0,0,0,0,0,1,0,0,0,0,0,0,0,0,0,0,0,1,0,0,0,0,0,0,0,0,0,1,1,0,0,0,0,0,0,0,0,0,0,0,1,0,0,0,0,0,0,1,0,0,0,0,0,0,0,0,0,0,0,0,0,0,0,0,0,0,0,0,0,0,0,0,0,0,0,0,0,0,0,0,0,0,1,0,0,0,0,0,0,0,0,0,0,0,0,0,0,0,0,0,0,0,0,0,0,0,0,0,0,0,0,0,0,0,0,0,0,0,0,0,1,0,0,0,0,0,0,0,0,0,0,0,0,0,0,0,0,0,0,0,0,0,0,0,0,0,0,0,0,0,0,0,0,0,0,0,0,0,0,0,0,0,0,0,0,0,0,0,0,0,0,0,0,0,0,0,0,0,0,0,0,0,0,0,0,0,0,0,0,0,0,0,1,0,0,0,0,0,0,0,0,0,0,0,0,0,0,0,0,0,0,1,0,0,0,0,0,0,0,0,0,0,0,0,0,0,0,0,0,0,0,0,0,0,0,0,0,0,0,0,0,0,0,0,0,0,0,0,0,0,0,0,0,0,0,0,1,2.0,-3.1643000000000003,10.012794490000005,68.9289,64.85096199999995,6.0,6.0,60.0,26.0,34.0,0.0,19.0,1.0,5.0,0.0,1.0,0.0,0.0,0.0,0.0,0.0,5210.974461432659,5703.505866952,6766.661516574001,6348.916245574012,6197.000923098016,6826.675992196016,6160.667638670003,4951.2290187640165,4706.587654956016,11025.713738699029,14158.051611826371,19949.42966340403,22371.130106611978,21728.50074927071,20934.86838646196,20147.900444450595,17567.159917160036,15141.513148177237,454.9830209999995,460.2500640000005,835.3392980000002,1133.1399020000006,1290.115874000001,1150.240672000002,1098.8142739999998,1055.0893960000014,837.5945400000023,85.70885876486581,104.51385354799989,153.24737943673512,182.11063098026247,184.0334119937896,176.08687569063852,161.50886365316825,147.54033806245013,128.44131945705362,9944.760093513063,8842.059798363152,16886.253235814253,24614.491095238416,28819.094206147656,25773.041406383392,23327.23452848049,23529.184490279906,18831.488289930265,271.2152301478433,149.9722222222222,396.0077160493828,365.457561728395,389.9320987654321,385.7916666666666,499.4547325102882,347.1219135802469,262.4120370370369,86.84957435721098,95.05843111586668,62.07946345480735,41.49618461159485,35.61494783389664,43.48201268914659,43.08159187881121,34.86780999129589,40.92684917353058,183.7618956449838,235.9675268637729,183.0222904899452,146.21653664452273,124.87644108776269,133.34311074179593,140.89440870245173,123.71239378281714,131.6653317232803,7.583050349999992,7.670834400000008,7.663663284403672,7.406143150326801,7.414459045977017,7.326373707006382,7.684015902097901,7.430207014084517,7.283430782608716,1.4284809794144302,1.7418975591333314,1.405939260887478,1.1902655619624998,1.0576632873206298,1.1215724566282708,1.1294326129592185,1.039016465228522,1.116881038756988,165.7460015585511,147.36766330605255,154.9197544570115,160.87902676626416,165.6269781962509,164.15949940371587,163.1275141851783,165.69848232591482,163.75207208635013,4.520253835797388,2.4995370370370367,3.6330983123796585,2.388611514564673,2.240989073364552,2.457271762208068,3.4926904371348826,2.4445205181707528,2.2818438003220605,1.0176152174863398,-0.8369678628146228,0.5803430320946497,-0.1587090709794246,-0.3300867861261931,0.3321768593660432,0.0262038250545154,-0.2670967963338927,0.1608632714076505,2708.92875444056,553.609552726371,-71.35947214188857,-506.120818660032,164.6370255933931,824.1577218160832,-979.6531226296216,73.90702164942914,727.4674914955383,2994.99517230491,126.04666395673364,-480.2484127572551,-827.9746265331723,121.13754398230634,735.9017941295783,-1015.4949900935156,43.65019374957705,596.3854280866526,5.178904983333344,-1.365855916666672,4.846318713611112,0.4814112591666779,-0.6073606016666464,1.901742343611136,0.6132666730555336,-1.0831011272222106,0.5223804652777982,19.262507393441965,-2.2659319889333145,-2.0912670903435964,-4.3945394739159545,4.382479940383315,-2.4288726136013827,-3.893739285092999,2.9315394422332783,1.6457965240438948,78.3899179788124,3.203163955189996,-6.880506563976967,-10.080170296962308,9.550577602735284,-1.415692624185989,-11.93353193646256,2.9723689938935864,-1.6268259421716058,111.49117830107198,-33.33930231672001,92.24615456019562,5.607098479652521,-24.69075223543154,45.33154283942154,18.93081268311064,-22.73946116784361,20.070562424850568,0.0169602536247723,-0.0139494643802437,0.0053242480008683,-0.001037314189408,-0.0018970504949781,0.002115776174306,0.0001832435318497,-0.001880963354464,0.0013988110557187,45.14881257400933,9.22682587877285,-0.6546740563476016,-3.3079792069283136,0.94618980226088,5.249412240866771,-6.850721137270081,0.5204719834466841,6.325804273874246,49.91658620508183,2.100777732612228,-4.405948740892248,-5.411598866229885,0.6961927815075077,4.687272574073747,-7.101363567087521,0.3073957306308243,5.185960244231762,0.0863150830555557,-0.0227642652777778,0.0444616395744138,0.0031464788180828,-0.0034905781704979,0.0121130085580327,0.0042885781332554,-0.0076274727269169,0.0045424388285025,0.3210417898906994,-0.0377655331488885,-0.0191859366086568,-0.0287224802216729,0.025186666324042,-0.0154705262012826,-0.0272289460496013,0.0206446439593892,0.0143112741221208,1.3064986329802069,0.0533860659198332,-0.0631239134309813,-0.0658834659932177,0.0548883770272142,-0.0090171504725222,-0.0834512722829549,0.0209321760133351,-0.0141463125406226,1.8581863050178664,-0.5556550386120002,0.8462949959650974,0.036647702481389,-0.1419008749162732,0.2887359416523665,0.1323833054762981,-0.1601370504777719,0.1745266297813092,-0.8224797039514182,0.313925022506249,-0.0611614786168581,-0.1118527197144781,0.1247490881395595,0.0108042919583531,-0.1109041996704977,0.0824758335969446,0.2043647518669057,-0.0145003604529895,-0.0732683545443365,0.0209571359315343,0.1162691096750722,-0.1517364631913667,0.011527921860481,0.1401100917882345,0.0420857653201924,-0.0882662272373845,-0.1084128398523965,0.0139471232797692,0.0939021061018902,-0.1422646079583975,0.0061581881695172,0.103892526282252,-0.2637345000656015,0.5151085766296098,0.0364534065970563,-0.0404399561111619,0.1403347842489627,0.049685153294647,-0.0883677852920287,0.0526262463951856,-0.1176343215683729,-0.0597614927800795,-0.0894664841965017,0.0784529214486905,-0.0481885121764045,-0.0848143354136906,0.0643051609150879,0.0445776050743835,0.0408619378330739,-0.0483153306383426,-0.0504275047291349,0.042011813592189,-0.0069017680117686,-0.0638739836203251,0.016021582790016,-0.0108276520032432,-0.2990308545012431,0.4554414127796299,0.0197222971574083,-0.076365257096709,0.1553858947688188,0.0712432898244965,-0.0861792222046498,0.0939231062622815,1.954967628900016,0.5103316540981371,0.7911654523984235,0.9012739040595666,0.7850878722744498,1.0301437173746342,1.004716397954522,0.6931649979425318,0.990223252592963,0.9626808752080646,0.933512886498028,0.8456520124074111,0.9390087697137016,1.135870534271027,0.8405083308936239,0.8057504179792557,1.2232580776987982,1.2072508416789842,1.1495043969419996,0.9476944948277064,0.9218310719193614,1.1250273982661634,0.9489056822484008,0.9083177359180412,1.1235743563667535,0.423728162914274,0.635216901586557,0.910758769371064,0.5765347397860326,1.1699143070713975,1.0019705445800555,0.6141343159993832,1.6192403443010803,1.100192613150195,0.98959810788234,0.743606993488353,1.2085154654452703,1.023403741039897,0.7255308356275052,0.971262549357654,1.3883211503847028,1.2375552398806955,1.1294940456589615,0.8955509091964903,1.0096223042213377,1.0805117018923398,0.9072338607927976,0.981379321032925,1.1371448505853627,0.38318316800257,0.6079150272755469,0.8412477049907008,0.5435846330797865,1.306270525058071,0.9980005469345145,0.5382702164524784,303.9048313109887,152.51805814299172,238.54687294323867,305.59109504725217,11.753503655663543,152.51805814299172,1.9928571428568205,0.4169780090211225,0.0160376157315816,-2.274276666309216,398.4111236235131,15.323504754750504,15.567459559762284,303.72560843796987,152.41999885959206,238.44268827798936,305.4188031103971,11.746877042707576,152.41999885959206,2.001048249232099,0.4183711056542183,0.016091196371316,-2.2656047121758807,397.2961843776145,15.280622476062096,15.560173353119897,344.5654286930479,171.2043552748429,260.0262257352069,342.90641473661555,13.188708259100595,171.2043552748429,-2.1567181433620988,0.1588765724266167,0.0061106374010237,-4.78303189588915,359.8387334548506,13.839951286725023,15.302705517994726,316.62874591408263,158.9598170008643,245.52640139467368,317.8203349180635,12.223859035310134,158.9598170008643,1.290888087645925,0.3269769436498643,0.0125760362942255,-2.906450610145553,720.6049211956782,27.71557389214147,17.10823667174332,357.2065499731032,175.90842086840345,266.48612808558204,353.2736634976046,13.587448596061716,175.90842086840345,-5.389708236296286,0.0959558828213664,0.0036906108777448,-6.094053542422758,387.0432263919859,14.886277938153304,15.492194595528456,319.8798786878247,160.44851427336403,247.27036039455209,320.8187862498893,12.339184086534209,160.44851427336403,1.0171498589033376,0.3058766776887643,0.011764487603414,-3.07989050811199,1009.8034414127372,38.83859390048989,17.985528543926335,379.0264641932264,188.9719676916372,285.9864247252107,378.6560342388657,14.56369362457176,188.9719676916372,-0.5350654896321032,0.1230638183446422,0.0047332237824862,-5.447135745569828,424.5736409511921,16.329755421199696,15.732822215819402,1.0,11.890000000000002,30.97376302659016,-0.3941670808277306,0.4488852512844301,2.5488766305831385,9.577083116931536,26.0,60.0,59.0,53.0,19.0,1.0,1.0,0.0,0.0,7.0,46.86303799999999,4.4037216096834015,3.8319777327784754,3.5533179190821813,3.473489980263232,3.250072450620216,3.010164641608555,2.772227649996848,2.643217571355625,2.022077192225849,1.9037072609979484,1.8111307198379687,1.7058791571320937,1.494237886240138,1.3558738458847497,1.1725272231466748,1.1629393172323714,3.842544901707981,3.5686045040560352,3.502709576637423,3.34065107658059,3.2642953402111865,3.0226885591282544,2.795027995206055,2.64581503189868,1.9930957704289127,1.8561636564742063,1.8091548887605249,1.6509672497288943,1.5419127516771345,1.418674107809066,1.2829339006542564,1.1083265532578632,3.896416094617839,3.7181722807950814,3.632601139623037,3.517610262144724,3.4126883523535803,3.176654814649083,2.995869328366807,2.827594428436295,1.9046620755026944,1.677237797254055,1.6292399969812847,1.4459415300900935,1.3135168175185097,1.1849795298284485,1.010793429534054,0.7986202314843556,3.868614916907664,3.8426975985408673,3.545757100261823,3.4879299725966524,3.295348886808424,3.04535925065008,2.8232131546167207,2.665925019264028,1.9744628558984525,1.8279274080058336,1.781124096070196,1.606586080212296,1.409687300532177,1.3569847563793094,1.2393868089969722,1.08655761637306,3.923356150167054,3.745379947442131,3.686924095050255,3.513373503945852,3.467677484827527,3.2455803871893534,3.079188496001592,2.8901706554462314,1.880394932002577,1.6309440951845957,1.58512148502427,1.391983440640721,1.3250530898131443,1.1240802516062465,0.9320345291642068,0.7385642758080626,5.085293661252009,4.350109527855816,4.087058058026079,3.974500353395351,3.965674908947508,3.728966501206145,3.5218784504744707,3.3377787360148643,1.8845493433680072,1.7944358364062172,1.6877957970098008,1.537143215605619,1.304945086527976,1.1598490170816498,1.0529010847541438,0.8971400381387111,0.0,0.0,0.0,4.0,2.0,3.0,9.0,1.0,0.0,0.0,0.0,0.0,0.0833333333333333,0.1178511301977579,0.0,0.0,0.0,0.0277777777777777,0.0392837100659193,2.8956851575403206,0.5303300858899106,0.0,0.0,1.0551410199858875,0.1244339411230999,0.0,0.0,3.249908880267624,3.504224683009298,4.264187681741945,1.2756279120096994,1.2827036506033316,1.3262177464235498,19.46840903736401,12.277916867529369,11.20674230225704,7.420498351018945,4.730093176799812,4.138006528636849,2.566134297821491,1.4960941909627892,0.7487849629755389,0.4722275718280526,0.3296100677134423,0.2182499515005572,0.1351455193371375,0.0919557006363744,0.0641533574455372,0.0404349781341294,15.99421936164178,9.838115823944156,7.429067119443096,4.705155329356342,2.891326294876428,2.1069009568640373,1.2350148522813,0.7246759284069535,0.6151622831400685,0.3783890701516983,0.2185019741012675,0.1383869214516571,0.082609322710755,0.0468200212636452,0.0308753713070325,0.0195858359028906,33.730086505190286,59.825564457392666,57.12941176470579,57.97200000000007,37.808959281437176,460.7208395209581,0.5621681084198381,0.9970927409565444,0.9521568627450966,0.9662000000000012,0.6301493213572863,7.6786806586826355,2.341300000000007,97.60980000000004,197.00325184752208,294.3961439125796,394.00650369504416,15.154096295963235,197.00325184752208,0.2631055869386815,0.0101194456514877,-3.471519625918895,281.454709134041,10.82518112054004,14.663926012995152,704.0,4.0,0.0,6.0,6.0,6.0,3.0,1.0,5.0,5.0,0.0,0.0,0.0,0.0,3.0,0.0,0.0,1.0,0.0,0.0,0.0,0.0,0.0,0.0,0.0,0.0,4.0,0.0,12.0,0.0,0.0,4.0,0.0,0.0,0.0,0.0,0.0,0.0,0.0,0.0,1.0,0.0,11.0,0.0,0.0,4.0,0.0,0.0,0.0,0.0,2.0,0.0,1.0,0.0,1.0,0.0,0.0,0.0,0.0,0.0,0.0,0.0,0.0,0.0,0.0,0.0,0.0,3.0,1.0,1.0,0.0,0.0,0.0,0.0,0.0,0.0,0.0,0.0,0.0,0.0,0.0,1.0,0.0,0.0,0.0,0.0,0.0,0.0,0.0,0.0,0.0,0.0,0.0,0.0,0.0,0.0,0.0,0.0,0.0,0.0,0.0,0.0,0.0,0.0,0.0,0.0,0.0,0.0,0.0,0.0,0.0,0.0,0.0,0.0,0.0,0.0,0.0,0.0,0.0,0.0,2.068934128796091,0.0,48.73230992601917,10.76822975512812,29.41066576141885,8.277091928863182,2.1841007979189904,18.329881440653885,25.07623108538568,0.0,0.0,0.0,0.0,1.6825097874938937,0.0,0.0,0.3864243413021979,0.0,0.0,0.0,0.0,0.0,0.0,0.0,0.0,1.5400510678292298,0.0,4.758657213239552,0.0,0.0,1.5400510678292298,0.0,0.0,0.0,0.0,0.0,0.0,0.0,0.0,2.2252462434816485,0.0,9.11866397465485,0.0,0.0,8.358403484450479,0.0,0.0,0.0,0.0,2.409826270677642,0.0,-1.137508344985711,0.0,5.999313262152402,0.0,0.0,0.0,0.0,0.0,0.0,0.0,0.0,0.0,0.0,0.0,0.0,27.23169217652132,10.923923954001935,4.577380533343512,0.0,0.0,0.0,0.0,0.0,0.0,0.0,0.0,0.0,0.0,0.0,-5.811879825903019,0.0,0.0,0.0,0.0,0.0,0.0,0.0,0.0,0.0,0.0,0.0,0.0,0.0,0.0,0.0,0.0,0.0,0.0,0.0,0.0,0.0,0.0,0.0,0.0,0.0,0.0,0.0,0.0,0.0,0.0,0.0,0.0,0.0,0.0,0.0,0.0,0.0,0.0,0.3864243413021979,0.0,4.577380533343512,1.0898469819388834,2.758693375257743,1.76881125748677,2.1841007979189904,3.438642591004973,4.245982715783548,0.0,0.0,0.0,0.0,0.4771508031742406,0.0,0.0,0.3864243413021979,0.0,0.0,0.0,0.0,0.0,0.0,0.0,0.0,0.3780127726959554,0.0,0.2306498502025342,0.0,0.0,0.3780127726959554,0.0,0.0,0.0,0.0,0.0,0.0,0.0,0.0,2.2252462434816485,0.0,-0.3799345907344418,0.0,0.0,2.057366976883346,0.0,0.0,0.0,0.0,1.0898469819388834,0.0,-1.137508344985711,0.0,5.999313262152402,0.0,0.0,0.0,0.0,0.0,0.0,0.0,0.0,0.0,0.0,0.0,0.0,8.898617978922372,10.923923954001935,4.577380533343512,0.0,0.0,0.0,0.0,0.0,0.0,0.0,0.0,0.0,0.0,0.0,-5.811879825903019,0.0,0.0,0.0,0.0,0.0,0.0,0.0,0.0,0.0,0.0,0.0,0.0,0.0,0.0,0.0,0.0,0.0,0.0,0.0,0.0,0.0,0.0,0.0,0.0,0.0,0.0,0.0,0.0,0.0,0.0,0.0,0.0,0.0,0.0,0.0,0.0,0.0,0.0,0.6026794921598264,0.0,10.923923954001935,2.1218347653418936,6.5836249409904495,3.645703529846521,2.1841007979189904,4.221270118360499,5.685953282676115,0.0,0.0,0.0,0.0,0.6026794921598264,0.0,0.0,0.3864243413021979,0.0,0.0,0.0,0.0,0.0,0.0,0.0,0.0,0.3920127612186595,0.0,0.7666557705901289,0.0,0.0,0.3920127612186595,0.0,0.0,0.0,0.0,0.0,0.0,0.0,0.0,2.2252462434816485,0.0,1.3284501224661036,0.0,0.0,2.1218347653418936,0.0,0.0,0.0,0.0,1.3199792887387587,0.0,0.0,0.0,5.999313262152402,0.0,0.0,0.0,0.0,0.0,0.0,0.0,0.0,0.0,0.0,0.0,0.0,9.434456218676576,10.923923954001935,4.577380533343512,0.0,0.0,0.0,0.0,0.0,0.0,0.0,0.0,0.0,0.0,0.0,0.0,0.0,0.0,0.0,0.0,0.0,0.0,0.0,0.0,0.0,0.0,0.0,0.0,0.0,0.0,0.0,0.0,0.0,0.0,0.0,0.0,0.0,0.0,0.0,0.0,0.0,0.0,0.0,0.0,0.0,0.0,0.0,0.0,0.0,0.0,0.0,0.0,0.0,0.0,63.895061728395056,2.4575023741690405,1.3142835549597862,10.923923954001935,-0.0074436930604671,-5.811879825903019,8.05894076443243,6.123608220964748,3.923923954001936,33.631919307902606,5.394402483878005,3.800467163878479,32.519024932045255,12.56665,0.48333,0.0,0.01667,0.54056,0.85513,0.43333,0.51869,0.76559,0.10722,0.02187,-0.08535,0.08954,0.56522,0.14907,0.0,0.17772,0.07958,0.11936,22.25,0.85577,14.75,0.56731,7.5,0.28846,-7.25,-0.27885,0.0,0.0,29.3816,1.13006,45.52331,16.1417,0.62083,8.71805,0.33531,12.2779,3.55986,0.13692,0.6361,0.02447,0.7221,0.02777,0.1,26.07,6.0,6.0,6.0,6.0,4.0,5.0,0.6842105263157895,1.4853239317355773,3.1318443172596044,4.105926322092352,4.6150610122030695,4.834148462665181,4.90011772966574,89.11943590413463,187.91065903557623,246.3555793255412,276.90366073218416,290.04890775991083,294.0070637799444,0.2514561439211084,0.5302018492754844,0.695107900787075,0.7813012510565439,0.8183913997423842,0.8295595881374095,4.421566663872941,2.7750462783489143,1.8009642735161666,1.2918295834054492,1.072742132943338,1.0067728659427786,0.2475539886225962,0.5219740528766007,0.6843210536820586,0.7691768353671783,0.8056914104441968,0.8166862882776234,15.978353816752122,28.65947202276538,32.1421680120521,33.24980077018964,33.70384459856241,35.00271139465493,89.79194355424866,50.82788216838741,39.092995387311966,34.15838758738781,32.36360881951333,29.319100489841976,24.03846153846154,12.456747404844291,11.460207612456747,12.0,6.0,8.0,2.78,3.1459999999999986,0.0,2.321006807652882,0.2132007163556104,0.0714285714285714,23.91774391266123,9.353410095850611,3.311987878081584,0.3333333333333333,0.4714045207910317,0.0,1.7320508075688774,1.6817928305074292,0.0,0.0,0.0,0.0,0.0,0.0,0.0,1.112,2.895,2.9240000000000004,2.338,1.428,14.779,34.0,34.0,35.0,45.0,40.0,37.0,43.0,44.0,38.0,402.0,3.4339872044851463,3.8607297110405954,4.047427642434349,4.355104977107617,4.852518425999119,4.767501597905544,4.823301195478757,5.060218794285084,5.221031272587963,5.110857631897958,7.011439390259019,2.7568407960199006,0.5,1.0,0.0,0.0,0.0,1.0,0.0,0.0,0.0,0.0,0.0,0.0,0.0,0.0,0.0,0.0,0.0,0.0,0.0,0.0,0.0,0.0,0.0,0.0,1.0,0.0,0.0,1.0,0.0,0.0,0.0,0.0,0.0,0.0,0.0,0.0,0.0,0.0,0.0,0.0,0.0,0.0,0.0,0.0,0.0,0.0,0.0,0.0,0.0,0.0,0.0,0.0,0.0,0.0,0.0,0.0,0.0,0.0,0.0,0.0,0.0,0.0,0.0,0.0,0.0,0.0,0.0,0.0,0.0,14.0,0.5384615384615384,19.0,0.7307692307692307,2.0,9.0,18.0,1.0,7.0,2.444444444444443,0.625,1.3422222222222229,0.7361111111111109,0.2448979591836735,0.3767361111111111,0.2587553539934492,0.14,0.1402918069584736,0.2692307692307692,0.0718954248366012,0.0201612903225806,0.0497119341563786,0.0230034722222222,0.0087463556851311,0.0171243686868686,0.0117616069997022,0.007,0.0093527871305649,0.5196748096840446,177.520307293207,274.6633330920599,355.0406145864141,13.655408253323618,177.520307293207,0.2545168196947568,0.0097891084497983,-3.557809725603785,1804.608525675757,69.40802021829835,19.49505730630191,122.82,380.7894789080413,5.700439718141093,4.795790545596741,5.54907608489522,6.3818160174060985,7.1631723908466425,7.99799931797973,8.794673401383422,9.630168502920114,10.43702333732841,11.272724764084428,124.0224443624408,3.970291913552122,0.0,5.241747015059643,0.0,6.680854678790215,0.0,8.190077049719049,0.0,9.737610048158109,9.980865173557472,387.217459818001,6.453624330300016,50.79981741580617,1.9538391313771604,18.08893198568788,12.37701835678028,2.5051064874540363,2206.0,31.0,5.381,120.0,1.0,1.8000293592441343
0,0,0,0,0,0,0,0,0,0,0,0,0,0,0,0,0,0,0,0,0,0,0,0,0,0,0,0,0,0,0,0,0,0,0,0,0,0,0,0,0,0,0,0,0,0,0,0,0,0,0,0,0,0,0,0,0,0,0,0,0,0,0,0,0,0,0,0,0,0,0,0,0,0,0,0,0,0,0,0,0,0,0,0,0,0,0,0,0,0,0,0,0,0,0,0,0,0,0,0,0,0,0,0,0,0,0,0,0,0,0,0,0,0,0,0,0,0,0,0,0,0,0,0,0,0,0,0,0,0,0,0,0,0,0,0,0,0,0,0,0,0,0,0,0,0,0,0,0,0,0,0,0,0,0,0,0,0,0,0,0,0,0,0,0,0,0,0,0,0,0,0,0,0,0,0,0,0,0,0,0,0,0,2,4,3,1,2,2,5,1,2,1,2,3,4,2,2,2,2,5,0,0,0,0,0,0,0,0,0,0,0,0,0,0,0,0,2,3,2,3,0,0,0,0,0,0,0,0,0,0,0,0,0,0,0,0,0,1,5,2,5,1,2,0,0,0,0,0,0,0,0,0,0,0,0,0,0,0,0,0,0,0,0,0,0,0,0,0,0,0,0,0,0,0,0,0,0,0,0,0,0,0,0,0,0,0,0,0,0,0,0,0,0,0,0,0,0,0,0,0,0,0,0,0,0,0,0,0,0,0,0,0,0,0,0,0,0,0,0,0,0,0,0,0,0,0,0,0,0,0,0,0,0,0,0,0,0,0,0,0,0,0,0,0,0,0,0,0,0,0,0,0,0,0,0,0,0,0,0,0,0,0,0,0,0,0,0,0,0,0,0,0,0,0,0,0,0,0,0,0,0,0,0,0,0,0,0,0,0,0,0,0,0,0,0,0,0,0,0,0,0,0,0,0,0,0,0,0,0,0,0,0,0,0,0,0,0,0,0,0,0,0,0,0,0,0,0,0,0,0,0,0,5,2,3,1,1,2,1,0,0,0,0,0,0,0,0,0,0,0,0,0,0,0,0,0,0,0,0,0,0,0,0,0,0,0,0,0,0,0,0,0,0,0,0,0,0,0,0,0,0,0,0,0,0,0,0,0,0,0,0,0,0,0,0,0,0,0,0,0,0,0,0,0,0,0,0,0,0,0,0,0,0,0,0,0,0,0,0,0,0,0,0,0,0,0,0,0,0,0,0,0,0,0,0,0,0,0,0,0,0,0,0,0,0,0,0,0,0,0,0,0,0,0,0,0,0,0,0,0,0,0,0,0,0,0,0,0,0,0,0,0,0,0,0,0,0,0,0,0,0,0,0,0,0,0,0,0,2,5,2,4,0,0,0,0,0,0,0,0,0,0,0,0,0,0,0,0,0,0,0,0,0,2,2,2,1,2,2,2,1,0,0,0,0,0,0,0,0,0,0,0,2,2,2,2,2,4,3,2,2,0,0,0,0,0,0,2,2,2,2,2,0,0,1,0,0,0,0,5,5,0,0,0,0,0,0,0,0,0,0,0,1,5,2,5,0,0,0,0,0,2,0,0,0,0,0,0,0,1,2,2,2,2,2,1,0,0,0,0,0,0,0,0,0,0,0,0,0,0,0,3,2,3,0,2,3,4,0,0,0,0,0,0,0,0,0,0,0,0,0,0,0,0,0,0,0,0,0,0,0,0,0,0,0,0,0,0,0,0,2,2,2,1,2,2,2,2,2,0,0,0,0,0,0,0,0,0,0,0,0,0,0,0,0,0,0,0,0,0,0,0,0,3,2,2,2,3,1,1,2,3,2,0,0,0,5,2,3,0,0,0,0,0,0,0,1,2,0,0,0,0,0,0,0,2,2,2,0,0,0,0,0,0,0,0,0,0,0,0,0,0,0,0,0,0,0,0,0,0,0,0,0,0,0,0,0,0,0,0,0,0,0,0,0,0,0,0,0,0,0,0,0,0,0,0,0,0,0,0,0,0,0,0,0,0,0,0,0,0,0,0,0,0,0,2,5,4,0,1,1,2,2,2,2,2,3,2,0,0,0,3,2,2,3,0,0,0,0,0,0,0,0,0,0,0,0,2,2,0,0,0,0,0,0,0,0,0,0,0,0,0,0,0,0,0,0,0,0,0,0,0,0,0,0,0,0,0,0,0,2,2,2,2,4,5,0,0,0,0,0,0,0,0,0,0,0,0,0,0,0,0,0,0,0,0,0,0,0,0,0,0,0,0,0,0,0,0,0,0,3,0,0,0,0,0,0,0,0,0,0,0,0,0,0,0,0,0,0,0,0,0,0,0,0,0,0,2,3,0,0,0,0,0,0,2,2,5,5,1,1,0,0,0,0,0,0,0,0,0,0,0,0,0,0,0,0,0,0,0,0,0,0,2,1,2,0,0,0,0,0,0,0,0,0,3,3,5,0,0,1,5,0,0,0,0,0,0,0,0,0,0,0,0,0,0,0,3,2,0,0,0,0,2,2,2,0,0,0,0,2,2,2,2,1,0,0,0,2,3,2,2,2,1,0,0,2,2,1,2,2,0,0,0,0,0,0,0,0,0,0,0,0,1,2,3,0,0,0,0,0,0,0,0,0,0,0,0,0,0,0,0,0,0,0,0,0,0,0,0,0,0,0,0,0,0,0,0,0,0,0,0,0,0,0,1,2,0,0,0,0,1,0,0,0,0,0,0,0,0,0,0,0,0,0,0,0,0,0,0,0,0,0,0,0,0,0,0,0,0,0,0,0,0,0,0,0,0,0,0,0,0,0,0,0,0,0,0,0,0,0,0,0,0,0,0,0,0,0,0,0,0,0,0,0,0,0,0,0,0,0,0,0,0,0,0,0,0,0,0,0,0,0,0,0,0,0,5,2,0,0,0,0,0,0,4,2,0,0,0,0,0,0,0,0,0,0,0,0,1,3,3,2,0,0,0,0,0,0,0,0,0,0,0,0,0,0,0,0,0,0,0,0,0,0,0,0,0,0,0,0,0,0,0,0,0,0,0,0,0,0,0,0,0,0,0,2,1,0,0,0,0,0,0,0,0,0,0,0,0,0,0,0,0,0,0,0,0,0,0,2,2,2,5,0,0,0,0,0,0,0,2,2,0,0,0,0,0,0,0,0,2,2,2,1,0,0,0,0,2,2,2,2,0,2,1,2,2,2,0,2,2,0,0,0,0,0,0,0,0,0,0,0,0,0,0,0,0,0,0,1,2,2,0,0,0,0,0,0,0,0,0,0,0,0,0,0,0,0,2,2,5,2,2,1,0,0,0,0,0,0,0,3,2,0,3,4,2,4,1,1,2,0,1,1,4,3,3,3,1,3,4,1,1,0,4,0,0,1,3,2,2,2,4,0,3,1,2,2,3,4,0,2,1,3,1,0,1,2,4,0,0,1,4,2,1,1,2,0,2,3,4,1,2,4,0,3,4,4,2,0,3,1,3,3,1,4,4,1,3,4,2,2,0,2,3,3,3,2,4,0,4,3,3,1,3,2,3,0,4,3,0,2,4,0,4,4,2,0,2,4,2,3,2,3,1,0,2,2,1,0,3,2,2,2,4,4,0,3,3,0,3,2,4,2,0,1,1,0,0,3,0,1,3,1,1,3,2,4,0,0,0,1,0,4,0,3,4,2,3,3,4,2,0,2,2,0,0,1,4,3,1,2,0,4,0,4,4,2,4,3,2,0,3,0,1,2,3,3,3,4,1,3,1,2,0,1,0,3,0,1,2,0,3,2,2,2,4,0,0,2,1,4,3,3,2,0,3,2,3,3,2,4,2,3,4,0,0,1,2,4,4,0,0,2,2,3,4,1,2,4,1,0,0,1,1,1,4,3,2,4,3,4,1,1,1,1,3,0,0,0,1,1,4,4,3,4,0,2,3,4,0,0,3,3,0,2,1,1,4,4,1,4,0,4,0,1,4,1,4,2,3,4,2,2,0,1,3,4,4,2,4,2,4,4,4,2,4,1,2,1,4,3,0,0,4,4,3,4,0,3,3,0,0,3,3,4,4,1,3,1,4,1,2,3,4,2,1,1,2,0,0,0,3,4,3,4,2,2,3,4,2,2,4,0,3,2,1,1,4,1,2,1,4,4,3,0,0,3,0,0,0,0,0,0,0,0,0,0,0,0,0,0,0,0,0,0,0,0,0,0,0,0,0,0,0,0,0,0,0,0,0,0,0,0,0,0,0,0,0,0,0,0,0,0,0,0,0,0,0,0,0,0,0,0,0,0,0,0,0,0,0,0,0,0,0,0,0,0,0,0,0,0,0,0,0,0,0,0,0,2,1,2,0,2,2,2,3,3,2,2,3,1,2,2,0,0,0,0,0,0,0,2,3,2,3,3,5,4,0,2,5,0,5,2,0,0,0,0,2,2,5,2,0,0,0,0,0,0,0,0,0,0,0,0,0,0,0,0,0,0,0,0,0,0,0,0,0,0,0,0,0,0,0,0,0,0,0,0,0,0,0,0,0,0,0,0,0,0,0,0,0,0,0,0,0,0,0,0,0,0,0,0,0,0,0,0,0,0,0,0,0,0,0,0,0,0,0,0,0,0,0,0,0,0,0,0,0,0,0,0,0,0,0,0,0,0,0,0,2,1,1,1,5,5,3,1,1,5,4,1,3,1,3,3,0,0,0,0,0,0,0,0,0,0,0,0,0,0,0,0,0,0,0,0,0,0,0,0,0,0,0,0,0,0,0,0,0,0,0,0,0,0,0,0,0,0,0,0,0,0,0,0,0,0,0,0,0,0,0,0,0,0,0,0,0,0,0,0,0,0,0,0,0,0,0,0,0,0,0,0,0,0,0,0,0,0,0,0,0,0,0,0,0,0,0,0,0,0,0,0,0,0,0,0,0,0,0,0,0,0,0,0,0,0,0,0,0,0,0,0,0,0,0,0,0,0,0,0,0,0,0,0,0,0,0,0,0,0,0,0,0,0,0,0,0,0,0,0,0,0,0,0,0,0,0,0,0,0,0,0,0,0,0,0,0,0,0,0,0,0,0,0,0,0,0,0,0,0,0,0,0,0,0,0,0,0,0,0,0,0,0,0,0,0,0,0,0,0,0,0,0,0,0,0,0,0,0,0,0,0,0,0,0,0,0,0,0,0,0,0,0,0,0,0,0,0,0,0,0,0,0,0,0,0,0,0,0,0,0,0,0,0,0,0,0,0,0,0,0,0,0,0,0,0,0,0,0,0,0,0,0,0,0,0,0,0,0,0,0,0,0,0,0,0,0,0,0,0,0,0,0,0,0,0,0,0,0,0,3,3,2,3,2,2,4,2,3,1,1,2,5,5,1,2,1,0,0,0,0,0,0,0,0,0,0,0,0,0,0,0,0,0,0,0,0,0,0,0,0,0,0,0,0,0,0,0,0,0,0,0,0,0,0,0,0,0,0,0,0,0,0,0,0,0,0,0,0,0,0,0,0,0,0,0,0,0,0,0,0,0,0,0,0,0,0,0,0,0,0,0,0,0,0,0,0,0,0,0,0,0,0,0,0,0,0,0,0,0,0,0,0,0,0,0,0,0,0,0,0,0,0,0,0,0,0,0,0,0,0,0,0,0,0,0,0,0,0,0,0,0,0,0,0,0,1,1,2,4,1,3,2,3,1,3,4,5,3,3,1,3,5,4,1,2,4,3,3,1,3,3,1,3,1,1,2,1,3,2,2,5,3,2,2,3,4,1,2,2,4,0,0,0,0,0,0,0,0,0,0,0,0,0,0,0,0,0,0,0,0,0,0,0,0,0,1,0,0,0,0,0,0,0,0,0,0,0,0,0,0,0,0,0,0,1,0,0,0,0,0,0,0,0,0,0,0,1,0,0,0,0,0,0,1,0,0,0,0,0,0,0,0,0,0,0,0,0,0,0,0,0,0,0,0,0,0,0,0,0,0,0,0,0,0,0,0,0,0,0,0,0,0,0,1,0,0,0,0,0,0,0,0,0,0,0,0,0,0,0,0,0,0,0,0,0,0,0,0,0,0,0,0,0,0,0,0,0,1,1,0,0,0,1,0,0,0,0,0,0,0,0,0,0,0,0,0,0,0,0,0,0,0,0,0,0,0,0,0,0,0,1,0,0,0,0,0,0,0,0,0,0,0,0,1,0,0,0,1,0,0,0,0,0,0,0,0,0,0,0,0,0,0,0,0,0,0,0,0,0,0,0,0,0,0,0,1,0,0,0,0,0,0,0,0,0,0,0,0,0,0,0,0,0,0,0,0,0,0,0,0,0,0,1,0,0,1,0,0,0,0,0,0,0,0,0,0,0,1,0,0,0,0,0,0,0,0,0,0,0,0,0,0,0,0,0,0,0,0,0,0,0,0,0,0,0,0,0,0,0,0,0,0,0,0,0,0,0,0,0,0,0,0,0,0,0,0,0,1,0,0,0,0,0,0,0,0,0,1,1,0,0,0,0,0,0,0,0,0,0,0,0,0,0,1,0,0,0,0,0,0,0,0,0,0,0,0,0,0,0,0,0,0,0,0,0,0,0,1,0,0,0,0,0,0,0,0,0,0,0,0,1,0,0,0,0,0,0,0,0,1,0,0,0,0,0,0,0,0,0,0,0,0,0,0,0,0,0,0,0,0,0,0,0,0,0,0,0,1,0,0,0,0,0,0,0,0,0,1,0,0,0,0,0,0,0,0,0,0,0,0,0,0,0,0,0,0,0,0,0,0,0,0,0,1,0,0,0,0,0,0,0,0,0,0,0,0,0,0,0,0,0,0,0,0,0,0,0,0,0,0,0,0,0,0,0,0,0,0,0,0,0,0,0,0,0,0,0,0,0,0,0,0,0,0,0,0,0,0,1,0,0,0,0,0,0,0,0,0,0,1,1,0,0,0,0,0,0,0,0,0,0,0,0,0,0,0,0,0,0,0,0,0,0,0,0,0,0,0,0,0,0,0,0,0,0,0,0,0,0,0,0,0,1,0,0,0,0,0,0,0,1,0,0,0,0,0,0,0,0,0,0,0,0,0,0,0,0,0,0,0,0,0,0,0,0,0,0,0,0,0,0,0,0,0,0,0,0,0,0,0,0,0,1,0,0,0,0,0,0,0,0,0,0,0,1,0,0,0,0,0,0,0,0,0,0,0,0,1,0,0,0,0,0,0,0,0,0,0,0,0,0,0,0,0,0,0,0,0,0,0,0,0,0,1,0,0,0,0,0,1,0,0,0,0,0,0,0,0,0,0,0,0,0,1,0,0,0,0,0,0,0,0,0,0,0,0,0,0,0,0,0,0,0,0,0,0,1,0,1,0,0,0,0,0,0,0,0,0,0,0,0,0,0,0,0,1,0,0,1,0,0,0,0,0,0,0,0,0,0,0,0,0,0,0,0,0,0,0,0,0,0,0,0,0,0,0,0,0,0,1,0,0,0,1,0,0,0,0,0,0,0,0,0,0,0,0,0,0,0,0,0,0,0,0,0,0,0,0,0,0,0,0,0,0,0,0,1,0,0,0,0,0,0,0,0,1,0,0,0,0,0,0,0,0,0,0,0,1,0,0,0,0,0,0,0,0,0,1,1,0,0,0,0,0,0,0,0,0,0,0,1,0,0,0,0,0,0,1,0,0,0,0,0,0,0,0,0,0,0,0,0,0,0,0,0,0,0,0,0,0,0,0,0,0,0,0,0,0,0,0,0,0,1,0,0,0,0,0,0,0,0,0,0,0,0,0,0,0,0,0,0,0,0,0,0,0,0,0,0,0,0,0,0,0,0,0,0,0,0,0,1,0,0,0,0,0,0,0,0,0,0,0,0,0,0,0,0,0,0,0,0,0,0,0,0,0,0,0,0,0,0,0,0,0,0,0,0,0,0,0,0,0,0,0,0,0,0,0,0,0,0,0,0,0,0,0,0,0,0,0,0,0,0,0,0,0,0,0,0,0,0,0,1,0,0,0,0,0,0,0,0,0,0,0,0,0,0,0,0,0,0,1,0,0,0,0,0,0,0,0,0,0,0,0,0,0,0,0,0,0,0,0,0,0,0,0,0,0,0,0,0,0,0,0,0,0,0,0,0,0,0,0,0,0,0,0,1,2.0,-3.1643000000000003,10.012794490000005,68.9289,64.85096199999995,6.0,6.0,60.0,26.0,34.0,0.0,19.0,1.0,5.0,0.0,1.0,0.0,0.0,0.0,0.0,0.0,5210.974461432659,5703.505866952,6766.661516574001,6348.916245574012,6197.000923098016,6826.675992196016,6160.667638670003,4951.2290187640165,4706.587654956016,11025.713738699029,14158.051611826371,19949.42966340403,22371.130106611978,21728.50074927071,20934.86838646196,20147.900444450595,17567.159917160036,15141.513148177237,454.9830209999995,460.2500640000005,835.3392980000002,1133.1399020000006,1290.115874000001,1150.240672000002,1098.8142739999998,1055.0893960000014,837.5945400000023,85.70885876486581,104.51385354799989,153.24737943673512,182.11063098026247,184.0334119937896,176.08687569063852,161.50886365316825,147.54033806245013,128.44131945705362,9944.760093513063,8842.059798363152,16886.253235814253,24614.491095238416,28819.094206147656,25773.041406383392,23327.23452848049,23529.184490279906,18831.488289930265,271.2152301478433,149.9722222222222,396.0077160493828,365.457561728395,389.9320987654321,385.7916666666666,499.4547325102882,347.1219135802469,262.4120370370369,86.84957435721098,95.05843111586668,62.07946345480735,41.49618461159485,35.61494783389664,43.48201268914659,43.08159187881121,34.86780999129589,40.92684917353058,183.7618956449838,235.9675268637729,183.0222904899452,146.21653664452273,124.87644108776269,133.34311074179593,140.89440870245173,123.71239378281714,131.6653317232803,7.583050349999992,7.670834400000008,7.663663284403672,7.406143150326801,7.414459045977017,7.326373707006382,7.684015902097901,7.430207014084517,7.283430782608716,1.4284809794144302,1.7418975591333314,1.405939260887478,1.1902655619624998,1.0576632873206298,1.1215724566282708,1.1294326129592185,1.039016465228522,1.116881038756988,165.7460015585511,147.36766330605255,154.9197544570115,160.87902676626416,165.6269781962509,164.15949940371587,163.1275141851783,165.69848232591482,163.75207208635013,4.520253835797388,2.4995370370370367,3.6330983123796585,2.388611514564673,2.240989073364552,2.457271762208068,3.4926904371348826,2.4445205181707528,2.2818438003220605,1.0176152174863398,-0.8369678628146228,0.5803430320946497,-0.1587090709794246,-0.3300867861261931,0.3321768593660432,0.0262038250545154,-0.2670967963338927,0.1608632714076505,2708.92875444056,553.609552726371,-71.35947214188857,-506.120818660032,164.6370255933931,824.1577218160832,-979.6531226296216,73.90702164942914,727.4674914955383,2994.99517230491,126.04666395673364,-480.2484127572551,-827.9746265331723,121.13754398230634,735.9017941295783,-1015.4949900935156,43.65019374957705,596.3854280866526,5.178904983333344,-1.365855916666672,4.846318713611112,0.4814112591666779,-0.6073606016666464,1.901742343611136,0.6132666730555336,-1.0831011272222106,0.5223804652777982,19.262507393441965,-2.2659319889333145,-2.0912670903435964,-4.3945394739159545,4.382479940383315,-2.4288726136013827,-3.893739285092999,2.9315394422332783,1.6457965240438948,78.3899179788124,3.203163955189996,-6.880506563976967,-10.080170296962308,9.550577602735284,-1.415692624185989,-11.93353193646256,2.9723689938935864,-1.6268259421716058,111.49117830107198,-33.33930231672001,92.24615456019562,5.607098479652521,-24.69075223543154,45.33154283942154,18.93081268311064,-22.73946116784361,20.070562424850568,0.0169602536247723,-0.0139494643802437,0.0053242480008683,-0.001037314189408,-0.0018970504949781,0.002115776174306,0.0001832435318497,-0.001880963354464,0.0013988110557187,45.14881257400933,9.22682587877285,-0.6546740563476016,-3.3079792069283136,0.94618980226088,5.249412240866771,-6.850721137270081,0.5204719834466841,6.325804273874246,49.91658620508183,2.100777732612228,-4.405948740892248,-5.411598866229885,0.6961927815075077,4.687272574073747,-7.101363567087521,0.3073957306308243,5.185960244231762,0.0863150830555557,-0.0227642652777778,0.0444616395744138,0.0031464788180828,-0.0034905781704979,0.0121130085580327,0.0042885781332554,-0.0076274727269169,0.0045424388285025,0.3210417898906994,-0.0377655331488885,-0.0191859366086568,-0.0287224802216729,0.025186666324042,-0.0154705262012826,-0.0272289460496013,0.0206446439593892,0.0143112741221208,1.3064986329802069,0.0533860659198332,-0.0631239134309813,-0.0658834659932177,0.0548883770272142,-0.0090171504725222,-0.0834512722829549,0.0209321760133351,-0.0141463125406226,1.8581863050178664,-0.5556550386120002,0.8462949959650974,0.036647702481389,-0.1419008749162732,0.2887359416523665,0.1323833054762981,-0.1601370504777719,0.1745266297813092,-0.8224797039514182,0.313925022506249,-0.0611614786168581,-0.1118527197144781,0.1247490881395595,0.0108042919583531,-0.1109041996704977,0.0824758335969446,0.2043647518669057,-0.0145003604529895,-0.0732683545443365,0.0209571359315343,0.1162691096750722,-0.1517364631913667,0.011527921860481,0.1401100917882345,0.0420857653201924,-0.0882662272373845,-0.1084128398523965,0.0139471232797692,0.0939021061018902,-0.1422646079583975,0.0061581881695172,0.103892526282252,-0.2637345000656015,0.5151085766296098,0.0364534065970563,-0.0404399561111619,0.1403347842489627,0.049685153294647,-0.0883677852920287,0.0526262463951856,-0.1176343215683729,-0.0597614927800795,-0.0894664841965017,0.0784529214486905,-0.0481885121764045,-0.0848143354136906,0.0643051609150879,0.0445776050743835,0.0408619378330739,-0.0483153306383426,-0.0504275047291349,0.042011813592189,-0.0069017680117686,-0.0638739836203251,0.016021582790016,-0.0108276520032432,-0.2990308545012431,0.4554414127796299,0.0197222971574083,-0.076365257096709,0.1553858947688188,0.0712432898244965,-0.0861792222046498,0.0939231062622815,1.954967628900016,0.5103316540981371,0.7911654523984235,0.9012739040595666,0.7850878722744498,1.0301437173746342,1.004716397954522,0.6931649979425318,0.990223252592963,0.9626808752080646,0.933512886498028,0.8456520124074111,0.9390087697137016,1.135870534271027,0.8405083308936239,0.8057504179792557,1.2232580776987982,1.2072508416789842,1.1495043969419996,0.9476944948277064,0.9218310719193614,1.1250273982661634,0.9489056822484008,0.9083177359180412,1.1235743563667535,0.423728162914274,0.635216901586557,0.910758769371064,0.5765347397860326,1.1699143070713975,1.0019705445800555,0.6141343159993832,1.6192403443010803,1.100192613150195,0.98959810788234,0.743606993488353,1.2085154654452703,1.023403741039897,0.7255308356275052,0.971262549357654,1.3883211503847028,1.2375552398806955,1.1294940456589615,0.8955509091964903,1.0096223042213377,1.0805117018923398,0.9072338607927976,0.981379321032925,1.1371448505853627,0.38318316800257,0.6079150272755469,0.8412477049907008,0.5435846330797865,1.306270525058071,0.9980005469345145,0.5382702164524784,303.9048313109887,152.51805814299172,238.54687294323867,305.59109504725217,11.753503655663543,152.51805814299172,1.9928571428568205,0.4169780090211225,0.0160376157315816,-2.274276666309216,398.4111236235131,15.323504754750504,15.567459559762284,303.72560843796987,152.41999885959206,238.44268827798936,305.4188031103971,11.746877042707576,152.41999885959206,2.001048249232099,0.4183711056542183,0.016091196371316,-2.2656047121758807,397.2961843776145,15.280622476062096,15.560173353119897,344.5654286930479,171.2043552748429,260.0262257352069,342.90641473661555,13.188708259100595,171.2043552748429,-2.1567181433620988,0.1588765724266167,0.0061106374010237,-4.78303189588915,359.8387334548506,13.839951286725023,15.302705517994726,316.62874591408263,158.9598170008643,245.52640139467368,317.8203349180635,12.223859035310134,158.9598170008643,1.290888087645925,0.3269769436498643,0.0125760362942255,-2.906450610145553,720.6049211956782,27.71557389214147,17.10823667174332,357.2065499731032,175.90842086840345,266.48612808558204,353.2736634976046,13.587448596061716,175.90842086840345,-5.389708236296286,0.0959558828213664,0.0036906108777448,-6.094053542422758,387.0432263919859,14.886277938153304,15.492194595528456,319.8798786878247,160.44851427336403,247.27036039455209,320.8187862498893,12.339184086534209,160.44851427336403,1.0171498589033376,0.3058766776887643,0.011764487603414,-3.07989050811199,1009.8034414127372,38.83859390048989,17.985528543926335,379.0264641932264,188.9719676916372,285.9864247252107,378.6560342388657,14.56369362457176,188.9719676916372,-0.5350654896321032,0.1230638183446422,0.0047332237824862,-5.447135745569828,424.5736409511921,16.329755421199696,15.732822215819402,1.0,11.890000000000002,30.97376302659016,-0.3941670808277306,0.4488852512844301,2.5488766305831385,9.577083116931536,26.0,60.0,59.0,53.0,19.0,1.0,1.0,0.0,0.0,7.0,46.86303799999999,4.4037216096834015,3.8319777327784754,3.5533179190821813,3.473489980263232,3.250072450620216,3.010164641608555,2.772227649996848,2.643217571355625,2.022077192225849,1.9037072609979484,1.8111307198379687,1.7058791571320937,1.494237886240138,1.3558738458847497,1.1725272231466748,1.1629393172323714,3.842544901707981,3.5686045040560352,3.502709576637423,3.34065107658059,3.2642953402111865,3.0226885591282544,2.795027995206055,2.64581503189868,1.9930957704289127,1.8561636564742063,1.8091548887605249,1.6509672497288943,1.5419127516771345,1.418674107809066,1.2829339006542564,1.1083265532578632,3.896416094617839,3.7181722807950814,3.632601139623037,3.517610262144724,3.4126883523535803,3.176654814649083,2.995869328366807,2.827594428436295,1.9046620755026944,1.677237797254055,1.6292399969812847,1.4459415300900935,1.3135168175185097,1.1849795298284485,1.010793429534054,0.7986202314843556,3.868614916907664,3.8426975985408673,3.545757100261823,3.4879299725966524,3.295348886808424,3.04535925065008,2.8232131546167207,2.665925019264028,1.9744628558984525,1.8279274080058336,1.781124096070196,1.606586080212296,1.409687300532177,1.3569847563793094,1.2393868089969722,1.08655761637306,3.923356150167054,3.745379947442131,3.686924095050255,3.513373503945852,3.467677484827527,3.2455803871893534,3.079188496001592,2.8901706554462314,1.880394932002577,1.6309440951845957,1.58512148502427,1.391983440640721,1.3250530898131443,1.1240802516062465,0.9320345291642068,0.7385642758080626,5.085293661252009,4.350109527855816,4.087058058026079,3.974500353395351,3.965674908947508,3.728966501206145,3.5218784504744707,3.3377787360148643,1.8845493433680072,1.7944358364062172,1.6877957970098008,1.537143215605619,1.304945086527976,1.1598490170816498,1.0529010847541438,0.8971400381387111,0.0,0.0,0.0,4.0,2.0,3.0,9.0,1.0,0.0,0.0,0.0,0.0,0.0833333333333333,0.1178511301977579,0.0,0.0,0.0,0.0277777777777777,0.0392837100659193,2.8956851575403206,0.5303300858899106,0.0,0.0,1.0551410199858875,0.1244339411230999,0.0,0.0,3.249908880267624,3.504224683009298,4.264187681741945,1.2756279120096994,1.2827036506033316,1.3262177464235498,19.46840903736401,12.277916867529369,11.20674230225704,7.420498351018945,4.730093176799812,4.138006528636849,2.566134297821491,1.4960941909627892,0.7487849629755389,0.4722275718280526,0.3296100677134423,0.2182499515005572,0.1351455193371375,0.0919557006363744,0.0641533574455372,0.0404349781341294,15.99421936164178,9.838115823944156,7.429067119443096,4.705155329356342,2.891326294876428,2.1069009568640373,1.2350148522813,0.7246759284069535,0.6151622831400685,0.3783890701516983,0.2185019741012675,0.1383869214516571,0.082609322710755,0.0468200212636452,0.0308753713070325,0.0195858359028906,33.730086505190286,59.825564457392666,57.12941176470579,57.97200000000007,37.808959281437176,460.7208395209581,0.5621681084198381,0.9970927409565444,0.9521568627450966,0.9662000000000012,0.6301493213572863,7.6786806586826355,2.341300000000007,97.60980000000004,197.00325184752208,294.3961439125796,394.00650369504416,15.154096295963235,197.00325184752208,0.2631055869386815,0.0101194456514877,-3.471519625918895,281.454709134041,10.82518112054004,14.663926012995152,704.0,4.0,0.0,6.0,6.0,6.0,3.0,1.0,5.0,5.0,0.0,0.0,0.0,0.0,3.0,0.0,0.0,1.0,0.0,0.0,0.0,0.0,0.0,0.0,0.0,0.0,4.0,0.0,12.0,0.0,0.0,4.0,0.0,0.0,0.0,0.0,0.0,0.0,0.0,0.0,1.0,0.0,11.0,0.0,0.0,4.0,0.0,0.0,0.0,0.0,2.0,0.0,1.0,0.0,1.0,0.0,0.0,0.0,0.0,0.0,0.0,0.0,0.0,0.0,0.0,0.0,0.0,3.0,1.0,1.0,0.0,0.0,0.0,0.0,0.0,0.0,0.0,0.0,0.0,0.0,0.0,1.0,0.0,0.0,0.0,0.0,0.0,0.0,0.0,0.0,0.0,0.0,0.0,0.0,0.0,0.0,0.0,0.0,0.0,0.0,0.0,0.0,0.0,0.0,0.0,0.0,0.0,0.0,0.0,0.0,0.0,0.0,0.0,0.0,0.0,0.0,0.0,0.0,0.0,0.0,2.068934128796091,0.0,48.73230992601917,10.76822975512812,29.41066576141885,8.277091928863182,2.1841007979189904,18.329881440653885,25.07623108538568,0.0,0.0,0.0,0.0,1.6825097874938937,0.0,0.0,0.3864243413021979,0.0,0.0,0.0,0.0,0.0,0.0,0.0,0.0,1.5400510678292298,0.0,4.758657213239552,0.0,0.0,1.5400510678292298,0.0,0.0,0.0,0.0,0.0,0.0,0.0,0.0,2.2252462434816485,0.0,9.11866397465485,0.0,0.0,8.358403484450479,0.0,0.0,0.0,0.0,2.409826270677642,0.0,-1.137508344985711,0.0,5.999313262152402,0.0,0.0,0.0,0.0,0.0,0.0,0.0,0.0,0.0,0.0,0.0,0.0,27.23169217652132,10.923923954001935,4.577380533343512,0.0,0.0,0.0,0.0,0.0,0.0,0.0,0.0,0.0,0.0,0.0,-5.811879825903019,0.0,0.0,0.0,0.0,0.0,0.0,0.0,0.0,0.0,0.0,0.0,0.0,0.0,0.0,0.0,0.0,0.0,0.0,0.0,0.0,0.0,0.0,0.0,0.0,0.0,0.0,0.0,0.0,0.0,0.0,0.0,0.0,0.0,0.0,0.0,0.0,0.0,0.0,0.3864243413021979,0.0,4.577380533343512,1.0898469819388834,2.758693375257743,1.76881125748677,2.1841007979189904,3.438642591004973,4.245982715783548,0.0,0.0,0.0,0.0,0.4771508031742406,0.0,0.0,0.3864243413021979,0.0,0.0,0.0,0.0,0.0,0.0,0.0,0.0,0.3780127726959554,0.0,0.2306498502025342,0.0,0.0,0.3780127726959554,0.0,0.0,0.0,0.0,0.0,0.0,0.0,0.0,2.2252462434816485,0.0,-0.3799345907344418,0.0,0.0,2.057366976883346,0.0,0.0,0.0,0.0,1.0898469819388834,0.0,-1.137508344985711,0.0,5.999313262152402,0.0,0.0,0.0,0.0,0.0,0.0,0.0,0.0,0.0,0.0,0.0,0.0,8.898617978922372,10.923923954001935,4.577380533343512,0.0,0.0,0.0,0.0,0.0,0.0,0.0,0.0,0.0,0.0,0.0,-5.811879825903019,0.0,0.0,0.0,0.0,0.0,0.0,0.0,0.0,0.0,0.0,0.0,0.0,0.0,0.0,0.0,0.0,0.0,0.0,0.0,0.0,0.0,0.0,0.0,0.0,0.0,0.0,0.0,0.0,0.0,0.0,0.0,0.0,0.0,0.0,0.0,0.0,0.0,0.0,0.6026794921598264,0.0,10.923923954001935,2.1218347653418936,6.5836249409904495,3.645703529846521,2.1841007979189904,4.221270118360499,5.685953282676115,0.0,0.0,0.0,0.0,0.6026794921598264,0.0,0.0,0.3864243413021979,0.0,0.0,0.0,0.0,0.0,0.0,0.0,0.0,0.3920127612186595,0.0,0.7666557705901289,0.0,0.0,0.3920127612186595,0.0,0.0,0.0,0.0,0.0,0.0,0.0,0.0,2.2252462434816485,0.0,1.3284501224661036,0.0,0.0,2.1218347653418936,0.0,0.0,0.0,0.0,1.3199792887387587,0.0,0.0,0.0,5.999313262152402,0.0,0.0,0.0,0.0,0.0,0.0,0.0,0.0,0.0,0.0,0.0,0.0,9.434456218676576,10.923923954001935,4.577380533343512,0.0,0.0,0.0,0.0,0.0,0.0,0.0,0.0,0.0,0.0,0.0,0.0,0.0,0.0,0.0,0.0,0.0,0.0,0.0,0.0,0.0,0.0,0.0,0.0,0.0,0.0,0.0,0.0,0.0,0.0,0.0,0.0,0.0,0.0,0.0,0.0,0.0,0.0,0.0,0.0,0.0,0.0,0.0,0.0,0.0,0.0,0.0,0.0,0.0,0.0,63.895061728395056,2.4575023741690405,1.3142835549597862,10.923923954001935,-0.0074436930604671,-5.811879825903019,8.05894076443243,6.123608220964748,3.923923954001936,33.631919307902606,5.394402483878005,3.800467163878479,32.519024932045255,12.56665,0.48333,0.0,0.01667,0.54056,0.85513,0.43333,0.51869,0.76559,0.10722,0.02187,-0.08535,0.08954,0.56522,0.14907,0.0,0.17772,0.07958,0.11936,22.25,0.85577,14.75,0.56731,7.5,0.28846,-7.25,-0.27885,0.0,0.0,29.3816,1.13006,45.52331,16.1417,0.62083,8.71805,0.33531,12.2779,3.55986,0.13692,0.6361,0.02447,0.7221,0.02777,0.1,26.07,6.0,6.0,6.0,6.0,4.0,5.0,0.6842105263157895,1.4853239317355773,3.1318443172596044,4.105926322092352,4.6150610122030695,4.834148462665181,4.90011772966574,89.11943590413463,187.91065903557623,246.3555793255412,276.90366073218416,290.04890775991083,294.0070637799444,0.2514561439211084,0.5302018492754844,0.695107900787075,0.7813012510565439,0.8183913997423842,0.8295595881374095,4.421566663872941,2.7750462783489143,1.8009642735161666,1.2918295834054492,1.072742132943338,1.0067728659427786,0.2475539886225962,0.5219740528766007,0.6843210536820586,0.7691768353671783,0.8056914104441968,0.8166862882776234,15.978353816752122,28.65947202276538,32.1421680120521,33.24980077018964,33.70384459856241,35.00271139465493,89.79194355424866,50.82788216838741,39.092995387311966,34.15838758738781,32.36360881951333,29.319100489841976,24.03846153846154,12.456747404844291,11.460207612456747,12.0,6.0,8.0,2.78,3.1459999999999986,0.0,2.321006807652882,0.2132007163556104,0.0714285714285714,23.91774391266123,9.353410095850611,3.311987878081584,0.3333333333333333,0.4714045207910317,0.0,1.7320508075688774,1.6817928305074292,0.0,0.0,0.0,0.0,0.0,0.0,0.0,1.112,2.895,2.9240000000000004,2.338,1.428,14.779,34.0,34.0,35.0,45.0,40.0,37.0,43.0,44.0,38.0,402.0,3.4339872044851463,3.8607297110405954,4.047427642434349,4.355104977107617,4.852518425999119,4.767501597905544,4.823301195478757,5.060218794285084,5.221031272587963,5.110857631897958,7.011439390259019,2.7568407960199006,0.5,1.0,0.0,0.0,0.0,1.0,0.0,0.0,0.0,0.0,0.0,0.0,0.0,0.0,0.0,0.0,0.0,0.0,0.0,0.0,0.0,0.0,0.0,0.0,1.0,0.0,0.0,1.0,0.0,0.0,0.0,0.0,0.0,0.0,0.0,0.0,0.0,0.0,0.0,0.0,0.0,0.0,0.0,0.0,0.0,0.0,0.0,0.0,0.0,0.0,0.0,0.0,0.0,0.0,0.0,0.0,0.0,0.0,0.0,0.0,0.0,0.0,0.0,0.0,0.0,0.0,0.0,0.0,0.0,14.0,0.5384615384615384,19.0,0.7307692307692307,2.0,9.0,18.0,1.0,7.0,2.444444444444443,0.625,1.3422222222222229,0.7361111111111109,0.2448979591836735,0.3767361111111111,0.2587553539934492,0.14,0.1402918069584736,0.2692307692307692,0.0718954248366012,0.0201612903225806,0.0497119341563786,0.0230034722222222,0.0087463556851311,0.0171243686868686,0.0117616069997022,0.007,0.0093527871305649,0.5196748096840446,177.520307293207,274.6633330920599,355.0406145864141,13.655408253323618,177.520307293207,0.2545168196947568,0.0097891084497983,-3.557809725603785,1804.608525675757,69.40802021829835,19.49505730630191,122.82,380.7894789080413,5.700439718141093,4.795790545596741,5.54907608489522,6.3818160174060985,7.1631723908466425,7.99799931797973,8.794673401383422,9.630168502920114,10.43702333732841,11.272724764084428,124.0224443624408,3.970291913552122,0.0,5.241747015059643,0.0,6.680854678790215,0.0,8.190077049719049,0.0,9.737610048158109,9.980865173557472,387.217459818001,6.453624330300016,50.79981741580617,1.9538391313771604,18.08893198568788,12.37701835678028,2.5051064874540363,2206.0,31.0,5.381,120.0,1.0,1.8000293592441343
0,0,0,0,0,0,0,0,0,0,0,0,0,0,0,0,0,0,0,0,0,0,0,0,0,0,0,0,0,0,0,0,0,0,0,0,0,0,0,0,0,0,0,0,0,0,0,0,0,0,0,0,0,0,0,0,0,0,0,0,0,0,0,0,0,0,0,0,0,0,0,0,0,0,0,0,0,0,0,0,0,0,0,0,0,0,0,0,0,0,0,0,0,0,0,0,0,0,0,0,0,0,0,0,0,0,0,0,0,0,0,0,0,0,0,0,0,0,0,0,0,0,0,0,0,0,0,0,0,0,0,0,0,0,0,0,0,0,0,0,0,0,0,0,0,0,0,0,0,0,0,0,0,0,0,0,0,0,0,0,0,0,0,0,0,0,0,0,0,0,0,0,0,0,0,0,0,0,0,0,0,0,0,2,4,3,1,2,2,5,1,2,1,2,3,4,2,2,2,2,5,0,0,0,0,0,0,0,0,0,0,0,0,0,0,0,0,2,3,2,3,0,0,0,0,0,0,0,0,0,0,0,0,0,0,0,0,0,1,5,2,5,1,2,0,0,0,0,0,0,0,0,0,0,0,0,0,0,0,0,0,0,0,0,0,0,0,0,0,0,0,0,0,0,0,0,0,0,0,0,0,0,0,0,0,0,0,0,0,0,0,0,0,0,0,0,0,0,0,0,0,0,0,0,0,0,0,0,0,0,0,0,0,0,0,0,0,0,0,0,0,0,0,0,0,0,0,0,0,0,0,0,0,0,0,0,0,0,0,0,0,0,0,0,0,0,0,0,0,0,0,0,0,0,0,0,0,0,0,0,0,0,0,0,0,0,0,0,0,0,0,0,0,0,0,0,0,0,0,0,0,0,0,0,0,0,0,0,0,0,0,0,0,0,0,0,0,0,0,0,0,0,0,0,0,0,0,0,0,0,0,0,0,0,0,0,0,0,0,0,0,0,0,0,0,0,0,0,0,0,0,0,0,5,2,3,1,1,2,1,0,0,0,0,0,0,0,0,0,0,0,0,0,0,0,0,0,0,0,0,0,0,0,0,0,0,0,0,0,0,0,0,0,0,0,0,0,0,0,0,0,0,0,0,0,0,0,0,0,0,0,0,0,0,0,0,0,0,0,0,0,0,0,0,0,0,0,0,0,0,0,0,0,0,0,0,0,0,0,0,0,0,0,0,0,0,0,0,0,0,0,0,0,0,0,0,0,0,0,0,0,0,0,0,0,0,0,0,0,0,0,0,0,0,0,0,0,0,0,0,0,0,0,0,0,0,0,0,0,0,0,0,0,0,0,0,0,0,0,0,0,0,0,0,0,0,0,0,0,2,5,2,4,0,0,0,0,0,0,0,0,0,0,0,0,0,0,0,0,0,0,0,0,0,2,2,2,1,2,2,2,1,0,0,0,0,0,0,0,0,0,0,0,2,2,2,2,2,4,3,2,2,0,0,0,0,0,0,2,2,2,2,2,0,0,1,0,0,0,0,5,5,0,0,0,0,0,0,0,0,0,0,0,1,5,2,5,0,0,0,0,0,2,0,0,0,0,0,0,0,1,2,2,2,2,2,1,0,0,0,0,0,0,0,0,0,0,0,0,0,0,0,3,2,3,0,2,3,4,0,0,0,0,0,0,0,0,0,0,0,0,0,0,0,0,0,0,0,0,0,0,0,0,0,0,0,0,0,0,0,0,2,2,2,1,2,2,2,2,2,0,0,0,0,0,0,0,0,0,0,0,0,0,0,0,0,0,0,0,0,0,0,0,0,3,2,2,2,3,1,1,2,3,2,0,0,0,5,2,3,0,0,0,0,0,0,0,1,2,0,0,0,0,0,0,0,2,2,2,0,0,0,0,0,0,0,0,0,0,0,0,0,0,0,0,0,0,0,0,0,0,0,0,0,0,0,0,0,0,0,0,0,0,0,0,0,0,0,0,0,0,0,0,0,0,0,0,0,0,0,0,0,0,0,0,0,0,0,0,0,0,0,0,0,0,0,2,5,4,0,1,1,2,2,2,2,2,3,2,0,0,0,3,2,2,3,0,0,0,0,0,0,0,0,0,0,0,0,2,2,0,0,0,0,0,0,0,0,0,0,0,0,0,0,0,0,0,0,0,0,0,0,0,0,0,0,0,0,0,0,0,2,2,2,2,4,5,0,0,0,0,0,0,0,0,0,0,0,0,0,0,0,0,0,0,0,0,0,0,0,0,0,0,0,0,0,0,0,0,0,0,3,0,0,0,0,0,0,0,0,0,0,0,0,0,0,0,0,0,0,0,0,0,0,0,0,0,0,2,3,0,0,0,0,0,0,2,2,5,5,1,1,0,0,0,0,0,0,0,0,0,0,0,0,0,0,0,0,0,0,0,0,0,0,2,1,2,0,0,0,0,0,0,0,0,0,3,3,5,0,0,1,5,0,0,0,0,0,0,0,0,0,0,0,0,0,0,0,3,2,0,0,0,0,2,2,2,0,0,0,0,2,2,2,2,1,0,0,0,2,3,2,2,2,1,0,0,2,2,1,2,2,0,0,0,0,0,0,0,0,0,0,0,0,1,2,3,0,0,0,0,0,0,0,0,0,0,0,0,0,0,0,0,0,0,0,0,0,0,0,0,0,0,0,0,0,0,0,0,0,0,0,0,0,0,0,1,2,0,0,0,0,1,0,0,0,0,0,0,0,0,0,0,0,0,0,0,0,0,0,0,0,0,0,0,0,0,0,0,0,0,0,0,0,0,0,0,0,0,0,0,0,0,0,0,0,0,0,0,0,0,0,0,0,0,0,0,0,0,0,0,0,0,0,0,0,0,0,0,0,0,0,0,0,0,0,0,0,0,0,0,0,0,0,0,0,0,0,5,2,0,0,0,0,0,0,4,2,0,0,0,0,0,0,0,0,0,0,0,0,1,3,3,2,0,0,0,0,0,0,0,0,0,0,0,0,0,0,0,0,0,0,0,0,0,0,0,0,0,0,0,0,0,0,0,0,0,0,0,0,0,0,0,0,0,0,0,2,1,0,0,0,0,0,0,0,0,0,0,0,0,0,0,0,0,0,0,0,0,0,0,2,2,2,5,0,0,0,0,0,0,0,2,2,0,0,0,0,0,0,0,0,2,2,2,1,0,0,0,0,2,2,2,2,0,2,1,2,2,2,0,2,2,0,0,0,0,0,0,0,0,0,0,0,0,0,0,0,0,0,0,1,2,2,0,0,0,0,0,0,0,0,0,0,0,0,0,0,0,0,2,2,5,2,2,1,0,0,0,0,0,0,0,3,2,0,3,4,2,4,1,1,2,0,1,1,4,3,3,3,1,3,4,1,1,0,4,0,0,1,3,2,2,2,4,0,3,1,2,2,3,4,0,2,1,3,1,0,1,2,4,0,0,1,4,2,1,1,2,0,2,3,4,1,2,4,0,3,4,4,2,0,3,1,3,3,1,4,4,1,3,4,2,2,0,2,3,3,3,2,4,0,4,3,3,1,3,2,3,0,4,3,0,2,4,0,4,4,2,0,2,4,2,3,2,3,1,0,2,2,1,0,3,2,2,2,4,4,0,3,3,0,3,2,4,2,0,1,1,0,0,3,0,1,3,1,1,3,2,4,0,0,0,1,0,4,0,3,4,2,3,3,4,2,0,2,2,0,0,1,4,3,1,2,0,4,0,4,4,2,4,3,2,0,3,0,1,2,3,3,3,4,1,3,1,2,0,1,0,3,0,1,2,0,3,2,2,2,4,0,0,2,1,4,3,3,2,0,3,2,3,3,2,4,2,3,4,0,0,1,2,4,4,0,0,2,2,3,4,1,2,4,1,0,0,1,1,1,4,3,2,4,3,4,1,1,1,1,3,0,0,0,1,1,4,4,3,4,0,2,3,4,0,0,3,3,0,2,1,1,4,4,1,4,0,4,0,1,4,1,4,2,3,4,2,2,0,1,3,4,4,2,4,2,4,4,4,2,4,1,2,1,4,3,0,0,4,4,3,4,0,3,3,0,0,3,3,4,4,1,3,1,4,1,2,3,4,2,1,1,2,0,0,0,3,4,3,4,2,2,3,4,2,2,4,0,3,2,1,1,4,1,2,1,4,4,3,0,0,3,0,0,0,0,0,0,0,0,0,0,0,0,0,0,0,0,0,0,0,0,0,0,0,0,0,0,0,0,0,0,0,0,0,0,0,0,0,0,0,0,0,0,0,0,0,0,0,0,0,0,0,0,0,0,0,0,0,0,0,0,0,0,0,0,0,0,0,0,0,0,0,0,0,0,0,0,0,0,0,0,0,2,1,2,0,2,2,2,3,3,2,2,3,1,2,2,0,0,0,0,0,0,0,2,3,2,3,3,5,4,0,2,5,0,5,2,0,0,0,0,2,2,5,2,0,0,0,0,0,0,0,0,0,0,0,0,0,0,0,0,0,0,0,0,0,0,0,0,0,0,0,0,0,0,0,0,0,0,0,0,0,0,0,0,0,0,0,0,0,0,0,0,0,0,0,0,0,0,0,0,0,0,0,0,0,0,0,0,0,0,0,0,0,0,0,0,0,0,0,0,0,0,0,0,0,0,0,0,0,0,0,0,0,0,0,0,0,0,0,0,2,1,1,1,5,5,3,1,1,5,4,1,3,1,3,3,0,0,0,0,0,0,0,0,0,0,0,0,0,0,0,0,0,0,0,0,0,0,0,0,0,0,0,0,0,0,0,0,0,0,0,0,0,0,0,0,0,0,0,0,0,0,0,0,0,0,0,0,0,0,0,0,0,0,0,0,0,0,0,0,0,0,0,0,0,0,0,0,0,0,0,0,0,0,0,0,0,0,0,0,0,0,0,0,0,0,0,0,0,0,0,0,0,0,0,0,0,0,0,0,0,0,0,0,0,0,0,0,0,0,0,0,0,0,0,0,0,0,0,0,0,0,0,0,0,0,0,0,0,0,0,0,0,0,0,0,0,0,0,0,0,0,0,0,0,0,0,0,0,0,0,0,0,0,0,0,0,0,0,0,0,0,0,0,0,0,0,0,0,0,0,0,0,0,0,0,0,0,0,0,0,0,0,0,0,0,0,0,0,0,0,0,0,0,0,0,0,0,0,0,0,0,0,0,0,0,0,0,0,0,0,0,0,0,0,0,0,0,0,0,0,0,0,0,0,0,0,0,0,0,0,0,0,0,0,0,0,0,0,0,0,0,0,0,0,0,0,0,0,0,0,0,0,0,0,0,0,0,0,0,0,0,0,0,0,0,0,0,0,0,0,0,0,0,0,0,0,0,0,0,3,3,2,3,2,2,4,2,3,1,1,2,5,5,1,2,1,0,0,0,0,0,0,0,0,0,0,0,0,0,0,0,0,0,0,0,0,0,0,0,0,0,0,0,0,0,0,0,0,0,0,0,0,0,0,0,0,0,0,0,0,0,0,0,0,0,0,0,0,0,0,0,0,0,0,0,0,0,0,0,0,0,0,0,0,0,0,0,0,0,0,0,0,0,0,0,0,0,0,0,0,0,0,0,0,0,0,0,0,0,0,0,0,0,0,0,0,0,0,0,0,0,0,0,0,0,0,0,0,0,0,0,0,0,0,0,0,0,0,0,0,0,0,0,0,0,1,1,2,4,1,3,2,3,1,3,4,5,3,3,1,3,5,4,1,2,4,3,3,1,3,3,1,3,1,1,2,1,3,2,2,5,3,2,2,3,4,1,2,2,4,0,0,0,0,0,0,0,0,0,0,0,0,0,0,0,0,0,0,0,0,0,0,0,0,1,0,0,0,0,0,0,0,0,0,0,0,0,0,0,0,0,0,0,0,0,0,0,0,0,0,0,0,0,0,0,0,1,0,0,0,0,0,0,0,0,0,0,0,0,0,0,0,0,0,0,0,0,0,0,0,0,0,0,0,0,0,0,0,0,1,0,0,0,0,0,0,0,0,0,0,0,0,0,1,0,1,0,0,0,0,0,0,0,0,0,0,0,0,0,0,0,0,0,0,0,0,0,1,0,0,0,0,0,0,0,0,0,0,0,0,0,0,1,0,0,0,0,0,0,0,0,0,0,0,0,0,0,0,0,1,0,1,0,1,0,0,0,0,1,0,0,0,0,0,0,0,0,0,0,0,0,0,0,0,0,1,0,0,0,0,0,0,0,0,0,0,0,0,0,0,0,0,0,0,0,0,0,0,0,0,0,0,0,0,0,0,0,0,0,0,0,0,0,0,0,0,0,0,0,0,0,0,0,0,0,0,1,0,0,0,0,0,1,0,0,0,0,0,0,0,0,0,0,0,0,0,0,0,0,0,0,0,0,0,0,0,0,0,1,0,1,0,0,0,0,0,0,0,0,0,0,0,0,0,0,0,1,0,0,0,0,0,0,0,0,0,0,0,0,0,0,0,0,0,0,0,1,0,0,0,0,0,0,0,0,0,0,0,0,0,0,0,0,1,0,0,0,0,0,0,0,0,0,1,0,0,0,0,0,0,0,0,0,0,0,0,0,0,0,0,1,0,0,0,0,0,0,0,0,0,0,0,0,0,0,0,0,0,0,0,0,0,0,0,0,1,0,0,0,1,0,0,0,0,0,0,0,0,0,1,1,0,0,0,0,0,0,0,0,0,0,1,0,0,0,0,0,0,0,0,1,0,1,0,0,0,0,0,0,0,0,0,0,0,1,0,0,0,0,0,0,0,0,0,0,0,0,0,0,0,0,0,0,0,0,0,0,0,0,0,0,1,0,0,0,0,0,0,1,0,0,0,0,0,1,0,0,0,0,0,0,0,0,0,0,0,0,0,0,0,0,0,0,0,0,0,1,0,0,0,0,0,0,0,0,0,0,0,0,0,1,0,0,0,0,0,0,0,0,0,0,0,0,0,0,0,0,0,0,0,0,0,0,0,0,0,1,0,0,0,0,0,0,0,1,0,0,0,0,0,0,0,0,0,0,0,0,0,0,1,0,0,0,0,0,1,0,0,0,0,0,0,1,1,0,1,0,0,0,0,0,0,0,0,0,0,0,0,1,0,0,0,0,0,1,1,0,0,0,0,0,0,0,0,0,0,0,0,0,0,0,0,0,0,0,0,0,0,0,0,0,0,0,0,0,0,0,0,0,0,0,0,0,0,0,0,0,0,0,0,0,0,0,0,0,0,0,0,0,0,0,0,0,0,0,0,0,0,0,0,0,0,0,0,0,0,0,0,0,0,0,0,0,0,0,0,0,0,0,0,0,0,0,1,0,0,0,0,0,0,0,0,1,0,0,0,0,1,0,0,0,0,0,0,0,0,0,0,1,0,0,0,0,1,0,0,0,0,0,0,0,0,0,0,0,0,0,0,1,0,0,1,0,0,0,0,0,0,0,0,0,0,0,1,0,0,1,0,0,0,0,0,0,0,0,0,0,0,0,1,0,0,0,1,0,0,0,0,0,0,0,0,0,0,0,0,0,1,0,0,0,0,0,0,0,0,0,0,0,0,0,0,0,0,0,0,0,0,0,0,0,0,0,0,0,0,1,0,0,0,0,0,0,0,0,0,0,0,0,0,0,0,0,0,0,0,0,0,0,0,0,0,0,0,0,0,0,0,0,0,1,0,0,0,0,0,0,0,0,0,0,0,0,0,0,0,0,0,0,1,0,0,1,0,0,0,0,0,0,0,0,0,0,0,0,0,0,0,0,0,0,0,1,0,0,0,0,0,0,0,1,0,0,0,0,0,0,0,0,0,1,0,0,0,0,0,0,0,1,0,1,0,0,0,0,0,0,0,0,0,0,0,0,0,0,0,1,0,0,0,0,0,0,0,0,0,0,0,0,0,0,0,0,1,0,0,0,0,0,0,0,0,0,0,0,0,0,0,0,0,0,0,0,0,0,0,0,0,0,0,0,0,0,0,0,0,0,0,0,0,1,0,0,0,0,0,0,1,0,0,0,0,0,0,0,0,0,0,0,0,0,0,0,0,0,0,0,0,0,0,0,0,0,0,0,0,0,0,0,0,0,0,0,0,0,0,0,0,1,0,0,0,0,0,0,0,0,0,0,0,0,0,0,0,0,0,0,0,0,0,0,0,0,0,0,0,0,1.0,1.732399999999999,3.0012097599999965,52.3595,59.321859999999965,17.0,19.0,48.0,28.0,20.0,0.0,20.0,3.0,3.0,1.0,0.0,0.0,1.0,0.0,0.0,1.0,6546.641950000009,5676.655424999997,8680.771547999995,9026.51504,9026.923905999993,9016.573048999991,6604.946828999997,5689.864823000005,5980.200969000002,11571.875969343071,14091.058689203806,20156.291231355823,21876.447276123217,21735.87140585515,20648.81496744684,17338.1496773894,14845.312583944806,14757.260287469202,376.6591299999997,391.6377260000002,653.5265320000004,800.8048940000002,838.9924920000003,794.8214649999999,731.1183920000005,600.1825340000008,560.942254,83.39227009697987,99.13426987599992,145.18777122933912,162.15770231933922,167.82539746298025,160.4662009581882,132.92655311703697,112.26984581897985,113.22329590054696,7699.803443139479,7235.390819546252,12732.286930941782,15792.81068544017,17225.00417503316,16197.021814072616,14943.318571489664,12511.215962726244,11087.903629301032,209.75872580399323,162.26440329218113,270.98353909465027,297.6934156378601,294.5308641975309,290.44010059442166,267.59465020576124,223.3199588477365,222.2181069958848,136.38837395833352,113.53310849999994,103.34251842857137,88.49524549019608,82.81581565137608,88.39777499019601,70.26539179787231,72.02360535443044,84.22818266197186,241.080749361314,281.8211737840761,239.9558479923313,214.47497329532567,199.41166427390044,202.4393624259494,184.44840082329148,187.9153491638583,207.8487364432282,7.847065208333327,7.832754520000005,7.780077761904767,7.851028372549021,7.697178825688076,7.792367303921567,7.777855234042559,7.597247265822795,7.900595126760564,1.7373389603537472,1.9826853975199985,1.7284258479683228,1.5897813952876394,1.539682545531929,1.5731980486096884,1.4141122672025206,1.4211372888478462,1.594694308458408,160.41257173207248,144.70781639092505,151.5748444159736,154.83147730823697,158.0275612388363,158.79433151051586,158.97147416478364,158.3698223129904,156.16765675071878,4.369973454249859,3.2452880658436225,3.2259945130315506,2.918562898410393,2.702118020160834,2.847451966611977,2.8467515979336304,2.826834922123247,3.129832492899785,0.6677166663118584,-0.4010209610980778,0.1247858207462475,-0.0429952051948281,-0.0137761195662624,-0.0549063025475192,0.0693851762978007,0.0540973318387988,-0.1800674634476007,2908.160773666665,94.34338693055676,964.4834103333332,78.98722337499987,384.40725892361047,-419.6894672083328,-977.2697473472228,638.1834870486102,-900.2225578402772,2472.0893505552444,50.14377867940674,576.2402753872192,-52.54039008482357,475.6990429323084,-439.5161171024213,-747.5228306696345,677.2999010418706,-784.7218385190729,4.048344666666664,-0.0713031111111107,1.3350663333333328,-0.7056018333333316,-0.5932931388888895,-0.604042833333332,-0.5243310555555544,0.4661956944444432,-1.557398694444443,14.45967889157166,0.5954219962253517,2.396016471846504,2.070598856695044,3.109130741236008,-2.607203793099707,-4.470255351714181,2.1551399486399654,-2.431169738099836,75.3173767831779,1.523759169855838,-6.447947131548412,-6.69913770312103,-5.575250611386795,1.7407249683442871,-4.809200991320992,0.7591773282610987,-20.96034805400169,66.83500673169743,-4.5926654928533885,26.235457787176703,-24.35628738949861,-7.964645027329019,5.287682025732864,-11.127727739885533,7.707222431264712,-25.800471920036784,0.013910763881497,-0.0080204192219615,0.0014855454850743,-0.0004215216195571,-0.0001263864180391,-0.0005382970837992,0.0007381401733808,0.0006847763523898,-0.0025361614570084,60.58668278472219,1.8868677386111352,11.48194536111111,0.7743845428921556,3.5266721002166097,-4.114602619689537,-10.396486673906626,8.078271987957091,-12.679190955496862,51.50186146990092,1.002875573588135,6.860003278419276,-0.5151018635767016,4.364211403048701,-4.308981540219817,-7.952370539038664,8.573416468884439,-11.052420260832012,0.0843405138888888,-0.0014260622222222,0.0158936468253968,-0.0069176650326797,-0.0054430563200815,-0.0059219885620914,-0.0055779899527186,0.0059012113220815,-0.0219351928794991,0.3012433102410762,0.011908439924507,0.0285240056172202,0.0202999887911278,0.0285241352406973,-0.0255608215009775,-0.0475559079969593,0.0272802525144299,-0.0342418272971807,1.5691120163162064,0.0304751833971167,-0.0767612753755763,-0.0656778206188336,-0.0511490881778605,0.0170659310621988,-0.0511617126736275,0.0096098395982417,-0.2952161697746717,1.39239597357703,-0.0918533098570677,0.3123268784187703,-0.2387871312695942,-0.0730701378654038,0.0518400198601261,-0.1183800823392078,0.0975597776109457,-0.3633869284512223,-0.5765620989821886,0.106791079032714,-0.0303018312400379,-0.0090855124215869,-0.0386964431561667,0.0530625190441678,0.0492263658720203,-0.1823164765510724,0.0311432752526754,0.1895126921193059,0.0127814316166427,0.0582087009573977,-0.0679126572139561,-0.1715968954901794,0.1333341192595238,-0.2092735626498783,0.0194726082701737,0.1331991326649124,-0.0100016164246362,0.0847389060995254,-0.0836665203400094,-0.1544093807888137,0.1664680891950861,-0.2146023453403008,-0.0169083890584414,0.1884461700854146,-0.0820206649652755,-0.0645366748328365,-0.070215229775493,-0.0661365421613054,0.0699688803159995,-0.2600789569339933,0.0395309688868345,0.094687598520921,0.0673873513568895,0.0946880288158773,-0.0848510842631557,-0.1578654409251504,0.0905588658304091,-0.1136683409493078,0.0194219297795342,-0.0489202010929648,-0.0418566806804685,-0.0325974740145976,0.010876171289711,-0.0326055196452701,0.0061243808589285,-0.1881421891521477,-0.0659678077214622,0.2243089497137876,-0.1714936956160223,-0.0524779870468086,0.0372308027629169,-0.0850189777805033,0.07006611586237,-0.2609795886709515,1.532626614746482,0.8099999544725471,1.0964286045577498,0.8472575295198866,0.8324370152733239,0.7620082323377675,0.7845972025757583,1.2039076028664484,0.6396444006445486,0.6316931514421228,0.8994655281716353,0.963214105155919,1.2608112660037856,1.2975012229954874,0.7363911136991956,1.241462270263061,0.880464765135084,0.8178764053766456,0.9588308782654348,0.911197459733004,1.061590030682764,1.139901533334465,0.8467861924954884,1.1516587754592478,0.7313639657163584,0.6205941074940007,1.1388814894848969,0.8583617847124214,0.8584636999393676,1.070315612125912,0.7199303570954984,1.247383958871528,0.8691467574336014,0.8749733846753608,0.8930648988443536,0.9962335672732646,1.2048982591557735,1.101875097331793,0.9116240838388424,1.2198032019064586,1.0827771312740686,1.0944748172605858,1.0274239459597596,1.089035625348746,1.101082986481347,0.9685096731808812,0.9722100295568188,1.2964123189862455,0.7435425873405415,0.4533587866850329,1.0568789408731616,0.8169639567618594,0.6136402205183502,1.041636167247437,0.8308935520937186,1.4721238885423795,232.0294066670189,116.79585443648172,173.16158506057334,233.8071935399745,8.350256912141948,116.79585443648172,2.450630252100794,0.2887086223363935,0.0103110222262997,-3.4785445147105976,339.22922486489745,12.115329459460623,16.3146929635663,231.9988235325323,116.78373410032174,173.14918289564565,233.78507064055336,8.349466808591192,116.78373410032174,2.461840742453376,0.2889350945344019,0.0103191105190857,-3.4763489669416376,339.26363026492146,12.116558223747194,16.314976931538613,290.9037069131939,144.38999461318275,212.97523658750367,289.53649990319707,10.34058928225704,144.38999461318275,-1.9140898139956164,0.0776855771725076,0.0027744848990181,-7.154239850278849,780.3793663812772,27.870691656474182,18.647384472082667,251.46509592318768,126.3651986485514,190.1804826161313,252.7057362004571,9.02520486430204,126.3651986485514,1.4474136568143194,0.205589509010331,0.0073424824646546,-4.429246564168586,404.759373981753,14.45569192791975,16.80921970621535,318.25350470685186,156.50807169154749,227.64633182597368,315.88587878548026,11.281638528052868,156.50807169154749,-4.143345362400225,0.3473110989778014,0.0124039678206357,-2.961096213166707,432.64299129290055,15.451535403317877,16.995756084822855,257.4053440153539,129.1677757965017,194.93712879013216,258.468125499354,9.231004482119786,129.1677757965017,1.2399117313335353,0.1920265058069231,0.0068580894931043,-4.620341223133452,343.0425163528403,12.251518441172868,16.34599230282393,321.6039331466146,158.8562102202907,251.63187611532635,322.105849019116,11.503780322111286,158.8562102202907,0.8559654871121154,0.1823683106170635,0.0065131539506094,-4.76483546584572,245.7598303077976,8.777136796707055,15.412193326543242,0.0,11.889999999999995,34.968854188159284,-0.349218868873019,0.2590145722715527,3.85383919539431,11.814389319709488,30.0,50.0,49.0,30.0,10.0,1.0,1.0,0.0,0.0,20.0,30.07814,4.329641707400943,3.962894582541351,3.7762009819579374,3.444071503994293,3.3439924455701933,3.239049265250226,2.961010362558881,2.8062910275622226,2.02592012149349,1.8811082563365693,1.7307403390181375,1.665091679000143,1.3898171060467626,1.2496297225843551,1.1895199503463414,1.0603216111092073,3.9978091566201215,3.825120485557596,3.5092355427372874,3.33385545772587,3.251570316208267,2.934631944496848,2.8452590668676496,2.629409828512554,2.0201641043102825,1.951854558204527,1.6934553340884704,1.6711106061004108,1.327920037940169,1.318511381271013,1.2696470125289057,1.1345406859483511,4.052409832288584,3.889568411848996,3.6332531529386527,3.5036940161916204,3.409848619806088,3.0897754906038903,2.962196154833729,2.790496697050295,1.9602059145288115,1.8592058266518936,1.4993676777571967,1.4709501675132306,1.1932262081648348,1.1049351849379851,1.0744119595860118,0.7603185604308988,4.049542279549411,3.830889474632654,3.550634398194691,3.3310085147126327,3.270230765964324,2.9369798461025365,2.858607459513512,2.647203190439442,2.003365890732766,1.956875542403054,1.6770130294154897,1.6674146065121382,1.3629258983058057,1.2854294514024314,1.2288776482002233,1.0582626705327114,4.06700948612635,3.9091997283564,3.656771164718376,3.5334262127387106,3.4492205253717034,3.1434468597917937,2.9955159018546333,2.8389820851496497,1.9485791184206205,1.8438091021980263,1.4759425269965478,1.422751092914685,1.1997109138737856,1.0697734415991689,1.0055561379707985,0.6775964854617125,4.810442201815325,4.104800407596043,3.936552647279829,3.7763510335584094,3.70522181883748,3.431513820992512,3.129303634611001,2.9796785359207347,2.000418399534074,1.854985762730852,1.6042321620650808,1.5620037757553882,1.322805108297188,1.1208581528479749,1.0174160242129324,0.9059646723371314,0.0,0.0,5.0,5.0,4.0,3.0,3.0,0.0,0.0,0.0,0.0,0.1178511301977579,0.2721655269759087,0.5337802159139756,0.0,0.0,0.0612372435695794,0.1039274045983121,0.174799431651716,2.2947746771053104,0.0,0.365450890140006,0.0,1.2011110401978484,0.0,0.156719399110895,0.0,4.186438086163401,6.2132242042494825,8.522187250924857,2.013588175803681,2.686243892784025,3.166790807915881,20.25878406613483,13.3294075958929,12.564670222809424,9.444120881601824,7.81670698539225,6.200609908786556,4.224384197970068,3.1677606177172986,0.7235280023619582,0.4443135865297633,0.2991588148287958,0.1816177092615735,0.1166672684386903,0.0756171940095921,0.0469376021996674,0.030754957453566,17.34230443085768,10.004134807574712,8.017674746571753,5.251860858681791,3.799334377100518,2.556373717999891,1.5475504807558282,1.0099791401886535,0.6193680153877743,0.3334711602524904,0.1908970177755179,0.100997324205419,0.0567064832403062,0.0311752892439011,0.0171950053417314,0.0098056227202781,32.114476694484,48.70211216314645,47.12941176470583,47.59200000000004,34.444227544910206,362.2508682634731,0.6690515978017499,1.0146273367322178,0.981862745098038,0.9915000000000008,0.717588073852296,7.5468930888223555,5.893990000000004,116.03980000000004,250.2055558795955,362.5658217586832,500.411111759191,17.87182541997111,250.2055558795955,0.0112941118784491,0.000403361138516,-12.553726532964456,341.6858354189264,12.203065550675944,16.334896773988234,751.0,1.0,0.0,5.0,14.0,1.0,0.0,0.0,0.0,0.0,0.0,0.0,1.0,0.0,1.0,0.0,0.0,0.0,0.0,0.0,0.0,0.0,0.0,0.0,0.0,0.0,5.0,0.0,5.0,1.0,0.0,5.0,0.0,0.0,0.0,0.0,0.0,0.0,0.0,0.0,3.0,0.0,2.0,0.0,0.0,5.0,1.0,0.0,0.0,1.0,8.0,0.0,0.0,0.0,0.0,0.0,0.0,0.0,0.0,0.0,0.0,0.0,3.0,0.0,0.0,0.0,0.0,1.0,1.0,1.0,0.0,0.0,0.0,0.0,0.0,0.0,0.0,0.0,0.0,0.0,0.0,0.0,0.0,0.0,0.0,0.0,0.0,1.0,0.0,0.0,0.0,0.0,1.0,0.0,0.0,0.0,0.0,0.0,0.0,0.0,0.0,0.0,0.0,0.0,0.0,0.0,0.0,0.0,0.0,0.0,0.0,0.0,0.0,0.0,0.0,0.0,0.0,0.0,0.0,0.0,0.6688321234913464,0.0,24.48050545575549,17.989755860663774,7.20068817400752,0.0,0.0,0.0,0.0,0.0,0.0,-1.0452519007198582,0.0,0.6688321234913464,0.0,0.0,0.0,0.0,0.0,0.0,0.0,0.0,0.0,0.0,0.0,2.512847031239305,0.0,2.693080159336892,0.6453357811324324,0.0,2.512847031239305,0.0,0.0,0.0,0.0,0.0,0.0,0.0,0.0,6.071044500489128,0.0,0.7020915509521632,0.0,0.0,10.16605402761818,0.1202724347898429,0.0,0.0,-0.7697977515711607,8.593499584616755,0.0,0.0,0.0,0.0,0.0,0.0,0.0,0.0,0.0,0.0,0.0,13.463490691176766,0.0,0.0,0.0,0.0,8.852321245383893,10.766062097046817,5.7564980783701305,0.0,0.0,0.0,0.0,0.0,0.0,0.0,0.0,0.0,0.0,0.0,0.0,0.0,0.0,0.0,0.0,0.0,-1.5628015820525734,0.0,0.0,0.0,0.0,0.6684256170072256,0.0,0.0,0.0,0.0,0.0,0.0,0.0,0.0,0.0,0.0,0.0,0.0,0.0,0.0,0.0,0.0,0.0,0.0,0.0,0.0,0.0,0.0,0.0,0.0,0.0,0.0,0.0,0.6688321234913464,0.0,-1.5628015820525734,-0.7697977515711607,7.20068817400752,0.0,0.0,0.0,0.0,0.0,0.0,-1.0452519007198582,0.0,0.6688321234913464,0.0,0.0,0.0,0.0,0.0,0.0,0.0,0.0,0.0,0.0,0.0,0.4503231005591145,0.0,0.4239596138940325,0.6453357811324324,0.0,0.4503231005591145,0.0,0.0,0.0,0.0,0.0,0.0,0.0,0.0,2.0063517754405216,0.0,0.1519658656745699,0.0,0.0,1.8610241360227489,0.1202724347898429,0.0,0.0,-0.7697977515711607,0.7410712623009126,0.0,0.0,0.0,0.0,0.0,0.0,0.0,0.0,0.0,0.0,0.0,4.477448172791036,0.0,0.0,0.0,0.0,8.852321245383893,10.766062097046817,5.7564980783701305,0.0,0.0,0.0,0.0,0.0,0.0,0.0,0.0,0.0,0.0,0.0,0.0,0.0,0.0,0.0,0.0,0.0,-1.5628015820525734,0.0,0.0,0.0,0.0,0.6684256170072256,0.0,0.0,0.0,0.0,0.0,0.0,0.0,0.0,0.0,0.0,0.0,0.0,0.0,0.0,0.0,0.0,0.0,0.0,0.0,0.0,0.0,0.0,0.0,0.0,0.0,0.0,0.0,0.6688321234913464,0.0,10.766062097046817,2.157553628478167,7.20068817400752,0.0,0.0,0.0,0.0,0.0,0.0,0.0,0.0,0.6688321234913464,0.0,0.0,0.0,0.0,0.0,0.0,0.0,0.0,0.0,0.0,0.0,0.6152468614141837,0.0,0.6453357811324324,0.6453357811324324,0.0,0.6152468614141837,0.0,0.0,0.0,0.0,0.0,0.0,0.0,0.0,2.0583409496080853,0.0,0.5501256852775933,0.0,0.0,2.157553628478167,0.1202724347898429,0.0,0.0,0.0,1.171093176404324,0.0,0.0,0.0,0.0,0.0,0.0,0.0,0.0,0.0,0.0,0.0,4.497608456489367,0.0,0.0,0.0,0.0,8.852321245383893,10.766062097046817,5.7564980783701305,0.0,0.0,0.0,0.0,0.0,0.0,0.0,0.0,0.0,0.0,0.0,0.0,0.0,0.0,0.0,0.0,0.0,0.0,0.0,0.0,0.0,0.0,0.6684256170072256,0.0,0.0,0.0,0.0,0.0,0.0,0.0,0.0,0.0,0.0,0.0,0.0,0.0,0.0,0.0,0.0,0.0,0.0,0.0,0.0,0.0,0.0,0.0,0.0,0.0,0.0,0.0,62.82716049382715,2.2438271604938267,0.6688321234913464,10.766062097046817,-0.0871232332500622,-1.5628015820525734,6.8012532562647054,2.4364644182378274,3.766062097046816,27.428893008124323,2.4652056815469923,3.741919435867118,29.26798187018573,13.74761,0.49099,0.0,0.00901,0.62609,0.85901,0.44,0.54457,0.83974,0.18609,0.08152,-0.10457,0.01928,0.57157,0.14272,0.0,0.20956,0.3637,0.0,36.75,1.3125,17.25,0.61607,19.5,0.69643,2.25,0.08036,1.0,0.03571,23.86193,0.85221,50.81592,26.95399,0.96264,6.31739,0.22562,13.32934,7.01195,0.25043,0.58466,0.02088,0.84266,0.03009,0.3541666666666667,144.08,5.0,6.0,6.0,6.0,1.0,1.0,0.3,1.785235442391543,3.8159498052369214,4.704448698502608,4.954448698502608,4.996115365169276,5.037782031835942,85.69130123479407,183.1655906513722,225.8135375281252,237.8135375281252,239.81353752812524,241.8135375281252,0.3196503901612634,0.6832543288776223,0.8423420386251738,0.8871050965629341,0.8945656062192278,0.902026115875521,3.799727058329614,1.7690126954842356,0.880513802218549,0.630513802218549,0.5888471355518812,0.5471804688852151,0.3016179578451578,0.6447099134181071,0.7948230107558327,0.837060851026512,0.8441004910716254,0.8511401311167385,22.133854649293298,42.083605685418455,46.18510814328925,46.43706440128924,47.47853310828925,47.52052581795592,88.76666872621709,42.01664600651458,31.61510078532153,30.45469974335438,28.662218492993805,28.51284505546376,22.68,10.346938775510203,6.25,5.0,18.0,3.0,2.78,2.975200000000001,0.454280148208035,2.8511242147640607,5.358834079368455,0.0,5.298237878217429,16.980597700435126,0.0,9.978017295740967,0.0,0.0,0.4999999999999999,0.1333333333333333,0.0,0.0,0.0,0.0,1.1052094495921163,0.0,0.0,0.591,1.6830000000000005,1.6939999999999995,2.4490000000000003,2.676,15.118,42.0,52.0,67.0,82.0,90.0,103.0,113.0,126.0,129.0,862.0,3.725693427236653,4.385146762010125,4.984462419792233,5.6185876285929695,6.205251965998166,6.680070180436652,7.168134401281182,7.631465763171099,8.12316516421728,8.523733475802844,9.519152889232696,15.797065327726218,0.4705882352941176,3.0,0.0,0.0,1.0,2.0,0.0,0.0,0.0,0.0,0.0,0.0,0.0,0.0,0.0,0.0,0.0,0.0,0.0,0.0,0.0,0.0,0.0,0.0,3.0,0.0,1.0,2.0,0.0,0.0,0.0,0.0,0.0,0.0,0.0,2.0,0.0,0.0,1.0,1.0,0.0,0.0,0.0,0.0,0.0,0.0,0.0,0.0,0.0,0.0,0.0,0.0,0.0,0.0,0.0,0.0,0.0,0.0,0.0,0.0,1.0,1.0,0.0,0.0,0.0,0.0,0.0,0.0,0.0,7.0,0.2333333333333333,12.0,0.4,1.0,9.0,17.0,0.8888888888888888,7.0,3.333333333333332,1.625,1.841666666666668,1.111666666666666,0.6326077097505672,0.3489937641723357,0.3474505542957922,0.2375077160493827,0.1349903071115192,0.2333333333333333,0.0793650793650793,0.0396341463414634,0.0460416666666666,0.030045045045045,0.0218140589569161,0.0124640630061548,0.0133634828575304,0.0098961548353909,0.0074994615061955,0.5289238647806145,177.24677177765017,271.2199454610617,354.4935435553005,12.660483698403588,177.24677177765017,0.0511212212232411,0.00182575790083,-8.32595562359309,370.0134347831341,13.214765527969076,16.55791008257052,113.44,354.05969936275176,5.807354922057604,4.976733742420574,5.808142489980444,6.683360945766275,7.538494999413465,8.416930769477844,9.283683766200392,10.16450475627842,11.037965573724245,11.920701234775636,133.8305182780373,4.110873864173311,0.0,5.43372200355424,2.3978952727983707,6.928537818164665,4.59511985013459,8.508555998020574,6.6052979209482015,10.137016983402756,10.38588283710658,417.0913901800005,8.689403962083345,56.44387851076056,2.015852803955734,22.763325648667028,7.7329769538310575,9.313458005226083,2373.0,41.0,5.1370000000000005,144.0,1.0,3.1139433523068365
0,0,0,0,0,0,0,0,0,0,0,0,0,0,0,0,0,0,0,0,0,0,0,0,0,0,0,0,0,0,0,0,0,0,0,0,0,0,0,0,0,0,0,0,0,0,0,0,0,0,0,0,0,0,0,0,0,0,0,0,0,0,0,0,0,0,0,0,0,0,0,0,0,0,0,0,0,0,0,0,0,0,0,0,0,0,0,0,0,0,0,0,0,0,0,0,0,0,0,0,0,0,0,0,0,0,0,0,0,0,0,0,0,0,0,0,0,0,0,0,0,0,0,0,0,0,0,0,0,0,0,0,0,0,0,0,0,0,0,0,0,0,0,0,0,0,0,0,0,0,0,0,0,0,0,0,0,0,0,0,0,0,0,0,0,0,0,0,0,0,0,0,0,0,0,0,0,0,0,0,0,0,0,2,4,3,1,2,2,5,1,2,1,2,3,4,2,2,2,2,5,0,0,0,0,0,0,0,0,0,0,0,0,0,0,0,0,2,3,2,3,0,0,0,0,0,0,0,0,0,0,0,0,0,0,0,0,0,1,5,2,5,1,2,0,0,0,0,0,0,0,0,0,0,0,0,0,0,0,0,0,0,0,0,0,0,0,0,0,0,0,0,0,0,0,0,0,0,0,0,0,0,0,0,0,0,0,0,0,0,0,0,0,0,0,0,0,0,0,0,0,0,0,0,0,0,0,0,0,0,0,0,0,0,0,0,0,0,0,0,0,0,0,0,0,0,0,0,0,0,0,0,0,0,0,0,0,0,0,0,0,0,0,0,0,0,0,0,0,0,0,0,0,0,0,0,0,0,0,0,0,0,0,0,0,0,0,0,0,0,0,0,0,0,0,0,0,0,0,0,0,0,0,0,0,0,0,0,0,0,0,0,0,0,0,0,0,0,0,0,0,0,0,0,0,0,0,0,0,0,0,0,0,0,0,0,0,0,0,0,0,0,0,0,0,0,0,0,0,0,0,0,0,5,2,3,1,1,2,1,0,0,0,0,0,0,0,0,0,0,0,0,0,0,0,0,0,0,0,0,0,0,0,0,0,0,0,0,0,0,0,0,0,0,0,0,0,0,0,0,0,0,0,0,0,0,0,0,0,0,0,0,0,0,0,0,0,0,0,0,0,0,0,0,0,0,0,0,0,0,0,0,0,0,0,0,0,0,0,0,0,0,0,0,0,0,0,0,0,0,0,0,0,0,0,0,0,0,0,0,0,0,0,0,0,0,0,0,0,0,0,0,0,0,0,0,0,0,0,0,0,0,0,0,0,0,0,0,0,0,0,0,0,0,0,0,0,0,0,0,0,0,0,0,0,0,0,0,0,2,5,2,4,0,0,0,0,0,0,0,0,0,0,0,0,0,0,0,0,0,0,0,0,0,2,2,2,1,2,2,2,1,0,0,0,0,0,0,0,0,0,0,0,2,2,2,2,2,4,3,2,2,0,0,0,0,0,0,2,2,2,2,2,0,0,1,0,0,0,0,5,5,0,0,0,0,0,0,0,0,0,0,0,1,5,2,5,0,0,0,0,0,2,0,0,0,0,0,0,0,1,2,2,2,2,2,1,0,0,0,0,0,0,0,0,0,0,0,0,0,0,0,3,2,3,0,2,3,4,0,0,0,0,0,0,0,0,0,0,0,0,0,0,0,0,0,0,0,0,0,0,0,0,0,0,0,0,0,0,0,0,2,2,2,1,2,2,2,2,2,0,0,0,0,0,0,0,0,0,0,0,0,0,0,0,0,0,0,0,0,0,0,0,0,3,2,2,2,3,1,1,2,3,2,0,0,0,5,2,3,0,0,0,0,0,0,0,1,2,0,0,0,0,0,0,0,2,2,2,0,0,0,0,0,0,0,0,0,0,0,0,0,0,0,0,0,0,0,0,0,0,0,0,0,0,0,0,0,0,0,0,0,0,0,0,0,0,0,0,0,0,0,0,0,0,0,0,0,0,0,0,0,0,0,0,0,0,0,0,0,0,0,0,0,0,0,2,5,4,0,1,1,2,2,2,2,2,3,2,0,0,0,3,2,2,3,0,0,0,0,0,0,0,0,0,0,0,0,2,2,0,0,0,0,0,0,0,0,0,0,0,0,0,0,0,0,0,0,0,0,0,0,0,0,0,0,0,0,0,0,0,2,2,2,2,4,5,0,0,0,0,0,0,0,0,0,0,0,0,0,0,0,0,0,0,0,0,0,0,0,0,0,0,0,0,0,0,0,0,0,0,3,0,0,0,0,0,0,0,0,0,0,0,0,0,0,0,0,0,0,0,0,0,0,0,0,0,0,2,3,0,0,0,0,0,0,2,2,5,5,1,1,0,0,0,0,0,0,0,0,0,0,0,0,0,0,0,0,0,0,0,0,0,0,2,1,2,0,0,0,0,0,0,0,0,0,3,3,5,0,0,1,5,0,0,0,0,0,0,0,0,0,0,0,0,0,0,0,3,2,0,0,0,0,2,2,2,0,0,0,0,2,2,2,2,1,0,0,0,2,3,2,2,2,1,0,0,2,2,1,2,2,0,0,0,0,0,0,0,0,0,0,0,0,1,2,3,0,0,0,0,0,0,0,0,0,0,0,0,0,0,0,0,0,0,0,0,0,0,0,0,0,0,0,0,0,0,0,0,0,0,0,0,0,0,0,1,2,0,0,0,0,1,0,0,0,0,0,0,0,0,0,0,0,0,0,0,0,0,0,0,0,0,0,0,0,0,0,0,0,0,0,0,0,0,0,0,0,0,0,0,0,0,0,0,0,0,0,0,0,0,0,0,0,0,0,0,0,0,0,0,0,0,0,0,0,0,0,0,0,0,0,0,0,0,0,0,0,0,0,0,0,0,0,0,0,0,0,5,2,0,0,0,0,0,0,4,2,0,0,0,0,0,0,0,0,0,0,0,0,1,3,3,2,0,0,0,0,0,0,0,0,0,0,0,0,0,0,0,0,0,0,0,0,0,0,0,0,0,0,0,0,0,0,0,0,0,0,0,0,0,0,0,0,0,0,0,2,1,0,0,0,0,0,0,0,0,0,0,0,0,0,0,0,0,0,0,0,0,0,0,2,2,2,5,0,0,0,0,0,0,0,2,2,0,0,0,0,0,0,0,0,2,2,2,1,0,0,0,0,2,2,2,2,0,2,1,2,2,2,0,2,2,0,0,0,0,0,0,0,0,0,0,0,0,0,0,0,0,0,0,1,2,2,0,0,0,0,0,0,0,0,0,0,0,0,0,0,0,0,2,2,5,2,2,1,0,0,0,0,0,0,0,3,2,0,3,4,2,4,1,1,2,0,1,1,4,3,3,3,1,3,4,1,1,0,4,0,0,1,3,2,2,2,4,0,3,1,2,2,3,4,0,2,1,3,1,0,1,2,4,0,0,1,4,2,1,1,2,0,2,3,4,1,2,4,0,3,4,4,2,0,3,1,3,3,1,4,4,1,3,4,2,2,0,2,3,3,3,2,4,0,4,3,3,1,3,2,3,0,4,3,0,2,4,0,4,4,2,0,2,4,2,3,2,3,1,0,2,2,1,0,3,2,2,2,4,4,0,3,3,0,3,2,4,2,0,1,1,0,0,3,0,1,3,1,1,3,2,4,0,0,0,1,0,4,0,3,4,2,3,3,4,2,0,2,2,0,0,1,4,3,1,2,0,4,0,4,4,2,4,3,2,0,3,0,1,2,3,3,3,4,1,3,1,2,0,1,0,3,0,1,2,0,3,2,2,2,4,0,0,2,1,4,3,3,2,0,3,2,3,3,2,4,2,3,4,0,0,1,2,4,4,0,0,2,2,3,4,1,2,4,1,0,0,1,1,1,4,3,2,4,3,4,1,1,1,1,3,0,0,0,1,1,4,4,3,4,0,2,3,4,0,0,3,3,0,2,1,1,4,4,1,4,0,4,0,1,4,1,4,2,3,4,2,2,0,1,3,4,4,2,4,2,4,4,4,2,4,1,2,1,4,3,0,0,4,4,3,4,0,3,3,0,0,3,3,4,4,1,3,1,4,1,2,3,4,2,1,1,2,0,0,0,3,4,3,4,2,2,3,4,2,2,4,0,3,2,1,1,4,1,2,1,4,4,3,0,0,3,0,0,0,0,0,0,0,0,0,0,0,0,0,0,0,0,0,0,0,0,0,0,0,0,0,0,0,0,0,0,0,0,0,0,0,0,0,0,0,0,0,0,0,0,0,0,0,0,0,0,0,0,0,0,0,0,0,0,0,0,0,0,0,0,0,0,0,0,0,0,0,0,0,0,0,0,0,0,0,0,0,2,1,2,0,2,2,2,3,3,2,2,3,1,2,2,0,0,0,0,0,0,0,2,3,2,3,3,5,4,0,2,5,0,5,2,0,0,0,0,2,2,5,2,0,0,0,0,0,0,0,0,0,0,0,0,0,0,0,0,0,0,0,0,0,0,0,0,0,0,0,0,0,0,0,0,0,0,0,0,0,0,0,0,0,0,0,0,0,0,0,0,0,0,0,0,0,0,0,0,0,0,0,0,0,0,0,0,0,0,0,0,0,0,0,0,0,0,0,0,0,0,0,0,0,0,0,0,0,0,0,0,0,0,0,0,0,0,0,0,2,1,1,1,5,5,3,1,1,5,4,1,3,1,3,3,0,0,0,0,0,0,0,0,0,0,0,0,0,0,0,0,0,0,0,0,0,0,0,0,0,0,0,0,0,0,0,0,0,0,0,0,0,0,0,0,0,0,0,0,0,0,0,0,0,0,0,0,0,0,0,0,0,0,0,0,0,0,0,0,0,0,0,0,0,0,0,0,0,0,0,0,0,0,0,0,0,0,0,0,0,0,0,0,0,0,0,0,0,0,0,0,0,0,0,0,0,0,0,0,0,0,0,0,0,0,0,0,0,0,0,0,0,0,0,0,0,0,0,0,0,0,0,0,0,0,0,0,0,0,0,0,0,0,0,0,0,0,0,0,0,0,0,0,0,0,0,0,0,0,0,0,0,0,0,0,0,0,0,0,0,0,0,0,0,0,0,0,0,0,0,0,0,0,0,0,0,0,0,0,0,0,0,0,0,0,0,0,0,0,0,0,0,0,0,0,0,0,0,0,0,0,0,0,0,0,0,0,0,0,0,0,0,0,0,0,0,0,0,0,0,0,0,0,0,0,0,0,0,0,0,0,0,0,0,0,0,0,0,0,0,0,0,0,0,0,0,0,0,0,0,0,0,0,0,0,0,0,0,0,0,0,0,0,0,0,0,0,0,0,0,0,0,0,0,0,0,0,0,0,3,3,2,3,2,2,4,2,3,1,1,2,5,5,1,2,1,0,0,0,0,0,0,0,0,0,0,0,0,0,0,0,0,0,0,0,0,0,0,0,0,0,0,0,0,0,0,0,0,0,0,0,0,0,0,0,0,0,0,0,0,0,0,0,0,0,0,0,0,0,0,0,0,0,0,0,0,0,0,0,0,0,0,0,0,0,0,0,0,0,0,0,0,0,0,0,0,0,0,0,0,0,0,0,0,0,0,0,0,0,0,0,0,0,0,0,0,0,0,0,0,0,0,0,0,0,0,0,0,0,0,0,0,0,0,0,0,0,0,0,0,0,0,0,0,0,1,1,2,4,1,3,2,3,1,3,4,5,3,3,1,3,5,4,1,2,4,3,3,1,3,3,1,3,1,1,2,1,3,2,2,5,3,2,2,3,4,1,2,2,4,0,0,0,0,0,0,0,0,0,0,0,0,0,0,0,0,0,0,0,0,0,0,0,0,1,0,0,0,0,0,0,0,0,0,0,0,0,0,0,0,0,0,0,0,0,0,0,0,0,1,0,0,0,0,0,0,1,0,0,0,0,0,0,0,0,0,0,0,1,0,0,0,0,1,0,0,0,0,0,0,0,0,0,0,0,0,0,0,0,0,0,0,0,0,0,0,0,0,0,0,0,0,0,1,0,0,0,0,0,0,0,0,0,0,0,0,0,1,0,0,0,0,0,0,0,0,0,0,0,0,1,0,0,0,0,1,1,0,0,0,0,0,0,0,0,0,0,0,0,0,0,0,0,0,0,0,0,0,0,0,0,0,0,0,0,0,0,0,0,0,0,0,0,0,0,0,0,0,0,0,0,0,0,0,0,0,0,0,0,0,0,0,0,0,0,0,0,0,0,0,0,0,0,1,0,0,0,0,0,0,0,0,0,0,0,0,0,1,0,0,0,0,0,1,0,0,0,0,0,0,0,0,1,0,0,0,0,0,0,0,0,0,0,0,0,0,0,0,0,0,0,0,0,0,0,0,0,0,0,0,0,0,0,0,0,0,0,0,0,1,0,0,0,0,1,0,0,0,0,0,0,0,0,0,0,0,0,0,0,0,0,0,0,0,0,0,0,0,0,1,0,0,0,0,0,0,1,0,0,0,0,0,0,0,0,0,0,0,0,0,0,0,0,0,1,0,0,0,0,0,0,0,0,1,0,0,0,0,0,1,0,0,0,0,0,1,0,0,0,0,0,0,0,0,0,0,0,0,0,0,0,0,0,0,0,0,0,0,0,0,0,0,0,0,0,0,0,0,0,1,0,1,1,1,1,0,0,0,0,0,0,0,0,0,0,0,0,0,0,0,0,0,0,0,0,0,0,0,0,0,0,0,1,0,0,0,0,0,0,0,0,0,0,0,1,0,0,0,0,0,0,0,0,0,0,0,0,0,1,0,1,0,0,0,0,0,0,0,0,0,0,1,0,0,0,0,0,0,0,0,0,0,0,0,0,0,0,0,0,0,0,1,0,0,0,0,0,0,0,1,0,0,0,0,0,0,0,0,0,0,0,0,0,0,0,1,0,0,0,0,1,0,0,0,0,1,0,0,0,0,0,0,0,0,0,0,0,0,0,0,0,0,0,0,0,0,0,1,0,0,0,0,0,1,0,0,0,0,0,0,0,0,0,0,0,0,0,0,0,0,0,0,0,0,0,0,0,0,0,0,0,0,0,0,0,0,0,0,1,0,0,0,0,0,0,0,0,0,1,0,0,0,0,0,0,0,0,0,0,0,0,0,0,0,0,0,0,0,0,0,0,0,0,0,0,0,0,0,0,0,1,0,0,0,0,0,1,0,0,0,0,0,0,0,0,0,0,0,0,0,0,0,0,0,0,0,0,0,0,0,0,0,0,0,0,0,0,0,0,0,0,0,0,0,0,0,0,0,0,1,0,0,0,0,0,0,0,0,0,0,0,0,0,1,0,0,0,1,0,0,0,0,0,0,0,0,0,1,0,0,0,0,0,0,0,0,0,1,0,0,0,0,0,0,0,0,0,0,0,0,0,0,0,0,0,0,0,0,1,0,0,0,0,0,0,0,0,0,0,0,1,0,0,0,0,0,1,0,0,0,0,1,0,0,0,1,0,0,0,1,0,0,1,1,0,1,0,0,0,0,0,0,0,0,0,0,0,0,1,0,0,0,0,0,0,0,0,0,0,0,0,0,0,0,0,0,0,0,0,0,0,0,0,0,0,0,0,0,1,1,0,0,0,0,0,0,0,0,0,0,0,0,0,1,0,0,0,0,0,0,0,0,0,0,0,0,0,0,0,0,1,0,0,0,0,0,0,0,0,0,0,0,0,0,0,0,0,0,0,0,0,0,1,0,1,0,0,0,1,0,0,1,0,0,1,0,0,0,0,0,0,0,1,0,0,0,0,0,0,0,0,0,0,0,0,0,0,1,0,0,0,0,0,0,0,0,0,0,1,0,0,0,0,0,0,0,0,0,0,0,0,0,0,0,0,0,1,0,0,0,0,0,0,0,0,0,0,0,0,0,0,0,0,0,0,0,0,0,0,0,0,0,1,0,0,0,0,0,0,1,0,0,0,0,0,0,0,0,1,0,0,0,0,0,0,0,0,0,0,1,1,0,0,0,0,0,0,1,0,0,0,0,0,0,0,0,0,0,0,0,0,0,0,0,0,0,0,0,0,0,0,0,0,0,0,0,0,0,1,0,0,0,1,0,0,0,0,0,0,0,1,0,0,0,0,0,0,1,0,0,0,0,0,0,0,0,0,0,0,0,0,0,1,0,0,0,0,1.0,-0.9840000000000008,0.9682560000000016,54.4374,63.65103199999996,15.0,16.0,54.0,30.0,24.0,0.0,24.0,2.0,4.0,0.0,0.0,0.0,0.0,0.0,0.0,0.0,4902.988542000011,5438.601041000002,8013.909187000003,8105.102750000005,7709.175551000006,7325.863028000008,6078.363276000006,5230.3697890000085,5131.302456000005,12262.606962627053,15562.263084365131,23086.84464473494,25699.35071300168,24846.062159657067,23262.851467106364,20402.797488169028,17000.74210908539,15249.198157124849,416.0256559999996,441.89477200000033,772.6628680000002,1012.8227040000004,1037.0927320000003,984.3377360000004,933.8452560000006,786.3976520000015,619.4833040000007,82.59712571637584,105.67502711599997,160.00722538649018,184.4289952815841,183.16044569322528,172.36455562752718,154.3937460598291,127.16234035346972,107.46588165279188,8645.373463571976,8197.966339572855,15096.784661941228,20451.396325575533,21545.107796916003,20357.358815779862,19538.02959112268,17006.656649507804,12288.804930702934,250.5277777777777,184.44444444444443,316.8055555555556,376.1111111111112,383.36111111111103,390.55555555555554,385.38888888888886,291.41666666666663,271.66666666666663,90.79608411111133,95.41405335087724,80.13909187000003,61.87101335877866,56.27135438686136,56.352792523076985,49.41758760975615,49.81304560952389,64.95319564556968,227.0853141227232,273.02215937482686,230.8684464473494,196.17824971757005,181.3581179537012,178.94501128543357,165.87640234283762,161.91182961033704,193.02782477373225,7.7041788148148065,7.752539859649128,7.726628680000002,7.731471022900767,7.570019941605842,7.571828738461542,7.592237853658542,7.489501447619062,7.841560810126591,1.5295764021551082,1.85394784414035,1.6000722538649017,1.4078549258136197,1.336937559804564,1.3258811971348246,1.2552337078034888,1.211069908128283,1.360327615858125,160.0995085846662,143.8239708696992,150.96784661941228,156.11752920286668,157.2635605614307,156.5950678136913,158.84576903351774,161.96815856674098,155.55449279370802,4.639403292181069,3.235867446393762,3.168055555555556,2.8710771840542835,2.7982562854825623,3.0042735042735043,3.133242999096657,2.775396825396825,3.4388185654008434,0.8259858065353171,-0.3740197202552268,0.0686251440849853,-0.2084467189572669,-0.0817219251303376,0.2314695168850166,0.0744041326774623,-0.0546056240417077,-0.1794014315614548,1873.4932613333328,89.57064814814993,285.6133747901252,-628.8045609382712,-105.01602319753113,-71.18012361728378,-564.2142991481489,486.4454991851837,-385.9899540246908,2722.4250891486017,46.476639908163406,232.4258045676181,-224.65990613809,-178.6740775452996,-564.2627632241599,-898.5027485900791,768.263115495652,-577.2188747525361,4.255629037037036,-0.1948946502057651,0.4262863758573348,-2.0432008120713405,-0.3160755939643303,0.8706697997256553,0.2606623045267527,-0.2064300905349719,-1.189443368998636,12.57588467146816,-0.2715517628384457,0.342711847065881,0.6625858103423844,-1.0135549327077464,-3.064397337518691,-3.332925727697784,2.4196259025712643,-2.7712374843647343,78.62646191171987,-7.324822018491949,-5.377423738154784,5.032269537279314,-3.2435497131709154,-15.506073371680712,-12.77146401612692,19.71481820234289,-24.155468472953693,85.15277777777777,-2.6597222222222205,27.18055555555556,-21.86805555555555,0.5486111111111106,-7.569444444444429,-23.38194444444443,-3.0208333333333224,-10.81249999999999,0.0152960334543577,-0.0065617494781618,0.0006862514408498,-0.001591196327918,-0.0005965104024112,0.0017805347452693,0.0006049116477842,-0.0005200535623019,-0.0022709041969804,34.69431965432097,1.571414879792104,2.856133747901252,-4.800034816322681,-0.7665403153104462,-0.5475394124406445,-4.587108123155683,4.632814277954131,-4.885948785122667,50.41527942867781,0.8153796475116387,2.324258045676181,-1.7149611155579387,-1.3041903470459826,-4.340482794031999,-7.304900395041294,7.316791576149066,-7.306568034842229,0.0788079451303154,-0.0034192043895748,0.0042628637585733,-0.0155969527639033,-0.0023071211238272,0.0066974599978896,0.0021192057278597,-0.0019660008622378,-0.0150562451771979,0.2328867531753362,-0.0047640660147095,0.0034271184706588,0.0050579069491785,-0.0073982111876477,-0.0235722872116822,-0.0270969571357543,0.0230440562149644,-0.0350789554982877,1.4560455909577754,-0.1285056494472271,-0.0537742373815478,0.0384142712769413,-0.0236755453516125,-0.119277487474467,-0.1038330407815196,0.1877601733556465,-0.3057654237082746,1.57690329218107,-0.0466617933723196,0.2718055555555556,-0.1669317217981339,0.0040044606650446,-0.0582264957264956,-0.1900971093044262,-0.0287698412698411,-0.1368670886075948,-0.4289837295231909,0.0448646665750031,-0.1040267290645045,-0.0389977182117944,0.1164049981050543,0.0395469616086588,-0.0339992432583114,-0.148463600302435,0.0452931458362347,0.0823228060489013,-0.1383521816870349,-0.022094115778834,-0.0157818172512413,-0.13221496109045,0.1335323570000353,-0.1408284939380314,0.0161732644696564,0.0461022545548774,-0.0340166936490768,-0.0258689500846863,-0.0860945896406753,-0.1448945731893739,0.1451304378169734,-0.1449276512526085,-0.0433865441348697,0.0540918019309391,-0.1979109179678839,-0.0292752351303185,0.084984578481457,0.026890762401627,-0.0249467342282162,-0.1910498383418216,-0.0204565779279115,0.0147158154078372,0.0217183110684294,-0.0317674195151744,-0.101217810331767,-0.1163525050965587,0.0989496220835496,-0.1506266673393718,-0.0882566110877731,-0.0369316989217182,0.0263826019703632,-0.0162601676064545,-0.0819187862077912,-0.0713116686911013,0.128952125209307,-0.2099971495447093,-0.0295907768115444,0.1723666612298157,-0.1058604688225648,0.002539445941232,-0.0369245825125778,-0.1205508988705935,-0.0182445184891767,-0.086794852472081,1.3513672627638806,0.9499673646118272,1.1829436143088554,0.943661489775902,0.7338513928418512,0.8305560220706044,0.930013806181242,1.3589084063720485,0.7743873851763732,0.8175195214446491,1.102147348453711,0.978956180061266,0.9718936934503208,1.1102805323963505,0.8619502294229263,1.1276169814140755,0.9507373760473454,0.9213215350317752,0.9927941790873032,1.0180728949104427,1.082805269905192,1.1304129257225195,0.8583261197086234,1.0860936199219855,0.8109266379503715,0.8489922849373953,1.2934826742589995,0.8860283595639273,0.7848498545575093,0.9085959521897868,0.8367931212447248,1.511826947845843,1.0715773104324695,0.9989116201196668,0.9638593625128395,1.0244060992818211,1.1014425284539904,1.0970297820066954,0.872147770702119,1.1326473035145632,1.1941998331543442,1.0914332523261263,0.98113168256844,1.0079980777364232,1.057867705487896,1.0476653721778473,0.8482222224851385,1.189357242135092,0.6469795431328281,0.4008497798075354,0.8529771739414642,0.7206561842592453,0.9826907393699112,1.2520603676106898,0.9174794758875668,1.221842101459898,299.5394460246952,150.41258015520458,231.1828372046756,300.739446024695,10.024648200823162,150.41258015520458,1.285714285713965,0.0473634751090119,0.0015787825036337,-9.14971174392339,302.0219139472469,10.067397131574896,17.131498732444648,299.6177314822572,150.44989707780817,231.2420067539366,300.81432331072574,10.027144110357526,150.44989707780817,1.282062673359036,0.0475292594422714,0.0015843086480757,-9.139229307978262,301.9452399835314,10.06484133278438,17.130737029127225,371.7501591031245,184.7378776503804,285.48569490845955,370.4093828018931,12.34697942672977,184.7378776503804,-2.2346271687192143,0.1508112844101395,0.0050270428136713,-5.675177987705892,284.8451802393159,9.494839341310527,16.955837416310438,299.7328143813168,150.50365978420825,231.3214304876762,300.9223525559433,10.030745085198106,150.50365978420825,1.2745051870997202,0.0475174709699982,0.0015839156989999,-9.13997347701696,301.8884695975914,10.06294898658638,17.130172929589158,443.54770771612,218.860297164938,340.93606668187454,440.32838329988726,14.677612776662912,218.860297164938,-5.365540693721044,0.2421213365756103,0.008070711219187,-4.254948863014546,472.0892829712069,15.736309432373565,18.471504379603743,305.6317785642069,153.3874072393176,236.2887667083084,306.69861208434,10.223287069478,153.3874072393176,1.1430359144283102,0.0758653018284991,0.0025288433942833,-7.736387566554493,294.842775258781,9.828092508626034,17.0593267471167,303.6487000487957,152.1552659320433,230.135247779356,305.4775946344653,10.18258648781551,152.1552659320433,2.7038690476185536,0.1875674987491074,0.0062522499583035,-5.020849515075451,466.8358294289011,15.561194314296705,18.437932958653143,0.0,11.9961329547598,15.999303352434804,-0.3706877987752643,0.2788162484208313,4.044778362968846,10.107874392481092,33.0,57.0,55.0,39.0,15.0,1.0,1.0,1.0,0.0,18.0,33.666968,4.103380991013778,3.8698271980162136,3.595335953186425,3.3689559451516824,3.31697621235647,3.1847634554970483,2.986975913060145,2.87627097536236,1.9843941898663653,1.940654318729816,1.7870024942300688,1.732365331422269,1.6076666099434362,1.343131304273114,1.313574958285499,1.2496297225843558,4.055116422300532,3.8440929039840297,3.55993662736134,3.310020987883411,3.200381666661628,3.0930789210415326,2.949939617624951,2.8539853915418245,1.9958394701500213,1.943418396570571,1.7814101057908407,1.687445550778769,1.627523632396301,1.3775928072597692,1.3467565686127878,1.183383609804027,4.134100750625408,3.9052996358591567,3.6663652848951167,3.48278262283895,3.3972926060424578,3.2367497540027084,3.0861502224301507,2.99095440024958,1.9119174372941865,1.866948977544112,1.6376856966037177,1.4643865434140972,1.431335380662487,1.190385756071111,1.1268122462672192,0.9922877273166828,4.048069605447128,3.841356516500769,3.5602184974220217,3.315663549275899,3.172135762891735,3.077222655205282,2.9570361614852385,2.852774320691117,1.998930956651316,1.9428509529514308,1.7811286026114417,1.6632816293210284,1.6207406072917974,1.4016079165670954,1.3582424837737903,1.188136925807942,4.164051605718792,3.919019425158576,3.690809686922649,3.5316048328741907,3.4067483585806064,3.276946561831969,3.131315401505109,3.0398567553652924,1.8974626157108008,1.8514101110064056,1.6069928165472604,1.41091238481546,1.3747012985097944,1.163459915815528,1.1018261827548663,0.9551827656706828,4.803006605660412,4.595077469679185,4.112488679480757,3.857583727250988,3.768491431364184,3.5991701967930205,3.449359607559383,3.1564757990189185,1.910208513144327,1.8491636209524536,1.7706267688907893,1.568615311702132,1.5484254912286417,1.1791816340439325,1.1105080352919507,0.9078551867260772,1.0,0.0,1.0,11.0,3.0,4.0,3.0,1.0,0.0,0.0,0.0,0.1747924649967762,0.5397486703607823,0.94532105000478,0.0,0.0,0.0968245836551854,0.2420222024015009,0.3517308107724325,2.2996598285221186,0.0,0.3305272079323988,0.0,1.063052007343356,0.0,0.1249688062707059,0.0,4.4225956219880365,7.471970684132872,10.186530471801294,1.8681885456947576,2.749313032128183,3.1365603082901146,21.25034789769755,14.43989204342512,13.447787630109634,10.605224896766575,9.385665007920547,7.68643140739738,5.5796279910371975,4.317446441831253,0.7083449299232517,0.4375724861643976,0.2861231410661624,0.171052014463977,0.1091356396269831,0.0711706611796053,0.0453628291954243,0.0293703839580357,17.09096520534429,10.117801835406013,7.922520590577625,5.377913207988224,4.07581661884678,2.779435153981577,1.706797327683093,1.1362400723571142,0.569698840178143,0.3066000556183639,0.1685642678846303,0.0867405356127132,0.0473932164982183,0.0257355106850146,0.0138764010380739,0.007729524301749,34.87705719519642,54.30298616168981,52.48627450980385,53.17600000000006,36.82097724550901,407.2755880239521,0.6458714295406744,1.0056108548461076,0.9719680464778492,0.9847407407407418,0.6818699489909077,7.542140518962076,5.473870000000005,116.66580000000005,360.534982322088,511.93621391080535,721.0699646441759,24.0356654881392,360.534982322088,0.267055531490376,0.0089018510496792,-3.960895977292061,220.0853434417624,7.336178114725413,16.182046187592896,853.0,1.0,0.0,5.0,16.0,1.0,0.0,0.0,1.0,0.0,0.0,0.0,1.0,0.0,1.0,0.0,0.0,0.0,0.0,0.0,0.0,0.0,0.0,0.0,0.0,0.0,7.0,0.0,7.0,1.0,0.0,7.0,0.0,0.0,0.0,0.0,0.0,0.0,0.0,0.0,2.0,0.0,4.0,0.0,0.0,7.0,2.0,0.0,1.0,1.0,5.0,2.0,0.0,0.0,0.0,0.0,0.0,0.0,0.0,1.0,0.0,0.0,0.0,0.0,0.0,1.0,0.0,1.0,1.0,2.0,0.0,0.0,0.0,0.0,0.0,0.0,0.0,0.0,0.0,0.0,0.0,0.0,0.0,0.0,0.0,0.0,0.0,0.0,0.0,0.0,0.0,0.0,0.0,0.0,0.0,0.0,0.0,0.0,0.0,0.0,0.0,0.0,0.0,0.0,0.0,0.0,0.0,0.0,0.0,0.0,0.0,0.0,0.0,0.0,0.0,0.0,0.0,0.0,0.0,0.0,0.616408203563293,0.0,34.08199660315997,20.88920567864251,6.85215283391067,0.0,0.0,1.3608456237586322,0.0,0.0,0.0,3.6733029847372753,0.0,0.616408203563293,0.0,0.0,0.0,0.0,0.0,0.0,0.0,0.0,0.0,0.0,0.0,3.741093110402135,0.0,3.879180193802927,0.6716171533816389,0.0,3.741093110402135,0.0,0.0,0.0,0.0,0.0,0.0,0.0,0.0,3.853060204478784,0.0,2.2232745823395463,0.0,0.0,13.523120917040888,0.0697283278828968,0.0,2.178003567579894,-0.7599263293758522,3.79228840563669,2.155719117760896,0.0,0.0,0.0,0.0,0.0,0.0,0.0,9.38273460349629,0.0,0.0,0.0,0.0,0.0,2.2077019998954315,0.0,9.136752244690731,11.116258340333864,11.621284018239944,0.0,0.0,0.0,0.0,0.0,0.0,0.0,0.0,0.0,0.0,0.0,0.0,0.0,0.0,0.0,0.0,0.0,0.0,0.0,0.0,0.0,0.0,0.0,0.0,0.0,0.0,0.0,0.0,0.0,0.0,0.0,0.0,0.0,0.0,0.0,0.0,0.0,0.0,0.0,0.0,0.0,0.0,0.0,0.0,0.0,0.0,0.0,0.0,0.0,0.0,0.616408203563293,0.0,2.2077019998954315,-0.7599263293758522,6.85215283391067,0.0,0.0,1.3608456237586322,0.0,0.0,0.0,3.6733029847372753,0.0,0.616408203563293,0.0,0.0,0.0,0.0,0.0,0.0,0.0,0.0,0.0,0.0,0.0,0.4849936698887748,0.0,0.4370688324515084,0.6716171533816389,0.0,0.4849936698887748,0.0,0.0,0.0,0.0,0.0,0.0,0.0,0.0,1.926530102239392,0.0,0.1641109303535939,0.0,0.0,1.7913214908844972,0.0046878698951433,0.0,2.178003567579894,-0.7599263293758522,0.4940594275920753,1.0518370309811509,0.0,0.0,0.0,0.0,0.0,0.0,0.0,9.38273460349629,0.0,0.0,0.0,0.0,0.0,2.2077019998954315,0.0,9.136752244690731,11.116258340333864,5.66207879757143,0.0,0.0,0.0,0.0,0.0,0.0,0.0,0.0,0.0,0.0,0.0,0.0,0.0,0.0,0.0,0.0,0.0,0.0,0.0,0.0,0.0,0.0,0.0,0.0,0.0,0.0,0.0,0.0,0.0,0.0,0.0,0.0,0.0,0.0,0.0,0.0,0.0,0.0,0.0,0.0,0.0,0.0,0.0,0.0,0.0,0.0,0.0,0.0,0.0,0.0,0.616408203563293,0.0,11.116258340333864,2.178003567579894,6.85215283391067,0.0,0.0,1.3608456237586322,0.0,0.0,0.0,3.6733029847372753,0.0,0.616408203563293,0.0,0.0,0.0,0.0,0.0,0.0,0.0,0.0,0.0,0.0,0.0,0.5710453290450377,0.0,0.6716171533816389,0.6716171533816389,0.0,0.5710453290450377,0.0,0.0,0.0,0.0,0.0,0.0,0.0,0.0,1.926530102239392,0.0,0.8686205675418026,0.0,0.0,2.0780096982676346,0.0650404579877534,0.0,2.178003567579894,0.0,1.0869937704601655,1.1038820867797448,0.0,0.0,0.0,0.0,0.0,0.0,0.0,9.38273460349629,0.0,0.0,0.0,0.0,0.0,2.2077019998954315,0.0,9.136752244690731,11.116258340333864,5.9592052206685135,0.0,0.0,0.0,0.0,0.0,0.0,0.0,0.0,0.0,0.0,0.0,0.0,0.0,0.0,0.0,0.0,0.0,0.0,0.0,0.0,0.0,0.0,0.0,0.0,0.0,0.0,0.0,0.0,0.0,0.0,0.0,0.0,0.0,0.0,0.0,0.0,0.0,0.0,0.0,0.0,0.0,0.0,0.0,0.0,0.0,0.0,0.0,0.0,0.0,0.0,70.49999999999999,2.35,0.8141789415490712,11.116258340333864,-0.1835863882590074,-0.7599263293758522,8.667055975416911,2.426592996042519,4.116258340333864,31.13626908721155,2.426592996042519,4.116258340333864,31.13626908721155,14.13332,0.47111,0.0,0.02889,0.59383,0.82889,0.44286,0.53333,0.81183,0.15097,0.06049,-0.09048,0.01706,0.56836,0.14593,0.0,0.14623,0.38208,0.0,39.5,1.31667,19.0,0.63333,20.5,0.68333,1.5,0.05,1.0,0.03333,25.36183,0.84539,54.74941,29.38759,0.97959,7.00789,0.2336,14.43983,7.43194,0.24773,0.47417,0.01581,0.81817,0.02727,0.3703703703703703,219.06,4.0,5.0,5.0,6.0,1.0,1.0,0.3478260869565217,1.4941800941150334,3.730758448296682,4.881530845520317,5.245447224305563,5.2824842613426,5.2824842613426,80.6857250822118,201.46095620802083,263.60266565809707,283.2541501125004,285.2541501125004,285.2541501125004,0.2596367163655792,0.6482765209387944,0.8482408811093481,0.9114769354454992,0.9179126888851824,0.9179126888851824,4.260707408048436,2.024129053866787,0.8733566566431525,0.5094402778579061,0.4724032408208689,0.4724032408208689,0.2454520270727656,0.6128593382149335,0.8018990789466026,0.8616803685044211,0.8677645185030155,0.8677645185030155,13.678496599851002,35.664072932701785,41.37916006223494,42.15304168973693,42.19036854277395,42.19036854277396,98.72037141023895,45.70238173035287,28.433984897799984,25.810026399065205,25.67095649157768,25.67095649157767,23.168044077134983,10.29244001810774,5.506763787721124,4.0,10.0,2.0,3.4399999999999995,3.060200000000001,0.4999999999999999,2.818157087820132,2.893316640943849,0.0,14.191125863474491,28.39877143649816,0.0,9.117815935598262,0.0,0.0,0.4999999999999999,0.3442651863295481,0.1666666666666666,0.0,0.0,0.0909090909090909,0.0,0.0,0.0,0.591,1.4999999999999998,1.477,2.6610000000000005,2.3530000000000006,15.557,47.0,62.0,86.0,108.0,123.0,147.0,160.0,171.0,192.0,1159.0,3.80666248977032,4.403665809777363,5.003107027675465,5.636796516542151,6.17833304255748,6.524548420366401,6.935423642557348,7.279779397443093,7.467364370466567,7.818961230242684,9.042759017648978,7.296012187230371,0.4705882352941176,4.0,0.0,0.0,2.0,2.0,0.0,0.0,0.0,0.0,0.0,0.0,0.0,3.0,0.0,0.0,0.0,0.0,1.0,1.0,0.0,0.0,1.0,0.0,7.0,0.0,2.0,2.0,0.0,1.0,1.0,0.0,0.0,1.0,0.0,2.0,0.0,0.0,2.0,0.0,0.0,0.0,0.0,0.0,0.0,0.0,0.0,0.0,0.0,0.0,0.0,0.0,1.0,1.0,0.0,0.0,1.0,0.0,0.0,0.0,2.0,0.0,0.0,1.0,1.0,0.0,0.0,1.0,0.0,7.0,0.2121212121212121,10.0,0.303030303030303,0.0,9.0,17.0,0.8888888888888888,7.0,3.111111111111108,2.0138888888888893,1.9116666666666675,1.0527777777777774,0.688344671201814,0.3515802154195012,0.3134605694129503,0.2250077160493828,0.1484542393633302,0.2121212121212121,0.0661938534278959,0.0437801932367149,0.0444573643410852,0.0263194444444444,0.0215107709750566,0.0121234557041207,0.0111950203361767,0.0090003086419753,0.0059381695745332,0.4886567007877626,197.57455024905704,305.93115172554707,395.1491004981142,13.17163668327047,197.57455024905704,0.0871564419849284,0.0029052147328309,-7.320151774168814,302.064948436595,10.068831614553169,17.131926165902655,84.48,372.3240951289799,5.906890595608519,5.081404364984463,5.937536205082426,6.834108738813838,7.715569534520208,8.618485442898109,9.512442967089196,10.419091740755093,11.320638417208192,12.230194363483893,140.66947177483542,4.204692619390966,0.0,5.541263545158426,3.044522437723423,7.055312843339752,5.476463551931511,8.661293535389994,7.635786861395585,10.323085651110205,10.597559305547207,404.1736072480007,7.4846964305185315,61.49707263516615,2.049902421172205,16.96590939901415,10.913684067495767,6.052225331518387,2856.0,46.0,4.090000000000001,160.0,1.0,2.6127838567197355
0,0,0,0,0,0,0,0,0,0,0,0,0,0,0,0,0,0,0,0,0,0,0,0,0,0,0,0,0,0,0,0,0,0,0,0,0,0,0,0,0,0,0,0,0,0,0,0,0,0,0,0,0,0,0,0,0,0,0,0,0,0,0,0,0,0,0,0,0,0,0,0,0,0,0,0,0,0,0,0,0,0,0,0,0,0,0,0,0,0,0,0,0,0,0,0,0,0,0,0,0,0,0,0,0,0,0,0,0,0,0,0,0,0,0,0,0,0,0,0,0,0,0,0,0,0,0,0,0,0,0,0,0,0,0,0,0,0,0,0,0,0,0,0,0,0,0,0,0,0,0,0,0,0,0,0,0,0,0,0,0,0,0,0,0,0,0,0,0,0,0,0,0,0,0,0,0,0,0,0,0,0,0,2,4,3,1,2,2,5,1,2,1,2,3,4,2,2,2,2,5,0,0,0,0,0,0,0,0,0,0,0,0,0,0,0,0,2,3,2,3,0,0,0,0,0,0,0,0,0,0,0,0,0,0,0,0,0,1,5,2,5,1,2,0,0,0,0,0,0,0,0,0,0,0,0,0,0,0,0,0,0,0,0,0,0,0,0,0,0,0,0,0,0,0,0,0,0,0,0,0,0,0,0,0,0,0,0,0,0,0,0,0,0,0,0,0,0,0,0,0,0,0,0,0,0,0,0,0,0,0,0,0,0,0,0,0,0,0,0,0,0,0,0,0,0,0,0,0,0,0,0,0,0,0,0,0,0,0,0,0,0,0,0,0,0,0,0,0,0,0,0,0,0,0,0,0,0,0,0,0,0,0,0,0,0,0,0,0,0,0,0,0,0,0,0,0,0,0,0,0,0,0,0,0,0,0,0,0,0,0,0,0,0,0,0,0,0,0,0,0,0,0,0,0,0,0,0,0,0,0,0,0,0,0,0,0,0,0,0,0,0,0,0,0,0,0,0,0,0,0,0,0,5,2,3,1,1,2,1,0,0,0,0,0,0,0,0,0,0,0,0,0,0,0,0,0,0,0,0,0,0,0,0,0,0,0,0,0,0,0,0,0,0,0,0,0,0,0,0,0,0,0,0,0,0,0,0,0,0,0,0,0,0,0,0,0,0,0,0,0,0,0,0,0,0,0,0,0,0,0,0,0,0,0,0,0,0,0,0,0,0,0,0,0,0,0,0,0,0,0,0,0,0,0,0,0,0,0,0,0,0,0,0,0,0,0,0,0,0,0,0,0,0,0,0,0,0,0,0,0,0,0,0,0,0,0,0,0,0,0,0,0,0,0,0,0,0,0,0,0,0,0,0,0,0,0,0,0,2,5,2,4,0,0,0,0,0,0,0,0,0,0,0,0,0,0,0,0,0,0,0,0,0,2,2,2,1,2,2,2,1,0,0,0,0,0,0,0,0,0,0,0,2,2,2,2,2,4,3,2,2,0,0,0,0,0,0,2,2,2,2,2,0,0,1,0,0,0,0,5,5,0,0,0,0,0,0,0,0,0,0,0,1,5,2,5,0,0,0,0,0,2,0,0,0,0,0,0,0,1,2,2,2,2,2,1,0,0,0,0,0,0,0,0,0,0,0,0,0,0,0,3,2,3,0,2,3,4,0,0,0,0,0,0,0,0,0,0,0,0,0,0,0,0,0,0,0,0,0,0,0,0,0,0,0,0,0,0,0,0,2,2,2,1,2,2,2,2,2,0,0,0,0,0,0,0,0,0,0,0,0,0,0,0,0,0,0,0,0,0,0,0,0,3,2,2,2,3,1,1,2,3,2,0,0,0,5,2,3,0,0,0,0,0,0,0,1,2,0,0,0,0,0,0,0,2,2,2,0,0,0,0,0,0,0,0,0,0,0,0,0,0,0,0,0,0,0,0,0,0,0,0,0,0,0,0,0,0,0,0,0,0,0,0,0,0,0,0,0,0,0,0,0,0,0,0,0,0,0,0,0,0,0,0,0,0,0,0,0,0,0,0,0,0,0,2,5,4,0,1,1,2,2,2,2,2,3,2,0,0,0,3,2,2,3,0,0,0,0,0,0,0,0,0,0,0,0,2,2,0,0,0,0,0,0,0,0,0,0,0,0,0,0,0,0,0,0,0,0,0,0,0,0,0,0,0,0,0,0,0,2,2,2,2,4,5,0,0,0,0,0,0,0,0,0,0,0,0,0,0,0,0,0,0,0,0,0,0,0,0,0,0,0,0,0,0,0,0,0,0,3,0,0,0,0,0,0,0,0,0,0,0,0,0,0,0,0,0,0,0,0,0,0,0,0,0,0,2,3,0,0,0,0,0,0,2,2,5,5,1,1,0,0,0,0,0,0,0,0,0,0,0,0,0,0,0,0,0,0,0,0,0,0,2,1,2,0,0,0,0,0,0,0,0,0,3,3,5,0,0,1,5,0,0,0,0,0,0,0,0,0,0,0,0,0,0,0,3,2,0,0,0,0,2,2,2,0,0,0,0,2,2,2,2,1,0,0,0,2,3,2,2,2,1,0,0,2,2,1,2,2,0,0,0,0,0,0,0,0,0,0,0,0,1,2,3,0,0,0,0,0,0,0,0,0,0,0,0,0,0,0,0,0,0,0,0,0,0,0,0,0,0,0,0,0,0,0,0,0,0,0,0,0,0,0,1,2,0,0,0,0,1,0,0,0,0,0,0,0,0,0,0,0,0,0,0,0,0,0,0,0,0,0,0,0,0,0,0,0,0,0,0,0,0,0,0,0,0,0,0,0,0,0,0,0,0,0,0,0,0,0,0,0,0,0,0,0,0,0,0,0,0,0,0,0,0,0,0,0,0,0,0,0,0,0,0,0,0,0,0,0,0,0,0,0,0,0,5,2,0,0,0,0,0,0,4,2,0,0,0,0,0,0,0,0,0,0,0,0,1,3,3,2,0,0,0,0,0,0,0,0,0,0,0,0,0,0,0,0,0,0,0,0,0,0,0,0,0,0,0,0,0,0,0,0,0,0,0,0,0,0,0,0,0,0,0,2,1,0,0,0,0,0,0,0,0,0,0,0,0,0,0,0,0,0,0,0,0,0,0,2,2,2,5,0,0,0,0,0,0,0,2,2,0,0,0,0,0,0,0,0,2,2,2,1,0,0,0,0,2,2,2,2,0,2,1,2,2,2,0,2,2,0,0,0,0,0,0,0,0,0,0,0,0,0,0,0,0,0,0,1,2,2,0,0,0,0,0,0,0,0,0,0,0,0,0,0,0,0,2,2,5,2,2,1,0,0,0,0,0,0,0,3,2,0,3,4,2,4,1,1,2,0,1,1,4,3,3,3,1,3,4,1,1,0,4,0,0,1,3,2,2,2,4,0,3,1,2,2,3,4,0,2,1,3,1,0,1,2,4,0,0,1,4,2,1,1,2,0,2,3,4,1,2,4,0,3,4,4,2,0,3,1,3,3,1,4,4,1,3,4,2,2,0,2,3,3,3,2,4,0,4,3,3,1,3,2,3,0,4,3,0,2,4,0,4,4,2,0,2,4,2,3,2,3,1,0,2,2,1,0,3,2,2,2,4,4,0,3,3,0,3,2,4,2,0,1,1,0,0,3,0,1,3,1,1,3,2,4,0,0,0,1,0,4,0,3,4,2,3,3,4,2,0,2,2,0,0,1,4,3,1,2,0,4,0,4,4,2,4,3,2,0,3,0,1,2,3,3,3,4,1,3,1,2,0,1,0,3,0,1,2,0,3,2,2,2,4,0,0,2,1,4,3,3,2,0,3,2,3,3,2,4,2,3,4,0,0,1,2,4,4,0,0,2,2,3,4,1,2,4,1,0,0,1,1,1,4,3,2,4,3,4,1,1,1,1,3,0,0,0,1,1,4,4,3,4,0,2,3,4,0,0,3,3,0,2,1,1,4,4,1,4,0,4,0,1,4,1,4,2,3,4,2,2,0,1,3,4,4,2,4,2,4,4,4,2,4,1,2,1,4,3,0,0,4,4,3,4,0,3,3,0,0,3,3,4,4,1,3,1,4,1,2,3,4,2,1,1,2,0,0,0,3,4,3,4,2,2,3,4,2,2,4,0,3,2,1,1,4,1,2,1,4,4,3,0,0,3,0,0,0,0,0,0,0,0,0,0,0,0,0,0,0,0,0,0,0,0,0,0,0,0,0,0,0,0,0,0,0,0,0,0,0,0,0,0,0,0,0,0,0,0,0,0,0,0,0,0,0,0,0,0,0,0,0,0,0,0,0,0,0,0,0,0,0,0,0,0,0,0,0,0,0,0,0,0,0,0,0,2,1,2,0,2,2,2,3,3,2,2,3,1,2,2,0,0,0,0,0,0,0,2,3,2,3,3,5,4,0,2,5,0,5,2,0,0,0,0,2,2,5,2,0,0,0,0,0,0,0,0,0,0,0,0,0,0,0,0,0,0,0,0,0,0,0,0,0,0,0,0,0,0,0,0,0,0,0,0,0,0,0,0,0,0,0,0,0,0,0,0,0,0,0,0,0,0,0,0,0,0,0,0,0,0,0,0,0,0,0,0,0,0,0,0,0,0,0,0,0,0,0,0,0,0,0,0,0,0,0,0,0,0,0,0,0,0,0,0,2,1,1,1,5,5,3,1,1,5,4,1,3,1,3,3,0,0,0,0,0,0,0,0,0,0,0,0,0,0,0,0,0,0,0,0,0,0,0,0,0,0,0,0,0,0,0,0,0,0,0,0,0,0,0,0,0,0,0,0,0,0,0,0,0,0,0,0,0,0,0,0,0,0,0,0,0,0,0,0,0,0,0,0,0,0,0,0,0,0,0,0,0,0,0,0,0,0,0,0,0,0,0,0,0,0,0,0,0,0,0,0,0,0,0,0,0,0,0,0,0,0,0,0,0,0,0,0,0,0,0,0,0,0,0,0,0,0,0,0,0,0,0,0,0,0,0,0,0,0,0,0,0,0,0,0,0,0,0,0,0,0,0,0,0,0,0,0,0,0,0,0,0,0,0,0,0,0,0,0,0,0,0,0,0,0,0,0,0,0,0,0,0,0,0,0,0,0,0,0,0,0,0,0,0,0,0,0,0,0,0,0,0,0,0,0,0,0,0,0,0,0,0,0,0,0,0,0,0,0,0,0,0,0,0,0,0,0,0,0,0,0,0,0,0,0,0,0,0,0,0,0,0,0,0,0,0,0,0,0,0,0,0,0,0,0,0,0,0,0,0,0,0,0,0,0,0,0,0,0,0,0,0,0,0,0,0,0,0,0,0,0,0,0,0,0,0,0,0,0,3,3,2,3,2,2,4,2,3,1,1,2,5,5,1,2,1,0,0,0,0,0,0,0,0,0,0,0,0,0,0,0,0,0,0,0,0,0,0,0,0,0,0,0,0,0,0,0,0,0,0,0,0,0,0,0,0,0,0,0,0,0,0,0,0,0,0,0,0,0,0,0,0,0,0,0,0,0,0,0,0,0,0,0,0,0,0,0,0,0,0,0,0,0,0,0,0,0,0,0,0,0,0,0,0,0,0,0,0,0,0,0,0,0,0,0,0,0,0,0,0,0,0,0,0,0,0,0,0,0,0,0,0,0,0,0,0,0,0,0,0,0,0,0,0,0,1,1,2,4,1,3,2,3,1,3,4,5,3,3,1,3,5,4,1,2,4,3,3,1,3,3,1,3,1,1,2,1,3,2,2,5,3,2,2,3,4,1,2,2,4,0,0,0,0,0,0,0,0,0,0,0,0,0,0,0,0,0,0,0,0,0,0,0,0,1,0,0,0,0,0,0,0,0,0,0,0,0,0,0,0,0,0,0,0,0,0,1,0,0,0,0,0,0,0,0,0,1,0,0,0,0,0,0,0,0,0,0,0,0,0,0,0,0,0,0,0,0,0,0,0,0,0,0,0,0,0,0,0,0,1,0,0,0,0,0,0,0,0,0,0,0,0,0,1,0,0,0,1,0,0,0,0,0,0,0,0,0,0,0,0,0,0,0,0,0,0,0,1,0,0,0,0,0,0,0,0,0,0,0,0,0,0,1,0,0,0,0,0,0,0,0,0,0,0,0,0,0,0,0,1,0,1,0,0,0,0,0,0,0,0,0,0,0,0,1,0,0,0,0,0,0,0,0,0,0,0,0,0,0,0,0,0,0,0,0,0,0,0,0,0,0,0,0,0,0,0,0,0,0,0,0,0,0,0,0,0,0,0,0,0,0,0,0,0,0,0,0,0,0,0,0,0,0,0,0,0,1,0,0,0,0,0,1,0,0,0,0,0,0,0,0,0,0,0,0,0,0,0,0,0,0,0,0,0,0,0,0,0,1,0,1,1,0,0,0,1,0,0,0,0,0,0,0,0,0,0,1,0,1,0,0,0,0,0,0,0,0,0,0,0,0,0,0,0,0,0,1,0,0,0,0,0,0,0,0,0,0,0,0,0,0,0,0,0,0,0,0,0,0,0,0,0,1,1,0,0,0,0,0,0,0,0,0,0,0,0,0,0,0,0,1,0,0,0,0,0,0,0,0,0,0,0,0,0,0,0,0,0,0,0,0,0,0,0,0,1,0,0,0,1,1,0,0,0,1,0,0,0,0,1,1,0,0,0,0,0,0,0,0,0,1,1,0,0,0,0,0,0,0,0,0,0,1,0,0,0,0,0,0,0,0,0,0,0,1,0,0,0,0,0,0,0,0,0,0,0,0,0,0,0,0,0,0,0,0,0,0,0,0,0,0,1,0,0,0,0,0,0,0,0,0,0,0,0,1,0,0,0,0,0,0,0,0,0,0,0,0,0,0,0,0,0,0,0,0,0,1,0,0,0,0,0,0,0,0,0,0,0,0,0,0,0,0,0,0,0,0,0,0,0,0,0,0,0,0,0,0,0,0,0,0,0,0,0,0,0,0,0,0,0,0,0,0,0,1,0,0,0,0,0,0,1,0,0,0,0,0,0,0,0,0,0,0,0,0,1,0,1,0,0,0,0,0,1,0,0,0,0,0,0,0,0,0,0,0,0,0,0,1,0,0,0,0,0,1,1,0,0,0,0,0,0,0,0,0,0,0,0,0,0,0,0,0,0,0,0,0,0,0,0,0,0,0,0,0,0,0,0,0,0,0,0,0,0,0,0,0,0,0,0,1,0,0,0,0,0,0,1,0,0,0,0,0,0,0,0,0,0,0,0,0,0,0,0,0,0,0,0,0,0,0,0,0,0,0,0,0,0,0,1,0,0,0,1,0,0,0,0,0,1,0,0,1,0,0,0,0,1,0,0,0,0,0,0,0,0,0,0,0,0,0,0,0,1,0,0,0,0,0,0,0,0,0,0,0,0,0,0,1,0,0,1,0,0,0,0,0,0,0,0,0,0,0,0,0,0,1,0,0,0,0,0,0,0,0,0,0,0,0,1,0,0,0,1,0,0,0,0,0,0,0,0,0,0,0,0,0,0,0,0,0,0,0,0,0,0,0,0,0,0,0,0,0,0,0,0,0,0,0,0,0,0,0,0,0,0,1,0,0,0,0,0,0,0,0,0,0,0,0,0,0,0,0,0,0,0,0,0,0,0,0,0,0,0,0,0,0,0,0,0,1,0,0,0,0,0,0,0,0,0,0,0,0,0,0,0,0,0,0,1,0,0,1,0,1,0,0,0,0,0,0,0,0,0,0,0,0,0,0,0,0,0,1,0,0,0,0,0,0,0,1,0,0,0,0,0,0,0,0,0,0,0,0,0,0,0,0,0,1,0,1,0,0,0,0,0,0,0,0,1,0,0,0,0,0,0,1,0,0,0,0,0,0,0,0,0,0,0,0,0,0,0,0,0,0,0,0,0,0,0,0,0,0,0,0,0,0,0,0,0,0,0,0,0,0,0,0,0,0,0,0,0,0,0,0,0,0,0,0,1,0,1,0,0,0,0,0,1,0,0,0,0,0,0,0,0,0,0,0,0,0,0,0,0,0,0,0,0,0,0,0,0,0,0,0,0,0,0,0,0,0,0,0,0,0,0,0,0,0,0,0,0,0,0,0,0,0,0,0,0,0,0,0,0,0,0,0,0,0,0,0,0,0,0,0,0,0,1.0,0.9876999999999992,0.9755512899999984,46.1851,57.223859999999966,17.0,19.0,48.0,28.0,20.0,0.0,20.0,3.0,4.0,0.0,0.0,0.0,1.0,0.0,0.0,1.0,5774.766351000009,5294.814114999998,7817.119408000002,8230.954443999995,7955.820483000008,8020.265896999999,6165.117899000001,5267.652633000005,5352.906492000002,11191.489509540785,13695.466829993666,19466.9330423571,21094.69515920665,20644.91782213102,19742.941635752148,16970.41298976409,14346.831144217684,13994.680495053048,381.26699699999966,395.67173000000025,660.3376520000005,807.1975820000001,851.8389500000004,807.8616240000002,741.5407920000005,605.2390660000008,572.104012,75.62547409697989,92.29680987599994,133.892651229339,148.64072231933923,148.0025266349803,141.69007964418816,126.74677554703676,102.86207101897983,98.51552075854694,7777.924921741879,7305.764870680252,12913.679267198784,15949.871714503168,17574.78755066546,16563.362662311014,14962.08896237291,12698.111228233982,11330.87596643219,221.58862978204536,172.4372427983539,296.10082304526753,318.55761316872423,331.83950617283966,318.20987654321,284.4372427983538,236.1039094650204,246.85082304526745,120.3076323125002,105.89628229999995,93.06094533333336,80.69563180392153,72.98917874311934,78.63005781372549,65.58636062765959,66.67914725316463,75.39304918309861,233.1560314487664,273.9093365998733,231.7492028852036,206.8107368549672,189.4029157993672,193.5582513309034,180.53630840174563,181.60545752174284,197.10817598666264,7.943062437499993,7.913434600000005,7.86116252380953,7.9137017843137265,7.815036238532114,7.920212000000002,7.888731829787239,7.66125400000001,8.057802985915494,1.5755307103537477,1.8459361975199988,1.5939601336826072,1.4572619835229337,1.3578213452750487,1.3891184278841977,1.3483699526280506,1.3020515318858208,1.3875425458950272,162.04010253628914,146.11529741360505,153.73427699046172,156.3712913186585,161.23658303362808,162.38590845402956,159.1711591741799,160.73558516751876,159.58980234411536,4.616429787125945,3.448744855967078,3.5250097981579467,3.1231138545953354,3.044399139200364,3.1197046719922543,3.025928114876104,2.9886570818357017,3.4767721555671467,0.7640025788111131,-0.4583796562451927,0.1351681383035426,-0.0516166354441684,-0.0102779400927054,-0.0834931614650603,0.1447572791640425,0.0240232735577227,-0.1926577055598996,2410.5786133125,55.89814932031335,716.5938445156256,-103.91429391406156,449.14742408203136,-230.03916285156183,-1203.480426070313,760.0108265273434,-655.219454753906,2357.366754850949,-12.616705005833182,459.4212811920554,-276.6543101003539,428.6617446558263,-284.77231793810574,-783.5541671780459,673.4547431128624,-722.6878975934086,4.762174312499997,0.0504646953124999,1.6432587031249997,-0.8620267890624984,-0.729709667968749,-0.6012837890624991,-0.4379955703124985,0.3782625273437501,-2.152278816406255,11.629552069904994,-0.3264740053718724,1.415453486471503,-1.4094410170966225,2.4846093254790635,-1.8916169515163728,-3.817360861533618,1.778341547924688,-1.96902020738456,71.09352747812781,-6.623682474333612,1.844505482258807,-23.74075247933425,-8.321533102152289,15.107099956187296,-10.225711037653552,-0.1238145720774053,-24.4500395002168,68.65335568764925,-5.0433347728158,32.36460397297162,-23.23289132754154,-8.45066068011311,-4.882417568460083,-8.556478517841114,2.868434478145279,-32.7206610188149,0.0159167203918981,-0.0091675931249038,0.0016091445036136,-0.000506045445531,-9.429302837344464e-05,-0.0008185604065201,0.0015399710549366,0.0003040920703509,-0.0027134888107028,50.22038777734375,1.117962986406267,8.530879101376495,-1.0187675873927606,4.1206185695599205,-2.25528591030943,-12.802983256067158,9.620390209206878,-9.2284430247029,49.1118073927281,-0.2523341001166636,5.469300966572088,-2.712297157846607,3.9326765564754704,-2.791885469981429,-8.335682629553679,8.524743583707119,-10.178702783005756,0.0992119648437499,0.0010092939062499,0.0195626036086309,-0.0084512430300244,-0.006694584109805,-0.0058949391084558,-0.0046595273437499,0.0047881332575158,-0.0303137861465669,0.2422823347896874,-0.0065294801074374,0.0168506367437083,-0.0138180491872217,0.0227945809676978,-0.0185452642305526,-0.0406102219312087,0.0225106525053758,-0.0277326789772473,1.4811151557943294,-0.1324736494866722,0.0219583985983191,-0.2327524752875907,-0.0763443403867182,0.1481088230998754,-0.1087841599750377,-0.0015672730642709,-0.3443667535241802,1.4302782434926928,-0.100866695456316,0.3852929044401383,-0.2277734443876621,-0.0775289970652578,-0.0478668389064714,-0.0910263672110756,0.0363092971917123,-0.4608543805466887,-0.5759724930250251,0.1010977427506157,-0.031793323817427,-0.0059241493254754,-0.0514277053542297,0.0967517815868956,0.0191051964766376,-0.1704803969594145,0.0222611380733029,0.169868841698293,-0.020285936299607,0.0820507119106492,-0.0449077757087107,-0.254935969686858,0.1915634393716686,-0.1837588962000446,-0.0051379518187723,0.1113642778983108,-0.055226987191846,0.0800759891613717,-0.0568475407075899,-0.1697286879079088,0.1735782907669849,-0.207255715547396,0.0101731067199359,0.1971798828844919,-0.0851837078656233,-0.0674775882157803,-0.0594176228415582,-0.0469653771204745,0.048261651354821,-0.3055456687538494,-0.0269498810679092,0.0695495887404895,-0.0570328381523007,0.0940827195985403,-0.0765440214477495,-0.1676152822551438,0.0929108287028689,-0.1144643046358316,-0.0894418296703107,0.0148255849738724,-0.1571467784777102,-0.0515451753282305,0.0999981821267934,-0.0734474693270533,-0.0010581709721486,-0.2325050501150902,-0.0705224287059018,0.2693831820438418,-0.1592511425129748,-0.0542055347747824,-0.0334668020885098,-0.0636424189665307,0.0253861773797567,-0.3222130956989861,1.553225934864296,0.8291187032956587,1.080224614856499,0.9013992696351072,0.904513096821566,0.8126252271904395,0.8273709436011185,1.3365485472601444,0.6195842421988588,0.5972888439057242,0.93639961451939,0.790661545664988,1.1099036176454573,1.5274481179190125,0.5968436326065804,1.034085105300795,0.9293762374329708,0.8439236051000913,1.0122249423442375,0.8817051834595027,0.9981726642565394,1.1784162579331958,0.8285948767225247,1.1013960244282557,0.7350097666127803,0.6250391217698633,1.0889241031235073,0.950168557729614,0.9466432373149594,1.126237648614003,0.7380851082691184,1.430419139385534,1.0055423555308207,0.8976163524528629,1.0417248893398554,0.8427797035856545,1.033580973137276,1.2408694491665735,0.8490890866270782,1.02754559006954,1.2495443416561904,1.0630505458773245,1.1667370669894137,1.083936176640157,0.9845936730890574,0.9900364079552978,0.9892717143315558,1.2932849185653308,0.7465376443790589,0.4162290184148052,1.036743351237028,0.8377896945224564,0.7067878671703953,1.036714305219255,0.8749707572664746,1.5378190095442916,246.45160710581945,124.16280912040412,186.97499842098847,248.23071875047728,8.865382812517044,124.16280912040412,2.075630252100723,0.2322844081517211,0.0082958717197043,-4.087419730544006,514.8580622697076,18.387787938203843,17.482895515214626,246.44360560497137,124.16210724583092,186.98327349703573,248.23138927850204,8.8654067599465,124.16210724583092,2.085747619119118,0.2324078340353305,0.008300279786976,-4.085932326835234,513.8586114722816,18.3520932668672,17.477454827443687,306.66193875077096,151.99081415683685,227.26344422185448,304.8971793456102,10.889184976628934,151.99081415683685,-2.470663167225041,0.0804720359137285,0.0028740012826331,-7.055567497612748,2487.914326655835,88.85408309485125,21.89376005219851,248.73548046176955,125.08896085038997,187.9680170453267,250.12795390708987,8.933141210967497,125.08896085038997,1.624552352873749,0.2169926792404967,0.0077497385443034,-4.278096654243064,466.1321806995669,16.64757788212739,17.20451388172888,350.94244046622094,172.45487381605648,256.4050622191395,346.9068850678111,12.389531609564685,172.45487381605648,-5.649777557773689,0.2809607531769509,0.0100343126134625,-3.554712805874606,294.21959589324587,10.507842710473067,15.91611395734117,247.4427132296578,124.3164818833175,185.75038944216828,248.7283815832134,8.883156485114764,124.3164818833175,1.4999464124815065,0.2223769608076981,0.0079420343145606,-4.209467683294867,584.6723029223481,20.881153675798146,17.838944268139667,243.5805305263605,122.32208251919933,182.67917429016683,245.5370554891668,8.769180553184526,122.32208251919933,3.076917868064598,0.4366310230403659,0.0155939651085844,-2.32026698795304,307.7742683912864,10.991938156831656,16.04222653443586,0.0,11.889999999999995,34.96885390651195,-0.3492232702050123,0.2590374525124313,3.844061160646647,10.042644692966832,30.0,50.0,49.0,30.0,10.0,1.0,1.0,0.0,0.0,20.0,29.71414,4.086446031762277,3.935613757385032,3.678528672399489,3.440974778481198,3.3439888643261253,3.207229956280546,2.952808059335376,2.807070173364068,2.0357972486064617,1.893257038042136,1.733785652026447,1.6703294436410498,1.3937054234605166,1.2502514443830717,1.2496297225843558,1.096039077229845,3.9693062976320994,3.821550510990048,3.4783454800386053,3.3309134311970165,3.236928824761053,2.9339747843498194,2.8450079630345257,2.621325272268365,2.0291650776362453,1.9585079359009745,1.6979587068193156,1.6744276955644872,1.3572693369412354,1.3203947600495467,1.311892728130925,1.1345406859483504,4.069206166538105,3.890890603050824,3.646853872933983,3.505903895656121,3.417473813623616,3.0909978437093306,2.964017936985296,2.7931531594712364,1.95824326231449,1.8544309523257565,1.497152813552312,1.4695452881622009,1.1808062632405554,1.0845301964808038,1.070413475337887,0.7603185604309002,3.958541076662644,3.818573295070438,3.4568373152598086,3.3262285250627115,3.2245386709053654,2.93610899395497,2.8574847929243634,2.617493494024888,2.02389568433706,1.9732061946675727,1.689417509357204,1.6759747532840226,1.4006758457047304,1.3717888503050863,1.2814112429124676,1.0582626705327112,4.088960678128377,3.909365110908898,3.670772456657457,3.533375898983368,3.4564404692532733,3.143418849803956,2.994453971853167,2.838982085149647,1.9391265708511207,1.8397968743237216,1.4656682213953234,1.422055709009629,1.153437942068835,1.0784317196986068,1.005623530803316,0.6682606157825709,4.810442517212001,4.244115031239425,3.939273700080964,3.780581223538414,3.772315215675893,3.437539307441855,3.1364401569038147,2.982470765967327,1.9633819967041184,1.8200742207107985,1.5735175403176629,1.5598808213450857,1.1412367551025877,1.1079963605757774,1.0018248929782618,0.9059646723371322,0.0,0.0,5.0,5.0,4.0,3.0,3.0,0.0,0.0,0.0,0.0,0.1178511301977579,0.2721655269759087,0.5337802159139756,0.0,0.0,0.0204124145231931,0.0631025755519258,0.1190316780691955,2.2947746771053104,0.0,0.3654508901400061,0.0,1.022893307904029,0.0,0.1011956541160217,0.0,4.1864380861634,6.213224204249481,8.522187250924857,1.5196107803182783,1.8764658266182148,2.1594589466562217,20.25878406613483,13.3294075958929,12.564670222809426,9.444120881601824,7.816706985392251,6.200609908786555,4.224384197970067,3.167760617717298,0.7235280023619582,0.4443135865297633,0.2991588148287958,0.1816177092615735,0.1166672684386903,0.0756171940095921,0.0469376021996674,0.030754957453566,16.525807849929954,9.189695065000087,7.050923684641421,4.2577709878639975,2.896759856083668,1.908385699266954,1.0144470829105745,0.603228747169044,0.5902074232117841,0.3063231688333362,0.1678791353486052,0.0818802113050768,0.043235221732592,0.0232729963325238,0.0112716342545619,0.0058565897783402,31.64222104620392,48.95593590677355,47.46666666666661,48.01600000000005,33.187940119760505,364.2017904191617,0.6592129384625817,1.0199153313911156,0.9888888888888876,1.0003333333333344,0.6914154191616771,7.587537300399202,4.946390000000004,111.55080000000004,250.2055558795955,362.5658217586832,500.4111117591909,17.87182541997111,250.2055558795955,0.011294111878449,0.000403361138516,-12.55372653296448,341.68583541892656,12.203065550675948,16.334896773988238,751.0,1.0,0.0,5.0,14.0,1.0,0.0,0.0,0.0,0.0,0.0,0.0,0.0,1.0,1.0,0.0,0.0,0.0,0.0,0.0,0.0,0.0,0.0,0.0,0.0,0.0,5.0,0.0,5.0,1.0,0.0,5.0,0.0,0.0,0.0,0.0,0.0,0.0,0.0,0.0,3.0,0.0,2.0,0.0,0.0,5.0,1.0,0.0,0.0,1.0,8.0,0.0,0.0,0.0,0.0,0.0,0.0,0.0,0.0,0.0,0.0,0.0,3.0,0.0,0.0,0.0,0.0,1.0,1.0,1.0,1.0,0.0,0.0,0.0,0.0,0.0,0.0,0.0,0.0,0.0,0.0,0.0,0.0,0.0,0.0,0.0,0.0,0.0,0.0,0.0,0.0,0.0,1.0,0.0,0.0,0.0,0.0,0.0,0.0,0.0,0.0,0.0,0.0,0.0,0.0,0.0,0.0,0.0,0.0,0.0,0.0,0.0,0.0,0.0,0.0,0.0,0.0,0.0,0.0,0.0,0.6798797206753073,0.0,31.29439492883208,14.814585501024718,7.300828107178766,0.0,0.0,0.0,0.0,0.0,0.0,0.0,3.701135040509296,0.6798797206753073,0.0,0.0,0.0,0.0,0.0,0.0,0.0,0.0,0.0,0.0,0.0,2.808240549757824,0.0,2.77872509975476,0.6624557657003336,0.0,2.808240549757824,0.0,0.0,0.0,0.0,0.0,0.0,0.0,0.0,5.892665442418712,0.0,0.6033615496924003,0.0,0.0,9.42665587947003,0.0757122496046576,0.0,0.0,-0.8038329596187148,6.191762581173401,0.0,0.0,0.0,0.0,0.0,0.0,0.0,0.0,0.0,0.0,0.0,12.998292674106455,0.0,0.0,0.0,0.0,8.824670495460415,10.73841134712334,5.698297020169072,5.443808556067905,0.0,0.0,0.0,0.0,0.0,0.0,0.0,0.0,0.0,0.0,0.0,0.0,0.0,0.0,0.0,0.0,0.0,0.0,0.0,0.0,0.0,0.5892075100113408,0.0,0.0,0.0,0.0,0.0,0.0,0.0,0.0,0.0,0.0,0.0,0.0,0.0,0.0,0.0,0.0,0.0,0.0,0.0,0.0,0.0,0.0,0.0,0.0,0.0,0.0,0.0,0.6798797206753073,0.0,0.5892075100113408,-0.8038329596187148,7.300828107178766,0.0,0.0,0.0,0.0,0.0,0.0,0.0,3.701135040509296,0.6798797206753073,0.0,0.0,0.0,0.0,0.0,0.0,0.0,0.0,0.0,0.0,0.0,0.4931934709294849,0.0,0.4381342823896886,0.6624557657003336,0.0,0.4931934709294849,0.0,0.0,0.0,0.0,0.0,0.0,0.0,0.0,1.9503779866451223,0.0,0.1090453409832121,0.0,0.0,1.6827833952820077,0.0757122496046576,0.0,0.0,-0.8038329596187148,0.4114049406748725,0.0,0.0,0.0,0.0,0.0,0.0,0.0,0.0,0.0,0.0,0.0,4.10211718946838,0.0,0.0,0.0,0.0,8.824670495460415,10.73841134712334,5.698297020169072,5.443808556067905,0.0,0.0,0.0,0.0,0.0,0.0,0.0,0.0,0.0,0.0,0.0,0.0,0.0,0.0,0.0,0.0,0.0,0.0,0.0,0.0,0.0,0.5892075100113408,0.0,0.0,0.0,0.0,0.0,0.0,0.0,0.0,0.0,0.0,0.0,0.0,0.0,0.0,0.0,0.0,0.0,0.0,0.0,0.0,0.0,0.0,0.0,0.0,0.0,0.0,0.0,0.6798797206753073,0.0,10.73841134712334,1.9793128877374264,7.300828107178766,0.0,0.0,0.0,0.0,0.0,0.0,0.0,3.701135040509296,0.6798797206753073,0.0,0.0,0.0,0.0,0.0,0.0,0.0,0.0,0.0,0.0,0.0,0.687006120673443,0.0,0.6624557657003336,0.6624557657003336,0.0,0.687006120673443,0.0,0.0,0.0,0.0,0.0,0.0,0.0,0.0,1.9711437278867951,0.0,0.4943162087091881,0.0,0.0,1.9793128877374264,0.0757122496046576,0.0,0.0,0.0,1.05701910233025,0.0,0.0,0.0,0.0,0.0,0.0,0.0,0.0,0.0,0.0,0.0,4.512641102222782,0.0,0.0,0.0,0.0,8.824670495460415,10.73841134712334,5.698297020169072,5.443808556067905,0.0,0.0,0.0,0.0,0.0,0.0,0.0,0.0,0.0,0.0,0.0,0.0,0.0,0.0,0.0,0.0,0.0,0.0,0.0,0.0,0.0,0.5892075100113408,0.0,0.0,0.0,0.0,0.0,0.0,0.0,0.0,0.0,0.0,0.0,0.0,0.0,0.0,0.0,0.0,0.0,0.0,0.0,0.0,0.0,0.0,0.0,0.0,0.0,0.0,0.0,65.67901234567901,2.345679012345679,0.687006120673443,10.73841134712334,-0.063691638389896,-0.8038329596187148,7.219779221234539,2.4704996262853816,3.738411347123339,29.406960185854377,2.4846089737280623,3.726120537795493,32.46931622182762,13.24761,0.47313,0.0,0.02687,0.63651,0.87687,0.44,0.55238,0.85698,0.19651,0.08413,-0.11238,0.01989,0.53956,0.17473,0.0,0.21747,0.37743,0.0,37.5,1.33929,18.0,0.64286,19.5,0.69643,1.5,0.05357,1.0,0.03571,22.88741,0.81741,50.81592,27.92851,0.99745,6.11646,0.21845,13.32934,7.21288,0.2576,0.58466,0.02088,0.84266,0.03009,0.3541666666666667,144.08,4.0,7.0,7.0,7.0,1.0,1.0,0.3,1.7176289320199487,3.8159498052369214,4.746115365169275,4.996115365169274,4.996115365169276,5.037782031835943,82.44618873695754,183.1655906513722,227.8135375281252,239.81353752812515,239.81353752812524,241.81353752812527,0.3075452935983295,0.6832543288776223,0.8498025482814672,0.8945656062192274,0.8945656062192278,0.9020261158755212,3.867333568701208,1.7690126954842356,0.8388471355518821,0.588847135551883,0.5888471355518812,0.5471804688852142,0.2901957458998241,0.6447099134181071,0.801862650800946,0.8441004910716251,0.8441004910716254,0.8511401311167387,19.19349805375896,40.22460945103391,44.90957332557139,45.16152958357137,45.61953687390472,45.66152958357138,90.46491456123312,41.08581892306106,29.63865963915768,28.47825859719052,27.731391409540283,27.58201797201023,22.68,10.346938775510203,6.25,5.0,18.0,3.0,2.78,2.870400000000001,0.454280148208035,2.8511242147640607,5.358834079368455,0.0,5.298237878217429,16.980597700435126,0.0,9.978017295740967,0.0,0.0,0.4999999999999999,0.3265986323710904,0.1666666666666666,0.0,0.0,0.0,0.8772053214638599,0.0,0.0,0.591,1.3939999999999997,1.3269999999999995,2.519000000000001,2.281999999999999,14.757,42.0,52.0,67.0,82.0,90.0,103.0,113.0,126.0,129.0,862.0,3.725693427236653,4.385146762010125,4.984462419792233,5.6185876285929695,6.205251965998166,6.680070180436652,7.168134401281182,7.631465763171099,8.12316516421728,8.523733475802844,9.519152889232696,15.797065327726218,0.4705882352941176,3.0,0.0,0.0,1.0,2.0,0.0,0.0,0.0,0.0,0.0,0.0,0.0,0.0,0.0,0.0,0.0,0.0,0.0,0.0,0.0,0.0,0.0,0.0,3.0,0.0,1.0,2.0,0.0,0.0,0.0,0.0,0.0,0.0,0.0,2.0,0.0,0.0,1.0,1.0,0.0,0.0,0.0,0.0,0.0,0.0,0.0,0.0,0.0,0.0,0.0,0.0,0.0,0.0,0.0,0.0,0.0,0.0,0.0,0.0,1.0,1.0,0.0,0.0,0.0,0.0,0.0,0.0,0.0,7.0,0.2333333333333333,12.0,0.4,1.0,9.0,17.0,0.8888888888888888,7.0,3.333333333333332,1.625,1.841666666666668,1.111666666666666,0.6326077097505672,0.3489937641723357,0.3474505542957923,0.2375077160493827,0.1349903071115192,0.2333333333333333,0.0793650793650793,0.0396341463414634,0.0460416666666666,0.030045045045045,0.0218140589569161,0.0124640630061548,0.0133634828575304,0.0098961548353909,0.0074994615061955,0.5289238647806145,177.24677177765025,271.2199454610616,354.49354355530056,12.66048369840359,177.24677177765025,0.0511212212232411,0.00182575790083,-8.32595562359309,370.0134347831338,13.214765527969064,16.55791008257052,98.34,344.3409020057129,5.807354922057604,4.976733742420574,5.808142489980444,6.683360945766275,7.538494999413465,8.416930769477844,9.283683766200392,10.16450475627842,11.037965573724245,11.920701234775636,133.8305182780373,4.110873864173311,0.0,5.43372200355424,2.3978952727983707,6.928537818164665,4.59511985013459,8.508555998020574,6.6052979209482015,10.137016983402756,10.38588283710658,401.1142338000006,8.356546537500012,56.44387851076056,2.015852803955734,22.76332564866703,10.848227883024736,9.353947585355517,2373.0,41.0,5.057,144.0,1.0,2.977723605288848
0,0,0,0,0,0,0,0,0,0,0,0,0,0,0,0,0,0,0,0,0,0,0,0,0,0,0,0,0,0,0,0,0,0,0,0,0,0,0,0,0,0,0,0,0,0,0,0,0,0,0,0,0,0,0,0,0,0,0,0,0,0,0,0,0,0,0,0,0,0,0,0,0,0,0,0,0,0,0,0,0,0,0,0,0,0,0,0,0,0,0,0,0,0,0,0,0,0,0,0,0,0,0,0,0,0,0,0,0,0,0,0,0,0,0,0,0,0,0,0,0,0,0,0,0,0,0,0,0,0,0,0,0,0,0,0,0,0,0,0,0,0,0,0,0,0,0,0,0,0,0,0,0,0,0,0,0,0,0,0,0,0,0,0,0,0,0,0,0,0,0,0,0,0,0,0,0,0,0,0,0,0,0,2,4,3,1,2,2,5,1,2,1,2,3,4,2,2,2,2,5,0,0,0,0,0,0,0,0,0,0,0,0,0,0,0,0,2,3,2,3,0,0,0,0,0,0,0,0,0,0,0,0,0,0,0,0,0,1,5,2,5,1,2,0,0,0,0,0,0,0,0,0,0,0,0,0,0,0,0,0,0,0,0,0,0,0,0,0,0,0,0,0,0,0,0,0,0,0,0,0,0,0,0,0,0,0,0,0,0,0,0,0,0,0,0,0,0,0,0,0,0,0,0,0,0,0,0,0,0,0,0,0,0,0,0,0,0,0,0,0,0,0,0,0,0,0,0,0,0,0,0,0,0,0,0,0,0,0,0,0,0,0,0,0,0,0,0,0,0,0,0,0,0,0,0,0,0,0,0,0,0,0,0,0,0,0,0,0,0,0,0,0,0,0,0,0,0,0,0,0,0,0,0,0,0,0,0,0,0,0,0,0,0,0,0,0,0,0,0,0,0,0,0,0,0,0,0,0,0,0,0,0,0,0,0,0,0,0,0,0,0,0,0,0,0,0,0,0,0,0,0,0,5,2,3,1,1,2,1,0,0,0,0,0,0,0,0,0,0,0,0,0,0,0,0,0,0,0,0,0,0,0,0,0,0,0,0,0,0,0,0,0,0,0,0,0,0,0,0,0,0,0,0,0,0,0,0,0,0,0,0,0,0,0,0,0,0,0,0,0,0,0,0,0,0,0,0,0,0,0,0,0,0,0,0,0,0,0,0,0,0,0,0,0,0,0,0,0,0,0,0,0,0,0,0,0,0,0,0,0,0,0,0,0,0,0,0,0,0,0,0,0,0,0,0,0,0,0,0,0,0,0,0,0,0,0,0,0,0,0,0,0,0,0,0,0,0,0,0,0,0,0,0,0,0,0,0,0,2,5,2,4,0,0,0,0,0,0,0,0,0,0,0,0,0,0,0,0,0,0,0,0,0,2,2,2,1,2,2,2,1,0,0,0,0,0,0,0,0,0,0,0,2,2,2,2,2,4,3,2,2,0,0,0,0,0,0,2,2,2,2,2,0,0,1,0,0,0,0,5,5,0,0,0,0,0,0,0,0,0,0,0,1,5,2,5,0,0,0,0,0,2,0,0,0,0,0,0,0,1,2,2,2,2,2,1,0,0,0,0,0,0,0,0,0,0,0,0,0,0,0,3,2,3,0,2,3,4,0,0,0,0,0,0,0,0,0,0,0,0,0,0,0,0,0,0,0,0,0,0,0,0,0,0,0,0,0,0,0,0,2,2,2,1,2,2,2,2,2,0,0,0,0,0,0,0,0,0,0,0,0,0,0,0,0,0,0,0,0,0,0,0,0,3,2,2,2,3,1,1,2,3,2,0,0,0,5,2,3,0,0,0,0,0,0,0,1,2,0,0,0,0,0,0,0,2,2,2,0,0,0,0,0,0,0,0,0,0,0,0,0,0,0,0,0,0,0,0,0,0,0,0,0,0,0,0,0,0,0,0,0,0,0,0,0,0,0,0,0,0,0,0,0,0,0,0,0,0,0,0,0,0,0,0,0,0,0,0,0,0,0,0,0,0,0,2,5,4,0,1,1,2,2,2,2,2,3,2,0,0,0,3,2,2,3,0,0,0,0,0,0,0,0,0,0,0,0,2,2,0,0,0,0,0,0,0,0,0,0,0,0,0,0,0,0,0,0,0,0,0,0,0,0,0,0,0,0,0,0,0,2,2,2,2,4,5,0,0,0,0,0,0,0,0,0,0,0,0,0,0,0,0,0,0,0,0,0,0,0,0,0,0,0,0,0,0,0,0,0,0,3,0,0,0,0,0,0,0,0,0,0,0,0,0,0,0,0,0,0,0,0,0,0,0,0,0,0,2,3,0,0,0,0,0,0,2,2,5,5,1,1,0,0,0,0,0,0,0,0,0,0,0,0,0,0,0,0,0,0,0,0,0,0,2,1,2,0,0,0,0,0,0,0,0,0,3,3,5,0,0,1,5,0,0,0,0,0,0,0,0,0,0,0,0,0,0,0,3,2,0,0,0,0,2,2,2,0,0,0,0,2,2,2,2,1,0,0,0,2,3,2,2,2,1,0,0,2,2,1,2,2,0,0,0,0,0,0,0,0,0,0,0,0,1,2,3,0,0,0,0,0,0,0,0,0,0,0,0,0,0,0,0,0,0,0,0,0,0,0,0,0,0,0,0,0,0,0,0,0,0,0,0,0,0,0,1,2,0,0,0,0,1,0,0,0,0,0,0,0,0,0,0,0,0,0,0,0,0,0,0,0,0,0,0,0,0,0,0,0,0,0,0,0,0,0,0,0,0,0,0,0,0,0,0,0,0,0,0,0,0,0,0,0,0,0,0,0,0,0,0,0,0,0,0,0,0,0,0,0,0,0,0,0,0,0,0,0,0,0,0,0,0,0,0,0,0,0,5,2,0,0,0,0,0,0,4,2,0,0,0,0,0,0,0,0,0,0,0,0,1,3,3,2,0,0,0,0,0,0,0,0,0,0,0,0,0,0,0,0,0,0,0,0,0,0,0,0,0,0,0,0,0,0,0,0,0,0,0,0,0,0,0,0,0,0,0,2,1,0,0,0,0,0,0,0,0,0,0,0,0,0,0,0,0,0,0,0,0,0,0,2,2,2,5,0,0,0,0,0,0,0,2,2,0,0,0,0,0,0,0,0,2,2,2,1,0,0,0,0,2,2,2,2,0,2,1,2,2,2,0,2,2,0,0,0,0,0,0,0,0,0,0,0,0,0,0,0,0,0,0,1,2,2,0,0,0,0,0,0,0,0,0,0,0,0,0,0,0,0,2,2,5,2,2,1,0,0,0,0,0,0,0,3,2,0,3,4,2,4,1,1,2,0,1,1,4,3,3,3,1,3,4,1,1,0,4,0,0,1,3,2,2,2,4,0,3,1,2,2,3,4,0,2,1,3,1,0,1,2,4,0,0,1,4,2,1,1,2,0,2,3,4,1,2,4,0,3,4,4,2,0,3,1,3,3,1,4,4,1,3,4,2,2,0,2,3,3,3,2,4,0,4,3,3,1,3,2,3,0,4,3,0,2,4,0,4,4,2,0,2,4,2,3,2,3,1,0,2,2,1,0,3,2,2,2,4,4,0,3,3,0,3,2,4,2,0,1,1,0,0,3,0,1,3,1,1,3,2,4,0,0,0,1,0,4,0,3,4,2,3,3,4,2,0,2,2,0,0,1,4,3,1,2,0,4,0,4,4,2,4,3,2,0,3,0,1,2,3,3,3,4,1,3,1,2,0,1,0,3,0,1,2,0,3,2,2,2,4,0,0,2,1,4,3,3,2,0,3,2,3,3,2,4,2,3,4,0,0,1,2,4,4,0,0,2,2,3,4,1,2,4,1,0,0,1,1,1,4,3,2,4,3,4,1,1,1,1,3,0,0,0,1,1,4,4,3,4,0,2,3,4,0,0,3,3,0,2,1,1,4,4,1,4,0,4,0,1,4,1,4,2,3,4,2,2,0,1,3,4,4,2,4,2,4,4,4,2,4,1,2,1,4,3,0,0,4,4,3,4,0,3,3,0,0,3,3,4,4,1,3,1,4,1,2,3,4,2,1,1,2,0,0,0,3,4,3,4,2,2,3,4,2,2,4,0,3,2,1,1,4,1,2,1,4,4,3,0,0,3,0,0,0,0,0,0,0,0,0,0,0,0,0,0,0,0,0,0,0,0,0,0,0,0,0,0,0,0,0,0,0,0,0,0,0,0,0,0,0,0,0,0,0,0,0,0,0,0,0,0,0,0,0,0,0,0,0,0,0,0,0,0,0,0,0,0,0,0,0,0,0,0,0,0,0,0,0,0,0,0,0,2,1,2,0,2,2,2,3,3,2,2,3,1,2,2,0,0,0,0,0,0,0,2,3,2,3,3,5,4,0,2,5,0,5,2,0,0,0,0,2,2,5,2,0,0,0,0,0,0,0,0,0,0,0,0,0,0,0,0,0,0,0,0,0,0,0,0,0,0,0,0,0,0,0,0,0,0,0,0,0,0,0,0,0,0,0,0,0,0,0,0,0,0,0,0,0,0,0,0,0,0,0,0,0,0,0,0,0,0,0,0,0,0,0,0,0,0,0,0,0,0,0,0,0,0,0,0,0,0,0,0,0,0,0,0,0,0,0,0,2,1,1,1,5,5,3,1,1,5,4,1,3,1,3,3,0,0,0,0,0,0,0,0,0,0,0,0,0,0,0,0,0,0,0,0,0,0,0,0,0,0,0,0,0,0,0,0,0,0,0,0,0,0,0,0,0,0,0,0,0,0,0,0,0,0,0,0,0,0,0,0,0,0,0,0,0,0,0,0,0,0,0,0,0,0,0,0,0,0,0,0,0,0,0,0,0,0,0,0,0,0,0,0,0,0,0,0,0,0,0,0,0,0,0,0,0,0,0,0,0,0,0,0,0,0,0,0,0,0,0,0,0,0,0,0,0,0,0,0,0,0,0,0,0,0,0,0,0,0,0,0,0,0,0,0,0,0,0,0,0,0,0,0,0,0,0,0,0,0,0,0,0,0,0,0,0,0,0,0,0,0,0,0,0,0,0,0,0,0,0,0,0,0,0,0,0,0,0,0,0,0,0,0,0,0,0,0,0,0,0,0,0,0,0,0,0,0,0,0,0,0,0,0,0,0,0,0,0,0,0,0,0,0,0,0,0,0,0,0,0,0,0,0,0,0,0,0,0,0,0,0,0,0,0,0,0,0,0,0,0,0,0,0,0,0,0,0,0,0,0,0,0,0,0,0,0,0,0,0,0,0,0,0,0,0,0,0,0,0,0,0,0,0,0,0,0,0,0,0,3,3,2,3,2,2,4,2,3,1,1,2,5,5,1,2,1,0,0,0,0,0,0,0,0,0,0,0,0,0,0,0,0,0,0,0,0,0,0,0,0,0,0,0,0,0,0,0,0,0,0,0,0,0,0,0,0,0,0,0,0,0,0,0,0,0,0,0,0,0,0,0,0,0,0,0,0,0,0,0,0,0,0,0,0,0,0,0,0,0,0,0,0,0,0,0,0,0,0,0,0,0,0,0,0,0,0,0,0,0,0,0,0,0,0,0,0,0,0,0,0,0,0,0,0,0,0,0,0,0,0,0,0,0,0,0,0,0,0,0,0,0,0,0,0,0,1,1,2,4,1,3,2,3,1,3,4,5,3,3,1,3,5,4,1,2,4,3,3,1,3,3,1,3,1,1,2,1,3,2,2,5,3,2,2,3,4,1,2,2,4,0,0,0,0,0,0,0,0,0,0,0,0,0,0,0,0,0,0,0,0,0,0,0,1,0,0,0,0,0,0,0,0,0,0,0,0,0,0,0,0,0,0,0,0,0,0,0,0,0,0,0,0,0,0,1,0,1,0,0,1,0,0,0,0,0,0,0,0,0,0,0,0,0,0,0,0,0,0,0,0,0,0,0,0,0,0,0,1,0,0,0,0,0,0,0,0,0,0,0,0,0,0,0,0,1,0,0,0,0,0,0,0,0,0,0,1,0,0,0,0,0,0,0,0,0,0,0,0,0,0,0,0,0,0,0,0,0,0,0,0,0,0,0,0,0,0,0,0,0,0,0,0,0,0,0,0,0,0,0,0,0,0,0,0,0,0,0,0,0,0,1,0,0,0,0,0,0,0,0,0,1,0,0,0,0,0,0,0,0,0,0,0,0,1,0,0,0,0,1,0,0,0,0,0,0,0,0,0,0,0,0,0,0,0,0,0,0,0,0,0,0,0,0,0,0,0,0,0,0,0,0,0,0,0,0,1,0,0,0,0,0,0,0,0,0,0,0,0,0,0,0,0,1,0,1,0,0,0,0,0,0,0,0,0,0,0,0,0,0,1,0,0,0,1,0,0,0,0,0,0,0,0,0,0,0,0,0,0,0,0,0,0,0,0,0,0,0,0,0,0,0,0,0,0,0,0,0,1,0,0,0,0,1,0,0,0,0,0,0,0,0,0,0,0,0,0,0,0,0,0,0,0,0,0,0,0,0,0,0,0,0,0,0,0,0,0,0,0,0,0,0,0,1,0,0,0,0,0,0,0,0,0,0,0,0,0,0,0,0,0,0,0,0,0,0,0,0,0,0,1,0,0,0,0,0,0,1,0,0,1,0,0,0,0,0,0,0,0,0,0,0,1,0,0,0,0,0,0,0,0,0,0,1,0,0,0,0,0,0,0,0,1,0,0,0,0,0,0,0,0,0,0,0,0,0,0,0,0,0,0,0,0,0,0,0,0,0,0,0,0,0,0,0,0,0,0,0,0,0,0,0,0,0,0,0,0,0,0,0,0,0,0,0,0,0,0,0,0,0,0,0,1,0,0,0,0,0,0,0,0,0,0,0,0,0,0,0,0,0,0,0,0,0,0,0,0,0,0,0,0,0,0,0,0,0,0,0,1,0,0,0,0,0,1,0,0,0,0,0,0,0,0,0,0,0,0,0,0,0,0,0,0,1,0,0,0,0,0,0,0,0,0,0,0,0,0,0,0,0,0,0,0,0,0,0,0,0,0,0,0,0,0,1,0,0,0,0,0,0,0,0,0,0,0,0,1,0,0,0,0,0,0,0,0,0,0,1,0,0,0,0,0,1,0,0,0,0,0,0,0,0,0,0,0,0,0,0,0,0,0,0,0,0,0,0,0,0,0,0,0,0,0,0,0,0,0,0,0,0,0,0,0,0,0,0,0,0,1,0,0,0,0,0,0,0,0,0,0,0,0,0,0,0,0,0,0,0,1,0,0,0,0,0,1,0,0,0,0,0,0,0,0,0,1,0,0,0,0,0,0,1,0,0,0,0,0,0,0,0,1,0,0,0,0,0,0,0,0,0,0,0,0,0,0,0,0,0,1,0,0,0,1,0,0,0,0,0,0,0,0,0,0,0,0,0,0,0,0,0,0,0,0,0,0,0,0,0,0,0,1,0,0,0,0,0,0,0,0,0,0,1,0,0,0,0,0,0,0,0,0,0,0,0,0,0,0,0,0,0,0,0,0,0,0,0,0,0,0,0,0,0,0,0,0,0,0,0,0,0,0,0,0,0,0,0,0,0,0,0,0,0,0,0,0,0,0,0,0,0,0,0,0,0,0,0,0,0,0,0,0,1,0,0,0,0,0,0,0,0,0,0,0,0,1,0,0,0,0,0,0,0,0,0,0,0,0,0,0,1,0,0,0,0,0,0,0,0,0,0,0,0,0,1,0,0,0,0,0,0,0,1,0,0,0,0,0,0,0,0,0,0,0,0,0,0,0,0,0,0,0,0,1,0,0,0,0,0,0,0,0,0,1,1,0,0,0,1,0,0,0,0,0,0,0,0,0,0,0,0,0,1,0,0,0,0,0,0,0,0,0,0,0,0,0,0,0,1,0,0,1,0,0,0,0,0,1,0,0,1,0,0,0,0,0,0,0,0,0,0,0,0,0,0,0,0,0,0,0,0,0,0,0,0,0,0,0,0,0,0,0,1,0,0,0,0,0,0,0,0,0,0,0,0,0,0,0,0,0,0,0,0,0,0,0,0,0,0,0,0,0,0,0,1,0,0,0,0,0,0,0,0,0,1,0,0,0,0,0,0,0,0,0,1,0,0,0,0,0.0,1.1066000000000011,1.2245635600000024,49.204800000000006,49.777859999999976,11.0,11.0,42.0,22.0,20.0,0.0,19.0,2.0,1.0,0.0,0.0,0.0,0.0,0.0,0.0,0.0,3409.699677999999,4020.498449000004,5922.728288000004,5698.441587999998,5046.145744000011,4616.354281000007,3656.499903000002,3458.193523999999,2951.574733000002,9371.51514526361,12274.145181090646,18208.85571409295,19218.146130246623,17534.83290289128,15190.832649078828,12828.589011512737,11415.257917582258,11070.84549598962,311.39407199999994,339.7106520000001,589.990464000001,742.0338959999996,813.2946080000008,692.237148000001,638.3426120000004,531.0714799999998,439.2044520000002,64.94456209698001,86.10922619999994,130.62203127848994,144.17248914479208,135.06358624662096,115.56715690382876,97.36217375988588,86.40786689807385,83.57840938624491,6715.37721761748,6453.896445973002,11859.409891868188,15252.441631323722,17796.112203924145,14793.842613223818,13728.862337819828,11757.368931100978,8987.3558524186,143.2569444444444,126.05555555555554,204.40277777777777,261.88888888888897,259.69444444444434,249.611111111111,245.1388888888889,186.5277777777778,165.99999999999994,81.18332566666665,89.34440997777786,74.97124415189879,57.560016040404015,45.87405221818192,49.638218075268895,44.0542156987952,48.0304656111111,50.8892195344828,223.13131298246688,272.7587818020144,230.4918444821893,194.1226881843093,159.4075718444662,163.3422865492347,154.5613133917197,158.54524885530913,190.87664648257964,7.41414457142857,7.5491256000000035,7.468233721519,7.495291878787874,7.393587345454553,7.443410193548397,7.690874843373498,7.375992777777776,7.572490551724142,1.5462990975471431,1.9135383599999989,1.653443433904936,1.456287769139314,1.2278507840601904,1.2426576011164383,1.173038238070914,1.200109262473248,1.441007058383533,159.88993375279713,143.4199210216223,150.11911255529353,154.0650669830679,161.78283821749224,159.0735764862776,165.40797997373286,163.2967907097358,154.95441124859653,3.4108796296296284,2.8012345679012345,2.587376933895921,2.6453423120089794,2.360858585858585,2.683990442054957,2.953480589022758,2.590663580246914,2.86206896551724,0.2319811314029873,-0.1206894835109028,0.0137120638551981,0.0347209106879085,-0.0914054838997071,0.1118356262002437,-0.0899664397526093,0.0672605994305783,-0.0452642025138765,1374.2893464761894,110.71363668027404,419.247095913834,-620.2317809795901,136.8805790861669,68.82764037414975,-754.2738418458041,645.5085188979583,-663.3275833718814,2210.3542831426857,82.1450359764051,343.1208677703682,-1197.6268869913904,277.5690615190207,-375.6925630181636,-408.39407130057896,1115.9636216393408,-402.6178157813992,1.6614259047619038,0.244305006802721,0.6465596553287986,0.0840981768707482,-0.2177002267573684,0.0654232108843535,-1.3801637641723354,-0.0042916462585036,-0.9813605351473912,9.932201026037138,0.254784919353072,0.8265939926934804,-5.369670065449829,0.8604000990718139,-3.1062107542075346,0.0377964026435465,4.58056596987032,0.2183800509498998,62.5482573161443,2.97047561838054,-8.379656008583623,-28.86284149223483,9.13632730255936,-32.223963017769606,17.02066322505372,22.545644688972622,8.992045373994614,40.326884920634974,-1.0927933673469372,9.249397675736958,4.601013321995473,-1.2928004535147206,3.449298469387758,-24.486429988662184,7.355300453514742,-24.00035430839005,0.0055233602714996,-0.0026819885224645,0.0001735704285468,0.0003507162695748,-0.0008309589445427,0.0012025336150563,-0.0010839330090675,0.0009341749920913,-0.000780417284722,32.72117491609975,2.460303037339423,5.306925264732076,-6.264967484642324,1.2443689007833354,0.74008215456075,-9.087636648744628,8.965396095804977,-11.43668247192899,52.62748293196871,1.8254452439201128,4.343302123675547,-12.097241282741315,2.52335510471837,-4.039704978689931,-4.920410497597337,15.499494744990844,-6.941686478989641,0.0395577596371881,0.0054290001511715,0.0081842994345417,0.0008494765340479,-0.0019790929705215,0.0007034753858532,-0.0166284790864136,-5.960619803477321e-05,-0.0169200092266791,0.236480976810408,0.0056618870967349,0.0104632150973858,-0.0542390915702002,0.007821819082471,-0.0334001156366401,0.0004553783451029,0.0636189718037544,0.0037651732922396,1.4892442218129596,0.0660105692973453,-0.1060715950453623,-0.2915438534569174,0.0830575209323578,-0.3464942259975226,0.2050682316271532,0.3131339540135086,0.1550352650688726,0.9601639266817852,-0.0242842970521541,0.1170809832371766,0.0464748820403583,-0.0117527313955883,0.0370892308536318,-0.2950172287790624,0.1021569507432603,-0.4137992122136216,-0.4855718965687344,0.0314247885372295,0.0634969026707373,-0.1504444583907561,0.2177177580215807,-0.1962452122959696,0.1691316420027259,-0.1412939309334805,0.0751899356807289,0.1621862686269531,-0.1914652362180241,0.0380294688064844,0.0226178355899014,-0.2777295336138206,0.2739937095410882,-0.3495193097819301,0.0346861590602738,0.0825291631235739,-0.2298654734899513,0.0479474784682425,-0.07676036841648,-0.0934950756424723,0.2945133204456494,-0.1319023083046385,0.1372423565177787,0.2068949179530305,0.021474333780252,-0.0500304614991641,0.0177834991745065,-0.4203594753324016,-0.0015068143034758,-0.4277292086777505,0.0239422518170423,0.0442454832456752,-0.2293592165499424,0.0330758912956535,-0.1412380652648342,0.0019256447230766,0.2690236342129082,0.0159216751513094,0.0443248785729624,-0.0712251177420947,-0.1957663150117856,0.0557715918690932,-0.2326644756598158,0.1376995314962576,0.2102636689315531,0.1041033181784902,-0.0252918240076753,0.1219385356850417,0.0484030702975585,-0.0122403384140918,0.0386280194693502,-0.3072571470151016,0.1063953226156942,-0.4309672553973816,1.4436542956022194,0.8614246848405261,0.9859199314176816,1.272657409705544,1.2893392097954235,1.9357093166804296,1.2193361157640623,1.30042431375124,0.8118638958097545,0.7641409813164914,1.144777199960786,0.96047639216588,0.9785189163455686,1.3502956196560305,0.7471537028954441,1.3455295638734248,0.9504184946583788,0.8996207206383956,1.1837885092031564,0.911037257978159,1.036575470624826,0.9746002704690162,0.6761496604457942,1.0815463641423753,0.5212171851006703,0.5348360119560269,0.972266936561922,1.1272425987687056,1.2640677487972467,2.517194641997293,1.2433272893759888,2.0847123922207995,1.0024867546444924,0.95762589990277,1.1956216102959871,0.9157185586647474,1.1036720692380544,0.8828297489696868,0.6923177349202178,0.9673334359898048,1.071008090021561,1.1307202375967798,1.2464780657917909,0.9361347384466724,1.196974868767445,0.9095867514954948,0.735933420198144,0.8786248439117228,0.5651423893419484,0.4859134611866394,0.8168619614762862,0.9699326504071948,1.3504262177304618,2.421362345777897,1.216048509548429,2.475629127219189,163.73974852956042,82.13773140763733,124.80416754552908,164.2267615165734,7.464852796207881,82.13773140763733,0.5357142857142492,0.1274606205266165,0.0057936645693916,-4.531885205551163,240.5576972713073,10.934440785059426,12.062511925787613,163.7571971616892,82.1457315488761,124.81768257172726,164.24289346720104,7.465586066690956,82.1457315488761,0.534265936063008,0.1274481427622761,0.0057930973982852,-4.532100585212628,240.36112380181888,10.925505627355404,12.060713444888096,186.6369585381746,92.79965740181488,143.19747023648102,185.8823085494147,8.449195843155213,92.79965740181488,-1.037643734544872,0.1131496536789368,0.0051431660763153,-4.793896728791576,166.26915597228694,7.557688907831224,11.249937372941645,163.85684876189245,82.19293477416771,124.89945406467422,164.3377767495679,7.469898943162176,82.19293477416771,0.5290207864429703,0.1273686488736067,0.0057894840397093,-4.53347323070921,239.1621005767439,10.871004571670175,12.04971144766012,198.43977151064863,98.08490562206008,152.19377014398248,197.0915346647468,8.958706121124854,98.08490562206008,-2.1186579007028854,0.1083160954701874,0.0049234588850085,-4.889943336779534,158.75840718555185,7.216291235706902,11.14824390904331,160.3690804778687,80.49635691733108,121.90866291137884,160.93601989313547,7.315273631506158,80.49635691733108,0.6236333567934764,0.1304601451449421,0.0059300065974973,-4.480712500114427,324.03258168157487,14.728753712798856,12.717856957260484,182.96681728166607,91.25978409980269,137.1285310440144,183.39538871023743,8.33615403228352,91.25978409980269,0.7857142857140786,0.2726452651414934,0.0123929665973406,-2.859084192424024,390.7080800259224,17.75945818299647,13.12951350203418,0.0,11.889999999999995,15.994920425989704,-0.2739994801928377,0.2416007552946329,5.4159990620514575,10.375149547092494,25.0,45.0,43.0,32.0,12.0,2.0,2.0,0.0,0.0,13.0,24.802139999999994,4.087720000733344,3.8029688500483534,3.6267603524733176,3.296997227439539,2.878111472673978,2.784209254292512,2.619181913839718,2.440522080892097,1.973462763006828,1.7877101040511827,1.647560834516104,1.603472274769587,1.4718347068201432,1.266908864900396,1.249629722584355,1.0822503020169476,4.042930845030459,3.808198704461638,3.539773304039491,3.267640485209557,2.8797621661514032,2.743605262789105,2.645815031898685,2.4177898020400983,1.9532258641666167,1.7849098963569965,1.6991272969049966,1.5614138790864729,1.41967367990895,1.2488065850706327,1.1345406859483516,1.030224123837828,4.123005327945777,3.860940113720976,3.6812643712020976,3.37426771868312,3.04973189680384,2.920983150106537,2.771820215479792,2.704236987233521,1.8695352970985863,1.6514326036009968,1.5234483759587198,1.3877827596544363,1.2373234069085084,1.0488304268613524,0.7986202314843573,0.7742809282408872,4.040526894004642,3.8151020104413687,3.5243490197266434,3.269425553776006,2.900768015686376,2.738169696416181,2.6659250192640336,2.457539916041694,1.943807231719883,1.8008078431624548,1.691721727249487,1.5308854598906267,1.3877209382172746,1.22598327937048,1.0582626705327118,1.0011758551915215,4.15593771145014,3.885268015342743,3.7262736131876815,3.405814515019142,3.133443495514076,2.983569287498878,2.838982085149649,2.838078587645888,1.8471217662826591,1.622455089049109,1.4837748604245815,1.3394509513892972,1.182305648611966,0.9874488508175504,0.7385642758080657,0.7222924757876275,4.710353753897023,3.990191785112605,3.895867199450768,3.540165067228649,3.232820904128628,2.944761424052047,2.7980755521543856,2.7213631527809965,1.8297025874072064,1.7682214923485629,1.5403228778081357,1.4630659487320692,1.333573967251607,1.1415342290451034,0.9103295650556428,0.8212507450076979,0.0,0.0,1.0,9.0,2.0,3.0,1.0,2.0,1.0,0.1666666666666666,0.5474095083960289,0.6533285721330455,1.3924841533218246,2.2656238247345395,0.1666666666666666,0.5345177968644246,0.5452200572599405,0.9008595051826572,1.2789271764363217,2.1835650816956376,0.1666666666666666,0.5218601317326581,0.1360827634879543,1.5738268626163632,0.1666666666666666,0.3065772138616411,0.1178511301977579,4.534605176627186,6.908133583581451,10.093730804370296,2.7699478294123168,3.5677621354425653,4.508642060617556,15.48276318419594,10.498037131279784,10.366061593754653,8.744505858001393,7.267635680126928,6.112698504582299,4.132763064365318,2.8962824821269577,0.7037619629179972,0.4199214852511913,0.2657964511219141,0.1619352936666924,0.0982112929746882,0.0630175103565185,0.0379152574712414,0.0237400203453029,13.20593468535696,7.857472161702697,7.049492634322679,5.24112292199712,3.796356319762831,2.786725656997669,1.6635971761600885,0.9278440599923368,0.6002697584253164,0.3142988864681079,0.1807562213928892,0.0970578318888355,0.0513021124292274,0.028729130484512,0.0152623594143127,0.007605279180265,26.64900427437408,41.53532410779319,39.98823529411762,40.45600000000002,28.78314970059883,316.5274311377246,0.6345001017708114,0.9889362882807902,0.9521008403361338,0.9632380952380956,0.685313088109496,7.536367408041062,4.211190000000005,89.99300000000004,202.4681221196801,288.04615137928,404.9362442393601,18.40619291997092,202.4681221196801,0.0367354838164558,0.0016697947189298,-7.268826685004067,163.13440207379756,7.415200094263525,11.208063710030013,461.0,0.0,0.0,2.0,12.0,0.0,0.0,0.0,0.0,0.0,0.0,0.0,0.0,0.0,0.0,0.0,0.0,0.0,0.0,0.0,0.0,0.0,0.0,0.0,0.0,2.0,5.0,0.0,5.0,0.0,1.0,7.0,0.0,0.0,0.0,0.0,0.0,0.0,0.0,0.0,3.0,0.0,1.0,0.0,2.0,5.0,2.0,0.0,0.0,1.0,4.0,0.0,1.0,0.0,0.0,0.0,0.0,0.0,0.0,0.0,0.0,0.0,1.0,0.0,0.0,1.0,0.0,0.0,1.0,0.0,0.0,0.0,0.0,0.0,0.0,0.0,0.0,0.0,0.0,0.0,0.0,0.0,0.0,0.0,0.0,0.0,0.0,0.0,0.0,0.0,0.0,0.0,0.0,0.0,0.0,0.0,0.0,0.0,0.0,0.0,0.0,0.0,0.0,0.0,0.0,0.0,0.0,0.0,0.0,0.0,0.0,0.0,0.0,0.0,0.0,0.0,0.0,0.0,0.0,0.0,0.0,0.0,14.104970238095238,17.81806924127293,0.0,0.0,0.0,0.0,0.0,0.0,0.0,0.0,0.0,0.0,0.0,0.0,0.0,0.0,0.0,0.0,0.0,0.0,0.0,0.0,1.092186358339632,2.346964070594971,0.0,2.0160429473139683,0.0,0.5157953436004031,3.439150428934603,0.0,0.0,0.0,0.0,0.0,0.0,0.0,0.0,6.665341553287982,0.0,0.9848779604434366,0.0,3.474698719765684,9.877447272578044,1.2902832063852987,0.0,0.0,-0.0487877928949354,4.514711041824138,0.0,0.3834809801573418,0.0,0.0,0.0,0.0,0.0,0.0,0.0,0.0,0.0,4.502976820357773,0.0,0.0,1.6174074074074074,0.0,0.0,12.48756283068783,0.0,0.0,0.0,0.0,0.0,0.0,0.0,0.0,0.0,0.0,0.0,0.0,0.0,0.0,0.0,0.0,0.0,0.0,0.0,0.0,0.0,0.0,0.0,0.0,0.0,0.0,0.0,0.0,0.0,0.0,0.0,0.0,0.0,0.0,0.0,0.0,0.0,0.0,0.0,0.0,0.0,0.0,0.0,0.0,0.0,0.0,0.0,0.0,0.0,0.0,0.0,0.0,0.0,1.6174074074074074,-0.0487877928949354,0.0,0.0,0.0,0.0,0.0,0.0,0.0,0.0,0.0,0.0,0.0,0.0,0.0,0.0,0.0,0.0,0.0,0.0,0.0,0.0,0.5157953436004031,0.4623110514059669,0.0,0.3135569263596445,0.0,0.5157953436004031,0.4623110514059669,0.0,0.0,0.0,0.0,0.0,0.0,0.0,0.0,2.028078703703704,0.0,0.9848779604434366,0.0,1.6221579743008314,1.96777378592494,0.5992156772667233,0.0,0.0,-0.0487877928949354,1.0227186213991772,0.0,0.3834809801573418,0.0,0.0,0.0,0.0,0.0,0.0,0.0,0.0,0.0,4.502976820357773,0.0,0.0,1.6174074074074074,0.0,0.0,12.48756283068783,0.0,0.0,0.0,0.0,0.0,0.0,0.0,0.0,0.0,0.0,0.0,0.0,0.0,0.0,0.0,0.0,0.0,0.0,0.0,0.0,0.0,0.0,0.0,0.0,0.0,0.0,0.0,0.0,0.0,0.0,0.0,0.0,0.0,0.0,0.0,0.0,0.0,0.0,0.0,0.0,0.0,0.0,0.0,0.0,0.0,0.0,0.0,0.0,0.0,0.0,0.0,0.0,0.0,12.48756283068783,1.986362407617368,0.0,0.0,0.0,0.0,0.0,0.0,0.0,0.0,0.0,0.0,0.0,0.0,0.0,0.0,0.0,0.0,0.0,0.0,0.0,0.0,0.576391014739229,0.4751285631906574,0.0,0.5124901581002772,0.0,0.5157953436004031,0.576391014739229,0.0,0.0,0.0,0.0,0.0,0.0,0.0,0.0,2.318631424792139,0.0,0.9848779604434366,0.0,1.8525407454648528,1.986362407617368,0.6910675291185753,0.0,0.0,0.0,1.33005658436214,0.0,0.3834809801573418,0.0,0.0,0.0,0.0,0.0,0.0,0.0,0.0,0.0,4.502976820357773,0.0,0.0,1.6174074074074074,0.0,0.0,12.48756283068783,0.0,0.0,0.0,0.0,0.0,0.0,0.0,0.0,0.0,0.0,0.0,0.0,0.0,0.0,0.0,0.0,0.0,0.0,0.0,0.0,0.0,0.0,0.0,0.0,0.0,0.0,0.0,0.0,0.0,0.0,0.0,0.0,0.0,0.0,0.0,0.0,0.0,0.0,0.0,0.0,0.0,0.0,0.0,0.0,0.0,0.0,0.0,0.0,0.0,0.0,0.0,45.75,2.0795454545454546,0.576391014739229,12.48756283068783,0.0409884416729653,-0.0487877928949354,8.832555594004685,1.715454459561602,5.48756283068783,15.31176240866717,1.715454459561602,5.48756283068783,15.31176240866717,10.63333,0.48333,0.0,0.01667,0.54683,0.77121,0.44667,0.49198,0.77121,0.10016,0.05485,-0.04531,0.0,0.62672,0.08757,0.0,0.17241,0.36677,0.04702,27.5,1.25,13.5,0.61364,14.0,0.63636,0.5,0.02273,0.0,0.0,18.94754,0.86125,35.85959,16.91205,0.76873,5.56938,0.25315,10.49799,4.92861,0.22403,0.41601,0.01891,0.76001,0.03455,0.4285714285714285,163.03,3.0,2.0,2.0,3.0,0.0,0.0,0.3684210526315789,1.364955883417442,3.407392630762708,4.32971764937184,4.558518613048908,4.624111172624228,4.624111172624228,57.328147103532565,143.11049049203373,181.8481412736173,191.4577817480541,194.2126692502176,194.2126692502176,0.2531297355848267,0.6318976357676689,0.8029419097402943,0.8453728250107019,0.8575369011272593,0.8575369011272593,4.027361539361319,1.9849247920160529,1.0625997734069204,0.8337988097298528,0.7682062501545328,0.7682062501545328,0.2388689598998771,0.5962979049864826,0.7577059186529725,0.7977463689573404,0.8092251476294389,0.8092251476294389,11.708517883040887,31.42388642418077,34.147443999709374,35.09904022969973,35.1651460531527,35.1651460531527,73.16732623801389,36.33690854200122,28.12666949388951,25.756751704342925,25.487594390423283,25.487594390423283,15.5232,5.522682445759369,2.512396694214876,4.0,15.0,3.0,3.22,2.3086,0.814325284978472,3.0305956131733223,6.059202419162989,1.8898815748423097,9.672209010251931,12.479469968583972,1.1061661469966866,7.945330777346525,2.7346873605860256,0.0,0.0,0.0,0.0,0.0,0.0,0.0,0.0,1.0,0.0,0.003,0.656,0.742,1.5910000000000002,1.995,10.226,39.0,54.0,74.0,97.0,109.0,122.0,124.0,108.0,100.0,874.0,3.5115454388310208,4.139158578011894,4.71961432037896,5.276518999086624,5.733543521817031,5.976350909297934,6.307529062686427,6.538682368314842,6.721350396750546,6.927802974285915,8.34530699634381,4.816218535469107,0.5,4.0,1.0,0.0,2.0,1.0,0.0,0.0,0.0,0.0,0.0,0.0,0.0,3.0,0.0,0.0,1.0,0.0,1.0,1.0,0.0,0.0,0.0,0.0,7.0,0.0,2.0,2.0,0.0,1.0,1.0,0.0,0.0,0.0,0.0,1.0,0.0,0.0,1.0,0.0,0.0,0.0,0.0,0.0,0.0,0.0,0.0,0.0,0.0,0.0,0.0,0.0,1.0,1.0,0.0,0.0,0.0,0.0,0.0,0.0,1.0,0.0,0.0,1.0,1.0,0.0,0.0,0.0,0.0,3.0,0.12,6.0,0.24,1.0,6.0,12.0,1.0,5.0,4.222222222222221,1.888888888888889,1.789444444444445,0.8305555555555555,0.4572335600907031,0.2596017573696145,0.2071365583270344,0.1796990740740741,0.0984613814916845,0.2,0.1172839506172839,0.0590277777777777,0.0639087301587301,0.0332222222222222,0.0240649242153001,0.0129800878684807,0.012184503431002,0.0138230056980057,0.010940153499076,0.5640331516311294,104.18159500451571,159.0805217704113,208.36319000903143,9.471054091319612,104.18159500451571,0.2333102502678923,0.0106050113758132,-3.201849562832362,247.53630951743853,11.251650432610845,12.125426008013044,34.89,278.2828680003623,5.459431618637297,4.859812404361672,5.771441123130016,6.725033642166843,7.671826797878781,8.638525476583762,9.604474863741965,10.58119109160222,11.559284103948244,12.543640710084007,124.9552302134975,3.9318256327243257,1.9459101490553128,5.332718793265369,4.51085950651685,6.942156705699469,6.75110146893676,8.66681936537205,8.867709208039386,10.469965456491996,10.82788533330418,292.15756326000053,6.9561324585714415,45.075461795466346,2.048884627066652,9.138642826244624,2.5709120281129394,6.567730798131682,1106.0,32.0,6.517000000000001,128.0,1.0,3.245512667814149
0,0,0,0,0,0,0,0,0,0,0,0,0,0,0,0,0,0,0,0,0,0,0,0,0,0,0,0,0,0,0,0,0,0,0,0,0,0,0,0,0,0,0,0,0,0,0,0,0,0,0,0,0,0,0,0,0,0,0,0,0,0,0,0,0,0,0,0,0,0,0,0,0,0,0,0,0,0,0,0,0,0,0,0,0,0,0,0,0,0,0,0,0,0,0,0,0,0,0,0,0,0,0,0,0,0,0,0,0,0,0,0,0,0,0,0,0,0,0,0,0,0,0,0,0,0,0,0,0,0,0,0,0,0,0,0,0,0,0,0,0,0,0,0,0,0,0,0,0,0,0,0,0,0,0,0,0,0,0,0,0,0,0,0,0,0,0,0,0,0,0,0,0,0,0,0,0,0,0,0,0,0,0,2,4,3,1,2,2,5,1,2,1,2,3,4,2,2,2,2,5,0,0,0,0,0,0,0,0,0,0,0,0,0,0,0,0,2,3,2,3,0,0,0,0,0,0,0,0,0,0,0,0,0,0,0,0,0,1,5,2,5,1,2,0,0,0,0,0,0,0,0,0,0,0,0,0,0,0,0,0,0,0,0,0,0,0,0,0,0,0,0,0,0,0,0,0,0,0,0,0,0,0,0,0,0,0,0,0,0,0,0,0,0,0,0,0,0,0,0,0,0,0,0,0,0,0,0,0,0,0,0,0,0,0,0,0,0,0,0,0,0,0,0,0,0,0,0,0,0,0,0,0,0,0,0,0,0,0,0,0,0,0,0,0,0,0,0,0,0,0,0,0,0,0,0,0,0,0,0,0,0,0,0,0,0,0,0,0,0,0,0,0,0,0,0,0,0,0,0,0,0,0,0,0,0,0,0,0,0,0,0,0,0,0,0,0,0,0,0,0,0,0,0,0,0,0,0,0,0,0,0,0,0,0,0,0,0,0,0,0,0,0,0,0,0,0,0,0,0,0,0,0,5,2,3,1,1,2,1,0,0,0,0,0,0,0,0,0,0,0,0,0,0,0,0,0,0,0,0,0,0,0,0,0,0,0,0,0,0,0,0,0,0,0,0,0,0,0,0,0,0,0,0,0,0,0,0,0,0,0,0,0,0,0,0,0,0,0,0,0,0,0,0,0,0,0,0,0,0,0,0,0,0,0,0,0,0,0,0,0,0,0,0,0,0,0,0,0,0,0,0,0,0,0,0,0,0,0,0,0,0,0,0,0,0,0,0,0,0,0,0,0,0,0,0,0,0,0,0,0,0,0,0,0,0,0,0,0,0,0,0,0,0,0,0,0,0,0,0,0,0,0,0,0,0,0,0,0,2,5,2,4,0,0,0,0,0,0,0,0,0,0,0,0,0,0,0,0,0,0,0,0,0,2,2,2,1,2,2,2,1,0,0,0,0,0,0,0,0,0,0,0,2,2,2,2,2,4,3,2,2,0,0,0,0,0,0,2,2,2,2,2,0,0,1,0,0,0,0,5,5,0,0,0,0,0,0,0,0,0,0,0,1,5,2,5,0,0,0,0,0,2,0,0,0,0,0,0,0,1,2,2,2,2,2,1,0,0,0,0,0,0,0,0,0,0,0,0,0,0,0,3,2,3,0,2,3,4,0,0,0,0,0,0,0,0,0,0,0,0,0,0,0,0,0,0,0,0,0,0,0,0,0,0,0,0,0,0,0,0,2,2,2,1,2,2,2,2,2,0,0,0,0,0,0,0,0,0,0,0,0,0,0,0,0,0,0,0,0,0,0,0,0,3,2,2,2,3,1,1,2,3,2,0,0,0,5,2,3,0,0,0,0,0,0,0,1,2,0,0,0,0,0,0,0,2,2,2,0,0,0,0,0,0,0,0,0,0,0,0,0,0,0,0,0,0,0,0,0,0,0,0,0,0,0,0,0,0,0,0,0,0,0,0,0,0,0,0,0,0,0,0,0,0,0,0,0,0,0,0,0,0,0,0,0,0,0,0,0,0,0,0,0,0,0,2,5,4,0,1,1,2,2,2,2,2,3,2,0,0,0,3,2,2,3,0,0,0,0,0,0,0,0,0,0,0,0,2,2,0,0,0,0,0,0,0,0,0,0,0,0,0,0,0,0,0,0,0,0,0,0,0,0,0,0,0,0,0,0,0,2,2,2,2,4,5,0,0,0,0,0,0,0,0,0,0,0,0,0,0,0,0,0,0,0,0,0,0,0,0,0,0,0,0,0,0,0,0,0,0,3,0,0,0,0,0,0,0,0,0,0,0,0,0,0,0,0,0,0,0,0,0,0,0,0,0,0,2,3,0,0,0,0,0,0,2,2,5,5,1,1,0,0,0,0,0,0,0,0,0,0,0,0,0,0,0,0,0,0,0,0,0,0,2,1,2,0,0,0,0,0,0,0,0,0,3,3,5,0,0,1,5,0,0,0,0,0,0,0,0,0,0,0,0,0,0,0,3,2,0,0,0,0,2,2,2,0,0,0,0,2,2,2,2,1,0,0,0,2,3,2,2,2,1,0,0,2,2,1,2,2,0,0,0,0,0,0,0,0,0,0,0,0,1,2,3,0,0,0,0,0,0,0,0,0,0,0,0,0,0,0,0,0,0,0,0,0,0,0,0,0,0,0,0,0,0,0,0,0,0,0,0,0,0,0,1,2,0,0,0,0,1,0,0,0,0,0,0,0,0,0,0,0,0,0,0,0,0,0,0,0,0,0,0,0,0,0,0,0,0,0,0,0,0,0,0,0,0,0,0,0,0,0,0,0,0,0,0,0,0,0,0,0,0,0,0,0,0,0,0,0,0,0,0,0,0,0,0,0,0,0,0,0,0,0,0,0,0,0,0,0,0,0,0,0,0,0,5,2,0,0,0,0,0,0,4,2,0,0,0,0,0,0,0,0,0,0,0,0,1,3,3,2,0,0,0,0,0,0,0,0,0,0,0,0,0,0,0,0,0,0,0,0,0,0,0,0,0,0,0,0,0,0,0,0,0,0,0,0,0,0,0,0,0,0,0,2,1,0,0,0,0,0,0,0,0,0,0,0,0,0,0,0,0,0,0,0,0,0,0,2,2,2,5,0,0,0,0,0,0,0,2,2,0,0,0,0,0,0,0,0,2,2,2,1,0,0,0,0,2,2,2,2,0,2,1,2,2,2,0,2,2,0,0,0,0,0,0,0,0,0,0,0,0,0,0,0,0,0,0,1,2,2,0,0,0,0,0,0,0,0,0,0,0,0,0,0,0,0,2,2,5,2,2,1,0,0,0,0,0,0,0,3,2,0,3,4,2,4,1,1,2,0,1,1,4,3,3,3,1,3,4,1,1,0,4,0,0,1,3,2,2,2,4,0,3,1,2,2,3,4,0,2,1,3,1,0,1,2,4,0,0,1,4,2,1,1,2,0,2,3,4,1,2,4,0,3,4,4,2,0,3,1,3,3,1,4,4,1,3,4,2,2,0,2,3,3,3,2,4,0,4,3,3,1,3,2,3,0,4,3,0,2,4,0,4,4,2,0,2,4,2,3,2,3,1,0,2,2,1,0,3,2,2,2,4,4,0,3,3,0,3,2,4,2,0,1,1,0,0,3,0,1,3,1,1,3,2,4,0,0,0,1,0,4,0,3,4,2,3,3,4,2,0,2,2,0,0,1,4,3,1,2,0,4,0,4,4,2,4,3,2,0,3,0,1,2,3,3,3,4,1,3,1,2,0,1,0,3,0,1,2,0,3,2,2,2,4,0,0,2,1,4,3,3,2,0,3,2,3,3,2,4,2,3,4,0,0,1,2,4,4,0,0,2,2,3,4,1,2,4,1,0,0,1,1,1,4,3,2,4,3,4,1,1,1,1,3,0,0,0,1,1,4,4,3,4,0,2,3,4,0,0,3,3,0,2,1,1,4,4,1,4,0,4,0,1,4,1,4,2,3,4,2,2,0,1,3,4,4,2,4,2,4,4,4,2,4,1,2,1,4,3,0,0,4,4,3,4,0,3,3,0,0,3,3,4,4,1,3,1,4,1,2,3,4,2,1,1,2,0,0,0,3,4,3,4,2,2,3,4,2,2,4,0,3,2,1,1,4,1,2,1,4,4,3,0,0,3,0,0,0,0,0,0,0,0,0,0,0,0,0,0,0,0,0,0,0,0,0,0,0,0,0,0,0,0,0,0,0,0,0,0,0,0,0,0,0,0,0,0,0,0,0,0,0,0,0,0,0,0,0,0,0,0,0,0,0,0,0,0,0,0,0,0,0,0,0,0,0,0,0,0,0,0,0,0,0,0,0,2,1,2,0,2,2,2,3,3,2,2,3,1,2,2,0,0,0,0,0,0,0,2,3,2,3,3,5,4,0,2,5,0,5,2,0,0,0,0,2,2,5,2,0,0,0,0,0,0,0,0,0,0,0,0,0,0,0,0,0,0,0,0,0,0,0,0,0,0,0,0,0,0,0,0,0,0,0,0,0,0,0,0,0,0,0,0,0,0,0,0,0,0,0,0,0,0,0,0,0,0,0,0,0,0,0,0,0,0,0,0,0,0,0,0,0,0,0,0,0,0,0,0,0,0,0,0,0,0,0,0,0,0,0,0,0,0,0,0,2,1,1,1,5,5,3,1,1,5,4,1,3,1,3,3,0,0,0,0,0,0,0,0,0,0,0,0,0,0,0,0,0,0,0,0,0,0,0,0,0,0,0,0,0,0,0,0,0,0,0,0,0,0,0,0,0,0,0,0,0,0,0,0,0,0,0,0,0,0,0,0,0,0,0,0,0,0,0,0,0,0,0,0,0,0,0,0,0,0,0,0,0,0,0,0,0,0,0,0,0,0,0,0,0,0,0,0,0,0,0,0,0,0,0,0,0,0,0,0,0,0,0,0,0,0,0,0,0,0,0,0,0,0,0,0,0,0,0,0,0,0,0,0,0,0,0,0,0,0,0,0,0,0,0,0,0,0,0,0,0,0,0,0,0,0,0,0,0,0,0,0,0,0,0,0,0,0,0,0,0,0,0,0,0,0,0,0,0,0,0,0,0,0,0,0,0,0,0,0,0,0,0,0,0,0,0,0,0,0,0,0,0,0,0,0,0,0,0,0,0,0,0,0,0,0,0,0,0,0,0,0,0,0,0,0,0,0,0,0,0,0,0,0,0,0,0,0,0,0,0,0,0,0,0,0,0,0,0,0,0,0,0,0,0,0,0,0,0,0,0,0,0,0,0,0,0,0,0,0,0,0,0,0,0,0,0,0,0,0,0,0,0,0,0,0,0,0,0,0,3,3,2,3,2,2,4,2,3,1,1,2,5,5,1,2,1,0,0,0,0,0,0,0,0,0,0,0,0,0,0,0,0,0,0,0,0,0,0,0,0,0,0,0,0,0,0,0,0,0,0,0,0,0,0,0,0,0,0,0,0,0,0,0,0,0,0,0,0,0,0,0,0,0,0,0,0,0,0,0,0,0,0,0,0,0,0,0,0,0,0,0,0,0,0,0,0,0,0,0,0,0,0,0,0,0,0,0,0,0,0,0,0,0,0,0,0,0,0,0,0,0,0,0,0,0,0,0,0,0,0,0,0,0,0,0,0,0,0,0,0,0,0,0,0,0,1,1,2,4,1,3,2,3,1,3,4,5,3,3,1,3,5,4,1,2,4,3,3,1,3,3,1,3,1,1,2,1,3,2,2,5,3,2,2,3,4,1,2,2,4,0,0,0,0,0,0,0,0,0,0,0,0,0,0,0,0,0,0,0,0,0,0,0,0,0,0,0,0,0,0,1,0,0,0,0,0,0,0,0,0,0,0,0,0,0,0,0,0,0,0,0,0,0,0,0,0,0,0,0,0,1,0,0,0,0,0,0,0,0,0,0,0,0,0,0,0,1,0,0,1,0,0,0,0,0,0,0,1,0,0,0,0,0,0,0,0,0,0,0,1,0,0,0,1,0,0,0,1,0,0,0,0,1,0,0,0,0,0,0,0,1,0,0,0,0,0,0,0,0,0,0,0,0,0,0,0,0,1,0,0,0,0,0,0,0,0,0,0,0,0,0,1,0,0,0,0,0,0,0,0,0,0,0,0,0,0,0,0,0,0,0,0,0,0,0,0,0,0,0,0,0,0,0,0,0,0,0,0,0,0,0,0,0,0,0,0,0,0,1,0,0,0,0,0,0,0,0,0,0,0,0,0,0,0,1,0,0,0,0,0,0,0,0,0,0,0,0,0,0,0,0,0,0,0,0,0,1,0,0,0,0,0,0,0,0,0,0,0,0,0,0,0,0,0,0,0,0,0,0,0,0,0,0,0,0,0,0,0,0,0,0,0,0,0,0,0,0,0,0,0,0,0,0,0,0,0,0,0,0,0,0,0,0,0,0,0,0,0,0,0,0,0,0,0,0,0,0,0,0,0,0,0,0,0,0,0,0,0,0,0,0,0,0,0,0,0,0,0,0,0,0,0,0,0,0,0,0,0,0,0,0,0,0,0,0,1,0,0,1,0,0,0,0,0,0,0,0,0,0,0,0,0,0,0,0,0,0,0,0,0,0,0,0,0,0,0,0,0,0,1,0,0,0,0,0,0,0,0,0,0,0,0,0,0,0,0,0,0,0,0,0,0,0,0,0,0,0,0,0,1,0,0,1,0,0,0,0,0,0,0,0,0,0,0,0,0,0,0,0,0,1,0,0,0,0,0,0,0,0,0,0,0,0,0,0,0,0,0,0,0,0,1,1,0,0,0,0,0,0,1,0,0,0,0,0,0,0,0,0,0,0,0,0,0,0,0,0,0,0,0,0,0,0,0,0,0,0,0,0,0,0,0,0,0,0,0,0,0,0,0,0,0,0,1,0,0,0,1,0,0,1,0,0,0,0,0,0,0,0,0,0,0,0,0,0,0,0,0,0,0,0,0,0,0,0,0,0,0,0,0,0,0,0,0,0,0,0,0,0,0,0,0,0,0,0,0,0,0,0,0,0,0,0,0,0,0,0,0,0,0,0,0,0,0,0,0,0,0,0,0,0,0,0,0,0,0,0,0,0,0,0,0,0,0,0,0,0,0,0,0,0,0,0,0,0,0,0,0,0,0,0,0,0,0,0,0,0,0,0,0,0,0,0,0,0,0,0,0,0,0,0,0,0,0,0,0,0,0,0,0,0,0,0,0,0,0,0,0,0,0,0,1,0,0,0,0,0,0,0,0,0,0,0,0,0,0,0,0,0,0,0,0,0,1,0,0,0,0,0,0,0,0,0,0,0,0,0,0,0,0,0,0,0,0,0,0,0,0,0,0,0,0,0,0,0,0,0,0,0,0,0,0,0,0,0,0,0,0,1,0,0,0,0,0,0,0,1,0,0,0,0,0,0,0,0,0,0,0,0,0,0,0,0,1,0,0,0,0,0,1,0,0,0,0,0,0,0,0,0,0,0,0,0,0,0,0,0,0,0,0,0,0,0,0,0,0,0,0,0,0,0,0,0,0,0,0,0,0,0,0,0,0,0,0,0,0,0,0,0,0,0,0,0,0,0,0,0,0,0,0,0,0,0,0,0,1,0,0,0,0,0,0,0,0,0,0,0,0,0,0,1,0,1,0,0,0,0,0,0,0,0,0,0,0,0,0,0,0,0,0,0,0,0,0,0,0,0,0,0,0,0,0,1,0,0,0,0,0,0,0,0,0,1,0,0,0,0,0,0,0,0,0,0,0,0,0,0,0,0,1,0,0,0,0,0,0,0,0,1,0,0,0,0,0,0,0,0,0,0,0,0,0,0,0,0,0,1,0,0,0,0,0,0,0,0,0,0,1,0,0,0,0,0,0,0,0,0,0,0,0,0,0,0,0,0,0,1,0,0,0,0,0,0,0,0,0,0,0,0,0,0,0,0,0,0,0,0,0,0,0,0,0,0,0,0,0,0,0,0,0,0,0,0,0,0,0,0,0,1,1,0,0,1,0,0,0,0,0,0,0,0,0,0,0,0,0,0,0,0,0,0,0,0,0,0,0,0,0,0,0,0,0,0,0,0,0,0,0,0,0,0,0,0,0,0,0,0,0,0,0,0,0,0,0,0,0,0,0.0,1.2835,1.6473722500000003,35.4744,47.20310199999999,12.0,12.0,42.0,28.0,14.0,0.0,17.0,2.0,3.0,0.0,0.0,6.0,0.0,0.0,0.0,6.0,5792.646998898626,5196.132040011202,8670.439290909826,7000.286389888002,6514.792401011206,7484.252476022409,7650.756616129603,8307.842079526403,6417.734546129601,9833.024463200967,11920.658341076498,16428.044777857664,16475.191251597862,15555.462374355384,16561.666350242045,16334.140856009162,15411.330974730952,14574.696473998494,378.7056879999998,358.6928200000001,633.5266120000003,749.7850240000005,624.1600480000006,703.6062480000005,754.4425800000007,685.9503840000002,697.4517720000006,59.84698666788601,73.49991631999997,100.17683519369793,106.930525187396,103.51111275818788,102.65101874618787,97.95190913709403,94.79079303248989,89.79704080448995,7544.508923936986,6606.339494662399,11994.448280692695,14908.946622776106,12516.726289383088,14033.244090415992,15043.059124442205,13495.99938748928,14282.350533335097,537.5138888888889,183.91666666666663,664.5555555555557,481.16666666666674,315.75,428.33333333333337,496.30555555555554,545.0833333333333,417.64583333333337,137.92016664044348,120.8402800002605,122.11886325225107,81.39867895218607,83.52297950014366,89.09824376217153,90.00890136623062,106.51079589136414,79.23129069295804,234.1196300762135,277.22461258317435,231.38091236419243,191.5719912976496,199.429004799428,197.16269464573864,192.1663630118725,197.5811663427045,179.93452437035177,9.01680209523809,8.341693488372096,8.922910028169019,8.718430511627913,8.002051897435905,8.376264857142862,8.875795058823538,8.794235692307694,8.610515703703712,1.4249282539972858,1.709300379534883,1.4109413407563087,1.243378199853442,1.3270655481818958,1.2220359374546177,1.1523754016128709,1.215266577339614,1.10860544203074,179.63116485564254,153.63580220145116,168.93589127736192,173.35984445088496,160.47084986388572,167.06242964780944,176.9771661699083,173.0256331729395,176.3253152263592,12.797949735449736,4.2771317829457365,9.359937402190925,5.594961240310078,4.048076923076923,5.09920634920635,5.838888888888889,6.988247863247862,5.156121399176955,1.1627673370133458,-0.7188852921917116,0.0793449643082105,-0.0467363829990003,0.4515635066502879,-0.4091042203038715,-0.3135753128273112,0.9136357911224254,-0.7504887671607756,1823.3795627344373,-2.140483673575833,379.596744182667,-1118.957423182041,671.8169114321566,342.08655748205666,-873.4226155498297,852.8689416145705,-559.5281079037527,1738.5319475703282,-17.721354523929165,-443.2717146679987,-311.5165221998376,-203.7881182592448,180.05798513109582,-47.58696830757367,-60.04240397295317,53.645284852049855,10.718488000000011,-0.864300000000003,6.314451999999999,-0.338175999999999,2.690287999999988,-2.9694320000000065,-5.993259999999999,6.452783999999998,-6.187588000000004,10.179552232114483,-0.8564866060054382,-0.7586372325061377,3.57741250946112,-3.560702227512884,-2.770971942778191,0.2406546746829418,-0.526986081131932,-0.9529556876925342,177.17760238812164,-16.091558088408643,89.86037751329323,57.479303824246266,-35.92489705833644,-82.27839166878104,-50.87184686009323,24.824568658052247,-58.43464417259901,245.0370370370372,-25.94830246913579,177.75385802469137,-56.87345679012347,43.50462962962966,-16.759259259259224,-134.02237654320984,49.412037037037024,-149.0555555555554,0.0276849365955558,-0.0167182626091095,0.0011175347085663,-0.0005434463139418,0.0057892757262857,-0.0048702883369508,-0.0036891213273801,0.0117132793733644,-0.0092652934217379,43.413799112724696,-0.0497786900831589,5.346433016657282,-13.011132827698155,8.61303732605329,4.072459017643531,-10.275560182939174,10.934217200186804,-6.907754418564848,41.39361779929353,-0.4121245238123061,-6.243263586873221,-3.6222851418585766,-2.6126681828108307,2.143547442036855,-0.5598466859714549,-0.769774409909656,0.6622874673092575,0.2552020952380955,-0.0201,0.0889359436619718,-0.0039322790697674,0.0344908717948716,-0.035350380952381,-0.0705089411764705,0.0827279999999999,-0.076389975308642,0.242370291240821,-0.0199182931629171,-0.0106850314437484,0.0415978198774548,-0.0456500285578574,-0.0329877612235498,0.0028312314668581,-0.0067562318093837,-0.0117648850332411,4.218514342574325,-0.3742222811257824,1.2656391199055383,0.6683639979563519,-0.4605756033120056,-0.9795046627235838,-0.5984923160010968,0.3182637007442596,-0.7214153601555433,5.834215167548505,-0.6034488946310649,2.5035754651364983,-0.6613192650014357,0.557751661918329,-0.1995149911816574,-1.5767338416848218,0.6334876543209875,-1.8401920438957453,-0.6038757774071726,0.0403661646364665,-0.0196296752230634,0.2091128403456438,-0.1759183489599415,-0.1332537394350519,0.4230921509585365,-0.3346691219522348,-0.0011466098590889,0.1231505448941516,-0.2997003969616784,0.1983940014945337,0.0938056355553984,-0.2366888038583884,0.2518604089864588,-0.1591142576725142,-0.0099562334901623,-0.1508267196442002,-0.0875083004201773,-0.0631176573035716,0.0517844913298068,-0.0135249518098659,-0.0185964515989417,0.0159997483312647,-0.0787611088429638,0.3484922158613054,-0.0154084905380527,0.1351512093295815,-0.1385191642701845,-0.2762866860896575,0.3241666175303825,-0.299331301482351,-0.0821812486214582,-0.0440855658878244,0.171629202838738,-0.1883482844541341,-0.1361048049852487,0.0116814294869374,-0.0278756599036748,-0.048540953484895,-0.0887094959827528,0.300020105925061,0.1584358718923986,-0.1091795750612387,-0.2321918531455902,-0.1418727702217245,0.0754444989157109,-0.1710117120794956,-0.1034327458451673,0.4291194947800464,-0.1133518812744297,0.0956001185936192,-0.0341974002418378,-0.2702563749199798,0.1085814691656589,-0.3154138116350928,1.822892052999061,1.0027301745690915,0.9296512754518588,0.6378396981690595,1.2179732174123938,1.1719550506808798,0.7271715234902888,1.3535585380560806,0.5697618920836834,0.6677220348401417,1.2190621266197654,0.6327908165645172,0.7990497872231876,1.203467722402723,0.6789596103134757,1.1894210031112602,0.9574164414307516,1.0565571300342187,1.0408178669200463,1.1533548272672862,0.9590829453574172,0.9358891261136716,0.9805151538888538,0.9966819455695868,0.68362092654061,0.5573013130788327,0.8933441245695994,0.4277711031534889,0.8729945909925949,1.2724755295819368,0.5775962009490466,1.285521872621594,1.1685786572107233,1.068120651952541,0.7578745640631942,1.152749231121394,1.060689185665493,0.9204940082026132,0.9766611920110396,1.0226460968428683,0.984494341676104,0.7120942351677919,0.6679657137373077,0.7312370387428192,0.9353899747515408,1.0912438468547423,0.8031168436614937,1.1411132350290671,0.6495063060656334,0.4159311027896518,0.8915849482227718,0.4033774474467488,0.7495168638797715,1.2618430587168352,0.7425195912008181,1.3688700792691106,254.2553782862933,128.64554628600374,181.94213255580587,257.0742558373136,9.181223422761205,128.64554628600374,3.035714285714164,0.1273004504994719,0.0045464446606954,-5.771374656725052,274.71929071351747,9.81140323976848,15.724099482821703,253.230970789846,128.23525086080548,181.5394877477644,256.2391066550563,9.151396666252012,128.23525086080548,3.2395309317649605,0.1334891599268725,0.0047674699973883,-5.638458009767235,272.6445214881317,9.737304338861849,15.70287271728046,377.1670236991735,186.025716508354,261.167913849859,373.8784296890171,13.35280106032204,186.025716508354,-5.115590682465552,0.0052147593014501,0.0001862414036232,-14.71753457058555,271.6386520313835,9.701380429692268,15.69252355411583,255.25835141755528,129.08268090221804,182.4920561146905,257.9577182053731,9.212775650191896,129.08268090221804,2.9070103868808275,0.1247020241350753,0.0044536437191098,-5.829118944293097,274.934953107722,9.819105468132928,15.726296699495814,499.11820968788817,241.4228676256629,330.4461959488867,488.6573332643839,17.452047616585133,241.4228676256629,-16.272474436562277,0.2784543909035394,0.0099447996751264,-3.5798027999419,519.1187405211701,18.53995501861322,17.50597140356247,251.95254227158944,127.52233158061938,178.27323497680396,254.8237973834068,9.100849906550238,127.52233158061938,3.092120889649294,0.03077137990706,0.0010989778538235,-9.747276685427195,581.4693388291684,20.766762101041728,17.823563079968025,230.41711934026165,117.14593184761252,164.50532878021875,233.8758675379093,8.352709554925333,117.14593184761252,6.594374416433183,0.010035863447831,0.0003584236945653,-12.884452719053929,1160.1607204803008,41.43431144572503,19.7576787145952,0.0,11.850000000000016,19.00342628819472,-0.3623260097929243,0.4131704162570419,3.049488647460936,9.420220008035256,29.0,43.0,42.0,30.0,16.0,1.0,1.0,0.0,0.0,13.0,28.632898,3.8655176871310006,3.777087861876536,3.5566786626745817,3.519995430548558,3.335551630717685,2.883132201855163,2.8053635439710147,2.619181913839714,1.947119169765047,1.9091984611112776,1.4879813329891822,1.4606372540479444,1.3208760285599714,1.0822503020169507,1.0311793546682613,0.9352725390016076,3.809975429073356,3.762622015023178,3.285488534331478,3.2597886466668093,3.135374967155936,2.7211257307664765,2.694546445464827,2.645815031898686,1.964715356754453,1.9162629859929068,1.6124320244581,1.58399290240584,1.4490541161150468,1.0403846954013969,1.007167592188802,0.9736669292136813,3.901512424094236,3.832773687359646,3.558477072278478,3.523017745655437,3.370141634726971,2.9094474400572152,2.883115472741636,2.771820215479785,1.853942952991083,1.820233882021293,1.336466713187749,1.3147013505994882,1.1966259647799609,0.8228497425685299,0.7986202314843511,0.7498812351466693,3.801673646830816,3.765601941068388,3.226200698589249,3.2038969378142768,3.0867100862035945,2.7156082126348817,2.665925019264034,2.663232573211797,1.9765241385981047,1.9113071172870333,1.685568655463992,1.6482128294517948,1.4963951971361016,1.0415057777157817,1.0389002766047566,0.9602789912487928,3.921091051702065,3.859040181847726,3.5941651310369087,3.565299748160041,3.4050380127033995,2.940906276379565,2.922133468269983,2.8380785876458887,1.835543357395096,1.7974082014434107,1.304524753821596,1.2764727541655327,1.1571882462685166,0.7710092821551462,0.7385642758080628,0.7247617836447316,5.382502259028197,5.38243204286531,4.740243108277508,4.558659217877098,4.558659217877097,4.558659217877095,4.558659217877094,3.9398472794184975,1.8051761324041764,1.768866692531698,1.306686959492148,1.2756680117410812,1.058121044526258,0.8202633207413399,0.8098726553720765,0.7204610748777137,0.0,0.0,0.0,12.0,0.0,4.0,0.0,0.0,0.0,0.0,0.0,0.0,0.1701034543599429,0.2165063509461097,0.0,0.0,0.0,0.0561312761712136,0.0477074931185664,4.226492059082182,0.7071067811865475,0.0,0.0,0.710821154543871,0.0381801774160606,0.0,0.0,3.3534926441050223,4.62675459036778,5.912841928079745,0.6699484710188274,0.8196198473086773,0.8576857344746902,20.7862462825598,12.999933116870256,13.584465686356593,7.801321107705162,6.298155160833754,5.202006461207722,3.278185602029657,2.595793337098191,0.74236593866285,0.4482735557541467,0.331328431374551,0.195033027692629,0.1259631032166751,0.0839033300194793,0.0528739613230589,0.0360526852374748,14.025547425337054,7.673457315191487,5.445947329792763,2.974563839237069,1.9558259084740104,1.2789245204447452,0.61824570587024,0.3679367614749241,0.500912408047752,0.2646019763859134,0.132827983653482,0.0743640959809267,0.0391165181694802,0.0206278148458829,0.0099717049333909,0.0051102327982628,28.332446977406857,45.27312454479247,44.87450980392154,45.81600000000004,27.349162874251512,333.09128862275446,0.6745820708906395,1.077931536780773,1.0684407096171795,1.090857142857144,0.651170544625036,7.930744967208439,6.010970000000003,91.96540000000006,234.7149123477021,326.582834580907,469.42982469540425,16.765350881978726,234.7149123477021,0.2893304856377137,0.0103332316299183,-3.472519946852036,239.32858629040564,8.54744951037163,15.337944848078182,598.0,2.0,0.0,11.0,13.0,4.0,0.0,2.0,0.0,2.0,6.0,0.0,6.0,0.0,0.0,0.0,0.0,0.0,2.0,0.0,0.0,0.0,0.0,0.0,0.0,0.0,8.0,0.0,2.0,0.0,0.0,8.0,0.0,0.0,0.0,0.0,0.0,0.0,0.0,0.0,0.0,0.0,2.0,0.0,0.0,8.0,0.0,0.0,0.0,1.0,4.0,0.0,2.0,0.0,0.0,0.0,0.0,2.0,0.0,0.0,0.0,0.0,0.0,0.0,0.0,0.0,0.0,0.0,1.0,2.0,0.0,0.0,0.0,6.0,0.0,0.0,0.0,0.0,0.0,0.0,0.0,0.0,0.0,0.0,0.0,0.0,0.0,0.0,0.0,0.0,0.0,0.0,0.0,0.0,0.0,0.0,0.0,0.0,0.0,0.0,0.0,0.0,0.0,0.0,0.0,0.0,0.0,0.0,0.0,0.0,0.0,0.0,0.0,0.0,0.0,0.0,0.0,0.0,0.0,0.0,1.1518252393550013,0.0,99.65542238091147,9.80393538450728,16.527175993840068,0.0,5.36262366319379,0.0,5.062788089661935,43.77581089010664,0.0,41.32821318617975,0.0,0.0,0.0,0.0,0.0,1.1518252393550013,0.0,0.0,0.0,0.0,0.0,0.0,0.0,5.154139421519853,0.0,2.359189995059854,0.0,0.0,5.154139421519853,0.0,0.0,0.0,0.0,0.0,0.0,0.0,0.0,0.0,0.0,-3.3226667804531265,0.0,0.0,11.10646782275806,0.0,0.0,0.0,-0.7630159517510713,-0.5395164864997104,0.0,-9.303357651632297,0.0,0.0,0.0,0.0,4.743119960947341,0.0,0.0,0.0,0.0,0.0,0.0,0.0,0.0,0.0,0.0,11.974863158226253,9.051209677167469,0.0,0.0,0.0,73.88622958457042,0.0,0.0,0.0,0.0,0.0,0.0,0.0,0.0,0.0,0.0,0.0,0.0,0.0,0.0,0.0,0.0,0.0,0.0,0.0,0.0,0.0,0.0,0.0,0.0,0.0,0.0,0.0,0.0,0.0,0.0,0.0,0.0,0.0,0.0,0.0,0.0,0.0,0.0,0.0,0.0,0.0,0.0,0.0,0.0,0.0,0.0,0.5593493323255229,0.0,2.2929606009070294,-0.7630159517510713,1.2825659811660766,0.0,2.681311831596895,0.0,2.5313940448309675,7.29596848168444,0.0,6.888035531029959,0.0,0.0,0.0,0.0,0.0,0.5593493323255229,0.0,0.0,0.0,0.0,0.0,0.0,0.0,0.5297414023150786,0.0,1.179594997529927,0.0,0.0,0.5297414023150786,0.0,0.0,0.0,0.0,0.0,0.0,0.0,0.0,0.0,0.0,-1.6613333902265637,0.0,0.0,0.8588893613000759,0.0,0.0,0.0,-0.7630159517510713,-0.4240642584194172,0.0,-4.6516788258161474,0.0,0.0,0.0,0.0,2.2929606009070294,0.0,0.0,0.0,0.0,0.0,0.0,0.0,0.0,0.0,0.0,11.974863158226253,4.525604838583734,0.0,0.0,0.0,12.3143715974284,0.0,0.0,0.0,0.0,0.0,0.0,0.0,0.0,0.0,0.0,0.0,0.0,0.0,0.0,0.0,0.0,0.0,0.0,0.0,0.0,0.0,0.0,0.0,0.0,0.0,0.0,0.0,0.0,0.0,0.0,0.0,0.0,0.0,0.0,0.0,0.0,0.0,0.0,0.0,0.0,0.0,0.0,0.0,0.0,0.0,0.0,0.5924759070294785,0.0,12.3143715974284,1.7170760209053166,7.094817911223984,0.0,2.681311831596895,0.0,2.5313940448309675,7.29596848168444,0.0,6.888035531029959,0.0,0.0,0.0,0.0,0.0,0.5924759070294785,0.0,0.0,0.0,0.0,0.0,0.0,0.0,0.8092602040816326,0.0,1.1795949975299271,0.0,0.0,0.8092602040816326,0.0,0.0,0.0,0.0,0.0,0.0,0.0,0.0,0.0,0.0,0.0,0.0,0.0,1.7170760209053166,0.0,0.0,0.0,0.0,0.4287230469679965,0.0,0.0,0.0,0.0,0.0,0.0,2.4501593600403124,0.0,0.0,0.0,0.0,0.0,0.0,0.0,0.0,0.0,0.0,11.974863158226253,4.525604838583734,0.0,0.0,0.0,12.3143715974284,0.0,0.0,0.0,0.0,0.0,0.0,0.0,0.0,0.0,0.0,0.0,0.0,0.0,0.0,0.0,0.0,0.0,0.0,0.0,0.0,0.0,0.0,0.0,0.0,0.0,0.0,0.0,0.0,0.0,0.0,0.0,0.0,0.0,0.0,0.0,0.0,0.0,0.0,0.0,0.0,0.0,0.0,0.0,0.0,0.0,0.0,96.83333333333334,3.458333333333333,1.4034342175539,12.3143715974284,0.1326027914035217,-4.6516788258161474,9.562081271159448,5.9016788258161474,4.9748631582262535,65.82460483992827,5.9016788258161474,4.9748631582262535,65.82460483992827,12.01425,0.42908,0.0,0.07092,0.79966,1.04949,0.43659,0.68862,0.99952,0.36308,0.11104,-0.25204,0.04997,0.40885,0.30544,0.0,0.17043,0.20809,0.08323,33.75,1.20536,18.25,0.65179,15.5,0.55357,-2.75,-0.09821,2.0,0.07143,21.12251,0.75438,52.78517,31.66266,1.13081,5.58597,0.1995,12.9999,7.41393,0.26478,0.9141,0.03265,1.0861,0.03879,0.3571428571428571,85.11,3.0,11.0,9.0,5.0,2.0,2.0,0.2352941176470588,1.9386388580989355,3.3563703988662144,3.719349267862322,4.195539744052798,4.308751351247167,4.356370398866215,81.4228320401553,140.967556752381,156.21266925021752,176.21266925021752,180.96755675238103,182.96755675238103,0.3595186829895335,0.6224356126899916,0.6897496894657349,0.7780587482349581,0.7990537302284383,0.8078846361053605,3.453678564679825,2.0359470239125463,1.6729681549164388,1.1967776787259623,1.0835660715315931,1.035947023912546,0.3434954387412052,0.5946945290610222,0.6590085116982367,0.7433817593818357,0.7634410244282203,0.7718783491965802,21.76837738723068,33.991249417185244,38.34699584513854,40.07135432173228,40.80427319280429,40.852264860994765,92.38018884486296,66.99717882094077,55.80985539889601,51.36112406233869,49.96119427415948,49.79965534926525,24.271105826397147,10.85782272456871,10.5625,6.0,18.0,2.0,2.12,2.467599999999999,0.0,0.0,0.0,0.0,9.6654219542207,13.55876834605566,3.1775793663076537,3.260143785972472,1.841279158659492,0.1249999999999999,0.0,0.3333333333333333,0.25,0.0,0.0,0.0,0.4999999999999999,0.0,0.0,-0.344,0.7640000000000001,0.8660000000000001,1.817,1.145,11.529,41.0,40.0,50.0,62.0,62.0,72.0,74.0,82.0,70.0,610.0,3.610917912644224,4.143134726391533,4.448516375942715,4.973279507552487,5.45157479039808,5.504060403182079,5.730505544796954,5.968227905327517,6.12632318355462,6.138536661470896,7.802975580237001,4.011270491803279,0.4615384615384615,2.0,0.0,0.0,0.0,2.0,0.0,0.0,0.0,0.0,0.0,0.0,0.0,0.0,0.0,0.0,0.0,0.0,0.0,0.0,0.0,0.0,0.0,0.0,2.0,0.0,0.0,2.0,0.0,0.0,0.0,0.0,0.0,0.0,0.0,0.0,0.0,0.0,0.0,0.0,0.0,0.0,0.0,0.0,0.0,0.0,0.0,0.0,0.0,0.0,0.0,0.0,0.0,0.0,0.0,0.0,0.0,0.0,0.0,0.0,0.0,0.0,0.0,0.0,0.0,0.0,0.0,0.0,0.0,10.0,0.3448275862068966,16.0,0.5517241379310345,1.0,7.0,13.0,0.8571428571428571,9.5,1.7777777777777786,1.75,1.4844444444444451,0.9166666666666656,0.937142857142858,0.5798611111111109,0.4520030234315946,0.2800000000000001,0.1734516886032037,0.3275862068965517,0.043360433604336,0.0514705882352941,0.0436601307189542,0.0241228070175438,0.0253281853281853,0.0152595029239766,0.0145807426913417,0.00875,0.0066712187924309,0.5822169555028869,168.27941162226116,236.11482212297207,336.5588232445224,12.019957973018656,168.27941162226116,0.1198039529836488,0.0042787126065588,-5.941316072497532,634.6257050673539,22.665203752405496,18.06849907594293,59.59,322.38962265318975,5.807354922057604,4.948759890378168,5.713732805509369,6.586171654854675,7.372118028337787,8.24143968982973,9.040619097157968,9.9066326016802,10.71572802110793,11.578947260512226,131.10414904936806,4.07753744390572,0.0,5.407171771460119,0.0,6.878326468291325,0.0,8.410720946905721,0.0,9.976691544794544,10.214312256490173,408.0908616280004,9.716449086380962,55.40856485343804,1.978877316194216,28.91738939358823,8.623172466089123,6.12386029577983,2267.0,34.0,6.187,140.0,-1.0,3.113609151073028
